1.2554
1.5220
1.5461
1.865
0.997015
1.2900
1.3285
0.997902
1.13698
1.1546
0.998078
1.2338
1.8910
0.998288
1.31746
1.1153
1.490
1.6802
1.8056
1.3176
1.8441
1.723
1.10561
1.719
1.2631
1.2033
0.999936
1.44440
1.2187
0.999268
1.16787
1.3427
0.998409
1.46297
1.2148
0.989980
1.1855
1.6539
0.999822
0.999800
1.3118
1.15598
1.15131
1.1636
1.158
0.998559
1.1466
1.3184
0.996978
1.43451
1.2833
0.995980
1.57060
1.2933
0.998352
1.9365
1.1405
0.997053
1.39585
1.3636
1.2024
0.999058
1.2017
1.4577
1.9412
1.2397
1.11760
0.998896
1.1056
1.1007
1.26808
1.3878
1.3478
1.6251
0.999265
1.2707
0.996981
1.58943
1.3037
0.997613
1.2880
1.1290
0.989243
1.124
1.2660
1.379
1.194
1.2353
1.23888
1.9051
1.2764
1.2366
0.996779
1.33385
1.1258
0.999139
1.887
0.993963
0.997005
1.1219
