1.356
1.5299
1.3529
0.999603
1.2725
1.47660
0.999894
0.994054
1.58883
1.336
0.996330
1.2470
1.489
0.998228
0.996461
0.998535
1.1805
0.998534
1.548
1.7663
0.994904
0.998348
1.706
0.996992
0.997432
0.998982
0.994726
1.67091
1.653
0.995935
0.999028
1.3146
0.995922
1.27739
1.387
0.999700
1.1596
0.999251
1.9109
0.999768
1.891
1.1691
0.996960
0.998562
0.999128
0.995604
0.998130
1.505
0.996158
1.1539
0.997913
0.995049
1.36725
1.9472
0.997713
0.997303
0.999180
1.6006
1.15423
1.1246
1.6165
0.995228
0.997046
0.999672
1.4746
1.1158
0.999353
0.994603
1.10256
1.6212
1.274
1.46140
1.677
0.988048
0.997367
1.142
0.999944
1.14411
0.998797
1.13819
0.996110
0.999422
1.1029
0.995895
0.999201
0.998115
0.994096
1.4887
0.999607
0.996338
1.50081
1.1348
0.996700
0.996834
0.999977
0.998019
1.23122
0.998205
0.999809
0.996736
