1.38704
1.35018
1.37930
1.39223
1.32628
1.87371
1.44185
1.46797
1.40717
1.39143
1.31638
1.36643
1.37508
1.25988
1.37605
1.38925
1.36259
1.68247
1.46203
1.36741
1.39783
1.39879
1.36590
1.34942
1.38439
1.44695
1.56830
1.38335
1.101958
1.59140
1.39634
1.38362
1.36826
1.39011
1.52482
1.38037
1.38315
1.44630
1.36433
1.41014
1.37464
1.34020
1.37788
1.39570
1.42637
1.38948
1.37357
1.36851
1.39264
1.39726
1.35286
1.39370
1.46807
1.55694
1.83967
1.39083
1.38780
1.40731
1.38327
1.35407
1.35733
1.40067
1.34571
1.36931
1.37659
1.32699
1.86295
1.44237
1.34690
1.36883
1.38059
1.33137
1.85146
1.39653
1.35105
1.39041
1.89101
1.23432
1.76491
1.46725
1.38911
1.37829
1.38086
1.36166
1.65684
1.38529
1.38226
1.37682
1.38627
1.38038
1.57629
1.40166
1.91287
1.37592
1.37421
1.58175
1.46577
1.40071
1.50717
1.36581
