0.982401
0.995589
1.10827
0.996325
0.997425
1.897
1.11648
1.19288
0.998161
0.996761
0.993028
0.996110
0.998821
0.992438
0.997024
0.998350
0.992289
0.993947
0.995685
0.993475
1.42263
1.5350
0.996477
0.994247
0.996744
1.57791
0.999869
0.997784
0.998679
0.996684
0.996936
0.997556
0.994680
1.3616
1.27099
0.992659
1.3939
0.997110
0.994939
1.40652
0.996296
0.993884
0.995933
0.996635
0.997611
0.994573
0.996241
0.996002
0.992935
0.997225
0.999147
1.7891
0.997150
0.996090
0.992374
0.996771
0.998224
0.992694
1.38747
0.996174
0.992084
0.997069
0.997343
0.998447
1.4487
0.997378
1.8771
1.4329
1.3259
0.998315
0.995003
0.997915
0.997040
0.994721
1.5540
0.996232
0.998526
1.39057
0.995155
0.993588
0.996116
0.996961
1.21960
1.18577
0.995249
1.6810
0.995239
0.997749
0.996994
0.992880
0.994844
0.996988
0.996047
1.10592
0.996025
0.992405
0.993120
0.997252
0.996783
0.997259
