1.17456
1.17952
1.18380
1.11196
1.50952
1.16582
1.12432
1.16108
1.17128
1.11370
1.20029
1.41310
1.12811
1.72351
1.16951
1.16202
1.19960
1.15583
1.13710
1.51657
1.37419
1.13554
1.12517
1.16265
1.17358
1.33479
1.17830
1.71903
1.14868
1.15415
1.17088
1.20287
1.17547
1.15543
1.10197
1.21291
1.24016
1.15918
1.16106
1.15813
1.10999
1.19387
1.17595
1.12826
1.76787
1.16026
1.25407
1.14481
1.16143
1.14199
1.50294
1.15827
1.13574
1.13887
1.16441
1.77695
1.24435
1.14417
1.30511
1.14361
1.15419
1.17662
1.14291
1.15277
1.15869
1.25013
1.50996
1.16121
1.15215
1.20720
1.15195
1.11440
1.27140
1.17579
1.12742
1.80385
1.14705
1.12057
1.15654
1.17893
1.14442
1.15654
1.15621
1.13489
1.16027
1.19350
1.29116
1.14480
1.15717
1.17071
1.14191
1.18080
1.16550
1.22711
1.16349
1.15658
1.13477
1.17671
1.38532
1.10763
