1.96607
1.113263
1.100920
1.107843
1.99235
1.98460
1.95032
1.126358
1.98936
1.96663
1.100113
1.98385
1.86312
1.142323
1.100641
1.98453
1.108566
1.96990
1.94827
1.150950
1.95261
1.94916
1.97734
1.94846
1.94752
1.99421
1.101554
1.98013
1.102341
1.97949
1.92622
1.99403
1.98097
1.95898
1.102444
1.98034
1.106033
1.97278
1.100556
1.100061
1.99266
1.96115
1.130890
1.110385
1.124663
1.99248
1.101824
1.87343
1.150756
1.97687
1.94622
1.99646
1.101642
1.95052
1.95524
1.99721
1.94963
1.99415
1.98854
1.95453
1.103856
1.103612
1.108720
1.99604
1.99901
1.95266
1.99845
1.97182
1.94790
1.98882
1.98821
1.105791
1.98331
1.110914
1.97586
1.100041
1.149169
1.99156
1.98908
1.95874
1.99540
1.101365
1.94778
1.142012
1.96335
1.94459
1.98895
1.101075
1.96058
1.159350
1.98392
1.94162
1.103988
1.101780
1.96071
1.96978
1.98053
1.110572
1.101619
1.99145
