4.908709
4.917177
4.919081
4.907151
4.919987
4.912654
4.907662
4.918992
4.911248
4.914292
4.907550
4.908451
4.918616
4.908087
4.901111
4.912805
4.913637
4.908930
4.910736
4.905543
4.911845
4.914667
4.908885
4.909438
4.907771
4.913556
4.906004
4.911668
4.906083
4.910890
4.900719
4.905421
4.915351
4.910427
4.915826
4.907122
4.913025
4.914841
4.907550
4.909223
4.909179
4.915443
4.913291
4.906920
4.905393
4.911693
4.911588
4.905620
4.912494
4.916231
4.909160
4.905164
4.913364
4.917704
4.908763
4.918116
4.909680
4.916795
4.920270
4.921850
4.911815
4.905981
4.910562
4.918823
4.910435
4.901994
4.914027
4.919929
4.902220
4.980662
4.905808
4.930102
4.909181
4.910370
4.912527
4.899868
4.913825
4.911190
4.918006
4.911206
4.919898
4.906728
4.904524
4.911620
4.909919
4.915901
4.905504
4.914728
4.909062
4.910756
4.916457
4.909627
4.931580
4.913595
4.909390
4.902588
4.907718
4.918599
4.910723
4.906389
