2.463792
2.451897
2.462191
2.457642
2.457113
2.458804
2.457871
2.458408
2.521254
2.461024
2.453398
2.456618
2.462598
2.452283
2.458416
2.458210
2.468828
2.462451
2.458200
2.468663
2.464340
2.462110
2.457380
2.460359
2.466807
2.456678
2.455660
2.473192
2.459587
2.457765
2.456448
2.460830
2.455552
2.459433
2.459185
2.456884
2.458633
2.515444
2.464056
2.457020
2.461213
2.459152
2.453051
2.465039
2.458306
2.453512
2.462028
2.468822
2.455206
2.454435
2.459879
2.460452
2.453738
2.461318
2.452050
2.457536
2.458245
2.452313
2.458230
2.459043
2.460703
2.482723
2.459988
2.463881
2.458286
2.462599
2.457343
2.454972
2.467406
2.454808
2.456857
2.456320
2.464026
2.455565
2.456937
2.459805
2.454813
2.459249
2.514690
2.468395
2.459284
2.458219
2.465171
2.463401
2.459254
2.466031
2.450645
2.465762
2.458989
2.454615
2.461130
2.441578
2.449360
2.474607
2.468206
2.452390
2.457422
2.461521
2.458933
2.459629
