0.158301
0.159521
0.159816
0.158328
0.158847
0.160423
0.157627
0.159176
0.158937
0.159068
0.158708
0.158643
0.158530
0.158834
0.159695
0.162072
0.160021
0.158832
0.160088
0.158962
0.158938
0.159425
0.158654
0.158596
0.159096
0.161723
0.159844
0.158915
0.159858
0.164692
0.159618
0.159089
0.158665
0.160928
0.157336
0.159426
0.163022
0.159728
0.159118
0.159237
0.159622
0.159322
0.159675
0.156995
0.159002
0.159325
0.159594
0.159685
0.160405
0.159757
0.163256
0.159783
0.159532
0.158519
0.159299
0.158300
0.161151
0.158476
0.159604
0.159849
0.159816
0.159531
0.157787
0.158779
0.158418
0.161018
0.162569
0.159474
0.161281
0.159835
0.159130
0.158369
0.158826
0.159714
0.159034
0.159633
0.160096
0.159188
0.159283
0.159807
0.159062
0.169413
0.158893
0.159019
0.158655
0.169759
0.159162
0.159168
0.159427
0.159708
0.157944
0.162193
0.158243
0.159668
0.159717
0.159862
0.159998
0.157800
0.159124
0.159511
