19.598583
19.582394
19.593846
19.577700
19.590602
19.561111
19.584116
19.572218
19.578554
19.585409
19.586333
19.583738
19.568466
19.581391
19.567999
19.588852
19.587004
19.588771
19.569229
19.585210
19.565847
19.668548
19.625948
19.574789
19.577841
19.594279
19.588491
19.586900
19.601991
19.576400
19.580205
19.590571
19.563124
19.590490
19.592842
19.573725
19.580962
19.660082
19.578642
19.584324
19.573713
19.577693
19.574511
19.623207
19.573050
19.569263
19.592546
19.563387
19.558967
19.568762
19.577060
19.555503
19.591576
19.568378
19.584920
19.565100
19.597555
19.559304
19.569321
19.576028
19.581015
19.559283
19.666351
19.609760
19.557748
19.563475
19.583440
19.571963
19.583289
19.589002
19.580477
19.580154
19.579810
19.573786
19.572311
19.575476
19.582821
19.570182
19.591394
19.580973
19.569500
19.576212
19.599124
19.561236
19.581745
19.558408
19.576880
19.555035
19.556829
19.560627
19.578547
19.559429
19.568748
19.582955
19.582717
19.579415
19.574534
19.576951
19.578746
19.569729
