9.802407
9.807667
9.796629
9.816528
9.797331
9.808806
9.800077
9.808240
9.801075
9.803492
9.813491
9.801280
9.793054
9.812595
9.796613
9.809003
9.794665
9.799767
9.806637
9.805226
9.825511
9.799899
9.810982
9.801205
9.816665
9.810420
9.805080
9.805842
9.815001
9.803585
9.805723
9.806401
9.819772
9.801947
9.797651
9.794502
9.809557
9.814854
9.813825
9.797082
9.808306
9.801622
9.817945
9.798300
9.795613
9.809032
9.788242
9.797526
9.808933
9.817155
9.818817
9.838104
9.809684
9.802161
9.804263
9.798969
9.804917
9.798481
9.805448
9.805660
9.809994
9.803419
9.791369
9.801688
9.796891
9.812194
9.820709
9.830841
9.793331
9.803674
9.796872
9.813089
9.797982
9.801911
9.803343
9.806652
9.802651
9.798491
9.807312
9.795299
9.811871
9.817811
9.806859
9.797380
9.813610
9.798114
9.801461
9.831751
9.814189
9.809047
9.804111
9.787661
9.805261
9.799167
9.821073
9.815698
9.839250
9.798036
9.808528
9.823740
