0.84064
0.84084
0.84204
0.83808
0.82932
0.84163
0.83862
0.84530
0.84365
0.84263
0.84642
0.84703
0.84619
0.84232
0.83701
0.84775
0.85368
0.83844
0.83805
0.83320
0.84393
0.84145
0.83643
0.84684
0.83925
0.84407
0.84736
0.84364
0.84021
0.82967
0.84171
0.84175
0.84553
0.83389
0.84949
0.84296
0.83499
0.84146
0.84045
0.83834
0.84099
0.84774
0.83490
0.83572
0.85320
0.83650
0.85326
0.87133
0.83699
0.83594
0.84153
0.84255
0.84005
0.84547
0.84659
0.84076
0.84558
0.83276
0.84259
0.88034
0.84296
0.84095
0.84938
0.83975
0.85601
0.84052
0.84442
0.83516
0.84589
0.84805
0.84348
0.84957
0.84714
0.89448
0.83606
0.84597
0.84709
0.83909
0.83786
0.83561
0.84859
0.86519
0.84330
0.86009
0.87821
0.84603
0.84703
0.84585
0.84522
0.84573
0.83706
0.85373
0.84764
0.83751
0.84073
0.85175
0.84660
0.84153
0.85816
0.84923
