0.620167
0.619903
0.619080
0.629383
0.617729
0.618675
0.616856
0.617914
0.616681
0.618881
0.624863
0.619528
0.619308
0.618280
0.617270
0.617903
0.628063
0.645995
0.621283
0.618430
0.619513
0.619537
0.618818
0.618591
0.630315
0.613525
0.616656
0.618814
0.619366
0.618320
0.622788
0.619334
0.627474
0.619344
0.618910
0.617002
0.618752
0.618471
0.619576
0.628334
0.618536
0.620426
0.630212
0.613562
0.615895
0.617316
0.623022
0.618487
0.632817
0.617704
0.621515
0.630884
0.614358
0.616875
0.621522
0.621688
0.617361
0.631798
0.617685
0.623576
0.638997
0.620535
0.617258
0.617434
0.616900
0.618342
0.624872
0.627106
0.618868
0.619118
0.616286
0.617092
0.618433
0.618145
0.617355
0.617994
0.650148
0.618842
0.619481
0.616425
0.618940
0.618739
0.619396
0.618399
0.626961
0.618172
0.617750
0.611258
0.620559
0.617533
0.618733
0.617608
0.619532
0.618391
0.618205
0.619413
0.628835
0.615469
0.617219
0.623064
