1.232750
1.225567
1.233743
1.231358
1.234511
1.233296
1.228573
1.288164
1.235367
1.227705
1.232845
1.227665
1.232622
1.234002
1.231154
1.229991
1.237189
1.221300
1.237633
1.229643
1.232498
1.232538
1.233961
1.289042
1.233827
1.237545
1.235416
1.229018
1.231282
1.232404
1.232257
1.231305
1.235548
1.229317
1.235384
1.228034
1.231876
1.233560
1.231845
1.289253
1.232273
1.231558
1.233828
1.230120
1.229331
1.230828
1.228171
1.241204
1.234331
1.242478
1.235252
1.229114
1.232241
1.234092
1.231430
1.232287
1.235460
1.241100
1.233392
1.228073
1.230426
1.233390
1.234642
1.231734
1.232924
1.234505
1.234114
1.230036
1.233209
1.231564
1.231018
1.233822
1.234014
1.229040
1.232639
1.230028
1.229543
1.234075
1.227339
1.231740
1.233996
1.232191
1.233700
1.231340
1.230899
1.233817
1.234670
1.233462
1.233911
1.239277
1.234025
1.230812
1.231325
1.231313
1.228884
1.232202
1.233329
1.231340
1.235982
1.229028
