0.312699
0.312947
0.310334
0.310965
0.314773
0.312785
0.312037
0.312369
0.313575
0.324476
0.324534
0.312426
0.314758
0.313080
0.312522
0.314880
0.312141
0.310380
0.313061
0.312949
0.314069
0.313417
0.309384
0.312502
0.310954
0.313443
0.312448
0.312271
0.312521
0.309682
0.311752
0.328508
0.312670
0.313352
0.313946
0.313433
0.328096
0.312241
0.312756
0.314423
0.312001
0.324475
0.311795
0.308301
0.311812
0.311661
0.325803
0.311617
0.312080
0.311509
0.312388
0.312180
0.312143
0.327386
0.312938
0.311922
0.313609
0.310837
0.312537
0.312467
0.319939
0.312055
0.312100
0.312433
0.321856
0.313336
0.311135
0.315313
0.312588
0.311947
0.318421
0.312262
0.320250
0.312682
0.313726
0.313256
0.313004
0.310999
0.313126
0.310683
0.312114
0.311932
0.315866
0.311683
0.309993
0.313648
0.330429
0.311676
0.311876
0.318414
0.312355
0.310357
0.312571
0.313169
0.312644
0.312353
0.314591
0.313086
0.313591
0.313206
