4.907945
4.908254
4.911711
4.912688
4.919499
4.911678
4.914460
4.908182
4.909695
4.908853
4.906885
4.919113
4.908921
4.915789
4.923530
4.908820
4.909309
4.907776
4.906483
4.923890
4.908264
4.920815
4.906782
4.913090
4.913744
4.914533
4.914808
4.905046
4.924258
4.914343
4.917352
4.927905
4.907744
4.908400
4.910680
4.963327
4.924768
4.914033
4.907752
4.905001
4.906341
4.908783
4.911156
4.906978
4.923773
4.913313
4.917638
4.911172
4.908672
4.905939
4.910359
4.901554
4.906021
4.918517
4.913778
4.921385
4.906897
4.912962
4.911426
4.909315
4.910228
4.911724
4.907880
4.908989
4.913891
4.923407
4.910138
4.910334
4.903061
4.937427
4.921472
4.907624
4.906129
4.907395
4.906932
4.906207
4.908324
4.925927
4.907894
4.912893
4.907110
4.914100
4.913529
4.908938
4.907143
4.907623
4.924186
4.924996
4.910637
4.898836
4.909607
4.913802
4.916855
4.909240
4.910390
4.909589
4.905730
4.907373
4.911520
4.919715
