0.84464
0.84954
0.88198
0.83815
0.83036
0.83403
0.84832
0.84204
0.84369
0.84545
0.83991
0.84698
0.84497
0.83972
0.83620
0.85642
0.83730
0.84136
0.85117
0.84610
0.83805
0.83993
0.84621
0.83962
0.83314
0.83833
0.86177
0.84677
0.84155
0.84313
0.84646
0.84927
0.84361
0.84027
0.84951
0.83361
0.88803
0.84200
0.85757
0.83910
0.84210
0.84205
0.83723
0.83573
0.84355
0.84311
0.84784
0.83172
0.85469
0.84723
0.83132
0.83178
0.84655
0.85024
0.84803
0.84691
0.85551
0.83567
0.83828
0.88169
0.84329
0.84685
0.83804
0.83666
0.84062
0.84635
0.84718
0.84724
0.83825
0.84022
0.83398
0.84712
0.84564
0.83574
0.83615
0.85589
0.84982
0.84499
0.84061
0.83996
0.84570
0.83461
0.83461
0.84566
0.84010
0.84395
0.84155
0.87874
0.83388
0.84312
0.84620
0.84542
0.84505
0.83899
0.84003
0.84426
0.83635
0.83945
0.83409
0.84523
