1.235639
1.229798
1.233722
1.232407
1.230584
1.229128
1.230908
1.229031
1.232440
1.230028
1.233786
1.235010
1.232583
1.231653
1.231246
1.232136
1.237648
1.227587
1.232056
1.234431
1.230967
1.234158
1.227665
1.230755
1.232377
1.230501
1.234789
1.232935
1.238491
1.234523
1.229939
1.231132
1.233284
1.234681
1.235011
1.234801
1.228680
1.232880
1.230516
1.231612
1.234028
1.229883
1.232026
1.232476
1.230096
1.238473
1.234006
1.228819
1.238189
1.231092
1.234474
1.232713
1.232766
1.241661
1.229849
1.237825
1.235983
1.237413
1.236273
1.234747
1.231103
1.242683
1.226530
1.231912
1.234617
1.238882
1.233236
1.231570
1.235798
1.234744
1.230909
1.229197
1.232850
1.234789
1.235793
1.236741
1.230557
1.240186
1.234631
1.231678
1.233141
1.236472
1.237689
1.234912
1.232060
1.233636
1.227599
1.233099
1.233825
1.229743
1.231600
1.233416
1.239384
1.240257
1.229103
1.231271
1.230634
1.228715
1.234134
1.233905
