0.619139
0.618280
0.630166
0.613510
0.616594
0.618666
0.619155
0.619433
0.628970
0.617561
0.619242
0.617244
0.614914
0.616162
0.618218
0.619539
0.619715
0.618919
0.617799
0.617777
0.621519
0.613116
0.622028
0.618273
0.618738
0.618925
0.617058
0.618136
0.622609
0.619357
0.617853
0.615210
0.619008
0.619518
0.619660
0.616094
0.617729
0.628304
0.618015
0.613380
0.616471
0.618734
0.619391
0.619582
0.618195
0.653218
0.630852
0.617431
0.614709
0.618417
0.617914
0.633405
0.618651
0.628379
0.618899
0.630358
0.618514
0.614944
0.616716
0.617335
0.618022
0.618615
0.624642
0.618243
0.618105
0.619019
0.614146
0.614727
0.618714
0.618320
0.618030
0.615733
0.618099
0.625702
0.618061
0.615865
0.617638
0.619131
0.616787
0.617754
0.615080
0.616840
0.619354
0.620274
0.618592
0.618313
0.619161
0.625339
0.618624
0.614287
0.619491
0.649744
0.619543
0.616335
0.618980
0.618720
0.617246
0.616771
0.631363
0.617661
