2.473265
2.458324
2.457351
2.479856
2.456452
2.464835
2.458095
2.460732
2.462202
2.457186
2.456958
2.466262
2.459243
2.461712
2.507011
2.464128
2.458025
2.456328
2.459567
2.464573
2.460136
2.460958
2.454099
2.457011
2.458478
2.456117
2.452298
2.459363
2.472002
2.457519
2.468698
2.459628
2.457790
2.465959
2.458665
2.475341
2.453700
2.460698
2.452791
2.455760
2.515671
2.460118
2.458634
2.457456
2.462653
2.454287
2.459440
2.458489
2.455738
2.461211
2.461063
2.462030
2.456802
2.458849
2.457955
2.458940
2.458279
2.456842
2.455191
2.460884
2.451822
2.459206
2.460572
2.463258
2.459768
2.455740
2.469534
2.458779
2.456996
2.474604
2.452947
2.458364
2.459902
2.454166
2.463339
2.470516
2.460653
2.467357
2.459081
2.459478
2.457014
2.460273
2.458003
2.457050
2.516095
2.462243
2.458368
2.458741
2.464349
2.467530
2.459624
2.459710
2.456419
2.463617
2.457596
2.456177
2.523078
2.457866
2.457824
2.454161
