0.312636
0.312465
0.312685
0.311133
0.312493
0.312354
0.312023
0.312497
0.313117
0.312787
0.310288
0.311608
0.313708
0.321914
0.313374
0.312673
0.312308
0.310458
0.309755
0.314397
0.323021
0.315496
0.312821
0.312644
0.314472
0.324950
0.311881
0.312378
0.312668
0.312075
0.312972
0.311978
0.309542
0.312550
0.310873
0.311596
0.311147
0.313858
0.311837
0.319167
0.313082
0.312799
0.311451
0.313235
0.315467
0.311586
0.326787
0.313254
0.317189
0.312999
0.311032
0.317874
0.311977
0.311490
0.311952
0.322743
0.312047
0.312595
0.314261
0.311683
0.311720
0.313085
0.312531
0.313160
0.312329
0.310401
0.312744
0.313183
0.313723
0.312373
0.332672
0.312640
0.308663
0.312456
0.311105
0.312856
0.312204
0.313308
0.309260
0.325340
0.318909
0.309514
0.320041
0.310591
0.308620
0.312063
0.310419
0.319772
0.312918
0.331779
0.312609
0.311214
0.311778
0.310933
0.322527
0.313518
0.311161
0.311936
0.311893
0.312298
