19.561999
19.593040
19.589529
19.571186
19.574502
19.603808
19.557974
19.597734
19.570199
19.597560
19.570224
19.580274
19.583897
19.586323
19.559770
19.581855
19.592814
19.584797
19.690169
19.572382
19.574099
19.578749
19.600145
19.592977
19.571180
19.594003
19.580635
19.578041
19.575239
19.579196
19.562324
19.589218
19.575738
19.610776
19.575087
19.560058
19.681453
19.577418
19.584400
19.609954
19.553634
19.595252
19.600374
19.585411
19.570013
19.641841
19.572895
19.641985
19.603395
19.568955
19.559328
19.593105
19.575993
19.579272
19.616793
19.580519
19.563577
19.598375
19.586637
19.565682
19.580718
19.573654
19.581235
19.588838
19.572939
19.567841
19.574666
19.563249
19.643417
19.563528
19.570043
19.572732
19.647869
19.596204
19.604095
19.606535
19.561618
19.588310
19.585987
19.575775
19.583496
19.569036
19.561680
19.570230
19.557513
19.582099
19.570983
19.602245
19.566591
19.581645
19.565662
19.565842
19.555564
19.563089
19.575205
19.586672
19.586266
19.576610
19.589874
19.574500
