9.793444
9.862115
9.796617
9.840394
9.802569
9.796626
9.800451
9.802928
9.810582
9.802316
9.801841
9.801880
9.804110
9.811234
9.796838
9.797810
9.799073
9.802999
9.811423
9.809452
9.800166
9.804012
9.809750
9.811273
9.811771
9.811158
9.810471
9.814011
9.797659
9.817542
9.805493
9.871042
9.799984
9.803081
9.905060
9.801019
9.807392
9.788701
9.806760
9.807095
9.879725
9.819653
9.814011
9.801138
9.800279
9.804961
9.814131
9.799042
9.808117
9.796895
9.814474
9.815841
9.797656
9.808539
9.794932
9.871155
9.791480
9.807233
9.803629
9.811685
9.792340
9.808592
9.792840
9.809987
9.799549
9.811642
9.793463
9.818358
9.800801
9.808766
9.789419
9.818181
9.814604
9.795880
9.800325
9.799284
9.801265
9.795440
9.800412
9.793131
9.798183
9.792906
9.854551
9.803594
9.803085
9.794013
9.806091
9.821177
9.812428
9.801280
9.804337
9.791920
9.801122
9.813617
9.805945
9.791979
9.806647
9.801148
9.800379
9.808522
