0.159904
0.159162
0.159060
0.159667
0.159962
0.167605
0.159132
0.159535
0.158889
0.159920
0.158191
0.159298
0.158726
0.159474
0.159572
0.159803
0.159576
0.157314
0.159606
0.161305
0.159680
0.158619
0.159682
0.158172
0.159450
0.159436
0.159506
0.167502
0.158624
0.158001
0.159396
0.159535
0.158405
0.159115
0.159342
0.159828
0.157630
0.158921
0.161312
0.161251
0.159816
0.160244
0.159485
0.165848
0.160595
0.159858
0.158539
0.159986
0.158166
0.159890
0.159405
0.159787
0.162818
0.159443
0.159382
0.157653
0.158720
0.161550
0.159759
0.159764
0.160310
0.159292
0.161195
0.158836
0.161157
0.159045
0.159753
0.159064
0.159774
0.161773
0.159201
0.159445
0.159820
0.159194
0.159460
0.159059
0.158244
0.159755
0.167283
0.159151
0.159374
0.160825
0.159594
0.157898
0.159308
0.166527
0.160029
0.159905
0.159280
0.158602
0.159115
0.159959
0.158276
0.159790
0.159819
0.159061
0.159342
0.159122
0.159325
0.164447
