1.14503
1.18742
1.15367
1.21139
1.21937
1.24655
1.12595
1.16586
1.22184
1.21230
1.20146
1.32811
1.9243
1.12707
1.25284
1.17106
1.20504
1.20156
1.19699
1.19502
1.21377
1.32713
1.60574
1.21474
1.20573
1.22420
1.7691
1.24810
1.22416
1.9490
1.17781
1.84885
1.20450
1.18759
1.33679
1.12105
1.18659
1.18493
1.65486
1.8953
1.21932
1.15554
1.17452
1.21191
1.28173
1.68847
1.21833
1.19020
1.19121
1.11834
1.19542
1.21593
1.18396
1.19219
1.18234
1.14832
1.19629
1.14164
1.22319
1.21573
1.21154
1.20464
1.9100
1.14737
1.19564
1.20678
1.17360
1.8735
1.7866
1.34052
1.21336
1.25806
1.18050
1.20085
1.22633
1.20378
1.19493
1.20872
1.30696
1.16855
1.36219
1.15062
1.17606
1.12478
1.18243
1.35235
1.26730
1.30812
1.21628
1.23801
1.13477
1.20141
1.23071
1.10410
1.19472
1.18276
1.8832
1.18559
1.36167
1.48690
