1.40152
1.30673
1.28401
1.39680
1.38365
1.38372
1.49595
1.40777
1.36736
1.42090
1.41086
1.42930
1.42588
1.41564
1.41444
1.31474
1.50782
1.40004
1.39027
1.41460
1.40294
1.42962
1.42798
1.44705
1.31092
1.44311
1.42380
1.31413
1.38125
1.44056
1.36098
1.55377
1.42712
1.43951
1.43226
1.42934
1.43712
1.35542
1.41501
1.40918
1.39326
1.38706
1.40398
1.46691
1.34639
1.100959
1.42484
1.42730
1.43435
1.42040
1.49130
1.44708
1.28891
1.33827
1.39684
1.54503
1.41776
1.41301
1.42784
1.43680
1.41444
1.42509
1.42088
1.43567
1.42177
1.40064
1.34239
1.43943
1.51431
1.41179
1.40945
1.44245
1.43480
1.56208
1.32038
1.36471
1.52577
1.40917
1.39473
1.35898
1.39263
1.43711
1.42890
1.40766
1.42070
1.41760
1.41880
1.42592
1.39179
1.111878
1.37724
1.38806
1.37073
1.40172
1.43960
1.50218
1.42403
1.42129
1.42569
1.41284
