0.993630
0.998717
0.997912
1.9823
0.999099
1.3171
0.999025
0.998675
1.4323
0.999489
0.994597
0.995368
1.1470
0.999031
0.994668
1.5183
1.3553
1.1496
1.84
1.9192
0.988292
0.994439
1.1049
1.3583
0.999185
0.994374
1.1219
1.5241
1.991
0.998570
1.53858
0.998126
0.999384
1.723
0.989784
1.6402
0.999612
1.4340
0.997113
0.991512
0.988698
0.997599
0.997304
0.997369
0.997229
1.8644
1.775
1.341
0.999978
0.997795
0.997195
0.999720
1.329
0.998298
1.3941
0.999361
0.995327
0.996512
0.997247
0.996376
1.981
1.24635
0.997915
1.61821
1.1717
1.14621
1.1179
0.996543
0.984193
0.993170
0.997097
0.998697
0.992796
0.999560
0.996870
0.993739
0.995421
0.988004
0.999453
0.999257
0.996687
1.11680
1.415
0.989701
0.995964
0.998675
0.998065
0.996897
1.12289
1.38424
0.998498
0.999983
1.2706
0.998339
0.999157
1.7437
0.986185
0.985962
0.992783
1.3831
