1.5793
1.10159
1.9534
1.10716
1.10117
1.6851
1.23366
1.16616
1.5731
1.39673
1.17421
1.17207
1.10887
1.8881
1.15489
1.9821
1.11582
1.9185
1.5989
1.8635
1.6059
1.6974
1.8070
1.5915
1.8454
1.23956
1.46396
1.3988
1.10024
1.8155
1.3790
1.8560
1.17228
1.8614
1.6675
1.19739
1.8403
1.8562
1.3398
1.75859
1.40699
1.11813
1.19729
1.46902
1.10246
1.24409
1.62327
1.3096
0.999482
1.8704
1.5116
1.11070
1.10596
1.8685
1.9953
1.4560
1.23958
1.8406
1.9451
1.8669
1.7601
0.996766
1.224
1.10591
0.997936
1.15367
1.9722
1.7810
1.9938
1.9111
1.10664
1.7914
1.27058
1.12344
1.10349
1.11932
1.1509
1.2828
1.2608
1.9643
1.8528
1.9897
1.11562
1.7773
1.9289
1.2618
1.9504
1.11455
1.17694
0.994783
0.997186
1.3568
1.1136
1.10840
1.10756
1.7851
1.7642
1.9314
1.9027
0.999189
