1.2
1.3150
1.17467
1.23408
0.998776
0.998319
1.9005
1.33
1.1973
1.11416
0.991980
1.4833
1.861
1.7460
1.3936
0.997952
1.15044
0.990501
0.991249
0.999017
0.997542
0.998419
1.1144
1.4523
1.1792
1.8281
1.2698
1.20146
1.41421
0.999435
1.509
1.1989
0.998630
0.997395
1.11459
1.9488
1.3964
1.3412
1.7809
1.683
1.1304
1.26317
1.4728
0.994177
1.3748
1.20069
0.996043
0.998613
0.999069
0.999024
0.998785
0.993188
1.16316
1.3108
0.995080
1.2644
1.4480
0.993561
0.996345
1.6317
1.2467
0.998896
0.998333
0.999165
1.615
1.663
1.343
0.990714
0.998943
1.1741
1.6182
1.5338
1.2977
1.3606
1.9144
0.999372
0.989594
0.998578
0.999513
0.998159
0.998365
0.999624
0.999967
1.3382
1.2380
1.391
1.3128
0.995827
1.1449
1.2292
0.989440
0.993190
0.993179
1.1557
0.990462
1.366
1.10345
1.4105
1.3472
1.6890
