1.38920
1.6318
1.4895
1.9202
1.4471
1.15711
1.44915
1.6018
1.15543
1.12148
1.4091
0.993285
0.994999
0.996838
1.4859
1.5646
1.4213
1.4400
1.7178
1.15118
1.5930
1.472
1.13848
0.990518
1.5415
1.2305
1.1982
1.3076
1.23535
1.10694
1.2812
1.11551
1.7354
1.6677
1.6863
1.4953
1.5855
1.4744
1.32207
0.998394
1.3160
1.3396
1.2892
1.1448
1.6601
1.6125
1.6624
1.4733
1.6045
1.4626
1.6517
0.994629
1.3416
1.210
1.6476
1.2113
0.996643
1.5711
1.3272
1.3549
1.5336
1.7977
1.6277
1.7219
1.7443
1.4005
1.4021
0.993833
0.997065
1.2149
1.13031
1.2183
1.5902
1.69724
1.4750
1.7927
1.9765
1.3534
1.5576
1.8142
1.5663
0.993133
0.999792
0.997676
1.481
1.4637
1.6057
1.9872
1.4498
1.8401
1.4377
1.15214
1.7466
1.6505
1.2980
0.992754
0.991095
0.993437
1.1606
1.10608
