0 0 0 0 0 0 0 0 0 0 0 0 0 0 0 0 0 0 0 0 0 0 0 3 122901 0 0 25 0 0 459 52 0 138820168 0 0 0 0 0 57042915 0 0 2094 0 
0 0 0 0 0 0 0 0 0 0 0 0 0 0 0 0 0 0 0 0 0 0 0 3 0 122901 122862 0 0 467 0 0 52 107994588 31121316 0 0 0 0 0 57073308 2119 0 0 
0 0 0 0 0 0 0 0 0 0 0 0 0 0 0 0 0 0 0 0 0 0 0 3 122901 0 0 25 0 0 459 52 0 138820168 0 0 0 0 0 57042915 0 0 2094 0 
0 0 0 0 0 0 0 0 0 0 0 0 0 0 0 0 0 0 0 0 0 0 0 3 0 122901 122862 0 0 467 0 0 52 107994588 31121316 0 0 0 0 0 57073308 2119 0 0 
0 0 0 0 0 0 0 0 0 0 0 0 0 0 0 0 0 0 0 0 0 0 0 3 122901 0 0 25 0 0 459 52 0 138820168 0 0 0 0 0 57042915 0 0 2094 0 
0 0 0 0 0 0 0 0 0 0 0 0 0 0 0 0 0 0 0 0 0 0 0 3 0 122901 122862 0 0 467 0 0 52 107994588 31121316 0 0 0 0 0 57073308 2119 0 0 
0 0 0 0 0 0 0 0 0 0 0 0 0 0 0 0 0 0 0 0 0 0 0 3 122901 0 0 25 0 0 459 52 0 138820168 0 0 0 0 0 57042915 0 0 2094 0 
0 0 0 0 0 0 0 0 0 0 0 0 0 0 0 0 0 0 0 0 0 0 0 3 0 122901 122862 0 0 467 0 0 52 107994588 31121316 0 0 0 0 0 57073308 2119 0 0 
0 0 0 0 0 0 0 0 0 0 0 0 0 0 0 0 0 0 0 0 0 0 0 3 122901 0 0 25 0 0 459 52 0 138820168 0 0 0 0 0 57042915 0 0 2094 0 
0 0 0 0 0 0 0 0 0 0 0 0 0 0 0 0 0 0 0 0 0 0 0 3 0 122901 122862 0 0 467 0 0 52 107994588 31121316 0 0 0 0 0 57073308 2119 0 0 
0 0 0 0 0 0 0 0 0 0 0 0 0 0 0 0 0 0 0 0 0 0 0 3 122901 0 0 25 0 0 459 52 0 138820168 0 0 0 0 0 57042915 0 0 2094 0 
0 0 0 0 0 0 0 0 0 0 0 0 0 0 0 0 0 0 0 0 0 0 0 3 0 122901 122862 0 0 467 0 0 52 107994588 31121316 0 0 0 0 0 57073308 2119 0 0 
0 0 0 0 0 0 0 0 0 0 0 0 0 0 0 0 0 0 0 0 0 0 0 3 122901 0 0 25 0 0 459 52 0 138820168 0 0 0 0 0 57042915 0 0 2094 0 
0 0 0 0 0 0 0 0 0 0 0 0 0 0 0 0 0 0 0 0 0 0 0 3 0 122901 122862 0 0 467 0 0 52 107994588 31121316 0 0 0 0 0 57073308 2119 0 0 
0 0 0 0 0 0 0 0 0 0 0 0 0 0 0 0 0 0 0 0 0 0 0 3 122901 0 0 25 0 0 459 52 0 138820168 0 0 0 0 0 57042915 0 0 2094 0 
0 0 0 0 0 0 0 0 0 0 0 0 0 0 0 0 0 0 0 0 0 0 0 3 0 122901 122862 0 0 467 0 0 52 107994588 31121316 0 0 0 0 0 57073308 2119 0 0 
0 0 0 0 0 0 0 0 0 0 0 0 0 0 0 0 0 0 0 0 0 0 0 3 122901 0 0 25 0 0 459 52 0 138820168 0 0 0 0 0 57042915 0 0 2094 0 
0 0 0 0 0 0 0 0 0 0 0 0 0 0 0 0 0 0 0 0 0 0 0 3 0 122901 122862 0 0 467 0 0 52 107994588 31121316 0 0 0 0 0 57073308 2119 0 0 
0 0 0 0 0 0 0 0 0 0 0 0 0 0 0 0 0 0 0 0 0 0 0 3 122901 0 0 25 0 0 459 52 0 138820168 0 0 0 0 0 57042915 0 0 2094 0 
0 0 0 0 0 0 0 0 0 0 0 0 0 0 0 0 0 0 0 0 0 0 0 3 0 122901 122862 0 0 467 0 0 52 107994588 31121316 0 0 0 0 0 57073308 2119 0 0 
0 0 0 0 0 0 0 0 0 0 0 0 0 0 0 0 0 0 0 0 0 0 0 3 122901 0 0 25 0 0 459 52 0 138820168 0 0 0 0 0 57042915 0 0 2094 0 
0 0 0 0 0 0 0 0 0 0 0 0 0 0 0 0 0 0 0 0 0 0 0 3 0 122901 122862 0 0 467 0 0 52 107994588 31121316 0 0 0 0 0 57073308 2119 0 0 
0 0 0 0 0 0 0 0 0 0 0 0 0 0 0 0 0 0 0 0 0 0 0 3 122901 0 0 25 0 0 459 52 0 138820168 0 0 0 0 0 57042915 0 0 2094 0 
0 0 0 0 0 0 0 0 0 0 0 0 0 0 0 0 0 0 0 0 0 0 0 3 0 122901 122862 0 0 467 0 0 52 107994588 31121316 0 0 0 0 0 57073308 2119 0 0 
0 0 0 0 0 0 0 0 0 0 0 0 0 0 0 0 0 0 0 0 0 0 0 3 122901 0 0 25 0 0 459 52 0 138820168 0 0 0 0 0 57042915 0 0 2094 0 
0 0 0 0 0 0 0 0 0 0 0 0 0 0 0 0 0 0 0 0 0 0 0 3 0 122901 122862 0 0 467 0 0 52 107994588 31121316 0 0 0 0 0 57073308 2119 0 0 
0 0 0 0 0 0 0 0 0 0 0 0 0 0 0 0 0 0 0 0 0 0 0 3 122901 0 0 25 0 0 459 52 0 138820168 0 0 0 0 0 57042915 0 0 2094 0 
0 0 0 0 0 0 0 0 0 0 0 0 0 0 0 0 0 0 0 0 0 0 0 3 0 122901 122862 0 0 467 0 0 52 107994588 31121316 0 0 0 0 0 57073308 2119 0 0 
0 0 0 0 0 0 0 0 0 0 0 0 0 0 0 0 0 0 0 0 0 0 0 3 122901 0 0 25 0 0 459 52 0 138820168 0 0 0 0 0 57042915 0 0 2094 0 
0 0 0 0 0 0 0 0 0 0 0 0 0 0 0 0 0 0 0 0 0 0 0 3 0 122901 122862 0 0 467 0 0 52 107994588 31121316 0 0 0 0 0 57073308 2119 0 0 
0 0 0 0 0 0 0 0 0 0 0 0 0 0 0 0 0 0 0 0 0 0 0 3 122901 0 0 25 0 0 459 52 0 138820168 0 0 0 0 0 57042915 0 0 2094 0 
0 0 0 0 0 0 0 0 0 0 0 0 0 0 0 0 0 0 0 0 0 0 0 3 0 122901 122862 0 0 467 0 0 52 107994588 31121316 0 0 0 0 0 57073308 2119 0 0 
0 0 0 0 0 0 0 0 0 0 0 0 0 0 0 0 0 0 0 0 0 0 0 3 122901 0 0 25 0 0 459 52 0 138820168 0 0 0 0 0 57042915 0 0 2094 0 
0 0 0 0 0 0 0 0 0 0 0 0 0 0 0 0 0 0 0 0 0 0 0 3 0 122901 122862 0 0 467 0 0 52 107994588 31121316 0 0 0 0 0 57073308 2119 0 0 
0 0 0 0 0 0 0 0 0 0 0 0 0 0 0 0 0 0 0 0 0 0 0 3 122901 0 0 25 0 0 459 52 0 138820168 0 0 0 0 0 57042915 0 0 2094 0 
0 0 0 0 0 0 0 0 0 0 0 0 0 0 0 0 0 0 0 0 0 0 0 3 0 122901 122862 0 0 467 0 0 52 107994588 31121316 0 0 0 0 0 57073308 2119 0 0 
0 0 0 0 0 0 0 0 0 0 0 0 0 0 0 0 0 0 0 0 0 0 0 3 122901 0 0 25 0 0 459 52 0 138820168 0 0 0 0 0 57042915 0 0 2094 0 
0 0 0 0 0 0 0 0 0 0 0 0 0 0 0 0 0 0 0 0 0 0 0 3 0 122901 122862 0 0 467 0 0 52 107994588 31121316 0 0 0 0 0 57073308 2119 0 0 
0 0 0 0 0 0 0 0 0 0 0 0 0 0 0 0 0 0 0 0 0 0 0 3 122901 0 0 25 0 0 459 52 0 138820168 0 0 0 0 0 57042915 0 0 2094 0 
0 0 0 0 0 0 0 0 0 0 0 0 0 0 0 0 0 0 0 0 0 0 0 3 0 122901 122862 0 0 467 0 0 52 107994588 31121316 0 0 0 0 0 57073308 2119 0 0 
0 0 0 0 0 0 0 0 0 0 0 0 0 0 0 0 0 0 0 0 0 0 0 3 122901 0 0 25 0 0 459 52 0 138820168 0 0 0 0 0 57042915 0 0 2094 0 
0 0 0 0 0 0 0 0 0 0 0 0 0 0 0 0 0 0 0 0 0 0 0 3 0 122901 122862 0 0 467 0 0 52 107994588 31121316 0 0 0 0 0 57073308 2119 0 0 
0 0 0 0 0 0 0 0 0 0 0 0 0 0 0 0 0 0 0 0 0 0 0 3 122901 0 0 25 0 0 459 52 0 138820168 0 0 0 0 0 57042915 0 0 2094 0 
0 0 0 0 0 0 0 0 0 0 0 0 0 0 0 0 0 0 0 0 0 0 0 3 0 122901 122862 0 0 467 0 0 52 107994588 31121316 0 0 0 0 0 57073308 2119 0 0 
0 0 0 0 0 0 0 0 0 0 0 0 0 0 0 0 0 0 0 0 0 0 0 3 122901 0 0 25 0 0 459 52 0 138820168 0 0 0 0 0 57042915 0 0 2094 0 
0 0 0 0 0 0 0 0 0 0 0 0 0 0 0 0 0 0 0 0 0 0 0 3 0 122901 122862 0 0 467 0 0 52 107994588 31121316 0 0 0 0 0 57073308 2119 0 0 
0 0 0 0 0 0 0 0 0 0 0 0 0 0 0 0 0 0 0 0 0 0 0 3 122901 0 0 25 0 0 459 52 0 138820168 0 0 0 0 0 57042915 0 0 2094 0 
0 0 0 0 0 0 0 0 0 0 0 0 0 0 0 0 0 0 0 0 0 0 0 3 0 122901 122862 0 0 467 0 0 52 107994588 31121316 0 0 0 0 0 57073308 2119 0 0 
0 0 0 0 0 0 0 0 0 0 0 0 0 0 0 0 0 0 0 0 0 0 0 3 122901 0 0 25 0 0 459 52 0 138820168 0 0 0 0 0 57042915 0 0 2094 0 
0 0 0 0 0 0 0 0 0 0 0 0 0 0 0 0 0 0 0 0 0 0 0 3 0 122901 122862 0 0 467 0 0 52 107994588 31121316 0 0 0 0 0 57073308 2119 0 0 
0 0 0 0 0 0 0 0 0 0 0 0 0 0 0 0 0 0 0 0 0 0 0 3 122901 0 0 25 0 0 459 52 0 138820168 0 0 0 0 0 57042915 0 0 2094 0 
0 0 0 0 0 0 0 0 0 0 0 0 0 0 0 0 0 0 0 0 0 0 0 3 0 122901 122862 0 0 467 0 0 52 107994588 31121316 0 0 0 0 0 57073308 2119 0 0 
0 0 0 0 0 0 0 0 0 0 0 0 0 0 0 0 0 0 0 0 0 0 0 3 122901 0 0 25 0 0 459 52 0 138820168 0 0 0 0 0 57042915 0 0 2094 0 
0 0 0 0 0 0 0 0 0 0 0 0 0 0 0 0 0 0 0 0 0 0 0 3 0 122901 122862 0 0 467 0 0 52 107994588 31121316 0 0 0 0 0 57073308 2119 0 0 
0 0 0 0 0 0 0 0 0 0 0 0 0 0 0 0 0 0 0 0 0 0 0 3 122901 0 0 25 0 0 459 52 0 138820168 0 0 0 0 0 57042915 0 0 2094 0 
0 0 0 0 0 0 0 0 0 0 0 0 0 0 0 0 0 0 0 0 0 0 0 3 0 122901 122862 0 0 467 0 0 52 107994588 31121316 0 0 0 0 0 57073308 2119 0 0 
0 0 0 0 0 0 0 0 0 0 0 0 0 0 0 0 0 0 0 0 0 0 0 3 122901 0 0 25 0 0 459 52 0 138820168 0 0 0 0 0 57042915 0 0 2094 0 
0 0 0 0 0 0 0 0 0 0 0 0 0 0 0 0 0 0 0 0 0 0 0 3 0 122901 122862 0 0 467 0 0 52 107994588 31121316 0 0 0 0 0 57073308 2119 0 0 
0 0 0 0 0 0 0 0 0 0 0 0 0 0 0 0 0 0 0 0 0 0 0 3 122901 0 0 25 0 0 459 52 0 138820168 0 0 0 0 0 57042915 0 0 2094 0 
0 0 0 0 0 0 0 0 0 0 0 0 0 0 0 0 0 0 0 0 0 0 0 3 0 122901 122862 0 0 467 0 0 52 107994588 31121316 0 0 0 0 0 57073308 2119 0 0 
0 0 0 0 0 0 0 0 0 0 0 0 0 0 0 0 0 0 0 0 0 0 0 3 122901 0 0 25 0 0 459 52 0 138820168 0 0 0 0 0 57042915 0 0 2094 0 
0 0 0 0 0 0 0 0 0 0 0 0 0 0 0 0 0 0 0 0 0 0 0 3 0 122901 122862 0 0 467 0 0 52 107994588 31121316 0 0 0 0 0 57073308 2119 0 0 
0 0 0 0 0 0 0 0 0 0 0 0 0 0 0 0 0 0 0 0 0 0 0 3 122901 0 0 25 0 0 459 52 0 138820168 0 0 0 0 0 57042915 0 0 2094 0 
0 0 0 0 0 0 0 0 0 0 0 0 0 0 0 0 0 0 0 0 0 0 0 3 0 122901 122862 0 0 467 0 0 52 107994588 31121316 0 0 0 0 0 57073308 2119 0 0 
0 0 0 0 0 0 0 0 0 0 0 0 0 0 0 0 0 0 0 0 0 0 0 3 122901 0 0 25 0 0 459 52 0 138820168 0 0 0 0 0 57042915 0 0 2094 0 
0 0 0 0 0 0 0 0 0 0 0 0 0 0 0 0 0 0 0 0 0 0 0 3 0 122901 122862 0 0 467 0 0 52 107994588 31121316 0 0 0 0 0 57073308 2119 0 0 
0 0 0 0 0 0 0 0 0 0 0 0 0 0 0 0 0 0 0 0 0 0 0 3 122901 0 0 25 0 0 459 52 0 138820168 0 0 0 0 0 57042915 0 0 2094 0 
0 0 0 0 0 0 0 0 0 0 0 0 0 0 0 0 0 0 0 0 0 0 0 3 0 122901 122862 0 0 467 0 0 52 107994588 31121316 0 0 0 0 0 57073308 2119 0 0 
0 0 0 0 0 0 0 0 0 0 0 0 0 0 0 0 0 0 0 0 0 0 0 3 122901 0 0 25 0 0 459 52 0 138820168 0 0 0 0 0 57042915 0 0 2094 0 
0 0 0 0 0 0 0 0 0 0 0 0 0 0 0 0 0 0 0 0 0 0 0 3 0 122901 122862 0 0 467 0 0 52 107994588 31121316 0 0 0 0 0 57073308 2119 0 0 
0 0 0 0 0 0 0 0 0 0 0 0 0 0 0 0 0 0 0 0 0 0 0 3 122901 0 0 25 0 0 459 52 0 138820168 0 0 0 0 0 57042915 0 0 2094 0 
0 0 0 0 0 0 0 0 0 0 0 0 0 0 0 0 0 0 0 0 0 0 0 3 0 122901 122862 0 0 467 0 0 52 107994588 31121316 0 0 0 0 0 57073308 2119 0 0 
0 0 0 0 0 0 0 0 0 0 0 0 0 0 0 0 0 0 0 0 0 0 0 3 122901 0 0 25 0 0 459 52 0 138820168 0 0 0 0 0 57042915 0 0 2094 0 
0 0 0 0 0 0 0 0 0 0 0 0 0 0 0 0 0 0 0 0 0 0 0 3 0 122901 122862 0 0 467 0 0 52 107994588 31121316 0 0 0 0 0 57073308 2119 0 0 
0 0 0 0 0 0 0 0 0 0 0 0 0 0 0 0 0 0 0 0 0 0 0 3 122901 0 0 25 0 0 459 52 0 138820168 0 0 0 0 0 57042915 0 0 2094 0 
0 0 0 0 0 0 0 0 0 0 0 0 0 0 0 0 0 0 0 0 0 0 0 3 0 122901 122862 0 0 467 0 0 52 107994588 31121316 0 0 0 0 0 57073308 2119 0 0 
0 0 0 0 0 0 0 0 0 0 0 0 0 0 0 0 0 0 0 0 0 0 0 3 122901 0 0 25 0 0 459 52 0 138820168 0 0 0 0 0 57042915 0 0 2094 0 
0 0 0 0 0 0 0 0 0 0 0 0 0 0 0 0 0 0 0 0 0 0 0 3 0 122901 122862 0 0 467 0 0 52 107994588 31121316 0 0 0 0 0 57073308 2119 0 0 
0 0 0 0 0 0 0 0 0 0 0 0 0 0 0 0 0 0 0 0 0 0 0 3 122901 0 0 25 0 0 459 52 0 138820168 0 0 0 0 0 57042915 0 0 2094 0 
0 0 0 0 0 0 0 0 0 0 0 0 0 0 0 0 0 0 0 0 0 0 0 3 0 122901 122862 0 0 467 0 0 52 107994588 31121316 0 0 0 0 0 57073308 2119 0 0 
0 0 0 0 0 0 0 0 0 0 0 0 0 0 0 0 0 0 0 0 0 0 0 3 122901 0 0 25 0 0 459 52 0 138820168 0 0 0 0 0 57042915 0 0 2094 0 
0 0 0 0 0 0 0 0 0 0 0 0 0 0 0 0 0 0 0 0 0 0 0 3 0 122901 122862 0 0 467 0 0 52 107994588 31121316 0 0 0 0 0 57073308 2119 0 0 
0 0 0 0 0 0 0 0 0 0 0 0 0 0 0 0 0 0 0 0 0 0 0 3 122901 0 0 25 0 0 459 52 0 138820168 0 0 0 0 0 57042915 0 0 2094 0 
0 0 0 0 0 0 0 0 0 0 0 0 0 0 0 0 0 0 0 0 0 0 0 3 0 122901 122862 0 0 467 0 0 52 107994588 31121316 0 0 0 0 0 57073308 2119 0 0 
0 0 0 0 0 0 0 0 0 0 0 0 0 0 0 0 0 0 0 0 0 0 0 3 122901 0 0 25 0 0 459 52 0 138820168 0 0 0 0 0 57042915 0 0 2094 0 
0 0 0 0 0 0 0 0 0 0 0 0 0 0 0 0 0 0 0 0 0 0 0 3 0 122901 122862 0 0 467 0 0 52 107994588 31121316 0 0 0 0 0 57073308 2119 0 0 
0 0 0 0 0 0 0 0 0 0 0 0 0 0 0 0 0 0 0 0 0 0 0 3 122901 0 0 25 0 0 459 52 0 138820168 0 0 0 0 0 57042915 0 0 2094 0 
0 0 0 0 0 0 0 0 0 0 0 0 0 0 0 0 0 0 0 0 0 0 0 3 0 122901 122862 0 0 467 0 0 52 107994588 31121316 0 0 0 0 0 57073308 2119 0 0 
0 0 0 0 0 0 0 0 0 0 0 0 0 0 0 0 0 0 0 0 0 0 0 3 122901 0 0 25 0 0 459 52 0 138820168 0 0 0 0 0 57042915 0 0 2094 0 
0 0 0 0 0 0 0 0 0 0 0 0 0 0 0 0 0 0 0 0 0 0 0 3 0 122901 122862 0 0 467 0 0 52 107994588 31121316 0 0 0 0 0 57073308 2119 0 0 
0 0 0 0 0 0 0 0 0 0 0 0 0 0 0 0 0 0 0 0 0 0 0 3 122901 0 0 25 0 0 459 52 0 138820168 0 0 0 0 0 57042915 0 0 2094 0 
0 0 0 0 0 0 0 0 0 0 0 0 0 0 0 0 0 0 0 0 0 0 0 3 0 122901 122862 0 0 467 0 0 52 107994588 31121316 0 0 0 0 0 57073308 2119 0 0 
0 0 0 0 0 0 0 0 0 0 0 0 0 0 0 0 0 0 0 0 0 0 0 3 122901 0 0 25 0 0 459 52 0 138820168 0 0 0 0 0 57042915 0 0 2094 0 
0 0 0 0 0 0 0 0 0 0 0 0 0 0 0 0 0 0 0 0 0 0 0 3 0 122901 122862 0 0 467 0 0 52 107994588 31121316 0 0 0 0 0 57073308 2119 0 0 
0 0 0 0 0 0 0 0 0 0 0 0 0 0 0 0 0 0 0 0 0 0 0 3 122901 0 0 25 0 0 459 52 0 138820168 0 0 0 0 0 57042915 0 0 2094 0 
0 0 0 0 0 0 0 0 0 0 0 0 0 0 0 0 0 0 0 0 0 0 0 3 0 122901 122862 0 0 467 0 0 52 107994588 31121316 0 0 0 0 0 57073308 2119 0 0 
0 0 0 0 0 0 0 0 0 0 0 0 0 0 0 0 0 0 0 0 0 0 0 3 122901 0 0 25 0 0 459 52 0 138820168 0 0 0 0 0 57042915 0 0 2094 0 
0 0 0 0 0 0 0 0 0 0 0 0 0 0 0 0 0 0 0 0 0 0 0 3 0 122901 122862 0 0 467 0 0 52 107994588 31121316 0 0 0 0 0 57073308 2119 0 0 
0 0 0 0 0 0 0 0 0 0 0 0 0 0 0 0 0 0 0 0 0 0 0 3 122901 0 0 25 0 0 459 52 0 138820168 0 0 0 0 0 57042915 0 0 2094 0 
0 0 0 0 0 0 0 0 0 0 0 0 0 0 0 0 0 0 0 0 0 0 0 3 0 122901 122862 0 0 467 0 0 52 107994588 31121316 0 0 0 0 0 57073308 2119 0 0 
0 0 0 0 0 0 0 0 0 0 0 0 0 0 0 0 0 0 0 0 0 0 0 3 122901 0 0 25 0 0 459 52 0 138820168 0 0 0 0 0 57042915 0 0 2094 0 
0 0 0 0 0 0 0 0 0 0 0 0 0 0 0 0 0 0 0 0 0 0 0 3 0 122901 122862 0 0 467 0 0 52 107994588 31121316 0 0 0 0 0 57073308 2119 0 0 
0 0 0 0 0 0 0 0 0 0 0 0 0 0 0 0 0 0 0 0 0 0 0 3 122901 0 0 25 0 0 459 52 0 138820168 0 0 0 0 0 57042915 0 0 2094 0 
0 0 0 0 0 0 0 0 0 0 0 0 0 0 0 0 0 0 0 0 0 0 0 3 0 122901 122862 0 0 467 0 0 52 107994588 31121316 0 0 0 0 0 57073308 2119 0 0 
0 0 0 0 0 0 0 0 0 0 0 0 0 0 0 0 0 0 0 0 0 0 0 3 122901 0 0 25 0 0 459 52 0 138820168 0 0 0 0 0 57042915 0 0 2094 0 
0 0 0 0 0 0 0 0 0 0 0 0 0 0 0 0 0 0 0 0 0 0 0 3 0 122901 122862 0 0 467 0 0 52 107994588 31121316 0 0 0 0 0 57073308 2119 0 0 
0 0 0 0 0 0 0 0 0 0 0 0 0 0 0 0 0 0 0 0 0 0 0 3 122901 0 0 25 0 0 459 52 0 138820168 0 0 0 0 0 57042915 0 0 2094 0 
0 0 0 0 0 0 0 0 0 0 0 0 0 0 0 0 0 0 0 0 0 0 0 3 0 122901 122862 0 0 467 0 0 52 107994588 31121316 0 0 0 0 0 57073308 2119 0 0 
0 0 0 0 0 0 0 0 0 0 0 0 0 0 0 0 0 0 0 0 0 0 0 3 122901 0 0 25 0 0 459 52 0 138820168 0 0 0 0 0 57042915 0 0 2094 0 
0 0 0 0 0 0 0 0 0 0 0 0 0 0 0 0 0 0 0 0 0 0 0 3 0 122901 122862 0 0 467 0 0 52 107994588 31121316 0 0 0 0 0 57073308 2119 0 0 
0 0 0 0 0 0 0 0 0 0 0 0 0 0 0 0 0 0 0 0 0 0 0 3 122901 0 0 25 0 0 459 52 0 138820168 0 0 0 0 0 57042915 0 0 2094 0 
0 0 0 0 0 0 0 0 0 0 0 0 0 0 0 0 0 0 0 0 0 0 0 3 0 122901 122862 0 0 467 0 0 52 107994588 31121316 0 0 0 0 0 57073308 2119 0 0 
0 0 0 0 0 0 0 0 0 0 0 0 0 0 0 0 0 0 0 0 0 0 0 3 122901 0 0 25 0 0 459 52 0 138820168 0 0 0 0 0 57042915 0 0 2094 0 
0 0 0 0 0 0 0 0 0 0 0 0 0 0 0 0 0 0 0 0 0 0 0 3 0 122901 122862 0 0 467 0 0 52 107994588 31121316 0 0 0 0 0 57073308 2119 0 0 
0 0 0 0 0 0 0 0 0 0 0 0 0 0 0 0 0 0 0 0 0 0 0 3 122901 0 0 25 0 0 459 52 0 138820168 0 0 0 0 0 57042915 0 0 2094 0 
0 0 0 0 0 0 0 0 0 0 0 0 0 0 0 0 0 0 0 0 0 0 0 3 0 122901 122862 0 0 467 0 0 52 107994588 31121316 0 0 0 0 0 57073308 2119 0 0 
0 0 0 0 0 0 0 0 0 0 0 0 0 0 0 0 0 0 0 0 0 0 0 3 122901 0 0 25 0 0 459 52 0 138820168 0 0 0 0 0 57042915 0 0 2094 0 
0 0 0 0 0 0 0 0 0 0 0 0 0 0 0 0 0 0 0 0 0 0 0 3 0 122901 122862 0 0 467 0 0 52 107994588 31121316 0 0 0 0 0 57073308 2119 0 0 
0 0 0 0 0 0 0 0 0 0 0 0 0 0 0 0 0 0 0 0 0 0 0 3 122901 0 0 25 0 0 459 52 0 138820168 0 0 0 0 0 57042915 0 0 2094 0 
0 0 0 0 0 0 0 0 0 0 0 0 0 0 0 0 0 0 0 0 0 0 0 3 0 122901 122862 0 0 467 0 0 52 107994588 31121316 0 0 0 0 0 57073308 2119 0 0 
0 0 0 0 0 0 0 0 0 0 0 0 0 0 0 0 0 0 0 0 0 0 0 3 122901 0 0 25 0 0 459 52 0 138820168 0 0 0 0 0 57042915 0 0 2094 0 
0 0 0 0 0 0 0 0 0 0 0 0 0 0 0 0 0 0 0 0 0 0 0 3 0 122901 122862 0 0 467 0 0 52 107994588 31121316 0 0 0 0 0 57073308 2119 0 0 
0 0 0 0 0 0 0 0 0 0 0 0 0 0 0 0 0 0 0 0 0 0 0 3 122901 0 0 25 0 0 459 52 0 138820168 0 0 0 0 0 57042915 0 0 2094 0 
0 0 0 0 0 0 0 0 0 0 0 0 0 0 0 0 0 0 0 0 0 0 0 3 0 122901 122862 0 0 467 0 0 52 107994588 31121316 0 0 0 0 0 57073308 2119 0 0 
0 0 0 0 0 0 0 0 0 0 0 0 0 0 0 0 0 0 0 0 0 0 0 3 122901 0 0 25 0 0 459 52 0 138820168 0 0 0 0 0 57042915 0 0 2094 0 
0 0 0 0 0 0 0 0 0 0 0 0 0 0 0 0 0 0 0 0 0 0 0 3 0 122901 122862 0 0 467 0 0 52 107994588 31121316 0 0 0 0 0 57073308 2119 0 0 
0 0 0 0 0 0 0 0 0 0 0 0 0 0 0 0 0 0 0 0 0 0 0 3 122901 0 0 25 0 0 459 52 0 138820168 0 0 0 0 0 57042915 0 0 2094 0 
0 0 0 0 0 0 0 0 0 0 0 0 0 0 0 0 0 0 0 0 0 0 0 3 0 122901 122862 0 0 467 0 0 52 107994588 31121316 0 0 0 0 0 57073308 2119 0 0 
0 0 0 0 0 0 0 0 0 0 0 0 0 0 0 0 0 0 0 0 0 0 0 3 122901 0 0 25 0 0 459 52 0 138820168 0 0 0 0 0 57042915 0 0 2094 0 
0 0 0 0 0 0 0 0 0 0 0 0 0 0 0 0 0 0 0 0 0 0 0 3 0 122901 122862 0 0 467 0 0 52 107994588 31121316 0 0 0 0 0 57073308 2119 0 0 
0 0 0 0 0 0 0 0 0 0 0 0 0 0 0 0 0 0 0 0 0 0 0 3 122901 0 0 25 0 0 459 52 0 138820168 0 0 0 0 0 57042915 0 0 2094 0 
0 0 0 0 0 0 0 0 0 0 0 0 0 0 0 0 0 0 0 0 0 0 0 3 0 122901 122862 0 0 467 0 0 52 107994588 31121316 0 0 0 0 0 57073308 2119 0 0 
0 0 0 0 0 0 0 0 0 0 0 0 0 0 0 0 0 0 0 0 0 0 0 3 122901 0 0 25 0 0 459 52 0 138820168 0 0 0 0 0 57042915 0 0 2094 0 
0 0 0 0 0 0 0 0 0 0 0 0 0 0 0 0 0 0 0 0 0 0 0 3 0 122901 122862 0 0 467 0 0 52 107994588 31121316 0 0 0 0 0 57073308 2119 0 0 
0 0 0 0 0 0 0 0 0 0 0 0 0 0 0 0 0 0 0 0 0 0 0 3 122901 0 0 25 0 0 459 52 0 138820168 0 0 0 0 0 57042915 0 0 2094 0 
0 0 0 0 0 0 0 0 0 0 0 0 0 0 0 0 0 0 0 0 0 0 0 3 0 122901 122862 0 0 467 0 0 52 107994588 31121316 0 0 0 0 0 57073308 2119 0 0 
0 0 0 0 0 0 0 0 0 0 0 0 0 0 0 0 0 0 0 0 0 0 0 3 122901 0 0 25 0 0 459 52 0 138820168 0 0 0 0 0 57042915 0 0 2094 0 
0 0 0 0 0 0 0 0 0 0 0 0 0 0 0 0 0 0 0 0 0 0 0 3 0 122901 122862 0 0 467 0 0 52 107994588 31121316 0 0 0 0 0 57073308 2119 0 0 
0 0 0 0 0 0 0 0 0 0 0 0 0 0 0 0 0 0 0 0 0 0 0 3 122901 0 0 25 0 0 459 52 0 138820168 0 0 0 0 0 57042915 0 0 2094 0 
0 0 0 0 0 0 0 0 0 0 0 0 0 0 0 0 0 0 0 0 0 0 0 3 0 122901 122862 0 0 467 0 0 52 107994588 31121316 0 0 0 0 0 57073308 2119 0 0 
0 0 0 0 0 0 0 0 0 0 0 0 0 0 0 0 0 0 0 0 0 0 0 3 122901 0 0 25 0 0 459 52 0 138820168 0 0 0 0 0 57042915 0 0 2094 0 
0 0 0 0 0 0 0 0 0 0 0 0 0 0 0 0 0 0 0 0 0 0 0 3 0 122901 122862 0 0 467 0 0 52 107994588 31121316 0 0 0 0 0 57073308 2119 0 0 
0 0 0 0 0 0 0 0 0 0 0 0 0 0 0 0 0 0 0 0 0 0 0 3 122901 0 0 25 0 0 459 52 0 138820168 0 0 0 0 0 57042915 0 0 2094 0 
0 0 0 0 0 0 0 0 0 0 0 0 0 0 0 0 0 0 0 0 0 0 0 3 0 122901 122862 0 0 467 0 0 52 107994588 31121316 0 0 0 0 0 57073308 2119 0 0 
0 0 0 0 0 0 0 0 0 0 0 0 0 0 0 0 0 0 0 0 0 0 0 3 122901 0 0 25 0 0 459 52 0 138820168 0 0 0 0 0 57042915 0 0 2094 0 
0 0 0 0 0 0 0 0 0 0 0 0 0 0 0 0 0 0 0 0 0 0 0 3 0 122901 122862 0 0 467 0 0 52 107994588 31121316 0 0 0 0 0 57073308 2119 0 0 
0 0 0 0 0 0 0 0 0 0 0 0 0 0 0 0 0 0 0 0 0 0 0 3 122901 0 0 25 0 0 459 52 0 138820168 0 0 0 0 0 57042915 0 0 2094 0 
0 0 0 0 0 0 0 0 0 0 0 0 0 0 0 0 0 0 0 0 0 0 0 3 0 122901 122862 0 0 467 0 0 52 107994588 31121316 0 0 0 0 0 57073308 2119 0 0 
0 0 0 0 0 0 0 0 0 0 0 0 0 0 0 0 0 0 0 0 0 0 0 3 122901 0 0 25 0 0 459 52 0 138820168 0 0 0 0 0 57042915 0 0 2094 0 
0 0 0 0 0 0 0 0 0 0 0 0 0 0 0 0 0 0 0 0 0 0 0 3 0 122901 122862 0 0 467 0 0 52 107994588 31121316 0 0 0 0 0 57073308 2119 0 0 
0 0 0 0 0 0 0 0 0 0 0 0 0 0 0 0 0 0 0 0 0 0 0 3 122901 0 0 25 0 0 459 52 0 138820168 0 0 0 0 0 57042915 0 0 2094 0 
0 0 0 0 0 0 0 0 0 0 0 0 0 0 0 0 0 0 0 0 0 0 0 3 0 122901 122862 0 0 467 0 0 52 107994588 31121316 0 0 0 0 0 57073308 2119 0 0 
0 0 0 0 0 0 0 0 0 0 0 0 0 0 0 0 0 0 0 0 0 0 0 3 122901 0 0 25 0 0 459 52 0 138820168 0 0 0 0 0 57042915 0 0 2094 0 
0 0 0 0 0 0 0 0 0 0 0 0 0 0 0 0 0 0 0 0 0 0 0 3 0 122901 122862 0 0 467 0 0 52 107994588 31121316 0 0 0 0 0 57073308 2119 0 0 
0 0 0 0 0 0 0 0 0 0 0 0 0 0 0 0 0 0 0 0 0 0 0 3 122901 0 0 25 0 0 459 52 0 138820168 0 0 0 0 0 57042915 0 0 2094 0 
0 0 0 0 0 0 0 0 0 0 0 0 0 0 0 0 0 0 0 0 0 0 0 3 0 122901 122862 0 0 467 0 0 52 107994588 31121316 0 0 0 0 0 57073308 2119 0 0 
0 0 0 0 0 0 0 0 0 0 0 0 0 0 0 0 0 0 0 0 0 0 0 3 122901 0 0 25 0 0 459 52 0 138820168 0 0 0 0 0 57042915 0 0 2094 0 
0 0 0 0 0 0 0 0 0 0 0 0 0 0 0 0 0 0 0 0 0 0 0 3 0 122901 122862 0 0 467 0 0 52 107994588 31121316 0 0 0 0 0 57073308 2119 0 0 
0 0 0 0 0 0 0 0 0 0 0 0 0 0 0 0 0 0 0 0 0 0 0 3 122905 0 0 25 0 0 479 52 0 138870468 0 0 0 0 0 57042919 0 0 2094 0 
0 0 0 0 0 0 0 0 0 0 0 0 0 0 0 0 0 0 0 0 0 0 0 3 0 122901 122866 0 0 487 0 0 52 108044886 31121320 0 0 0 0 0 57073312 2119 0 0 
0 0 0 0 0 0 0 0 0 0 0 0 0 0 0 0 0 0 0 0 0 0 0 3 122905 0 0 25 0 0 479 52 0 139071581 0 0 0 0 0 57042926 0 0 2094 0 
0 0 0 0 0 0 0 0 0 0 0 0 0 0 0 0 0 0 0 0 0 0 0 3 0 122901 122866 0 0 487 0 0 52 108245972 31121320 0 0 0 0 0 57073319 2119 0 0 
0 0 0 0 0 0 0 0 0 0 0 0 0 0 0 0 0 0 0 0 0 0 0 3 122905 0 0 25 0 0 479 52 0 139270245 0 0 0 0 0 57042926 0 0 2094 0 
0 0 0 0 0 0 0 0 0 0 0 0 0 0 0 0 0 0 0 0 0 0 0 3 0 122901 122866 0 0 487 0 0 52 108444601 31121320 0 0 0 0 0 57073319 2119 0 0 
0 0 0 0 0 0 0 0 0 0 0 0 0 0 0 0 0 0 0 0 0 0 0 3 122905 0 0 25 0 0 483 52 0 139418557 0 0 0 0 0 57042926 0 0 2094 0 
0 0 0 0 0 0 0 0 0 0 0 0 0 0 0 0 0 0 0 0 0 0 0 3 0 122901 122866 0 0 491 0 0 52 108592895 31121320 0 0 0 0 0 57073319 2119 0 0 
0 0 0 0 0 0 0 0 0 0 0 0 0 0 0 0 0 0 0 0 0 0 0 3 122905 0 0 25 0 0 483 52 0 139558477 0 0 0 0 0 57045247 0 0 2094 0 
0 0 0 0 0 0 0 0 0 0 0 0 0 0 0 0 0 0 0 0 0 0 0 3 0 122901 122866 0 0 491 0 0 52 108719359 31134834 0 0 0 0 0 57075641 2119 0 0 
0 0 0 0 0 0 0 0 0 0 0 0 0 0 0 0 0 0 0 0 0 0 0 3 122905 0 0 25 0 0 483 52 0 139722897 0 0 0 0 0 57047557 0 0 2094 0 
0 0 0 0 0 0 0 0 0 0 0 0 0 0 0 0 0 0 0 0 0 0 0 3 0 122901 122866 0 0 491 0 0 52 108871583 31147063 0 0 0 0 0 57077952 2119 0 0 
0 0 0 0 0 0 0 0 0 0 0 0 0 0 0 0 0 0 0 0 0 0 0 3 122905 0 0 25 0 0 483 52 0 139865507 0 0 0 0 0 57049879 0 0 2094 0 
0 0 0 0 0 0 0 0 0 0 0 0 0 0 0 0 0 0 0 0 0 0 0 3 0 122901 122866 0 0 491 0 0 52 109002682 31158522 0 0 0 0 0 57080273 2119 0 0 
0 0 0 0 0 0 0 0 0 0 0 0 0 0 0 0 0 0 0 0 0 0 0 3 122905 0 0 25 0 0 483 52 0 139953069 0 0 0 0 0 57059066 0 0 2094 0 
0 0 0 0 0 0 0 0 0 0 0 0 0 0 0 0 0 0 0 0 0 0 0 3 0 122901 122866 0 0 491 0 0 52 109057696 31191115 0 0 0 0 0 57089464 2119 0 0 
0 0 0 0 0 0 0 0 0 0 0 0 0 0 0 0 0 0 0 0 0 0 0 3 122905 0 0 25 0 0 483 52 0 139995755 0 0 0 0 0 57061378 0 0 2098 0 
0 0 0 0 0 0 0 0 0 0 0 0 0 0 0 0 0 0 0 0 0 0 0 3 0 122905 122866 0 0 491 0 0 52 109078735 31212787 0 0 0 0 0 57091776 2123 0 0 
0 0 0 0 0 0 0 0 0 0 0 0 0 0 0 0 0 0 0 0 0 0 0 3 122905 0 0 25 0 0 483 52 0 139995755 0 0 0 0 0 57061378 0 0 2098 0 
0 0 0 0 0 0 0 0 0 0 0 0 0 0 0 0 0 0 0 0 0 0 0 3 0 122905 122866 0 0 491 0 0 52 109078735 31212787 0 0 0 0 0 57091776 2123 0 0 
0 0 0 0 0 0 0 0 0 0 0 0 0 0 0 0 0 0 0 0 0 0 0 3 122905 0 0 25 0 0 483 52 0 139995755 0 0 0 0 0 57061378 0 0 2098 0 
0 0 0 0 0 0 0 0 0 0 0 0 0 0 0 0 0 0 0 0 0 0 0 3 0 122905 122866 0 0 491 0 0 52 109078735 31212787 0 0 0 0 0 57091776 2123 0 0 
0 0 0 0 0 0 0 0 0 0 0 0 0 0 0 0 0 0 0 0 0 0 0 3 122905 0 0 25 0 0 483 52 0 139995755 0 0 0 0 0 57061378 0 0 2098 0 
0 0 0 0 0 0 0 0 0 0 0 0 0 0 0 0 0 0 0 0 0 0 0 3 0 122905 122866 0 0 491 0 0 52 109078735 31212787 0 0 0 0 0 57091776 2123 0 0 
0 0 0 0 0 0 0 0 0 0 0 0 0 0 0 0 0 0 0 0 0 0 0 3 122905 0 0 25 0 0 483 52 0 139995755 0 0 0 0 0 57061378 0 0 2098 0 
0 0 0 0 0 0 0 0 0 0 0 0 0 0 0 0 0 0 0 0 0 0 0 3 0 122905 122866 0 0 491 0 0 52 109078735 31212787 0 0 0 0 0 57091776 2123 0 0 
0 0 0 0 0 0 0 0 0 0 0 0 0 0 0 0 0 0 0 0 0 0 0 3 122905 0 0 25 0 0 483 52 0 139995755 0 0 0 0 0 57061378 0 0 2098 0 
0 0 0 0 0 0 0 0 0 0 0 0 0 0 0 0 0 0 0 0 0 0 0 3 0 122905 122866 0 0 491 0 0 52 109078735 31212787 0 0 0 0 0 57091776 2123 0 0 
