0 0 0 0 0 0 0 0 0 0 0 0 0 0 0 0 0 0 0 0 0 0 0 3 122901 0 0 25 0 0 459 52 0 138820168 0 0 0 0 0 57042915 0 0 2094 0 
0 0 0 0 0 0 0 0 0 0 0 0 0 0 0 0 0 0 0 0 0 0 0 3 122901 0 0 25 0 0 459 52 0 138820168 0 0 0 0 0 57042915 0 0 2094 0 
0 0 0 0 0 0 0 0 0 0 0 0 0 0 0 0 0 0 0 0 0 0 0 3 122901 0 0 25 0 0 459 52 0 138820168 0 0 0 0 0 57042915 0 0 2094 0 
0 0 0 0 0 0 0 0 0 0 0 0 0 0 0 0 0 0 0 0 0 0 0 3 122901 0 0 25 0 0 459 52 0 138820168 0 0 0 0 0 57042915 0 0 2094 0 
0 0 0 0 0 0 0 0 0 0 0 0 0 0 0 0 0 0 0 0 0 0 0 3 122901 0 0 25 0 0 459 52 0 138820168 0 0 0 0 0 57042915 0 0 2094 0 
0 0 0 0 0 0 0 0 0 0 0 0 0 0 0 0 0 0 0 0 0 0 0 3 122901 0 0 25 0 0 459 52 0 138820168 0 0 0 0 0 57042915 0 0 2094 0 
0 0 0 0 0 0 0 0 0 0 0 0 0 0 0 0 0 0 0 0 0 0 0 3 122901 0 0 25 0 0 459 52 0 138820168 0 0 0 0 0 57042915 0 0 2094 0 
0 0 0 0 0 0 0 0 0 0 0 0 0 0 0 0 0 0 0 0 0 0 0 3 122901 0 0 25 0 0 459 52 0 138820168 0 0 0 0 0 57042915 0 0 2094 0 
0 0 0 0 0 0 0 0 0 0 0 0 0 0 0 0 0 0 0 0 0 0 0 3 122901 0 0 25 0 0 459 52 0 138820168 0 0 0 0 0 57042915 0 0 2094 0 
0 0 0 0 0 0 0 0 0 0 0 0 0 0 0 0 0 0 0 0 0 0 0 3 122901 0 0 25 0 0 459 52 0 138820168 0 0 0 0 0 57042915 0 0 2094 0 
0 0 0 0 0 0 0 0 0 0 0 0 0 0 0 0 0 0 0 0 0 0 0 3 122901 0 0 25 0 0 459 52 0 138820168 0 0 0 0 0 57042915 0 0 2094 0 
0 0 0 0 0 0 0 0 0 0 0 0 0 0 0 0 0 0 0 0 0 0 0 3 122901 0 0 25 0 0 459 52 0 138820168 0 0 0 0 0 57042915 0 0 2094 0 
0 0 0 0 0 0 0 0 0 0 0 0 0 0 0 0 0 0 0 0 0 0 0 3 122901 0 0 25 0 0 459 52 0 138820168 0 0 0 0 0 57042915 0 0 2094 0 
0 0 0 0 0 0 0 0 0 0 0 0 0 0 0 0 0 0 0 0 0 0 0 3 122901 0 0 25 0 0 459 52 0 138820168 0 0 0 0 0 57042915 0 0 2094 0 
0 0 0 0 0 0 0 0 0 0 0 0 0 0 0 0 0 0 0 0 0 0 0 3 122901 0 0 25 0 0 459 52 0 138820168 0 0 0 0 0 57042915 0 0 2094 0 
0 0 0 0 0 0 0 0 0 0 0 0 0 0 0 0 0 0 0 0 0 0 0 3 122901 0 0 25 0 0 459 52 0 138820168 0 0 0 0 0 57042915 0 0 2094 0 
0 0 0 0 0 0 0 0 0 0 0 0 0 0 0 0 0 0 0 0 0 0 0 3 122901 0 0 25 0 0 459 52 0 138820168 0 0 0 0 0 57042915 0 0 2094 0 
0 0 0 0 0 0 0 0 0 0 0 0 0 0 0 0 0 0 0 0 0 0 0 3 122901 0 0 25 0 0 459 52 0 138820168 0 0 0 0 0 57042915 0 0 2094 0 
0 0 0 0 0 0 0 0 0 0 0 0 0 0 0 0 0 0 0 0 0 0 0 3 122901 0 0 25 0 0 459 52 0 138820168 0 0 0 0 0 57042915 0 0 2094 0 
0 0 0 0 0 0 0 0 0 0 0 0 0 0 0 0 0 0 0 0 0 0 0 3 122901 0 0 25 0 0 459 52 0 138820168 0 0 0 0 0 57042915 0 0 2094 0 
0 0 0 0 0 0 0 0 0 0 0 0 0 0 0 0 0 0 0 0 0 0 0 3 122901 0 0 25 0 0 459 52 0 138820168 0 0 0 0 0 57042915 0 0 2094 0 
0 0 0 0 0 0 0 0 0 0 0 0 0 0 0 0 0 0 0 0 0 0 0 3 122901 0 0 25 0 0 459 52 0 138820168 0 0 0 0 0 57042915 0 0 2094 0 
0 0 0 0 0 0 0 0 0 0 0 0 0 0 0 0 0 0 0 0 0 0 0 3 122901 0 0 25 0 0 459 52 0 138820168 0 0 0 0 0 57042915 0 0 2094 0 
0 0 0 0 0 0 0 0 0 0 0 0 0 0 0 0 0 0 0 0 0 0 0 3 122901 0 0 25 0 0 459 52 0 138820168 0 0 0 0 0 57042915 0 0 2094 0 
0 0 0 0 0 0 0 0 0 0 0 0 0 0 0 0 0 0 0 0 0 0 0 3 122901 0 0 25 0 0 459 52 0 138820168 0 0 0 0 0 57042915 0 0 2094 0 
0 0 0 0 0 0 0 0 0 0 0 0 0 0 0 0 0 0 0 0 0 0 0 3 122901 0 0 25 0 0 459 52 0 138820168 0 0 0 0 0 57042915 0 0 2094 0 
0 0 0 0 0 0 0 0 0 0 0 0 0 0 0 0 0 0 0 0 0 0 0 3 122901 0 0 25 0 0 459 52 0 138820168 0 0 0 0 0 57042915 0 0 2094 0 
0 0 0 0 0 0 0 0 0 0 0 0 0 0 0 0 0 0 0 0 0 0 0 3 122901 0 0 25 0 0 459 52 0 138820168 0 0 0 0 0 57042915 0 0 2094 0 
0 0 0 0 0 0 0 0 0 0 0 0 0 0 0 0 0 0 0 0 0 0 0 3 122901 0 0 25 0 0 459 52 0 138820168 0 0 0 0 0 57042915 0 0 2094 0 
0 0 0 0 0 0 0 0 0 0 0 0 0 0 0 0 0 0 0 0 0 0 0 3 122901 0 0 25 0 0 459 52 0 138820168 0 0 0 0 0 57042915 0 0 2094 0 
0 0 0 0 0 0 0 0 0 0 0 0 0 0 0 0 0 0 0 0 0 0 0 3 122901 0 0 25 0 0 459 52 0 138820168 0 0 0 0 0 57042915 0 0 2094 0 
0 0 0 0 0 0 0 0 0 0 0 0 0 0 0 0 0 0 0 0 0 0 0 3 122901 0 0 25 0 0 459 52 0 138820168 0 0 0 0 0 57042915 0 0 2094 0 
0 0 0 0 0 0 0 0 0 0 0 0 0 0 0 0 0 0 0 0 0 0 0 3 122901 0 0 25 0 0 459 52 0 138820168 0 0 0 0 0 57042915 0 0 2094 0 
0 0 0 0 0 0 0 0 0 0 0 0 0 0 0 0 0 0 0 0 0 0 0 3 122901 0 0 25 0 0 459 52 0 138820168 0 0 0 0 0 57042915 0 0 2094 0 
0 0 0 0 0 0 0 0 0 0 0 0 0 0 0 0 0 0 0 0 0 0 0 3 122901 0 0 25 0 0 459 52 0 138820168 0 0 0 0 0 57042915 0 0 2094 0 
0 0 0 0 0 0 0 0 0 0 0 0 0 0 0 0 0 0 0 0 0 0 0 3 122901 0 0 25 0 0 459 52 0 138820168 0 0 0 0 0 57042915 0 0 2094 0 
0 0 0 0 0 0 0 0 0 0 0 0 0 0 0 0 0 0 0 0 0 0 0 3 122901 0 0 25 0 0 459 52 0 138820168 0 0 0 0 0 57042915 0 0 2094 0 
0 0 0 0 0 0 0 0 0 0 0 0 0 0 0 0 0 0 0 0 0 0 0 3 122901 0 0 25 0 0 459 52 0 138820168 0 0 0 0 0 57042915 0 0 2094 0 
0 0 0 0 0 0 0 0 0 0 0 0 0 0 0 0 0 0 0 0 0 0 0 3 122901 0 0 25 0 0 459 52 0 138820168 0 0 0 0 0 57042915 0 0 2094 0 
0 0 0 0 0 0 0 0 0 0 0 0 0 0 0 0 0 0 0 0 0 0 0 3 122901 0 0 25 0 0 459 52 0 138820168 0 0 0 0 0 57042915 0 0 2094 0 
0 0 0 0 0 0 0 0 0 0 0 0 0 0 0 0 0 0 0 0 0 0 0 3 122901 0 0 25 0 0 459 52 0 138820168 0 0 0 0 0 57042915 0 0 2094 0 
0 0 0 0 0 0 0 0 0 0 0 0 0 0 0 0 0 0 0 0 0 0 0 3 122901 0 0 25 0 0 459 52 0 138820168 0 0 0 0 0 57042915 0 0 2094 0 
0 0 0 0 0 0 0 0 0 0 0 0 0 0 0 0 0 0 0 0 0 0 0 3 122901 0 0 25 0 0 459 52 0 138820168 0 0 0 0 0 57042915 0 0 2094 0 
0 0 0 0 0 0 0 0 0 0 0 0 0 0 0 0 0 0 0 0 0 0 0 3 122901 0 0 25 0 0 459 52 0 138820168 0 0 0 0 0 57042915 0 0 2094 0 
0 0 0 0 0 0 0 0 0 0 0 0 0 0 0 0 0 0 0 0 0 0 0 3 122901 0 0 25 0 0 459 52 0 138820168 0 0 0 0 0 57042915 0 0 2094 0 
0 0 0 0 0 0 0 0 0 0 0 0 0 0 0 0 0 0 0 0 0 0 0 3 122901 0 0 25 0 0 459 52 0 138820168 0 0 0 0 0 57042915 0 0 2094 0 
0 0 0 0 0 0 0 0 0 0 0 0 0 0 0 0 0 0 0 0 0 0 0 3 122901 0 0 25 0 0 459 52 0 138820168 0 0 0 0 0 57042915 0 0 2094 0 
0 0 0 0 0 0 0 0 0 0 0 0 0 0 0 0 0 0 0 0 0 0 0 3 122901 0 0 25 0 0 459 52 0 138820168 0 0 0 0 0 57042915 0 0 2094 0 
0 0 0 0 0 0 0 0 0 0 0 0 0 0 0 0 0 0 0 0 0 0 0 3 122901 0 0 25 0 0 459 52 0 138820168 0 0 0 0 0 57042915 0 0 2094 0 
0 0 0 0 0 0 0 0 0 0 0 0 0 0 0 0 0 0 0 0 0 0 0 3 122901 0 0 25 0 0 459 52 0 138820168 0 0 0 0 0 57042915 0 0 2094 0 
0 0 0 0 0 0 0 0 0 0 0 0 0 0 0 0 0 0 0 0 0 0 0 3 122901 0 0 25 0 0 459 52 0 138820168 0 0 0 0 0 57042915 0 0 2094 0 
0 0 0 0 0 0 0 0 0 0 0 0 0 0 0 0 0 0 0 0 0 0 0 3 122901 0 0 25 0 0 459 52 0 138820168 0 0 0 0 0 57042915 0 0 2094 0 
0 0 0 0 0 0 0 0 0 0 0 0 0 0 0 0 0 0 0 0 0 0 0 3 122901 0 0 25 0 0 459 52 0 138820168 0 0 0 0 0 57042915 0 0 2094 0 
0 0 0 0 0 0 0 0 0 0 0 0 0 0 0 0 0 0 0 0 0 0 0 3 122901 0 0 25 0 0 459 52 0 138820168 0 0 0 0 0 57042915 0 0 2094 0 
0 0 0 0 0 0 0 0 0 0 0 0 0 0 0 0 0 0 0 0 0 0 0 3 122901 0 0 25 0 0 459 52 0 138820168 0 0 0 0 0 57042915 0 0 2094 0 
0 0 0 0 0 0 0 0 0 0 0 0 0 0 0 0 0 0 0 0 0 0 0 3 122901 0 0 25 0 0 459 52 0 138820168 0 0 0 0 0 57042915 0 0 2094 0 
0 0 0 0 0 0 0 0 0 0 0 0 0 0 0 0 0 0 0 0 0 0 0 3 122901 0 0 25 0 0 459 52 0 138820168 0 0 0 0 0 57042915 0 0 2094 0 
0 0 0 0 0 0 0 0 0 0 0 0 0 0 0 0 0 0 0 0 0 0 0 3 122901 0 0 25 0 0 459 52 0 138820168 0 0 0 0 0 57042915 0 0 2094 0 
0 0 0 0 0 0 0 0 0 0 0 0 0 0 0 0 0 0 0 0 0 0 0 3 122901 0 0 25 0 0 459 52 0 138820168 0 0 0 0 0 57042915 0 0 2094 0 
0 0 0 0 0 0 0 0 0 0 0 0 0 0 0 0 0 0 0 0 0 0 0 3 122901 0 0 25 0 0 459 52 0 138820168 0 0 0 0 0 57042915 0 0 2094 0 
0 0 0 0 0 0 0 0 0 0 0 0 0 0 0 0 0 0 0 0 0 0 0 3 122901 0 0 25 0 0 459 52 0 138820168 0 0 0 0 0 57042915 0 0 2094 0 
0 0 0 0 0 0 0 0 0 0 0 0 0 0 0 0 0 0 0 0 0 0 0 3 122901 0 0 25 0 0 459 52 0 138820168 0 0 0 0 0 57042915 0 0 2094 0 
0 0 0 0 0 0 0 0 0 0 0 0 0 0 0 0 0 0 0 0 0 0 0 3 122901 0 0 25 0 0 459 52 0 138820168 0 0 0 0 0 57042915 0 0 2094 0 
0 0 0 0 0 0 0 0 0 0 0 0 0 0 0 0 0 0 0 0 0 0 0 3 122901 0 0 25 0 0 459 52 0 138820168 0 0 0 0 0 57042915 0 0 2094 0 
0 0 0 0 0 0 0 0 0 0 0 0 0 0 0 0 0 0 0 0 0 0 0 3 122901 0 0 25 0 0 459 52 0 138820168 0 0 0 0 0 57042915 0 0 2094 0 
0 0 0 0 0 0 0 0 0 0 0 0 0 0 0 0 0 0 0 0 0 0 0 3 122901 0 0 25 0 0 459 52 0 138820168 0 0 0 0 0 57042915 0 0 2094 0 
0 0 0 0 0 0 0 0 0 0 0 0 0 0 0 0 0 0 0 0 0 0 0 3 122901 0 0 25 0 0 459 52 0 138820168 0 0 0 0 0 57042915 0 0 2094 0 
0 0 0 0 0 0 0 0 0 0 0 0 0 0 0 0 0 0 0 0 0 0 0 3 122901 0 0 25 0 0 459 52 0 138820168 0 0 0 0 0 57042915 0 0 2094 0 
0 0 0 0 0 0 0 0 0 0 0 0 0 0 0 0 0 0 0 0 0 0 0 3 122901 0 0 25 0 0 459 52 0 138820168 0 0 0 0 0 57042915 0 0 2094 0 
0 0 0 0 0 0 0 0 0 0 0 0 0 0 0 0 0 0 0 0 0 0 0 3 122901 0 0 25 0 0 459 52 0 138820168 0 0 0 0 0 57042915 0 0 2094 0 
0 0 0 0 0 0 0 0 0 0 0 0 0 0 0 0 0 0 0 0 0 0 0 3 122901 0 0 25 0 0 459 52 0 138820168 0 0 0 0 0 57042915 0 0 2094 0 
0 0 0 0 0 0 0 0 0 0 0 0 0 0 0 0 0 0 0 0 0 0 0 3 122901 0 0 25 0 0 459 52 0 138820168 0 0 0 0 0 57042915 0 0 2094 0 
0 0 0 0 0 0 0 0 0 0 0 0 0 0 0 0 0 0 0 0 0 0 0 3 122901 0 0 25 0 0 459 52 0 138820168 0 0 0 0 0 57042915 0 0 2094 0 
0 0 0 0 0 0 0 0 0 0 0 0 0 0 0 0 0 0 0 0 0 0 0 3 122901 0 0 25 0 0 459 52 0 138820168 0 0 0 0 0 57042915 0 0 2094 0 
0 0 0 0 0 0 0 0 0 0 0 0 0 0 0 0 0 0 0 0 0 0 0 3 122901 0 0 25 0 0 459 52 0 138820168 0 0 0 0 0 57042915 0 0 2094 0 
0 0 0 0 0 0 0 0 0 0 0 0 0 0 0 0 0 0 0 0 0 0 0 3 122901 0 0 25 0 0 459 52 0 138820168 0 0 0 0 0 57042915 0 0 2094 0 
0 0 0 0 0 0 0 0 0 0 0 0 0 0 0 0 0 0 0 0 0 0 0 3 122901 0 0 25 0 0 459 52 0 138820168 0 0 0 0 0 57042915 0 0 2094 0 
0 0 0 0 0 0 0 0 0 0 0 0 0 0 0 0 0 0 0 0 0 0 0 3 122901 0 0 25 0 0 459 52 0 138820168 0 0 0 0 0 57042915 0 0 2094 0 
0 0 0 0 0 0 0 0 0 0 0 0 0 0 0 0 0 0 0 0 0 0 0 3 122901 0 0 25 0 0 459 52 0 138820168 0 0 0 0 0 57042915 0 0 2094 0 
0 0 0 0 0 0 0 0 0 0 0 0 0 0 0 0 0 0 0 0 0 0 0 3 122905 0 0 25 0 0 479 52 0 138870468 0 0 0 0 0 57042919 0 0 2094 0 
0 0 0 0 0 0 0 0 0 0 0 0 0 0 0 0 0 0 0 0 0 0 0 3 122905 0 0 25 0 0 479 52 0 139071581 0 0 0 0 0 57042926 0 0 2094 0 
0 0 0 0 0 0 0 0 0 0 0 0 0 0 0 0 0 0 0 0 0 0 0 3 122905 0 0 25 0 0 479 52 0 139270245 0 0 0 0 0 57042926 0 0 2094 0 
0 0 0 0 0 0 0 0 0 0 0 0 0 0 0 0 0 0 0 0 0 0 0 3 122905 0 0 25 0 0 483 52 0 139418557 0 0 0 0 0 57042926 0 0 2094 0 
0 0 0 0 0 0 0 0 0 0 0 0 0 0 0 0 0 0 0 0 0 0 0 3 122905 0 0 25 0 0 483 52 0 139558477 0 0 0 0 0 57045247 0 0 2094 0 
0 0 0 0 0 0 0 0 0 0 0 0 0 0 0 0 0 0 0 0 0 0 0 3 122905 0 0 25 0 0 483 52 0 139722897 0 0 0 0 0 57047557 0 0 2094 0 
0 0 0 0 0 0 0 0 0 0 0 0 0 0 0 0 0 0 0 0 0 0 0 3 122905 0 0 25 0 0 483 52 0 139865507 0 0 0 0 0 57049879 0 0 2094 0 
0 0 0 0 0 0 0 0 0 0 0 0 0 0 0 0 0 0 0 0 0 0 0 3 122905 0 0 25 0 0 483 52 0 139953069 0 0 0 0 0 57059066 0 0 2094 0 
0 0 0 0 0 0 0 0 0 0 0 0 0 0 0 0 0 0 0 0 0 0 0 3 122905 0 0 25 0 0 483 52 0 139995755 0 0 0 0 0 57061378 0 0 2098 0 
0 0 0 0 0 0 0 0 0 0 0 0 0 0 0 0 0 0 0 0 0 0 0 3 122905 0 0 25 0 0 483 52 0 139995755 0 0 0 0 0 57061378 0 0 2098 0 
0 0 0 0 0 0 0 0 0 0 0 0 0 0 0 0 0 0 0 0 0 0 0 3 122905 0 0 25 0 0 483 52 0 139995755 0 0 0 0 0 57061378 0 0 2098 0 
0 0 0 0 0 0 0 0 0 0 0 0 0 0 0 0 0 0 0 0 0 0 0 3 122905 0 0 25 0 0 483 52 0 139995755 0 0 0 0 0 57061378 0 0 2098 0 
0 0 0 0 0 0 0 0 0 0 0 0 0 0 0 0 0 0 0 0 0 0 0 3 122905 0 0 25 0 0 483 52 0 139995755 0 0 0 0 0 57061378 0 0 2098 0 
0 0 0 0 0 0 0 0 0 0 0 0 0 0 0 0 0 0 0 0 0 0 0 3 122905 0 0 25 0 0 483 52 0 139995755 0 0 0 0 0 57061378 0 0 2098 0 
