0 0 0 0 0 0 0 0 0 0 0 0 0 0 0 0 0 0 0 0 0 0 0 3 0 28364 28366 0 0 117 0 0 15 30380038 0 0 0 0 0 0 10949898 694 0 0 
0 0 0 0 0 0 0 0 0 0 0 0 0 0 0 0 0 0 0 0 0 0 0 3 28365 0 0 8 0 0 117 15 0 7400167 12568771 10407904 0 0 0 10951067 0 0 694 0 
0 0 0 0 0 0 0 0 0 0 0 0 0 0 0 0 0 0 0 0 0 0 0 3 0 28364 28366 0 0 117 0 0 15 30380038 0 0 0 0 0 0 10949898 694 0 0 
0 0 0 0 0 0 0 0 0 0 0 0 0 0 0 0 0 0 0 0 0 0 0 3 28365 0 0 8 0 0 117 15 0 7400167 12568771 10407904 0 0 0 10951067 0 0 694 0 
0 0 0 0 0 0 0 0 0 0 0 0 0 0 0 0 0 0 0 0 0 0 0 3 0 28364 28366 0 0 117 0 0 15 30380038 0 0 0 0 0 0 10949898 694 0 0 
0 0 0 0 0 0 0 0 0 0 0 0 0 0 0 0 0 0 0 0 0 0 0 3 28365 0 0 8 0 0 117 15 0 7400167 12568771 10407904 0 0 0 10951067 0 0 694 0 
0 0 0 0 0 0 0 0 0 0 0 0 0 0 0 0 0 0 0 0 0 0 0 3 0 28364 28366 0 0 117 0 0 15 30380038 0 0 0 0 0 0 10949898 694 0 0 
0 0 0 0 0 0 0 0 0 0 0 0 0 0 0 0 0 0 0 0 0 0 0 3 28365 0 0 8 0 0 117 15 0 7400167 12568771 10407904 0 0 0 10951067 0 0 694 0 
0 0 0 0 0 0 0 0 0 0 0 0 0 0 0 0 0 0 0 0 0 0 0 3 0 28364 28366 0 0 117 0 0 15 30380038 0 0 0 0 0 0 10949898 694 0 0 
0 0 0 0 0 0 0 0 0 0 0 0 0 0 0 0 0 0 0 0 0 0 0 3 28365 0 0 8 0 0 117 15 0 7400167 12568771 10407904 0 0 0 10951067 0 0 694 0 
0 0 0 0 0 0 0 0 0 0 0 0 0 0 0 0 0 0 0 0 0 0 0 3 0 28364 28366 0 0 117 0 0 15 30380038 0 0 0 0 0 0 10949898 694 0 0 
0 0 0 0 0 0 0 0 0 0 0 0 0 0 0 0 0 0 0 0 0 0 0 3 28365 0 0 8 0 0 117 15 0 7400167 12568771 10407904 0 0 0 10951067 0 0 694 0 
0 0 0 0 0 0 0 0 0 0 0 0 0 0 0 0 0 0 0 0 0 0 0 3 0 28364 28366 0 0 117 0 0 15 30380038 0 0 0 0 0 0 10949898 694 0 0 
0 0 0 0 0 0 0 0 0 0 0 0 0 0 0 0 0 0 0 0 0 0 0 3 28365 0 0 8 0 0 117 15 0 7400167 12568771 10407904 0 0 0 10951067 0 0 694 0 
0 0 0 0 0 0 0 0 0 0 0 0 0 0 0 0 0 0 0 0 0 0 0 3 0 28364 28366 0 0 117 0 0 15 30380038 0 0 0 0 0 0 10949898 694 0 0 
0 0 0 0 0 0 0 0 0 0 0 0 0 0 0 0 0 0 0 0 0 0 0 3 28365 0 0 8 0 0 117 15 0 7400167 12568771 10407904 0 0 0 10951067 0 0 694 0 
0 0 0 0 0 0 0 0 0 0 0 0 0 0 0 0 0 0 0 0 0 0 0 3 0 28364 28366 0 0 117 0 0 15 30380038 0 0 0 0 0 0 10949898 694 0 0 
0 0 0 0 0 0 0 0 0 0 0 0 0 0 0 0 0 0 0 0 0 0 0 3 28365 0 0 8 0 0 117 15 0 7400167 12568771 10407904 0 0 0 10951067 0 0 694 0 
0 0 0 0 0 0 0 0 0 0 0 0 0 0 0 0 0 0 0 0 0 0 0 3 0 28364 28366 0 0 117 0 0 15 30380038 0 0 0 0 0 0 10949898 694 0 0 
0 0 0 0 0 0 0 0 0 0 0 0 0 0 0 0 0 0 0 0 0 0 0 3 28365 0 0 8 0 0 117 15 0 7400167 12568771 10407904 0 0 0 10951067 0 0 694 0 
0 0 0 0 0 0 0 0 0 0 0 0 0 0 0 0 0 0 0 0 0 0 0 3 0 28364 28366 0 0 117 0 0 15 30380038 0 0 0 0 0 0 10949898 694 0 0 
0 0 0 0 0 0 0 0 0 0 0 0 0 0 0 0 0 0 0 0 0 0 0 3 28365 0 0 8 0 0 117 15 0 7400167 12568771 10407904 0 0 0 10951067 0 0 694 0 
0 0 0 0 0 0 0 0 0 0 0 0 0 0 0 0 0 0 0 0 0 0 0 3 0 28364 28366 0 0 117 0 0 15 30380038 0 0 0 0 0 0 10949898 694 0 0 
0 0 0 0 0 0 0 0 0 0 0 0 0 0 0 0 0 0 0 0 0 0 0 3 28365 0 0 8 0 0 117 15 0 7400167 12568771 10407904 0 0 0 10951067 0 0 694 0 
0 0 0 0 0 0 0 0 0 0 0 0 0 0 0 0 0 0 0 0 0 0 0 3 0 28364 28366 0 0 117 0 0 15 30380038 0 0 0 0 0 0 10949898 694 0 0 
0 0 0 0 0 0 0 0 0 0 0 0 0 0 0 0 0 0 0 0 0 0 0 3 28365 0 0 8 0 0 117 15 0 7400167 12568771 10407904 0 0 0 10951067 0 0 694 0 
0 0 0 0 0 0 0 0 0 0 0 0 0 0 0 0 0 0 0 0 0 0 0 3 0 28364 28366 0 0 117 0 0 15 30380038 0 0 0 0 0 0 10949898 694 0 0 
0 0 0 0 0 0 0 0 0 0 0 0 0 0 0 0 0 0 0 0 0 0 0 3 28365 0 0 8 0 0 117 15 0 7400167 12568771 10407904 0 0 0 10951067 0 0 694 0 
0 0 0 0 0 0 0 0 0 0 0 0 0 0 0 0 0 0 0 0 0 0 0 3 0 28364 28366 0 0 117 0 0 15 30380038 0 0 0 0 0 0 10949898 694 0 0 
0 0 0 0 0 0 0 0 0 0 0 0 0 0 0 0 0 0 0 0 0 0 0 3 28365 0 0 8 0 0 117 15 0 7400167 12568771 10407904 0 0 0 10951067 0 0 694 0 
0 0 0 0 0 0 0 0 0 0 0 0 0 0 0 0 0 0 0 0 0 0 0 3 0 28364 28366 0 0 117 0 0 15 30380038 0 0 0 0 0 0 10949898 694 0 0 
0 0 0 0 0 0 0 0 0 0 0 0 0 0 0 0 0 0 0 0 0 0 0 3 28365 0 0 8 0 0 117 15 0 7400167 12568771 10407904 0 0 0 10951067 0 0 694 0 
0 0 0 0 0 0 0 0 0 0 0 0 0 0 0 0 0 0 0 0 0 0 0 3 0 28364 28366 0 0 117 0 0 15 30380038 0 0 0 0 0 0 10949898 694 0 0 
0 0 0 0 0 0 0 0 0 0 0 0 0 0 0 0 0 0 0 0 0 0 0 3 28365 0 0 8 0 0 117 15 0 7400167 12568771 10407904 0 0 0 10951067 0 0 694 0 
====>
0 0 0 0 0 0 0 0 0 0 0 0 0 0 0 0 0 0 0 0 0 0 0 3 0 28364 28366 0 0 117 0 0 15 30380038 0 0 0 0 0 0 10949898 694 0 0 
0 0 0 0 0 0 0 0 0 0 0 0 0 0 0 0 0 0 0 0 0 0 0 3 28365 0 0 8 0 0 117 15 0 7400167 12568771 10407904 0 0 0 10951067 0 0 694 0 
0 0 0 0 0 0 0 0 0 0 0 0 0 0 0 0 0 0 0 0 0 0 0 3 0 28364 28366 0 0 117 0 0 15 30380038 0 0 0 0 0 0 10949898 694 0 0 
0 0 0 0 0 0 0 0 0 0 0 0 0 0 0 0 0 0 0 0 0 0 0 3 28365 0 0 8 0 0 117 15 0 7400167 12568771 10407904 0 0 0 10951067 0 0 694 0 
0 0 0 0 0 0 0 0 0 0 0 0 0 0 0 0 0 0 0 0 0 0 0 3 0 28364 28366 0 0 117 0 0 15 30380038 0 0 0 0 0 0 10949898 694 0 0 
0 0 0 0 0 0 0 0 0 0 0 0 0 0 0 0 0 0 0 0 0 0 0 3 28365 0 0 8 0 0 117 15 0 7400167 12568771 10407904 0 0 0 10951067 0 0 694 0 
0 0 0 0 0 0 0 0 0 0 0 0 0 0 0 0 0 0 0 0 0 0 0 3 0 28364 28366 0 0 117 0 0 15 30380038 0 0 0 0 0 0 10949898 694 0 0 
0 0 0 0 0 0 0 0 0 0 0 0 0 0 0 0 0 0 0 0 0 0 0 3 28365 0 0 8 0 0 117 15 0 7400167 12568771 10407904 0 0 0 10951067 0 0 694 0 
0 0 0 0 0 0 0 0 0 0 0 0 0 0 0 0 0 0 0 0 0 0 0 3 0 28364 28366 0 0 117 0 0 15 30380038 0 0 0 0 0 0 10949898 694 0 0 
0 0 0 0 0 0 0 0 0 0 0 0 0 0 0 0 0 0 0 0 0 0 0 3 28365 0 0 8 0 0 117 15 0 7400167 12568771 10407904 0 0 0 10951067 0 0 694 0 
0 0 0 0 0 0 0 0 0 0 0 0 0 0 0 0 0 0 0 0 0 0 0 3 0 28364 28366 0 0 117 0 0 15 30380038 0 0 0 0 0 0 10949898 694 0 0 
0 0 0 0 0 0 0 0 0 0 0 0 0 0 0 0 0 0 0 0 0 0 0 3 28365 0 0 8 0 0 117 15 0 7400167 12568771 10407904 0 0 0 10951067 0 0 694 0 
0 0 0 0 0 0 0 0 0 0 0 0 0 0 0 0 0 0 0 0 0 0 0 3 0 28364 28366 0 0 117 0 0 15 30380038 0 0 0 0 0 0 10949898 694 0 0 
0 0 0 0 0 0 0 0 0 0 0 0 0 0 0 0 0 0 0 0 0 0 0 3 28365 0 0 8 0 0 117 15 0 7400167 12568771 10407904 0 0 0 10951067 0 0 694 0 
0 0 0 0 0 0 0 0 0 0 0 0 0 0 0 0 0 0 0 0 0 0 0 3 0 28364 28366 0 0 117 0 0 15 30380038 0 0 0 0 0 0 10949898 694 0 0 
0 0 0 0 0 0 0 0 0 0 0 0 0 0 0 0 0 0 0 0 0 0 0 3 28365 0 0 8 0 0 117 15 0 7400167 12568771 10407904 0 0 0 10951067 0 0 694 0 
0 0 0 0 0 0 0 0 0 0 0 0 0 0 0 0 0 0 0 0 0 0 0 3 0 28364 28366 0 0 117 0 0 15 30380038 0 0 0 0 0 0 10949898 694 0 0 
0 0 0 0 0 0 0 0 0 0 0 0 0 0 0 0 0 0 0 0 0 0 0 3 28365 0 0 8 0 0 117 15 0 7400167 12568771 10407904 0 0 0 10951067 0 0 694 0 
0 0 0 0 0 0 0 0 0 0 0 0 0 0 0 0 0 0 0 0 0 0 0 3 0 28364 28366 0 0 117 0 0 15 30380038 0 0 0 0 0 0 10949898 694 0 0 
0 0 0 0 0 0 0 0 0 0 0 0 0 0 0 0 0 0 0 0 0 0 0 3 28365 0 0 8 0 0 117 15 0 7400167 12568771 10407904 0 0 0 10951067 0 0 694 0 
0 0 0 0 0 0 0 0 0 0 0 0 0 0 0 0 0 0 0 0 0 0 0 3 0 28364 28366 0 0 117 0 0 15 30380038 0 0 0 0 0 0 10949898 694 0 0 
0 0 0 0 0 0 0 0 0 0 0 0 0 0 0 0 0 0 0 0 0 0 0 3 28365 0 0 8 0 0 117 15 0 7400167 12568771 10407904 0 0 0 10951067 0 0 694 0 
0 0 0 0 0 0 0 0 0 0 0 0 0 0 0 0 0 0 0 0 0 0 0 3 0 28364 28366 0 0 117 0 0 15 30380038 0 0 0 0 0 0 10949898 694 0 0 
0 0 0 0 0 0 0 0 0 0 0 0 0 0 0 0 0 0 0 0 0 0 0 3 28365 0 0 8 0 0 117 15 0 7400167 12568771 10407904 0 0 0 10951067 0 0 694 0 
0 0 0 0 0 0 0 0 0 0 0 0 0 0 0 0 0 0 0 0 0 0 0 3 0 28364 28366 0 0 117 0 0 15 30380038 0 0 0 0 0 0 10949898 694 0 0 
0 0 0 0 0 0 0 0 0 0 0 0 0 0 0 0 0 0 0 0 0 0 0 3 28365 0 0 8 0 0 117 15 0 7400167 12568771 10407904 0 0 0 10951067 0 0 694 0 
0 0 0 0 0 0 0 0 0 0 0 0 0 0 0 0 0 0 0 0 0 0 0 3 0 28364 28366 0 0 117 0 0 15 30380038 0 0 0 0 0 0 10949898 694 0 0 
0 0 0 0 0 0 0 0 0 0 0 0 0 0 0 0 0 0 0 0 0 0 0 3 28365 0 0 8 0 0 117 15 0 7400167 12568771 10407904 0 0 0 10951067 0 0 694 0 
0 0 0 0 0 0 0 0 0 0 0 0 0 0 0 0 0 0 0 0 0 0 0 3 0 28364 28366 0 0 117 0 0 15 30380038 0 0 0 0 0 0 10949898 694 0 0 
0 0 0 0 0 0 0 0 0 0 0 0 0 0 0 0 0 0 0 0 0 0 0 3 28365 0 0 8 0 0 117 15 0 7400167 12568771 10407904 0 0 0 10951067 0 0 694 0 
0 0 0 0 0 0 0 0 0 0 0 0 0 0 0 0 0 0 0 0 0 0 0 3 0 28364 28366 0 0 117 0 0 15 30380038 0 0 0 0 0 0 10949898 694 0 0 
0 0 0 0 0 0 0 0 0 0 0 0 0 0 0 0 0 0 0 0 0 0 0 3 28365 0 0 8 0 0 117 15 0 7400167 12568771 10407904 0 0 0 10951067 0 0 694 0 
0 0 0 0 0 0 0 0 0 0 0 0 0 0 0 0 0 0 0 0 0 0 0 3 0 28364 28366 0 0 117 0 0 15 30380038 0 0 0 0 0 0 10949898 694 0 0 
0 0 0 0 0 0 0 0 0 0 0 0 0 0 0 0 0 0 0 0 0 0 0 3 28365 0 0 8 0 0 117 15 0 7400167 12568771 10407904 0 0 0 10951067 0 0 694 0 
0 0 0 0 0 0 0 0 0 0 0 0 0 0 0 0 0 0 0 0 0 0 0 3 0 28364 28366 0 0 117 0 0 15 30380038 0 0 0 0 0 0 10949898 694 0 0 
0 0 0 0 0 0 0 0 0 0 0 0 0 0 0 0 0 0 0 0 0 0 0 3 28365 0 0 8 0 0 117 15 0 7400167 12568771 10407904 0 0 0 10951067 0 0 694 0 
0 0 0 0 0 0 0 0 0 0 0 0 0 0 0 0 0 0 0 0 0 0 0 3 0 28364 28366 0 0 117 0 0 15 30380038 0 0 0 0 0 0 10949898 694 0 0 
0 0 0 0 0 0 0 0 0 0 0 0 0 0 0 0 0 0 0 0 0 0 0 3 28365 0 0 8 0 0 117 15 0 7400167 12568771 10407904 0 0 0 10951067 0 0 694 0 
0 0 0 0 0 0 0 0 0 0 0 0 0 0 0 0 0 0 0 0 0 0 0 3 0 28364 28366 0 0 117 0 0 15 30380038 0 0 0 0 0 0 10949898 694 0 0 
0 0 0 0 0 0 0 0 0 0 0 0 0 0 0 0 0 0 0 0 0 0 0 3 28365 0 0 8 0 0 117 15 0 7400167 12568771 10407904 0 0 0 10951067 0 0 694 0 
0 0 0 0 0 0 0 0 0 0 0 0 0 0 0 0 0 0 0 0 0 0 0 3 0 28364 28366 0 0 117 0 0 15 30380038 0 0 0 0 0 0 10949898 694 0 0 
0 0 0 0 0 0 0 0 0 0 0 0 0 0 0 0 0 0 0 0 0 0 0 3 28365 0 0 8 0 0 117 15 0 7400167 12568771 10407904 0 0 0 10951067 0 0 694 0 
0 0 0 0 0 0 0 0 0 0 0 0 0 0 0 0 0 0 0 0 0 0 0 3 0 28364 28366 0 0 117 0 0 15 30380038 0 0 0 0 0 0 10949898 694 0 0 
0 0 0 0 0 0 0 0 0 0 0 0 0 0 0 0 0 0 0 0 0 0 0 3 28365 0 0 8 0 0 117 15 0 7400167 12568771 10407904 0 0 0 10951067 0 0 694 0 
0 0 0 0 0 0 0 0 0 0 0 0 0 0 0 0 0 0 0 0 0 0 0 3 0 28364 28366 0 0 117 0 0 15 30380038 0 0 0 0 0 0 10949898 694 0 0 
0 0 0 0 0 0 0 0 0 0 0 0 0 0 0 0 0 0 0 0 0 0 0 3 28365 0 0 8 0 0 117 15 0 7400167 12568771 10407904 0 0 0 10951067 0 0 694 0 
0 0 0 0 0 0 0 0 0 0 0 0 0 0 0 0 0 0 0 0 0 0 0 3 0 28364 28366 0 0 117 0 0 15 30380038 0 0 0 0 0 0 10949898 694 0 0 
0 0 0 0 0 0 0 0 0 0 0 0 0 0 0 0 0 0 0 0 0 0 0 3 28365 0 0 8 0 0 117 15 0 7400167 12568771 10407904 0 0 0 10951067 0 0 694 0 
0 0 0 0 0 0 0 0 0 0 0 0 0 0 0 0 0 0 0 0 0 0 0 3 0 28364 28366 0 0 117 0 0 15 30380038 0 0 0 0 0 0 10949898 694 0 0 
0 0 0 0 0 0 0 0 0 0 0 0 0 0 0 0 0 0 0 0 0 0 0 3 28365 0 0 8 0 0 117 15 0 7400167 12568771 10407904 0 0 0 10951067 0 0 694 0 
0 0 0 0 0 0 0 0 0 0 0 0 0 0 0 0 0 0 0 0 0 0 0 3 0 28364 28366 0 0 117 0 0 15 30380038 0 0 0 0 0 0 10949898 694 0 0 
0 0 0 0 0 0 0 0 0 0 0 0 0 0 0 0 0 0 0 0 0 0 0 3 28365 0 0 8 0 0 117 15 0 7400167 12568771 10407904 0 0 0 10951067 0 0 694 0 
0 0 0 0 0 0 0 0 0 0 0 0 0 0 0 0 0 0 0 0 0 0 0 3 0 28364 28366 0 0 117 0 0 15 30380038 0 0 0 0 0 0 10949898 694 0 0 
0 0 0 0 0 0 0 0 0 0 0 0 0 0 0 0 0 0 0 0 0 0 0 3 28365 0 0 8 0 0 117 15 0 7400167 12568771 10407904 0 0 0 10951067 0 0 694 0 
0 0 0 0 0 0 0 0 0 0 0 0 0 0 0 0 0 0 0 0 0 0 0 3 0 28364 28366 0 0 117 0 0 15 30380038 0 0 0 0 0 0 10949898 694 0 0 
0 0 0 0 0 0 0 0 0 0 0 0 0 0 0 0 0 0 0 0 0 0 0 3 28365 0 0 8 0 0 117 15 0 7400167 12568771 10407904 0 0 0 10951067 0 0 694 0 
0 0 0 0 0 0 0 0 0 0 0 0 0 0 0 0 0 0 0 0 0 0 0 3 0 28364 28366 0 0 117 0 0 15 30380038 0 0 0 0 0 0 10949898 694 0 0 
0 0 0 0 0 0 0 0 0 0 0 0 0 0 0 0 0 0 0 0 0 0 0 3 28365 0 0 8 0 0 117 15 0 7400167 12568771 10407904 0 0 0 10951067 0 0 694 0 
0 0 0 0 0 0 0 0 0 0 0 0 0 0 0 0 0 0 0 0 0 0 0 3 0 28364 28366 0 0 117 0 0 15 30380038 0 0 0 0 0 0 10949898 694 0 0 
0 0 0 0 0 0 0 0 0 0 0 0 0 0 0 0 0 0 0 0 0 0 0 3 28365 0 0 8 0 0 117 15 0 7400167 12568771 10407904 0 0 0 10951067 0 0 694 0 
0 0 0 0 0 0 0 0 0 0 0 0 0 0 0 0 0 0 0 0 0 0 0 3 0 28364 28366 0 0 117 0 0 15 30380038 0 0 0 0 0 0 10949898 694 0 0 
0 0 0 0 0 0 0 0 0 0 0 0 0 0 0 0 0 0 0 0 0 0 0 3 28365 0 0 8 0 0 117 15 0 7400167 12568771 10407904 0 0 0 10951067 0 0 694 0 
0 0 0 0 0 0 0 0 0 0 0 0 0 0 0 0 0 0 0 0 0 0 0 3 0 28364 28366 0 0 117 0 0 15 30380038 0 0 0 0 0 0 10949898 694 0 0 
0 0 0 0 0 0 0 0 0 0 0 0 0 0 0 0 0 0 0 0 0 0 0 3 28365 0 0 8 0 0 117 15 0 7400167 12568771 10407904 0 0 0 10951067 0 0 694 0 
0 0 0 0 0 0 0 0 0 0 0 0 0 0 0 0 0 0 0 0 0 0 0 3 0 28364 28366 0 0 117 0 0 15 30380038 0 0 0 0 0 0 10949898 694 0 0 
0 0 0 0 0 0 0 0 0 0 0 0 0 0 0 0 0 0 0 0 0 0 0 3 28365 0 0 8 0 0 117 15 0 7400167 12568771 10407904 0 0 0 10951067 0 0 694 0 
0 0 0 0 0 0 0 0 0 0 0 0 0 0 0 0 0 0 0 0 0 0 0 3 0 28364 28366 0 0 117 0 0 15 30380038 0 0 0 0 0 0 10949898 694 0 0 
0 0 0 0 0 0 0 0 0 0 0 0 0 0 0 0 0 0 0 0 0 0 0 3 28365 0 0 8 0 0 117 15 0 7400167 12568771 10407904 0 0 0 10951067 0 0 694 0 
0 0 0 0 0 0 0 0 0 0 0 0 0 0 0 0 0 0 0 0 0 0 0 3 0 28364 28366 0 0 117 0 0 15 30380038 0 0 0 0 0 0 10949898 694 0 0 
0 0 0 0 0 0 0 0 0 0 0 0 0 0 0 0 0 0 0 0 0 0 0 3 28365 0 0 8 0 0 117 15 0 7400167 12568771 10407904 0 0 0 10951067 0 0 694 0 
0 0 0 0 0 0 0 0 0 0 0 0 0 0 0 0 0 0 0 0 0 0 0 3 0 28364 28366 0 0 117 0 0 15 30380038 0 0 0 0 0 0 10949898 694 0 0 
0 0 0 0 0 0 0 0 0 0 0 0 0 0 0 0 0 0 0 0 0 0 0 3 28365 0 0 8 0 0 117 15 0 7400167 12568771 10407904 0 0 0 10951067 0 0 694 0 
0 0 0 0 0 0 0 0 0 0 0 0 0 0 0 0 0 0 0 0 0 0 0 3 0 28364 28366 0 0 117 0 0 15 30380038 0 0 0 0 0 0 10949898 694 0 0 
0 0 0 0 0 0 0 0 0 0 0 0 0 0 0 0 0 0 0 0 0 0 0 3 28365 0 0 8 0 0 117 15 0 7400167 12568771 10407904 0 0 0 10951067 0 0 694 0 
0 0 0 0 0 0 0 0 0 0 0 0 0 0 0 0 0 0 0 0 0 0 0 3 0 28364 28366 0 0 117 0 0 15 30380038 0 0 0 0 0 0 10949898 694 0 0 
0 0 0 0 0 0 0 0 0 0 0 0 0 0 0 0 0 0 0 0 0 0 0 3 28365 0 0 8 0 0 117 15 0 7400167 12568771 10407904 0 0 0 10951067 0 0 694 0 
0 0 0 0 0 0 0 0 0 0 0 0 0 0 0 0 0 0 0 0 0 0 0 3 0 28364 28366 0 0 117 0 0 15 30380038 0 0 0 0 0 0 10949898 694 0 0 
0 0 0 0 0 0 0 0 0 0 0 0 0 0 0 0 0 0 0 0 0 0 0 3 28365 0 0 8 0 0 117 15 0 7400167 12568771 10407904 0 0 0 10951067 0 0 694 0 
0 0 0 0 0 0 0 0 0 0 0 0 0 0 0 0 0 0 0 0 0 0 0 3 0 28364 28366 0 0 117 0 0 15 30380038 0 0 0 0 0 0 10949898 694 0 0 
0 0 0 0 0 0 0 0 0 0 0 0 0 0 0 0 0 0 0 0 0 0 0 3 28365 0 0 8 0 0 117 15 0 7400167 12568771 10407904 0 0 0 10951067 0 0 694 0 
0 0 0 0 0 0 0 0 0 0 0 0 0 0 0 0 0 0 0 0 0 0 0 3 0 28364 28366 0 0 117 0 0 15 30380038 0 0 0 0 0 0 10949898 694 0 0 
0 0 0 0 0 0 0 0 0 0 0 0 0 0 0 0 0 0 0 0 0 0 0 3 28365 0 0 8 0 0 117 15 0 7400167 12568771 10407904 0 0 0 10951067 0 0 694 0 
0 0 0 0 0 0 0 0 0 0 0 0 0 0 0 0 0 0 0 0 0 0 0 3 0 28364 28366 0 0 117 0 0 15 30380038 0 0 0 0 0 0 10949898 694 0 0 
0 0 0 0 0 0 0 0 0 0 0 0 0 0 0 0 0 0 0 0 0 0 0 3 28365 0 0 8 0 0 117 15 0 7400167 12568771 10407904 0 0 0 10951067 0 0 694 0 
0 0 0 0 0 0 0 0 0 0 0 0 0 0 0 0 0 0 0 0 0 0 0 3 0 28364 28366 0 0 117 0 0 15 30380038 0 0 0 0 0 0 10949898 694 0 0 
0 0 0 0 0 0 0 0 0 0 0 0 0 0 0 0 0 0 0 0 0 0 0 3 28365 0 0 8 0 0 117 15 0 7400167 12568771 10407904 0 0 0 10951067 0 0 694 0 
0 0 0 0 0 0 0 0 0 0 0 0 0 0 0 0 0 0 0 0 0 0 0 3 0 28364 28366 0 0 117 0 0 15 30380038 0 0 0 0 0 0 10949898 694 0 0 
0 0 0 0 0 0 0 0 0 0 0 0 0 0 0 0 0 0 0 0 0 0 0 3 28365 0 0 8 0 0 117 15 0 7400167 12568771 10407904 0 0 0 10951067 0 0 694 0 
0 0 0 0 0 0 0 0 0 0 0 0 0 0 0 0 0 0 0 0 0 0 0 3 0 28364 28366 0 0 117 0 0 15 30380038 0 0 0 0 0 0 10949898 694 0 0 
0 0 0 0 0 0 0 0 0 0 0 0 0 0 0 0 0 0 0 0 0 0 0 3 28365 0 0 8 0 0 117 15 0 7400167 12568771 10407904 0 0 0 10951067 0 0 694 0 
0 0 0 0 0 0 0 0 0 0 0 0 0 0 0 0 0 0 0 0 0 0 0 3 0 28364 28366 0 0 117 0 0 15 30380038 0 0 0 0 0 0 10949898 694 0 0 
0 0 0 0 0 0 0 0 0 0 0 0 0 0 0 0 0 0 0 0 0 0 0 3 28365 0 0 8 0 0 117 15 0 7400167 12568771 10407904 0 0 0 10951067 0 0 694 0 
0 0 0 0 0 0 0 0 0 0 0 0 0 0 0 0 0 0 0 0 0 0 0 3 0 28364 28366 0 0 117 0 0 15 30380038 0 0 0 0 0 0 10949898 694 0 0 
0 0 0 0 0 0 0 0 0 0 0 0 0 0 0 0 0 0 0 0 0 0 0 3 28365 0 0 8 0 0 117 15 0 7400167 12568771 10407904 0 0 0 10951067 0 0 694 0 
0 0 0 0 0 0 0 0 0 0 0 0 0 0 0 0 0 0 0 0 0 0 0 3 0 28364 28366 0 0 117 0 0 15 30380038 0 0 0 0 0 0 10949898 694 0 0 
0 0 0 0 0 0 0 0 0 0 0 0 0 0 0 0 0 0 0 0 0 0 0 3 28365 0 0 8 0 0 117 15 0 7400167 12568771 10407904 0 0 0 10951067 0 0 694 0 
0 0 0 0 0 0 0 0 0 0 0 0 0 0 0 0 0 0 0 0 0 0 0 3 0 28364 28366 0 0 117 0 0 15 30380038 0 0 0 0 0 0 10949898 694 0 0 
0 0 0 0 0 0 0 0 0 0 0 0 0 0 0 0 0 0 0 0 0 0 0 3 28365 0 0 8 0 0 117 15 0 7400167 12568771 10407904 0 0 0 10951067 0 0 694 0 
0 0 0 0 0 0 0 0 0 0 0 0 0 0 0 0 0 0 0 0 0 0 0 3 0 28364 28366 0 0 117 0 0 15 30380038 0 0 0 0 0 0 10949898 694 0 0 
0 0 0 0 0 0 0 0 0 0 0 0 0 0 0 0 0 0 0 0 0 0 0 3 28365 0 0 8 0 0 117 15 0 7400167 12568771 10407904 0 0 0 10951067 0 0 694 0 
0 0 0 0 0 0 0 0 0 0 0 0 0 0 0 0 0 0 0 0 0 0 0 3 0 28364 28366 0 0 117 0 0 15 30380038 0 0 0 0 0 0 10949898 694 0 0 
0 0 0 0 0 0 0 0 0 0 0 0 0 0 0 0 0 0 0 0 0 0 0 3 28365 0 0 8 0 0 117 15 0 7400167 12568771 10407904 0 0 0 10951067 0 0 694 0 
0 0 0 0 0 0 0 0 0 0 0 0 0 0 0 0 0 0 0 0 0 0 0 3 0 28364 28366 0 0 117 0 0 15 30380038 0 0 0 0 0 0 10949898 694 0 0 
0 0 0 0 0 0 0 0 0 0 0 0 0 0 0 0 0 0 0 0 0 0 0 3 28365 0 0 8 0 0 117 15 0 7400167 12568771 10407904 0 0 0 10951067 0 0 694 0 
0 0 0 0 0 0 0 0 0 0 0 0 0 0 0 0 0 0 0 0 0 0 0 3 0 28364 28366 0 0 117 0 0 15 30380038 0 0 0 0 0 0 10949898 694 0 0 
0 0 0 0 0 0 0 0 0 0 0 0 0 0 0 0 0 0 0 0 0 0 0 3 28365 0 0 8 0 0 117 15 0 7400167 12568771 10407904 0 0 0 10951067 0 0 694 0 
0 0 0 0 0 0 0 0 0 0 0 0 0 0 0 0 0 0 0 0 0 0 0 3 0 28364 28366 0 0 117 0 0 15 30380038 0 0 0 0 0 0 10949898 694 0 0 
0 0 0 0 0 0 0 0 0 0 0 0 0 0 0 0 0 0 0 0 0 0 0 3 28365 0 0 8 0 0 117 15 0 7400167 12568771 10407904 0 0 0 10951067 0 0 694 0 
0 0 0 0 0 0 0 0 0 0 0 0 0 0 0 0 0 0 0 0 0 0 0 3 0 28364 28366 0 0 117 0 0 15 30380038 0 0 0 0 0 0 10949898 694 0 0 
0 0 0 0 0 0 0 0 0 0 0 0 0 0 0 0 0 0 0 0 0 0 0 3 28365 0 0 8 0 0 117 15 0 7400167 12568771 10407904 0 0 0 10951067 0 0 694 0 
0 0 0 0 0 0 0 0 0 0 0 0 0 0 0 0 0 0 0 0 0 0 0 3 0 28364 28366 0 0 117 0 0 15 30380038 0 0 0 0 0 0 10949898 694 0 0 
0 0 0 0 0 0 0 0 0 0 0 0 0 0 0 0 0 0 0 0 0 0 0 3 28365 0 0 8 0 0 117 15 0 7400167 12568771 10407904 0 0 0 10951067 0 0 694 0 
0 0 0 0 0 0 0 0 0 0 0 0 0 0 0 0 0 0 0 0 0 0 0 3 0 28364 28366 0 0 117 0 0 15 30380038 0 0 0 0 0 0 10949898 694 0 0 
0 0 0 0 0 0 0 0 0 0 0 0 0 0 0 0 0 0 0 0 0 0 0 3 28365 0 0 8 0 0 117 15 0 7400167 12568771 10407904 0 0 0 10951067 0 0 694 0 
0 0 0 0 0 0 0 0 0 0 0 0 0 0 0 0 0 0 0 0 0 0 0 3 0 28364 28366 0 0 117 0 0 15 30380038 0 0 0 0 0 0 10949898 694 0 0 
0 0 0 0 0 0 0 0 0 0 0 0 0 0 0 0 0 0 0 0 0 0 0 3 28365 0 0 8 0 0 117 15 0 7400167 12568771 10407904 0 0 0 10951067 0 0 694 0 
0 0 0 0 0 0 0 0 0 0 0 0 0 0 0 0 0 0 0 0 0 0 0 3 0 28364 28366 0 0 117 0 0 15 30380038 0 0 0 0 0 0 10949898 694 0 0 
0 0 0 0 0 0 0 0 0 0 0 0 0 0 0 0 0 0 0 0 0 0 0 3 28365 0 0 8 0 0 117 15 0 7400167 12568771 10407904 0 0 0 10951067 0 0 694 0 
0 0 0 0 0 0 0 0 0 0 0 0 0 0 0 0 0 0 0 0 0 0 0 3 0 28364 28366 0 0 117 0 0 15 30380038 0 0 0 0 0 0 10949898 694 0 0 
0 0 0 0 0 0 0 0 0 0 0 0 0 0 0 0 0 0 0 0 0 0 0 3 28365 0 0 8 0 0 117 15 0 7400167 12568771 10407904 0 0 0 10951067 0 0 694 0 
0 0 0 0 0 0 0 0 0 0 0 0 0 0 0 0 0 0 0 0 0 0 0 3 0 28364 28366 0 0 117 0 0 15 30380038 0 0 0 0 0 0 10949898 694 0 0 
0 0 0 0 0 0 0 0 0 0 0 0 0 0 0 0 0 0 0 0 0 0 0 3 28365 0 0 8 0 0 117 15 0 7400167 12568771 10407904 0 0 0 10951067 0 0 694 0 
0 0 0 0 0 0 0 0 0 0 0 0 0 0 0 0 0 0 0 0 0 0 0 3 0 28364 28366 0 0 117 0 0 15 30380038 0 0 0 0 0 0 10949898 694 0 0 
0 0 0 0 0 0 0 0 0 0 0 0 0 0 0 0 0 0 0 0 0 0 0 3 28365 0 0 8 0 0 117 15 0 7400167 12568771 10407904 0 0 0 10951067 0 0 694 0 
0 0 0 0 0 0 0 0 0 0 0 0 0 0 0 0 0 0 0 0 0 0 0 3 0 28364 28366 0 0 117 0 0 15 30380038 0 0 0 0 0 0 10949898 694 0 0 
0 0 0 0 0 0 0 0 0 0 0 0 0 0 0 0 0 0 0 0 0 0 0 3 28365 0 0 8 0 0 117 15 0 7400167 12568771 10407904 0 0 0 10951067 0 0 694 0 
0 0 0 0 0 0 0 0 0 0 0 0 0 0 0 0 0 0 0 0 0 0 0 3 0 28364 28366 0 0 117 0 0 15 30380038 0 0 0 0 0 0 10949898 694 0 0 
0 0 0 0 0 0 0 0 0 0 0 0 0 0 0 0 0 0 0 0 0 0 0 3 28365 0 0 8 0 0 117 15 0 7400167 12568771 10407904 0 0 0 10951067 0 0 694 0 
0 0 0 0 0 0 0 0 0 0 0 0 0 0 0 0 0 0 0 0 0 0 0 3 0 28364 28366 0 0 117 0 0 15 30380038 0 0 0 0 0 0 10949898 694 0 0 
0 0 0 0 0 0 0 0 0 0 0 0 0 0 0 0 0 0 0 0 0 0 0 3 28365 0 0 8 0 0 117 15 0 7400167 12568771 10407904 0 0 0 10951067 0 0 694 0 
0 0 0 0 0 0 0 0 0 0 0 0 0 0 0 0 0 0 0 0 0 0 0 3 0 28364 28366 0 0 117 0 0 15 30380038 0 0 0 0 0 0 10949898 694 0 0 
0 0 0 0 0 0 0 0 0 0 0 0 0 0 0 0 0 0 0 0 0 0 0 3 28365 0 0 8 0 0 117 15 0 7400167 12568771 10407904 0 0 0 10951067 0 0 694 0 
0 0 0 0 0 0 0 0 0 0 0 0 0 0 0 0 0 0 0 0 0 0 0 3 0 28364 28366 0 0 117 0 0 15 30380038 0 0 0 0 0 0 10949898 694 0 0 
0 0 0 0 0 0 0 0 0 0 0 0 0 0 0 0 0 0 0 0 0 0 0 3 28365 0 0 8 0 0 117 15 0 7400167 12568771 10407904 0 0 0 10951067 0 0 694 0 
0 0 0 0 0 0 0 0 0 0 0 0 0 0 0 0 0 0 0 0 0 0 0 3 0 28364 28366 0 0 117 0 0 15 30380038 0 0 0 0 0 0 10949898 694 0 0 
0 0 0 0 0 0 0 0 0 0 0 0 0 0 0 0 0 0 0 0 0 0 0 3 28365 0 0 8 0 0 117 15 0 7400167 12568771 10407904 0 0 0 10951067 0 0 694 0 
0 0 0 0 0 0 0 0 0 0 0 0 0 0 0 0 0 0 0 0 0 0 0 3 0 28364 28366 0 0 117 0 0 15 30380038 0 0 0 0 0 0 10949898 694 0 0 
0 0 0 0 0 0 0 0 0 0 0 0 0 0 0 0 0 0 0 0 0 0 0 3 28365 0 0 8 0 0 117 15 0 7400167 12568771 10407904 0 0 0 10951067 0 0 694 0 
0 0 0 0 0 0 0 0 0 0 0 0 0 0 0 0 0 0 0 0 0 0 0 3 0 28364 28366 0 0 117 0 0 15 30380038 0 0 0 0 0 0 10949898 694 0 0 
0 0 0 0 0 0 0 0 0 0 0 0 0 0 0 0 0 0 0 0 0 0 0 3 28365 0 0 8 0 0 117 15 0 7400167 12568771 10407904 0 0 0 10951067 0 0 694 0 
<====
0 0 0 0 0 0 0 0 0 0 0 0 0 0 0 0 0 0 0 0 0 0 0 3 0 28364 28366 0 0 117 0 0 15 30380038 0 0 0 0 0 0 10949898 694 0 0 
0 0 0 0 0 0 0 0 0 0 0 0 0 0 0 0 0 0 0 0 0 0 0 3 28365 0 0 8 0 0 117 15 0 7400167 12568771 10407904 0 0 0 10951067 0 0 694 0 
0 0 0 0 0 0 0 0 0 0 0 0 0 0 0 0 0 0 0 0 0 0 0 3 0 28364 28366 0 0 117 0 0 15 30380038 0 0 0 0 0 0 10949898 694 0 0 
0 0 0 0 0 0 0 0 0 0 0 0 0 0 0 0 0 0 0 0 0 0 0 3 28365 0 0 8 0 0 117 15 0 7400167 12568771 10407904 0 0 0 10951067 0 0 694 0 
0 0 0 0 0 0 0 0 0 0 0 0 0 0 0 0 0 0 0 0 0 0 0 3 0 28364 28366 0 0 117 0 0 15 30380038 0 0 0 0 0 0 10949898 694 0 0 
0 0 0 0 0 0 0 0 0 0 0 0 0 0 0 0 0 0 0 0 0 0 0 3 28365 0 0 8 0 0 117 15 0 7400167 12568771 10407904 0 0 0 10951067 0 0 694 0 
0 0 0 0 0 0 0 0 0 0 0 0 0 0 0 0 0 0 0 0 0 0 0 3 0 28364 28366 0 0 117 0 0 15 30380038 0 0 0 0 0 0 10949898 694 0 0 
0 0 0 0 0 0 0 0 0 0 0 0 0 0 0 0 0 0 0 0 0 0 0 3 28365 0 0 8 0 0 117 15 0 7400167 12568771 10407904 0 0 0 10951067 0 0 694 0 
0 0 0 0 0 0 0 0 0 0 0 0 0 0 0 0 0 0 0 0 0 0 0 3 0 28364 28366 0 0 117 0 0 15 30380038 0 0 0 0 0 0 10949898 694 0 0 
0 0 0 0 0 0 0 0 0 0 0 0 0 0 0 0 0 0 0 0 0 0 0 3 28365 0 0 8 0 0 117 15 0 7400167 12568771 10407904 0 0 0 10951067 0 0 694 0 
0 0 0 0 0 0 0 0 0 0 0 0 0 0 0 0 0 0 0 0 0 0 0 3 0 28364 28366 0 0 117 0 0 15 30380038 0 0 0 0 0 0 10949898 694 0 0 
0 0 0 0 0 0 0 0 0 0 0 0 0 0 0 0 0 0 0 0 0 0 0 3 28365 0 0 8 0 0 117 15 0 7400167 12568771 10407904 0 0 0 10951067 0 0 694 0 
