0 0 0 0 0 0 0 0 0 0 0 0 0 0 0 0 0 0 0 0 0 0 0 3 0 53674 53669 0 0 202 0 0 22 66039089 0 0 0 0 0 0 28837806 713 0 0 
0 0 0 0 0 0 0 0 0 0 0 0 0 0 0 0 0 0 0 0 0 0 0 3 53666 0 0 9 0 0 203 22 0 14085077 30552952 21397571 0 0 0 28841057 0 0 713 0 
0 0 0 0 0 0 0 0 0 0 0 0 0 0 0 0 0 0 0 0 0 0 0 3 0 53674 53669 0 0 202 0 0 22 66039089 0 0 0 0 0 0 28837806 713 0 0 
0 0 0 0 0 0 0 0 0 0 0 0 0 0 0 0 0 0 0 0 0 0 0 3 53666 0 0 9 0 0 203 22 0 14085077 30552952 21397571 0 0 0 28841057 0 0 713 0 
0 0 0 0 0 0 0 0 0 0 0 0 0 0 0 0 0 0 0 0 0 0 0 3 0 53674 53669 0 0 202 0 0 22 66039089 0 0 0 0 0 0 28837806 713 0 0 
0 0 0 0 0 0 0 0 0 0 0 0 0 0 0 0 0 0 0 0 0 0 0 3 53666 0 0 9 0 0 203 22 0 14085077 30552952 21397571 0 0 0 28841057 0 0 713 0 
0 0 0 0 0 0 0 0 0 0 0 0 0 0 0 0 0 0 0 0 0 0 0 3 0 53674 53669 0 0 202 0 0 22 66039089 0 0 0 0 0 0 28837806 713 0 0 
0 0 0 0 0 0 0 0 0 0 0 0 0 0 0 0 0 0 0 0 0 0 0 3 53666 0 0 9 0 0 203 22 0 14085077 30552952 21397571 0 0 0 28841057 0 0 713 0 
0 0 0 0 0 0 0 0 0 0 0 0 0 0 0 0 0 0 0 0 0 0 0 3 0 53674 53669 0 0 202 0 0 22 66039089 0 0 0 0 0 0 28837806 713 0 0 
0 0 0 0 0 0 0 0 0 0 0 0 0 0 0 0 0 0 0 0 0 0 0 3 53666 0 0 9 0 0 203 22 0 14085077 30552952 21397571 0 0 0 28841057 0 0 713 0 
0 0 0 0 0 0 0 0 0 0 0 0 0 0 0 0 0 0 0 0 0 0 0 3 0 53674 53669 0 0 202 0 0 22 66039089 0 0 0 0 0 0 28837806 713 0 0 
0 0 0 0 0 0 0 0 0 0 0 0 0 0 0 0 0 0 0 0 0 0 0 3 53666 0 0 9 0 0 203 22 0 14085077 30552952 21397571 0 0 0 28841057 0 0 713 0 
0 0 0 0 0 0 0 0 0 0 0 0 0 0 0 0 0 0 0 0 0 0 0 3 0 53674 53669 0 0 202 0 0 22 66039089 0 0 0 0 0 0 28837806 713 0 0 
0 0 0 0 0 0 0 0 0 0 0 0 0 0 0 0 0 0 0 0 0 0 0 3 53666 0 0 9 0 0 203 22 0 14085077 30552952 21397571 0 0 0 28841057 0 0 713 0 
0 0 0 0 0 0 0 0 0 0 0 0 0 0 0 0 0 0 0 0 0 0 0 3 0 53674 53669 0 0 202 0 0 22 66039089 0 0 0 0 0 0 28837806 713 0 0 
0 0 0 0 0 0 0 0 0 0 0 0 0 0 0 0 0 0 0 0 0 0 0 3 53666 0 0 9 0 0 203 22 0 14085077 30552952 21397571 0 0 0 28841057 0 0 713 0 
0 0 0 0 0 0 0 0 0 0 0 0 0 0 0 0 0 0 0 0 0 0 0 3 0 53674 53669 0 0 202 0 0 22 66039089 0 0 0 0 0 0 28837806 713 0 0 
0 0 0 0 0 0 0 0 0 0 0 0 0 0 0 0 0 0 0 0 0 0 0 3 53666 0 0 9 0 0 203 22 0 14085077 30552952 21397571 0 0 0 28841057 0 0 713 0 
0 0 0 0 0 0 0 0 0 0 0 0 0 0 0 0 0 0 0 0 0 0 0 3 0 53674 53669 0 0 202 0 0 22 66039089 0 0 0 0 0 0 28837806 713 0 0 
0 0 0 0 0 0 0 0 0 0 0 0 0 0 0 0 0 0 0 0 0 0 0 3 53666 0 0 9 0 0 203 22 0 14085077 30552952 21397571 0 0 0 28841057 0 0 713 0 
0 0 0 0 0 0 0 0 0 0 0 0 0 0 0 0 0 0 0 0 0 0 0 3 0 53674 53669 0 0 202 0 0 22 66039089 0 0 0 0 0 0 28837806 713 0 0 
0 0 0 0 0 0 0 0 0 0 0 0 0 0 0 0 0 0 0 0 0 0 0 3 53666 0 0 9 0 0 203 22 0 14085077 30552952 21397571 0 0 0 28841057 0 0 713 0 
0 0 0 0 0 0 0 0 0 0 0 0 0 0 0 0 0 0 0 0 0 0 0 3 0 53674 53669 0 0 202 0 0 22 66039089 0 0 0 0 0 0 28837806 713 0 0 
0 0 0 0 0 0 0 0 0 0 0 0 0 0 0 0 0 0 0 0 0 0 0 3 53666 0 0 9 0 0 203 22 0 14085077 30552952 21397571 0 0 0 28841057 0 0 713 0 
0 0 0 0 0 0 0 0 0 0 0 0 0 0 0 0 0 0 0 0 0 0 0 3 0 53674 53669 0 0 202 0 0 22 66039089 0 0 0 0 0 0 28837806 713 0 0 
0 0 0 0 0 0 0 0 0 0 0 0 0 0 0 0 0 0 0 0 0 0 0 3 53666 0 0 9 0 0 203 22 0 14085077 30552952 21397571 0 0 0 28841057 0 0 713 0 
0 0 0 0 0 0 0 0 0 0 0 0 0 0 0 0 0 0 0 0 0 0 0 3 0 53674 53669 0 0 202 0 0 22 66039089 0 0 0 0 0 0 28837806 713 0 0 
0 0 0 0 0 0 0 0 0 0 0 0 0 0 0 0 0 0 0 0 0 0 0 3 53666 0 0 9 0 0 203 22 0 14085077 30552952 21397571 0 0 0 28841057 0 0 713 0 
0 0 0 0 0 0 0 0 0 0 0 0 0 0 0 0 0 0 0 0 0 0 0 3 0 53674 53669 0 0 202 0 0 22 66039089 0 0 0 0 0 0 28837806 713 0 0 
0 0 0 0 0 0 0 0 0 0 0 0 0 0 0 0 0 0 0 0 0 0 0 3 53666 0 0 9 0 0 203 22 0 14085077 30552952 21397571 0 0 0 28841057 0 0 713 0 
0 0 0 0 0 0 0 0 0 0 0 0 0 0 0 0 0 0 0 0 0 0 0 3 0 53674 53669 0 0 202 0 0 22 66039089 0 0 0 0 0 0 28837806 713 0 0 
0 0 0 0 0 0 0 0 0 0 0 0 0 0 0 0 0 0 0 0 0 0 0 3 53666 0 0 9 0 0 203 22 0 14085077 30552952 21397571 0 0 0 28841057 0 0 713 0 
0 0 0 0 0 0 0 0 0 0 0 0 0 0 0 0 0 0 0 0 0 0 0 3 0 53674 53669 0 0 202 0 0 22 66039089 0 0 0 0 0 0 28837806 713 0 0 
0 0 0 0 0 0 0 0 0 0 0 0 0 0 0 0 0 0 0 0 0 0 0 3 53666 0 0 9 0 0 203 22 0 14085077 30552952 21397571 0 0 0 28841057 0 0 713 0 
====>
0 0 0 0 0 0 0 0 0 0 0 0 0 0 0 0 0 0 0 0 0 0 0 3 0 53674 53669 0 0 202 0 0 22 66039089 0 0 0 0 0 0 28837806 713 0 0 
0 0 0 0 0 0 0 0 0 0 0 0 0 0 0 0 0 0 0 0 0 0 0 3 53666 0 0 9 0 0 203 22 0 14085077 30552952 21397571 0 0 0 28841057 0 0 713 0 
0 0 0 0 0 0 0 0 0 0 0 0 0 0 0 0 0 0 0 0 0 0 0 3 0 53674 53669 0 0 202 0 0 22 66039089 0 0 0 0 0 0 28837806 713 0 0 
0 0 0 0 0 0 0 0 0 0 0 0 0 0 0 0 0 0 0 0 0 0 0 3 53666 0 0 9 0 0 203 22 0 14085077 30552952 21397571 0 0 0 28841057 0 0 713 0 
0 0 0 0 0 0 0 0 0 0 0 0 0 0 0 0 0 0 0 0 0 0 0 3 0 53674 53669 0 0 202 0 0 22 66039089 0 0 0 0 0 0 28837806 713 0 0 
0 0 0 0 0 0 0 0 0 0 0 0 0 0 0 0 0 0 0 0 0 0 0 3 53666 0 0 9 0 0 203 22 0 14085077 30552952 21397571 0 0 0 28841057 0 0 713 0 
0 0 0 0 0 0 0 0 0 0 0 0 0 0 0 0 0 0 0 0 0 0 0 3 0 53674 53669 0 0 202 0 0 22 66039089 0 0 0 0 0 0 28837806 713 0 0 
0 0 0 0 0 0 0 0 0 0 0 0 0 0 0 0 0 0 0 0 0 0 0 3 53666 0 0 9 0 0 203 22 0 14085077 30552952 21397571 0 0 0 28841057 0 0 713 0 
0 0 0 0 0 0 0 0 0 0 0 0 0 0 0 0 0 0 0 0 0 0 0 3 0 53674 53669 0 0 202 0 0 22 66039089 0 0 0 0 0 0 28837806 713 0 0 
0 0 0 0 0 0 0 0 0 0 0 0 0 0 0 0 0 0 0 0 0 0 0 3 53666 0 0 9 0 0 203 22 0 14085077 30552952 21397571 0 0 0 28841057 0 0 713 0 
0 0 0 0 0 0 0 0 0 0 0 0 0 0 0 0 0 0 0 0 0 0 0 3 0 53674 53669 0 0 202 0 0 22 66039089 0 0 0 0 0 0 28837806 713 0 0 
0 0 0 0 0 0 0 0 0 0 0 0 0 0 0 0 0 0 0 0 0 0 0 3 53666 0 0 9 0 0 203 22 0 14085077 30552952 21397571 0 0 0 28841057 0 0 713 0 
0 0 0 0 0 0 0 0 0 0 0 0 0 0 0 0 0 0 0 0 0 0 0 3 0 53674 53669 0 0 202 0 0 22 66039089 0 0 0 0 0 0 28837806 713 0 0 
0 0 0 0 0 0 0 0 0 0 0 0 0 0 0 0 0 0 0 0 0 0 0 3 53666 0 0 9 0 0 203 22 0 14085077 30552952 21397571 0 0 0 28841057 0 0 713 0 
0 0 0 0 0 0 0 0 0 0 0 0 0 0 0 0 0 0 0 0 0 0 0 3 0 53674 53669 0 0 202 0 0 22 66039089 0 0 0 0 0 0 28837806 713 0 0 
0 0 0 0 0 0 0 0 0 0 0 0 0 0 0 0 0 0 0 0 0 0 0 3 53666 0 0 9 0 0 203 22 0 14085077 30552952 21397571 0 0 0 28841057 0 0 713 0 
0 0 0 0 0 0 0 0 0 0 0 0 0 0 0 0 0 0 0 0 0 0 0 3 0 53674 53669 0 0 202 0 0 22 66039089 0 0 0 0 0 0 28837806 713 0 0 
0 0 0 0 0 0 0 0 0 0 0 0 0 0 0 0 0 0 0 0 0 0 0 3 53666 0 0 9 0 0 203 22 0 14085077 30552952 21397571 0 0 0 28841057 0 0 713 0 
0 0 0 0 0 0 0 0 0 0 0 0 0 0 0 0 0 0 0 0 0 0 0 3 0 53674 53669 0 0 202 0 0 22 66039089 0 0 0 0 0 0 28837806 713 0 0 
0 0 0 0 0 0 0 0 0 0 0 0 0 0 0 0 0 0 0 0 0 0 0 3 53666 0 0 9 0 0 203 22 0 14085077 30552952 21397571 0 0 0 28841057 0 0 713 0 
0 0 0 0 0 0 0 0 0 0 0 0 0 0 0 0 0 0 0 0 0 0 0 3 0 53674 53669 0 0 202 0 0 22 66039089 0 0 0 0 0 0 28837806 713 0 0 
0 0 0 0 0 0 0 0 0 0 0 0 0 0 0 0 0 0 0 0 0 0 0 3 53666 0 0 9 0 0 203 22 0 14085077 30552952 21397571 0 0 0 28841057 0 0 713 0 
0 0 0 0 0 0 0 0 0 0 0 0 0 0 0 0 0 0 0 0 0 0 0 3 0 53674 53669 0 0 202 0 0 22 66039089 0 0 0 0 0 0 28837806 713 0 0 
0 0 0 0 0 0 0 0 0 0 0 0 0 0 0 0 0 0 0 0 0 0 0 3 53666 0 0 9 0 0 203 22 0 14085077 30552952 21397571 0 0 0 28841057 0 0 713 0 
0 0 0 0 0 0 0 0 0 0 0 0 0 0 0 0 0 0 0 0 0 0 0 3 0 53674 53669 0 0 202 0 0 22 66039089 0 0 0 0 0 0 28837806 713 0 0 
0 0 0 0 0 0 0 0 0 0 0 0 0 0 0 0 0 0 0 0 0 0 0 3 53666 0 0 9 0 0 203 22 0 14085077 30552952 21397571 0 0 0 28841057 0 0 713 0 
0 0 0 0 0 0 0 0 0 0 0 0 0 0 0 0 0 0 0 0 0 0 0 3 0 53674 53669 0 0 202 0 0 22 66039089 0 0 0 0 0 0 28837806 713 0 0 
0 0 0 0 0 0 0 0 0 0 0 0 0 0 0 0 0 0 0 0 0 0 0 3 53666 0 0 9 0 0 203 22 0 14085077 30552952 21397571 0 0 0 28841057 0 0 713 0 
0 0 0 0 0 0 0 0 0 0 0 0 0 0 0 0 0 0 0 0 0 0 0 3 0 53674 53669 0 0 202 0 0 22 66039089 0 0 0 0 0 0 28837806 713 0 0 
0 0 0 0 0 0 0 0 0 0 0 0 0 0 0 0 0 0 0 0 0 0 0 3 53666 0 0 9 0 0 203 22 0 14085077 30552952 21397571 0 0 0 28841057 0 0 713 0 
0 0 0 0 0 0 0 0 0 0 0 0 0 0 0 0 0 0 0 0 0 0 0 3 0 53674 53669 0 0 202 0 0 22 66039089 0 0 0 0 0 0 28837806 713 0 0 
0 0 0 0 0 0 0 0 0 0 0 0 0 0 0 0 0 0 0 0 0 0 0 3 53666 0 0 9 0 0 203 22 0 14085077 30552952 21397571 0 0 0 28841057 0 0 713 0 
0 0 0 0 0 0 0 0 0 0 0 0 0 0 0 0 0 0 0 0 0 0 0 3 0 53674 53669 0 0 202 0 0 22 66039089 0 0 0 0 0 0 28837806 713 0 0 
0 0 0 0 0 0 0 0 0 0 0 0 0 0 0 0 0 0 0 0 0 0 0 3 53666 0 0 9 0 0 203 22 0 14085077 30552952 21397571 0 0 0 28841057 0 0 713 0 
0 0 0 0 0 0 0 0 0 0 0 0 0 0 0 0 0 0 0 0 0 0 0 3 0 53674 53669 0 0 202 0 0 22 66039089 0 0 0 0 0 0 28837806 713 0 0 
0 0 0 0 0 0 0 0 0 0 0 0 0 0 0 0 0 0 0 0 0 0 0 3 53666 0 0 9 0 0 203 22 0 14085077 30552952 21397571 0 0 0 28841057 0 0 713 0 
0 0 0 0 0 0 0 0 0 0 0 0 0 0 0 0 0 0 0 0 0 0 0 3 0 53674 53669 0 0 202 0 0 22 66039089 0 0 0 0 0 0 28837806 713 0 0 
0 0 0 0 0 0 0 0 0 0 0 0 0 0 0 0 0 0 0 0 0 0 0 3 53666 0 0 9 0 0 203 22 0 14085077 30552952 21397571 0 0 0 28841057 0 0 713 0 
0 0 0 0 0 0 0 0 0 0 0 0 0 0 0 0 0 0 0 0 0 0 0 3 0 53674 53669 0 0 202 0 0 22 66039089 0 0 0 0 0 0 28837806 713 0 0 
0 0 0 0 0 0 0 0 0 0 0 0 0 0 0 0 0 0 0 0 0 0 0 3 53666 0 0 9 0 0 203 22 0 14085077 30552952 21397571 0 0 0 28841057 0 0 713 0 
0 0 0 0 0 0 0 0 0 0 0 0 0 0 0 0 0 0 0 0 0 0 0 3 0 53674 53669 0 0 202 0 0 22 66039089 0 0 0 0 0 0 28837806 713 0 0 
0 0 0 0 0 0 0 0 0 0 0 0 0 0 0 0 0 0 0 0 0 0 0 3 53666 0 0 9 0 0 203 22 0 14085077 30552952 21397571 0 0 0 28841057 0 0 713 0 
0 0 0 0 0 0 0 0 0 0 0 0 0 0 0 0 0 0 0 0 0 0 0 3 0 53674 53669 0 0 202 0 0 22 66039089 0 0 0 0 0 0 28837806 713 0 0 
0 0 0 0 0 0 0 0 0 0 0 0 0 0 0 0 0 0 0 0 0 0 0 3 53666 0 0 9 0 0 203 22 0 14085077 30552952 21397571 0 0 0 28841057 0 0 713 0 
0 0 0 0 0 0 0 0 0 0 0 0 0 0 0 0 0 0 0 0 0 0 0 3 0 53674 53669 0 0 202 0 0 22 66039089 0 0 0 0 0 0 28837806 713 0 0 
0 0 0 0 0 0 0 0 0 0 0 0 0 0 0 0 0 0 0 0 0 0 0 3 53666 0 0 9 0 0 203 22 0 14085077 30552952 21397571 0 0 0 28841057 0 0 713 0 
0 0 0 0 0 0 0 0 0 0 0 0 0 0 0 0 0 0 0 0 0 0 0 3 0 53674 53669 0 0 202 0 0 22 66039089 0 0 0 0 0 0 28837806 713 0 0 
0 0 0 0 0 0 0 0 0 0 0 0 0 0 0 0 0 0 0 0 0 0 0 3 53666 0 0 9 0 0 203 22 0 14085077 30552952 21397571 0 0 0 28841057 0 0 713 0 
0 0 0 0 0 0 0 0 0 0 0 0 0 0 0 0 0 0 0 0 0 0 0 3 0 53674 53669 0 0 202 0 0 22 66039089 0 0 0 0 0 0 28837806 713 0 0 
0 0 0 0 0 0 0 0 0 0 0 0 0 0 0 0 0 0 0 0 0 0 0 3 53666 0 0 9 0 0 203 22 0 14085077 30552952 21397571 0 0 0 28841057 0 0 713 0 
0 0 0 0 0 0 0 0 0 0 0 0 0 0 0 0 0 0 0 0 0 0 0 3 0 53674 53669 0 0 202 0 0 22 66039089 0 0 0 0 0 0 28837806 713 0 0 
0 0 0 0 0 0 0 0 0 0 0 0 0 0 0 0 0 0 0 0 0 0 0 3 53666 0 0 9 0 0 203 22 0 14085077 30552952 21397571 0 0 0 28841057 0 0 713 0 
0 0 0 0 0 0 0 0 0 0 0 0 0 0 0 0 0 0 0 0 0 0 0 3 0 53674 53669 0 0 202 0 0 22 66039089 0 0 0 0 0 0 28837806 713 0 0 
0 0 0 0 0 0 0 0 0 0 0 0 0 0 0 0 0 0 0 0 0 0 0 3 53666 0 0 9 0 0 203 22 0 14085077 30552952 21397571 0 0 0 28841057 0 0 713 0 
0 0 0 0 0 0 0 0 0 0 0 0 0 0 0 0 0 0 0 0 0 0 0 3 0 53674 53669 0 0 202 0 0 22 66039089 0 0 0 0 0 0 28837806 713 0 0 
0 0 0 0 0 0 0 0 0 0 0 0 0 0 0 0 0 0 0 0 0 0 0 3 53666 0 0 9 0 0 203 22 0 14085077 30552952 21397571 0 0 0 28841057 0 0 713 0 
0 0 0 0 0 0 0 0 0 0 0 0 0 0 0 0 0 0 0 0 0 0 0 3 0 53674 53669 0 0 202 0 0 22 66039089 0 0 0 0 0 0 28837806 713 0 0 
0 0 0 0 0 0 0 0 0 0 0 0 0 0 0 0 0 0 0 0 0 0 0 3 53666 0 0 9 0 0 203 22 0 14085077 30552952 21397571 0 0 0 28841057 0 0 713 0 
0 0 0 0 0 0 0 0 0 0 0 0 0 0 0 0 0 0 0 0 0 0 0 3 0 53674 53669 0 0 202 0 0 22 66039089 0 0 0 0 0 0 28837806 713 0 0 
0 0 0 0 0 0 0 0 0 0 0 0 0 0 0 0 0 0 0 0 0 0 0 3 53666 0 0 9 0 0 203 22 0 14085077 30552952 21397571 0 0 0 28841057 0 0 713 0 
0 0 0 0 0 0 0 0 0 0 0 0 0 0 0 0 0 0 0 0 0 0 0 3 0 53674 53669 0 0 202 0 0 22 66039089 0 0 0 0 0 0 28837806 713 0 0 
0 0 0 0 0 0 0 0 0 0 0 0 0 0 0 0 0 0 0 0 0 0 0 3 53666 0 0 9 0 0 203 22 0 14085077 30552952 21397571 0 0 0 28841057 0 0 713 0 
0 0 0 0 0 0 0 0 0 0 0 0 0 0 0 0 0 0 0 0 0 0 0 3 0 53674 53669 0 0 202 0 0 22 66039089 0 0 0 0 0 0 28837806 713 0 0 
0 0 0 0 0 0 0 0 0 0 0 0 0 0 0 0 0 0 0 0 0 0 0 3 53666 0 0 9 0 0 203 22 0 14085077 30552952 21397571 0 0 0 28841057 0 0 713 0 
0 0 0 0 0 0 0 0 0 0 0 0 0 0 0 0 0 0 0 0 0 0 0 3 0 53674 53669 0 0 202 0 0 22 66039089 0 0 0 0 0 0 28837806 713 0 0 
0 0 0 0 0 0 0 0 0 0 0 0 0 0 0 0 0 0 0 0 0 0 0 3 53666 0 0 9 0 0 203 22 0 14085077 30552952 21397571 0 0 0 28841057 0 0 713 0 
0 0 0 0 0 0 0 0 0 0 0 0 0 0 0 0 0 0 0 0 0 0 0 3 0 53674 53669 0 0 202 0 0 22 66039089 0 0 0 0 0 0 28837806 713 0 0 
0 0 0 0 0 0 0 0 0 0 0 0 0 0 0 0 0 0 0 0 0 0 0 3 53666 0 0 9 0 0 203 22 0 14085077 30552952 21397571 0 0 0 28841057 0 0 713 0 
0 0 0 0 0 0 0 0 0 0 0 0 0 0 0 0 0 0 0 0 0 0 0 3 0 53674 53669 0 0 202 0 0 22 66039089 0 0 0 0 0 0 28837806 713 0 0 
0 0 0 0 0 0 0 0 0 0 0 0 0 0 0 0 0 0 0 0 0 0 0 3 53666 0 0 9 0 0 203 22 0 14085077 30552952 21397571 0 0 0 28841057 0 0 713 0 
0 0 0 0 0 0 0 0 0 0 0 0 0 0 0 0 0 0 0 0 0 0 0 3 0 53674 53669 0 0 202 0 0 22 66039089 0 0 0 0 0 0 28837806 713 0 0 
0 0 0 0 0 0 0 0 0 0 0 0 0 0 0 0 0 0 0 0 0 0 0 3 53666 0 0 9 0 0 203 22 0 14085077 30552952 21397571 0 0 0 28841057 0 0 713 0 
0 0 0 0 0 0 0 0 0 0 0 0 0 0 0 0 0 0 0 0 0 0 0 3 0 53674 53669 0 0 202 0 0 22 66039089 0 0 0 0 0 0 28837806 713 0 0 
0 0 0 0 0 0 0 0 0 0 0 0 0 0 0 0 0 0 0 0 0 0 0 3 53666 0 0 9 0 0 203 22 0 14085077 30552952 21397571 0 0 0 28841057 0 0 713 0 
0 0 0 0 0 0 0 0 0 0 0 0 0 0 0 0 0 0 0 0 0 0 0 3 0 53674 53669 0 0 202 0 0 22 66039089 0 0 0 0 0 0 28837806 713 0 0 
0 0 0 0 0 0 0 0 0 0 0 0 0 0 0 0 0 0 0 0 0 0 0 3 53666 0 0 9 0 0 203 22 0 14085077 30552952 21397571 0 0 0 28841057 0 0 713 0 
0 0 0 0 0 0 0 0 0 0 0 0 0 0 0 0 0 0 0 0 0 0 0 3 0 53674 53669 0 0 202 0 0 22 66039089 0 0 0 0 0 0 28837806 713 0 0 
0 0 0 0 0 0 0 0 0 0 0 0 0 0 0 0 0 0 0 0 0 0 0 3 53666 0 0 9 0 0 203 22 0 14085077 30552952 21397571 0 0 0 28841057 0 0 713 0 
0 0 0 0 0 0 0 0 0 0 0 0 0 0 0 0 0 0 0 0 0 0 0 3 0 53674 53669 0 0 202 0 0 22 66039089 0 0 0 0 0 0 28837806 713 0 0 
0 0 0 0 0 0 0 0 0 0 0 0 0 0 0 0 0 0 0 0 0 0 0 3 53666 0 0 9 0 0 203 22 0 14085077 30552952 21397571 0 0 0 28841057 0 0 713 0 
0 0 0 0 0 0 0 0 0 0 0 0 0 0 0 0 0 0 0 0 0 0 0 3 0 53674 53669 0 0 202 0 0 22 66039089 0 0 0 0 0 0 28837806 713 0 0 
0 0 0 0 0 0 0 0 0 0 0 0 0 0 0 0 0 0 0 0 0 0 0 3 53666 0 0 9 0 0 203 22 0 14085077 30552952 21397571 0 0 0 28841057 0 0 713 0 
0 0 0 0 0 0 0 0 0 0 0 0 0 0 0 0 0 0 0 0 0 0 0 3 0 53674 53669 0 0 202 0 0 22 66039089 0 0 0 0 0 0 28837806 713 0 0 
0 0 0 0 0 0 0 0 0 0 0 0 0 0 0 0 0 0 0 0 0 0 0 3 53666 0 0 9 0 0 203 22 0 14085077 30552952 21397571 0 0 0 28841057 0 0 713 0 
0 0 0 0 0 0 0 0 0 0 0 0 0 0 0 0 0 0 0 0 0 0 0 3 0 53674 53669 0 0 202 0 0 22 66039089 0 0 0 0 0 0 28837806 713 0 0 
0 0 0 0 0 0 0 0 0 0 0 0 0 0 0 0 0 0 0 0 0 0 0 3 53666 0 0 9 0 0 203 22 0 14085077 30552952 21397571 0 0 0 28841057 0 0 713 0 
0 0 0 0 0 0 0 0 0 0 0 0 0 0 0 0 0 0 0 0 0 0 0 3 0 53674 53669 0 0 202 0 0 22 66039089 0 0 0 0 0 0 28837806 713 0 0 
0 0 0 0 0 0 0 0 0 0 0 0 0 0 0 0 0 0 0 0 0 0 0 3 53666 0 0 9 0 0 203 22 0 14085077 30552952 21397571 0 0 0 28841057 0 0 713 0 
0 0 0 0 0 0 0 0 0 0 0 0 0 0 0 0 0 0 0 0 0 0 0 3 0 53674 53669 0 0 202 0 0 22 66039089 0 0 0 0 0 0 28837806 713 0 0 
0 0 0 0 0 0 0 0 0 0 0 0 0 0 0 0 0 0 0 0 0 0 0 3 53666 0 0 9 0 0 203 22 0 14085077 30552952 21397571 0 0 0 28841057 0 0 713 0 
0 0 0 0 0 0 0 0 0 0 0 0 0 0 0 0 0 0 0 0 0 0 0 3 0 53674 53669 0 0 202 0 0 22 66039089 0 0 0 0 0 0 28837806 713 0 0 
0 0 0 0 0 0 0 0 0 0 0 0 0 0 0 0 0 0 0 0 0 0 0 3 53666 0 0 9 0 0 203 22 0 14085077 30552952 21397571 0 0 0 28841057 0 0 713 0 
0 0 0 0 0 0 0 0 0 0 0 0 0 0 0 0 0 0 0 0 0 0 0 3 0 53674 53669 0 0 202 0 0 22 66039089 0 0 0 0 0 0 28837806 713 0 0 
0 0 0 0 0 0 0 0 0 0 0 0 0 0 0 0 0 0 0 0 0 0 0 3 53666 0 0 9 0 0 203 22 0 14085077 30552952 21397571 0 0 0 28841057 0 0 713 0 
0 0 0 0 0 0 0 0 0 0 0 0 0 0 0 0 0 0 0 0 0 0 0 3 0 53674 53669 0 0 202 0 0 22 66039089 0 0 0 0 0 0 28837806 713 0 0 
0 0 0 0 0 0 0 0 0 0 0 0 0 0 0 0 0 0 0 0 0 0 0 3 53666 0 0 9 0 0 203 22 0 14085077 30552952 21397571 0 0 0 28841057 0 0 713 0 
0 0 0 0 0 0 0 0 0 0 0 0 0 0 0 0 0 0 0 0 0 0 0 3 0 53674 53669 0 0 202 0 0 22 66039089 0 0 0 0 0 0 28837806 713 0 0 
0 0 0 0 0 0 0 0 0 0 0 0 0 0 0 0 0 0 0 0 0 0 0 3 53666 0 0 9 0 0 203 22 0 14085077 30552952 21397571 0 0 0 28841057 0 0 713 0 
0 0 0 0 0 0 0 0 0 0 0 0 0 0 0 0 0 0 0 0 0 0 0 3 0 53674 53669 0 0 202 0 0 22 66039089 0 0 0 0 0 0 28837806 713 0 0 
0 0 0 0 0 0 0 0 0 0 0 0 0 0 0 0 0 0 0 0 0 0 0 3 53666 0 0 9 0 0 203 22 0 14085077 30552952 21397571 0 0 0 28841057 0 0 713 0 
0 0 0 0 0 0 0 0 0 0 0 0 0 0 0 0 0 0 0 0 0 0 0 3 0 53674 53669 0 0 202 0 0 22 66039089 0 0 0 0 0 0 28837806 713 0 0 
0 0 0 0 0 0 0 0 0 0 0 0 0 0 0 0 0 0 0 0 0 0 0 3 53666 0 0 9 0 0 203 22 0 14085077 30552952 21397571 0 0 0 28841057 0 0 713 0 
0 0 0 0 0 0 0 0 0 0 0 0 0 0 0 0 0 0 0 0 0 0 0 3 0 53674 53669 0 0 202 0 0 22 66039089 0 0 0 0 0 0 28837806 713 0 0 
0 0 0 0 0 0 0 0 0 0 0 0 0 0 0 0 0 0 0 0 0 0 0 3 53666 0 0 9 0 0 203 22 0 14085077 30552952 21397571 0 0 0 28841057 0 0 713 0 
0 0 0 0 0 0 0 0 0 0 0 0 0 0 0 0 0 0 0 0 0 0 0 3 0 53674 53669 0 0 202 0 0 22 66039089 0 0 0 0 0 0 28837806 713 0 0 
0 0 0 0 0 0 0 0 0 0 0 0 0 0 0 0 0 0 0 0 0 0 0 3 53666 0 0 9 0 0 203 22 0 14085077 30552952 21397571 0 0 0 28841057 0 0 713 0 
0 0 0 0 0 0 0 0 0 0 0 0 0 0 0 0 0 0 0 0 0 0 0 3 0 53674 53669 0 0 202 0 0 22 66039089 0 0 0 0 0 0 28837806 713 0 0 
0 0 0 0 0 0 0 0 0 0 0 0 0 0 0 0 0 0 0 0 0 0 0 3 53666 0 0 9 0 0 203 22 0 14085077 30552952 21397571 0 0 0 28841057 0 0 713 0 
0 0 0 0 0 0 0 0 0 0 0 0 0 0 0 0 0 0 0 0 0 0 0 3 0 53674 53669 0 0 202 0 0 22 66039089 0 0 0 0 0 0 28837806 713 0 0 
0 0 0 0 0 0 0 0 0 0 0 0 0 0 0 0 0 0 0 0 0 0 0 3 53666 0 0 9 0 0 203 22 0 14085077 30552952 21397571 0 0 0 28841057 0 0 713 0 
0 0 0 0 0 0 0 0 0 0 0 0 0 0 0 0 0 0 0 0 0 0 0 3 0 53674 53669 0 0 202 0 0 22 66039089 0 0 0 0 0 0 28837806 713 0 0 
0 0 0 0 0 0 0 0 0 0 0 0 0 0 0 0 0 0 0 0 0 0 0 3 53666 0 0 9 0 0 203 22 0 14085077 30552952 21397571 0 0 0 28841057 0 0 713 0 
0 0 0 0 0 0 0 0 0 0 0 0 0 0 0 0 0 0 0 0 0 0 0 3 0 53674 53669 0 0 202 0 0 22 66039089 0 0 0 0 0 0 28837806 713 0 0 
0 0 0 0 0 0 0 0 0 0 0 0 0 0 0 0 0 0 0 0 0 0 0 3 53666 0 0 9 0 0 203 22 0 14085077 30552952 21397571 0 0 0 28841057 0 0 713 0 
0 0 0 0 0 0 0 0 0 0 0 0 0 0 0 0 0 0 0 0 0 0 0 3 0 53674 53669 0 0 202 0 0 22 66039089 0 0 0 0 0 0 28837806 713 0 0 
0 0 0 0 0 0 0 0 0 0 0 0 0 0 0 0 0 0 0 0 0 0 0 3 53666 0 0 9 0 0 203 22 0 14085077 30552952 21397571 0 0 0 28841057 0 0 713 0 
0 0 0 0 0 0 0 0 0 0 0 0 0 0 0 0 0 0 0 0 0 0 0 3 0 53674 53669 0 0 202 0 0 22 66039089 0 0 0 0 0 0 28837806 713 0 0 
0 0 0 0 0 0 0 0 0 0 0 0 0 0 0 0 0 0 0 0 0 0 0 3 53666 0 0 9 0 0 203 22 0 14085077 30552952 21397571 0 0 0 28841057 0 0 713 0 
0 0 0 0 0 0 0 0 0 0 0 0 0 0 0 0 0 0 0 0 0 0 0 3 0 53674 53669 0 0 202 0 0 22 66039089 0 0 0 0 0 0 28837806 713 0 0 
0 0 0 0 0 0 0 0 0 0 0 0 0 0 0 0 0 0 0 0 0 0 0 3 53666 0 0 9 0 0 203 22 0 14085077 30552952 21397571 0 0 0 28841057 0 0 713 0 
0 0 0 0 0 0 0 0 0 0 0 0 0 0 0 0 0 0 0 0 0 0 0 3 0 53674 53669 0 0 202 0 0 22 66039089 0 0 0 0 0 0 28837806 713 0 0 
0 0 0 0 0 0 0 0 0 0 0 0 0 0 0 0 0 0 0 0 0 0 0 3 53666 0 0 9 0 0 203 22 0 14085077 30552952 21397571 0 0 0 28841057 0 0 713 0 
0 0 0 0 0 0 0 0 0 0 0 0 0 0 0 0 0 0 0 0 0 0 0 3 0 53674 53669 0 0 202 0 0 22 66039089 0 0 0 0 0 0 28837806 713 0 0 
0 0 0 0 0 0 0 0 0 0 0 0 0 0 0 0 0 0 0 0 0 0 0 3 53666 0 0 9 0 0 203 22 0 14085077 30552952 21397571 0 0 0 28841057 0 0 713 0 
0 0 0 0 0 0 0 0 0 0 0 0 0 0 0 0 0 0 0 0 0 0 0 3 0 53674 53673 0 0 222 0 0 22 66103009 0 0 0 0 0 0 28837811 713 0 0 
0 0 0 0 0 0 0 0 0 0 0 0 0 0 0 0 0 0 0 0 0 0 0 3 53670 0 0 9 0 0 223 22 0 14085081 30616310 21398156 0 0 0 28841062 0 0 713 0 
0 0 0 0 0 0 0 0 0 0 0 0 0 0 0 0 0 0 0 0 0 0 0 3 0 53674 53673 0 0 222 0 0 22 66303811 0 0 0 0 0 0 28837817 713 0 0 
0 0 0 0 0 0 0 0 0 0 0 0 0 0 0 0 0 0 0 0 0 0 0 3 53670 0 0 9 0 0 223 22 0 14085081 30814005 21401340 0 0 0 28841068 0 0 713 0 
0 0 0 0 0 0 0 0 0 0 0 0 0 0 0 0 0 0 0 0 0 0 0 3 0 53674 53673 0 0 222 0 0 22 66502283 0 0 0 0 0 0 28837817 713 0 0 
0 0 0 0 0 0 0 0 0 0 0 0 0 0 0 0 0 0 0 0 0 0 0 3 53670 0 0 9 0 0 223 22 0 14085081 31010007 21403895 0 0 0 28841068 0 0 713 0 
0 0 0 0 0 0 0 0 0 0 0 0 0 0 0 0 0 0 0 0 0 0 0 3 0 53674 53673 0 0 226 0 0 22 66645231 0 0 0 0 0 0 28837817 713 0 0 
0 0 0 0 0 0 0 0 0 0 0 0 0 0 0 0 0 0 0 0 0 0 0 3 53670 0 0 9 0 0 227 22 0 14085081 31150472 21406408 0 0 0 28841068 0 0 713 0 
0 0 0 0 0 0 0 0 0 0 0 0 0 0 0 0 0 0 0 0 0 0 0 3 0 53674 53673 0 0 226 0 0 22 66793796 0 0 0 0 0 0 28840139 713 0 0 
0 0 0 0 0 0 0 0 0 0 0 0 0 0 0 0 0 0 0 0 0 0 0 3 53670 0 0 9 0 0 227 22 0 14098594 31233790 21458160 0 0 0 28843390 0 0 713 0 
0 0 0 0 0 0 0 0 0 0 0 0 0 0 0 0 0 0 0 0 0 0 0 3 0 53674 53673 0 0 226 0 0 22 66944328 0 0 0 0 0 0 28842456 713 0 0 
0 0 0 0 0 0 0 0 0 0 0 0 0 0 0 0 0 0 0 0 0 0 0 3 53670 0 0 9 0 0 227 22 0 14110925 31353702 21476436 0 0 0 28845708 0 0 713 0 
0 0 0 0 0 0 0 0 0 0 0 0 0 0 0 0 0 0 0 0 0 0 0 3 0 53674 53673 0 0 226 0 0 22 67087384 0 0 0 0 0 0 28844770 713 0 0 
0 0 0 0 0 0 0 0 0 0 0 0 0 0 0 0 0 0 0 0 0 0 0 3 53670 0 0 9 0 0 227 22 0 14122276 31470579 21491294 0 0 0 28848022 0 0 713 0 
0 0 0 0 0 0 0 0 0 0 0 0 0 0 0 0 0 0 0 0 0 0 0 3 0 53674 53673 0 0 226 0 0 22 67182613 0 0 0 0 0 0 28853959 713 0 0 
0 0 0 0 0 0 0 0 0 0 0 0 0 0 0 0 0 0 0 0 0 0 0 3 53670 0 0 9 0 0 227 22 0 14158141 31485988 21535226 0 0 0 28857217 0 0 713 0 
<====
0 0 0 0 0 0 0 0 0 0 0 0 0 0 0 0 0 0 0 0 0 0 0 3 0 53678 53673 0 0 226 0 0 22 67214733 0 0 0 0 0 0 28856266 717 0 0 
0 0 0 0 0 0 0 0 0 0 0 0 0 0 0 0 0 0 0 0 0 0 0 3 53670 0 0 9 0 0 227 22 0 14176530 31488879 21546067 0 0 0 28859528 0 0 717 0 
0 0 0 0 0 0 0 0 0 0 0 0 0 0 0 0 0 0 0 0 0 0 0 3 0 53678 53673 0 0 226 0 0 22 67214733 0 0 0 0 0 0 28856266 717 0 0 
0 0 0 0 0 0 0 0 0 0 0 0 0 0 0 0 0 0 0 0 0 0 0 3 53670 0 0 9 0 0 227 22 0 14176530 31488879 21546067 0 0 0 28859528 0 0 717 0 
0 0 0 0 0 0 0 0 0 0 0 0 0 0 0 0 0 0 0 0 0 0 0 3 0 53678 53673 0 0 226 0 0 22 67214733 0 0 0 0 0 0 28856266 717 0 0 
0 0 0 0 0 0 0 0 0 0 0 0 0 0 0 0 0 0 0 0 0 0 0 3 53670 0 0 9 0 0 227 22 0 14176530 31488879 21546067 0 0 0 28859528 0 0 717 0 
0 0 0 0 0 0 0 0 0 0 0 0 0 0 0 0 0 0 0 0 0 0 0 3 0 53678 53673 0 0 226 0 0 22 67214733 0 0 0 0 0 0 28856266 717 0 0 
0 0 0 0 0 0 0 0 0 0 0 0 0 0 0 0 0 0 0 0 0 0 0 3 53670 0 0 9 0 0 227 22 0 14176530 31488879 21546067 0 0 0 28859528 0 0 717 0 
0 0 0 0 0 0 0 0 0 0 0 0 0 0 0 0 0 0 0 0 0 0 0 3 0 53678 53673 0 0 226 0 0 22 67214733 0 0 0 0 0 0 28856266 717 0 0 
0 0 0 0 0 0 0 0 0 0 0 0 0 0 0 0 0 0 0 0 0 0 0 3 53670 0 0 9 0 0 227 22 0 14176530 31488879 21546067 0 0 0 28859528 0 0 717 0 
0 0 0 0 0 0 0 0 0 0 0 0 0 0 0 0 0 0 0 0 0 0 0 3 0 53678 53673 0 0 226 0 0 22 67214733 0 0 0 0 0 0 28856266 717 0 0 
0 0 0 0 0 0 0 0 0 0 0 0 0 0 0 0 0 0 0 0 0 0 0 3 53670 0 0 9 0 0 227 22 0 14176530 31488879 21546067 0 0 0 28859528 0 0 717 0 
