0 0 0 0 0 0 0 0 0 0 0 0 0 0 0 0 0 0 0 0 0 0 0 3 0 40837 40830 0 0 147 0 0 15 42732399 0 0 0 0 0 0 17291768 712 0 0 
0 0 0 0 0 0 0 0 0 0 0 0 0 0 0 0 0 0 0 0 0 0 0 3 40837 0 0 8 0 0 147 15 0 9652628 18788560 14289627 0 0 0 17293594 0 0 712 0 
0 0 0 0 0 0 0 0 0 0 0 0 0 0 0 0 0 0 0 0 0 0 0 3 0 40837 40830 0 0 147 0 0 15 42732399 0 0 0 0 0 0 17291768 712 0 0 
0 0 0 0 0 0 0 0 0 0 0 0 0 0 0 0 0 0 0 0 0 0 0 3 40837 0 0 8 0 0 147 15 0 9652628 18788560 14289627 0 0 0 17293594 0 0 712 0 
0 0 0 0 0 0 0 0 0 0 0 0 0 0 0 0 0 0 0 0 0 0 0 3 0 40837 40830 0 0 147 0 0 15 42732399 0 0 0 0 0 0 17291768 712 0 0 
0 0 0 0 0 0 0 0 0 0 0 0 0 0 0 0 0 0 0 0 0 0 0 3 40837 0 0 8 0 0 147 15 0 9652628 18788560 14289627 0 0 0 17293594 0 0 712 0 
0 0 0 0 0 0 0 0 0 0 0 0 0 0 0 0 0 0 0 0 0 0 0 3 0 40837 40830 0 0 147 0 0 15 42732399 0 0 0 0 0 0 17291768 712 0 0 
0 0 0 0 0 0 0 0 0 0 0 0 0 0 0 0 0 0 0 0 0 0 0 3 40837 0 0 8 0 0 147 15 0 9652628 18788560 14289627 0 0 0 17293594 0 0 712 0 
0 0 0 0 0 0 0 0 0 0 0 0 0 0 0 0 0 0 0 0 0 0 0 3 0 40837 40830 0 0 147 0 0 15 42732399 0 0 0 0 0 0 17291768 712 0 0 
0 0 0 0 0 0 0 0 0 0 0 0 0 0 0 0 0 0 0 0 0 0 0 3 40837 0 0 8 0 0 147 15 0 9652628 18788560 14289627 0 0 0 17293594 0 0 712 0 
0 0 0 0 0 0 0 0 0 0 0 0 0 0 0 0 0 0 0 0 0 0 0 3 0 40837 40830 0 0 147 0 0 15 42732399 0 0 0 0 0 0 17291768 712 0 0 
0 0 0 0 0 0 0 0 0 0 0 0 0 0 0 0 0 0 0 0 0 0 0 3 40837 0 0 8 0 0 147 15 0 9652628 18788560 14289627 0 0 0 17293594 0 0 712 0 
0 0 0 0 0 0 0 0 0 0 0 0 0 0 0 0 0 0 0 0 0 0 0 3 0 40837 40830 0 0 147 0 0 15 42732399 0 0 0 0 0 0 17291768 712 0 0 
0 0 0 0 0 0 0 0 0 0 0 0 0 0 0 0 0 0 0 0 0 0 0 3 40837 0 0 8 0 0 147 15 0 9652628 18788560 14289627 0 0 0 17293594 0 0 712 0 
0 0 0 0 0 0 0 0 0 0 0 0 0 0 0 0 0 0 0 0 0 0 0 3 0 40837 40830 0 0 147 0 0 15 42732399 0 0 0 0 0 0 17291768 712 0 0 
0 0 0 0 0 0 0 0 0 0 0 0 0 0 0 0 0 0 0 0 0 0 0 3 40837 0 0 8 0 0 147 15 0 9652628 18788560 14289627 0 0 0 17293594 0 0 712 0 
0 0 0 0 0 0 0 0 0 0 0 0 0 0 0 0 0 0 0 0 0 0 0 3 0 40837 40830 0 0 147 0 0 15 42732399 0 0 0 0 0 0 17291768 712 0 0 
0 0 0 0 0 0 0 0 0 0 0 0 0 0 0 0 0 0 0 0 0 0 0 3 40837 0 0 8 0 0 147 15 0 9652628 18788560 14289627 0 0 0 17293594 0 0 712 0 
0 0 0 0 0 0 0 0 0 0 0 0 0 0 0 0 0 0 0 0 0 0 0 3 0 40837 40830 0 0 147 0 0 15 42732399 0 0 0 0 0 0 17291768 712 0 0 
0 0 0 0 0 0 0 0 0 0 0 0 0 0 0 0 0 0 0 0 0 0 0 3 40837 0 0 8 0 0 147 15 0 9652628 18788560 14289627 0 0 0 17293594 0 0 712 0 
0 0 0 0 0 0 0 0 0 0 0 0 0 0 0 0 0 0 0 0 0 0 0 3 0 40837 40830 0 0 147 0 0 15 42732399 0 0 0 0 0 0 17291768 712 0 0 
0 0 0 0 0 0 0 0 0 0 0 0 0 0 0 0 0 0 0 0 0 0 0 3 40837 0 0 8 0 0 147 15 0 9652628 18788560 14289627 0 0 0 17293594 0 0 712 0 
0 0 0 0 0 0 0 0 0 0 0 0 0 0 0 0 0 0 0 0 0 0 0 3 0 40837 40830 0 0 147 0 0 15 42732399 0 0 0 0 0 0 17291768 712 0 0 
0 0 0 0 0 0 0 0 0 0 0 0 0 0 0 0 0 0 0 0 0 0 0 3 40837 0 0 8 0 0 147 15 0 9652628 18788560 14289627 0 0 0 17293594 0 0 712 0 
0 0 0 0 0 0 0 0 0 0 0 0 0 0 0 0 0 0 0 0 0 0 0 3 0 40837 40830 0 0 147 0 0 15 42732399 0 0 0 0 0 0 17291768 712 0 0 
0 0 0 0 0 0 0 0 0 0 0 0 0 0 0 0 0 0 0 0 0 0 0 3 40837 0 0 8 0 0 147 15 0 9652628 18788560 14289627 0 0 0 17293594 0 0 712 0 
0 0 0 0 0 0 0 0 0 0 0 0 0 0 0 0 0 0 0 0 0 0 0 3 0 40837 40830 0 0 147 0 0 15 42732399 0 0 0 0 0 0 17291768 712 0 0 
0 0 0 0 0 0 0 0 0 0 0 0 0 0 0 0 0 0 0 0 0 0 0 3 40837 0 0 8 0 0 147 15 0 9652628 18788560 14289627 0 0 0 17293594 0 0 712 0 
0 0 0 0 0 0 0 0 0 0 0 0 0 0 0 0 0 0 0 0 0 0 0 3 0 40837 40830 0 0 147 0 0 15 42732399 0 0 0 0 0 0 17291768 712 0 0 
0 0 0 0 0 0 0 0 0 0 0 0 0 0 0 0 0 0 0 0 0 0 0 3 40837 0 0 8 0 0 147 15 0 9652628 18788560 14289627 0 0 0 17293594 0 0 712 0 
0 0 0 0 0 0 0 0 0 0 0 0 0 0 0 0 0 0 0 0 0 0 0 3 0 40837 40830 0 0 147 0 0 15 42732399 0 0 0 0 0 0 17291768 712 0 0 
0 0 0 0 0 0 0 0 0 0 0 0 0 0 0 0 0 0 0 0 0 0 0 3 40837 0 0 8 0 0 147 15 0 9652628 18788560 14289627 0 0 0 17293594 0 0 712 0 
0 0 0 0 0 0 0 0 0 0 0 0 0 0 0 0 0 0 0 0 0 0 0 3 0 40837 40830 0 0 147 0 0 15 42732399 0 0 0 0 0 0 17291768 712 0 0 
0 0 0 0 0 0 0 0 0 0 0 0 0 0 0 0 0 0 0 0 0 0 0 3 40837 0 0 8 0 0 147 15 0 9652628 18788560 14289627 0 0 0 17293594 0 0 712 0 
====>
0 0 0 0 0 0 0 0 0 0 0 0 0 0 0 0 0 0 0 0 0 0 0 3 0 40837 40830 0 0 147 0 0 15 42732399 0 0 0 0 0 0 17291768 712 0 0 
0 0 0 0 0 0 0 0 0 0 0 0 0 0 0 0 0 0 0 0 0 0 0 3 40837 0 0 8 0 0 147 15 0 9652628 18788560 14289627 0 0 0 17293594 0 0 712 0 
0 0 0 0 0 0 0 0 0 0 0 0 0 0 0 0 0 0 0 0 0 0 0 3 0 40837 40830 0 0 147 0 0 15 42732399 0 0 0 0 0 0 17291768 712 0 0 
0 0 0 0 0 0 0 0 0 0 0 0 0 0 0 0 0 0 0 0 0 0 0 3 40837 0 0 8 0 0 147 15 0 9652628 18788560 14289627 0 0 0 17293594 0 0 712 0 
0 0 0 0 0 0 0 0 0 0 0 0 0 0 0 0 0 0 0 0 0 0 0 3 0 40837 40830 0 0 147 0 0 15 42732399 0 0 0 0 0 0 17291768 712 0 0 
0 0 0 0 0 0 0 0 0 0 0 0 0 0 0 0 0 0 0 0 0 0 0 3 40837 0 0 8 0 0 147 15 0 9652628 18788560 14289627 0 0 0 17293594 0 0 712 0 
0 0 0 0 0 0 0 0 0 0 0 0 0 0 0 0 0 0 0 0 0 0 0 3 0 40837 40830 0 0 147 0 0 15 42732399 0 0 0 0 0 0 17291768 712 0 0 
0 0 0 0 0 0 0 0 0 0 0 0 0 0 0 0 0 0 0 0 0 0 0 3 40837 0 0 8 0 0 147 15 0 9652628 18788560 14289627 0 0 0 17293594 0 0 712 0 
0 0 0 0 0 0 0 0 0 0 0 0 0 0 0 0 0 0 0 0 0 0 0 3 0 40837 40830 0 0 147 0 0 15 42732399 0 0 0 0 0 0 17291768 712 0 0 
0 0 0 0 0 0 0 0 0 0 0 0 0 0 0 0 0 0 0 0 0 0 0 3 40837 0 0 8 0 0 147 15 0 9652628 18788560 14289627 0 0 0 17293594 0 0 712 0 
0 0 0 0 0 0 0 0 0 0 0 0 0 0 0 0 0 0 0 0 0 0 0 3 0 40837 40830 0 0 147 0 0 15 42732399 0 0 0 0 0 0 17291768 712 0 0 
0 0 0 0 0 0 0 0 0 0 0 0 0 0 0 0 0 0 0 0 0 0 0 3 40837 0 0 8 0 0 147 15 0 9652628 18788560 14289627 0 0 0 17293594 0 0 712 0 
0 0 0 0 0 0 0 0 0 0 0 0 0 0 0 0 0 0 0 0 0 0 0 3 0 40837 40830 0 0 147 0 0 15 42732399 0 0 0 0 0 0 17291768 712 0 0 
0 0 0 0 0 0 0 0 0 0 0 0 0 0 0 0 0 0 0 0 0 0 0 3 40837 0 0 8 0 0 147 15 0 9652628 18788560 14289627 0 0 0 17293594 0 0 712 0 
0 0 0 0 0 0 0 0 0 0 0 0 0 0 0 0 0 0 0 0 0 0 0 3 0 40837 40830 0 0 147 0 0 15 42732399 0 0 0 0 0 0 17291768 712 0 0 
0 0 0 0 0 0 0 0 0 0 0 0 0 0 0 0 0 0 0 0 0 0 0 3 40837 0 0 8 0 0 147 15 0 9652628 18788560 14289627 0 0 0 17293594 0 0 712 0 
0 0 0 0 0 0 0 0 0 0 0 0 0 0 0 0 0 0 0 0 0 0 0 3 0 40837 40830 0 0 147 0 0 15 42732399 0 0 0 0 0 0 17291768 712 0 0 
0 0 0 0 0 0 0 0 0 0 0 0 0 0 0 0 0 0 0 0 0 0 0 3 40837 0 0 8 0 0 147 15 0 9652628 18788560 14289627 0 0 0 17293594 0 0 712 0 
0 0 0 0 0 0 0 0 0 0 0 0 0 0 0 0 0 0 0 0 0 0 0 3 0 40837 40830 0 0 147 0 0 15 42732399 0 0 0 0 0 0 17291768 712 0 0 
0 0 0 0 0 0 0 0 0 0 0 0 0 0 0 0 0 0 0 0 0 0 0 3 40837 0 0 8 0 0 147 15 0 9652628 18788560 14289627 0 0 0 17293594 0 0 712 0 
0 0 0 0 0 0 0 0 0 0 0 0 0 0 0 0 0 0 0 0 0 0 0 3 0 40837 40830 0 0 147 0 0 15 42732399 0 0 0 0 0 0 17291768 712 0 0 
0 0 0 0 0 0 0 0 0 0 0 0 0 0 0 0 0 0 0 0 0 0 0 3 40837 0 0 8 0 0 147 15 0 9652628 18788560 14289627 0 0 0 17293594 0 0 712 0 
0 0 0 0 0 0 0 0 0 0 0 0 0 0 0 0 0 0 0 0 0 0 0 3 0 40837 40830 0 0 147 0 0 15 42732399 0 0 0 0 0 0 17291768 712 0 0 
0 0 0 0 0 0 0 0 0 0 0 0 0 0 0 0 0 0 0 0 0 0 0 3 40837 0 0 8 0 0 147 15 0 9652628 18788560 14289627 0 0 0 17293594 0 0 712 0 
0 0 0 0 0 0 0 0 0 0 0 0 0 0 0 0 0 0 0 0 0 0 0 3 0 40837 40830 0 0 147 0 0 15 42732399 0 0 0 0 0 0 17291768 712 0 0 
0 0 0 0 0 0 0 0 0 0 0 0 0 0 0 0 0 0 0 0 0 0 0 3 40837 0 0 8 0 0 147 15 0 9652628 18788560 14289627 0 0 0 17293594 0 0 712 0 
0 0 0 0 0 0 0 0 0 0 0 0 0 0 0 0 0 0 0 0 0 0 0 3 0 40837 40830 0 0 147 0 0 15 42732399 0 0 0 0 0 0 17291768 712 0 0 
0 0 0 0 0 0 0 0 0 0 0 0 0 0 0 0 0 0 0 0 0 0 0 3 40837 0 0 8 0 0 147 15 0 9652628 18788560 14289627 0 0 0 17293594 0 0 712 0 
0 0 0 0 0 0 0 0 0 0 0 0 0 0 0 0 0 0 0 0 0 0 0 3 0 40837 40830 0 0 147 0 0 15 42732399 0 0 0 0 0 0 17291768 712 0 0 
0 0 0 0 0 0 0 0 0 0 0 0 0 0 0 0 0 0 0 0 0 0 0 3 40837 0 0 8 0 0 147 15 0 9652628 18788560 14289627 0 0 0 17293594 0 0 712 0 
0 0 0 0 0 0 0 0 0 0 0 0 0 0 0 0 0 0 0 0 0 0 0 3 0 40837 40830 0 0 147 0 0 15 42732399 0 0 0 0 0 0 17291768 712 0 0 
0 0 0 0 0 0 0 0 0 0 0 0 0 0 0 0 0 0 0 0 0 0 0 3 40837 0 0 8 0 0 147 15 0 9652628 18788560 14289627 0 0 0 17293594 0 0 712 0 
0 0 0 0 0 0 0 0 0 0 0 0 0 0 0 0 0 0 0 0 0 0 0 3 0 40837 40830 0 0 147 0 0 15 42732399 0 0 0 0 0 0 17291768 712 0 0 
0 0 0 0 0 0 0 0 0 0 0 0 0 0 0 0 0 0 0 0 0 0 0 3 40837 0 0 8 0 0 147 15 0 9652628 18788560 14289627 0 0 0 17293594 0 0 712 0 
0 0 0 0 0 0 0 0 0 0 0 0 0 0 0 0 0 0 0 0 0 0 0 3 0 40837 40830 0 0 147 0 0 15 42732399 0 0 0 0 0 0 17291768 712 0 0 
0 0 0 0 0 0 0 0 0 0 0 0 0 0 0 0 0 0 0 0 0 0 0 3 40837 0 0 8 0 0 147 15 0 9652628 18788560 14289627 0 0 0 17293594 0 0 712 0 
0 0 0 0 0 0 0 0 0 0 0 0 0 0 0 0 0 0 0 0 0 0 0 3 0 40837 40830 0 0 147 0 0 15 42732399 0 0 0 0 0 0 17291768 712 0 0 
0 0 0 0 0 0 0 0 0 0 0 0 0 0 0 0 0 0 0 0 0 0 0 3 40837 0 0 8 0 0 147 15 0 9652628 18788560 14289627 0 0 0 17293594 0 0 712 0 
0 0 0 0 0 0 0 0 0 0 0 0 0 0 0 0 0 0 0 0 0 0 0 3 0 40837 40830 0 0 147 0 0 15 42732399 0 0 0 0 0 0 17291768 712 0 0 
0 0 0 0 0 0 0 0 0 0 0 0 0 0 0 0 0 0 0 0 0 0 0 3 40837 0 0 8 0 0 147 15 0 9652628 18788560 14289627 0 0 0 17293594 0 0 712 0 
0 0 0 0 0 0 0 0 0 0 0 0 0 0 0 0 0 0 0 0 0 0 0 3 0 40837 40830 0 0 147 0 0 15 42732399 0 0 0 0 0 0 17291768 712 0 0 
0 0 0 0 0 0 0 0 0 0 0 0 0 0 0 0 0 0 0 0 0 0 0 3 40837 0 0 8 0 0 147 15 0 9652628 18788560 14289627 0 0 0 17293594 0 0 712 0 
0 0 0 0 0 0 0 0 0 0 0 0 0 0 0 0 0 0 0 0 0 0 0 3 0 40837 40830 0 0 147 0 0 15 42732399 0 0 0 0 0 0 17291768 712 0 0 
0 0 0 0 0 0 0 0 0 0 0 0 0 0 0 0 0 0 0 0 0 0 0 3 40837 0 0 8 0 0 147 15 0 9652628 18788560 14289627 0 0 0 17293594 0 0 712 0 
0 0 0 0 0 0 0 0 0 0 0 0 0 0 0 0 0 0 0 0 0 0 0 3 0 40837 40830 0 0 147 0 0 15 42732399 0 0 0 0 0 0 17291768 712 0 0 
0 0 0 0 0 0 0 0 0 0 0 0 0 0 0 0 0 0 0 0 0 0 0 3 40837 0 0 8 0 0 147 15 0 9652628 18788560 14289627 0 0 0 17293594 0 0 712 0 
0 0 0 0 0 0 0 0 0 0 0 0 0 0 0 0 0 0 0 0 0 0 0 3 0 40837 40830 0 0 147 0 0 15 42732399 0 0 0 0 0 0 17291768 712 0 0 
0 0 0 0 0 0 0 0 0 0 0 0 0 0 0 0 0 0 0 0 0 0 0 3 40837 0 0 8 0 0 147 15 0 9652628 18788560 14289627 0 0 0 17293594 0 0 712 0 
0 0 0 0 0 0 0 0 0 0 0 0 0 0 0 0 0 0 0 0 0 0 0 3 0 40837 40830 0 0 147 0 0 15 42732399 0 0 0 0 0 0 17291768 712 0 0 
0 0 0 0 0 0 0 0 0 0 0 0 0 0 0 0 0 0 0 0 0 0 0 3 40837 0 0 8 0 0 147 15 0 9652628 18788560 14289627 0 0 0 17293594 0 0 712 0 
0 0 0 0 0 0 0 0 0 0 0 0 0 0 0 0 0 0 0 0 0 0 0 3 0 40837 40830 0 0 147 0 0 15 42732399 0 0 0 0 0 0 17291768 712 0 0 
0 0 0 0 0 0 0 0 0 0 0 0 0 0 0 0 0 0 0 0 0 0 0 3 40837 0 0 8 0 0 147 15 0 9652628 18788560 14289627 0 0 0 17293594 0 0 712 0 
0 0 0 0 0 0 0 0 0 0 0 0 0 0 0 0 0 0 0 0 0 0 0 3 0 40837 40830 0 0 147 0 0 15 42732399 0 0 0 0 0 0 17291768 712 0 0 
0 0 0 0 0 0 0 0 0 0 0 0 0 0 0 0 0 0 0 0 0 0 0 3 40837 0 0 8 0 0 147 15 0 9652628 18788560 14289627 0 0 0 17293594 0 0 712 0 
0 0 0 0 0 0 0 0 0 0 0 0 0 0 0 0 0 0 0 0 0 0 0 3 0 40837 40830 0 0 147 0 0 15 42732399 0 0 0 0 0 0 17291768 712 0 0 
0 0 0 0 0 0 0 0 0 0 0 0 0 0 0 0 0 0 0 0 0 0 0 3 40837 0 0 8 0 0 147 15 0 9652628 18788560 14289627 0 0 0 17293594 0 0 712 0 
0 0 0 0 0 0 0 0 0 0 0 0 0 0 0 0 0 0 0 0 0 0 0 3 0 40837 40830 0 0 147 0 0 15 42732399 0 0 0 0 0 0 17291768 712 0 0 
0 0 0 0 0 0 0 0 0 0 0 0 0 0 0 0 0 0 0 0 0 0 0 3 40837 0 0 8 0 0 147 15 0 9652628 18788560 14289627 0 0 0 17293594 0 0 712 0 
0 0 0 0 0 0 0 0 0 0 0 0 0 0 0 0 0 0 0 0 0 0 0 3 0 40837 40830 0 0 147 0 0 15 42732399 0 0 0 0 0 0 17291768 712 0 0 
0 0 0 0 0 0 0 0 0 0 0 0 0 0 0 0 0 0 0 0 0 0 0 3 40837 0 0 8 0 0 147 15 0 9652628 18788560 14289627 0 0 0 17293594 0 0 712 0 
0 0 0 0 0 0 0 0 0 0 0 0 0 0 0 0 0 0 0 0 0 0 0 3 0 40837 40830 0 0 147 0 0 15 42732399 0 0 0 0 0 0 17291768 712 0 0 
0 0 0 0 0 0 0 0 0 0 0 0 0 0 0 0 0 0 0 0 0 0 0 3 40837 0 0 8 0 0 147 15 0 9652628 18788560 14289627 0 0 0 17293594 0 0 712 0 
0 0 0 0 0 0 0 0 0 0 0 0 0 0 0 0 0 0 0 0 0 0 0 3 0 40837 40830 0 0 147 0 0 15 42732399 0 0 0 0 0 0 17291768 712 0 0 
0 0 0 0 0 0 0 0 0 0 0 0 0 0 0 0 0 0 0 0 0 0 0 3 40837 0 0 8 0 0 147 15 0 9652628 18788560 14289627 0 0 0 17293594 0 0 712 0 
0 0 0 0 0 0 0 0 0 0 0 0 0 0 0 0 0 0 0 0 0 0 0 3 0 40837 40830 0 0 147 0 0 15 42732399 0 0 0 0 0 0 17291768 712 0 0 
0 0 0 0 0 0 0 0 0 0 0 0 0 0 0 0 0 0 0 0 0 0 0 3 40837 0 0 8 0 0 147 15 0 9652628 18788560 14289627 0 0 0 17293594 0 0 712 0 
0 0 0 0 0 0 0 0 0 0 0 0 0 0 0 0 0 0 0 0 0 0 0 3 0 40837 40830 0 0 147 0 0 15 42732399 0 0 0 0 0 0 17291768 712 0 0 
0 0 0 0 0 0 0 0 0 0 0 0 0 0 0 0 0 0 0 0 0 0 0 3 40837 0 0 8 0 0 147 15 0 9652628 18788560 14289627 0 0 0 17293594 0 0 712 0 
0 0 0 0 0 0 0 0 0 0 0 0 0 0 0 0 0 0 0 0 0 0 0 3 0 40837 40830 0 0 147 0 0 15 42732399 0 0 0 0 0 0 17291768 712 0 0 
0 0 0 0 0 0 0 0 0 0 0 0 0 0 0 0 0 0 0 0 0 0 0 3 40837 0 0 8 0 0 147 15 0 9652628 18788560 14289627 0 0 0 17293594 0 0 712 0 
0 0 0 0 0 0 0 0 0 0 0 0 0 0 0 0 0 0 0 0 0 0 0 3 0 40837 40830 0 0 147 0 0 15 42732399 0 0 0 0 0 0 17291768 712 0 0 
0 0 0 0 0 0 0 0 0 0 0 0 0 0 0 0 0 0 0 0 0 0 0 3 40837 0 0 8 0 0 147 15 0 9652628 18788560 14289627 0 0 0 17293594 0 0 712 0 
0 0 0 0 0 0 0 0 0 0 0 0 0 0 0 0 0 0 0 0 0 0 0 3 0 40837 40830 0 0 147 0 0 15 42732399 0 0 0 0 0 0 17291768 712 0 0 
0 0 0 0 0 0 0 0 0 0 0 0 0 0 0 0 0 0 0 0 0 0 0 3 40837 0 0 8 0 0 147 15 0 9652628 18788560 14289627 0 0 0 17293594 0 0 712 0 
0 0 0 0 0 0 0 0 0 0 0 0 0 0 0 0 0 0 0 0 0 0 0 3 0 40837 40830 0 0 147 0 0 15 42732399 0 0 0 0 0 0 17291768 712 0 0 
0 0 0 0 0 0 0 0 0 0 0 0 0 0 0 0 0 0 0 0 0 0 0 3 40837 0 0 8 0 0 147 15 0 9652628 18788560 14289627 0 0 0 17293594 0 0 712 0 
0 0 0 0 0 0 0 0 0 0 0 0 0 0 0 0 0 0 0 0 0 0 0 3 0 40837 40830 0 0 147 0 0 15 42732399 0 0 0 0 0 0 17291768 712 0 0 
0 0 0 0 0 0 0 0 0 0 0 0 0 0 0 0 0 0 0 0 0 0 0 3 40837 0 0 8 0 0 147 15 0 9652628 18788560 14289627 0 0 0 17293594 0 0 712 0 
0 0 0 0 0 0 0 0 0 0 0 0 0 0 0 0 0 0 0 0 0 0 0 3 0 40837 40830 0 0 147 0 0 15 42732399 0 0 0 0 0 0 17291768 712 0 0 
0 0 0 0 0 0 0 0 0 0 0 0 0 0 0 0 0 0 0 0 0 0 0 3 40837 0 0 8 0 0 147 15 0 9652628 18788560 14289627 0 0 0 17293594 0 0 712 0 
0 0 0 0 0 0 0 0 0 0 0 0 0 0 0 0 0 0 0 0 0 0 0 3 0 40837 40830 0 0 147 0 0 15 42732399 0 0 0 0 0 0 17291768 712 0 0 
0 0 0 0 0 0 0 0 0 0 0 0 0 0 0 0 0 0 0 0 0 0 0 3 40837 0 0 8 0 0 147 15 0 9652628 18788560 14289627 0 0 0 17293594 0 0 712 0 
0 0 0 0 0 0 0 0 0 0 0 0 0 0 0 0 0 0 0 0 0 0 0 3 0 40837 40830 0 0 147 0 0 15 42732399 0 0 0 0 0 0 17291768 712 0 0 
0 0 0 0 0 0 0 0 0 0 0 0 0 0 0 0 0 0 0 0 0 0 0 3 40837 0 0 8 0 0 147 15 0 9652628 18788560 14289627 0 0 0 17293594 0 0 712 0 
0 0 0 0 0 0 0 0 0 0 0 0 0 0 0 0 0 0 0 0 0 0 0 3 0 40837 40830 0 0 147 0 0 15 42732399 0 0 0 0 0 0 17291768 712 0 0 
0 0 0 0 0 0 0 0 0 0 0 0 0 0 0 0 0 0 0 0 0 0 0 3 40837 0 0 8 0 0 147 15 0 9652628 18788560 14289627 0 0 0 17293594 0 0 712 0 
0 0 0 0 0 0 0 0 0 0 0 0 0 0 0 0 0 0 0 0 0 0 0 3 0 40837 40830 0 0 147 0 0 15 42732399 0 0 0 0 0 0 17291768 712 0 0 
0 0 0 0 0 0 0 0 0 0 0 0 0 0 0 0 0 0 0 0 0 0 0 3 40837 0 0 8 0 0 147 15 0 9652628 18788560 14289627 0 0 0 17293594 0 0 712 0 
0 0 0 0 0 0 0 0 0 0 0 0 0 0 0 0 0 0 0 0 0 0 0 3 0 40837 40830 0 0 147 0 0 15 42732399 0 0 0 0 0 0 17291768 712 0 0 
0 0 0 0 0 0 0 0 0 0 0 0 0 0 0 0 0 0 0 0 0 0 0 3 40837 0 0 8 0 0 147 15 0 9652628 18788560 14289627 0 0 0 17293594 0 0 712 0 
0 0 0 0 0 0 0 0 0 0 0 0 0 0 0 0 0 0 0 0 0 0 0 3 0 40837 40830 0 0 147 0 0 15 42732399 0 0 0 0 0 0 17291768 712 0 0 
0 0 0 0 0 0 0 0 0 0 0 0 0 0 0 0 0 0 0 0 0 0 0 3 40837 0 0 8 0 0 147 15 0 9652628 18788560 14289627 0 0 0 17293594 0 0 712 0 
0 0 0 0 0 0 0 0 0 0 0 0 0 0 0 0 0 0 0 0 0 0 0 3 0 40837 40830 0 0 147 0 0 15 42732399 0 0 0 0 0 0 17291768 712 0 0 
0 0 0 0 0 0 0 0 0 0 0 0 0 0 0 0 0 0 0 0 0 0 0 3 40837 0 0 8 0 0 147 15 0 9652628 18788560 14289627 0 0 0 17293594 0 0 712 0 
0 0 0 0 0 0 0 0 0 0 0 0 0 0 0 0 0 0 0 0 0 0 0 3 0 40837 40830 0 0 147 0 0 15 42732399 0 0 0 0 0 0 17291768 712 0 0 
0 0 0 0 0 0 0 0 0 0 0 0 0 0 0 0 0 0 0 0 0 0 0 3 40837 0 0 8 0 0 147 15 0 9652628 18788560 14289627 0 0 0 17293594 0 0 712 0 
0 0 0 0 0 0 0 0 0 0 0 0 0 0 0 0 0 0 0 0 0 0 0 3 0 40837 40830 0 0 147 0 0 15 42732399 0 0 0 0 0 0 17291768 712 0 0 
0 0 0 0 0 0 0 0 0 0 0 0 0 0 0 0 0 0 0 0 0 0 0 3 40837 0 0 8 0 0 147 15 0 9652628 18788560 14289627 0 0 0 17293594 0 0 712 0 
0 0 0 0 0 0 0 0 0 0 0 0 0 0 0 0 0 0 0 0 0 0 0 3 0 40837 40830 0 0 147 0 0 15 42732399 0 0 0 0 0 0 17291768 712 0 0 
0 0 0 0 0 0 0 0 0 0 0 0 0 0 0 0 0 0 0 0 0 0 0 3 40837 0 0 8 0 0 147 15 0 9652628 18788560 14289627 0 0 0 17293594 0 0 712 0 
0 0 0 0 0 0 0 0 0 0 0 0 0 0 0 0 0 0 0 0 0 0 0 3 0 40837 40830 0 0 147 0 0 15 42732399 0 0 0 0 0 0 17291768 712 0 0 
0 0 0 0 0 0 0 0 0 0 0 0 0 0 0 0 0 0 0 0 0 0 0 3 40837 0 0 8 0 0 147 15 0 9652628 18788560 14289627 0 0 0 17293594 0 0 712 0 
0 0 0 0 0 0 0 0 0 0 0 0 0 0 0 0 0 0 0 0 0 0 0 3 0 40837 40830 0 0 147 0 0 15 42732399 0 0 0 0 0 0 17291768 712 0 0 
0 0 0 0 0 0 0 0 0 0 0 0 0 0 0 0 0 0 0 0 0 0 0 3 40837 0 0 8 0 0 147 15 0 9652628 18788560 14289627 0 0 0 17293594 0 0 712 0 
0 0 0 0 0 0 0 0 0 0 0 0 0 0 0 0 0 0 0 0 0 0 0 3 0 40837 40830 0 0 147 0 0 15 42732399 0 0 0 0 0 0 17291768 712 0 0 
0 0 0 0 0 0 0 0 0 0 0 0 0 0 0 0 0 0 0 0 0 0 0 3 40837 0 0 8 0 0 147 15 0 9652628 18788560 14289627 0 0 0 17293594 0 0 712 0 
0 0 0 0 0 0 0 0 0 0 0 0 0 0 0 0 0 0 0 0 0 0 0 3 0 40837 40830 0 0 147 0 0 15 42732399 0 0 0 0 0 0 17291768 712 0 0 
0 0 0 0 0 0 0 0 0 0 0 0 0 0 0 0 0 0 0 0 0 0 0 3 40837 0 0 8 0 0 147 15 0 9652628 18788560 14289627 0 0 0 17293594 0 0 712 0 
0 0 0 0 0 0 0 0 0 0 0 0 0 0 0 0 0 0 0 0 0 0 0 3 0 40837 40830 0 0 147 0 0 15 42732399 0 0 0 0 0 0 17291768 712 0 0 
0 0 0 0 0 0 0 0 0 0 0 0 0 0 0 0 0 0 0 0 0 0 0 3 40837 0 0 8 0 0 147 15 0 9652628 18788560 14289627 0 0 0 17293594 0 0 712 0 
0 0 0 0 0 0 0 0 0 0 0 0 0 0 0 0 0 0 0 0 0 0 0 3 0 40837 40830 0 0 147 0 0 15 42732399 0 0 0 0 0 0 17291768 712 0 0 
0 0 0 0 0 0 0 0 0 0 0 0 0 0 0 0 0 0 0 0 0 0 0 3 40837 0 0 8 0 0 147 15 0 9652628 18788560 14289627 0 0 0 17293594 0 0 712 0 
0 0 0 0 0 0 0 0 0 0 0 0 0 0 0 0 0 0 0 0 0 0 0 3 0 40837 40830 0 0 147 0 0 15 42732399 0 0 0 0 0 0 17291768 712 0 0 
0 0 0 0 0 0 0 0 0 0 0 0 0 0 0 0 0 0 0 0 0 0 0 3 40837 0 0 8 0 0 147 15 0 9652628 18788560 14289627 0 0 0 17293594 0 0 712 0 
0 0 0 0 0 0 0 0 0 0 0 0 0 0 0 0 0 0 0 0 0 0 0 3 0 40837 40830 0 0 147 0 0 15 42732399 0 0 0 0 0 0 17291768 712 0 0 
0 0 0 0 0 0 0 0 0 0 0 0 0 0 0 0 0 0 0 0 0 0 0 3 40837 0 0 8 0 0 147 15 0 9652628 18788560 14289627 0 0 0 17293594 0 0 712 0 
0 0 0 0 0 0 0 0 0 0 0 0 0 0 0 0 0 0 0 0 0 0 0 3 0 40837 40830 0 0 147 0 0 15 42732399 0 0 0 0 0 0 17291768 712 0 0 
0 0 0 0 0 0 0 0 0 0 0 0 0 0 0 0 0 0 0 0 0 0 0 3 40837 0 0 8 0 0 147 15 0 9652628 18788560 14289627 0 0 0 17293594 0 0 712 0 
0 0 0 0 0 0 0 0 0 0 0 0 0 0 0 0 0 0 0 0 0 0 0 3 0 40837 40830 0 0 147 0 0 15 42732399 0 0 0 0 0 0 17291768 712 0 0 
0 0 0 0 0 0 0 0 0 0 0 0 0 0 0 0 0 0 0 0 0 0 0 3 40837 0 0 8 0 0 147 15 0 9652628 18788560 14289627 0 0 0 17293594 0 0 712 0 
0 0 0 0 0 0 0 0 0 0 0 0 0 0 0 0 0 0 0 0 0 0 0 3 0 40837 40830 0 0 147 0 0 15 42732399 0 0 0 0 0 0 17291768 712 0 0 
0 0 0 0 0 0 0 0 0 0 0 0 0 0 0 0 0 0 0 0 0 0 0 3 40837 0 0 8 0 0 147 15 0 9652628 18788560 14289627 0 0 0 17293594 0 0 712 0 
0 0 0 0 0 0 0 0 0 0 0 0 0 0 0 0 0 0 0 0 0 0 0 3 0 40837 40830 0 0 147 0 0 15 42732399 0 0 0 0 0 0 17291768 712 0 0 
0 0 0 0 0 0 0 0 0 0 0 0 0 0 0 0 0 0 0 0 0 0 0 3 40837 0 0 8 0 0 147 15 0 9652628 18788560 14289627 0 0 0 17293594 0 0 712 0 
0 0 0 0 0 0 0 0 0 0 0 0 0 0 0 0 0 0 0 0 0 0 0 3 0 40837 40830 0 0 147 0 0 15 42732399 0 0 0 0 0 0 17291768 712 0 0 
0 0 0 0 0 0 0 0 0 0 0 0 0 0 0 0 0 0 0 0 0 0 0 3 40837 0 0 8 0 0 147 15 0 9652628 18788560 14289627 0 0 0 17293594 0 0 712 0 
0 0 0 0 0 0 0 0 0 0 0 0 0 0 0 0 0 0 0 0 0 0 0 3 0 40837 40830 0 0 147 0 0 15 42732399 0 0 0 0 0 0 17291768 712 0 0 
0 0 0 0 0 0 0 0 0 0 0 0 0 0 0 0 0 0 0 0 0 0 0 3 40837 0 0 8 0 0 147 15 0 9652628 18788560 14289627 0 0 0 17293594 0 0 712 0 
0 0 0 0 0 0 0 0 0 0 0 0 0 0 0 0 0 0 0 0 0 0 0 3 0 40837 40830 0 0 147 0 0 15 42732399 0 0 0 0 0 0 17291768 712 0 0 
0 0 0 0 0 0 0 0 0 0 0 0 0 0 0 0 0 0 0 0 0 0 0 3 40837 0 0 8 0 0 147 15 0 9652628 18788560 14289627 0 0 0 17293594 0 0 712 0 
0 0 0 0 0 0 0 0 0 0 0 0 0 0 0 0 0 0 0 0 0 0 0 3 0 40837 40830 0 0 147 0 0 15 42732399 0 0 0 0 0 0 17291768 712 0 0 
0 0 0 0 0 0 0 0 0 0 0 0 0 0 0 0 0 0 0 0 0 0 0 3 40837 0 0 8 0 0 147 15 0 9652628 18788560 14289627 0 0 0 17293594 0 0 712 0 
0 0 0 0 0 0 0 0 0 0 0 0 0 0 0 0 0 0 0 0 0 0 0 3 0 40837 40830 0 0 147 0 0 15 42732399 0 0 0 0 0 0 17291768 712 0 0 
0 0 0 0 0 0 0 0 0 0 0 0 0 0 0 0 0 0 0 0 0 0 0 3 40837 0 0 8 0 0 147 15 0 9652628 18788560 14289627 0 0 0 17293594 0 0 712 0 
0 0 0 0 0 0 0 0 0 0 0 0 0 0 0 0 0 0 0 0 0 0 0 3 0 40837 40830 0 0 147 0 0 15 42732399 0 0 0 0 0 0 17291768 712 0 0 
0 0 0 0 0 0 0 0 0 0 0 0 0 0 0 0 0 0 0 0 0 0 0 3 40837 0 0 8 0 0 147 15 0 9652628 18788560 14289627 0 0 0 17293594 0 0 712 0 
0 0 0 0 0 0 0 0 0 0 0 0 0 0 0 0 0 0 0 0 0 0 0 3 0 40837 40830 0 0 147 0 0 15 42732399 0 0 0 0 0 0 17291768 712 0 0 
0 0 0 0 0 0 0 0 0 0 0 0 0 0 0 0 0 0 0 0 0 0 0 3 40837 0 0 8 0 0 147 15 0 9652628 18788560 14289627 0 0 0 17293594 0 0 712 0 
0 0 0 0 0 0 0 0 0 0 0 0 0 0 0 0 0 0 0 0 0 0 0 3 0 40837 40830 0 0 147 0 0 15 42732399 0 0 0 0 0 0 17291768 712 0 0 
0 0 0 0 0 0 0 0 0 0 0 0 0 0 0 0 0 0 0 0 0 0 0 3 40837 0 0 8 0 0 147 15 0 9652628 18788560 14289627 0 0 0 17293594 0 0 712 0 
<====
0 0 0 0 0 0 0 0 0 0 0 0 0 0 0 0 0 0 0 0 0 0 0 3 0 40837 40830 0 0 147 0 0 15 42732399 0 0 0 0 0 0 17291768 712 0 0 
0 0 0 0 0 0 0 0 0 0 0 0 0 0 0 0 0 0 0 0 0 0 0 3 40837 0 0 8 0 0 147 15 0 9652628 18788560 14289627 0 0 0 17293594 0 0 712 0 
0 0 0 0 0 0 0 0 0 0 0 0 0 0 0 0 0 0 0 0 0 0 0 3 0 40837 40830 0 0 147 0 0 15 42732399 0 0 0 0 0 0 17291768 712 0 0 
0 0 0 0 0 0 0 0 0 0 0 0 0 0 0 0 0 0 0 0 0 0 0 3 40837 0 0 8 0 0 147 15 0 9652628 18788560 14289627 0 0 0 17293594 0 0 712 0 
0 0 0 0 0 0 0 0 0 0 0 0 0 0 0 0 0 0 0 0 0 0 0 3 0 40837 40830 0 0 147 0 0 15 42732399 0 0 0 0 0 0 17291768 712 0 0 
0 0 0 0 0 0 0 0 0 0 0 0 0 0 0 0 0 0 0 0 0 0 0 3 40837 0 0 8 0 0 147 15 0 9652628 18788560 14289627 0 0 0 17293594 0 0 712 0 
0 0 0 0 0 0 0 0 0 0 0 0 0 0 0 0 0 0 0 0 0 0 0 3 0 40837 40830 0 0 147 0 0 15 42732399 0 0 0 0 0 0 17291768 712 0 0 
0 0 0 0 0 0 0 0 0 0 0 0 0 0 0 0 0 0 0 0 0 0 0 3 40837 0 0 8 0 0 147 15 0 9652628 18788560 14289627 0 0 0 17293594 0 0 712 0 
0 0 0 0 0 0 0 0 0 0 0 0 0 0 0 0 0 0 0 0 0 0 0 3 0 40837 40830 0 0 147 0 0 15 42732399 0 0 0 0 0 0 17291768 712 0 0 
0 0 0 0 0 0 0 0 0 0 0 0 0 0 0 0 0 0 0 0 0 0 0 3 40837 0 0 8 0 0 147 15 0 9652628 18788560 14289627 0 0 0 17293594 0 0 712 0 
0 0 0 0 0 0 0 0 0 0 0 0 0 0 0 0 0 0 0 0 0 0 0 3 0 40837 40830 0 0 147 0 0 15 42732399 0 0 0 0 0 0 17291768 712 0 0 
0 0 0 0 0 0 0 0 0 0 0 0 0 0 0 0 0 0 0 0 0 0 0 3 40837 0 0 8 0 0 147 15 0 9652628 18788560 14289627 0 0 0 17293594 0 0 712 0 
