0 0 0 0 0 0 0 0 0 0 0 0 0 0 0 0 0 0 0 0 0 0 0 3 0 122901 122862 0 0 467 0 0 52 107994588 31121316 0 0 0 0 0 57073308 2119 0 0 
0 0 0 0 0 0 0 0 0 0 0 0 0 0 0 0 0 0 0 0 0 0 0 3 0 122901 122862 0 0 467 0 0 52 107994588 31121316 0 0 0 0 0 57073308 2119 0 0 
0 0 0 0 0 0 0 0 0 0 0 0 0 0 0 0 0 0 0 0 0 0 0 3 0 122901 122862 0 0 467 0 0 52 107994588 31121316 0 0 0 0 0 57073308 2119 0 0 
0 0 0 0 0 0 0 0 0 0 0 0 0 0 0 0 0 0 0 0 0 0 0 3 0 122901 122862 0 0 467 0 0 52 107994588 31121316 0 0 0 0 0 57073308 2119 0 0 
0 0 0 0 0 0 0 0 0 0 0 0 0 0 0 0 0 0 0 0 0 0 0 3 0 122901 122862 0 0 467 0 0 52 107994588 31121316 0 0 0 0 0 57073308 2119 0 0 
0 0 0 0 0 0 0 0 0 0 0 0 0 0 0 0 0 0 0 0 0 0 0 3 0 122901 122862 0 0 467 0 0 52 107994588 31121316 0 0 0 0 0 57073308 2119 0 0 
0 0 0 0 0 0 0 0 0 0 0 0 0 0 0 0 0 0 0 0 0 0 0 3 0 122901 122862 0 0 467 0 0 52 107994588 31121316 0 0 0 0 0 57073308 2119 0 0 
0 0 0 0 0 0 0 0 0 0 0 0 0 0 0 0 0 0 0 0 0 0 0 3 0 122901 122862 0 0 467 0 0 52 107994588 31121316 0 0 0 0 0 57073308 2119 0 0 
0 0 0 0 0 0 0 0 0 0 0 0 0 0 0 0 0 0 0 0 0 0 0 3 0 122901 122862 0 0 467 0 0 52 107994588 31121316 0 0 0 0 0 57073308 2119 0 0 
0 0 0 0 0 0 0 0 0 0 0 0 0 0 0 0 0 0 0 0 0 0 0 3 0 122901 122862 0 0 467 0 0 52 107994588 31121316 0 0 0 0 0 57073308 2119 0 0 
0 0 0 0 0 0 0 0 0 0 0 0 0 0 0 0 0 0 0 0 0 0 0 3 0 122901 122862 0 0 467 0 0 52 107994588 31121316 0 0 0 0 0 57073308 2119 0 0 
0 0 0 0 0 0 0 0 0 0 0 0 0 0 0 0 0 0 0 0 0 0 0 3 0 122901 122862 0 0 467 0 0 52 107994588 31121316 0 0 0 0 0 57073308 2119 0 0 
0 0 0 0 0 0 0 0 0 0 0 0 0 0 0 0 0 0 0 0 0 0 0 3 0 122901 122862 0 0 467 0 0 52 107994588 31121316 0 0 0 0 0 57073308 2119 0 0 
0 0 0 0 0 0 0 0 0 0 0 0 0 0 0 0 0 0 0 0 0 0 0 3 0 122901 122862 0 0 467 0 0 52 107994588 31121316 0 0 0 0 0 57073308 2119 0 0 
0 0 0 0 0 0 0 0 0 0 0 0 0 0 0 0 0 0 0 0 0 0 0 3 0 122901 122862 0 0 467 0 0 52 107994588 31121316 0 0 0 0 0 57073308 2119 0 0 
0 0 0 0 0 0 0 0 0 0 0 0 0 0 0 0 0 0 0 0 0 0 0 3 0 122901 122862 0 0 467 0 0 52 107994588 31121316 0 0 0 0 0 57073308 2119 0 0 
0 0 0 0 0 0 0 0 0 0 0 0 0 0 0 0 0 0 0 0 0 0 0 3 0 122901 122862 0 0 467 0 0 52 107994588 31121316 0 0 0 0 0 57073308 2119 0 0 
0 0 0 0 0 0 0 0 0 0 0 0 0 0 0 0 0 0 0 0 0 0 0 3 0 122901 122862 0 0 467 0 0 52 107994588 31121316 0 0 0 0 0 57073308 2119 0 0 
0 0 0 0 0 0 0 0 0 0 0 0 0 0 0 0 0 0 0 0 0 0 0 3 0 122901 122862 0 0 467 0 0 52 107994588 31121316 0 0 0 0 0 57073308 2119 0 0 
0 0 0 0 0 0 0 0 0 0 0 0 0 0 0 0 0 0 0 0 0 0 0 3 0 122901 122862 0 0 467 0 0 52 107994588 31121316 0 0 0 0 0 57073308 2119 0 0 
0 0 0 0 0 0 0 0 0 0 0 0 0 0 0 0 0 0 0 0 0 0 0 3 0 122901 122862 0 0 467 0 0 52 107994588 31121316 0 0 0 0 0 57073308 2119 0 0 
0 0 0 0 0 0 0 0 0 0 0 0 0 0 0 0 0 0 0 0 0 0 0 3 0 122901 122862 0 0 467 0 0 52 107994588 31121316 0 0 0 0 0 57073308 2119 0 0 
0 0 0 0 0 0 0 0 0 0 0 0 0 0 0 0 0 0 0 0 0 0 0 3 0 122901 122862 0 0 467 0 0 52 107994588 31121316 0 0 0 0 0 57073308 2119 0 0 
0 0 0 0 0 0 0 0 0 0 0 0 0 0 0 0 0 0 0 0 0 0 0 3 0 122901 122862 0 0 467 0 0 52 107994588 31121316 0 0 0 0 0 57073308 2119 0 0 
0 0 0 0 0 0 0 0 0 0 0 0 0 0 0 0 0 0 0 0 0 0 0 3 0 122901 122862 0 0 467 0 0 52 107994588 31121316 0 0 0 0 0 57073308 2119 0 0 
0 0 0 0 0 0 0 0 0 0 0 0 0 0 0 0 0 0 0 0 0 0 0 3 0 122901 122862 0 0 467 0 0 52 107994588 31121316 0 0 0 0 0 57073308 2119 0 0 
0 0 0 0 0 0 0 0 0 0 0 0 0 0 0 0 0 0 0 0 0 0 0 3 0 122901 122862 0 0 467 0 0 52 107994588 31121316 0 0 0 0 0 57073308 2119 0 0 
0 0 0 0 0 0 0 0 0 0 0 0 0 0 0 0 0 0 0 0 0 0 0 3 0 122901 122862 0 0 467 0 0 52 107994588 31121316 0 0 0 0 0 57073308 2119 0 0 
0 0 0 0 0 0 0 0 0 0 0 0 0 0 0 0 0 0 0 0 0 0 0 3 0 122901 122862 0 0 467 0 0 52 107994588 31121316 0 0 0 0 0 57073308 2119 0 0 
0 0 0 0 0 0 0 0 0 0 0 0 0 0 0 0 0 0 0 0 0 0 0 3 0 122901 122862 0 0 467 0 0 52 107994588 31121316 0 0 0 0 0 57073308 2119 0 0 
0 0 0 0 0 0 0 0 0 0 0 0 0 0 0 0 0 0 0 0 0 0 0 3 0 122901 122862 0 0 467 0 0 52 107994588 31121316 0 0 0 0 0 57073308 2119 0 0 
0 0 0 0 0 0 0 0 0 0 0 0 0 0 0 0 0 0 0 0 0 0 0 3 0 122901 122862 0 0 467 0 0 52 107994588 31121316 0 0 0 0 0 57073308 2119 0 0 
0 0 0 0 0 0 0 0 0 0 0 0 0 0 0 0 0 0 0 0 0 0 0 3 0 122901 122862 0 0 467 0 0 52 107994588 31121316 0 0 0 0 0 57073308 2119 0 0 
0 0 0 0 0 0 0 0 0 0 0 0 0 0 0 0 0 0 0 0 0 0 0 3 0 122901 122862 0 0 467 0 0 52 107994588 31121316 0 0 0 0 0 57073308 2119 0 0 
0 0 0 0 0 0 0 0 0 0 0 0 0 0 0 0 0 0 0 0 0 0 0 3 0 122901 122862 0 0 467 0 0 52 107994588 31121316 0 0 0 0 0 57073308 2119 0 0 
0 0 0 0 0 0 0 0 0 0 0 0 0 0 0 0 0 0 0 0 0 0 0 3 0 122901 122862 0 0 467 0 0 52 107994588 31121316 0 0 0 0 0 57073308 2119 0 0 
0 0 0 0 0 0 0 0 0 0 0 0 0 0 0 0 0 0 0 0 0 0 0 3 0 122901 122862 0 0 467 0 0 52 107994588 31121316 0 0 0 0 0 57073308 2119 0 0 
0 0 0 0 0 0 0 0 0 0 0 0 0 0 0 0 0 0 0 0 0 0 0 3 0 122901 122862 0 0 467 0 0 52 107994588 31121316 0 0 0 0 0 57073308 2119 0 0 
0 0 0 0 0 0 0 0 0 0 0 0 0 0 0 0 0 0 0 0 0 0 0 3 0 122901 122862 0 0 467 0 0 52 107994588 31121316 0 0 0 0 0 57073308 2119 0 0 
0 0 0 0 0 0 0 0 0 0 0 0 0 0 0 0 0 0 0 0 0 0 0 3 0 122901 122862 0 0 467 0 0 52 107994588 31121316 0 0 0 0 0 57073308 2119 0 0 
0 0 0 0 0 0 0 0 0 0 0 0 0 0 0 0 0 0 0 0 0 0 0 3 0 122901 122862 0 0 467 0 0 52 107994588 31121316 0 0 0 0 0 57073308 2119 0 0 
0 0 0 0 0 0 0 0 0 0 0 0 0 0 0 0 0 0 0 0 0 0 0 3 0 122901 122862 0 0 467 0 0 52 107994588 31121316 0 0 0 0 0 57073308 2119 0 0 
0 0 0 0 0 0 0 0 0 0 0 0 0 0 0 0 0 0 0 0 0 0 0 3 0 122901 122862 0 0 467 0 0 52 107994588 31121316 0 0 0 0 0 57073308 2119 0 0 
0 0 0 0 0 0 0 0 0 0 0 0 0 0 0 0 0 0 0 0 0 0 0 3 0 122901 122862 0 0 467 0 0 52 107994588 31121316 0 0 0 0 0 57073308 2119 0 0 
0 0 0 0 0 0 0 0 0 0 0 0 0 0 0 0 0 0 0 0 0 0 0 3 0 122901 122862 0 0 467 0 0 52 107994588 31121316 0 0 0 0 0 57073308 2119 0 0 
0 0 0 0 0 0 0 0 0 0 0 0 0 0 0 0 0 0 0 0 0 0 0 3 0 122901 122862 0 0 467 0 0 52 107994588 31121316 0 0 0 0 0 57073308 2119 0 0 
0 0 0 0 0 0 0 0 0 0 0 0 0 0 0 0 0 0 0 0 0 0 0 3 0 122901 122862 0 0 467 0 0 52 107994588 31121316 0 0 0 0 0 57073308 2119 0 0 
0 0 0 0 0 0 0 0 0 0 0 0 0 0 0 0 0 0 0 0 0 0 0 3 0 122901 122862 0 0 467 0 0 52 107994588 31121316 0 0 0 0 0 57073308 2119 0 0 
0 0 0 0 0 0 0 0 0 0 0 0 0 0 0 0 0 0 0 0 0 0 0 3 0 122901 122862 0 0 467 0 0 52 107994588 31121316 0 0 0 0 0 57073308 2119 0 0 
0 0 0 0 0 0 0 0 0 0 0 0 0 0 0 0 0 0 0 0 0 0 0 3 0 122901 122862 0 0 467 0 0 52 107994588 31121316 0 0 0 0 0 57073308 2119 0 0 
0 0 0 0 0 0 0 0 0 0 0 0 0 0 0 0 0 0 0 0 0 0 0 3 0 122901 122862 0 0 467 0 0 52 107994588 31121316 0 0 0 0 0 57073308 2119 0 0 
0 0 0 0 0 0 0 0 0 0 0 0 0 0 0 0 0 0 0 0 0 0 0 3 0 122901 122862 0 0 467 0 0 52 107994588 31121316 0 0 0 0 0 57073308 2119 0 0 
0 0 0 0 0 0 0 0 0 0 0 0 0 0 0 0 0 0 0 0 0 0 0 3 0 122901 122862 0 0 467 0 0 52 107994588 31121316 0 0 0 0 0 57073308 2119 0 0 
0 0 0 0 0 0 0 0 0 0 0 0 0 0 0 0 0 0 0 0 0 0 0 3 0 122901 122862 0 0 467 0 0 52 107994588 31121316 0 0 0 0 0 57073308 2119 0 0 
0 0 0 0 0 0 0 0 0 0 0 0 0 0 0 0 0 0 0 0 0 0 0 3 0 122901 122862 0 0 467 0 0 52 107994588 31121316 0 0 0 0 0 57073308 2119 0 0 
0 0 0 0 0 0 0 0 0 0 0 0 0 0 0 0 0 0 0 0 0 0 0 3 0 122901 122862 0 0 467 0 0 52 107994588 31121316 0 0 0 0 0 57073308 2119 0 0 
0 0 0 0 0 0 0 0 0 0 0 0 0 0 0 0 0 0 0 0 0 0 0 3 0 122901 122862 0 0 467 0 0 52 107994588 31121316 0 0 0 0 0 57073308 2119 0 0 
0 0 0 0 0 0 0 0 0 0 0 0 0 0 0 0 0 0 0 0 0 0 0 3 0 122901 122862 0 0 467 0 0 52 107994588 31121316 0 0 0 0 0 57073308 2119 0 0 
0 0 0 0 0 0 0 0 0 0 0 0 0 0 0 0 0 0 0 0 0 0 0 3 0 122901 122862 0 0 467 0 0 52 107994588 31121316 0 0 0 0 0 57073308 2119 0 0 
0 0 0 0 0 0 0 0 0 0 0 0 0 0 0 0 0 0 0 0 0 0 0 3 0 122901 122862 0 0 467 0 0 52 107994588 31121316 0 0 0 0 0 57073308 2119 0 0 
0 0 0 0 0 0 0 0 0 0 0 0 0 0 0 0 0 0 0 0 0 0 0 3 0 122901 122862 0 0 467 0 0 52 107994588 31121316 0 0 0 0 0 57073308 2119 0 0 
0 0 0 0 0 0 0 0 0 0 0 0 0 0 0 0 0 0 0 0 0 0 0 3 0 122901 122862 0 0 467 0 0 52 107994588 31121316 0 0 0 0 0 57073308 2119 0 0 
0 0 0 0 0 0 0 0 0 0 0 0 0 0 0 0 0 0 0 0 0 0 0 3 0 122901 122862 0 0 467 0 0 52 107994588 31121316 0 0 0 0 0 57073308 2119 0 0 
0 0 0 0 0 0 0 0 0 0 0 0 0 0 0 0 0 0 0 0 0 0 0 3 0 122901 122862 0 0 467 0 0 52 107994588 31121316 0 0 0 0 0 57073308 2119 0 0 
0 0 0 0 0 0 0 0 0 0 0 0 0 0 0 0 0 0 0 0 0 0 0 3 0 122901 122862 0 0 467 0 0 52 107994588 31121316 0 0 0 0 0 57073308 2119 0 0 
0 0 0 0 0 0 0 0 0 0 0 0 0 0 0 0 0 0 0 0 0 0 0 3 0 122901 122862 0 0 467 0 0 52 107994588 31121316 0 0 0 0 0 57073308 2119 0 0 
0 0 0 0 0 0 0 0 0 0 0 0 0 0 0 0 0 0 0 0 0 0 0 3 0 122901 122862 0 0 467 0 0 52 107994588 31121316 0 0 0 0 0 57073308 2119 0 0 
0 0 0 0 0 0 0 0 0 0 0 0 0 0 0 0 0 0 0 0 0 0 0 3 0 122901 122862 0 0 467 0 0 52 107994588 31121316 0 0 0 0 0 57073308 2119 0 0 
0 0 0 0 0 0 0 0 0 0 0 0 0 0 0 0 0 0 0 0 0 0 0 3 0 122901 122862 0 0 467 0 0 52 107994588 31121316 0 0 0 0 0 57073308 2119 0 0 
0 0 0 0 0 0 0 0 0 0 0 0 0 0 0 0 0 0 0 0 0 0 0 3 0 122901 122862 0 0 467 0 0 52 107994588 31121316 0 0 0 0 0 57073308 2119 0 0 
0 0 0 0 0 0 0 0 0 0 0 0 0 0 0 0 0 0 0 0 0 0 0 3 0 122901 122862 0 0 467 0 0 52 107994588 31121316 0 0 0 0 0 57073308 2119 0 0 
0 0 0 0 0 0 0 0 0 0 0 0 0 0 0 0 0 0 0 0 0 0 0 3 0 122901 122862 0 0 467 0 0 52 107994588 31121316 0 0 0 0 0 57073308 2119 0 0 
0 0 0 0 0 0 0 0 0 0 0 0 0 0 0 0 0 0 0 0 0 0 0 3 0 122901 122862 0 0 467 0 0 52 107994588 31121316 0 0 0 0 0 57073308 2119 0 0 
0 0 0 0 0 0 0 0 0 0 0 0 0 0 0 0 0 0 0 0 0 0 0 3 0 122901 122862 0 0 467 0 0 52 107994588 31121316 0 0 0 0 0 57073308 2119 0 0 
0 0 0 0 0 0 0 0 0 0 0 0 0 0 0 0 0 0 0 0 0 0 0 3 0 122901 122862 0 0 467 0 0 52 107994588 31121316 0 0 0 0 0 57073308 2119 0 0 
0 0 0 0 0 0 0 0 0 0 0 0 0 0 0 0 0 0 0 0 0 0 0 3 0 122901 122862 0 0 467 0 0 52 107994588 31121316 0 0 0 0 0 57073308 2119 0 0 
0 0 0 0 0 0 0 0 0 0 0 0 0 0 0 0 0 0 0 0 0 0 0 3 0 122901 122862 0 0 467 0 0 52 107994588 31121316 0 0 0 0 0 57073308 2119 0 0 
0 0 0 0 0 0 0 0 0 0 0 0 0 0 0 0 0 0 0 0 0 0 0 3 0 122901 122862 0 0 467 0 0 52 107994588 31121316 0 0 0 0 0 57073308 2119 0 0 
0 0 0 0 0 0 0 0 0 0 0 0 0 0 0 0 0 0 0 0 0 0 0 3 0 122901 122862 0 0 467 0 0 52 107994588 31121316 0 0 0 0 0 57073308 2119 0 0 
0 0 0 0 0 0 0 0 0 0 0 0 0 0 0 0 0 0 0 0 0 0 0 3 0 122901 122866 0 0 487 0 0 52 108044886 31121320 0 0 0 0 0 57073312 2119 0 0 
0 0 0 0 0 0 0 0 0 0 0 0 0 0 0 0 0 0 0 0 0 0 0 3 0 122901 122866 0 0 487 0 0 52 108245972 31121320 0 0 0 0 0 57073319 2119 0 0 
0 0 0 0 0 0 0 0 0 0 0 0 0 0 0 0 0 0 0 0 0 0 0 3 0 122901 122866 0 0 487 0 0 52 108444601 31121320 0 0 0 0 0 57073319 2119 0 0 
0 0 0 0 0 0 0 0 0 0 0 0 0 0 0 0 0 0 0 0 0 0 0 3 0 122901 122866 0 0 491 0 0 52 108592895 31121320 0 0 0 0 0 57073319 2119 0 0 
0 0 0 0 0 0 0 0 0 0 0 0 0 0 0 0 0 0 0 0 0 0 0 3 0 122901 122866 0 0 491 0 0 52 108719359 31134834 0 0 0 0 0 57075641 2119 0 0 
0 0 0 0 0 0 0 0 0 0 0 0 0 0 0 0 0 0 0 0 0 0 0 3 0 122901 122866 0 0 491 0 0 52 108871583 31147063 0 0 0 0 0 57077952 2119 0 0 
0 0 0 0 0 0 0 0 0 0 0 0 0 0 0 0 0 0 0 0 0 0 0 3 0 122901 122866 0 0 491 0 0 52 109002682 31158522 0 0 0 0 0 57080273 2119 0 0 
0 0 0 0 0 0 0 0 0 0 0 0 0 0 0 0 0 0 0 0 0 0 0 3 0 122901 122866 0 0 491 0 0 52 109057696 31191115 0 0 0 0 0 57089464 2119 0 0 
0 0 0 0 0 0 0 0 0 0 0 0 0 0 0 0 0 0 0 0 0 0 0 3 0 122905 122866 0 0 491 0 0 52 109078735 31212787 0 0 0 0 0 57091776 2123 0 0 
0 0 0 0 0 0 0 0 0 0 0 0 0 0 0 0 0 0 0 0 0 0 0 3 0 122905 122866 0 0 491 0 0 52 109078735 31212787 0 0 0 0 0 57091776 2123 0 0 
0 0 0 0 0 0 0 0 0 0 0 0 0 0 0 0 0 0 0 0 0 0 0 3 0 122905 122866 0 0 491 0 0 52 109078735 31212787 0 0 0 0 0 57091776 2123 0 0 
0 0 0 0 0 0 0 0 0 0 0 0 0 0 0 0 0 0 0 0 0 0 0 3 0 122905 122866 0 0 491 0 0 52 109078735 31212787 0 0 0 0 0 57091776 2123 0 0 
0 0 0 0 0 0 0 0 0 0 0 0 0 0 0 0 0 0 0 0 0 0 0 3 0 122905 122866 0 0 491 0 0 52 109078735 31212787 0 0 0 0 0 57091776 2123 0 0 
0 0 0 0 0 0 0 0 0 0 0 0 0 0 0 0 0 0 0 0 0 0 0 3 0 122905 122866 0 0 491 0 0 52 109078735 31212787 0 0 0 0 0 57091776 2123 0 0 
