0 0 0 0 0 0 0 0 0 0 0 0 0 0 0 0 0 0 0 0 0 0 0 3 0 12 12 0 0 57 0 0 0 10678168 4015461 0 0 0 0 0 4139735 2069 0 0 
0 0 0 0 0 0 0 0 0 0 0 0 0 0 0 0 0 0 0 0 0 0 0 3 0 12 12 0 0 57 0 0 0 10678168 4015461 0 0 0 0 0 4139735 2069 0 0 
0 0 0 0 0 0 0 0 0 0 0 0 0 0 0 0 0 0 0 0 0 0 0 3 0 12 12 0 0 57 0 0 0 10678168 4015461 0 0 0 0 0 4139735 2069 0 0 
0 0 0 0 0 0 0 0 0 0 0 0 0 0 0 0 0 0 0 0 0 0 0 3 0 12 12 0 0 57 0 0 0 10678168 4015461 0 0 0 0 0 4139735 2069 0 0 
0 0 0 0 0 0 0 0 0 0 0 0 0 0 0 0 0 0 0 0 0 0 0 3 12 0 0 3 0 0 57 0 0 4016002 6249810 4424646 0 0 0 4126064 0 0 2049 0 
0 0 0 0 0 0 0 0 0 0 0 0 0 0 0 0 0 0 0 0 0 0 0 3 12 0 0 3 0 0 57 0 0 4016002 6249810 4424646 0 0 0 4126064 0 0 2049 0 
0 0 0 0 0 0 0 0 0 0 0 0 0 0 0 0 0 0 0 0 0 0 0 3 12 0 0 3 0 0 57 0 0 4016002 6249810 4424646 0 0 0 4126064 0 0 2049 0 
0 0 0 0 0 0 0 0 0 0 0 0 0 0 0 0 0 0 0 0 0 0 0 3 12 0 0 3 0 0 57 0 0 4016002 6249810 4424646 0 0 0 4126064 0 0 2049 0 
0 0 0 0 0 0 0 0 0 0 0 0 0 0 0 0 0 0 0 0 0 0 0 3 12 0 0 3 0 0 57 0 0 4016002 6249810 4424646 0 0 0 4126064 0 0 2049 0 
0 0 0 0 0 0 0 0 0 0 0 0 0 0 0 0 0 0 0 0 0 0 0 3 12 0 0 3 0 0 57 0 0 4016002 6249810 4424646 0 0 0 4126064 0 0 2049 0 
0 0 0 0 0 0 0 0 0 0 0 0 0 0 0 0 0 0 0 0 0 0 0 3 12 0 0 3 0 0 57 0 0 4016002 6249810 4424646 0 0 0 4126064 0 0 2049 0 
0 0 0 0 0 0 0 0 0 0 0 0 0 0 0 0 0 0 0 0 0 0 0 3 12 0 0 3 0 0 57 0 0 4016002 6249810 4424646 0 0 0 4126064 0 0 2049 0 
0 0 0 0 0 0 0 0 0 0 0 0 0 0 0 0 0 0 0 0 0 0 0 3 12 0 0 3 0 0 57 0 0 4016002 6249810 4424646 0 0 0 4126064 0 0 2049 0 
0 0 0 0 0 0 0 0 0 0 0 0 0 0 0 0 0 0 0 0 0 0 0 3 12 0 0 3 0 0 57 0 0 4016002 6249810 4424646 0 0 0 4126064 0 0 2049 0 
0 0 0 0 0 0 0 0 0 0 0 0 0 0 0 0 0 0 0 0 0 0 0 3 12 0 0 3 0 0 57 0 0 4016002 6249810 4424646 0 0 0 4126064 0 0 2049 0 
0 0 0 0 0 0 0 0 0 0 0 0 0 0 0 0 0 0 0 0 0 0 0 3 12 0 0 3 0 0 57 0 0 4016002 6249810 4424646 0 0 0 4126064 0 0 2049 0 
0 0 0 0 0 0 0 0 0 0 0 0 0 0 0 0 0 0 0 0 0 0 0 3 12 0 0 3 0 0 57 0 0 4016002 6249810 4424646 0 0 0 4126064 0 0 2049 0 
0 0 0 0 0 0 0 0 0 0 0 0 0 0 0 0 0 0 0 0 0 0 0 3 12 0 0 3 0 0 57 0 0 4016002 6249810 4424646 0 0 0 4126064 0 0 2049 0 
0 0 0 0 0 0 0 0 0 0 0 0 0 0 0 0 0 0 0 0 0 0 0 3 12 0 0 3 0 0 57 0 0 4016002 6249810 4424646 0 0 0 4126064 0 0 2049 0 
0 0 0 0 0 0 0 0 0 0 0 0 0 0 0 0 0 0 0 0 0 0 0 3 12 0 0 3 0 0 57 0 0 4016002 6249810 4424646 0 0 0 4126064 0 0 2049 0 
0 0 0 0 0 0 0 0 0 0 0 0 0 0 0 0 0 0 0 0 0 0 0 3 12 0 0 3 0 0 57 0 0 4016002 6249810 4424646 0 0 0 4126064 0 0 2049 0 
0 0 0 0 0 0 0 0 0 0 0 0 0 0 0 0 0 0 0 0 0 0 0 3 12 0 0 3 0 0 57 0 0 4016002 6249810 4424646 0 0 0 4126064 0 0 2049 0 
0 0 0 0 0 0 0 0 0 0 0 0 0 0 0 0 0 0 0 0 0 0 0 3 12 0 0 3 0 0 57 0 0 4016002 6249810 4424646 0 0 0 4126064 0 0 2049 0 
0 0 0 0 0 0 0 0 0 0 0 0 0 0 0 0 0 0 0 0 0 0 0 3 12 0 0 3 0 0 57 0 0 4016002 6249810 4424646 0 0 0 4126064 0 0 2049 0 
0 0 0 0 0 0 0 0 0 0 0 0 0 0 0 0 0 0 0 0 0 0 0 3 12 0 0 3 0 0 57 0 0 4016002 6249810 4424646 0 0 0 4126064 0 0 2049 0 
0 0 0 0 0 0 0 0 0 0 0 0 0 0 0 0 0 0 0 0 0 0 0 3 12 0 0 3 0 0 57 0 0 4016002 6249810 4424646 0 0 0 4126064 0 0 2049 0 
0 0 0 0 0 0 0 0 0 0 0 0 0 0 0 0 0 0 0 0 0 0 0 3 12 0 0 3 0 0 57 0 0 4016002 6249810 4424646 0 0 0 4126064 0 0 2049 0 
0 0 0 0 0 0 0 0 0 0 0 0 0 0 0 0 0 0 0 0 0 0 0 3 12 0 0 3 0 0 57 0 0 4016002 6249810 4424646 0 0 0 4126064 0 0 2049 0 
0 0 0 0 0 0 0 0 0 0 0 0 0 0 0 0 0 0 0 0 0 0 0 3 12 0 0 3 0 0 57 0 0 4016002 6249810 4424646 0 0 0 4126064 0 0 2049 0 
0 0 0 0 0 0 0 0 0 0 0 0 0 0 0 0 0 0 0 0 0 0 0 3 12 0 0 3 0 0 57 0 0 4016002 6249810 4424646 0 0 0 4126064 0 0 2049 0 
0 0 0 0 0 0 0 0 0 0 0 0 0 0 0 0 0 0 0 0 0 0 0 3 12 0 0 3 0 0 57 0 0 4016002 6249810 4424646 0 0 0 4126064 0 0 2049 0 
0 0 0 0 0 0 0 0 0 0 0 0 0 0 0 0 0 0 0 0 0 0 0 3 12 0 0 3 0 0 57 0 0 4016002 6249810 4424646 0 0 0 4126064 0 0 2049 0 
0 0 0 0 0 0 0 0 0 0 0 0 0 0 0 0 0 0 0 0 0 0 0 3 12 0 0 3 0 0 57 0 0 4016002 6249810 4424646 0 0 0 4126064 0 0 2049 0 
0 0 0 0 0 0 0 0 0 0 0 0 0 0 0 0 0 0 0 0 0 0 0 3 12 0 0 3 0 0 57 0 0 4016002 6249810 4424646 0 0 0 4126064 0 0 2049 0 
0 0 0 0 0 0 0 0 0 0 0 0 0 0 0 0 0 0 0 0 0 0 0 3 12 0 0 3 0 0 57 0 0 4016002 6249810 4424646 0 0 0 4126064 0 0 2049 0 
0 0 0 0 0 0 0 0 0 0 0 0 0 0 0 0 0 0 0 0 0 0 0 3 12 0 0 3 0 0 57 0 0 4016002 6249810 4424646 0 0 0 4126064 0 0 2049 0 
0 0 0 0 0 0 0 0 0 0 0 0 0 0 0 0 0 0 0 0 0 0 0 3 12 0 0 3 0 0 57 0 0 4016002 6249810 4424646 0 0 0 4126064 0 0 2049 0 
0 0 0 0 0 0 0 0 0 0 0 0 0 0 0 0 0 0 0 0 0 0 0 3 12 0 0 3 0 0 57 0 0 4016002 6249810 4424646 0 0 0 4126064 0 0 2049 0 
0 0 0 0 0 0 0 0 0 0 0 0 0 0 0 0 0 0 0 0 0 0 0 3 12 0 0 3 0 0 57 0 0 4016002 6249810 4424646 0 0 0 4126064 0 0 2049 0 
0 0 0 0 0 0 0 0 0 0 0 0 0 0 0 0 0 0 0 0 0 0 0 3 12 0 0 3 0 0 57 0 0 4016002 6249810 4424646 0 0 0 4126064 0 0 2049 0 
0 0 0 0 0 0 0 0 0 0 0 0 0 0 0 0 0 0 0 0 0 0 0 3 12 0 0 3 0 0 57 0 0 4016002 6249810 4424646 0 0 0 4126064 0 0 2049 0 
0 0 0 0 0 0 0 0 0 0 0 0 0 0 0 0 0 0 0 0 0 0 0 3 12 0 0 3 0 0 57 0 0 4016002 6249810 4424646 0 0 0 4126064 0 0 2049 0 
0 0 0 0 0 0 0 0 0 0 0 0 0 0 0 0 0 0 0 0 0 0 0 3 12 0 0 3 0 0 57 0 0 4016002 6249810 4424646 0 0 0 4126064 0 0 2049 0 
0 0 0 0 0 0 0 0 0 0 0 0 0 0 0 0 0 0 0 0 0 0 0 3 12 0 0 3 0 0 57 0 0 4016002 6249810 4424646 0 0 0 4126064 0 0 2049 0 
0 0 0 0 0 0 0 0 0 0 0 0 0 0 0 0 0 0 0 0 0 0 0 3 12 0 0 3 0 0 57 0 0 4016002 6249810 4424646 0 0 0 4126064 0 0 2049 0 
0 0 0 0 0 0 0 0 0 0 0 0 0 0 0 0 0 0 0 0 0 0 0 3 12 0 0 3 0 0 57 0 0 4016002 6249810 4424646 0 0 0 4126064 0 0 2049 0 
0 0 0 0 0 0 0 0 0 0 0 0 0 0 0 0 0 0 0 0 0 0 0 3 12 0 0 3 0 0 57 0 0 4016002 6249810 4424646 0 0 0 4126064 0 0 2049 0 
0 0 0 0 0 0 0 0 0 0 0 0 0 0 0 0 0 0 0 0 0 0 0 3 12 0 0 3 0 0 57 0 0 4016002 6249810 4424646 0 0 0 4126064 0 0 2049 0 
0 0 0 0 0 0 0 0 0 0 0 0 0 0 0 0 0 0 0 0 0 0 0 3 12 0 0 3 0 0 57 0 0 4016002 6249810 4424646 0 0 0 4126064 0 0 2049 0 
0 0 0 0 0 0 0 0 0 0 0 0 0 0 0 0 0 0 0 0 0 0 0 3 12 0 0 3 0 0 57 0 0 4016002 6249810 4424646 0 0 0 4126064 0 0 2049 0 
0 0 0 0 0 0 0 0 0 0 0 0 0 0 0 0 0 0 0 0 0 0 0 3 12 0 0 3 0 0 57 0 0 4016002 6249810 4424646 0 0 0 4126064 0 0 2049 0 
0 0 0 0 0 0 0 0 0 0 0 0 0 0 0 0 0 0 0 0 0 0 0 3 12 0 0 3 0 0 57 0 0 4016002 6249810 4424646 0 0 0 4126064 0 0 2049 0 
0 0 0 0 0 0 0 0 0 0 0 0 0 0 0 0 0 0 0 0 0 0 0 3 12 0 0 3 0 0 57 0 0 4016002 6249810 4424646 0 0 0 4126064 0 0 2049 0 
0 0 0 0 0 0 0 0 0 0 0 0 0 0 0 0 0 0 0 0 0 0 0 3 12 0 0 3 0 0 57 0 0 4016002 6249810 4424646 0 0 0 4126064 0 0 2049 0 
0 0 0 0 0 0 0 0 0 0 0 0 0 0 0 0 0 0 0 0 0 0 0 3 12 0 0 3 0 0 57 0 0 4016002 6249810 4424646 0 0 0 4126064 0 0 2049 0 
0 0 0 0 0 0 0 0 0 0 0 0 0 0 0 0 0 0 0 0 0 0 0 3 12 0 0 3 0 0 57 0 0 4016002 6249810 4424646 0 0 0 4126064 0 0 2049 0 
0 0 0 0 0 0 0 0 0 0 0 0 0 0 0 0 0 0 0 0 0 0 0 3 12 0 0 3 0 0 57 0 0 4016002 6249810 4424646 0 0 0 4126064 0 0 2049 0 
0 0 0 0 0 0 0 0 0 0 0 0 0 0 0 0 0 0 0 0 0 0 0 3 12 0 0 3 0 0 57 0 0 4016002 6249810 4424646 0 0 0 4126064 0 0 2049 0 
0 0 0 0 0 0 0 0 0 0 0 0 0 0 0 0 0 0 0 0 0 0 0 3 12 0 0 3 0 0 57 0 0 4016002 6249810 4424646 0 0 0 4126064 0 0 2049 0 
0 0 0 0 0 0 0 0 0 0 0 0 0 0 0 0 0 0 0 0 0 0 0 3 12 0 0 3 0 0 57 0 0 4016002 6249810 4424646 0 0 0 4126064 0 0 2049 0 
0 0 0 0 0 0 0 0 0 0 0 0 0 0 0 0 0 0 0 0 0 0 0 3 12 0 0 3 0 0 57 0 0 4016002 6249810 4424646 0 0 0 4126064 0 0 2049 0 
0 0 0 0 0 0 0 0 0 0 0 0 0 0 0 0 0 0 0 0 0 0 0 3 12 0 0 3 0 0 57 0 0 4016002 6249810 4424646 0 0 0 4126064 0 0 2049 0 
0 0 0 0 0 0 0 0 0 0 0 0 0 0 0 0 0 0 0 0 0 0 0 3 12 0 0 3 0 0 57 0 0 4016002 6249810 4424646 0 0 0 4126064 0 0 2049 0 
0 0 0 0 0 0 0 0 0 0 0 0 0 0 0 0 0 0 0 0 0 0 0 3 12 0 0 3 0 0 57 0 0 4016002 6249810 4424646 0 0 0 4126064 0 0 2049 0 
0 0 0 0 0 0 0 0 0 0 0 0 0 0 0 0 0 0 0 0 0 0 0 3 12 0 0 3 0 0 57 0 0 4016002 6249810 4424646 0 0 0 4126064 0 0 2049 0 
0 0 0 0 0 0 0 0 0 0 0 0 0 0 0 0 0 0 0 0 0 0 0 3 12 0 0 3 0 0 57 0 0 4016002 6249810 4424646 0 0 0 4126064 0 0 2049 0 
0 0 0 0 0 0 0 0 0 0 0 0 0 0 0 0 0 0 0 0 0 0 0 3 12 0 0 3 0 0 57 0 0 4016002 6249810 4424646 0 0 0 4126064 0 0 2049 0 
0 0 0 0 0 0 0 0 0 0 0 0 0 0 0 0 0 0 0 0 0 0 0 3 12 0 0 3 0 0 57 0 0 4016002 6249810 4424646 0 0 0 4126064 0 0 2049 0 
0 0 0 0 0 0 0 0 0 0 0 0 0 0 0 0 0 0 0 0 0 0 0 3 24 0 0 3 0 0 104 0 0 4016046 6453968 4514020 0 0 0 4126099 0 0 2111 0 
0 0 0 0 0 0 0 0 0 0 0 0 0 0 0 0 0 0 0 0 0 0 0 3 24 0 0 3 0 0 104 0 0 4016046 6919330 4537333 0 0 0 4126102 0 0 2111 0 
0 0 0 0 0 0 0 0 0 0 0 0 0 0 0 0 0 0 0 0 0 0 0 3 24 0 0 3 0 0 104 0 0 4016046 7329900 4540593 0 0 0 4126102 0 0 2111 0 
0 0 0 0 0 0 0 0 0 0 0 0 0 0 0 0 0 0 0 0 0 0 0 3 24 0 0 3 0 0 104 0 0 4016046 7676377 4541453 0 0 0 4126102 0 0 2111 0 
0 0 0 0 0 0 0 0 0 0 0 0 0 0 0 0 0 0 0 0 0 0 0 3 24 0 0 3 0 0 104 0 0 4016046 7986601 4541819 0 0 0 4126102 0 0 2111 0 
0 0 0 0 0 0 0 0 0 0 0 0 0 0 0 0 0 0 0 0 0 0 0 3 24 0 0 3 0 0 104 0 0 4016046 8204860 4542049 0 0 0 4126102 0 0 2111 0 
0 0 0 0 0 0 0 0 0 0 0 0 0 0 0 0 0 0 0 0 0 0 0 3 24 0 0 3 0 0 104 0 0 4016048 8362055 4542136 0 0 0 4126107 0 0 2111 0 
0 0 0 0 0 0 0 0 0 0 0 0 0 0 0 0 0 0 0 0 0 0 0 3 24 0 0 3 0 0 107 0 0 4016060 8440110 4548388 0 0 0 4126115 0 0 2123 0 
0 0 0 0 0 0 0 0 0 0 0 0 0 0 0 0 0 0 0 0 0 0 0 3 24 0 0 3 0 0 110 0 0 4020319 8447530 4695413 0 0 0 4423543 0 0 2217 0 
0 0 0 0 0 0 0 0 0 0 0 0 0 0 0 0 0 0 0 0 0 0 0 3 24 0 0 3 0 0 110 0 0 4121515 8648873 4695459 0 0 0 4423543 0 0 2217 0 
0 0 0 0 0 0 0 0 0 0 0 0 0 0 0 0 0 0 0 0 0 0 0 3 24 0 0 3 0 0 110 0 0 4149800 8722910 4770567 0 0 0 4583263 0 0 2240 0 
0 0 0 0 0 0 0 0 0 0 0 0 0 0 0 0 0 0 0 0 0 0 0 3 24 0 0 3 0 0 110 0 0 4216814 8838552 4829175 0 0 0 4701401 0 0 2321 0 
0 0 0 0 0 0 0 0 0 0 0 0 0 0 0 0 0 0 0 0 0 0 0 3 24 0 0 3 0 0 110 0 0 4278524 8986835 4829179 0 0 0 4701405 0 0 2321 0 
0 0 0 0 0 0 0 0 0 0 0 0 0 0 0 0 0 0 0 0 0 0 0 3 24 0 0 3 0 0 110 0 0 4286258 9003816 4962370 0 0 0 4978261 0 0 2420 0 
0 0 0 0 0 0 0 0 0 0 0 0 0 0 0 0 0 0 0 0 0 0 0 3 24 0 0 3 0 0 110 0 0 4380395 9190155 4964094 0 0 0 4978261 0 0 2420 0 
0 0 0 0 0 0 0 0 0 0 0 0 0 0 0 0 0 0 0 0 0 0 0 3 24 0 0 3 0 0 110 0 0 4416274 9279350 5002059 0 0 0 5063439 0 0 2443 0 
0 0 0 0 0 0 0 0 0 0 0 0 0 0 0 0 0 0 0 0 0 0 0 3 24 0 0 3 0 0 110 0 0 4458663 9349648 5098409 0 0 0 5255020 0 0 2522 0 
0 0 0 0 0 0 0 0 0 0 0 0 0 0 0 0 0 0 0 0 0 0 0 3 24 0 0 3 0 0 110 0 0 4525841 9510043 5100159 0 0 0 5255024 0 0 2522 0 
0 0 0 0 0 0 0 0 0 0 0 0 0 0 0 0 0 0 0 0 0 0 0 3 24 0 0 3 0 0 110 0 0 4549505 9557575 5194970 0 0 0 5453519 0 0 2544 0 
0 0 0 0 0 0 0 0 0 0 0 0 0 0 0 0 0 0 0 0 0 0 0 3 24 0 0 3 0 0 110 0 0 4620709 9685605 5235195 0 0 0 5531854 0 0 2623 0 
0 0 0 0 0 0 0 0 0 0 0 0 0 0 0 0 0 0 0 0 0 0 0 3 24 0 0 3 0 0 110 0 0 4673331 9814631 5236409 0 0 0 5531858 0 0 2623 0 
0 0 0 0 0 0 0 0 0 0 0 0 0 0 0 0 0 0 0 0 0 0 0 3 24 0 0 3 0 0 110 0 0 4682771 9835862 5362593 0 0 0 5794668 0 0 2723 0 
0 0 0 0 0 0 0 0 0 0 0 0 0 0 0 0 0 0 0 0 0 0 0 3 24 0 0 3 0 0 110 0 0 4771556 10000677 5372608 0 0 0 5808641 0 0 2723 0 
0 0 0 0 0 0 0 0 0 0 0 0 0 0 0 0 0 0 0 0 0 0 0 3 24 0 0 3 0 0 110 0 0 4815942 10114054 5373024 0 0 0 5808652 0 0 2735 0 
0 0 0 0 0 0 0 0 0 0 0 0 0 0 0 0 0 0 0 0 0 0 0 3 24 0 0 3 0 0 110 0 0 4833883 10135188 5506289 0 0 0 6085467 0 0 2826 0 
0 0 0 0 0 0 0 0 0 0 0 0 0 0 0 0 0 0 0 0 0 0 0 3 24 0 0 3 0 0 110 0 0 4919530 10323190 5507343 0 0 0 6085471 0 0 2826 0 
0 0 0 0 0 0 0 0 0 0 0 0 0 0 0 0 0 0 0 0 0 0 0 3 24 0 0 3 0 0 110 0 0 4949186 10392286 5576025 0 0 0 6232365 0 0 2850 0 
0 0 0 0 0 0 0 0 0 0 0 0 0 0 0 0 0 0 0 0 0 0 0 3 24 0 0 3 0 0 110 0 0 5007142 10492437 5641698 0 0 0 6362240 0 0 2921 0 
0 0 0 0 0 0 0 0 0 0 0 0 0 0 0 0 0 0 0 0 0 0 0 3 24 0 0 3 0 0 110 0 0 5067429 10639220 5643302 0 0 0 6362244 0 0 2921 0 
0 0 0 0 0 0 0 0 0 0 0 0 0 0 0 0 0 0 0 0 0 0 0 3 24 0 0 3 0 0 110 0 0 5082427 10670527 5755263 0 0 0 6595525 0 0 2945 0 
0 0 0 0 0 0 0 0 0 0 0 0 0 0 0 0 0 0 0 0 0 0 0 3 24 0 0 3 0 0 110 0 0 5167924 10826349 5778203 0 0 0 6639111 0 0 3023 0 
0 0 0 0 0 0 0 0 0 0 0 0 0 0 0 0 0 0 0 0 0 0 0 3 24 0 0 3 0 0 110 0 0 5215629 10948730 5778986 0 0 0 6639129 0 0 3035 0 
0 0 0 0 0 0 0 0 0 0 0 0 0 0 0 0 0 0 0 0 0 0 0 3 24 0 0 3 0 0 110 0 0 5235171 10972878 5912330 0 0 0 6915875 0 0 3125 0 
0 0 0 0 0 0 0 0 0 0 0 0 0 0 0 0 0 0 0 0 0 0 0 3 24 0 0 3 0 0 110 0 0 5314373 11148580 5914950 0 0 0 6915879 0 0 3125 0 
0 0 0 0 0 0 0 0 0 0 0 0 0 0 0 0 0 0 0 0 0 0 0 3 24 0 0 3 0 0 110 0 0 5348883 11226977 5962470 0 0 0 7020612 0 0 3149 0 
0 0 0 0 0 0 0 0 0 0 0 0 0 0 0 0 0 0 0 0 0 0 0 3 24 0 0 3 0 0 110 0 0 5396620 11308916 6049131 0 0 0 7192634 0 0 3228 0 
0 0 0 0 0 0 0 0 0 0 0 0 0 0 0 0 0 0 0 0 0 0 0 3 24 0 0 3 0 0 110 0 0 5463461 11466528 6050228 0 0 0 7192638 0 0 3228 0 
0 0 0 0 0 0 0 0 0 0 0 0 0 0 0 0 0 0 0 0 0 0 0 3 24 0 0 3 0 0 110 0 0 5482113 11505181 6157374 0 0 0 7415936 0 0 3251 0 
0 0 0 0 0 0 0 0 0 0 0 0 0 0 0 0 0 0 0 0 0 0 0 3 24 0 0 3 0 0 110 0 0 5565789 11659647 6185222 0 0 0 7469455 0 0 3333 0 
0 0 0 0 0 0 0 0 0 0 0 0 0 0 0 0 0 0 0 0 0 0 0 3 24 0 0 3 0 0 110 0 0 5615322 11783358 6185814 0 0 0 7469466 0 0 3345 0 
0 0 0 0 0 0 0 0 0 0 0 0 0 0 0 0 0 0 0 0 0 0 0 3 24 0 0 3 0 0 110 0 0 5636030 11810469 6319220 0 0 0 7746259 0 0 3436 0 
0 0 0 0 0 0 0 0 0 0 0 0 0 0 0 0 0 0 0 0 0 0 0 3 24 0 0 3 0 0 110 0 0 5717363 11991706 6321341 0 0 0 7746263 0 0 3436 0 
0 0 0 0 0 0 0 0 0 0 0 0 0 0 0 0 0 0 0 0 0 0 0 3 24 0 0 3 0 0 110 0 0 5748567 12061547 6383299 0 0 0 7878841 0 0 3460 0 
0 0 0 0 0 0 0 0 0 0 0 0 0 0 0 0 0 0 0 0 0 0 0 3 24 0 0 3 0 0 110 0 0 5803605 12157708 6456362 0 0 0 8023034 0 0 3537 0 
0 0 0 0 0 0 0 0 0 0 0 0 0 0 0 0 0 0 0 0 0 0 0 3 24 0 0 3 0 0 110 0 0 5865854 12307046 6457226 0 0 0 8023038 0 0 3537 0 
0 0 0 0 0 0 0 0 0 0 0 0 0 0 0 0 0 0 0 0 0 0 0 3 24 0 0 3 0 0 110 0 0 5881809 12339753 6568115 0 0 0 8254017 0 0 3560 0 
0 0 0 0 0 0 0 0 0 0 0 0 0 0 0 0 0 0 0 0 0 0 0 3 24 0 0 3 0 0 110 0 0 5965484 12491794 6592165 0 0 0 8299768 0 0 3639 0 
0 0 0 0 0 0 0 0 0 0 0 0 0 0 0 0 0 0 0 0 0 0 0 3 24 0 0 3 0 0 110 0 0 6013105 12614113 6592689 0 0 0 8299772 0 0 3639 0 
0 0 0 0 0 0 0 0 0 0 0 0 0 0 0 0 0 0 0 0 0 0 0 3 24 0 0 3 0 0 110 0 0 6031293 12637674 6725953 0 0 0 8576572 0 0 3739 0 
0 0 0 0 0 0 0 0 0 0 0 0 0 0 0 0 0 0 0 0 0 0 0 3 24 0 0 3 0 0 110 0 0 6116324 12823547 6727962 0 0 0 8576576 0 0 3739 0 
0 0 0 0 0 0 0 0 0 0 0 0 0 0 0 0 0 0 0 0 0 0 0 3 24 0 0 3 0 0 110 0 0 6148258 12896146 6780176 0 0 0 8689489 0 0 3763 0 
0 0 0 0 0 0 0 0 0 0 0 0 0 0 0 0 0 0 0 0 0 0 0 3 24 0 0 3 0 0 110 0 0 6197469 12980018 6862805 0 0 0 8853375 0 0 3843 0 
0 0 0 0 0 0 0 0 0 0 0 0 0 0 0 0 0 0 0 0 0 0 0 3 24 0 0 3 0 0 110 0 0 6263074 13136689 6864008 0 0 0 8853379 0 0 3843 0 
0 0 0 0 0 0 0 0 0 0 0 0 0 0 0 0 0 0 0 0 0 0 0 3 24 0 0 3 0 0 110 0 0 6281484 13174354 6967356 0 0 0 9069412 0 0 3867 0 
0 0 0 0 0 0 0 0 0 0 0 0 0 0 0 0 0 0 0 0 0 0 0 3 24 0 0 3 0 0 110 0 0 6357287 13310730 6998872 0 0 0 9130221 0 0 3945 0 
0 0 0 0 0 0 0 0 0 0 0 0 0 0 0 0 0 0 0 0 0 0 0 3 24 0 0 3 0 0 110 0 0 6409862 13440635 6999552 0 0 0 9130225 0 0 3945 0 
0 0 0 0 0 0 0 0 0 0 0 0 0 0 0 0 0 0 0 0 0 0 0 3 24 0 0 3 0 0 110 0 0 6418180 13455566 7132723 0 0 0 9406917 0 0 4048 0 
0 0 0 0 0 0 0 0 0 0 0 0 0 0 0 0 0 0 0 0 0 0 0 3 24 0 0 3 0 0 110 0 0 6512366 13642930 7134426 0 0 0 9406917 0 0 4048 0 
0 0 0 0 0 0 0 0 0 0 0 0 0 0 0 0 0 0 0 0 0 0 0 3 24 0 0 3 0 0 110 0 0 6547949 13730773 7182154 0 0 0 9510952 0 0 4072 0 
0 0 0 0 0 0 0 0 0 0 0 0 0 0 0 0 0 0 0 0 0 0 0 3 24 0 0 6 0 0 110 0 0 6547995 13730792 7252270 0 0 0 9650619 0 0 4118 0 
<====
0 0 0 0 0 0 0 0 0 0 0 0 0 0 0 0 0 0 0 0 0 0 0 3 0 24 24 0 0 110 0 0 0 20987409 6546544 0 0 0 0 0 9686228 4159 0 0 
0 0 0 0 0 0 0 0 0 0 0 0 0 0 0 0 0 0 0 0 0 0 0 3 0 24 24 0 0 110 0 0 0 20987409 6546544 0 0 0 0 0 9686228 4159 0 0 
0 0 0 0 0 0 0 0 0 0 0 0 0 0 0 0 0 0 0 0 0 0 0 3 0 24 24 0 0 110 0 0 0 20987409 6546544 0 0 0 0 0 9686228 4159 0 0 
0 0 0 0 0 0 0 0 0 0 0 0 0 0 0 0 0 0 0 0 0 0 0 3 0 24 24 0 0 110 0 0 0 20987409 6546544 0 0 0 0 0 9686228 4159 0 0 
0 0 0 0 0 0 0 0 0 0 0 0 0 0 0 0 0 0 0 0 0 0 0 3 0 24 24 0 0 110 0 0 0 20987409 6546544 0 0 0 0 0 9686228 4159 0 0 
0 0 0 0 0 0 0 0 0 0 0 0 0 0 0 0 0 0 0 0 0 0 0 3 0 24 24 0 0 110 0 0 0 20987409 6546544 0 0 0 0 0 9686228 4159 0 0 
0 0 0 0 0 0 0 0 0 0 0 0 0 0 0 0 0 0 0 0 0 0 0 3 0 24 24 0 0 110 0 0 0 20987409 6546544 0 0 0 0 0 9686228 4159 0 0 
0 0 0 0 0 0 0 0 0 0 0 0 0 0 0 0 0 0 0 0 0 0 0 3 0 24 24 0 0 110 0 0 0 20987409 6546544 0 0 0 0 0 9686228 4159 0 0 
0 0 0 0 0 0 0 0 0 0 0 0 0 0 0 0 0 0 0 0 0 0 0 3 0 24 24 0 0 110 0 0 0 20987409 6546544 0 0 0 0 0 9686228 4159 0 0 
0 0 0 0 0 0 0 0 0 0 0 0 0 0 0 0 0 0 0 0 0 0 0 3 0 24 24 0 0 110 0 0 0 20987409 6546544 0 0 0 0 0 9686228 4159 0 0 
0 0 0 0 0 0 0 0 0 0 0 0 0 0 0 0 0 0 0 0 0 0 0 3 0 24 24 0 0 110 0 0 0 20987409 6546544 0 0 0 0 0 9686228 4159 0 0 
0 0 0 0 0 0 0 0 0 0 0 0 0 0 0 0 0 0 0 0 0 0 0 3 0 24 24 0 0 110 0 0 0 20987409 6546544 0 0 0 0 0 9686228 4159 0 0 
0 0 0 0 0 0 0 0 0 0 0 0 0 0 0 0 0 0 0 0 0 0 0 3 0 24 24 0 0 110 0 0 0 20987409 6546544 0 0 0 0 0 9686228 4159 0 0 
0 0 0 0 0 0 0 0 0 0 0 0 0 0 0 0 0 0 0 0 0 0 0 3 0 24 24 0 0 110 0 0 0 20987409 6546544 0 0 0 0 0 9686228 4159 0 0 
0 0 0 0 0 0 0 0 0 0 0 0 0 0 0 0 0 0 0 0 0 0 0 3 0 24 24 0 0 110 0 0 0 20987409 6546544 0 0 0 0 0 9686228 4159 0 0 
