0 0 0 0 0 0 0 0 0 0 0 0 0 0 0 0 0 0 0 0 0 0 0 3 0 4 4 0 0 22 0 0 0 3656526 2217919 0 0 0 0 0 409003 671 0 0 
0 0 0 0 0 0 0 0 0 0 0 0 0 0 0 0 0 0 0 0 0 0 0 3 0 4 4 0 0 22 0 0 0 3656526 2217919 0 0 0 0 0 409003 671 0 0 
0 0 0 0 0 0 0 0 0 0 0 0 0 0 0 0 0 0 0 0 0 0 0 3 0 4 4 0 0 22 0 0 0 3656526 2217919 0 0 0 0 0 409003 671 0 0 
0 0 0 0 0 0 0 0 0 0 0 0 0 0 0 0 0 0 0 0 0 0 0 3 0 4 4 0 0 22 0 0 0 3656526 2217919 0 0 0 0 0 409003 671 0 0 
0 0 0 0 0 0 0 0 0 0 0 0 0 0 0 0 0 0 0 0 0 0 0 3 0 4 4 0 0 22 0 0 0 3656526 2217919 0 0 0 0 0 409003 671 0 0 
0 0 0 0 0 0 0 0 0 0 0 0 0 0 0 0 0 0 0 0 0 0 0 3 4 0 0 1 0 0 22 0 0 2217903 1213640 2442716 0 0 0 408977 0 0 662 0 
0 0 0 0 0 0 0 0 0 0 0 0 0 0 0 0 0 0 0 0 0 0 0 3 4 0 0 1 0 0 22 0 0 2217903 1213640 2442716 0 0 0 408977 0 0 662 0 
0 0 0 0 0 0 0 0 0 0 0 0 0 0 0 0 0 0 0 0 0 0 0 3 4 0 0 1 0 0 22 0 0 2217903 1213640 2442716 0 0 0 408977 0 0 662 0 
0 0 0 0 0 0 0 0 0 0 0 0 0 0 0 0 0 0 0 0 0 0 0 3 4 0 0 1 0 0 22 0 0 2217903 1213640 2442716 0 0 0 408977 0 0 662 0 
0 0 0 0 0 0 0 0 0 0 0 0 0 0 0 0 0 0 0 0 0 0 0 3 4 0 0 1 0 0 22 0 0 2217903 1213640 2442716 0 0 0 408977 0 0 662 0 
0 0 0 0 0 0 0 0 0 0 0 0 0 0 0 0 0 0 0 0 0 0 0 3 4 0 0 1 0 0 22 0 0 2217903 1213640 2442716 0 0 0 408977 0 0 662 0 
0 0 0 0 0 0 0 0 0 0 0 0 0 0 0 0 0 0 0 0 0 0 0 3 4 0 0 1 0 0 22 0 0 2217903 1213640 2442716 0 0 0 408977 0 0 662 0 
0 0 0 0 0 0 0 0 0 0 0 0 0 0 0 0 0 0 0 0 0 0 0 3 4 0 0 1 0 0 22 0 0 2217903 1213640 2442716 0 0 0 408977 0 0 662 0 
0 0 0 0 0 0 0 0 0 0 0 0 0 0 0 0 0 0 0 0 0 0 0 3 4 0 0 1 0 0 22 0 0 2217903 1213640 2442716 0 0 0 408977 0 0 662 0 
0 0 0 0 0 0 0 0 0 0 0 0 0 0 0 0 0 0 0 0 0 0 0 3 4 0 0 1 0 0 22 0 0 2217903 1213640 2442716 0 0 0 408977 0 0 662 0 
0 0 0 0 0 0 0 0 0 0 0 0 0 0 0 0 0 0 0 0 0 0 0 3 4 0 0 1 0 0 22 0 0 2217903 1213640 2442716 0 0 0 408977 0 0 662 0 
0 0 0 0 0 0 0 0 0 0 0 0 0 0 0 0 0 0 0 0 0 0 0 3 4 0 0 1 0 0 22 0 0 2217903 1213640 2442716 0 0 0 408977 0 0 662 0 
0 0 0 0 0 0 0 0 0 0 0 0 0 0 0 0 0 0 0 0 0 0 0 3 4 0 0 1 0 0 22 0 0 2217903 1213640 2442716 0 0 0 408977 0 0 662 0 
0 0 0 0 0 0 0 0 0 0 0 0 0 0 0 0 0 0 0 0 0 0 0 3 4 0 0 1 0 0 22 0 0 2217903 1213640 2442716 0 0 0 408977 0 0 662 0 
0 0 0 0 0 0 0 0 0 0 0 0 0 0 0 0 0 0 0 0 0 0 0 3 4 0 0 1 0 0 22 0 0 2217903 1213640 2442716 0 0 0 408977 0 0 662 0 
0 0 0 0 0 0 0 0 0 0 0 0 0 0 0 0 0 0 0 0 0 0 0 3 4 0 0 1 0 0 22 0 0 2217903 1213640 2442716 0 0 0 408977 0 0 662 0 
0 0 0 0 0 0 0 0 0 0 0 0 0 0 0 0 0 0 0 0 0 0 0 3 4 0 0 1 0 0 22 0 0 2217903 1213640 2442716 0 0 0 408977 0 0 662 0 
0 0 0 0 0 0 0 0 0 0 0 0 0 0 0 0 0 0 0 0 0 0 0 3 4 0 0 1 0 0 22 0 0 2217903 1213640 2442716 0 0 0 408977 0 0 662 0 
0 0 0 0 0 0 0 0 0 0 0 0 0 0 0 0 0 0 0 0 0 0 0 3 4 0 0 1 0 0 22 0 0 2217903 1213640 2442716 0 0 0 408977 0 0 662 0 
0 0 0 0 0 0 0 0 0 0 0 0 0 0 0 0 0 0 0 0 0 0 0 3 4 0 0 1 0 0 22 0 0 2217903 1213640 2442716 0 0 0 408977 0 0 662 0 
0 0 0 0 0 0 0 0 0 0 0 0 0 0 0 0 0 0 0 0 0 0 0 3 4 0 0 1 0 0 22 0 0 2217903 1213640 2442716 0 0 0 408977 0 0 662 0 
0 0 0 0 0 0 0 0 0 0 0 0 0 0 0 0 0 0 0 0 0 0 0 3 4 0 0 1 0 0 22 0 0 2217903 1213640 2442716 0 0 0 408977 0 0 662 0 
0 0 0 0 0 0 0 0 0 0 0 0 0 0 0 0 0 0 0 0 0 0 0 3 4 0 0 1 0 0 22 0 0 2217903 1213640 2442716 0 0 0 408977 0 0 662 0 
0 0 0 0 0 0 0 0 0 0 0 0 0 0 0 0 0 0 0 0 0 0 0 3 4 0 0 1 0 0 22 0 0 2217903 1213640 2442716 0 0 0 408977 0 0 662 0 
0 0 0 0 0 0 0 0 0 0 0 0 0 0 0 0 0 0 0 0 0 0 0 3 4 0 0 1 0 0 22 0 0 2217903 1213640 2442716 0 0 0 408977 0 0 662 0 
0 0 0 0 0 0 0 0 0 0 0 0 0 0 0 0 0 0 0 0 0 0 0 3 4 0 0 1 0 0 22 0 0 2217903 1213640 2442716 0 0 0 408977 0 0 662 0 
0 0 0 0 0 0 0 0 0 0 0 0 0 0 0 0 0 0 0 0 0 0 0 3 4 0 0 1 0 0 22 0 0 2217903 1213640 2442716 0 0 0 408977 0 0 662 0 
0 0 0 0 0 0 0 0 0 0 0 0 0 0 0 0 0 0 0 0 0 0 0 3 4 0 0 1 0 0 22 0 0 2217903 1213640 2442716 0 0 0 408977 0 0 662 0 
0 0 0 0 0 0 0 0 0 0 0 0 0 0 0 0 0 0 0 0 0 0 0 3 4 0 0 1 0 0 22 0 0 2217903 1213640 2442716 0 0 0 408977 0 0 662 0 
0 0 0 0 0 0 0 0 0 0 0 0 0 0 0 0 0 0 0 0 0 0 0 3 4 0 0 1 0 0 22 0 0 2217903 1213640 2442716 0 0 0 408977 0 0 662 0 
0 0 0 0 0 0 0 0 0 0 0 0 0 0 0 0 0 0 0 0 0 0 0 3 4 0 0 1 0 0 22 0 0 2217903 1213640 2442716 0 0 0 408977 0 0 662 0 
0 0 0 0 0 0 0 0 0 0 0 0 0 0 0 0 0 0 0 0 0 0 0 3 4 0 0 1 0 0 22 0 0 2217903 1213640 2442716 0 0 0 408977 0 0 662 0 
0 0 0 0 0 0 0 0 0 0 0 0 0 0 0 0 0 0 0 0 0 0 0 3 4 0 0 1 0 0 22 0 0 2217903 1213640 2442716 0 0 0 408977 0 0 662 0 
0 0 0 0 0 0 0 0 0 0 0 0 0 0 0 0 0 0 0 0 0 0 0 3 4 0 0 1 0 0 22 0 0 2217903 1213640 2442716 0 0 0 408977 0 0 662 0 
0 0 0 0 0 0 0 0 0 0 0 0 0 0 0 0 0 0 0 0 0 0 0 3 4 0 0 1 0 0 22 0 0 2217903 1213640 2442716 0 0 0 408977 0 0 662 0 
0 0 0 0 0 0 0 0 0 0 0 0 0 0 0 0 0 0 0 0 0 0 0 3 4 0 0 1 0 0 22 0 0 2217903 1213640 2442716 0 0 0 408977 0 0 662 0 
0 0 0 0 0 0 0 0 0 0 0 0 0 0 0 0 0 0 0 0 0 0 0 3 4 0 0 1 0 0 22 0 0 2217903 1213640 2442716 0 0 0 408977 0 0 662 0 
0 0 0 0 0 0 0 0 0 0 0 0 0 0 0 0 0 0 0 0 0 0 0 3 4 0 0 1 0 0 22 0 0 2217903 1213640 2442716 0 0 0 408977 0 0 662 0 
0 0 0 0 0 0 0 0 0 0 0 0 0 0 0 0 0 0 0 0 0 0 0 3 4 0 0 1 0 0 22 0 0 2217903 1213640 2442716 0 0 0 408977 0 0 662 0 
0 0 0 0 0 0 0 0 0 0 0 0 0 0 0 0 0 0 0 0 0 0 0 3 4 0 0 1 0 0 22 0 0 2217903 1213640 2442716 0 0 0 408977 0 0 662 0 
0 0 0 0 0 0 0 0 0 0 0 0 0 0 0 0 0 0 0 0 0 0 0 3 4 0 0 1 0 0 22 0 0 2217903 1213640 2442716 0 0 0 408977 0 0 662 0 
0 0 0 0 0 0 0 0 0 0 0 0 0 0 0 0 0 0 0 0 0 0 0 3 4 0 0 1 0 0 22 0 0 2217903 1213640 2442716 0 0 0 408977 0 0 662 0 
0 0 0 0 0 0 0 0 0 0 0 0 0 0 0 0 0 0 0 0 0 0 0 3 4 0 0 1 0 0 22 0 0 2217903 1213640 2442716 0 0 0 408977 0 0 662 0 
0 0 0 0 0 0 0 0 0 0 0 0 0 0 0 0 0 0 0 0 0 0 0 3 4 0 0 1 0 0 22 0 0 2217903 1213640 2442716 0 0 0 408977 0 0 662 0 
0 0 0 0 0 0 0 0 0 0 0 0 0 0 0 0 0 0 0 0 0 0 0 3 4 0 0 1 0 0 22 0 0 2217903 1213640 2442716 0 0 0 408977 0 0 662 0 
0 0 0 0 0 0 0 0 0 0 0 0 0 0 0 0 0 0 0 0 0 0 0 3 4 0 0 1 0 0 22 0 0 2217903 1213640 2442716 0 0 0 408977 0 0 662 0 
0 0 0 0 0 0 0 0 0 0 0 0 0 0 0 0 0 0 0 0 0 0 0 3 4 0 0 1 0 0 22 0 0 2217903 1213640 2442716 0 0 0 408977 0 0 662 0 
0 0 0 0 0 0 0 0 0 0 0 0 0 0 0 0 0 0 0 0 0 0 0 3 4 0 0 1 0 0 22 0 0 2217903 1213640 2442716 0 0 0 408977 0 0 662 0 
0 0 0 0 0 0 0 0 0 0 0 0 0 0 0 0 0 0 0 0 0 0 0 3 4 0 0 1 0 0 22 0 0 2217903 1213640 2442716 0 0 0 408977 0 0 662 0 
0 0 0 0 0 0 0 0 0 0 0 0 0 0 0 0 0 0 0 0 0 0 0 3 4 0 0 1 0 0 22 0 0 2217903 1213640 2442716 0 0 0 408977 0 0 662 0 
0 0 0 0 0 0 0 0 0 0 0 0 0 0 0 0 0 0 0 0 0 0 0 3 4 0 0 1 0 0 22 0 0 2217903 1213640 2442716 0 0 0 408977 0 0 662 0 
0 0 0 0 0 0 0 0 0 0 0 0 0 0 0 0 0 0 0 0 0 0 0 3 4 0 0 1 0 0 22 0 0 2217903 1213640 2442716 0 0 0 408977 0 0 662 0 
0 0 0 0 0 0 0 0 0 0 0 0 0 0 0 0 0 0 0 0 0 0 0 3 4 0 0 1 0 0 22 0 0 2217903 1213640 2442716 0 0 0 408977 0 0 662 0 
0 0 0 0 0 0 0 0 0 0 0 0 0 0 0 0 0 0 0 0 0 0 0 3 4 0 0 1 0 0 22 0 0 2217903 1213640 2442716 0 0 0 408977 0 0 662 0 
0 0 0 0 0 0 0 0 0 0 0 0 0 0 0 0 0 0 0 0 0 0 0 3 4 0 0 1 0 0 22 0 0 2217903 1213640 2442716 0 0 0 408977 0 0 662 0 
0 0 0 0 0 0 0 0 0 0 0 0 0 0 0 0 0 0 0 0 0 0 0 3 4 0 0 1 0 0 22 0 0 2217903 1213640 2442716 0 0 0 408977 0 0 662 0 
0 0 0 0 0 0 0 0 0 0 0 0 0 0 0 0 0 0 0 0 0 0 0 3 4 0 0 1 0 0 22 0 0 2217903 1213640 2442716 0 0 0 408977 0 0 662 0 
0 0 0 0 0 0 0 0 0 0 0 0 0 0 0 0 0 0 0 0 0 0 0 3 4 0 0 1 0 0 22 0 0 2217903 1213640 2442716 0 0 0 408977 0 0 662 0 
0 0 0 0 0 0 0 0 0 0 0 0 0 0 0 0 0 0 0 0 0 0 0 3 4 0 0 1 0 0 22 0 0 2217903 1213640 2442716 0 0 0 408977 0 0 662 0 
0 0 0 0 0 0 0 0 0 0 0 0 0 0 0 0 0 0 0 0 0 0 0 3 4 0 0 1 0 0 22 0 0 2217903 1213640 2442716 0 0 0 408977 0 0 662 0 
0 0 0 0 0 0 0 0 0 0 0 0 0 0 0 0 0 0 0 0 0 0 0 3 4 0 0 1 0 0 22 0 0 2217903 1213640 2442716 0 0 0 408977 0 0 662 0 
0 0 0 0 0 0 0 0 0 0 0 0 0 0 0 0 0 0 0 0 0 0 0 3 4 0 0 1 0 0 22 0 0 2217903 1213640 2442716 0 0 0 408977 0 0 662 0 
0 0 0 0 0 0 0 0 0 0 0 0 0 0 0 0 0 0 0 0 0 0 0 3 4 0 0 1 0 0 22 0 0 2217903 1213640 2442716 0 0 0 408977 0 0 662 0 
0 0 0 0 0 0 0 0 0 0 0 0 0 0 0 0 0 0 0 0 0 0 0 3 12 0 0 1 0 0 55 0 0 2217934 1423126 2516858 0 0 0 408998 0 0 703 0 
0 0 0 0 0 0 0 0 0 0 0 0 0 0 0 0 0 0 0 0 0 0 0 3 12 0 0 1 0 0 55 0 0 2217934 1823540 2523125 0 0 0 409002 0 0 703 0 
0 0 0 0 0 0 0 0 0 0 0 0 0 0 0 0 0 0 0 0 0 0 0 3 12 0 0 1 0 0 55 0 0 2217934 2233003 2524946 0 0 0 409002 0 0 703 0 
0 0 0 0 0 0 0 0 0 0 0 0 0 0 0 0 0 0 0 0 0 0 0 3 12 0 0 1 0 0 55 0 0 2217934 2534411 2526017 0 0 0 409002 0 0 703 0 
0 0 0 0 0 0 0 0 0 0 0 0 0 0 0 0 0 0 0 0 0 0 0 3 12 0 0 1 0 0 57 0 0 2217948 2688272 2552143 0 0 0 457555 0 0 719 0 
0 0 0 0 0 0 0 0 0 0 0 0 0 0 0 0 0 0 0 0 0 0 0 3 12 0 0 1 0 0 57 0 0 2260279 2795857 2630330 0 0 0 603712 0 0 773 0 
0 0 0 0 0 0 0 0 0 0 0 0 0 0 0 0 0 0 0 0 0 0 0 3 12 0 0 1 0 0 57 0 0 2312830 2876208 2670964 0 0 0 697321 0 0 789 0 
0 0 0 0 0 0 0 0 0 0 0 0 0 0 0 0 0 0 0 0 0 0 0 3 12 0 0 1 0 0 57 0 0 2365818 3005576 2725455 0 0 0 790603 0 0 843 0 
0 0 0 0 0 0 0 0 0 0 0 0 0 0 0 0 0 0 0 0 0 0 0 3 12 0 0 1 0 0 57 0 0 2407458 3063626 2797138 0 0 0 943535 0 0 859 0 
0 0 0 0 0 0 0 0 0 0 0 0 0 0 0 0 0 0 0 0 0 0 0 3 12 0 0 1 0 0 57 0 0 2472253 3212203 2820044 0 0 0 977035 0 0 913 0 
0 0 0 0 0 0 0 0 0 0 0 0 0 0 0 0 0 0 0 0 0 0 0 3 12 0 0 1 0 0 57 0 0 2502110 3251050 2914221 0 0 0 1162330 0 0 982 0 
0 0 0 0 0 0 0 0 0 0 0 0 0 0 0 0 0 0 0 0 0 0 0 3 12 0 0 1 0 0 57 0 0 2580379 3414234 2914528 0 0 0 1163348 0 0 982 0 
0 0 0 0 0 0 0 0 0 0 0 0 0 0 0 0 0 0 0 0 0 0 0 3 12 0 0 1 0 0 57 0 0 2601300 3449884 3008912 0 0 0 1349907 0 0 1048 0 
0 0 0 0 0 0 0 0 0 0 0 0 0 0 0 0 0 0 0 0 0 0 0 3 12 0 0 1 0 0 57 0 0 2680615 3608865 3008939 0 0 0 1349907 0 0 1048 0 
0 0 0 0 0 0 0 0 0 0 0 0 0 0 0 0 0 0 0 0 0 0 0 3 12 0 0 1 0 0 57 0 0 2699275 3646735 3103509 0 0 0 1536386 0 0 1118 0 
0 0 0 0 0 0 0 0 0 0 0 0 0 0 0 0 0 0 0 0 0 0 0 3 12 0 0 1 0 0 57 0 0 2770503 3797856 3104185 0 0 0 1536386 0 0 1118 0 
0 0 0 0 0 0 0 0 0 0 0 0 0 0 0 0 0 0 0 0 0 0 0 3 12 0 0 1 0 0 57 0 0 2792563 3830253 3198852 0 0 0 1722847 0 0 1187 0 
0 0 0 0 0 0 0 0 0 0 0 0 0 0 0 0 0 0 0 0 0 0 0 3 12 0 0 1 0 0 57 0 0 2870279 3990442 3199264 0 0 0 1722847 0 0 1187 0 
0 0 0 0 0 0 0 0 0 0 0 0 0 0 0 0 0 0 0 0 0 0 0 3 12 0 0 1 0 0 57 0 0 2891381 4030585 3293741 0 0 0 1909344 0 0 1257 0 
0 0 0 0 0 0 0 0 0 0 0 0 0 0 0 0 0 0 0 0 0 0 0 3 12 0 0 1 0 0 57 0 0 2959722 4172670 3294518 0 0 0 1909344 0 0 1257 0 
0 0 0 0 0 0 0 0 0 0 0 0 0 0 0 0 0 0 0 0 0 0 0 3 12 0 0 1 0 0 57 0 0 2980677 4203822 3389075 0 0 0 2095900 0 0 1324 0 
0 0 0 0 0 0 0 0 0 0 0 0 0 0 0 0 0 0 0 0 0 0 0 3 12 0 0 1 0 0 57 0 0 3047825 4353575 3389805 0 0 0 2095900 0 0 1324 0 
0 0 0 0 0 0 0 0 0 0 0 0 0 0 0 0 0 0 0 0 0 0 0 3 12 0 0 1 0 0 57 0 0 3073106 4385042 3484541 0 0 0 2282407 0 0 1394 0 
0 0 0 0 0 0 0 0 0 0 0 0 0 0 0 0 0 0 0 0 0 0 0 3 12 0 0 1 0 0 57 0 0 3139426 4537980 3485225 0 0 0 2282407 0 0 1394 0 
0 0 0 0 0 0 0 0 0 0 0 0 0 0 0 0 0 0 0 0 0 0 0 3 12 0 0 1 0 0 57 0 0 3165165 4565087 3579801 0 0 0 2468952 0 0 1461 0 
0 0 0 0 0 0 0 0 0 0 0 0 0 0 0 0 0 0 0 0 0 0 0 3 12 0 0 1 0 0 57 0 0 3241715 4730544 3579896 0 0 0 2468952 0 0 1461 0 
0 0 0 0 0 0 0 0 0 0 0 0 0 0 0 0 0 0 0 0 0 0 0 3 12 0 0 1 0 0 57 0 0 3264772 4766650 3674342 0 0 0 2655521 0 0 1529 0 
0 0 0 0 0 0 0 0 0 0 0 0 0 0 0 0 0 0 0 0 0 0 0 3 12 0 0 1 0 0 57 0 0 3334167 4918223 3675035 0 0 0 2655521 0 0 1529 0 
0 0 0 0 0 0 0 0 0 0 0 0 0 0 0 0 0 0 0 0 0 0 0 3 12 0 0 1 0 0 57 0 0 3355963 4945478 3769427 0 0 0 2842181 0 0 1595 0 
0 0 0 0 0 0 0 0 0 0 0 0 0 0 0 0 0 0 0 0 0 0 0 3 12 0 0 1 0 0 57 0 0 3427095 5103607 3769954 0 0 0 2842181 0 0 1595 0 
0 0 0 0 0 0 0 0 0 0 0 0 0 0 0 0 0 0 0 0 0 0 0 3 12 0 0 1 0 0 57 0 0 3453221 5138406 3864616 0 0 0 3028657 0 0 1663 0 
0 0 0 0 0 0 0 0 0 0 0 0 0 0 0 0 0 0 0 0 0 0 0 3 12 0 0 1 0 0 57 0 0 3521189 5290968 3865107 0 0 0 3028657 0 0 1663 0 
0 0 0 0 0 0 0 0 0 0 0 0 0 0 0 0 0 0 0 0 0 0 0 3 12 0 0 1 0 0 57 0 0 3542985 5312798 3959680 0 0 0 3215179 0 0 1733 0 
0 0 0 0 0 0 0 0 0 0 0 0 0 0 0 0 0 0 0 0 0 0 0 3 12 0 0 1 0 0 57 0 0 3610862 5471456 3960093 0 0 0 3215179 0 0 1733 0 
0 0 0 0 0 0 0 0 0 0 0 0 0 0 0 0 0 0 0 0 0 0 0 3 12 0 0 1 0 0 57 0 0 3638235 5502345 4054822 0 0 0 3401654 0 0 1801 0 
0 0 0 0 0 0 0 0 0 0 0 0 0 0 0 0 0 0 0 0 0 0 0 3 12 0 0 1 0 0 57 0 0 3702956 5656173 4055331 0 0 0 3401654 0 0 1801 0 
0 0 0 0 0 0 0 0 0 0 0 0 0 0 0 0 0 0 0 0 0 0 0 3 12 0 0 1 0 0 57 0 0 3732110 5687511 4138327 0 0 0 3565791 0 0 1817 0 
0 0 0 0 0 0 0 0 0 0 0 0 0 0 0 0 0 0 0 0 0 0 0 3 12 0 0 1 0 0 57 0 0 3788285 5832473 4150356 0 0 0 3588086 0 0 1871 0 
0 0 0 0 0 0 0 0 0 0 0 0 0 0 0 0 0 0 0 0 0 0 0 3 12 0 0 1 0 0 57 0 0 3826729 5874938 4227726 0 0 0 3745554 0 0 1886 0 
0 0 0 0 0 0 0 0 0 0 0 0 0 0 0 0 0 0 0 0 0 0 0 3 12 0 0 1 0 0 57 0 0 3881086 6016845 4245740 0 0 0 3774637 0 0 1936 0 
0 0 0 0 0 0 0 0 0 0 0 0 0 0 0 0 0 0 0 0 0 0 0 3 12 0 0 1 0 0 57 0 0 3921350 6062377 4303592 0 0 0 3899007 0 0 1951 0 
0 0 0 0 0 0 0 0 0 0 0 0 0 0 0 0 0 0 0 0 0 0 0 3 12 0 0 1 0 0 57 0 0 3970771 6199572 4340904 0 0 0 3961194 0 0 2002 0 
0 0 0 0 0 0 0 0 0 0 0 0 0 0 0 0 0 0 0 0 0 0 0 3 12 0 0 1 0 0 57 0 0 4015970 6249791 4407267 0 0 0 4104189 0 0 2018 0 
<====
0 0 0 0 0 0 0 0 0 0 0 0 0 0 0 0 0 0 0 0 0 0 0 3 0 12 12 0 0 57 0 0 0 10678168 4015461 0 0 0 0 0 4139735 2069 0 0 
0 0 0 0 0 0 0 0 0 0 0 0 0 0 0 0 0 0 0 0 0 0 0 3 0 12 12 0 0 57 0 0 0 10678168 4015461 0 0 0 0 0 4139735 2069 0 0 
0 0 0 0 0 0 0 0 0 0 0 0 0 0 0 0 0 0 0 0 0 0 0 3 0 12 12 0 0 57 0 0 0 10678168 4015461 0 0 0 0 0 4139735 2069 0 0 
0 0 0 0 0 0 0 0 0 0 0 0 0 0 0 0 0 0 0 0 0 0 0 3 0 12 12 0 0 57 0 0 0 10678168 4015461 0 0 0 0 0 4139735 2069 0 0 
0 0 0 0 0 0 0 0 0 0 0 0 0 0 0 0 0 0 0 0 0 0 0 3 0 12 12 0 0 57 0 0 0 10678168 4015461 0 0 0 0 0 4139735 2069 0 0 
0 0 0 0 0 0 0 0 0 0 0 0 0 0 0 0 0 0 0 0 0 0 0 3 0 12 12 0 0 57 0 0 0 10678168 4015461 0 0 0 0 0 4139735 2069 0 0 
