0 0 0 0 0 0 0 0 0 0 0 0 0 0 0 0 0 0 0 0 0 0 0 3 0 37412 37405 0 0 86 0 0 0 33261930 9214418 0 0 0 0 0 18394562 0 0 0 
0 0 0 0 0 0 0 0 0 0 0 0 0 0 0 0 0 0 0 0 0 0 0 3 37405 0 0 1 0 0 86 0 0 9214020 18956655 14301719 0 0 0 18396291 0 0 0 0 
0 0 0 0 0 0 0 0 0 0 0 0 0 0 0 0 0 0 0 0 0 0 0 3 0 37412 37405 0 0 86 0 0 0 33261930 9214418 0 0 0 0 0 18394562 0 0 0 
0 0 0 0 0 0 0 0 0 0 0 0 0 0 0 0 0 0 0 0 0 0 0 3 37405 0 0 1 0 0 86 0 0 9214020 18956655 14301719 0 0 0 18396291 0 0 0 0 
0 0 0 0 0 0 0 0 0 0 0 0 0 0 0 0 0 0 0 0 0 0 0 3 0 37412 37405 0 0 86 0 0 0 33261930 9214418 0 0 0 0 0 18394562 0 0 0 
0 0 0 0 0 0 0 0 0 0 0 0 0 0 0 0 0 0 0 0 0 0 0 3 37405 0 0 1 0 0 86 0 0 9214020 18956655 14301719 0 0 0 18396291 0 0 0 0 
0 0 0 0 0 0 0 0 0 0 0 0 0 0 0 0 0 0 0 0 0 0 0 3 0 37412 37405 0 0 86 0 0 0 33261930 9214418 0 0 0 0 0 18394562 0 0 0 
0 0 0 0 0 0 0 0 0 0 0 0 0 0 0 0 0 0 0 0 0 0 0 3 37405 0 0 1 0 0 86 0 0 9214020 18956655 14301719 0 0 0 18396291 0 0 0 0 
====>
0 0 0 0 0 0 0 0 0 0 0 0 0 0 0 0 0 0 0 0 0 0 0 3 0 37428 37421 0 0 92 0 0 0 33272838 9214664 0 0 0 0 0 18394680 0 0 0 
0 0 0 0 0 0 0 0 0 0 0 0 0 0 0 0 0 0 0 0 0 0 0 3 37421 0 0 1 0 0 92 0 0 9214266 18967447 14301836 0 0 0 18396409 0 0 0 0 
0 0 0 0 0 0 0 0 0 0 0 0 0 0 0 0 0 0 0 0 0 0 0 3 0 37468 37461 0 0 93 0 0 0 33292146 9218124 0 0 0 0 0 18402559 0 0 0 
0 0 0 0 0 0 0 0 0 0 0 0 0 0 0 0 0 0 0 0 0 0 0 3 37461 0 0 1 0 0 93 0 0 9217726 18978835 14309764 0 0 0 18404288 0 0 0 0 
0 0 0 0 0 0 0 0 0 0 0 0 0 0 0 0 0 0 0 0 0 0 0 3 0 37524 37517 0 0 93 0 0 0 33309487 9223525 0 0 0 0 0 18411088 0 0 0 
0 0 0 0 0 0 0 0 0 0 0 0 0 0 0 0 0 0 0 0 0 0 0 3 37517 0 0 1 0 0 93 0 0 9223128 18987207 14318730 0 0 0 18412817 0 0 0 0 
0 0 0 0 0 0 0 0 0 0 0 0 0 0 0 0 0 0 0 0 0 0 0 3 0 37580 37577 0 0 93 0 0 0 33333573 9229668 0 0 0 0 0 18423285 0 0 0 
0 0 0 0 0 0 0 0 0 0 0 0 0 0 0 0 0 0 0 0 0 0 0 3 37577 0 0 1 0 0 93 0 0 9229270 18999542 14330479 0 0 0 18425017 0 0 0 0 
0 0 0 0 0 0 0 0 0 0 0 0 0 0 0 0 0 0 0 0 0 0 0 3 0 37636 37633 0 0 93 0 0 0 33357638 9237355 0 0 0 0 0 18435691 0 0 0 
0 0 0 0 0 0 0 0 0 0 0 0 0 0 0 0 0 0 0 0 0 0 0 3 37633 0 0 1 0 0 93 0 0 9236959 19012034 14342046 0 0 0 18437426 0 0 0 0 
0 0 0 0 0 0 0 0 0 0 0 0 0 0 0 0 0 0 0 0 0 0 0 3 0 37660 37653 0 0 93 0 0 0 33379720 9243721 0 0 0 0 0 18447355 0 0 0 
0 0 0 0 0 0 0 0 0 0 0 0 0 0 0 0 0 0 0 0 0 0 0 3 37653 0 0 1 0 0 93 0 0 9243326 19022918 14353236 0 0 0 18449088 0 0 0 0 
0 0 0 0 0 0 0 0 0 0 0 0 0 0 0 0 0 0 0 0 0 0 0 3 0 37704 37701 0 0 93 0 0 0 33397949 9248849 0 0 0 0 0 18455290 0 0 0 
0 0 0 0 0 0 0 0 0 0 0 0 0 0 0 0 0 0 0 0 0 0 0 3 37701 0 0 1 0 0 93 0 0 9248454 19033807 14360575 0 0 0 18457023 0 0 0 0 
0 0 0 0 0 0 0 0 0 0 0 0 0 0 0 0 0 0 0 0 0 0 0 3 0 37764 37761 0 0 93 0 0 0 33414792 9254020 0 0 0 0 0 18465174 0 0 0 
0 0 0 0 0 0 0 0 0 0 0 0 0 0 0 0 0 0 0 0 0 0 0 3 37761 0 0 1 0 0 93 0 0 9253623 19042464 14368761 0 0 0 18466908 0 0 0 0 
0 0 0 0 0 0 0 0 0 0 0 0 0 0 0 0 0 0 0 0 0 0 0 3 0 37820 37817 0 0 93 0 0 0 33437521 9260432 0 0 0 0 0 18477416 0 0 0 
0 0 0 0 0 0 0 0 0 0 0 0 0 0 0 0 0 0 0 0 0 0 0 3 37817 0 0 1 0 0 93 0 0 9260034 19054002 14379951 0 0 0 18479152 0 0 0 0 
0 0 0 0 0 0 0 0 0 0 0 0 0 0 0 0 0 0 0 0 0 0 0 3 0 37876 37873 0 0 93 0 0 0 33461320 9268111 0 0 0 0 0 18489592 0 0 0 
0 0 0 0 0 0 0 0 0 0 0 0 0 0 0 0 0 0 0 0 0 0 0 3 37873 0 0 1 0 0 93 0 0 9267712 19066263 14391486 0 0 0 18491329 0 0 0 0 
0 0 0 0 0 0 0 0 0 0 0 0 0 0 0 0 0 0 0 0 0 0 0 3 0 37896 37893 0 0 93 0 0 0 33481725 9274382 0 0 0 0 0 18500145 0 0 0 
0 0 0 0 0 0 0 0 0 0 0 0 0 0 0 0 0 0 0 0 0 0 0 3 37893 0 0 1 0 0 93 0 0 9273982 19077224 14400923 0 0 0 18501883 0 0 0 0 
0 0 0 0 0 0 0 0 0 0 0 0 0 0 0 0 0 0 0 0 0 0 0 3 0 37944 37941 0 0 93 0 0 0 33497498 9278319 0 0 0 0 0 18508161 0 0 0 
0 0 0 0 0 0 0 0 0 0 0 0 0 0 0 0 0 0 0 0 0 0 0 3 37941 0 0 1 0 0 93 0 0 9277919 19085566 14408357 0 0 0 18509902 0 0 0 0 
0 0 0 0 0 0 0 0 0 0 0 0 0 0 0 0 0 0 0 0 0 0 0 3 0 38004 37997 0 0 93 0 0 0 33518312 9283431 0 0 0 0 0 18519398 0 0 0 
0 0 0 0 0 0 0 0 0 0 0 0 0 0 0 0 0 0 0 0 0 0 0 3 37997 0 0 1 0 0 93 0 0 9283032 19096234 14418499 0 0 0 18521140 0 0 0 0 
0 0 0 0 0 0 0 0 0 0 0 0 0 0 0 0 0 0 0 0 0 0 0 3 0 38060 38053 0 0 93 0 0 0 33542254 9291090 0 0 0 0 0 18532186 0 0 0 
0 0 0 0 0 0 0 0 0 0 0 0 0 0 0 0 0 0 0 0 0 0 0 3 38053 0 0 1 0 0 93 0 0 9290691 19109106 14429564 0 0 0 18533929 0 0 0 0 
0 0 0 0 0 0 0 0 0 0 0 0 0 0 0 0 0 0 0 0 0 0 0 3 0 38116 38113 0 0 93 0 0 0 33566510 9298750 0 0 0 0 0 18544828 0 0 0 
0 0 0 0 0 0 0 0 0 0 0 0 0 0 0 0 0 0 0 0 0 0 0 3 38113 0 0 1 0 0 93 0 0 9298351 19121835 14441088 0 0 0 18546574 0 0 0 0 
0 0 0 0 0 0 0 0 0 0 0 0 0 0 0 0 0 0 0 0 0 0 0 3 0 38128 38125 0 0 93 0 0 0 33585354 9304525 0 0 0 0 0 18553343 0 0 0 
0 0 0 0 0 0 0 0 0 0 0 0 0 0 0 0 0 0 0 0 0 0 0 3 38125 0 0 1 0 0 93 0 0 9304126 19132451 14449313 0 0 0 18555090 0 0 0 0 
0 0 0 0 0 0 0 0 0 0 0 0 0 0 0 0 0 0 0 0 0 0 0 3 0 38184 38181 0 0 93 0 0 0 33603454 9308941 0 0 0 0 0 18563619 0 0 0 
0 0 0 0 0 0 0 0 0 0 0 0 0 0 0 0 0 0 0 0 0 0 0 3 38181 0 0 1 0 0 93 0 0 9308541 19141401 14458466 0 0 0 18565365 0 0 0 0 
0 0 0 0 0 0 0 0 0 0 0 0 0 0 0 0 0 0 0 0 0 0 0 3 0 38240 38237 0 0 93 0 0 0 33624819 9314309 0 0 0 0 0 18574668 0 0 0 
0 0 0 0 0 0 0 0 0 0 0 0 0 0 0 0 0 0 0 0 0 0 0 3 38237 0 0 1 0 0 93 0 0 9313910 19151841 14469386 0 0 0 18576416 0 0 0 0 
0 0 0 0 0 0 0 0 0 0 0 0 0 0 0 0 0 0 0 0 0 0 0 3 0 38296 38293 0 0 93 0 0 0 33648614 9322006 0 0 0 0 0 18587127 0 0 0 
0 0 0 0 0 0 0 0 0 0 0 0 0 0 0 0 0 0 0 0 0 0 0 3 38293 0 0 1 0 0 93 0 0 9321607 19164389 14480632 0 0 0 18588881 0 0 0 0 
0 0 0 0 0 0 0 0 0 0 0 0 0 0 0 0 0 0 0 0 0 0 0 3 0 38328 38325 0 0 93 0 0 0 33671142 9328713 0 0 0 0 0 18599516 0 0 0 
0 0 0 0 0 0 0 0 0 0 0 0 0 0 0 0 0 0 0 0 0 0 0 3 38325 0 0 1 0 0 93 0 0 9328314 19176130 14491412 0 0 0 18601273 0 0 0 0 
0 0 0 0 0 0 0 0 0 0 0 0 0 0 0 0 0 0 0 0 0 0 0 3 0 38364 38361 0 0 93 0 0 0 33688777 9332955 0 0 0 0 0 18608374 0 0 0 
0 0 0 0 0 0 0 0 0 0 0 0 0 0 0 0 0 0 0 0 0 0 0 3 38361 0 0 1 0 0 93 0 0 9332558 19186976 14498199 0 0 0 18610131 0 0 0 0 
0 0 0 0 0 0 0 0 0 0 0 0 0 0 0 0 0 0 0 0 0 0 0 3 0 38424 38421 0 0 93 0 0 0 33708230 9339292 0 0 0 0 0 18618663 0 0 0 
0 0 0 0 0 0 0 0 0 0 0 0 0 0 0 0 0 0 0 0 0 0 0 3 38421 0 0 1 0 0 93 0 0 9338895 19196672 14507955 0 0 0 18620421 0 0 0 0 
0 0 0 0 0 0 0 0 0 0 0 0 0 0 0 0 0 0 0 0 0 0 0 3 0 38480 38477 0 0 93 0 0 0 33729030 9345179 0 0 0 0 0 18629698 0 0 0 
0 0 0 0 0 0 0 0 0 0 0 0 0 0 0 0 0 0 0 0 0 0 0 3 38477 0 0 1 0 0 93 0 0 9344781 19207209 14518217 0 0 0 18631457 0 0 0 0 
0 0 0 0 0 0 0 0 0 0 0 0 0 0 0 0 0 0 0 0 0 0 0 3 0 38536 38533 0 0 93 0 0 0 33752555 9352865 0 0 0 0 0 18641741 0 0 0 
0 0 0 0 0 0 0 0 0 0 0 0 0 0 0 0 0 0 0 0 0 0 0 3 38533 0 0 1 0 0 93 0 0 9352466 19219335 14529610 0 0 0 18643500 0 0 0 0 
0 0 0 0 0 0 0 0 0 0 0 0 0 0 0 0 0 0 0 0 0 0 0 3 0 38548 38541 0 0 93 0 0 0 33770499 9357028 0 0 0 0 0 18649788 0 0 0 
0 0 0 0 0 0 0 0 0 0 0 0 0 0 0 0 0 0 0 0 0 0 0 3 38541 0 0 1 0 0 93 0 0 9356630 19230017 14536872 0 0 0 18651547 0 0 0 0 
0 0 0 0 0 0 0 0 0 0 0 0 0 0 0 0 0 0 0 0 0 0 0 3 0 38604 38601 0 0 93 0 0 0 33789575 9362433 0 0 0 0 0 18661396 0 0 0 
0 0 0 0 0 0 0 0 0 0 0 0 0 0 0 0 0 0 0 0 0 0 0 3 38601 0 0 1 0 0 93 0 0 9362035 19239679 14546280 0 0 0 18663156 0 0 0 0 
0 0 0 0 0 0 0 0 0 0 0 0 0 0 0 0 0 0 0 0 0 0 0 3 0 38660 38657 0 0 93 0 0 0 33812603 9368244 0 0 0 0 0 18673980 0 0 0 
0 0 0 0 0 0 0 0 0 0 0 0 0 0 0 0 0 0 0 0 0 0 0 3 38657 0 0 1 0 0 93 0 0 9367845 19251738 14557240 0 0 0 18675741 0 0 0 0 
0 0 0 0 0 0 0 0 0 0 0 0 0 0 0 0 0 0 0 0 0 0 0 3 0 38716 38713 0 0 93 0 0 0 33837274 9376061 0 0 0 0 0 18686940 0 0 0 
0 0 0 0 0 0 0 0 0 0 0 0 0 0 0 0 0 0 0 0 0 0 0 3 38713 0 0 1 0 0 93 0 0 9375662 19264783 14568863 0 0 0 18688702 0 0 0 0 
0 0 0 0 0 0 0 0 0 0 0 0 0 0 0 0 0 0 0 0 0 0 0 3 0 38743 38737 0 0 93 0 0 0 33859636 9382632 0 0 0 0 0 18698832 0 0 0 
0 0 0 0 0 0 0 0 0 0 0 0 0 0 0 0 0 0 0 0 0 0 0 3 38737 0 0 1 0 0 93 0 0 9382234 19276019 14579986 0 0 0 18700594 0 0 0 0 
0 0 0 0 0 0 0 0 0 0 0 0 0 0 0 0 0 0 0 0 0 0 0 3 0 38784 38781 0 0 93 0 0 0 33876864 9387737 0 0 0 0 0 18706074 0 0 0 
0 0 0 0 0 0 0 0 0 0 0 0 0 0 0 0 0 0 0 0 0 0 0 3 38781 0 0 1 0 0 93 0 0 9387339 19285987 14587246 0 0 0 18707836 0 0 0 0 
0 0 0 0 0 0 0 0 0 0 0 0 0 0 0 0 0 0 0 0 0 0 0 3 0 38844 38841 0 0 93 0 0 0 33894701 9392964 0 0 0 0 0 18715963 0 0 0 
0 0 0 0 0 0 0 0 0 0 0 0 0 0 0 0 0 0 0 0 0 0 0 3 38841 0 0 1 0 0 93 0 0 9392566 19294696 14596371 0 0 0 18717731 0 0 0 0 
0 0 0 0 0 0 0 0 0 0 0 0 0 0 0 0 0 0 0 0 0 0 0 3 0 38900 38897 0 0 93 0 0 0 33917492 9399105 0 0 0 0 0 18728663 0 0 0 
0 0 0 0 0 0 0 0 0 0 0 0 0 0 0 0 0 0 0 0 0 0 0 3 38897 0 0 1 0 0 93 0 0 9398706 19306759 14607098 0 0 0 18730433 0 0 0 0 
0 0 0 0 0 0 0 0 0 0 0 0 0 0 0 0 0 0 0 0 0 0 0 3 0 38956 38953 0 0 93 0 0 0 33941283 9406813 0 0 0 0 0 18741370 0 0 0 
0 0 0 0 0 0 0 0 0 0 0 0 0 0 0 0 0 0 0 0 0 0 0 3 38953 0 0 1 0 0 93 0 0 9406414 19319550 14618095 0 0 0 18743138 0 0 0 0 
0 0 0 0 0 0 0 0 0 0 0 0 0 0 0 0 0 0 0 0 0 0 0 3 0 38968 38965 0 0 93 0 0 0 33961000 9412593 0 0 0 0 0 18750544 0 0 0 
0 0 0 0 0 0 0 0 0 0 0 0 0 0 0 0 0 0 0 0 0 0 0 3 38965 0 0 1 0 0 93 0 0 9412194 19330833 14626526 0 0 0 18752311 0 0 0 0 
0 0 0 0 0 0 0 0 0 0 0 0 0 0 0 0 0 0 0 0 0 0 0 3 0 39024 39021 0 0 93 0 0 0 33978792 9417060 0 0 0 0 0 18760722 0 0 0 
0 0 0 0 0 0 0 0 0 0 0 0 0 0 0 0 0 0 0 0 0 0 0 3 39021 0 0 1 0 0 93 0 0 9416661 19339630 14635524 0 0 0 18762488 0 0 0 0 
0 0 0 0 0 0 0 0 0 0 0 0 0 0 0 0 0 0 0 0 0 0 0 3 0 39080 39077 0 0 93 0 0 0 33998497 9422329 0 0 0 0 0 18770946 0 0 0 
0 0 0 0 0 0 0 0 0 0 0 0 0 0 0 0 0 0 0 0 0 0 0 3 39077 0 0 1 0 0 93 0 0 9421929 19349288 14645570 0 0 0 18772711 0 0 0 0 
0 0 0 0 0 0 0 0 0 0 0 0 0 0 0 0 0 0 0 0 0 0 0 3 0 39140 39133 0 0 93 0 0 0 34022239 9430046 0 0 0 0 0 18783340 0 0 0 
0 0 0 0 0 0 0 0 0 0 0 0 0 0 0 0 0 0 0 0 0 0 0 3 39133 0 0 1 0 0 93 0 0 9429646 19361765 14656834 0 0 0 18785107 0 0 0 0 
0 0 0 0 0 0 0 0 0 0 0 0 0 0 0 0 0 0 0 0 0 0 0 3 0 39183 39177 0 0 93 0 0 0 34044835 9437354 0 0 0 0 0 18795119 0 0 0 
0 0 0 0 0 0 0 0 0 0 0 0 0 0 0 0 0 0 0 0 0 0 0 3 39177 0 0 1 0 0 93 0 0 9436955 19373466 14667727 0 0 0 18796888 0 0 0 0 
0 0 0 0 0 0 0 0 0 0 0 0 0 0 0 0 0 0 0 0 0 0 0 3 0 39208 39201 0 0 93 0 0 0 34063140 9441904 0 0 0 0 0 18803191 0 0 0 
0 0 0 0 0 0 0 0 0 0 0 0 0 0 0 0 0 0 0 0 0 0 0 3 39201 0 0 1 0 0 93 0 0 9441506 19384327 14675171 0 0 0 18804960 0 0 0 0 
0 0 0 0 0 0 0 0 0 0 0 0 0 0 0 0 0 0 0 0 0 0 0 3 0 39264 39261 0 0 93 0 0 0 34082502 9447743 0 0 0 0 0 18814169 0 0 0 
0 0 0 0 0 0 0 0 0 0 0 0 0 0 0 0 0 0 0 0 0 0 0 3 39261 0 0 1 0 0 93 0 0 9447345 19393326 14685530 0 0 0 18815939 0 0 0 0 
0 0 0 0 0 0 0 0 0 0 0 0 0 0 0 0 0 0 0 0 0 0 0 3 0 39321 39317 0 0 93 0 0 0 34101903 9453058 0 0 0 0 0 18823954 0 0 0 
0 0 0 0 0 0 0 0 0 0 0 0 0 0 0 0 0 0 0 0 0 0 0 3 39317 0 0 1 0 0 93 0 0 9452660 19402630 14695626 0 0 0 18825723 0 0 0 0 
0 0 0 0 0 0 0 0 0 0 0 0 0 0 0 0 0 0 0 0 0 0 0 3 0 39379 39373 0 0 93 0 0 0 34125302 9460677 0 0 0 0 0 18835963 0 0 0 
0 0 0 0 0 0 0 0 0 0 0 0 0 0 0 0 0 0 0 0 0 0 0 3 39373 0 0 1 0 0 93 0 0 9460279 19414721 14706932 0 0 0 18837735 0 0 0 0 
0 0 0 0 0 0 0 0 0 0 0 0 0 0 0 0 0 0 0 0 0 0 0 3 0 39436 39433 0 0 93 0 0 0 34149357 9468346 0 0 0 0 0 18848175 0 0 0 
0 0 0 0 0 0 0 0 0 0 0 0 0 0 0 0 0 0 0 0 0 0 0 3 39433 0 0 1 0 0 93 0 0 9467946 19427018 14718682 0 0 0 18849946 0 0 0 0 
0 0 0 0 0 0 0 0 0 0 0 0 0 0 0 0 0 0 0 0 0 0 0 3 0 39452 39449 0 0 93 0 0 0 34169720 9474593 0 0 0 0 0 18857906 0 0 0 
0 0 0 0 0 0 0 0 0 0 0 0 0 0 0 0 0 0 0 0 0 0 0 3 39449 0 0 1 0 0 93 0 0 9474194 19438578 14727481 0 0 0 18859681 0 0 0 0 
0 0 0 0 0 0 0 0 0 0 0 0 0 0 0 0 0 0 0 0 0 0 0 3 0 39504 39501 0 0 93 0 0 0 34185515 9478462 0 0 0 0 0 18867079 0 0 0 
0 0 0 0 0 0 0 0 0 0 0 0 0 0 0 0 0 0 0 0 0 0 0 3 39500 0 0 1 0 0 93 0 0 9478063 19446611 14735243 0 0 0 18868853 0 0 0 0 
0 0 0 0 0 0 0 0 0 0 0 0 0 0 0 0 0 0 0 0 0 0 0 3 0 39560 39557 0 0 93 0 0 0 34206044 9483677 0 0 0 0 0 18878293 0 0 0 
0 0 0 0 0 0 0 0 0 0 0 0 0 0 0 0 0 0 0 0 0 0 0 3 39556 0 0 1 0 0 93 0 0 9483278 19457307 14745076 0 0 0 18880071 0 0 0 0 
0 0 0 0 0 0 0 0 0 0 0 0 0 0 0 0 0 0 0 0 0 0 0 3 0 39620 39613 0 0 93 0 0 0 34229094 9491451 0 0 0 0 0 18890215 0 0 0 
0 0 0 0 0 0 0 0 0 0 0 0 0 0 0 0 0 0 0 0 0 0 0 3 39612 0 0 1 0 0 93 0 0 9491051 19469310 14756123 0 0 0 18891994 0 0 0 0 
0 0 0 0 0 0 0 0 0 0 0 0 0 0 0 0 0 0 0 0 0 0 0 3 0 39676 39673 0 0 93 0 0 0 34252957 9499110 0 0 0 0 0 18902608 0 0 0 
0 0 0 0 0 0 0 0 0 0 0 0 0 0 0 0 0 0 0 0 0 0 0 3 39672 0 0 1 0 0 93 0 0 9498710 19481792 14767500 0 0 0 18904390 0 0 0 0 
0 0 0 0 0 0 0 0 0 0 0 0 0 0 0 0 0 0 0 0 0 0 0 3 0 39688 39681 0 0 93 0 0 0 34269863 9503437 0 0 0 0 0 18909155 0 0 0 
0 0 0 0 0 0 0 0 0 0 0 0 0 0 0 0 0 0 0 0 0 0 0 3 39680 0 0 1 0 0 93 0 0 9503037 19490921 14775275 0 0 0 18910937 0 0 0 0 
0 0 0 0 0 0 0 0 0 0 0 0 0 0 0 0 0 0 0 0 0 0 0 3 0 39744 39741 0 0 93 0 0 0 34289004 9508879 0 0 0 0 0 18921283 0 0 0 
0 0 0 0 0 0 0 0 0 0 0 0 0 0 0 0 0 0 0 0 0 0 0 3 39740 0 0 1 0 0 93 0 0 9508479 19501123 14784210 0 0 0 18923066 0 0 0 0 
0 0 0 0 0 0 0 0 0 0 0 0 0 0 0 0 0 0 0 0 0 0 0 3 0 39800 39797 0 0 93 0 0 0 34311410 9514515 0 0 0 0 0 18933061 0 0 0 
0 0 0 0 0 0 0 0 0 0 0 0 0 0 0 0 0 0 0 0 0 0 0 3 39796 0 0 1 0 0 93 0 0 9514115 19512413 14795322 0 0 0 18934848 0 0 0 0 
0 0 0 0 0 0 0 0 0 0 0 0 0 0 0 0 0 0 0 0 0 0 0 3 0 39856 39853 0 0 93 0 0 0 34334731 9522234 0 0 0 0 0 18944972 0 0 0 
0 0 0 0 0 0 0 0 0 0 0 0 0 0 0 0 0 0 0 0 0 0 0 3 39852 0 0 1 0 0 93 0 0 9521834 19524412 14806639 0 0 0 18946764 0 0 0 0 
0 0 0 0 0 0 0 0 0 0 0 0 0 0 0 0 0 0 0 0 0 0 0 3 0 39888 39885 0 0 93 0 0 0 34357451 9528965 0 0 0 0 0 18957238 0 0 0 
0 0 0 0 0 0 0 0 0 0 0 0 0 0 0 0 0 0 0 0 0 0 0 3 39884 0 0 1 0 0 93 0 0 9528564 19536029 14817738 0 0 0 18959030 0 0 0 0 
0 0 0 0 0 0 0 0 0 0 0 0 0 0 0 0 0 0 0 0 0 0 0 3 0 39924 39921 0 0 93 0 0 0 34376495 9533915 0 0 0 0 0 18965621 0 0 0 
0 0 0 0 0 0 0 0 0 0 0 0 0 0 0 0 0 0 0 0 0 0 0 3 39920 0 0 1 0 0 93 0 0 9533513 19547382 14825429 0 0 0 18967415 0 0 0 0 
0 0 0 0 0 0 0 0 0 0 0 0 0 0 0 0 0 0 0 0 0 0 0 3 0 39984 39981 0 0 93 0 0 0 34394193 9539401 0 0 0 0 0 18975516 0 0 0 
0 0 0 0 0 0 0 0 0 0 0 0 0 0 0 0 0 0 0 0 0 0 0 3 39980 0 0 1 0 0 93 0 0 9538999 19555766 14834739 0 0 0 18977312 0 0 0 0 
0 0 0 0 0 0 0 0 0 0 0 0 0 0 0 0 0 0 0 0 0 0 0 3 0 40040 40037 0 0 93 0 0 0 34416753 9545500 0 0 0 0 0 18987527 0 0 0 
0 0 0 0 0 0 0 0 0 0 0 0 0 0 0 0 0 0 0 0 0 0 0 3 40036 0 0 1 0 0 93 0 0 9545098 19567216 14845849 0 0 0 18989326 0 0 0 0 
0 0 0 0 0 0 0 0 0 0 0 0 0 0 0 0 0 0 0 0 0 0 0 3 0 40096 40093 0 0 93 0 0 0 34440777 9553155 0 0 0 0 0 18999832 0 0 0 
0 0 0 0 0 0 0 0 0 0 0 0 0 0 0 0 0 0 0 0 0 0 0 3 40092 0 0 1 0 0 93 0 0 9552750 19579605 14857474 0 0 0 19001629 0 0 0 0 
0 0 0 0 0 0 0 0 0 0 0 0 0 0 0 0 0 0 0 0 0 0 0 3 0 40120 40117 0 0 93 0 0 0 34462415 9559635 0 0 0 0 0 19011440 0 0 0 
0 0 0 0 0 0 0 0 0 0 0 0 0 0 0 0 0 0 0 0 0 0 0 3 40116 0 0 1 0 0 93 0 0 9559229 19590439 14868277 0 0 0 19013238 0 0 0 0 
0 0 0 0 0 0 0 0 0 0 0 0 0 0 0 0 0 0 0 0 0 0 0 3 0 40164 40161 0 0 93 0 0 0 34478572 9563859 0 0 0 0 0 19018930 0 0 0 
0 0 0 0 0 0 0 0 0 0 0 0 0 0 0 0 0 0 0 0 0 0 0 3 40160 0 0 1 0 0 93 0 0 9563453 19599897 14874977 0 0 0 19020728 0 0 0 0 
0 0 0 0 0 0 0 0 0 0 0 0 0 0 0 0 0 0 0 0 0 0 0 3 0 40224 40221 0 0 93 0 0 0 34498531 9570296 0 0 0 0 0 19029053 0 0 0 
0 0 0 0 0 0 0 0 0 0 0 0 0 0 0 0 0 0 0 0 0 0 0 3 40220 0 0 1 0 0 93 0 0 9569890 19609661 14885172 0 0 0 19030854 0 0 0 0 
0 0 0 0 0 0 0 0 0 0 0 0 0 0 0 0 0 0 0 0 0 0 0 3 0 40280 40277 0 0 93 0 0 0 34520022 9576333 0 0 0 0 0 19040239 0 0 0 
0 0 0 0 0 0 0 0 0 0 0 0 0 0 0 0 0 0 0 0 0 0 0 3 40276 0 0 1 0 0 93 0 0 9575927 19620263 14896059 0 0 0 19042043 0 0 0 0 
0 0 0 0 0 0 0 0 0 0 0 0 0 0 0 0 0 0 0 0 0 0 0 3 0 40336 40333 0 0 93 0 0 0 34544705 9584032 0 0 0 0 0 19053199 0 0 0 
0 0 0 0 0 0 0 0 0 0 0 0 0 0 0 0 0 0 0 0 0 0 0 3 40332 0 0 1 0 0 93 0 0 9583626 19633305 14907697 0 0 0 19055002 0 0 0 0 
0 0 0 0 0 0 0 0 0 0 0 0 0 0 0 0 0 0 0 0 0 0 0 3 0 40351 40345 0 0 93 0 0 0 34564600 9590139 0 0 0 0 0 19062153 0 0 0 
0 0 0 0 0 0 0 0 0 0 0 0 0 0 0 0 0 0 0 0 0 0 0 3 40344 0 0 1 0 0 93 0 0 9589733 19644450 14916446 0 0 0 19063958 0 0 0 0 
0 0 0 0 0 0 0 0 0 0 0 0 0 0 0 0 0 0 0 0 0 0 0 3 0 40404 40401 0 0 93 0 0 0 34581996 9594138 0 0 0 0 0 19072110 0 0 0 
0 0 0 0 0 0 0 0 0 0 0 0 0 0 0 0 0 0 0 0 0 0 0 3 40400 0 0 1 0 0 93 0 0 9593732 19653087 14925202 0 0 0 19073915 0 0 0 0 
0 0 0 0 0 0 0 0 0 0 0 0 0 0 0 0 0 0 0 0 0 0 0 3 0 40464 40461 0 0 93 0 0 0 34601572 9600284 0 0 0 0 0 19081796 0 0 0 
0 0 0 0 0 0 0 0 0 0 0 0 0 0 0 0 0 0 0 0 0 0 0 3 40460 0 0 1 0 0 93 0 0 9599879 19662857 14935008 0 0 0 19083604 0 0 0 0 
0 0 0 0 0 0 0 0 0 0 0 0 0 0 0 0 0 0 0 0 0 0 0 3 0 40520 40517 0 0 93 0 0 0 34625181 9607114 0 0 0 0 0 19094191 0 0 0 
0 0 0 0 0 0 0 0 0 0 0 0 0 0 0 0 0 0 0 0 0 0 0 3 40516 0 0 1 0 0 93 0 0 9606708 19674549 14946925 0 0 0 19096001 0 0 0 0 
0 0 0 0 0 0 0 0 0 0 0 0 0 0 0 0 0 0 0 0 0 0 0 3 0 40576 40573 0 0 93 0 0 0 34650592 9614844 0 0 0 0 0 19107544 0 0 0 
0 0 0 0 0 0 0 0 0 0 0 0 0 0 0 0 0 0 0 0 0 0 0 3 40572 0 0 1 0 0 93 0 0 9614438 19687988 14958894 0 0 0 19109358 0 0 0 0 
0 0 0 0 0 0 0 0 0 0 0 0 0 0 0 0 0 0 0 0 0 0 0 3 0 40600 40597 0 0 93 0 0 0 34673447 9621274 0 0 0 0 0 19119903 0 0 0 
0 0 0 0 0 0 0 0 0 0 0 0 0 0 0 0 0 0 0 0 0 0 0 3 40596 0 0 1 0 0 93 0 0 9620868 19699572 14970165 0 0 0 19121718 0 0 0 0 
0 0 0 0 0 0 0 0 0 0 0 0 0 0 0 0 0 0 0 0 0 0 0 3 0 40644 40641 0 0 93 0 0 0 34686519 9625021 0 0 0 0 0 19126339 0 0 0 
0 0 0 0 0 0 0 0 0 0 0 0 0 0 0 0 0 0 0 0 0 0 0 3 40640 0 0 1 0 0 93 0 0 9624614 19707421 14975388 0 0 0 19128154 0 0 0 0 
0 0 0 0 0 0 0 0 0 0 0 0 0 0 0 0 0 0 0 0 0 0 0 3 0 40700 40697 0 0 93 0 0 0 34709176 9630313 0 0 0 0 0 19138999 0 0 0 
0 0 0 0 0 0 0 0 0 0 0 0 0 0 0 0 0 0 0 0 0 0 0 3 40696 0 0 1 0 0 93 0 0 9629906 19719608 14985857 0 0 0 19140817 0 0 0 0 
0 0 0 0 0 0 0 0 0 0 0 0 0 0 0 0 0 0 0 0 0 0 0 3 0 40756 40753 0 0 93 0 0 0 34733537 9638054 0 0 0 0 0 19151609 0 0 0 
0 0 0 0 0 0 0 0 0 0 0 0 0 0 0 0 0 0 0 0 0 0 0 3 40752 0 0 1 0 0 93 0 0 9637646 19732304 14997519 0 0 0 19153429 0 0 0 0 
0 0 0 0 0 0 0 0 0 0 0 0 0 0 0 0 0 0 0 0 0 0 0 3 0 40788 40781 0 0 93 0 0 0 34755587 9644733 0 0 0 0 0 19163263 0 0 0 
0 0 0 0 0 0 0 0 0 0 0 0 0 0 0 0 0 0 0 0 0 0 0 3 40780 0 0 1 0 0 93 0 0 9644325 19743304 15008563 0 0 0 19165083 0 0 0 0 
0 0 0 0 0 0 0 0 0 0 0 0 0 0 0 0 0 0 0 0 0 0 0 3 0 40824 40821 0 0 93 0 0 0 34773301 9649501 0 0 0 0 0 19170760 0 0 0 
0 0 0 0 0 0 0 0 0 0 0 0 0 0 0 0 0 0 0 0 0 0 0 3 40820 0 0 1 0 0 93 0 0 9649093 19753574 15016007 0 0 0 19172580 0 0 0 0 
0 0 0 0 0 0 0 0 0 0 0 0 0 0 0 0 0 0 0 0 0 0 0 3 0 40884 40881 0 0 93 0 0 0 34792125 9655316 0 0 0 0 0 19181637 0 0 0 
0 0 0 0 0 0 0 0 0 0 0 0 0 0 0 0 0 0 0 0 0 0 0 3 40880 0 0 1 0 0 93 0 0 9654908 19763152 15025247 0 0 0 19183454 0 0 0 0 
0 0 0 0 0 0 0 0 0 0 0 0 0 0 0 0 0 0 0 0 0 0 0 3 0 40940 40937 0 0 93 0 0 0 34814012 9661259 0 0 0 0 0 19192963 0 0 0 
0 0 0 0 0 0 0 0 0 0 0 0 0 0 0 0 0 0 0 0 0 0 0 3 40936 0 0 1 0 0 93 0 0 9660851 19773906 15036379 0 0 0 19194780 0 0 0 0 
0 0 0 0 0 0 0 0 0 0 0 0 0 0 0 0 0 0 0 0 0 0 0 3 0 40996 40993 0 0 93 0 0 0 34838465 9669029 0 0 0 0 0 19205760 0 0 0 
0 0 0 0 0 0 0 0 0 0 0 0 0 0 0 0 0 0 0 0 0 0 0 3 40992 0 0 1 0 0 93 0 0 9668621 19786789 15047944 0 0 0 19207577 0 0 0 0 
0 0 0 0 0 0 0 0 0 0 0 0 0 0 0 0 0 0 0 0 0 0 0 3 0 41016 41009 0 0 93 0 0 0 34859586 9675307 0 0 0 0 0 19216073 0 0 0 
0 0 0 0 0 0 0 0 0 0 0 0 0 0 0 0 0 0 0 0 0 0 0 3 41008 0 0 1 0 0 93 0 0 9674901 19798215 15057639 0 0 0 19217889 0 0 0 0 
0 0 0 0 0 0 0 0 0 0 0 0 0 0 0 0 0 0 0 0 0 0 0 3 0 41064 41061 0 0 93 0 0 0 34875556 9679253 0 0 0 0 0 19224576 0 0 0 
0 0 0 0 0 0 0 0 0 0 0 0 0 0 0 0 0 0 0 0 0 0 0 3 41060 0 0 1 0 0 93 0 0 9678847 19806333 15065491 0 0 0 19226394 0 0 0 0 
0 0 0 0 0 0 0 0 0 0 0 0 0 0 0 0 0 0 0 0 0 0 0 3 0 41120 41117 0 0 93 0 0 0 34895235 9684412 0 0 0 0 0 19235129 0 0 0 
0 0 0 0 0 0 0 0 0 0 0 0 0 0 0 0 0 0 0 0 0 0 0 3 41116 0 0 1 0 0 93 0 0 9684006 19816325 15075176 0 0 0 19236948 0 0 0 0 
0 0 0 0 0 0 0 0 0 0 0 0 0 0 0 0 0 0 0 0 0 0 0 3 0 41178 41173 0 0 93 0 0 0 34918699 9692097 0 0 0 0 0 19247213 0 0 0 
0 0 0 0 0 0 0 0 0 0 0 0 0 0 0 0 0 0 0 0 0 0 0 3 41172 0 0 1 0 0 93 0 0 9691691 19828490 15086471 0 0 0 19249034 0 0 0 0 
0 0 0 0 0 0 0 0 0 0 0 0 0 0 0 0 0 0 0 0 0 0 0 3 0 41236 41233 0 0 93 0 0 0 34942751 9699821 0 0 0 0 0 19259231 0 0 0 
0 0 0 0 0 0 0 0 0 0 0 0 0 0 0 0 0 0 0 0 0 0 0 3 41232 0 0 1 0 0 93 0 0 9699416 19840591 15098422 0 0 0 19261052 0 0 0 0 
0 0 0 0 0 0 0 0 0 0 0 0 0 0 0 0 0 0 0 0 0 0 0 3 0 41248 41241 0 0 93 0 0 0 34960071 9704043 0 0 0 0 0 19266994 0 0 0 
0 0 0 0 0 0 0 0 0 0 0 0 0 0 0 0 0 0 0 0 0 0 0 3 41240 0 0 1 0 0 93 0 0 9703639 19850982 15105351 0 0 0 19268815 0 0 0 0 
0 0 0 0 0 0 0 0 0 0 0 0 0 0 0 0 0 0 0 0 0 0 0 3 0 41304 41301 0 0 93 0 0 0 34978172 9709886 0 0 0 0 0 19277615 0 0 0 
0 0 0 0 0 0 0 0 0 0 0 0 0 0 0 0 0 0 0 0 0 0 0 3 41300 0 0 1 0 0 93 0 0 9709482 19859650 15114784 0 0 0 19279437 0 0 0 0 
0 0 0 0 0 0 0 0 0 0 0 0 0 0 0 0 0 0 0 0 0 0 0 3 0 41360 41357 0 0 93 0 0 0 34999331 9715241 0 0 0 0 0 19288466 0 0 0 
0 0 0 0 0 0 0 0 0 0 0 0 0 0 0 0 0 0 0 0 0 0 0 3 41356 0 0 1 0 0 93 0 0 9714837 19869992 15125600 0 0 0 19290289 0 0 0 0 
0 0 0 0 0 0 0 0 0 0 0 0 0 0 0 0 0 0 0 0 0 0 0 3 0 41416 41413 0 0 93 0 0 0 35022548 9722950 0 0 0 0 0 19300452 0 0 0 
0 0 0 0 0 0 0 0 0 0 0 0 0 0 0 0 0 0 0 0 0 0 0 3 41412 0 0 1 0 0 93 0 0 9722546 19882067 15136734 0 0 0 19302279 0 0 0 0 
0 0 0 0 0 0 0 0 0 0 0 0 0 0 0 0 0 0 0 0 0 0 0 3 0 41448 41445 0 0 93 0 0 0 35044370 9729600 0 0 0 0 0 19311995 0 0 0 
0 0 0 0 0 0 0 0 0 0 0 0 0 0 0 0 0 0 0 0 0 0 0 3 41444 0 0 1 0 0 93 0 0 9729197 19892962 15147658 0 0 0 19313824 0 0 0 0 
0 0 0 0 0 0 0 0 0 0 0 0 0 0 0 0 0 0 0 0 0 0 0 3 0 41484 41481 0 0 93 0 0 0 35061233 9733165 0 0 0 0 0 19320923 0 0 0 
0 0 0 0 0 0 0 0 0 0 0 0 0 0 0 0 0 0 0 0 0 0 0 3 41480 0 0 1 0 0 93 0 0 9732762 19903230 15154253 0 0 0 19322752 0 0 0 0 
0 0 0 0 0 0 0 0 0 0 0 0 0 0 0 0 0 0 0 0 0 0 0 3 0 41540 41537 0 0 93 0 0 0 35082748 9738378 0 0 0 0 0 19332657 0 0 0 
0 0 0 0 0 0 0 0 0 0 0 0 0 0 0 0 0 0 0 0 0 0 0 3 41536 0 0 1 0 0 93 0 0 9737975 19914436 15164555 0 0 0 19334486 0 0 0 0 
0 0 0 0 0 0 0 0 0 0 0 0 0 0 0 0 0 0 0 0 0 0 0 3 0 41598 41593 0 0 93 0 0 0 35105696 9746094 0 0 0 0 0 19344463 0 0 0 
0 0 0 0 0 0 0 0 0 0 0 0 0 0 0 0 0 0 0 0 0 0 0 3 41592 0 0 1 0 0 93 0 0 9745692 19926326 15175612 0 0 0 19346295 0 0 0 0 
0 0 0 0 0 0 0 0 0 0 0 0 0 0 0 0 0 0 0 0 0 0 0 3 0 41652 41645 0 0 93 0 0 0 35128713 9753443 0 0 0 0 0 19356258 0 0 0 
0 0 0 0 0 0 0 0 0 0 0 0 0 0 0 0 0 0 0 0 0 0 0 3 41644 0 0 1 0 0 93 0 0 9753041 19938299 15186655 0 0 0 19358089 0 0 0 0 
0 0 0 0 0 0 0 0 0 0 0 0 0 0 0 0 0 0 0 0 0 0 0 3 0 41668 41665 0 0 93 0 0 0 35146669 9758342 0 0 0 0 0 19364002 0 0 0 
0 0 0 0 0 0 0 0 0 0 0 0 0 0 0 0 0 0 0 0 0 0 0 3 41664 0 0 1 0 0 93 0 0 9757939 19948379 15194526 0 0 0 19365833 0 0 0 0 
0 0 0 0 0 0 0 0 0 0 0 0 0 0 0 0 0 0 0 0 0 0 0 3 0 41724 41721 0 0 93 0 0 0 35166828 9763854 0 0 0 0 0 19376205 0 0 0 
0 0 0 0 0 0 0 0 0 0 0 0 0 0 0 0 0 0 0 0 0 0 0 3 41720 0 0 1 0 0 93 0 0 9763451 19958792 15204271 0 0 0 19378037 0 0 0 0 
0 0 0 0 0 0 0 0 0 0 0 0 0 0 0 0 0 0 0 0 0 0 0 3 0 41780 41777 0 0 93 0 0 0 35187151 9769165 0 0 0 0 0 19387042 0 0 0 
0 0 0 0 0 0 0 0 0 0 0 0 0 0 0 0 0 0 0 0 0 0 0 3 41776 0 0 1 0 0 93 0 0 9768761 19969154 15214230 0 0 0 19388876 0 0 0 0 
0 0 0 0 0 0 0 0 0 0 0 0 0 0 0 0 0 0 0 0 0 0 0 3 0 41840 41833 0 0 93 0 0 0 35210305 9776905 0 0 0 0 0 19398959 0 0 0 
0 0 0 0 0 0 0 0 0 0 0 0 0 0 0 0 0 0 0 0 0 0 0 3 41832 0 0 1 0 0 93 0 0 9776501 19981153 15225385 0 0 0 19400795 0 0 0 0 
0 0 0 0 0 0 0 0 0 0 0 0 0 0 0 0 0 0 0 0 0 0 0 3 0 41896 41893 0 0 93 0 0 0 35233442 9784598 0 0 0 0 0 19410557 0 0 0 
0 0 0 0 0 0 0 0 0 0 0 0 0 0 0 0 0 0 0 0 0 0 0 3 41892 0 0 1 0 0 93 0 0 9784194 19992838 15236830 0 0 0 19412396 0 0 0 0 
0 0 0 0 0 0 0 0 0 0 0 0 0 0 0 0 0 0 0 0 0 0 0 3 0 41908 41905 0 0 93 0 0 0 35253123 9790206 0 0 0 0 0 19419299 0 0 0 
0 0 0 0 0 0 0 0 0 0 0 0 0 0 0 0 0 0 0 0 0 0 0 3 41904 0 0 1 0 0 93 0 0 9789802 20003689 15245657 0 0 0 19421140 0 0 0 0 
0 0 0 0 0 0 0 0 0 0 0 0 0 0 0 0 0 0 0 0 0 0 0 3 0 41964 41961 0 0 93 0 0 0 35270525 9794747 0 0 0 0 0 19429374 0 0 0 
0 0 0 0 0 0 0 0 0 0 0 0 0 0 0 0 0 0 0 0 0 0 0 3 41960 0 0 1 0 0 93 0 0 9794343 20012297 15254452 0 0 0 19431219 0 0 0 0 
0 0 0 0 0 0 0 0 0 0 0 0 0 0 0 0 0 0 0 0 0 0 0 3 0 42020 42017 0 0 93 0 0 0 35291053 9800036 0 0 0 0 0 19440009 0 0 0 
0 0 0 0 0 0 0 0 0 0 0 0 0 0 0 0 0 0 0 0 0 0 0 3 42016 0 0 1 0 0 93 0 0 9799632 20022458 15264815 0 0 0 19441853 0 0 0 0 
0 0 0 0 0 0 0 0 0 0 0 0 0 0 0 0 0 0 0 0 0 0 0 3 0 42080 42073 0 0 93 0 0 0 35315327 9807712 0 0 0 0 0 19452539 0 0 0 
0 0 0 0 0 0 0 0 0 0 0 0 0 0 0 0 0 0 0 0 0 0 0 3 42072 0 0 1 0 0 93 0 0 9807306 20035069 15276472 0 0 0 19454382 0 0 0 0 
0 0 0 0 0 0 0 0 0 0 0 0 0 0 0 0 0 0 0 0 0 0 0 3 0 42123 42117 0 0 93 0 0 0 35338532 9815081 0 0 0 0 0 19464539 0 0 0 
0 0 0 0 0 0 0 0 0 0 0 0 0 0 0 0 0 0 0 0 0 0 0 3 42116 0 0 1 0 0 93 0 0 9814674 20046896 15287848 0 0 0 19466384 0 0 0 0 
0 0 0 0 0 0 0 0 0 0 0 0 0 0 0 0 0 0 0 0 0 0 0 3 0 42144 42141 0 0 93 0 0 0 35356970 9819346 0 0 0 0 0 19472343 0 0 0 
0 0 0 0 0 0 0 0 0 0 0 0 0 0 0 0 0 0 0 0 0 0 0 3 42140 0 0 1 0 0 93 0 0 9818941 20057369 15295813 0 0 0 19474189 0 0 0 0 
0 0 0 0 0 0 0 0 0 0 0 0 0 0 0 0 0 0 0 0 0 0 0 3 0 42204 42201 0 0 93 0 0 0 35373943 9824827 0 0 0 0 0 19482036 0 0 0 
0 0 0 0 0 0 0 0 0 0 0 0 0 0 0 0 0 0 0 0 0 0 0 3 42200 0 0 1 0 0 93 0 0 9824421 20065401 15304751 0 0 0 19483883 0 0 0 0 
0 0 0 0 0 0 0 0 0 0 0 0 0 0 0 0 0 0 0 0 0 0 0 3 0 42260 42257 0 0 93 0 0 0 35396440 9830770 0 0 0 0 0 19493798 0 0 0 
0 0 0 0 0 0 0 0 0 0 0 0 0 0 0 0 0 0 0 0 0 0 0 3 42256 0 0 1 0 0 93 0 0 9830364 20076578 15316071 0 0 0 19495646 0 0 0 0 
0 0 0 0 0 0 0 0 0 0 0 0 0 0 0 0 0 0 0 0 0 0 0 3 0 42316 42313 0 0 93 0 0 0 35420304 9838467 0 0 0 0 0 19506003 0 0 0 
0 0 0 0 0 0 0 0 0 0 0 0 0 0 0 0 0 0 0 0 0 0 0 3 42312 0 0 1 0 0 93 0 0 9838061 20088868 15327644 0 0 0 19507851 0 0 0 0 
0 0 0 0 0 0 0 0 0 0 0 0 0 0 0 0 0 0 0 0 0 0 0 3 0 42336 42333 0 0 93 0 0 0 35442002 9844809 0 0 0 0 0 19517093 0 0 0 
0 0 0 0 0 0 0 0 0 0 0 0 0 0 0 0 0 0 0 0 0 0 0 3 42332 0 0 1 0 0 93 0 0 9844402 20100215 15337994 0 0 0 19518945 0 0 0 0 
0 0 0 0 0 0 0 0 0 0 0 0 0 0 0 0 0 0 0 0 0 0 0 3 0 42384 42381 0 0 93 0 0 0 35458463 9848755 0 0 0 0 0 19525596 0 0 0 
0 0 0 0 0 0 0 0 0 0 0 0 0 0 0 0 0 0 0 0 0 0 0 3 42380 0 0 1 0 0 93 0 0 9848348 20109177 15345490 0 0 0 19527446 0 0 0 0 
0 0 0 0 0 0 0 0 0 0 0 0 0 0 0 0 0 0 0 0 0 0 0 3 0 42444 42441 0 0 93 0 0 0 35479258 9855330 0 0 0 0 0 19535978 0 0 0 
0 0 0 0 0 0 0 0 0 0 0 0 0 0 0 0 0 0 0 0 0 0 0 3 42440 0 0 1 0 0 93 0 0 9854923 20119765 15355697 0 0 0 19537829 0 0 0 0 
0 0 0 0 0 0 0 0 0 0 0 0 0 0 0 0 0 0 0 0 0 0 0 3 0 42500 42497 0 0 93 0 0 0 35501448 9861522 0 0 0 0 0 19547563 0 0 0 
0 0 0 0 0 0 0 0 0 0 0 0 0 0 0 0 0 0 0 0 0 0 0 3 42496 0 0 1 0 0 93 0 0 9861115 20130675 15366977 0 0 0 19549413 0 0 0 0 
0 0 0 0 0 0 0 0 0 0 0 0 0 0 0 0 0 0 0 0 0 0 0 3 0 42556 42553 0 0 93 0 0 0 35525668 9869193 0 0 0 0 0 19560453 0 0 0 
0 0 0 0 0 0 0 0 0 0 0 0 0 0 0 0 0 0 0 0 0 0 0 3 42552 0 0 1 0 0 93 0 0 9868785 20143650 15378216 0 0 0 19562303 0 0 0 0 
0 0 0 0 0 0 0 0 0 0 0 0 0 0 0 0 0 0 0 0 0 0 0 3 0 42576 42573 0 0 93 0 0 0 35546932 9875613 0 0 0 0 0 19571236 0 0 0 
0 0 0 0 0 0 0 0 0 0 0 0 0 0 0 0 0 0 0 0 0 0 0 3 42572 0 0 1 0 0 93 0 0 9875206 20154141 15388988 0 0 0 19573087 0 0 0 0 
0 0 0 0 0 0 0 0 0 0 0 0 0 0 0 0 0 0 0 0 0 0 0 3 0 42624 42621 0 0 93 0 0 0 35564257 9880104 0 0 0 0 0 19579244 0 0 0 
0 0 0 0 0 0 0 0 0 0 0 0 0 0 0 0 0 0 0 0 0 0 0 3 42620 0 0 1 0 0 93 0 0 9879697 20163846 15396610 0 0 0 19581097 0 0 0 0 
0 0 0 0 0 0 0 0 0 0 0 0 0 0 0 0 0 0 0 0 0 0 0 3 0 42684 42677 0 0 93 0 0 0 35581858 9884737 0 0 0 0 0 19589204 0 0 0 
0 0 0 0 0 0 0 0 0 0 0 0 0 0 0 0 0 0 0 0 0 0 0 3 42676 0 0 1 0 0 93 0 0 9884330 20172568 15405489 0 0 0 19591062 0 0 0 0 
0 0 0 0 0 0 0 0 0 0 0 0 0 0 0 0 0 0 0 0 0 0 0 3 0 42740 42737 0 0 93 0 0 0 35606064 9892397 0 0 0 0 0 19601577 0 0 0 
0 0 0 0 0 0 0 0 0 0 0 0 0 0 0 0 0 0 0 0 0 0 0 3 42736 0 0 1 0 0 93 0 0 9891990 20185028 15417232 0 0 0 19603438 0 0 0 0 
0 0 0 0 0 0 0 0 0 0 0 0 0 0 0 0 0 0 0 0 0 0 0 3 0 42796 42793 0 0 93 0 0 0 35630141 9900183 0 0 0 0 0 19613877 0 0 0 
0 0 0 0 0 0 0 0 0 0 0 0 0 0 0 0 0 0 0 0 0 0 0 3 42792 0 0 1 0 0 93 0 0 9899776 20197412 15428926 0 0 0 19615739 0 0 0 0 
0 0 0 0 0 0 0 0 0 0 0 0 0 0 0 0 0 0 0 0 0 0 0 3 0 42816 42813 0 0 93 0 0 0 35652258 9906615 0 0 0 0 0 19624921 0 0 0 
0 0 0 0 0 0 0 0 0 0 0 0 0 0 0 0 0 0 0 0 0 0 0 3 42812 0 0 1 0 0 93 0 0 9906207 20209194 15439259 0 0 0 19626787 0 0 0 0 
0 0 0 0 0 0 0 0 0 0 0 0 0 0 0 0 0 0 0 0 0 0 0 3 0 42864 42861 0 0 93 0 0 0 35670184 9910538 0 0 0 0 0 19634496 0 0 0 
0 0 0 0 0 0 0 0 0 0 0 0 0 0 0 0 0 0 0 0 0 0 0 3 42860 0 0 1 0 0 93 0 0 9910130 20218787 15447590 0 0 0 19636358 0 0 0 0 
0 0 0 0 0 0 0 0 0 0 0 0 0 0 0 0 0 0 0 0 0 0 0 3 0 42924 42917 0 0 93 0 0 0 35689698 9915674 0 0 0 0 0 19644963 0 0 0 
0 0 0 0 0 0 0 0 0 0 0 0 0 0 0 0 0 0 0 0 0 0 0 3 42916 0 0 1 0 0 93 0 0 9915266 20228661 15457228 0 0 0 19646826 0 0 0 0 
0 0 0 0 0 0 0 0 0 0 0 0 0 0 0 0 0 0 0 0 0 0 0 3 0 42980 42977 0 0 93 0 0 0 35713393 9923336 0 0 0 0 0 19657455 0 0 0 
0 0 0 0 0 0 0 0 0 0 0 0 0 0 0 0 0 0 0 0 0 0 0 3 42976 0 0 1 0 0 93 0 0 9922928 20241238 15468341 0 0 0 19659319 0 0 0 0 
0 0 0 0 0 0 0 0 0 0 0 0 0 0 0 0 0 0 0 0 0 0 0 3 0 43036 43033 0 0 93 0 0 0 35736406 9931046 0 0 0 0 0 19669580 0 0 0 
0 0 0 0 0 0 0 0 0 0 0 0 0 0 0 0 0 0 0 0 0 0 0 3 43032 0 0 1 0 0 93 0 0 9930638 20253448 15479137 0 0 0 19671443 0 0 0 0 
0 0 0 0 0 0 0 0 0 0 0 0 0 0 0 0 0 0 0 0 0 0 0 3 0 43048 43045 0 0 93 0 0 0 35752929 9935540 0 0 0 0 0 19676790 0 0 0 
0 0 0 0 0 0 0 0 0 0 0 0 0 0 0 0 0 0 0 0 0 0 0 3 43044 0 0 1 0 0 93 0 0 9935134 20263106 15486000 0 0 0 19678654 0 0 0 0 
0 0 0 0 0 0 0 0 0 0 0 0 0 0 0 0 0 0 0 0 0 0 0 3 0 43104 43101 0 0 93 0 0 0 35771341 9941088 0 0 0 0 0 19687291 0 0 0 
0 0 0 0 0 0 0 0 0 0 0 0 0 0 0 0 0 0 0 0 0 0 0 3 43100 0 0 1 0 0 93 0 0 9940680 20271898 15495621 0 0 0 19689157 0 0 0 0 
0 0 0 0 0 0 0 0 0 0 0 0 0 0 0 0 0 0 0 0 0 0 0 3 0 43159 43157 0 0 93 0 0 0 35791726 9946416 0 0 0 0 0 19698021 0 0 0 
0 0 0 0 0 0 0 0 0 0 0 0 0 0 0 0 0 0 0 0 0 0 0 3 43155 0 0 1 0 0 93 0 0 9946008 20282052 15505851 0 0 0 19699886 0 0 0 0 
0 0 0 0 0 0 0 0 0 0 0 0 0 0 0 0 0 0 0 0 0 0 0 3 0 43215 43213 0 0 93 0 0 0 35815320 9954131 0 0 0 0 0 19710258 0 0 0 
0 0 0 0 0 0 0 0 0 0 0 0 0 0 0 0 0 0 0 0 0 0 0 3 43211 0 0 1 0 0 93 0 0 9953724 20294374 15517116 0 0 0 19712123 0 0 0 0 
0 0 0 0 0 0 0 0 0 0 0 0 0 0 0 0 0 0 0 0 0 0 0 3 0 43239 43233 0 0 93 0 0 0 35836829 9960494 0 0 0 0 0 19721838 0 0 0 
0 0 0 0 0 0 0 0 0 0 0 0 0 0 0 0 0 0 0 0 0 0 0 3 43231 0 0 1 0 0 93 0 0 9960086 20305177 15527816 0 0 0 19723703 0 0 0 0 
0 0 0 0 0 0 0 0 0 0 0 0 0 0 0 0 0 0 0 0 0 0 0 3 0 43283 43281 0 0 93 0 0 0 35854099 9964793 0 0 0 0 0 19729708 0 0 0 
0 0 0 0 0 0 0 0 0 0 0 0 0 0 0 0 0 0 0 0 0 0 0 3 43279 0 0 1 0 0 93 0 0 9964385 20315170 15535090 0 0 0 19731573 0 0 0 0 
0 0 0 0 0 0 0 0 0 0 0 0 0 0 0 0 0 0 0 0 0 0 0 3 0 43343 43341 0 0 93 0 0 0 35873826 9970931 0 0 0 0 0 19739620 0 0 0 
0 0 0 0 0 0 0 0 0 0 0 0 0 0 0 0 0 0 0 0 0 0 0 3 43339 0 0 1 0 0 93 0 0 9970523 20324676 15545305 0 0 0 19741489 0 0 0 0 
0 0 0 0 0 0 0 0 0 0 0 0 0 0 0 0 0 0 0 0 0 0 0 3 0 43399 43397 0 0 93 0 0 0 35896465 9977188 0 0 0 0 0 19751775 0 0 0 
0 0 0 0 0 0 0 0 0 0 0 0 0 0 0 0 0 0 0 0 0 0 0 3 43395 0 0 1 0 0 93 0 0 9976780 20336143 15556477 0 0 0 19753644 0 0 0 0 
0 0 0 0 0 0 0 0 0 0 0 0 0 0 0 0 0 0 0 0 0 0 0 3 0 43455 43453 0 0 93 0 0 0 35920712 9984874 0 0 0 0 0 19764035 0 0 0 
0 0 0 0 0 0 0 0 0 0 0 0 0 0 0 0 0 0 0 0 0 0 0 3 43451 0 0 1 0 0 93 0 0 9984466 20348485 15568379 0 0 0 19765903 0 0 0 0 
0 0 0 0 0 0 0 0 0 0 0 0 0 0 0 0 0 0 0 0 0 0 0 3 0 43467 43465 0 0 93 0 0 0 35939024 9990405 0 0 0 0 0 19772451 0 0 0 
0 0 0 0 0 0 0 0 0 0 0 0 0 0 0 0 0 0 0 0 0 0 0 3 43463 0 0 1 0 0 93 0 0 9989997 20358967 15576206 0 0 0 19774320 0 0 0 0 
0 0 0 0 0 0 0 0 0 0 0 0 0 0 0 0 0 0 0 0 0 0 0 3 0 43523 43521 0 0 93 0 0 0 35957417 9994909 0 0 0 0 0 19783438 0 0 0 
0 0 0 0 0 0 0 0 0 0 0 0 0 0 0 0 0 0 0 0 0 0 0 3 43519 0 0 1 0 0 93 0 0 9994500 20368477 15585089 0 0 0 19785307 0 0 0 0 
0 0 0 0 0 0 0 0 0 0 0 0 0 0 0 0 0 0 0 0 0 0 0 3 0 43583 43581 0 0 93 0 0 0 35977660 10000706 0 0 0 0 0 19793974 0 0 0 
0 0 0 0 0 0 0 0 0 0 0 0 0 0 0 0 0 0 0 0 0 0 0 3 43579 0 0 1 0 0 93 0 0 10000298 20378921 15594885 0 0 0 19795849 0 0 0 0 
0 0 0 0 0 0 0 0 0 0 0 0 0 0 0 0 0 0 0 0 0 0 0 3 0 43639 43637 0 0 93 0 0 0 36001402 10007911 0 0 0 0 0 19806239 0 0 0 
0 0 0 0 0 0 0 0 0 0 0 0 0 0 0 0 0 0 0 0 0 0 0 3 43635 0 0 1 0 0 93 0 0 10007502 20390941 15606608 0 0 0 19808116 0 0 0 0 
0 0 0 0 0 0 0 0 0 0 0 0 0 0 0 0 0 0 0 0 0 0 0 3 0 43695 43693 0 0 93 0 0 0 36025272 10015612 0 0 0 0 0 19818550 0 0 0 
0 0 0 0 0 0 0 0 0 0 0 0 0 0 0 0 0 0 0 0 0 0 0 3 43691 0 0 1 0 0 93 0 0 10015203 20403336 15618081 0 0 0 19820428 0 0 0 0 
0 0 0 0 0 0 0 0 0 0 0 0 0 0 0 0 0 0 0 0 0 0 0 3 0 43715 43713 0 0 93 0 0 0 36046207 10021928 0 0 0 0 0 19828920 0 0 0 
0 0 0 0 0 0 0 0 0 0 0 0 0 0 0 0 0 0 0 0 0 0 0 3 43711 0 0 1 0 0 93 0 0 10021519 20414585 15627759 0 0 0 19830801 0 0 0 0 
0 0 0 0 0 0 0 0 0 0 0 0 0 0 0 0 0 0 0 0 0 0 0 3 0 43763 43761 0 0 93 0 0 0 36062583 10025935 0 0 0 0 0 19837738 0 0 0 
0 0 0 0 0 0 0 0 0 0 0 0 0 0 0 0 0 0 0 0 0 0 0 3 43759 0 0 1 0 0 93 0 0 10025526 20423189 15635533 0 0 0 19839619 0 0 0 0 
0 0 0 0 0 0 0 0 0 0 0 0 0 0 0 0 0 0 0 0 0 0 0 3 0 43823 43821 0 0 93 0 0 0 36081912 10031255 0 0 0 0 0 19848060 0 0 0 
0 0 0 0 0 0 0 0 0 0 0 0 0 0 0 0 0 0 0 0 0 0 0 3 43819 0 0 1 0 0 93 0 0 10030846 20433156 15644893 0 0 0 19849940 0 0 0 0 
0 0 0 0 0 0 0 0 0 0 0 0 0 0 0 0 0 0 0 0 0 0 0 3 0 43879 43877 0 0 93 0 0 0 36106006 10038736 0 0 0 0 0 19860682 0 0 0 
0 0 0 0 0 0 0 0 0 0 0 0 0 0 0 0 0 0 0 0 0 0 0 3 43875 0 0 1 0 0 93 0 0 10038327 20445719 15656422 0 0 0 19862562 0 0 0 0 
0 0 0 0 0 0 0 0 0 0 0 0 0 0 0 0 0 0 0 0 0 0 0 3 0 43935 43933 0 0 93 0 0 0 36131020 10046469 0 0 0 0 0 19873792 0 0 0 
0 0 0 0 0 0 0 0 0 0 0 0 0 0 0 0 0 0 0 0 0 0 0 3 43931 0 0 1 0 0 93 0 0 10046060 20458912 15668243 0 0 0 19875673 0 0 0 0 
0 0 0 0 0 0 0 0 0 0 0 0 0 0 0 0 0 0 0 0 0 0 0 3 0 43951 43949 0 0 93 0 0 0 36150469 10052649 0 0 0 0 0 19882727 0 0 0 
0 0 0 0 0 0 0 0 0 0 0 0 0 0 0 0 0 0 0 0 0 0 0 3 43947 0 0 1 0 0 93 0 0 10052240 20469870 15676728 0 0 0 19884609 0 0 0 0 
0 0 0 0 0 0 0 0 0 0 0 0 0 0 0 0 0 0 0 0 0 0 0 3 0 44003 44001 0 0 93 0 0 0 36168725 10057102 0 0 0 0 0 19892379 0 0 0 
0 0 0 0 0 0 0 0 0 0 0 0 0 0 0 0 0 0 0 0 0 0 0 3 43999 0 0 1 0 0 93 0 0 10056692 20478701 15686145 0 0 0 19894259 0 0 0 0 
0 0 0 0 0 0 0 0 0 0 0 0 0 0 0 0 0 0 0 0 0 0 0 3 0 44063 44061 0 0 93 0 0 0 36188588 10062713 0 0 0 0 0 19903620 0 0 0 
0 0 0 0 0 0 0 0 0 0 0 0 0 0 0 0 0 0 0 0 0 0 0 3 44059 0 0 1 0 0 93 0 0 10062304 20489432 15695273 0 0 0 19905503 0 0 0 0 
0 0 0 0 0 0 0 0 0 0 0 0 0 0 0 0 0 0 0 0 0 0 0 3 0 44119 44117 0 0 93 0 0 0 36212681 10069564 0 0 0 0 0 19916799 0 0 0 
0 0 0 0 0 0 0 0 0 0 0 0 0 0 0 0 0 0 0 0 0 0 0 3 44115 0 0 1 0 0 93 0 0 10069154 20502169 15706630 0 0 0 19918686 0 0 0 0 
0 0 0 0 0 0 0 0 0 0 0 0 0 0 0 0 0 0 0 0 0 0 0 3 0 44175 44173 0 0 93 0 0 0 36236363 10077189 0 0 0 0 0 19929240 0 0 0 
0 0 0 0 0 0 0 0 0 0 0 0 0 0 0 0 0 0 0 0 0 0 0 3 44171 0 0 1 0 0 93 0 0 10076779 20514693 15717781 0 0 0 19931128 0 0 0 0 
0 0 0 0 0 0 0 0 0 0 0 0 0 0 0 0 0 0 0 0 0 0 0 3 0 44185 44181 0 0 93 0 0 0 36253527 10081331 0 0 0 0 0 19937184 0 0 0 
0 0 0 0 0 0 0 0 0 0 0 0 0 0 0 0 0 0 0 0 0 0 0 3 44179 0 0 1 0 0 93 0 0 10080921 20525141 15724496 0 0 0 19939072 0 0 0 0 
0 0 0 0 0 0 0 0 0 0 0 0 0 0 0 0 0 0 0 0 0 0 0 3 0 44243 44241 0 0 93 0 0 0 36273116 10087239 0 0 0 0 0 19948510 0 0 0 
0 0 0 0 0 0 0 0 0 0 0 0 0 0 0 0 0 0 0 0 0 0 0 3 44239 0 0 1 0 0 93 0 0 10086829 20534704 15734518 0 0 0 19950398 0 0 0 0 
0 0 0 0 0 0 0 0 0 0 0 0 0 0 0 0 0 0 0 0 0 0 0 3 0 44299 44297 0 0 93 0 0 0 36293414 10092588 0 0 0 0 0 19959008 0 0 0 
0 0 0 0 0 0 0 0 0 0 0 0 0 0 0 0 0 0 0 0 0 0 0 3 44295 0 0 1 0 0 93 0 0 10092178 20544630 15744884 0 0 0 19960898 0 0 0 0 
0 0 0 0 0 0 0 0 0 0 0 0 0 0 0 0 0 0 0 0 0 0 0 3 0 44355 44353 0 0 93 0 0 0 36318225 10100336 0 0 0 0 0 19972290 0 0 0 
0 0 0 0 0 0 0 0 0 0 0 0 0 0 0 0 0 0 0 0 0 0 0 3 44351 0 0 1 0 0 93 0 0 10099926 20557996 15756325 0 0 0 19974181 0 0 0 0 
0 0 0 0 0 0 0 0 0 0 0 0 0 0 0 0 0 0 0 0 0 0 0 3 0 44387 44385 0 0 93 0 0 0 36341655 10106988 0 0 0 0 0 19985293 0 0 0 
0 0 0 0 0 0 0 0 0 0 0 0 0 0 0 0 0 0 0 0 0 0 0 3 44383 0 0 1 0 0 93 0 0 10106577 20570350 15767402 0 0 0 19987185 0 0 0 0 
0 0 0 0 0 0 0 0 0 0 0 0 0 0 0 0 0 0 0 0 0 0 0 3 0 44423 44421 0 0 93 0 0 0 36359134 10110563 0 0 0 0 0 19993894 0 0 0 
0 0 0 0 0 0 0 0 0 0 0 0 0 0 0 0 0 0 0 0 0 0 0 3 44419 0 0 1 0 0 93 0 0 10110150 20580528 15774703 0 0 0 19995786 0 0 0 0 
0 0 0 0 0 0 0 0 0 0 0 0 0 0 0 0 0 0 0 0 0 0 0 3 0 44479 44477 0 0 93 0 0 0 36378145 10115805 0 0 0 0 0 20003679 0 0 0 
0 0 0 0 0 0 0 0 0 0 0 0 0 0 0 0 0 0 0 0 0 0 0 3 44475 0 0 1 0 0 93 0 0 10115392 20589550 15784691 0 0 0 20005573 0 0 0 0 
0 0 0 0 0 0 0 0 0 0 0 0 0 0 0 0 0 0 0 0 0 0 0 3 0 44539 44537 0 0 93 0 0 0 36401145 10123511 0 0 0 0 0 20015474 0 0 0 
0 0 0 0 0 0 0 0 0 0 0 0 0 0 0 0 0 0 0 0 0 0 0 3 44535 0 0 1 0 0 93 0 0 10123098 20601430 15795806 0 0 0 20017371 0 0 0 0 
0 0 0 0 0 0 0 0 0 0 0 0 0 0 0 0 0 0 0 0 0 0 0 3 0 44595 44593 0 0 93 0 0 0 36424963 10131193 0 0 0 0 0 20027609 0 0 0 
0 0 0 0 0 0 0 0 0 0 0 0 0 0 0 0 0 0 0 0 0 0 0 3 44591 0 0 1 0 0 93 0 0 10130780 20613647 15807405 0 0 0 20029507 0 0 0 0 
0 0 0 0 0 0 0 0 0 0 0 0 0 0 0 0 0 0 0 0 0 0 0 3 0 44607 44605 0 0 93 0 0 0 36442723 10136370 0 0 0 0 0 20035529 0 0 0 
0 0 0 0 0 0 0 0 0 0 0 0 0 0 0 0 0 0 0 0 0 0 0 3 44603 0 0 1 0 0 93 0 0 10135957 20623800 15815010 0 0 0 20037429 0 0 0 0 
0 0 0 0 0 0 0 0 0 0 0 0 0 0 0 0 0 0 0 0 0 0 0 3 0 44663 44661 0 0 93 0 0 0 36461057 10141315 0 0 0 0 0 20046269 0 0 0 
0 0 0 0 0 0 0 0 0 0 0 0 0 0 0 0 0 0 0 0 0 0 0 3 44659 0 0 1 0 0 93 0 0 10140900 20632929 15824214 0 0 0 20048169 0 0 0 0 
0 0 0 0 0 0 0 0 0 0 0 0 0 0 0 0 0 0 0 0 0 0 0 3 0 44720 44717 0 0 93 0 0 0 36484006 10146592 0 0 0 0 0 20059704 0 0 0 
0 0 0 0 0 0 0 0 0 0 0 0 0 0 0 0 0 0 0 0 0 0 0 3 44715 0 0 1 0 0 93 0 0 10146177 20645907 15834179 0 0 0 20061605 0 0 0 0 
0 0 0 0 0 0 0 0 0 0 0 0 0 0 0 0 0 0 0 0 0 0 0 3 0 44775 44773 0 0 93 0 0 0 36507145 10154295 0 0 0 0 0 20071478 0 0 0 
0 0 0 0 0 0 0 0 0 0 0 0 0 0 0 0 0 0 0 0 0 0 0 3 44771 0 0 1 0 0 93 0 0 10153878 20657769 15845456 0 0 0 20073384 0 0 0 0 
0 0 0 0 0 0 0 0 0 0 0 0 0 0 0 0 0 0 0 0 0 0 0 3 0 44799 44797 0 0 93 0 0 0 36528902 10160709 0 0 0 0 0 20082920 0 0 0 
0 0 0 0 0 0 0 0 0 0 0 0 0 0 0 0 0 0 0 0 0 0 0 3 44795 0 0 1 0 0 93 0 0 10160291 20668434 15856540 0 0 0 20084824 0 0 0 0 
0 0 0 0 0 0 0 0 0 0 0 0 0 0 0 0 0 0 0 0 0 0 0 3 0 44843 44841 0 0 93 0 0 0 36543964 10164550 0 0 0 0 0 20089882 0 0 0 
0 0 0 0 0 0 0 0 0 0 0 0 0 0 0 0 0 0 0 0 0 0 0 3 44839 0 0 1 0 0 93 0 0 10164130 20677034 15863001 0 0 0 20091787 0 0 0 0 
0 0 0 0 0 0 0 0 0 0 0 0 0 0 0 0 0 0 0 0 0 0 0 3 0 44903 44897 0 0 93 0 0 0 36564399 10169746 0 0 0 0 0 20101560 0 0 0 
0 0 0 0 0 0 0 0 0 0 0 0 0 0 0 0 0 0 0 0 0 0 0 3 44895 0 0 1 0 0 93 0 0 10169325 20688013 15872454 0 0 0 20103465 0 0 0 0 
0 0 0 0 0 0 0 0 0 0 0 0 0 0 0 0 0 0 0 0 0 0 0 3 0 44959 44957 0 0 93 0 0 0 36587799 10177411 0 0 0 0 0 20113408 0 0 0 
0 0 0 0 0 0 0 0 0 0 0 0 0 0 0 0 0 0 0 0 0 0 0 3 44955 0 0 1 0 0 93 0 0 10176988 20699949 15883918 0 0 0 20115316 0 0 0 0 
0 0 0 0 0 0 0 0 0 0 0 0 0 0 0 0 0 0 0 0 0 0 0 3 0 45015 45013 0 0 93 0 0 0 36612258 10185097 0 0 0 0 0 20126167 0 0 0 
0 0 0 0 0 0 0 0 0 0 0 0 0 0 0 0 0 0 0 0 0 0 0 3 45011 0 0 1 0 0 93 0 0 10184674 20712791 15895533 0 0 0 20128074 0 0 0 0 
0 0 0 0 0 0 0 0 0 0 0 0 0 0 0 0 0 0 0 0 0 0 0 3 0 45031 45025 0 0 93 0 0 0 36632519 10191216 0 0 0 0 0 20136225 0 0 0 
0 0 0 0 0 0 0 0 0 0 0 0 0 0 0 0 0 0 0 0 0 0 0 3 45023 0 0 1 0 0 93 0 0 10190792 20725067 15903519 0 0 0 20138133 0 0 0 0 
0 0 0 0 0 0 0 0 0 0 0 0 0 0 0 0 0 0 0 0 0 0 0 3 0 45083 45081 0 0 93 0 0 0 36649307 10195407 0 0 0 0 0 20145613 0 0 0 
0 0 0 0 0 0 0 0 0 0 0 0 0 0 0 0 0 0 0 0 0 0 0 3 45079 0 0 1 0 0 93 0 0 10194983 20733028 15912335 0 0 0 20147522 0 0 0 0 
0 0 0 0 0 0 0 0 0 0 0 0 0 0 0 0 0 0 0 0 0 0 0 3 0 45143 45141 0 0 93 0 0 0 36670418 10201886 0 0 0 0 0 20156227 0 0 0 
0 0 0 0 0 0 0 0 0 0 0 0 0 0 0 0 0 0 0 0 0 0 0 3 45139 0 0 1 0 0 93 0 0 10201462 20743800 15922669 0 0 0 20158137 0 0 0 0 
0 0 0 0 0 0 0 0 0 0 0 0 0 0 0 0 0 0 0 0 0 0 0 3 0 45199 45197 0 0 93 0 0 0 36692910 10208302 0 0 0 0 0 20168306 0 0 0 
0 0 0 0 0 0 0 0 0 0 0 0 0 0 0 0 0 0 0 0 0 0 0 3 45195 0 0 1 0 0 93 0 0 10207877 20755179 15933780 0 0 0 20170220 0 0 0 0 
0 0 0 0 0 0 0 0 0 0 0 0 0 0 0 0 0 0 0 0 0 0 0 3 0 45255 45253 0 0 93 0 0 0 36716501 10215954 0 0 0 0 0 20180825 0 0 0 
0 0 0 0 0 0 0 0 0 0 0 0 0 0 0 0 0 0 0 0 0 0 0 3 45251 0 0 1 0 0 93 0 0 10215529 20767784 15944767 0 0 0 20182741 0 0 0 0 
0 0 0 0 0 0 0 0 0 0 0 0 0 0 0 0 0 0 0 0 0 0 0 3 0 45274 45269 0 0 93 0 0 0 36737795 10222277 0 0 0 0 0 20191282 0 0 0 
0 0 0 0 0 0 0 0 0 0 0 0 0 0 0 0 0 0 0 0 0 0 0 3 45267 0 0 1 0 0 93 0 0 10221850 20779618 15954223 0 0 0 20193199 0 0 0 0 
0 0 0 0 0 0 0 0 0 0 0 0 0 0 0 0 0 0 0 0 0 0 0 3 0 45323 45321 0 0 93 0 0 0 36754875 10226292 0 0 0 0 0 20200780 0 0 0 
0 0 0 0 0 0 0 0 0 0 0 0 0 0 0 0 0 0 0 0 0 0 0 3 45319 0 0 1 0 0 93 0 0 10225865 20788443 15962478 0 0 0 20202695 0 0 0 0 
0 0 0 0 0 0 0 0 0 0 0 0 0 0 0 0 0 0 0 0 0 0 0 3 0 45381 45377 0 0 93 0 0 0 36773584 10231408 0 0 0 0 0 20210421 0 0 0 
0 0 0 0 0 0 0 0 0 0 0 0 0 0 0 0 0 0 0 0 0 0 0 3 45375 0 0 1 0 0 93 0 0 10230981 20797541 15972088 0 0 0 20212337 0 0 0 0 
0 0 0 0 0 0 0 0 0 0 0 0 0 0 0 0 0 0 0 0 0 0 0 3 0 45439 45433 0 0 93 0 0 0 36796934 10239066 0 0 0 0 0 20222386 0 0 0 
0 0 0 0 0 0 0 0 0 0 0 0 0 0 0 0 0 0 0 0 0 0 0 3 45431 0 0 1 0 0 93 0 0 10238639 20809589 15983389 0 0 0 20224302 0 0 0 0 
0 0 0 0 0 0 0 0 0 0 0 0 0 0 0 0 0 0 0 0 0 0 0 3 0 45495 45493 0 0 93 0 0 0 36820982 10246712 0 0 0 0 0 20234696 0 0 0 
0 0 0 0 0 0 0 0 0 0 0 0 0 0 0 0 0 0 0 0 0 0 0 3 45491 0 0 1 0 0 93 0 0 10246286 20821986 15995037 0 0 0 20236614 0 0 0 0 
0 0 0 0 0 0 0 0 0 0 0 0 0 0 0 0 0 0 0 0 0 0 0 3 0 45507 45501 0 0 93 0 0 0 36838548 10250977 0 0 0 0 0 20242723 0 0 0 
0 0 0 0 0 0 0 0 0 0 0 0 0 0 0 0 0 0 0 0 0 0 0 3 45499 0 0 1 0 0 93 0 0 10250551 20832603 16001985 0 0 0 20244641 0 0 0 0 
0 0 0 0 0 0 0 0 0 0 0 0 0 0 0 0 0 0 0 0 0 0 0 3 0 45563 45561 0 0 93 0 0 0 36858093 10256521 0 0 0 0 0 20254502 0 0 0 
0 0 0 0 0 0 0 0 0 0 0 0 0 0 0 0 0 0 0 0 0 0 0 3 45559 0 0 1 0 0 93 0 0 10256095 20842389 16011739 0 0 0 20256422 0 0 0 0 
0 0 0 0 0 0 0 0 0 0 0 0 0 0 0 0 0 0 0 0 0 0 0 3 0 45619 45617 0 0 93 0 0 0 36880194 10262151 0 0 0 0 0 20266119 0 0 0 
0 0 0 0 0 0 0 0 0 0 0 0 0 0 0 0 0 0 0 0 0 0 0 3 45615 0 0 1 0 0 93 0 0 10261725 20853573 16022653 0 0 0 20268041 0 0 0 0 
0 0 0 0 0 0 0 0 0 0 0 0 0 0 0 0 0 0 0 0 0 0 0 3 0 45675 45673 0 0 93 0 0 0 36903799 10269929 0 0 0 0 0 20278106 0 0 0 
0 0 0 0 0 0 0 0 0 0 0 0 0 0 0 0 0 0 0 0 0 0 0 3 45671 0 0 1 0 0 93 0 0 10269503 20865647 16034179 0 0 0 20280029 0 0 0 0 
0 0 0 0 0 0 0 0 0 0 0 0 0 0 0 0 0 0 0 0 0 0 0 3 0 45719 45717 0 0 93 0 0 0 36925885 10276819 0 0 0 0 0 20289505 0 0 0 
0 0 0 0 0 0 0 0 0 0 0 0 0 0 0 0 0 0 0 0 0 0 0 3 45715 0 0 1 0 0 93 0 0 10276391 20876789 16045119 0 0 0 20291428 0 0 0 0 
0 0 0 0 0 0 0 0 0 0 0 0 0 0 0 0 0 0 0 0 0 0 0 3 0 45747 45741 0 0 93 0 0 0 36943486 10281919 0 0 0 0 0 20296691 0 0 0 
0 0 0 0 0 0 0 0 0 0 0 0 0 0 0 0 0 0 0 0 0 0 0 3 45739 0 0 1 0 0 93 0 0 10281491 20886885 16052624 0 0 0 20298615 0 0 0 0 
0 0 0 0 0 0 0 0 0 0 0 0 0 0 0 0 0 0 0 0 0 0 0 3 0 45803 45801 0 0 93 0 0 0 36963205 10286953 0 0 0 0 0 20308608 0 0 0 
0 0 0 0 0 0 0 0 0 0 0 0 0 0 0 0 0 0 0 0 0 0 0 3 45799 0 0 1 0 0 93 0 0 10286525 20897020 16062202 0 0 0 20310533 0 0 0 0 
0 0 0 0 0 0 0 0 0 0 0 0 0 0 0 0 0 0 0 0 0 0 0 3 0 45859 45857 0 0 93 0 0 0 36985022 10293047 0 0 0 0 0 20319951 0 0 0 
0 0 0 0 0 0 0 0 0 0 0 0 0 0 0 0 0 0 0 0 0 0 0 3 45855 0 0 1 0 0 93 0 0 10292619 20907737 16073294 0 0 0 20321876 0 0 0 0 
0 0 0 0 0 0 0 0 0 0 0 0 0 0 0 0 0 0 0 0 0 0 0 3 0 45915 45913 0 0 93 0 0 0 37009053 10300695 0 0 0 0 0 20332445 0 0 0 
0 0 0 0 0 0 0 0 0 0 0 0 0 0 0 0 0 0 0 0 0 0 0 3 45911 0 0 1 0 0 93 0 0 10300267 20920315 16084747 0 0 0 20334371 0 0 0 0 
0 0 0 0 0 0 0 0 0 0 0 0 0 0 0 0 0 0 0 0 0 0 0 3 0 45939 45937 0 0 93 0 0 0 37031794 10307123 0 0 0 0 0 20344390 0 0 0 
0 0 0 0 0 0 0 0 0 0 0 0 0 0 0 0 0 0 0 0 0 0 0 3 45935 0 0 1 0 0 93 0 0 10306695 20931489 16096313 0 0 0 20346320 0 0 0 0 
0 0 0 0 0 0 0 0 0 0 0 0 0 0 0 0 0 0 0 0 0 0 0 3 0 45983 45981 0 0 93 0 0 0 37047426 10311280 0 0 0 0 0 20351542 0 0 0 
0 0 0 0 0 0 0 0 0 0 0 0 0 0 0 0 0 0 0 0 0 0 0 3 45979 0 0 1 0 0 93 0 0 10310851 20940664 16102770 0 0 0 20353472 0 0 0 0 
0 0 0 0 0 0 0 0 0 0 0 0 0 0 0 0 0 0 0 0 0 0 0 3 0 46043 46037 0 0 93 0 0 0 37063983 10316146 0 0 0 0 0 20360231 0 0 0 
0 0 0 0 0 0 0 0 0 0 0 0 0 0 0 0 0 0 0 0 0 0 0 3 46035 0 0 1 0 0 93 0 0 10315717 20948268 16111718 0 0 0 20362161 0 0 0 0 
0 0 0 0 0 0 0 0 0 0 0 0 0 0 0 0 0 0 0 0 0 0 0 3 0 46099 46093 0 0 93 0 0 0 37087950 10323873 0 0 0 0 0 20372441 0 0 0 
0 0 0 0 0 0 0 0 0 0 0 0 0 0 0 0 0 0 0 0 0 0 0 3 46091 0 0 1 0 0 93 0 0 10323443 20960561 16123391 0 0 0 20374372 0 0 0 0 
0 0 0 0 0 0 0 0 0 0 0 0 0 0 0 0 0 0 0 0 0 0 0 3 0 46147 46141 0 0 93 0 0 0 37111271 10331206 0 0 0 0 0 20384328 0 0 0 
0 0 0 0 0 0 0 0 0 0 0 0 0 0 0 0 0 0 0 0 0 0 0 3 46139 0 0 1 0 0 93 0 0 10330775 20972606 16134663 0 0 0 20386262 0 0 0 0 
0 0 0 0 0 0 0 0 0 0 0 0 0 0 0 0 0 0 0 0 0 0 0 3 0 46167 46161 0 0 93 0 0 0 37130293 10335715 0 0 0 0 0 20393566 0 0 0 
0 0 0 0 0 0 0 0 0 0 0 0 0 0 0 0 0 0 0 0 0 0 0 3 46159 0 0 1 0 0 93 0 0 10335284 20984403 16141888 0 0 0 20395500 0 0 0 0 
0 0 0 0 0 0 0 0 0 0 0 0 0 0 0 0 0 0 0 0 0 0 0 3 0 46223 46221 0 0 93 0 0 0 37148417 10341388 0 0 0 0 0 20404042 0 0 0 
0 0 0 0 0 0 0 0 0 0 0 0 0 0 0 0 0 0 0 0 0 0 0 3 46219 0 0 1 0 0 93 0 0 10340958 20992858 16151555 0 0 0 20405976 0 0 0 0 
0 0 0 0 0 0 0 0 0 0 0 0 0 0 0 0 0 0 0 0 0 0 0 3 0 46279 46277 0 0 93 0 0 0 37169780 10346885 0 0 0 0 0 20414850 0 0 0 
0 0 0 0 0 0 0 0 0 0 0 0 0 0 0 0 0 0 0 0 0 0 0 3 46275 0 0 1 0 0 93 0 0 10346455 21003221 16162555 0 0 0 20416785 0 0 0 0 
0 0 0 0 0 0 0 0 0 0 0 0 0 0 0 0 0 0 0 0 0 0 0 3 0 46335 46333 0 0 93 0 0 0 37194108 10354487 0 0 0 0 0 20427464 0 0 0 
0 0 0 0 0 0 0 0 0 0 0 0 0 0 0 0 0 0 0 0 0 0 0 3 46331 0 0 1 0 0 93 0 0 10354056 21015919 16174182 0 0 0 20429397 0 0 0 0 
0 0 0 0 0 0 0 0 0 0 0 0 0 0 0 0 0 0 0 0 0 0 0 3 0 46359 46353 0 0 93 0 0 0 37215678 10360845 0 0 0 0 0 20438808 0 0 0 
0 0 0 0 0 0 0 0 0 0 0 0 0 0 0 0 0 0 0 0 0 0 0 3 46351 0 0 1 0 0 93 0 0 10360412 21026486 16185182 0 0 0 20440744 0 0 0 0 
0 0 0 0 0 0 0 0 0 0 0 0 0 0 0 0 0 0 0 0 0 0 0 3 0 46403 46401 0 0 93 0 0 0 37232147 10365476 0 0 0 0 0 20446167 0 0 0 
0 0 0 0 0 0 0 0 0 0 0 0 0 0 0 0 0 0 0 0 0 0 0 3 46399 0 0 1 0 0 93 0 0 10365045 21036175 16191962 0 0 0 20448103 0 0 0 0 
0 0 0 0 0 0 0 0 0 0 0 0 0 0 0 0 0 0 0 0 0 0 0 3 0 46463 46461 0 0 93 0 0 0 37251960 10371296 0 0 0 0 0 20457189 0 0 0 
0 0 0 0 0 0 0 0 0 0 0 0 0 0 0 0 0 0 0 0 0 0 0 3 46459 0 0 1 0 0 93 0 0 10370865 21046552 16201399 0 0 0 20459128 0 0 0 0 
0 0 0 0 0 0 0 0 0 0 0 0 0 0 0 0 0 0 0 0 0 0 0 3 0 46519 46517 0 0 93 0 0 0 37274508 10377579 0 0 0 0 0 20468821 0 0 0 
0 0 0 0 0 0 0 0 0 0 0 0 0 0 0 0 0 0 0 0 0 0 0 3 46515 0 0 1 0 0 93 0 0 10377147 21057529 16212966 0 0 0 20470762 0 0 0 0 
0 0 0 0 0 0 0 0 0 0 0 0 0 0 0 0 0 0 0 0 0 0 0 3 0 46575 46573 0 0 93 0 0 0 37298628 10385218 0 0 0 0 0 20481337 0 0 0 
0 0 0 0 0 0 0 0 0 0 0 0 0 0 0 0 0 0 0 0 0 0 0 3 46571 0 0 1 0 0 93 0 0 10384785 21070127 16224487 0 0 0 20483277 0 0 0 0 
0 0 0 0 0 0 0 0 0 0 0 0 0 0 0 0 0 0 0 0 0 0 0 3 0 46594 46589 0 0 93 0 0 0 37319167 10391513 0 0 0 0 0 20491101 0 0 0 
0 0 0 0 0 0 0 0 0 0 0 0 0 0 0 0 0 0 0 0 0 0 0 3 46587 0 0 1 0 0 93 0 0 10391080 21081162 16233990 0 0 0 20493043 0 0 0 0 
0 0 0 0 0 0 0 0 0 0 0 0 0 0 0 0 0 0 0 0 0 0 0 3 0 46643 46641 0 0 93 0 0 0 37335567 10395378 0 0 0 0 0 20499761 0 0 0 
0 0 0 0 0 0 0 0 0 0 0 0 0 0 0 0 0 0 0 0 0 0 0 3 46639 0 0 1 0 0 93 0 0 10394945 21089255 16242297 0 0 0 20501702 0 0 0 0 
0 0 0 0 0 0 0 0 0 0 0 0 0 0 0 0 0 0 0 0 0 0 0 3 0 46703 46697 0 0 93 0 0 0 37355772 10400545 0 0 0 0 0 20510921 0 0 0 
0 0 0 0 0 0 0 0 0 0 0 0 0 0 0 0 0 0 0 0 0 0 0 3 46695 0 0 1 0 0 93 0 0 10400112 21099876 16251879 0 0 0 20512865 0 0 0 0 
0 0 0 0 0 0 0 0 0 0 0 0 0 0 0 0 0 0 0 0 0 0 0 3 0 46759 46753 0 0 93 0 0 0 37379366 10408234 0 0 0 0 0 20523114 0 0 0 
0 0 0 0 0 0 0 0 0 0 0 0 0 0 0 0 0 0 0 0 0 0 0 3 46751 0 0 1 0 0 93 0 0 10407801 21112155 16263194 0 0 0 20525062 0 0 0 0 
0 0 0 0 0 0 0 0 0 0 0 0 0 0 0 0 0 0 0 0 0 0 0 3 0 46814 46809 0 0 93 0 0 0 37403212 10415740 0 0 0 0 0 20535276 0 0 0 
0 0 0 0 0 0 0 0 0 0 0 0 0 0 0 0 0 0 0 0 0 0 0 3 46807 0 0 1 0 0 93 0 0 10415306 21124502 16274692 0 0 0 20537224 0 0 0 0 
0 0 0 0 0 0 0 0 0 0 0 0 0 0 0 0 0 0 0 0 0 0 0 3 0 46827 46821 0 0 93 0 0 0 37419148 10420163 0 0 0 0 0 20541738 0 0 0 
0 0 0 0 0 0 0 0 0 0 0 0 0 0 0 0 0 0 0 0 0 0 0 3 46819 0 0 1 0 0 93 0 0 10419728 21133445 16281686 0 0 0 20543686 0 0 0 0 
0 0 0 0 0 0 0 0 0 0 0 0 0 0 0 0 0 0 0 0 0 0 0 3 0 46883 46881 0 0 93 0 0 0 37438133 10425791 0 0 0 0 0 20552776 0 0 0 
0 0 0 0 0 0 0 0 0 0 0 0 0 0 0 0 0 0 0 0 0 0 0 3 46879 0 0 1 0 0 93 0 0 10425355 21142644 16291469 0 0 0 20554727 0 0 0 0 
0 0 0 0 0 0 0 0 0 0 0 0 0 0 0 0 0 0 0 0 0 0 0 3 0 46939 46937 0 0 93 0 0 0 37459143 10431195 0 0 0 0 0 20563882 0 0 0 
0 0 0 0 0 0 0 0 0 0 0 0 0 0 0 0 0 0 0 0 0 0 0 3 46935 0 0 1 0 0 93 0 0 10430759 21153173 16301946 0 0 0 20565834 0 0 0 0 
0 0 0 0 0 0 0 0 0 0 0 0 0 0 0 0 0 0 0 0 0 0 0 3 0 46995 46993 0 0 93 0 0 0 37483446 10438854 0 0 0 0 0 20576974 0 0 0 
0 0 0 0 0 0 0 0 0 0 0 0 0 0 0 0 0 0 0 0 0 0 0 3 46990 0 0 1 0 0 93 0 0 10438417 21166350 16313072 0 0 0 20578927 0 0 0 0 
0 0 0 0 0 0 0 0 0 0 0 0 0 0 0 0 0 0 0 0 0 0 0 3 0 47027 47025 0 0 93 0 0 0 37505974 10445469 0 0 0 0 0 20589290 0 0 0 
0 0 0 0 0 0 0 0 0 0 0 0 0 0 0 0 0 0 0 0 0 0 0 3 47022 0 0 1 0 0 93 0 0 10445032 21178017 16323927 0 0 0 20591242 0 0 0 0 
0 0 0 0 0 0 0 0 0 0 0 0 0 0 0 0 0 0 0 0 0 0 0 3 0 47063 47061 0 0 93 0 0 0 37525249 10450130 0 0 0 0 0 20598245 0 0 0 
0 0 0 0 0 0 0 0 0 0 0 0 0 0 0 0 0 0 0 0 0 0 0 3 47058 0 0 1 0 0 93 0 0 10449694 21189601 16331618 0 0 0 20600197 0 0 0 0 
0 0 0 0 0 0 0 0 0 0 0 0 0 0 0 0 0 0 0 0 0 0 0 3 0 47123 47121 0 0 93 0 0 0 37542586 10454587 0 0 0 0 0 20607416 0 0 0 
0 0 0 0 0 0 0 0 0 0 0 0 0 0 0 0 0 0 0 0 0 0 0 3 47118 0 0 1 0 0 93 0 0 10454150 21197303 16341250 0 0 0 20609367 0 0 0 0 
0 0 0 0 0 0 0 0 0 0 0 0 0 0 0 0 0 0 0 0 0 0 0 3 0 47179 47173 0 0 93 0 0 0 37565705 10461870 0 0 0 0 0 20619588 0 0 0 
0 0 0 0 0 0 0 0 0 0 0 0 0 0 0 0 0 0 0 0 0 0 0 3 47170 0 0 1 0 0 93 0 0 10461431 21209209 16352466 0 0 0 20621541 0 0 0 0 
0 0 0 0 0 0 0 0 0 0 0 0 0 0 0 0 0 0 0 0 0 0 0 3 0 47235 47233 0 0 93 0 0 0 37588814 10469517 0 0 0 0 0 20631350 0 0 0 
0 0 0 0 0 0 0 0 0 0 0 0 0 0 0 0 0 0 0 0 0 0 0 3 47230 0 0 1 0 0 93 0 0 10469079 21221060 16363719 0 0 0 20633308 0 0 0 0 
0 0 0 0 0 0 0 0 0 0 0 0 0 0 0 0 0 0 0 0 0 0 0 3 0 47247 47241 0 0 93 0 0 0 37605885 10473668 0 0 0 0 0 20638393 0 0 0 
0 0 0 0 0 0 0 0 0 0 0 0 0 0 0 0 0 0 0 0 0 0 0 3 47238 0 0 1 0 0 93 0 0 10473230 21230744 16371105 0 0 0 20640350 0 0 0 0 
0 0 0 0 0 0 0 0 0 0 0 0 0 0 0 0 0 0 0 0 0 0 0 3 0 47303 47301 0 0 93 0 0 0 37624909 10479271 0 0 0 0 0 20649921 0 0 0 
0 0 0 0 0 0 0 0 0 0 0 0 0 0 0 0 0 0 0 0 0 0 0 3 47298 0 0 1 0 0 93 0 0 10478832 21240289 16380584 0 0 0 20651883 0 0 0 0 
0 0 0 0 0 0 0 0 0 0 0 0 0 0 0 0 0 0 0 0 0 0 0 3 0 47359 47357 0 0 93 0 0 0 37645947 10484867 0 0 0 0 0 20661165 0 0 0 
0 0 0 0 0 0 0 0 0 0 0 0 0 0 0 0 0 0 0 0 0 0 0 3 47354 0 0 1 0 0 93 0 0 10484428 21251046 16390861 0 0 0 20663131 0 0 0 0 
0 0 0 0 0 0 0 0 0 0 0 0 0 0 0 0 0 0 0 0 0 0 0 3 0 47415 47413 0 0 93 0 0 0 37670093 10492639 0 0 0 0 0 20673764 0 0 0 
0 0 0 0 0 0 0 0 0 0 0 0 0 0 0 0 0 0 0 0 0 0 0 3 47410 0 0 1 0 0 93 0 0 10492199 21263728 16402322 0 0 0 20675729 0 0 0 0 
0 0 0 0 0 0 0 0 0 0 0 0 0 0 0 0 0 0 0 0 0 0 0 3 0 47451 47445 0 0 93 0 0 0 37691837 10499487 0 0 0 0 0 20685162 0 0 0 
0 0 0 0 0 0 0 0 0 0 0 0 0 0 0 0 0 0 0 0 0 0 0 3 47442 0 0 1 0 0 93 0 0 10499047 21274704 16413088 0 0 0 20687133 0 0 0 0 
0 0 0 0 0 0 0 0 0 0 0 0 0 0 0 0 0 0 0 0 0 0 0 3 0 47483 47481 0 0 93 0 0 0 37710841 10504361 0 0 0 0 0 20693315 0 0 0 
0 0 0 0 0 0 0 0 0 0 0 0 0 0 0 0 0 0 0 0 0 0 0 3 47478 0 0 1 0 0 93 0 0 10503920 21285860 16420936 0 0 0 20695286 0 0 0 0 
0 0 0 0 0 0 0 0 0 0 0 0 0 0 0 0 0 0 0 0 0 0 0 3 0 47543 47541 0 0 93 0 0 0 37727587 10509789 0 0 0 0 0 20702701 0 0 0 
0 0 0 0 0 0 0 0 0 0 0 0 0 0 0 0 0 0 0 0 0 0 0 3 47538 0 0 1 0 0 93 0 0 10509349 21293501 16430037 0 0 0 20704670 0 0 0 0 
0 0 0 0 0 0 0 0 0 0 0 0 0 0 0 0 0 0 0 0 0 0 0 3 0 47599 47597 0 0 93 0 0 0 37749336 10515689 0 0 0 0 0 20714444 0 0 0 
0 0 0 0 0 0 0 0 0 0 0 0 0 0 0 0 0 0 0 0 0 0 0 3 47594 0 0 1 0 0 93 0 0 10515249 21304660 16440626 0 0 0 20716414 0 0 0 0 
0 0 0 0 0 0 0 0 0 0 0 0 0 0 0 0 0 0 0 0 0 0 0 3 0 47655 47653 0 0 93 0 0 0 37773768 10523442 0 0 0 0 0 20727342 0 0 0 
0 0 0 0 0 0 0 0 0 0 0 0 0 0 0 0 0 0 0 0 0 0 0 3 47650 0 0 1 0 0 93 0 0 10523002 21317643 16452075 0 0 0 20729313 0 0 0 0 
0 0 0 0 0 0 0 0 0 0 0 0 0 0 0 0 0 0 0 0 0 0 0 3 0 47671 47669 0 0 93 0 0 0 37795227 10529649 0 0 0 0 0 20738212 0 0 0 
0 0 0 0 0 0 0 0 0 0 0 0 0 0 0 0 0 0 0 0 0 0 0 3 47666 0 0 1 0 0 93 0 0 10529209 21330621 16460551 0 0 0 20740186 0 0 0 0 
0 0 0 0 0 0 0 0 0 0 0 0 0 0 0 0 0 0 0 0 0 0 0 3 0 47723 47721 0 0 93 0 0 0 37811270 10533443 0 0 0 0 0 20747205 0 0 0 
0 0 0 0 0 0 0 0 0 0 0 0 0 0 0 0 0 0 0 0 0 0 0 3 47718 0 0 1 0 0 93 0 0 10533003 21338183 16469033 0 0 0 20749180 0 0 0 0 
0 0 0 0 0 0 0 0 0 0 0 0 0 0 0 0 0 0 0 0 0 0 0 3 0 47779 47777 0 0 93 0 0 0 37832708 10538905 0 0 0 0 0 20758359 0 0 0 
0 0 0 0 0 0 0 0 0 0 0 0 0 0 0 0 0 0 0 0 0 0 0 3 47774 0 0 1 0 0 93 0 0 10538465 21348824 16479829 0 0 0 20760334 0 0 0 0 
0 0 0 0 0 0 0 0 0 0 0 0 0 0 0 0 0 0 0 0 0 0 0 3 0 47835 47833 0 0 93 0 0 0 37855613 10546547 0 0 0 0 0 20770374 0 0 0 
0 0 0 0 0 0 0 0 0 0 0 0 0 0 0 0 0 0 0 0 0 0 0 3 47830 0 0 1 0 0 93 0 0 10546106 21360922 16490633 0 0 0 20772348 0 0 0 0 
0 0 0 0 0 0 0 0 0 0 0 0 0 0 0 0 0 0 0 0 0 0 0 3 0 47870 47865 0 0 93 0 0 0 37877344 10553305 0 0 0 0 0 20781881 0 0 0 
0 0 0 0 0 0 0 0 0 0 0 0 0 0 0 0 0 0 0 0 0 0 0 3 47862 0 0 1 0 0 93 0 0 10552864 21371824 16501462 0 0 0 20783855 0 0 0 0 
0 0 0 0 0 0 0 0 0 0 0 0 0 0 0 0 0 0 0 0 0 0 0 3 0 47903 47901 0 0 93 0 0 0 37895922 10558020 0 0 0 0 0 20790359 0 0 0 
0 0 0 0 0 0 0 0 0 0 0 0 0 0 0 0 0 0 0 0 0 0 0 3 47898 0 0 1 0 0 93 0 0 10557579 21383321 16508544 0 0 0 20792334 0 0 0 0 
0 0 0 0 0 0 0 0 0 0 0 0 0 0 0 0 0 0 0 0 0 0 0 3 0 47963 47957 0 0 93 0 0 0 37912515 10561912 0 0 0 0 0 20800860 0 0 0 
0 0 0 0 0 0 0 0 0 0 0 0 0 0 0 0 0 0 0 0 0 0 0 3 47954 0 0 1 0 0 93 0 0 10561471 21391570 16516886 0 0 0 20802835 0 0 0 0 
0 0 0 0 0 0 0 0 0 0 0 0 0 0 0 0 0 0 0 0 0 0 0 3 0 48019 48017 0 0 93 0 0 0 37935546 10569601 0 0 0 0 0 20812598 0 0 0 
0 0 0 0 0 0 0 0 0 0 0 0 0 0 0 0 0 0 0 0 0 0 0 3 48014 0 0 1 0 0 93 0 0 10569160 21403394 16528091 0 0 0 20814573 0 0 0 0 
0 0 0 0 0 0 0 0 0 0 0 0 0 0 0 0 0 0 0 0 0 0 0 3 0 48075 48073 0 0 93 0 0 0 37959542 10577392 0 0 0 0 0 20825078 0 0 0 
0 0 0 0 0 0 0 0 0 0 0 0 0 0 0 0 0 0 0 0 0 0 0 3 48070 0 0 1 0 0 93 0 0 10576948 21415959 16539522 0 0 0 20827052 0 0 0 0 
0 0 0 0 0 0 0 0 0 0 0 0 0 0 0 0 0 0 0 0 0 0 0 3 0 48091 48089 0 0 93 0 0 0 37980157 10583707 0 0 0 0 0 20834726 0 0 0 
0 0 0 0 0 0 0 0 0 0 0 0 0 0 0 0 0 0 0 0 0 0 0 3 48086 0 0 1 0 0 93 0 0 10583261 21427069 16549029 0 0 0 20836705 0 0 0 0 
0 0 0 0 0 0 0 0 0 0 0 0 0 0 0 0 0 0 0 0 0 0 0 3 0 48143 48141 0 0 93 0 0 0 37996162 10587664 0 0 0 0 0 20843503 0 0 0 
0 0 0 0 0 0 0 0 0 0 0 0 0 0 0 0 0 0 0 0 0 0 0 3 48138 0 0 1 0 0 93 0 0 10587219 21435122 16556979 0 0 0 20845482 0 0 0 0 
0 0 0 0 0 0 0 0 0 0 0 0 0 0 0 0 0 0 0 0 0 0 0 3 0 48199 48197 0 0 93 0 0 0 38018153 10592843 0 0 0 0 0 20855596 0 0 0 
0 0 0 0 0 0 0 0 0 0 0 0 0 0 0 0 0 0 0 0 0 0 0 3 48194 0 0 1 0 0 93 0 0 10592397 21446645 16567445 0 0 0 20857577 0 0 0 0 
0 0 0 0 0 0 0 0 0 0 0 0 0 0 0 0 0 0 0 0 0 0 0 3 0 48255 48253 0 0 93 0 0 0 38042930 10600529 0 0 0 0 0 20868754 0 0 0 
0 0 0 0 0 0 0 0 0 0 0 0 0 0 0 0 0 0 0 0 0 0 0 3 48250 0 0 1 0 0 93 0 0 10600082 21459889 16578975 0 0 0 20870735 0 0 0 0 
0 0 0 0 0 0 0 0 0 0 0 0 0 0 0 0 0 0 0 0 0 0 0 3 0 48291 48285 0 0 93 0 0 0 38064886 10607340 0 0 0 0 0 20880191 0 0 0 
0 0 0 0 0 0 0 0 0 0 0 0 0 0 0 0 0 0 0 0 0 0 0 3 48282 0 0 1 0 0 93 0 0 10606894 21470898 16589914 0 0 0 20882173 0 0 0 0 
0 0 0 0 0 0 0 0 0 0 0 0 0 0 0 0 0 0 0 0 0 0 0 3 0 48327 48321 0 0 93 0 0 0 38082650 10612439 0 0 0 0 0 20887234 0 0 0 
0 0 0 0 0 0 0 0 0 0 0 0 0 0 0 0 0 0 0 0 0 0 0 3 48318 0 0 1 0 0 93 0 0 10611992 21481041 16597535 0 0 0 20889217 0 0 0 0 
0 0 0 0 0 0 0 0 0 0 0 0 0 0 0 0 0 0 0 0 0 0 0 3 0 48383 48381 0 0 93 0 0 0 38102489 10618363 0 0 0 0 0 20898717 0 0 0 
0 0 0 0 0 0 0 0 0 0 0 0 0 0 0 0 0 0 0 0 0 0 0 3 48377 0 0 1 0 0 93 0 0 10617915 21490627 16607789 0 0 0 20900700 0 0 0 0 
0 0 0 0 0 0 0 0 0 0 0 0 0 0 0 0 0 0 0 0 0 0 0 3 0 48439 48436 0 0 93 0 0 0 38123980 10623601 0 0 0 0 0 20910462 0 0 0 
0 0 0 0 0 0 0 0 0 0 0 0 0 0 0 0 0 0 0 0 0 0 0 3 48433 0 0 1 0 0 93 0 0 10623153 21501845 16618062 0 0 0 20912446 0 0 0 0 
0 0 0 0 0 0 0 0 0 0 0 0 0 0 0 0 0 0 0 0 0 0 0 3 0 48499 48492 0 0 93 0 0 0 38147673 10631223 0 0 0 0 0 20922949 0 0 0 
0 0 0 0 0 0 0 0 0 0 0 0 0 0 0 0 0 0 0 0 0 0 0 3 48489 0 0 1 0 0 93 0 0 10630774 21514412 16629184 0 0 0 20924932 0 0 0 0 
0 0 0 0 0 0 0 0 0 0 0 0 0 0 0 0 0 0 0 0 0 0 0 3 0 48542 48536 0 0 93 0 0 0 38170374 10638317 0 0 0 0 0 20935248 0 0 0 
0 0 0 0 0 0 0 0 0 0 0 0 0 0 0 0 0 0 0 0 0 0 0 3 48533 0 0 1 0 0 93 0 0 10637868 21526524 16639769 0 0 0 20937232 0 0 0 0 
0 0 0 0 0 0 0 0 0 0 0 0 0 0 0 0 0 0 0 0 0 0 0 3 0 48564 48560 0 0 93 0 0 0 38188296 10643116 0 0 0 0 0 20943286 0 0 0 
0 0 0 0 0 0 0 0 0 0 0 0 0 0 0 0 0 0 0 0 0 0 0 3 48557 0 0 1 0 0 93 0 0 10642667 21537039 16647173 0 0 0 20945271 0 0 0 0 
0 0 0 0 0 0 0 0 0 0 0 0 0 0 0 0 0 0 0 0 0 0 0 3 0 48623 48620 0 0 93 0 0 0 38206625 10648639 0 0 0 0 0 20953604 0 0 0 
0 0 0 0 0 0 0 0 0 0 0 0 0 0 0 0 0 0 0 0 0 0 0 3 48617 0 0 1 0 0 93 0 0 10648190 21545856 16656684 0 0 0 20955590 0 0 0 0 
0 0 0 0 0 0 0 0 0 0 0 0 0 0 0 0 0 0 0 0 0 0 0 3 0 48679 48676 0 0 93 0 0 0 38227834 10654449 0 0 0 0 0 20964775 0 0 0 
0 0 0 0 0 0 0 0 0 0 0 0 0 0 0 0 0 0 0 0 0 0 0 3 48673 0 0 1 0 0 93 0 0 10654000 21556490 16667255 0 0 0 20966761 0 0 0 0 
0 0 0 0 0 0 0 0 0 0 0 0 0 0 0 0 0 0 0 0 0 0 0 3 0 48735 48732 0 0 93 0 0 0 38251657 10662167 0 0 0 0 0 20977069 0 0 0 
0 0 0 0 0 0 0 0 0 0 0 0 0 0 0 0 0 0 0 0 0 0 0 3 48729 0 0 1 0 0 93 0 0 10661718 21568871 16678699 0 0 0 20979058 0 0 0 0 
0 0 0 0 0 0 0 0 0 0 0 0 0 0 0 0 0 0 0 0 0 0 0 3 0 48759 48756 0 0 93 0 0 0 38274153 10668568 0 0 0 0 0 20989176 0 0 0 
0 0 0 0 0 0 0 0 0 0 0 0 0 0 0 0 0 0 0 0 0 0 0 3 48753 0 0 1 0 0 93 0 0 10668119 21580205 16689858 0 0 0 20991167 0 0 0 0 
0 0 0 0 0 0 0 0 0 0 0 0 0 0 0 0 0 0 0 0 0 0 0 3 0 48803 48800 0 0 93 0 0 0 38290456 10672532 0 0 0 0 0 20997197 0 0 0 
0 0 0 0 0 0 0 0 0 0 0 0 0 0 0 0 0 0 0 0 0 0 0 3 48797 0 0 1 0 0 93 0 0 10672083 21589960 16696404 0 0 0 20999188 0 0 0 0 
0 0 0 0 0 0 0 0 0 0 0 0 0 0 0 0 0 0 0 0 0 0 0 3 0 48859 48856 0 0 93 0 0 0 38308580 10677592 0 0 0 0 0 21006527 0 0 0 
0 0 0 0 0 0 0 0 0 0 0 0 0 0 0 0 0 0 0 0 0 0 0 3 48853 0 0 1 0 0 93 0 0 10677143 21598495 16705991 0 0 0 21008520 0 0 0 0 
0 0 0 0 0 0 0 0 0 0 0 0 0 0 0 0 0 0 0 0 0 0 0 3 0 48917 48912 0 0 93 0 0 0 38331334 10685209 0 0 0 0 0 21018117 0 0 0 
0 0 0 0 0 0 0 0 0 0 0 0 0 0 0 0 0 0 0 0 0 0 0 3 48909 0 0 1 0 0 93 0 0 10684757 21610168 16717070 0 0 0 21020105 0 0 0 0 
0 0 0 0 0 0 0 0 0 0 0 0 0 0 0 0 0 0 0 0 0 0 0 3 0 48959 48956 0 0 93 0 0 0 38353332 10691992 0 0 0 0 0 21029743 0 0 0 
0 0 0 0 0 0 0 0 0 0 0 0 0 0 0 0 0 0 0 0 0 0 0 3 48953 0 0 1 0 0 93 0 0 10691540 21621523 16727708 0 0 0 21031731 0 0 0 0 
0 0 0 0 0 0 0 0 0 0 0 0 0 0 0 0 0 0 0 0 0 0 0 3 0 48987 48980 0 0 93 0 0 0 38371066 10697033 0 0 0 0 0 21036794 0 0 0 
0 0 0 0 0 0 0 0 0 0 0 0 0 0 0 0 0 0 0 0 0 0 0 3 48977 0 0 1 0 0 93 0 0 10696580 21631543 16735422 0 0 0 21038782 0 0 0 0 
0 0 0 0 0 0 0 0 0 0 0 0 0 0 0 0 0 0 0 0 0 0 0 3 0 49043 49040 0 0 93 0 0 0 38390269 10702675 0 0 0 0 0 21048529 0 0 0 
0 0 0 0 0 0 0 0 0 0 0 0 0 0 0 0 0 0 0 0 0 0 0 3 49037 0 0 1 0 0 93 0 0 10702221 21641262 16744905 0 0 0 21050518 0 0 0 0 
0 0 0 0 0 0 0 0 0 0 0 0 0 0 0 0 0 0 0 0 0 0 0 3 0 49099 49096 0 0 93 0 0 0 38411617 10708203 0 0 0 0 0 21059971 0 0 0 
0 0 0 0 0 0 0 0 0 0 0 0 0 0 0 0 0 0 0 0 0 0 0 3 49093 0 0 1 0 0 93 0 0 10707747 21652268 16755241 0 0 0 21061957 0 0 0 0 
0 0 0 0 0 0 0 0 0 0 0 0 0 0 0 0 0 0 0 0 0 0 0 3 0 49155 49152 0 0 93 0 0 0 38436176 10715830 0 0 0 0 0 21072924 0 0 0 
0 0 0 0 0 0 0 0 0 0 0 0 0 0 0 0 0 0 0 0 0 0 0 3 49149 0 0 1 0 0 93 0 0 10715374 21665307 16766759 0 0 0 21074913 0 0 0 0 
0 0 0 0 0 0 0 0 0 0 0 0 0 0 0 0 0 0 0 0 0 0 0 3 0 49191 49184 0 0 93 0 0 0 38458448 10722540 0 0 0 0 0 21084504 0 0 0 
0 0 0 0 0 0 0 0 0 0 0 0 0 0 0 0 0 0 0 0 0 0 0 3 49181 0 0 1 0 0 93 0 0 10722085 21676460 16777871 0 0 0 21086492 0 0 0 0 
0 0 0 0 0 0 0 0 0 0 0 0 0 0 0 0 0 0 0 0 0 0 0 3 0 49227 49220 0 0 93 0 0 0 38476530 10727701 0 0 0 0 0 21091962 0 0 0 
0 0 0 0 0 0 0 0 0 0 0 0 0 0 0 0 0 0 0 0 0 0 0 3 49217 0 0 1 0 0 93 0 0 10727245 21687051 16785362 0 0 0 21093949 0 0 0 0 
0 0 0 0 0 0 0 0 0 0 0 0 0 0 0 0 0 0 0 0 0 0 0 3 0 49283 49280 0 0 93 0 0 0 38492198 10732558 0 0 0 0 0 21100798 0 0 0 
0 0 0 0 0 0 0 0 0 0 0 0 0 0 0 0 0 0 0 0 0 0 0 3 49277 0 0 1 0 0 93 0 0 10732102 21694137 16793943 0 0 0 21102790 0 0 0 0 
0 0 0 0 0 0 0 0 0 0 0 0 0 0 0 0 0 0 0 0 0 0 0 3 0 49339 49336 0 0 93 0 0 0 38514617 10738877 0 0 0 0 0 21112975 0 0 0 
0 0 0 0 0 0 0 0 0 0 0 0 0 0 0 0 0 0 0 0 0 0 0 3 49333 0 0 1 0 0 93 0 0 10738421 21705611 16804890 0 0 0 21114970 0 0 0 0 
0 0 0 0 0 0 0 0 0 0 0 0 0 0 0 0 0 0 0 0 0 0 0 3 0 49395 49392 0 0 93 0 0 0 38539328 10746531 0 0 0 0 0 21125997 0 0 0 
0 0 0 0 0 0 0 0 0 0 0 0 0 0 0 0 0 0 0 0 0 0 0 3 49389 0 0 1 0 0 93 0 0 10746075 21718718 16816493 0 0 0 21127994 0 0 0 0 
0 0 0 0 0 0 0 0 0 0 0 0 0 0 0 0 0 0 0 0 0 0 0 3 0 49408 49404 0 0 93 0 0 0 38560566 10752589 0 0 0 0 0 21136451 0 0 0 
0 0 0 0 0 0 0 0 0 0 0 0 0 0 0 0 0 0 0 0 0 0 0 3 49401 0 0 1 0 0 93 0 0 10752133 21731368 16825080 0 0 0 21138447 0 0 0 0 
0 0 0 0 0 0 0 0 0 0 0 0 0 0 0 0 0 0 0 0 0 0 0 3 0 49463 49460 0 0 93 0 0 0 38577462 10756454 0 0 0 0 0 21146175 0 0 0 
0 0 0 0 0 0 0 0 0 0 0 0 0 0 0 0 0 0 0 0 0 0 0 3 49457 0 0 1 0 0 93 0 0 10755998 21739526 16833816 0 0 0 21148172 0 0 0 0 
<====
0 0 0 0 0 0 0 0 0 0 0 0 0 0 0 0 0 0 0 0 0 0 0 3 0 49515 49508 0 0 93 0 0 0 38593396 10766202 0 0 0 0 0 21154553 0 0 0 
0 0 0 0 0 0 0 0 0 0 0 0 0 0 0 0 0 0 0 0 0 0 0 3 49505 0 0 1 0 0 93 0 0 10765745 21747434 16841839 0 0 0 21156552 0 0 0 0 
0 0 0 0 0 0 0 0 0 0 0 0 0 0 0 0 0 0 0 0 0 0 0 3 0 49515 49508 0 0 93 0 0 0 38593396 10766202 0 0 0 0 0 21154553 0 0 0 
0 0 0 0 0 0 0 0 0 0 0 0 0 0 0 0 0 0 0 0 0 0 0 3 49505 0 0 1 0 0 93 0 0 10765745 21747434 16841839 0 0 0 21156552 0 0 0 0 
0 0 0 0 0 0 0 0 0 0 0 0 0 0 0 0 0 0 0 0 0 0 0 3 0 49515 49508 0 0 93 0 0 0 38593396 10766202 0 0 0 0 0 21154553 0 0 0 
0 0 0 0 0 0 0 0 0 0 0 0 0 0 0 0 0 0 0 0 0 0 0 3 49505 0 0 1 0 0 93 0 0 10765745 21747434 16841839 0 0 0 21156552 0 0 0 0 
0 0 0 0 0 0 0 0 0 0 0 0 0 0 0 0 0 0 0 0 0 0 0 3 0 49515 49508 0 0 93 0 0 0 38593396 10766202 0 0 0 0 0 21154553 0 0 0 
0 0 0 0 0 0 0 0 0 0 0 0 0 0 0 0 0 0 0 0 0 0 0 3 49505 0 0 1 0 0 93 0 0 10765745 21747434 16841839 0 0 0 21156552 0 0 0 0 
0 0 0 0 0 0 0 0 0 0 0 0 0 0 0 0 0 0 0 0 0 0 0 3 0 49515 49508 0 0 93 0 0 0 38593396 10766202 0 0 0 0 0 21154553 0 0 0 
0 0 0 0 0 0 0 0 0 0 0 0 0 0 0 0 0 0 0 0 0 0 0 3 49505 0 0 1 0 0 93 0 0 10765745 21747434 16841839 0 0 0 21156552 0 0 0 0 
0 0 0 0 0 0 0 0 0 0 0 0 0 0 0 0 0 0 0 0 0 0 0 3 0 49515 49508 0 0 93 0 0 0 38593396 10766202 0 0 0 0 0 21154553 0 0 0 
0 0 0 0 0 0 0 0 0 0 0 0 0 0 0 0 0 0 0 0 0 0 0 3 49505 0 0 1 0 0 93 0 0 10765745 21747434 16841839 0 0 0 21156552 0 0 0 0 
0 0 0 0 0 0 0 0 0 0 0 0 0 0 0 0 0 0 0 0 0 0 0 3 0 49515 49508 0 0 93 0 0 0 38593396 10766202 0 0 0 0 0 21154553 0 0 0 
0 0 0 0 0 0 0 0 0 0 0 0 0 0 0 0 0 0 0 0 0 0 0 3 49505 0 0 1 0 0 93 0 0 10765745 21747434 16841839 0 0 0 21156552 0 0 0 0 
0 0 0 0 0 0 0 0 0 0 0 0 0 0 0 0 0 0 0 0 0 0 0 3 0 49515 49508 0 0 93 0 0 0 38593396 10766202 0 0 0 0 0 21154553 0 0 0 
0 0 0 0 0 0 0 0 0 0 0 0 0 0 0 0 0 0 0 0 0 0 0 3 49505 0 0 1 0 0 93 0 0 10765745 21747434 16841839 0 0 0 21156552 0 0 0 0 
0 0 0 0 0 0 0 0 0 0 0 0 0 0 0 0 0 0 0 0 0 0 0 3 0 49515 49508 0 0 93 0 0 0 38593396 10766202 0 0 0 0 0 21154553 0 0 0 
0 0 0 0 0 0 0 0 0 0 0 0 0 0 0 0 0 0 0 0 0 0 0 3 49505 0 0 1 0 0 93 0 0 10765745 21747434 16841839 0 0 0 21156552 0 0 0 0 
0 0 0 0 0 0 0 0 0 0 0 0 0 0 0 0 0 0 0 0 0 0 0 3 0 49515 49508 0 0 93 0 0 0 38593396 10766202 0 0 0 0 0 21154553 0 0 0 
0 0 0 0 0 0 0 0 0 0 0 0 0 0 0 0 0 0 0 0 0 0 0 3 49505 0 0 1 0 0 93 0 0 10765745 21747434 16841839 0 0 0 21156552 0 0 0 0 
0 0 0 0 0 0 0 0 0 0 0 0 0 0 0 0 0 0 0 0 0 0 0 3 0 49515 49508 0 0 93 0 0 0 38593396 10766202 0 0 0 0 0 21154553 0 0 0 
0 0 0 0 0 0 0 0 0 0 0 0 0 0 0 0 0 0 0 0 0 0 0 3 49505 0 0 1 0 0 93 0 0 10765745 21747434 16841839 0 0 0 21156552 0 0 0 0 
0 0 0 0 0 0 0 0 0 0 0 0 0 0 0 0 0 0 0 0 0 0 0 3 0 49515 49508 0 0 93 0 0 0 38593396 10766202 0 0 0 0 0 21154553 0 0 0 
0 0 0 0 0 0 0 0 0 0 0 0 0 0 0 0 0 0 0 0 0 0 0 3 49505 0 0 1 0 0 93 0 0 10765745 21747434 16841839 0 0 0 21156552 0 0 0 0 
0 0 0 0 0 0 0 0 0 0 0 0 0 0 0 0 0 0 0 0 0 0 0 3 0 49515 49508 0 0 93 0 0 0 38593396 10766202 0 0 0 0 0 21154553 0 0 0 
0 0 0 0 0 0 0 0 0 0 0 0 0 0 0 0 0 0 0 0 0 0 0 3 49505 0 0 1 0 0 93 0 0 10765745 21747434 16841839 0 0 0 21156552 0 0 0 0 
0 0 0 0 0 0 0 0 0 0 0 0 0 0 0 0 0 0 0 0 0 0 0 3 0 49515 49508 0 0 93 0 0 0 38593396 10766202 0 0 0 0 0 21154553 0 0 0 
0 0 0 0 0 0 0 0 0 0 0 0 0 0 0 0 0 0 0 0 0 0 0 3 49505 0 0 1 0 0 93 0 0 10765745 21747434 16841839 0 0 0 21156552 0 0 0 0 
0 0 0 0 0 0 0 0 0 0 0 0 0 0 0 0 0 0 0 0 0 0 0 3 0 49515 49508 0 0 93 0 0 0 38593396 10766202 0 0 0 0 0 21154553 0 0 0 
0 0 0 0 0 0 0 0 0 0 0 0 0 0 0 0 0 0 0 0 0 0 0 3 49505 0 0 1 0 0 93 0 0 10765745 21747434 16841839 0 0 0 21156552 0 0 0 0 
0 0 0 0 0 0 0 0 0 0 0 0 0 0 0 0 0 0 0 0 0 0 0 3 0 49515 49508 0 0 93 0 0 0 38593396 10766202 0 0 0 0 0 21154553 0 0 0 
0 0 0 0 0 0 0 0 0 0 0 0 0 0 0 0 0 0 0 0 0 0 0 3 49505 0 0 1 0 0 93 0 0 10765745 21747434 16841839 0 0 0 21156552 0 0 0 0 
0 0 0 0 0 0 0 0 0 0 0 0 0 0 0 0 0 0 0 0 0 0 0 3 0 49515 49508 0 0 93 0 0 0 38593396 10766202 0 0 0 0 0 21154553 0 0 0 
0 0 0 0 0 0 0 0 0 0 0 0 0 0 0 0 0 0 0 0 0 0 0 3 49505 0 0 1 0 0 93 0 0 10765745 21747434 16841839 0 0 0 21156552 0 0 0 0 
0 0 0 0 0 0 0 0 0 0 0 0 0 0 0 0 0 0 0 0 0 0 0 3 0 49515 49508 0 0 93 0 0 0 38593396 10766202 0 0 0 0 0 21154553 0 0 0 
0 0 0 0 0 0 0 0 0 0 0 0 0 0 0 0 0 0 0 0 0 0 0 3 49505 0 0 1 0 0 93 0 0 10765745 21747434 16841839 0 0 0 21156552 0 0 0 0 
0 0 0 0 0 0 0 0 0 0 0 0 0 0 0 0 0 0 0 0 0 0 0 3 0 49515 49508 0 0 93 0 0 0 38593396 10766202 0 0 0 0 0 21154553 0 0 0 
0 0 0 0 0 0 0 0 0 0 0 0 0 0 0 0 0 0 0 0 0 0 0 3 49505 0 0 1 0 0 93 0 0 10765745 21747434 16841839 0 0 0 21156552 0 0 0 0 
0 0 0 0 0 0 0 0 0 0 0 0 0 0 0 0 0 0 0 0 0 0 0 3 0 49515 49508 0 0 93 0 0 0 38593396 10766202 0 0 0 0 0 21154553 0 0 0 
0 0 0 0 0 0 0 0 0 0 0 0 0 0 0 0 0 0 0 0 0 0 0 3 49505 0 0 1 0 0 93 0 0 10765745 21747434 16841839 0 0 0 21156552 0 0 0 0 
0 0 0 0 0 0 0 0 0 0 0 0 0 0 0 0 0 0 0 0 0 0 0 3 0 49515 49508 0 0 93 0 0 0 38593396 10766202 0 0 0 0 0 21154553 0 0 0 
0 0 0 0 0 0 0 0 0 0 0 0 0 0 0 0 0 0 0 0 0 0 0 3 49505 0 0 1 0 0 93 0 0 10765745 21747434 16841839 0 0 0 21156552 0 0 0 0 
0 0 0 0 0 0 0 0 0 0 0 0 0 0 0 0 0 0 0 0 0 0 0 3 0 49515 49508 0 0 93 0 0 0 38593396 10766202 0 0 0 0 0 21154553 0 0 0 
0 0 0 0 0 0 0 0 0 0 0 0 0 0 0 0 0 0 0 0 0 0 0 3 49505 0 0 1 0 0 93 0 0 10765745 21747434 16841839 0 0 0 21156552 0 0 0 0 
0 0 0 0 0 0 0 0 0 0 0 0 0 0 0 0 0 0 0 0 0 0 0 3 0 49515 49508 0 0 93 0 0 0 38593396 10766202 0 0 0 0 0 21154553 0 0 0 
0 0 0 0 0 0 0 0 0 0 0 0 0 0 0 0 0 0 0 0 0 0 0 3 49505 0 0 1 0 0 93 0 0 10765745 21747434 16841839 0 0 0 21156552 0 0 0 0 
0 0 0 0 0 0 0 0 0 0 0 0 0 0 0 0 0 0 0 0 0 0 0 3 0 49515 49508 0 0 93 0 0 0 38593396 10766202 0 0 0 0 0 21154553 0 0 0 
0 0 0 0 0 0 0 0 0 0 0 0 0 0 0 0 0 0 0 0 0 0 0 3 49505 0 0 1 0 0 93 0 0 10765745 21747434 16841839 0 0 0 21156552 0 0 0 0 
0 0 0 0 0 0 0 0 0 0 0 0 0 0 0 0 0 0 0 0 0 0 0 3 0 49515 49508 0 0 93 0 0 0 38593396 10766202 0 0 0 0 0 21154553 0 0 0 
0 0 0 0 0 0 0 0 0 0 0 0 0 0 0 0 0 0 0 0 0 0 0 3 49505 0 0 1 0 0 93 0 0 10765745 21747434 16841839 0 0 0 21156552 0 0 0 0 
0 0 0 0 0 0 0 0 0 0 0 0 0 0 0 0 0 0 0 0 0 0 0 3 0 49515 49508 0 0 93 0 0 0 38593396 10766202 0 0 0 0 0 21154553 0 0 0 
0 0 0 0 0 0 0 0 0 0 0 0 0 0 0 0 0 0 0 0 0 0 0 3 49505 0 0 1 0 0 93 0 0 10765745 21747434 16841839 0 0 0 21156552 0 0 0 0 
0 0 0 0 0 0 0 0 0 0 0 0 0 0 0 0 0 0 0 0 0 0 0 3 0 49515 49508 0 0 93 0 0 0 38593396 10766202 0 0 0 0 0 21154553 0 0 0 
0 0 0 0 0 0 0 0 0 0 0 0 0 0 0 0 0 0 0 0 0 0 0 3 49505 0 0 1 0 0 93 0 0 10765745 21747434 16841839 0 0 0 21156552 0 0 0 0 
0 0 0 0 0 0 0 0 0 0 0 0 0 0 0 0 0 0 0 0 0 0 0 3 0 49515 49508 0 0 93 0 0 0 38593396 10766202 0 0 0 0 0 21154553 0 0 0 
0 0 0 0 0 0 0 0 0 0 0 0 0 0 0 0 0 0 0 0 0 0 0 3 49505 0 0 1 0 0 93 0 0 10765745 21747434 16841839 0 0 0 21156552 0 0 0 0 
0 0 0 0 0 0 0 0 0 0 0 0 0 0 0 0 0 0 0 0 0 0 0 3 0 49515 49508 0 0 93 0 0 0 38593396 10766202 0 0 0 0 0 21154553 0 0 0 
0 0 0 0 0 0 0 0 0 0 0 0 0 0 0 0 0 0 0 0 0 0 0 3 49505 0 0 1 0 0 93 0 0 10765745 21747434 16841839 0 0 0 21156552 0 0 0 0 
0 0 0 0 0 0 0 0 0 0 0 0 0 0 0 0 0 0 0 0 0 0 0 3 0 49515 49508 0 0 93 0 0 0 38593396 10766202 0 0 0 0 0 21154553 0 0 0 
0 0 0 0 0 0 0 0 0 0 0 0 0 0 0 0 0 0 0 0 0 0 0 3 49505 0 0 1 0 0 93 0 0 10765745 21747434 16841839 0 0 0 21156552 0 0 0 0 
0 0 0 0 0 0 0 0 0 0 0 0 0 0 0 0 0 0 0 0 0 0 0 3 0 49515 49508 0 0 93 0 0 0 38593396 10766202 0 0 0 0 0 21154553 0 0 0 
0 0 0 0 0 0 0 0 0 0 0 0 0 0 0 0 0 0 0 0 0 0 0 3 49505 0 0 1 0 0 93 0 0 10765745 21747434 16841839 0 0 0 21156552 0 0 0 0 
0 0 0 0 0 0 0 0 0 0 0 0 0 0 0 0 0 0 0 0 0 0 0 3 0 49515 49508 0 0 93 0 0 0 38593396 10766202 0 0 0 0 0 21154553 0 0 0 
0 0 0 0 0 0 0 0 0 0 0 0 0 0 0 0 0 0 0 0 0 0 0 3 49505 0 0 1 0 0 93 0 0 10765745 21747434 16841839 0 0 0 21156552 0 0 0 0 
0 0 0 0 0 0 0 0 0 0 0 0 0 0 0 0 0 0 0 0 0 0 0 3 0 49515 49508 0 0 93 0 0 0 38593396 10766202 0 0 0 0 0 21154553 0 0 0 
0 0 0 0 0 0 0 0 0 0 0 0 0 0 0 0 0 0 0 0 0 0 0 3 49505 0 0 1 0 0 93 0 0 10765745 21747434 16841839 0 0 0 21156552 0 0 0 0 
0 0 0 0 0 0 0 0 0 0 0 0 0 0 0 0 0 0 0 0 0 0 0 3 0 49515 49508 0 0 93 0 0 0 38593396 10766202 0 0 0 0 0 21154553 0 0 0 
0 0 0 0 0 0 0 0 0 0 0 0 0 0 0 0 0 0 0 0 0 0 0 3 49505 0 0 1 0 0 93 0 0 10765745 21747434 16841839 0 0 0 21156552 0 0 0 0 
0 0 0 0 0 0 0 0 0 0 0 0 0 0 0 0 0 0 0 0 0 0 0 3 0 49515 49508 0 0 93 0 0 0 38593396 10766202 0 0 0 0 0 21154553 0 0 0 
0 0 0 0 0 0 0 0 0 0 0 0 0 0 0 0 0 0 0 0 0 0 0 3 49505 0 0 1 0 0 93 0 0 10765745 21747434 16841839 0 0 0 21156552 0 0 0 0 
0 0 0 0 0 0 0 0 0 0 0 0 0 0 0 0 0 0 0 0 0 0 0 3 0 49515 49508 0 0 93 0 0 0 38593396 10766202 0 0 0 0 0 21154553 0 0 0 
0 0 0 0 0 0 0 0 0 0 0 0 0 0 0 0 0 0 0 0 0 0 0 3 49505 0 0 1 0 0 93 0 0 10765745 21747434 16841839 0 0 0 21156552 0 0 0 0 
0 0 0 0 0 0 0 0 0 0 0 0 0 0 0 0 0 0 0 0 0 0 0 3 0 49515 49508 0 0 93 0 0 0 38593396 10766202 0 0 0 0 0 21154553 0 0 0 
0 0 0 0 0 0 0 0 0 0 0 0 0 0 0 0 0 0 0 0 0 0 0 3 49505 0 0 1 0 0 93 0 0 10765745 21747434 16841839 0 0 0 21156552 0 0 0 0 
0 0 0 0 0 0 0 0 0 0 0 0 0 0 0 0 0 0 0 0 0 0 0 3 0 49515 49508 0 0 93 0 0 0 38593396 10766202 0 0 0 0 0 21154553 0 0 0 
0 0 0 0 0 0 0 0 0 0 0 0 0 0 0 0 0 0 0 0 0 0 0 3 49505 0 0 1 0 0 93 0 0 10765745 21747434 16841839 0 0 0 21156552 0 0 0 0 
0 0 0 0 0 0 0 0 0 0 0 0 0 0 0 0 0 0 0 0 0 0 0 3 0 49515 49508 0 0 93 0 0 0 38593396 10766202 0 0 0 0 0 21154553 0 0 0 
0 0 0 0 0 0 0 0 0 0 0 0 0 0 0 0 0 0 0 0 0 0 0 3 49505 0 0 1 0 0 93 0 0 10765745 21747434 16841839 0 0 0 21156552 0 0 0 0 
0 0 0 0 0 0 0 0 0 0 0 0 0 0 0 0 0 0 0 0 0 0 0 3 0 49515 49508 0 0 93 0 0 0 38593396 10766202 0 0 0 0 0 21154553 0 0 0 
0 0 0 0 0 0 0 0 0 0 0 0 0 0 0 0 0 0 0 0 0 0 0 3 49505 0 0 1 0 0 93 0 0 10765745 21747434 16841839 0 0 0 21156552 0 0 0 0 
0 0 0 0 0 0 0 0 0 0 0 0 0 0 0 0 0 0 0 0 0 0 0 3 0 49515 49508 0 0 93 0 0 0 38593396 10766202 0 0 0 0 0 21154553 0 0 0 
0 0 0 0 0 0 0 0 0 0 0 0 0 0 0 0 0 0 0 0 0 0 0 3 49505 0 0 1 0 0 93 0 0 10765745 21747434 16841839 0 0 0 21156552 0 0 0 0 
0 0 0 0 0 0 0 0 0 0 0 0 0 0 0 0 0 0 0 0 0 0 0 3 0 49515 49508 0 0 93 0 0 0 38593396 10766202 0 0 0 0 0 21154553 0 0 0 
0 0 0 0 0 0 0 0 0 0 0 0 0 0 0 0 0 0 0 0 0 0 0 3 49505 0 0 1 0 0 93 0 0 10765745 21747434 16841839 0 0 0 21156552 0 0 0 0 
0 0 0 0 0 0 0 0 0 0 0 0 0 0 0 0 0 0 0 0 0 0 0 3 0 49515 49508 0 0 93 0 0 0 38593396 10766202 0 0 0 0 0 21154553 0 0 0 
0 0 0 0 0 0 0 0 0 0 0 0 0 0 0 0 0 0 0 0 0 0 0 3 49505 0 0 1 0 0 93 0 0 10765745 21747434 16841839 0 0 0 21156552 0 0 0 0 
0 0 0 0 0 0 0 0 0 0 0 0 0 0 0 0 0 0 0 0 0 0 0 3 0 49515 49508 0 0 93 0 0 0 38593396 10766202 0 0 0 0 0 21154553 0 0 0 
0 0 0 0 0 0 0 0 0 0 0 0 0 0 0 0 0 0 0 0 0 0 0 3 49505 0 0 1 0 0 93 0 0 10765745 21747434 16841839 0 0 0 21156552 0 0 0 0 
0 0 0 0 0 0 0 0 0 0 0 0 0 0 0 0 0 0 0 0 0 0 0 3 0 49515 49508 0 0 93 0 0 0 38593396 10766202 0 0 0 0 0 21154553 0 0 0 
0 0 0 0 0 0 0 0 0 0 0 0 0 0 0 0 0 0 0 0 0 0 0 3 49505 0 0 1 0 0 93 0 0 10765745 21747434 16841839 0 0 0 21156552 0 0 0 0 
0 0 0 0 0 0 0 0 0 0 0 0 0 0 0 0 0 0 0 0 0 0 0 3 0 49515 49508 0 0 93 0 0 0 38593396 10766202 0 0 0 0 0 21154553 0 0 0 
0 0 0 0 0 0 0 0 0 0 0 0 0 0 0 0 0 0 0 0 0 0 0 3 49505 0 0 1 0 0 93 0 0 10765745 21747434 16841839 0 0 0 21156552 0 0 0 0 
0 0 0 0 0 0 0 0 0 0 0 0 0 0 0 0 0 0 0 0 0 0 0 3 0 49515 49508 0 0 93 0 0 0 38593396 10766202 0 0 0 0 0 21154553 0 0 0 
0 0 0 0 0 0 0 0 0 0 0 0 0 0 0 0 0 0 0 0 0 0 0 3 49505 0 0 1 0 0 93 0 0 10765745 21747434 16841839 0 0 0 21156552 0 0 0 0 
0 0 0 0 0 0 0 0 0 0 0 0 0 0 0 0 0 0 0 0 0 0 0 3 0 49515 49508 0 0 93 0 0 0 38593396 10766202 0 0 0 0 0 21154553 0 0 0 
0 0 0 0 0 0 0 0 0 0 0 0 0 0 0 0 0 0 0 0 0 0 0 3 49505 0 0 1 0 0 93 0 0 10765745 21747434 16841839 0 0 0 21156552 0 0 0 0 
0 0 0 0 0 0 0 0 0 0 0 0 0 0 0 0 0 0 0 0 0 0 0 3 0 49515 49508 0 0 93 0 0 0 38593396 10766202 0 0 0 0 0 21154553 0 0 0 
0 0 0 0 0 0 0 0 0 0 0 0 0 0 0 0 0 0 0 0 0 0 0 3 49505 0 0 1 0 0 93 0 0 10765745 21747434 16841839 0 0 0 21156552 0 0 0 0 
0 0 0 0 0 0 0 0 0 0 0 0 0 0 0 0 0 0 0 0 0 0 0 3 0 49515 49508 0 0 93 0 0 0 38593396 10766202 0 0 0 0 0 21154553 0 0 0 
0 0 0 0 0 0 0 0 0 0 0 0 0 0 0 0 0 0 0 0 0 0 0 3 49505 0 0 1 0 0 93 0 0 10765745 21747434 16841839 0 0 0 21156552 0 0 0 0 
0 0 0 0 0 0 0 0 0 0 0 0 0 0 0 0 0 0 0 0 0 0 0 3 0 49515 49508 0 0 93 0 0 0 38593396 10766202 0 0 0 0 0 21154553 0 0 0 
0 0 0 0 0 0 0 0 0 0 0 0 0 0 0 0 0 0 0 0 0 0 0 3 49505 0 0 1 0 0 93 0 0 10765745 21747434 16841839 0 0 0 21156552 0 0 0 0 
0 0 0 0 0 0 0 0 0 0 0 0 0 0 0 0 0 0 0 0 0 0 0 3 0 49515 49508 0 0 93 0 0 0 38593396 10766202 0 0 0 0 0 21154553 0 0 0 
0 0 0 0 0 0 0 0 0 0 0 0 0 0 0 0 0 0 0 0 0 0 0 3 49505 0 0 1 0 0 93 0 0 10765745 21747434 16841839 0 0 0 21156552 0 0 0 0 
0 0 0 0 0 0 0 0 0 0 0 0 0 0 0 0 0 0 0 0 0 0 0 3 0 49515 49508 0 0 93 0 0 0 38593396 10766202 0 0 0 0 0 21154553 0 0 0 
0 0 0 0 0 0 0 0 0 0 0 0 0 0 0 0 0 0 0 0 0 0 0 3 49505 0 0 1 0 0 93 0 0 10765745 21747434 16841839 0 0 0 21156552 0 0 0 0 
0 0 0 0 0 0 0 0 0 0 0 0 0 0 0 0 0 0 0 0 0 0 0 3 0 49515 49508 0 0 93 0 0 0 38593396 10766202 0 0 0 0 0 21154553 0 0 0 
0 0 0 0 0 0 0 0 0 0 0 0 0 0 0 0 0 0 0 0 0 0 0 3 49505 0 0 1 0 0 93 0 0 10765745 21747434 16841839 0 0 0 21156552 0 0 0 0 
0 0 0 0 0 0 0 0 0 0 0 0 0 0 0 0 0 0 0 0 0 0 0 3 0 49515 49508 0 0 93 0 0 0 38593396 10766202 0 0 0 0 0 21154553 0 0 0 
0 0 0 0 0 0 0 0 0 0 0 0 0 0 0 0 0 0 0 0 0 0 0 3 49505 0 0 1 0 0 93 0 0 10765745 21747434 16841839 0 0 0 21156552 0 0 0 0 
0 0 0 0 0 0 0 0 0 0 0 0 0 0 0 0 0 0 0 0 0 0 0 3 0 49515 49508 0 0 93 0 0 0 38593396 10766202 0 0 0 0 0 21154553 0 0 0 
0 0 0 0 0 0 0 0 0 0 0 0 0 0 0 0 0 0 0 0 0 0 0 3 49505 0 0 1 0 0 93 0 0 10765745 21747434 16841839 0 0 0 21156552 0 0 0 0 
0 0 0 0 0 0 0 0 0 0 0 0 0 0 0 0 0 0 0 0 0 0 0 3 0 49515 49508 0 0 93 0 0 0 38593396 10766202 0 0 0 0 0 21154553 0 0 0 
0 0 0 0 0 0 0 0 0 0 0 0 0 0 0 0 0 0 0 0 0 0 0 3 49505 0 0 1 0 0 93 0 0 10765745 21747434 16841839 0 0 0 21156552 0 0 0 0 
0 0 0 0 0 0 0 0 0 0 0 0 0 0 0 0 0 0 0 0 0 0 0 3 0 49515 49508 0 0 93 0 0 0 38593396 10766202 0 0 0 0 0 21154553 0 0 0 
0 0 0 0 0 0 0 0 0 0 0 0 0 0 0 0 0 0 0 0 0 0 0 3 49505 0 0 1 0 0 93 0 0 10765745 21747434 16841839 0 0 0 21156552 0 0 0 0 
0 0 0 0 0 0 0 0 0 0 0 0 0 0 0 0 0 0 0 0 0 0 0 3 0 49515 49508 0 0 93 0 0 0 38593396 10766202 0 0 0 0 0 21154553 0 0 0 
0 0 0 0 0 0 0 0 0 0 0 0 0 0 0 0 0 0 0 0 0 0 0 3 49505 0 0 1 0 0 93 0 0 10765745 21747434 16841839 0 0 0 21156552 0 0 0 0 
0 0 0 0 0 0 0 0 0 0 0 0 0 0 0 0 0 0 0 0 0 0 0 3 0 49515 49508 0 0 93 0 0 0 38593396 10766202 0 0 0 0 0 21154553 0 0 0 
0 0 0 0 0 0 0 0 0 0 0 0 0 0 0 0 0 0 0 0 0 0 0 3 49505 0 0 1 0 0 93 0 0 10765745 21747434 16841839 0 0 0 21156552 0 0 0 0 
0 0 0 0 0 0 0 0 0 0 0 0 0 0 0 0 0 0 0 0 0 0 0 3 0 49515 49508 0 0 93 0 0 0 38593396 10766202 0 0 0 0 0 21154553 0 0 0 
0 0 0 0 0 0 0 0 0 0 0 0 0 0 0 0 0 0 0 0 0 0 0 3 49505 0 0 1 0 0 93 0 0 10765745 21747434 16841839 0 0 0 21156552 0 0 0 0 
0 0 0 0 0 0 0 0 0 0 0 0 0 0 0 0 0 0 0 0 0 0 0 3 0 49515 49508 0 0 93 0 0 0 38593396 10766202 0 0 0 0 0 21154553 0 0 0 
0 0 0 0 0 0 0 0 0 0 0 0 0 0 0 0 0 0 0 0 0 0 0 3 49505 0 0 1 0 0 93 0 0 10765745 21747434 16841839 0 0 0 21156552 0 0 0 0 
0 0 0 0 0 0 0 0 0 0 0 0 0 0 0 0 0 0 0 0 0 0 0 3 0 49515 49508 0 0 93 0 0 0 38593396 10766202 0 0 0 0 0 21154553 0 0 0 
0 0 0 0 0 0 0 0 0 0 0 0 0 0 0 0 0 0 0 0 0 0 0 3 49505 0 0 1 0 0 93 0 0 10765745 21747434 16841839 0 0 0 21156552 0 0 0 0 
0 0 0 0 0 0 0 0 0 0 0 0 0 0 0 0 0 0 0 0 0 0 0 3 0 49515 49508 0 0 93 0 0 0 38593396 10766202 0 0 0 0 0 21154553 0 0 0 
0 0 0 0 0 0 0 0 0 0 0 0 0 0 0 0 0 0 0 0 0 0 0 3 49505 0 0 1 0 0 93 0 0 10765745 21747434 16841839 0 0 0 21156552 0 0 0 0 
0 0 0 0 0 0 0 0 0 0 0 0 0 0 0 0 0 0 0 0 0 0 0 3 0 49515 49508 0 0 93 0 0 0 38593396 10766202 0 0 0 0 0 21154553 0 0 0 
0 0 0 0 0 0 0 0 0 0 0 0 0 0 0 0 0 0 0 0 0 0 0 3 49505 0 0 1 0 0 93 0 0 10765745 21747434 16841839 0 0 0 21156552 0 0 0 0 
0 0 0 0 0 0 0 0 0 0 0 0 0 0 0 0 0 0 0 0 0 0 0 3 0 49515 49508 0 0 93 0 0 0 38593396 10766202 0 0 0 0 0 21154553 0 0 0 
0 0 0 0 0 0 0 0 0 0 0 0 0 0 0 0 0 0 0 0 0 0 0 3 49505 0 0 1 0 0 93 0 0 10765745 21747434 16841839 0 0 0 21156552 0 0 0 0 
0 0 0 0 0 0 0 0 0 0 0 0 0 0 0 0 0 0 0 0 0 0 0 3 0 49515 49508 0 0 93 0 0 0 38593396 10766202 0 0 0 0 0 21154553 0 0 0 
0 0 0 0 0 0 0 0 0 0 0 0 0 0 0 0 0 0 0 0 0 0 0 3 49505 0 0 1 0 0 93 0 0 10765745 21747434 16841839 0 0 0 21156552 0 0 0 0 
0 0 0 0 0 0 0 0 0 0 0 0 0 0 0 0 0 0 0 0 0 0 0 3 0 49515 49508 0 0 93 0 0 0 38593396 10766202 0 0 0 0 0 21154553 0 0 0 
0 0 0 0 0 0 0 0 0 0 0 0 0 0 0 0 0 0 0 0 0 0 0 3 49505 0 0 1 0 0 93 0 0 10765745 21747434 16841839 0 0 0 21156552 0 0 0 0 
0 0 0 0 0 0 0 0 0 0 0 0 0 0 0 0 0 0 0 0 0 0 0 3 0 49515 49508 0 0 93 0 0 0 38593396 10766202 0 0 0 0 0 21154553 0 0 0 
0 0 0 0 0 0 0 0 0 0 0 0 0 0 0 0 0 0 0 0 0 0 0 3 49505 0 0 1 0 0 93 0 0 10765745 21747434 16841839 0 0 0 21156552 0 0 0 0 
0 0 0 0 0 0 0 0 0 0 0 0 0 0 0 0 0 0 0 0 0 0 0 3 0 49515 49508 0 0 93 0 0 0 38593396 10766202 0 0 0 0 0 21154553 0 0 0 
0 0 0 0 0 0 0 0 0 0 0 0 0 0 0 0 0 0 0 0 0 0 0 3 49505 0 0 1 0 0 93 0 0 10765745 21747434 16841839 0 0 0 21156552 0 0 0 0 
0 0 0 0 0 0 0 0 0 0 0 0 0 0 0 0 0 0 0 0 0 0 0 3 0 49515 49508 0 0 93 0 0 0 38593396 10766202 0 0 0 0 0 21154553 0 0 0 
0 0 0 0 0 0 0 0 0 0 0 0 0 0 0 0 0 0 0 0 0 0 0 3 49505 0 0 1 0 0 93 0 0 10765745 21747434 16841839 0 0 0 21156552 0 0 0 0 
0 0 0 0 0 0 0 0 0 0 0 0 0 0 0 0 0 0 0 0 0 0 0 3 0 49515 49508 0 0 93 0 0 0 38593396 10766202 0 0 0 0 0 21154553 0 0 0 
0 0 0 0 0 0 0 0 0 0 0 0 0 0 0 0 0 0 0 0 0 0 0 3 49505 0 0 1 0 0 93 0 0 10765745 21747434 16841839 0 0 0 21156552 0 0 0 0 
0 0 0 0 0 0 0 0 0 0 0 0 0 0 0 0 0 0 0 0 0 0 0 3 0 49515 49508 0 0 93 0 0 0 38593396 10766202 0 0 0 0 0 21154553 0 0 0 
0 0 0 0 0 0 0 0 0 0 0 0 0 0 0 0 0 0 0 0 0 0 0 3 49505 0 0 1 0 0 93 0 0 10765745 21747434 16841839 0 0 0 21156552 0 0 0 0 
0 0 0 0 0 0 0 0 0 0 0 0 0 0 0 0 0 0 0 0 0 0 0 3 0 49515 49508 0 0 93 0 0 0 38593396 10766202 0 0 0 0 0 21154553 0 0 0 
0 0 0 0 0 0 0 0 0 0 0 0 0 0 0 0 0 0 0 0 0 0 0 3 49505 0 0 1 0 0 93 0 0 10765745 21747434 16841839 0 0 0 21156552 0 0 0 0 
0 0 0 0 0 0 0 0 0 0 0 0 0 0 0 0 0 0 0 0 0 0 0 3 0 49515 49508 0 0 93 0 0 0 38593396 10766202 0 0 0 0 0 21154553 0 0 0 
0 0 0 0 0 0 0 0 0 0 0 0 0 0 0 0 0 0 0 0 0 0 0 3 49505 0 0 1 0 0 93 0 0 10765745 21747434 16841839 0 0 0 21156552 0 0 0 0 
0 0 0 0 0 0 0 0 0 0 0 0 0 0 0 0 0 0 0 0 0 0 0 3 0 49515 49508 0 0 93 0 0 0 38593396 10766202 0 0 0 0 0 21154553 0 0 0 
0 0 0 0 0 0 0 0 0 0 0 0 0 0 0 0 0 0 0 0 0 0 0 3 49505 0 0 1 0 0 93 0 0 10765745 21747434 16841839 0 0 0 21156552 0 0 0 0 
0 0 0 0 0 0 0 0 0 0 0 0 0 0 0 0 0 0 0 0 0 0 0 3 0 49515 49508 0 0 93 0 0 0 38593396 10766202 0 0 0 0 0 21154553 0 0 0 
0 0 0 0 0 0 0 0 0 0 0 0 0 0 0 0 0 0 0 0 0 0 0 3 49505 0 0 1 0 0 93 0 0 10765745 21747434 16841839 0 0 0 21156552 0 0 0 0 
0 0 0 0 0 0 0 0 0 0 0 0 0 0 0 0 0 0 0 0 0 0 0 3 0 49515 49508 0 0 93 0 0 0 38593396 10766202 0 0 0 0 0 21154553 0 0 0 
0 0 0 0 0 0 0 0 0 0 0 0 0 0 0 0 0 0 0 0 0 0 0 3 49505 0 0 1 0 0 93 0 0 10765745 21747434 16841839 0 0 0 21156552 0 0 0 0 
0 0 0 0 0 0 0 0 0 0 0 0 0 0 0 0 0 0 0 0 0 0 0 3 0 49515 49508 0 0 93 0 0 0 38593396 10766202 0 0 0 0 0 21154553 0 0 0 
0 0 0 0 0 0 0 0 0 0 0 0 0 0 0 0 0 0 0 0 0 0 0 3 49505 0 0 1 0 0 93 0 0 10765745 21747434 16841839 0 0 0 21156552 0 0 0 0 
0 0 0 0 0 0 0 0 0 0 0 0 0 0 0 0 0 0 0 0 0 0 0 3 0 49515 49508 0 0 93 0 0 0 38593396 10766202 0 0 0 0 0 21154553 0 0 0 
0 0 0 0 0 0 0 0 0 0 0 0 0 0 0 0 0 0 0 0 0 0 0 3 49505 0 0 1 0 0 93 0 0 10765745 21747434 16841839 0 0 0 21156552 0 0 0 0 
0 0 0 0 0 0 0 0 0 0 0 0 0 0 0 0 0 0 0 0 0 0 0 3 0 49515 49508 0 0 93 0 0 0 38593396 10766202 0 0 0 0 0 21154553 0 0 0 
0 0 0 0 0 0 0 0 0 0 0 0 0 0 0 0 0 0 0 0 0 0 0 3 49505 0 0 1 0 0 93 0 0 10765745 21747434 16841839 0 0 0 21156552 0 0 0 0 
0 0 0 0 0 0 0 0 0 0 0 0 0 0 0 0 0 0 0 0 0 0 0 3 0 49515 49508 0 0 93 0 0 0 38593396 10766202 0 0 0 0 0 21154553 0 0 0 
0 0 0 0 0 0 0 0 0 0 0 0 0 0 0 0 0 0 0 0 0 0 0 3 49505 0 0 1 0 0 93 0 0 10765745 21747434 16841839 0 0 0 21156552 0 0 0 0 
0 0 0 0 0 0 0 0 0 0 0 0 0 0 0 0 0 0 0 0 0 0 0 3 0 49515 49508 0 0 93 0 0 0 38593396 10766202 0 0 0 0 0 21154553 0 0 0 
0 0 0 0 0 0 0 0 0 0 0 0 0 0 0 0 0 0 0 0 0 0 0 3 49505 0 0 1 0 0 93 0 0 10765745 21747434 16841839 0 0 0 21156552 0 0 0 0 
0 0 0 0 0 0 0 0 0 0 0 0 0 0 0 0 0 0 0 0 0 0 0 3 0 49515 49508 0 0 93 0 0 0 38593396 10766202 0 0 0 0 0 21154553 0 0 0 
0 0 0 0 0 0 0 0 0 0 0 0 0 0 0 0 0 0 0 0 0 0 0 3 49505 0 0 1 0 0 93 0 0 10765745 21747434 16841839 0 0 0 21156552 0 0 0 0 
0 0 0 0 0 0 0 0 0 0 0 0 0 0 0 0 0 0 0 0 0 0 0 3 0 49515 49508 0 0 93 0 0 0 38593396 10766202 0 0 0 0 0 21154553 0 0 0 
0 0 0 0 0 0 0 0 0 0 0 0 0 0 0 0 0 0 0 0 0 0 0 3 49505 0 0 1 0 0 93 0 0 10765745 21747434 16841839 0 0 0 21156552 0 0 0 0 
0 0 0 0 0 0 0 0 0 0 0 0 0 0 0 0 0 0 0 0 0 0 0 3 0 49515 49508 0 0 93 0 0 0 38593396 10766202 0 0 0 0 0 21154553 0 0 0 
0 0 0 0 0 0 0 0 0 0 0 0 0 0 0 0 0 0 0 0 0 0 0 3 49505 0 0 1 0 0 93 0 0 10765745 21747434 16841839 0 0 0 21156552 0 0 0 0 
0 0 0 0 0 0 0 0 0 0 0 0 0 0 0 0 0 0 0 0 0 0 0 3 0 49515 49508 0 0 93 0 0 0 38593396 10766202 0 0 0 0 0 21154553 0 0 0 
0 0 0 0 0 0 0 0 0 0 0 0 0 0 0 0 0 0 0 0 0 0 0 3 49505 0 0 1 0 0 93 0 0 10765745 21747434 16841839 0 0 0 21156552 0 0 0 0 
0 0 0 0 0 0 0 0 0 0 0 0 0 0 0 0 0 0 0 0 0 0 0 3 0 49515 49508 0 0 93 0 0 0 38593396 10766202 0 0 0 0 0 21154553 0 0 0 
0 0 0 0 0 0 0 0 0 0 0 0 0 0 0 0 0 0 0 0 0 0 0 3 49505 0 0 1 0 0 93 0 0 10765745 21747434 16841839 0 0 0 21156552 0 0 0 0 
0 0 0 0 0 0 0 0 0 0 0 0 0 0 0 0 0 0 0 0 0 0 0 3 0 49515 49508 0 0 93 0 0 0 38593396 10766202 0 0 0 0 0 21154553 0 0 0 
0 0 0 0 0 0 0 0 0 0 0 0 0 0 0 0 0 0 0 0 0 0 0 3 49505 0 0 1 0 0 93 0 0 10765745 21747434 16841839 0 0 0 21156552 0 0 0 0 
0 0 0 0 0 0 0 0 0 0 0 0 0 0 0 0 0 0 0 0 0 0 0 3 0 49515 49508 0 0 93 0 0 0 38593396 10766202 0 0 0 0 0 21154553 0 0 0 
0 0 0 0 0 0 0 0 0 0 0 0 0 0 0 0 0 0 0 0 0 0 0 3 49505 0 0 1 0 0 93 0 0 10765745 21747434 16841839 0 0 0 21156552 0 0 0 0 
0 0 0 0 0 0 0 0 0 0 0 0 0 0 0 0 0 0 0 0 0 0 0 3 0 49515 49508 0 0 93 0 0 0 38593396 10766202 0 0 0 0 0 21154553 0 0 0 
0 0 0 0 0 0 0 0 0 0 0 0 0 0 0 0 0 0 0 0 0 0 0 3 49505 0 0 1 0 0 93 0 0 10765745 21747434 16841839 0 0 0 21156552 0 0 0 0 
0 0 0 0 0 0 0 0 0 0 0 0 0 0 0 0 0 0 0 0 0 0 0 3 0 49515 49508 0 0 93 0 0 0 38593396 10766202 0 0 0 0 0 21154553 0 0 0 
0 0 0 0 0 0 0 0 0 0 0 0 0 0 0 0 0 0 0 0 0 0 0 3 49505 0 0 1 0 0 93 0 0 10765745 21747434 16841839 0 0 0 21156552 0 0 0 0 
0 0 0 0 0 0 0 0 0 0 0 0 0 0 0 0 0 0 0 0 0 0 0 3 0 49515 49508 0 0 93 0 0 0 38593396 10766202 0 0 0 0 0 21154553 0 0 0 
0 0 0 0 0 0 0 0 0 0 0 0 0 0 0 0 0 0 0 0 0 0 0 3 49505 0 0 1 0 0 93 0 0 10765745 21747434 16841839 0 0 0 21156552 0 0 0 0 
0 0 0 0 0 0 0 0 0 0 0 0 0 0 0 0 0 0 0 0 0 0 0 3 0 49515 49508 0 0 93 0 0 0 38593396 10766202 0 0 0 0 0 21154553 0 0 0 
0 0 0 0 0 0 0 0 0 0 0 0 0 0 0 0 0 0 0 0 0 0 0 3 49505 0 0 1 0 0 93 0 0 10765745 21747434 16841839 0 0 0 21156552 0 0 0 0 
0 0 0 0 0 0 0 0 0 0 0 0 0 0 0 0 0 0 0 0 0 0 0 3 0 49515 49508 0 0 93 0 0 0 38593396 10766202 0 0 0 0 0 21154553 0 0 0 
0 0 0 0 0 0 0 0 0 0 0 0 0 0 0 0 0 0 0 0 0 0 0 3 49505 0 0 1 0 0 93 0 0 10765745 21747434 16841839 0 0 0 21156552 0 0 0 0 
0 0 0 0 0 0 0 0 0 0 0 0 0 0 0 0 0 0 0 0 0 0 0 3 0 49515 49508 0 0 93 0 0 0 38593396 10766202 0 0 0 0 0 21154553 0 0 0 
0 0 0 0 0 0 0 0 0 0 0 0 0 0 0 0 0 0 0 0 0 0 0 3 49505 0 0 1 0 0 93 0 0 10765745 21747434 16841839 0 0 0 21156552 0 0 0 0 
0 0 0 0 0 0 0 0 0 0 0 0 0 0 0 0 0 0 0 0 0 0 0 3 0 49515 49508 0 0 93 0 0 0 38593396 10766202 0 0 0 0 0 21154553 0 0 0 
0 0 0 0 0 0 0 0 0 0 0 0 0 0 0 0 0 0 0 0 0 0 0 3 49505 0 0 1 0 0 93 0 0 10765745 21747434 16841839 0 0 0 21156552 0 0 0 0 
0 0 0 0 0 0 0 0 0 0 0 0 0 0 0 0 0 0 0 0 0 0 0 3 0 49515 49508 0 0 93 0 0 0 38593396 10766202 0 0 0 0 0 21154553 0 0 0 
0 0 0 0 0 0 0 0 0 0 0 0 0 0 0 0 0 0 0 0 0 0 0 3 49505 0 0 1 0 0 93 0 0 10765745 21747434 16841839 0 0 0 21156552 0 0 0 0 
0 0 0 0 0 0 0 0 0 0 0 0 0 0 0 0 0 0 0 0 0 0 0 3 0 49515 49508 0 0 93 0 0 0 38593396 10766202 0 0 0 0 0 21154553 0 0 0 
0 0 0 0 0 0 0 0 0 0 0 0 0 0 0 0 0 0 0 0 0 0 0 3 49505 0 0 1 0 0 93 0 0 10765745 21747434 16841839 0 0 0 21156552 0 0 0 0 
0 0 0 0 0 0 0 0 0 0 0 0 0 0 0 0 0 0 0 0 0 0 0 3 0 49515 49508 0 0 93 0 0 0 38593396 10766202 0 0 0 0 0 21154553 0 0 0 
0 0 0 0 0 0 0 0 0 0 0 0 0 0 0 0 0 0 0 0 0 0 0 3 49505 0 0 1 0 0 93 0 0 10765745 21747434 16841839 0 0 0 21156552 0 0 0 0 
0 0 0 0 0 0 0 0 0 0 0 0 0 0 0 0 0 0 0 0 0 0 0 3 0 49515 49508 0 0 93 0 0 0 38593396 10766202 0 0 0 0 0 21154553 0 0 0 
0 0 0 0 0 0 0 0 0 0 0 0 0 0 0 0 0 0 0 0 0 0 0 3 49505 0 0 1 0 0 93 0 0 10765745 21747434 16841839 0 0 0 21156552 0 0 0 0 
0 0 0 0 0 0 0 0 0 0 0 0 0 0 0 0 0 0 0 0 0 0 0 3 0 49515 49508 0 0 93 0 0 0 38593396 10766202 0 0 0 0 0 21154553 0 0 0 
0 0 0 0 0 0 0 0 0 0 0 0 0 0 0 0 0 0 0 0 0 0 0 3 49505 0 0 1 0 0 93 0 0 10765745 21747434 16841839 0 0 0 21156552 0 0 0 0 
0 0 0 0 0 0 0 0 0 0 0 0 0 0 0 0 0 0 0 0 0 0 0 3 0 49515 49508 0 0 93 0 0 0 38593396 10766202 0 0 0 0 0 21154553 0 0 0 
0 0 0 0 0 0 0 0 0 0 0 0 0 0 0 0 0 0 0 0 0 0 0 3 49505 0 0 1 0 0 93 0 0 10765745 21747434 16841839 0 0 0 21156552 0 0 0 0 
0 0 0 0 0 0 0 0 0 0 0 0 0 0 0 0 0 0 0 0 0 0 0 3 0 49515 49508 0 0 93 0 0 0 38593396 10766202 0 0 0 0 0 21154553 0 0 0 
0 0 0 0 0 0 0 0 0 0 0 0 0 0 0 0 0 0 0 0 0 0 0 3 49505 0 0 1 0 0 93 0 0 10765745 21747434 16841839 0 0 0 21156552 0 0 0 0 
