0 0 0 0 0 0 0 0 0 0 0 0 0 0 0 0 0 0 0 0 0 0 0 3 74842 0 0 2 0 0 178 0 0 17717696 33838388 26993358 0 0 0 32832071 0 0 0 0 
0 0 0 0 0 0 0 0 0 0 0 0 0 0 0 0 0 0 0 0 0 0 0 3 74842 0 0 2 0 0 178 0 0 17717696 33838388 26993358 0 0 0 32832071 0 0 0 0 
0 0 0 0 0 0 0 0 0 0 0 0 0 0 0 0 0 0 0 0 0 0 0 3 74842 0 0 2 0 0 178 0 0 17717696 33838388 26993358 0 0 0 32832071 0 0 0 0 
0 0 0 0 0 0 0 0 0 0 0 0 0 0 0 0 0 0 0 0 0 0 0 3 74842 0 0 2 0 0 178 0 0 17717696 33838388 26993358 0 0 0 32832071 0 0 0 0 
====>
0 0 0 0 0 0 0 0 0 0 0 0 0 0 0 0 0 0 0 0 0 0 0 3 0 74867 74844 0 0 197 0 0 0 60878691 17712284 0 0 0 0 0 32836152 0 0 0 
0 0 0 0 0 0 0 0 0 0 0 0 0 0 0 0 0 0 0 0 0 0 0 3 0 75000 74988 0 0 200 0 0 0 60930605 17722013 0 0 0 0 0 32858539 0 0 0 
0 0 0 0 0 0 0 0 0 0 0 0 0 0 0 0 0 0 0 0 0 0 0 3 0 75168 75156 0 0 200 0 0 0 60990764 17739740 0 0 0 0 0 32887501 0 0 0 
0 0 0 0 0 0 0 0 0 0 0 0 0 0 0 0 0 0 0 0 0 0 0 3 0 75347 75324 0 0 200 0 0 0 61060608 17758590 0 0 0 0 0 32922314 0 0 0 
0 0 0 0 0 0 0 0 0 0 0 0 0 0 0 0 0 0 0 0 0 0 0 3 0 75516 75492 0 0 200 0 0 0 61130733 17781919 0 0 0 0 0 32958406 0 0 0 
0 0 0 0 0 0 0 0 0 0 0 0 0 0 0 0 0 0 0 0 0 0 0 3 0 75552 75540 0 0 200 0 0 0 61188885 17799749 0 0 0 0 0 32985062 0 0 0 
0 0 0 0 0 0 0 0 0 0 0 0 0 0 0 0 0 0 0 0 0 0 0 3 0 75720 75708 0 0 200 0 0 0 61242410 17812668 0 0 0 0 0 33015303 0 0 0 
0 0 0 0 0 0 0 0 0 0 0 0 0 0 0 0 0 0 0 0 0 0 0 3 0 75891 75876 0 0 200 0 0 0 61299861 17828656 0 0 0 0 0 33047345 0 0 0 
0 0 0 0 0 0 0 0 0 0 0 0 0 0 0 0 0 0 0 0 0 0 0 3 0 76068 76056 0 0 200 0 0 0 61369909 17851970 0 0 0 0 0 33083342 0 0 0 
0 0 0 0 0 0 0 0 0 0 0 0 0 0 0 0 0 0 0 0 0 0 0 3 0 76236 76224 0 0 200 0 0 0 61441474 17875297 0 0 0 0 0 33120042 0 0 0 
0 0 0 0 0 0 0 0 0 0 0 0 0 0 0 0 0 0 0 0 0 0 0 3 0 76272 76260 0 0 200 0 0 0 61491018 17889275 0 0 0 0 0 33142089 0 0 0 
0 0 0 0 0 0 0 0 0 0 0 0 0 0 0 0 0 0 0 0 0 0 0 3 0 76440 76428 0 0 200 0 0 0 61548317 17905698 0 0 0 0 0 33175202 0 0 0 
0 0 0 0 0 0 0 0 0 0 0 0 0 0 0 0 0 0 0 0 0 0 0 3 0 76608 76596 0 0 200 0 0 0 61611707 17921937 0 0 0 0 0 33207536 0 0 0 
0 0 0 0 0 0 0 0 0 0 0 0 0 0 0 0 0 0 0 0 0 0 0 3 0 76776 76764 0 0 200 0 0 0 61681811 17945238 0 0 0 0 0 33244127 0 0 0 
0 0 0 0 0 0 0 0 0 0 0 0 0 0 0 0 0 0 0 0 0 0 0 3 0 76918 76896 0 0 200 0 0 0 61749092 17966675 0 0 0 0 0 33278938 0 0 0 
0 0 0 0 0 0 0 0 0 0 0 0 0 0 0 0 0 0 0 0 0 0 0 3 0 76991 76968 0 0 200 0 0 0 61800946 17981543 0 0 0 0 0 33301430 0 0 0 
0 0 0 0 0 0 0 0 0 0 0 0 0 0 0 0 0 0 0 0 0 0 0 3 0 77160 77148 0 0 200 0 0 0 61856555 17998386 0 0 0 0 0 33333883 0 0 0 
0 0 0 0 0 0 0 0 0 0 0 0 0 0 0 0 0 0 0 0 0 0 0 3 0 77328 77316 0 0 200 0 0 0 61922259 18015444 0 0 0 0 0 33368193 0 0 0 
0 0 0 0 0 0 0 0 0 0 0 0 0 0 0 0 0 0 0 0 0 0 0 3 0 77496 77484 0 0 200 0 0 0 61992469 18038783 0 0 0 0 0 33404583 0 0 0 
0 0 0 0 0 0 0 0 0 0 0 0 0 0 0 0 0 0 0 0 0 0 0 3 0 77556 77544 0 0 200 0 0 0 62056768 18058045 0 0 0 0 0 33437487 0 0 0 
0 0 0 0 0 0 0 0 0 0 0 0 0 0 0 0 0 0 0 0 0 0 0 3 0 77700 77688 0 0 200 0 0 0 62105498 18069736 0 0 0 0 0 33464476 0 0 0 
0 0 0 0 0 0 0 0 0 0 0 0 0 0 0 0 0 0 0 0 0 0 0 3 0 77880 77868 0 0 200 0 0 0 62164584 18087420 0 0 0 0 0 33494353 0 0 0 
0 0 0 0 0 0 0 0 0 0 0 0 0 0 0 0 0 0 0 0 0 0 0 3 0 78043 78024 0 0 200 0 0 0 62233446 18108929 0 0 0 0 0 33531205 0 0 0 
0 0 0 0 0 0 0 0 0 0 0 0 0 0 0 0 0 0 0 0 0 0 0 3 0 78178 78156 0 0 200 0 0 0 62299849 18130470 0 0 0 0 0 33565523 0 0 0 
0 0 0 0 0 0 0 0 0 0 0 0 0 0 0 0 0 0 0 0 0 0 0 3 0 78243 78228 0 0 200 0 0 0 62352594 18144108 0 0 0 0 0 33589640 0 0 0 
0 0 0 0 0 0 0 0 0 0 0 0 0 0 0 0 0 0 0 0 0 0 0 3 0 78420 78408 0 0 200 0 0 0 62405597 18159196 0 0 0 0 0 33619181 0 0 0 
0 0 0 0 0 0 0 0 0 0 0 0 0 0 0 0 0 0 0 0 0 0 0 3 0 78588 78576 0 0 200 0 0 0 62472937 18178975 0 0 0 0 0 33655017 0 0 0 
0 0 0 0 0 0 0 0 0 0 0 0 0 0 0 0 0 0 0 0 0 0 0 3 0 78756 78744 0 0 200 0 0 0 62544239 18202430 0 0 0 0 0 33692346 0 0 0 
0 0 0 0 0 0 0 0 0 0 0 0 0 0 0 0 0 0 0 0 0 0 0 3 0 78803 78780 0 0 200 0 0 0 62605718 18221163 0 0 0 0 0 33720924 0 0 0 
0 0 0 0 0 0 0 0 0 0 0 0 0 0 0 0 0 0 0 0 0 0 0 3 0 78960 78948 0 0 200 0 0 0 62657374 18233644 0 0 0 0 0 33749618 0 0 0 
0 0 0 0 0 0 0 0 0 0 0 0 0 0 0 0 0 0 0 0 0 0 0 3 0 79138 79116 0 0 200 0 0 0 62712384 18249126 0 0 0 0 0 33778502 0 0 0 
0 0 0 0 0 0 0 0 0 0 0 0 0 0 0 0 0 0 0 0 0 0 0 3 0 79307 79284 0 0 200 0 0 0 62783795 18272443 0 0 0 0 0 33816411 0 0 0 
0 0 0 0 0 0 0 0 0 0 0 0 0 0 0 0 0 0 0 0 0 0 0 3 0 79472 79452 0 0 200 0 0 0 62854438 18295342 0 0 0 0 0 33853672 0 0 0 
0 0 0 0 0 0 0 0 0 0 0 0 0 0 0 0 0 0 0 0 0 0 0 3 0 79511 79488 0 0 200 0 0 0 62906718 18308736 0 0 0 0 0 33877318 0 0 0 
0 0 0 0 0 0 0 0 0 0 0 0 0 0 0 0 0 0 0 0 0 0 0 3 0 79680 79668 0 0 200 0 0 0 62962976 18325914 0 0 0 0 0 33909972 0 0 0 
0 0 0 0 0 0 0 0 0 0 0 0 0 0 0 0 0 0 0 0 0 0 0 3 0 79848 79836 0 0 200 0 0 0 63026748 18342635 0 0 0 0 0 33943662 0 0 0 
0 0 0 0 0 0 0 0 0 0 0 0 0 0 0 0 0 0 0 0 0 0 0 3 0 80016 80004 0 0 200 0 0 0 63097958 18365981 0 0 0 0 0 33980965 0 0 0 
0 0 0 0 0 0 0 0 0 0 0 0 0 0 0 0 0 0 0 0 0 0 0 3 0 80107 80088 0 0 200 0 0 0 63163910 18385859 0 0 0 0 0 34016066 0 0 0 
0 0 0 0 0 0 0 0 0 0 0 0 0 0 0 0 0 0 0 0 0 0 0 3 0 80220 80208 0 0 200 0 0 0 63214535 18400503 0 0 0 0 0 34038373 0 0 0 
0 0 0 0 0 0 0 0 0 0 0 0 0 0 0 0 0 0 0 0 0 0 0 3 0 80400 80388 0 0 200 0 0 0 63271563 18418557 0 0 0 0 0 34069612 0 0 0 
0 0 0 0 0 0 0 0 0 0 0 0 0 0 0 0 0 0 0 0 0 0 0 3 0 80568 80556 0 0 200 0 0 0 63335450 18435980 0 0 0 0 0 34102559 0 0 0 
0 0 0 0 0 0 0 0 0 0 0 0 0 0 0 0 0 0 0 0 0 0 0 3 0 80736 80724 0 0 200 0 0 0 63404916 18459248 0 0 0 0 0 34137923 0 0 0 
0 0 0 0 0 0 0 0 0 0 0 0 0 0 0 0 0 0 0 0 0 0 0 3 0 80912 80892 0 0 200 0 0 0 63472730 18482206 0 0 0 0 0 34172054 0 0 0 
0 0 0 0 0 0 0 0 0 0 0 0 0 0 0 0 0 0 0 0 0 0 0 3 0 80951 80928 0 0 200 0 0 0 63524674 18495528 0 0 0 0 0 34195547 0 0 0 
0 0 0 0 0 0 0 0 0 0 0 0 0 0 0 0 0 0 0 0 0 0 0 3 0 81120 81108 0 0 200 0 0 0 63581581 18512576 0 0 0 0 0 34229173 0 0 0 
0 0 0 0 0 0 0 0 0 0 0 0 0 0 0 0 0 0 0 0 0 0 0 3 0 81288 81276 0 0 200 0 0 0 63644227 18529236 0 0 0 0 0 34261645 0 0 0 
0 0 0 0 0 0 0 0 0 0 0 0 0 0 0 0 0 0 0 0 0 0 0 3 0 81456 81444 0 0 200 0 0 0 63713458 18552644 0 0 0 0 0 34297507 0 0 0 
0 0 0 0 0 0 0 0 0 0 0 0 0 0 0 0 0 0 0 0 0 0 0 3 0 81588 81576 0 0 200 0 0 0 63779970 18573291 0 0 0 0 0 34331660 0 0 0 
0 0 0 0 0 0 0 0 0 0 0 0 0 0 0 0 0 0 0 0 0 0 0 3 0 81663 81648 0 0 200 0 0 0 63834285 18588411 0 0 0 0 0 34355080 0 0 0 
0 0 0 0 0 0 0 0 0 0 0 0 0 0 0 0 0 0 0 0 0 0 0 3 0 81840 81828 0 0 200 0 0 0 63886633 18603613 0 0 0 0 0 34385927 0 0 0 
0 0 0 0 0 0 0 0 0 0 0 0 0 0 0 0 0 0 0 0 0 0 0 3 0 82008 81996 0 0 200 0 0 0 63953662 18622694 0 0 0 0 0 34421011 0 0 0 
0 0 0 0 0 0 0 0 0 0 0 0 0 0 0 0 0 0 0 0 0 0 0 3 0 82176 82164 0 0 200 0 0 0 64024758 18646051 0 0 0 0 0 34457534 0 0 0 
0 0 0 0 0 0 0 0 0 0 0 0 0 0 0 0 0 0 0 0 0 0 0 3 0 82232 82212 0 0 200 0 0 0 64088367 18665191 0 0 0 0 0 34488891 0 0 0 
0 0 0 0 0 0 0 0 0 0 0 0 0 0 0 0 0 0 0 0 0 0 0 3 0 82380 82368 0 0 200 0 0 0 64140023 18677318 0 0 0 0 0 34516911 0 0 0 
0 0 0 0 0 0 0 0 0 0 0 0 0 0 0 0 0 0 0 0 0 0 0 3 0 82560 82548 0 0 200 0 0 0 64197102 18693789 0 0 0 0 0 34546378 0 0 0 
0 0 0 0 0 0 0 0 0 0 0 0 0 0 0 0 0 0 0 0 0 0 0 3 0 82728 82716 0 0 200 0 0 0 64266581 18716304 0 0 0 0 0 34582606 0 0 0 
0 0 0 0 0 0 0 0 0 0 0 0 0 0 0 0 0 0 0 0 0 0 0 3 0 82896 82884 0 0 200 0 0 0 64338136 18739605 0 0 0 0 0 34619474 0 0 0 
0 0 0 0 0 0 0 0 0 0 0 0 0 0 0 0 0 0 0 0 0 0 0 3 0 82941 82920 0 0 200 0 0 0 64397756 18758359 0 0 0 0 0 34647213 0 0 0 
0 0 0 0 0 0 0 0 0 0 0 0 0 0 0 0 0 0 0 0 0 0 0 3 0 83100 83088 0 0 200 0 0 0 64448909 18770445 0 0 0 0 0 34676765 0 0 0 
0 0 0 0 0 0 0 0 0 0 0 0 0 0 0 0 0 0 0 0 0 0 0 3 0 83280 83268 0 0 200 0 0 0 64510573 18788976 0 0 0 0 0 34707988 0 0 0 
0 0 0 0 0 0 0 0 0 0 0 0 0 0 0 0 0 0 0 0 0 0 0 3 0 83448 83436 0 0 200 0 0 0 64577715 18809771 0 0 0 0 0 34743058 0 0 0 
0 0 0 0 0 0 0 0 0 0 0 0 0 0 0 0 0 0 0 0 0 0 0 3 0 83616 83604 0 0 200 0 0 0 64650587 18833107 0 0 0 0 0 34781129 0 0 0 
0 0 0 0 0 0 0 0 0 0 0 0 0 0 0 0 0 0 0 0 0 0 0 3 0 83651 83628 0 0 200 0 0 0 64701083 18846065 0 0 0 0 0 34802970 0 0 0 
0 0 0 0 0 0 0 0 0 0 0 0 0 0 0 0 0 0 0 0 0 0 0 3 0 83820 83808 0 0 200 0 0 0 64758238 18863238 0 0 0 0 0 34836167 0 0 0 
0 0 0 0 0 0 0 0 0 0 0 0 0 0 0 0 0 0 0 0 0 0 0 3 0 83988 83976 0 0 200 0 0 0 64820431 18879770 0 0 0 0 0 34868076 0 0 0 
0 0 0 0 0 0 0 0 0 0 0 0 0 0 0 0 0 0 0 0 0 0 0 3 0 84167 84144 0 0 200 0 0 0 64890680 18903171 0 0 0 0 0 34903337 0 0 0 
0 0 0 0 0 0 0 0 0 0 0 0 0 0 0 0 0 0 0 0 0 0 0 3 0 84336 84324 0 0 200 0 0 0 64962638 18926536 0 0 0 0 0 34940261 0 0 0 
0 0 0 0 0 0 0 0 0 0 0 0 0 0 0 0 0 0 0 0 0 0 0 3 0 84375 84360 0 0 200 0 0 0 65023966 18944845 0 0 0 0 0 34968324 0 0 0 
0 0 0 0 0 0 0 0 0 0 0 0 0 0 0 0 0 0 0 0 0 0 0 3 0 84540 84528 0 0 200 0 0 0 65068757 18956235 0 0 0 0 0 34995451 0 0 0 
0 0 0 0 0 0 0 0 0 0 0 0 0 0 0 0 0 0 0 0 0 0 0 3 0 84708 84696 0 0 200 0 0 0 65134447 18973341 0 0 0 0 0 35030122 0 0 0 
0 0 0 0 0 0 0 0 0 0 0 0 0 0 0 0 0 0 0 0 0 0 0 3 0 84876 84864 0 0 200 0 0 0 65206101 18996727 0 0 0 0 0 35066686 0 0 0 
0 0 0 0 0 0 0 0 0 0 0 0 0 0 0 0 0 0 0 0 0 0 0 3 0 84936 84924 0 0 200 0 0 0 65269288 19015969 0 0 0 0 0 35098177 0 0 0 
0 0 0 0 0 0 0 0 0 0 0 0 0 0 0 0 0 0 0 0 0 0 0 3 0 85080 85068 0 0 200 0 0 0 65317206 19027598 0 0 0 0 0 35124118 0 0 0 
0 0 0 0 0 0 0 0 0 0 0 0 0 0 0 0 0 0 0 0 0 0 0 3 0 85260 85248 0 0 200 0 0 0 65376145 19046567 0 0 0 0 0 35153207 0 0 0 
0 0 0 0 0 0 0 0 0 0 0 0 0 0 0 0 0 0 0 0 0 0 0 3 0 85428 85416 0 0 200 0 0 0 65441839 19066923 0 0 0 0 0 35187751 0 0 0 
0 0 0 0 0 0 0 0 0 0 0 0 0 0 0 0 0 0 0 0 0 0 0 3 0 85596 85584 0 0 200 0 0 0 65513772 19090326 0 0 0 0 0 35224531 0 0 0 
0 0 0 0 0 0 0 0 0 0 0 0 0 0 0 0 0 0 0 0 0 0 0 3 0 85631 85608 0 0 200 0 0 0 65565253 19103349 0 0 0 0 0 35247449 0 0 0 
0 0 0 0 0 0 0 0 0 0 0 0 0 0 0 0 0 0 0 0 0 0 0 3 0 85800 85788 0 0 200 0 0 0 65624288 19120649 0 0 0 0 0 35281753 0 0 0 
0 0 0 0 0 0 0 0 0 0 0 0 0 0 0 0 0 0 0 0 0 0 0 3 0 85968 85956 0 0 200 0 0 0 65684733 19137043 0 0 0 0 0 35313409 0 0 0 
0 0 0 0 0 0 0 0 0 0 0 0 0 0 0 0 0 0 0 0 0 0 0 3 0 86136 86124 0 0 200 0 0 0 65755111 19160366 0 0 0 0 0 35349825 0 0 0 
0 0 0 0 0 0 0 0 0 0 0 0 0 0 0 0 0 0 0 0 0 0 0 3 0 86243 86219 0 0 200 0 0 0 65820889 19181044 0 0 0 0 0 35383166 0 0 0 
0 0 0 0 0 0 0 0 0 0 0 0 0 0 0 0 0 0 0 0 0 0 0 3 0 86340 86327 0 0 200 0 0 0 65872040 19194237 0 0 0 0 0 35407708 0 0 0 
0 0 0 0 0 0 0 0 0 0 0 0 0 0 0 0 0 0 0 0 0 0 0 3 0 86520 86506 0 0 200 0 0 0 65929190 19213248 0 0 0 0 0 35439023 0 0 0 
0 0 0 0 0 0 0 0 0 0 0 0 0 0 0 0 0 0 0 0 0 0 0 3 0 86688 86674 0 0 200 0 0 0 65995011 19230489 0 0 0 0 0 35473085 0 0 0 
0 0 0 0 0 0 0 0 0 0 0 0 0 0 0 0 0 0 0 0 0 0 0 3 0 86856 86842 0 0 200 0 0 0 66064993 19253845 0 0 0 0 0 35509285 0 0 0 
0 0 0 0 0 0 0 0 0 0 0 0 0 0 0 0 0 0 0 0 0 0 0 3 0 86925 86902 0 0 200 0 0 0 66130724 19273068 0 0 0 0 0 35543906 0 0 0 
0 0 0 0 0 0 0 0 0 0 0 0 0 0 0 0 0 0 0 0 0 0 0 3 0 87060 87046 0 0 200 0 0 0 66172073 19283974 0 0 0 0 0 35564740 0 0 0 
0 0 0 0 0 0 0 0 0 0 0 0 0 0 0 0 0 0 0 0 0 0 0 3 0 87228 87214 0 0 200 0 0 0 66236596 19300603 0 0 0 0 0 35598116 0 0 0 
0 0 0 0 0 0 0 0 0 0 0 0 0 0 0 0 0 0 0 0 0 0 0 3 0 87396 87382 0 0 200 0 0 0 66306253 19323952 0 0 0 0 0 35634433 0 0 0 
0 0 0 0 0 0 0 0 0 0 0 0 0 0 0 0 0 0 0 0 0 0 0 3 0 87492 87466 0 0 200 0 0 0 66371313 19343870 0 0 0 0 0 35669134 0 0 0 
0 0 0 0 0 0 0 0 0 0 0 0 0 0 0 0 0 0 0 0 0 0 0 3 0 87601 87586 0 0 200 0 0 0 66426422 19359635 0 0 0 0 0 35692792 0 0 0 
0 0 0 0 0 0 0 0 0 0 0 0 0 0 0 0 0 0 0 0 0 0 0 3 0 87780 87766 0 0 200 0 0 0 66482404 19377043 0 0 0 0 0 35725282 0 0 0 
0 0 0 0 0 0 0 0 0 0 0 0 0 0 0 0 0 0 0 0 0 0 0 3 0 87948 87934 0 0 200 0 0 0 66547122 19394011 0 0 0 0 0 35759118 0 0 0 
0 0 0 0 0 0 0 0 0 0 0 0 0 0 0 0 0 0 0 0 0 0 0 3 0 88116 88102 0 0 200 0 0 0 66618273 19417385 0 0 0 0 0 35796149 0 0 0 
0 0 0 0 0 0 0 0 0 0 0 0 0 0 0 0 0 0 0 0 0 0 0 3 0 88248 88234 0 0 200 0 0 0 66682756 19438095 0 0 0 0 0 35828811 0 0 0 
0 0 0 0 0 0 0 0 0 0 0 0 0 0 0 0 0 0 0 0 0 0 0 3 0 88331 88306 0 0 200 0 0 0 66736938 19453593 0 0 0 0 0 35851817 0 0 0 
0 0 0 0 0 0 0 0 0 0 0 0 0 0 0 0 0 0 0 0 0 0 0 3 0 88500 88486 0 0 200 0 0 0 66793384 19470639 0 0 0 0 0 35885499 0 0 0 
0 0 0 0 0 0 0 0 0 0 0 0 0 0 0 0 0 0 0 0 0 0 0 3 0 88668 88654 0 0 200 0 0 0 66857289 19487510 0 0 0 0 0 35918616 0 0 0 
0 0 0 0 0 0 0 0 0 0 0 0 0 0 0 0 0 0 0 0 0 0 0 3 0 88836 88822 0 0 200 0 0 0 66928668 19510814 0 0 0 0 0 35954946 0 0 0 
0 0 0 0 0 0 0 0 0 0 0 0 0 0 0 0 0 0 0 0 0 0 0 3 0 88918 88894 0 0 200 0 0 0 66997279 19530611 0 0 0 0 0 35991239 0 0 0 
0 0 0 0 0 0 0 0 0 0 0 0 0 0 0 0 0 0 0 0 0 0 0 3 0 89040 89026 0 0 200 0 0 0 67044627 19542243 0 0 0 0 0 36013850 0 0 0 
0 0 0 0 0 0 0 0 0 0 0 0 0 0 0 0 0 0 0 0 0 0 0 3 0 89220 89206 0 0 200 0 0 0 67104102 19561123 0 0 0 0 0 36044187 0 0 0 
0 0 0 0 0 0 0 0 0 0 0 0 0 0 0 0 0 0 0 0 0 0 0 3 0 89388 89374 0 0 200 0 0 0 67171927 19580868 0 0 0 0 0 36080433 0 0 0 
0 0 0 0 0 0 0 0 0 0 0 0 0 0 0 0 0 0 0 0 0 0 0 3 0 89556 89542 0 0 200 0 0 0 67243496 19604211 0 0 0 0 0 36116666 0 0 0 
0 0 0 0 0 0 0 0 0 0 0 0 0 0 0 0 0 0 0 0 0 0 0 3 0 89592 89578 0 0 200 0 0 0 67296853 19618664 0 0 0 0 0 36140454 0 0 0 
0 0 0 0 0 0 0 0 0 0 0 0 0 0 0 0 0 0 0 0 0 0 0 3 0 89760 89746 0 0 200 0 0 0 67356474 19634784 0 0 0 0 0 36175233 0 0 0 
0 0 0 0 0 0 0 0 0 0 0 0 0 0 0 0 0 0 0 0 0 0 0 3 0 89940 89914 0 0 200 0 0 0 67414462 19650927 0 0 0 0 0 36204917 0 0 0 
0 0 0 0 0 0 0 0 0 0 0 0 0 0 0 0 0 0 0 0 0 0 0 3 0 90108 90094 0 0 200 0 0 0 67485334 19674246 0 0 0 0 0 36240850 0 0 0 
0 0 0 0 0 0 0 0 0 0 0 0 0 0 0 0 0 0 0 0 0 0 0 3 0 90276 90262 0 0 200 0 0 0 67556778 19697564 0 0 0 0 0 36277920 0 0 0 
0 0 0 0 0 0 0 0 0 0 0 0 0 0 0 0 0 0 0 0 0 0 0 3 0 90312 90298 0 0 200 0 0 0 67613472 19715056 0 0 0 0 0 36303397 0 0 0 
0 0 0 0 0 0 0 0 0 0 0 0 0 0 0 0 0 0 0 0 0 0 0 3 0 90480 90466 0 0 200 0 0 0 67668075 19728299 0 0 0 0 0 36334589 0 0 0 
0 0 0 0 0 0 0 0 0 0 0 0 0 0 0 0 0 0 0 0 0 0 0 3 0 90648 90634 0 0 200 0 0 0 67727436 19744434 0 0 0 0 0 36366208 0 0 0 
0 0 0 0 0 0 0 0 0 0 0 0 0 0 0 0 0 0 0 0 0 0 0 3 0 90828 90814 0 0 200 0 0 0 67796996 19767759 0 0 0 0 0 36401825 0 0 0 
0 0 0 0 0 0 0 0 0 0 0 0 0 0 0 0 0 0 0 0 0 0 0 3 0 90996 90981 0 0 200 0 0 0 67869124 19791178 0 0 0 0 0 36438867 0 0 0 
0 0 0 0 0 0 0 0 0 0 0 0 0 0 0 0 0 0 0 0 0 0 0 3 0 91032 91017 0 0 200 0 0 0 67922210 19805296 0 0 0 0 0 36462927 0 0 0 
0 0 0 0 0 0 0 0 0 0 0 0 0 0 0 0 0 0 0 0 0 0 0 3 0 91200 91184 0 0 200 0 0 0 67981624 19821478 0 0 0 0 0 36496407 0 0 0 
0 0 0 0 0 0 0 0 0 0 0 0 0 0 0 0 0 0 0 0 0 0 0 3 0 91368 91352 0 0 200 0 0 0 68044668 19837990 0 0 0 0 0 36529839 0 0 0 
0 0 0 0 0 0 0 0 0 0 0 0 0 0 0 0 0 0 0 0 0 0 0 3 0 91541 91520 0 0 200 0 0 0 68113463 19861300 0 0 0 0 0 36565481 0 0 0 
0 0 0 0 0 0 0 0 0 0 0 0 0 0 0 0 0 0 0 0 0 0 0 3 0 91642 91616 0 0 200 0 0 0 68180496 19881510 0 0 0 0 0 36601726 0 0 0 
0 0 0 0 0 0 0 0 0 0 0 0 0 0 0 0 0 0 0 0 0 0 0 3 0 91747 91724 0 0 200 0 0 0 68234249 19897173 0 0 0 0 0 36625769 0 0 0 
0 0 0 0 0 0 0 0 0 0 0 0 0 0 0 0 0 0 0 0 0 0 0 3 0 91920 91904 0 0 200 0 0 0 68289794 19914056 0 0 0 0 0 36658831 0 0 0 
0 0 0 0 0 0 0 0 0 0 0 0 0 0 0 0 0 0 0 0 0 0 0 3 0 92088 92072 0 0 200 0 0 0 68354733 19931371 0 0 0 0 0 36692775 0 0 0 
0 0 0 0 0 0 0 0 0 0 0 0 0 0 0 0 0 0 0 0 0 0 0 3 0 92256 92240 0 0 200 0 0 0 68424208 19954727 0 0 0 0 0 36729154 0 0 0 
0 0 0 0 0 0 0 0 0 0 0 0 0 0 0 0 0 0 0 0 0 0 0 3 0 92302 92276 0 0 200 0 0 0 68482095 19973380 0 0 0 0 0 36755825 0 0 0 
0 0 0 0 0 0 0 0 0 0 0 0 0 0 0 0 0 0 0 0 0 0 0 3 0 92460 92444 0 0 200 0 0 0 68533610 19985371 0 0 0 0 0 36784912 0 0 0 
0 0 0 0 0 0 0 0 0 0 0 0 0 0 0 0 0 0 0 0 0 0 0 3 0 92639 92611 0 0 200 0 0 0 68593338 20001462 0 0 0 0 0 36815189 0 0 0 
0 0 0 0 0 0 0 0 0 0 0 0 0 0 0 0 0 0 0 0 0 0 0 3 0 92807 92779 0 0 200 0 0 0 68664711 20024755 0 0 0 0 0 36852192 0 0 0 
0 0 0 0 0 0 0 0 0 0 0 0 0 0 0 0 0 0 0 0 0 0 0 3 0 92976 92958 0 0 200 0 0 0 68737028 20048074 0 0 0 0 0 36889192 0 0 0 
0 0 0 0 0 0 0 0 0 0 0 0 0 0 0 0 0 0 0 0 0 0 0 3 0 93011 92982 0 0 200 0 0 0 68787631 20060877 0 0 0 0 0 36911383 0 0 0 
0 0 0 0 0 0 0 0 0 0 0 0 0 0 0 0 0 0 0 0 0 0 0 3 0 93180 93162 0 0 200 0 0 0 68844394 20077567 0 0 0 0 0 36945267 0 0 0 
0 0 0 0 0 0 0 0 0 0 0 0 0 0 0 0 0 0 0 0 0 0 0 3 0 93348 93330 0 0 200 0 0 0 68906383 20094722 0 0 0 0 0 36977201 0 0 0 
0 0 0 0 0 0 0 0 0 0 0 0 0 0 0 0 0 0 0 0 0 0 0 3 0 93525 93498 0 0 200 0 0 0 68976052 20118079 0 0 0 0 0 37013061 0 0 0 
0 0 0 0 0 0 0 0 0 0 0 0 0 0 0 0 0 0 0 0 0 0 0 3 0 93696 93678 0 0 200 0 0 0 69046134 20141427 0 0 0 0 0 37048933 0 0 0 
0 0 0 0 0 0 0 0 0 0 0 0 0 0 0 0 0 0 0 0 0 0 0 3 0 93732 93714 0 0 200 0 0 0 69099620 20155438 0 0 0 0 0 37073323 0 0 0 
0 0 0 0 0 0 0 0 0 0 0 0 0 0 0 0 0 0 0 0 0 0 0 3 0 93900 93882 0 0 200 0 0 0 69158431 20171902 0 0 0 0 0 37107185 0 0 0 
0 0 0 0 0 0 0 0 0 0 0 0 0 0 0 0 0 0 0 0 0 0 0 3 0 94068 94049 0 0 200 0 0 0 69218826 20188153 0 0 0 0 0 37138925 0 0 0 
0 0 0 0 0 0 0 0 0 0 0 0 0 0 0 0 0 0 0 0 0 0 0 3 0 94243 94217 0 0 200 0 0 0 69289119 20211521 0 0 0 0 0 37174959 0 0 0 
0 0 0 0 0 0 0 0 0 0 0 0 0 0 0 0 0 0 0 0 0 0 0 3 0 94410 94384 0 0 200 0 0 0 69358327 20234367 0 0 0 0 0 37210637 0 0 0 
0 0 0 0 0 0 0 0 0 0 0 0 0 0 0 0 0 0 0 0 0 0 0 3 0 94449 94421 0 0 200 0 0 0 69409977 20247822 0 0 0 0 0 37234158 0 0 0 
0 0 0 0 0 0 0 0 0 0 0 0 0 0 0 0 0 0 0 0 0 0 0 3 0 94620 94601 0 0 200 0 0 0 69469167 20265531 0 0 0 0 0 37267623 0 0 0 
0 0 0 0 0 0 0 0 0 0 0 0 0 0 0 0 0 0 0 0 0 0 0 3 0 94788 94769 0 0 200 0 0 0 69529968 20281625 0 0 0 0 0 37300473 0 0 0 
0 0 0 0 0 0 0 0 0 0 0 0 0 0 0 0 0 0 0 0 0 0 0 3 0 94963 94937 0 0 200 0 0 0 69601338 20304959 0 0 0 0 0 37338255 0 0 0 
0 0 0 0 0 0 0 0 0 0 0 0 0 0 0 0 0 0 0 0 0 0 0 3 0 95076 95045 0 0 200 0 0 0 69669321 20325535 0 0 0 0 0 37374221 0 0 0 
0 0 0 0 0 0 0 0 0 0 0 0 0 0 0 0 0 0 0 0 0 0 0 3 0 95160 95141 0 0 200 0 0 0 69716736 20337788 0 0 0 0 0 37398313 0 0 0 
0 0 0 0 0 0 0 0 0 0 0 0 0 0 0 0 0 0 0 0 0 0 0 3 0 95340 95321 0 0 200 0 0 0 69776102 20357638 0 0 0 0 0 37430568 0 0 0 
0 0 0 0 0 0 0 0 0 0 0 0 0 0 0 0 0 0 0 0 0 0 0 3 0 95508 95489 0 0 200 0 0 0 69841723 20374959 0 0 0 0 0 37465282 0 0 0 
0 0 0 0 0 0 0 0 0 0 0 0 0 0 0 0 0 0 0 0 0 0 0 3 0 95676 95657 0 0 200 0 0 0 69914472 20398350 0 0 0 0 0 37503171 0 0 0 
0 0 0 0 0 0 0 0 0 0 0 0 0 0 0 0 0 0 0 0 0 0 0 3 0 95736 95717 0 0 200 0 0 0 69978820 20417569 0 0 0 0 0 37535675 0 0 0 
0 0 0 0 0 0 0 0 0 0 0 0 0 0 0 0 0 0 0 0 0 0 0 3 0 95880 95861 0 0 200 0 0 0 70025484 20428627 0 0 0 0 0 37559880 0 0 0 
0 0 0 0 0 0 0 0 0 0 0 0 0 0 0 0 0 0 0 0 0 0 0 3 0 96048 96028 0 0 200 0 0 0 70088812 20445149 0 0 0 0 0 37593370 0 0 0 
0 0 0 0 0 0 0 0 0 0 0 0 0 0 0 0 0 0 0 0 0 0 0 3 0 96216 96196 0 0 200 0 0 0 70157925 20468489 0 0 0 0 0 37628565 0 0 0 
0 0 0 0 0 0 0 0 0 0 0 0 0 0 0 0 0 0 0 0 0 0 0 3 0 96358 96328 0 0 200 0 0 0 70224675 20489986 0 0 0 0 0 37662945 0 0 0 
0 0 0 0 0 0 0 0 0 0 0 0 0 0 0 0 0 0 0 0 0 0 0 3 0 96429 96400 0 0 200 0 0 0 70277975 20504447 0 0 0 0 0 37686566 0 0 0 
0 0 0 0 0 0 0 0 0 0 0 0 0 0 0 0 0 0 0 0 0 0 0 3 0 96600 96580 0 0 200 0 0 0 70333460 20521554 0 0 0 0 0 37719114 0 0 0 
0 0 0 0 0 0 0 0 0 0 0 0 0 0 0 0 0 0 0 0 0 0 0 3 0 96768 96747 0 0 200 0 0 0 70397214 20538557 0 0 0 0 0 37753142 0 0 0 
0 0 0 0 0 0 0 0 0 0 0 0 0 0 0 0 0 0 0 0 0 0 0 3 0 96936 96915 0 0 200 0 0 0 70467040 20561905 0 0 0 0 0 37789376 0 0 0 
0 0 0 0 0 0 0 0 0 0 0 0 0 0 0 0 0 0 0 0 0 0 0 3 0 96983 96951 0 0 200 0 0 0 70524837 20580691 0 0 0 0 0 37815091 0 0 0 
0 0 0 0 0 0 0 0 0 0 0 0 0 0 0 0 0 0 0 0 0 0 0 3 0 97140 97119 0 0 200 0 0 0 70573289 20592250 0 0 0 0 0 37844432 0 0 0 
0 0 0 0 0 0 0 0 0 0 0 0 0 0 0 0 0 0 0 0 0 0 0 3 0 97308 97287 0 0 200 0 0 0 70637218 20608693 0 0 0 0 0 37878898 0 0 0 
0 0 0 0 0 0 0 0 0 0 0 0 0 0 0 0 0 0 0 0 0 0 0 3 0 97487 97455 0 0 200 0 0 0 70706123 20632027 0 0 0 0 0 37913936 0 0 0 
0 0 0 0 0 0 0 0 0 0 0 0 0 0 0 0 0 0 0 0 0 0 0 3 0 97656 97635 0 0 200 0 0 0 70776509 20655353 0 0 0 0 0 37949895 0 0 0 
0 0 0 0 0 0 0 0 0 0 0 0 0 0 0 0 0 0 0 0 0 0 0 3 0 97689 97659 0 0 200 0 0 0 70826178 20668323 0 0 0 0 0 37972859 0 0 0 
0 0 0 0 0 0 0 0 0 0 0 0 0 0 0 0 0 0 0 0 0 0 0 3 0 97860 97839 0 0 200 0 0 0 70885450 20685805 0 0 0 0 0 38006596 0 0 0 
0 0 0 0 0 0 0 0 0 0 0 0 0 0 0 0 0 0 0 0 0 0 0 3 0 98039 98007 0 0 200 0 0 0 70945144 20702143 0 0 0 0 0 38037466 0 0 0 
0 0 0 0 0 0 0 0 0 0 0 0 0 0 0 0 0 0 0 0 0 0 0 3 0 98208 98187 0 0 200 0 0 0 71015836 20725530 0 0 0 0 0 38074098 0 0 0 
0 0 0 0 0 0 0 0 0 0 0 0 0 0 0 0 0 0 0 0 0 0 0 3 0 98376 98355 0 0 200 0 0 0 71086461 20748820 0 0 0 0 0 38111673 0 0 0 
0 0 0 0 0 0 0 0 0 0 0 0 0 0 0 0 0 0 0 0 0 0 0 3 0 98412 98391 0 0 200 0 0 0 71138517 20762363 0 0 0 0 0 38135575 0 0 0 
0 0 0 0 0 0 0 0 0 0 0 0 0 0 0 0 0 0 0 0 0 0 0 3 0 98580 98559 0 0 200 0 0 0 71198198 20779343 0 0 0 0 0 38170230 0 0 0 
0 0 0 0 0 0 0 0 0 0 0 0 0 0 0 0 0 0 0 0 0 0 0 3 0 98748 98727 0 0 200 0 0 0 71257497 20795600 0 0 0 0 0 38200674 0 0 0 
0 0 0 0 0 0 0 0 0 0 0 0 0 0 0 0 0 0 0 0 0 0 0 3 0 98916 98895 0 0 200 0 0 0 71327755 20818886 0 0 0 0 0 38236537 0 0 0 
0 0 0 0 0 0 0 0 0 0 0 0 0 0 0 0 0 0 0 0 0 0 0 3 0 99012 98991 0 0 200 0 0 0 71394104 20838807 0 0 0 0 0 38271521 0 0 0 
0 0 0 0 0 0 0 0 0 0 0 0 0 0 0 0 0 0 0 0 0 0 0 3 0 99122 99099 0 0 200 0 0 0 71448700 20854622 0 0 0 0 0 38295327 0 0 0 
0 0 0 0 0 0 0 0 0 0 0 0 0 0 0 0 0 0 0 0 0 0 0 3 0 99300 99279 0 0 200 0 0 0 71502563 20870068 0 0 0 0 0 38325774 0 0 0 
0 0 0 0 0 0 0 0 0 0 0 0 0 0 0 0 0 0 0 0 0 0 0 3 0 99468 99447 0 0 200 0 0 0 71569762 20888968 0 0 0 0 0 38361463 0 0 0 
0 0 0 0 0 0 0 0 0 0 0 0 0 0 0 0 0 0 0 0 0 0 0 3 0 99636 99615 0 0 200 0 0 0 71641167 20912385 0 0 0 0 0 38397950 0 0 0 
0 0 0 0 0 0 0 0 0 0 0 0 0 0 0 0 0 0 0 0 0 0 0 3 0 99714 99687 0 0 200 0 0 0 71708295 20932101 0 0 0 0 0 38433446 0 0 0 
0 0 0 0 0 0 0 0 0 0 0 0 0 0 0 0 0 0 0 0 0 0 0 3 0 99844 99819 0 0 200 0 0 0 71761558 20948285 0 0 0 0 0 38455842 0 0 0 
0 0 0 0 0 0 0 0 0 0 0 0 0 0 0 0 0 0 0 0 0 0 0 3 0 100020 99999 0 0 200 0 0 0 71812710 20960667 0 0 0 0 0 38485690 0 0 0 
0 0 0 0 0 0 0 0 0 0 0 0 0 0 0 0 0 0 0 0 0 0 0 3 0 100188 100167 0 0 200 0 0 0 71881478 20982486 0 0 0 0 0 38521254 0 0 0 
0 0 0 0 0 0 0 0 0 0 0 0 0 0 0 0 0 0 0 0 0 0 0 3 0 100356 100335 0 0 200 0 0 0 71953552 21005775 0 0 0 0 0 38558934 0 0 0 
0 0 0 0 0 0 0 0 0 0 0 0 0 0 0 0 0 0 0 0 0 0 0 3 0 100399 100371 0 0 200 0 0 0 72015065 21024275 0 0 0 0 0 38586896 0 0 0 
0 0 0 0 0 0 0 0 0 0 0 0 0 0 0 0 0 0 0 0 0 0 0 3 0 100560 100539 0 0 200 0 0 0 72064668 21036268 0 0 0 0 0 38615836 0 0 0 
0 0 0 0 0 0 0 0 0 0 0 0 0 0 0 0 0 0 0 0 0 0 0 3 0 100730 100707 0 0 200 0 0 0 72125577 21052545 0 0 0 0 0 38648409 0 0 0 
0 0 0 0 0 0 0 0 0 0 0 0 0 0 0 0 0 0 0 0 0 0 0 3 0 100906 100875 0 0 200 0 0 0 72195633 21075921 0 0 0 0 0 38684090 0 0 0 
0 0 0 0 0 0 0 0 0 0 0 0 0 0 0 0 0 0 0 0 0 0 0 3 0 100991 100959 0 0 200 0 0 0 72261811 21095820 0 0 0 0 0 38718853 0 0 0 
0 0 0 0 0 0 0 0 0 0 0 0 0 0 0 0 0 0 0 0 0 0 0 3 0 101100 101079 0 0 200 0 0 0 72312883 21109595 0 0 0 0 0 38743400 0 0 0 
0 0 0 0 0 0 0 0 0 0 0 0 0 0 0 0 0 0 0 0 0 0 0 3 0 101280 101259 0 0 200 0 0 0 72370216 21127372 0 0 0 0 0 38774515 0 0 0 
0 0 0 0 0 0 0 0 0 0 0 0 0 0 0 0 0 0 0 0 0 0 0 3 0 101448 101426 0 0 200 0 0 0 72437190 21145922 0 0 0 0 0 38809356 0 0 0 
0 0 0 0 0 0 0 0 0 0 0 0 0 0 0 0 0 0 0 0 0 0 0 3 0 101616 101594 0 0 200 0 0 0 72509679 21169165 0 0 0 0 0 38846992 0 0 0 
0 0 0 0 0 0 0 0 0 0 0 0 0 0 0 0 0 0 0 0 0 0 0 3 0 101652 101630 0 0 200 0 0 0 72566668 21187021 0 0 0 0 0 38872789 0 0 0 
0 0 0 0 0 0 0 0 0 0 0 0 0 0 0 0 0 0 0 0 0 0 0 3 0 101820 101798 0 0 200 0 0 0 72618640 21199860 0 0 0 0 0 38902547 0 0 0 
0 0 0 0 0 0 0 0 0 0 0 0 0 0 0 0 0 0 0 0 0 0 0 3 0 101999 101966 0 0 200 0 0 0 72674702 21215879 0 0 0 0 0 38931799 0 0 0 
0 0 0 0 0 0 0 0 0 0 0 0 0 0 0 0 0 0 0 0 0 0 0 3 0 102168 102146 0 0 200 0 0 0 72746019 21239249 0 0 0 0 0 38967721 0 0 0 
0 0 0 0 0 0 0 0 0 0 0 0 0 0 0 0 0 0 0 0 0 0 0 3 0 102336 102314 0 0 200 0 0 0 72818047 21262526 0 0 0 0 0 39004675 0 0 0 
0 0 0 0 0 0 0 0 0 0 0 0 0 0 0 0 0 0 0 0 0 0 0 3 0 102371 102338 0 0 200 0 0 0 72868522 21275579 0 0 0 0 0 39026279 0 0 0 
0 0 0 0 0 0 0 0 0 0 0 0 0 0 0 0 0 0 0 0 0 0 0 3 0 102540 102518 0 0 200 0 0 0 72926916 21292602 0 0 0 0 0 39059385 0 0 0 
0 0 0 0 0 0 0 0 0 0 0 0 0 0 0 0 0 0 0 0 0 0 0 3 0 102708 102686 0 0 200 0 0 0 72990738 21309180 0 0 0 0 0 39093378 0 0 0 
0 0 0 0 0 0 0 0 0 0 0 0 0 0 0 0 0 0 0 0 0 0 0 3 0 102876 102854 0 0 200 0 0 0 73061578 21332508 0 0 0 0 0 39129887 0 0 0 
0 0 0 0 0 0 0 0 0 0 0 0 0 0 0 0 0 0 0 0 0 0 0 3 0 102960 102938 0 0 200 0 0 0 73128187 21352395 0 0 0 0 0 39164617 0 0 0 
0 0 0 0 0 0 0 0 0 0 0 0 0 0 0 0 0 0 0 0 0 0 0 3 0 103086 103058 0 0 200 0 0 0 73181343 21368124 0 0 0 0 0 39187402 0 0 0 
0 0 0 0 0 0 0 0 0 0 0 0 0 0 0 0 0 0 0 0 0 0 0 3 0 103260 103238 0 0 200 0 0 0 73233911 21384846 0 0 0 0 0 39217356 0 0 0 
0 0 0 0 0 0 0 0 0 0 0 0 0 0 0 0 0 0 0 0 0 0 0 3 0 103428 103406 0 0 200 0 0 0 73300238 21402457 0 0 0 0 0 39252695 0 0 0 
0 0 0 0 0 0 0 0 0 0 0 0 0 0 0 0 0 0 0 0 0 0 0 3 0 103596 103574 0 0 200 0 0 0 73371040 21425759 0 0 0 0 0 39290100 0 0 0 
0 0 0 0 0 0 0 0 0 0 0 0 0 0 0 0 0 0 0 0 0 0 0 3 0 103667 103634 0 0 200 0 0 0 73439570 21444943 0 0 0 0 0 39327129 0 0 0 
0 0 0 0 0 0 0 0 0 0 0 0 0 0 0 0 0 0 0 0 0 0 0 3 0 103800 103778 0 0 200 0 0 0 73484927 21456506 0 0 0 0 0 39349386 0 0 0 
0 0 0 0 0 0 0 0 0 0 0 0 0 0 0 0 0 0 0 0 0 0 0 3 0 103968 103946 0 0 200 0 0 0 73545679 21472457 0 0 0 0 0 39380613 0 0 0 
0 0 0 0 0 0 0 0 0 0 0 0 0 0 0 0 0 0 0 0 0 0 0 3 0 104144 104114 0 0 200 0 0 0 73615183 21495756 0 0 0 0 0 39416639 0 0 0 
0 0 0 0 0 0 0 0 0 0 0 0 0 0 0 0 0 0 0 0 0 0 0 3 0 104256 104222 0 0 200 0 0 0 73681123 21516356 0 0 0 0 0 39451214 0 0 0 
0 0 0 0 0 0 0 0 0 0 0 0 0 0 0 0 0 0 0 0 0 0 0 3 0 104340 104318 0 0 200 0 0 0 73730864 21529076 0 0 0 0 0 39474566 0 0 0 
0 0 0 0 0 0 0 0 0 0 0 0 0 0 0 0 0 0 0 0 0 0 0 3 0 104520 104498 0 0 200 0 0 0 73787653 21547118 0 0 0 0 0 39505345 0 0 0 
0 0 0 0 0 0 0 0 0 0 0 0 0 0 0 0 0 0 0 0 0 0 0 3 0 104688 104666 0 0 200 0 0 0 73853391 21565716 0 0 0 0 0 39540202 0 0 0 
0 0 0 0 0 0 0 0 0 0 0 0 0 0 0 0 0 0 0 0 0 0 0 3 0 104856 104834 0 0 200 0 0 0 73925872 21589120 0 0 0 0 0 39578145 0 0 0 
0 0 0 0 0 0 0 0 0 0 0 0 0 0 0 0 0 0 0 0 0 0 0 3 0 104928 104894 0 0 200 0 0 0 73993567 21608363 0 0 0 0 0 39614119 0 0 0 
0 0 0 0 0 0 0 0 0 0 0 0 0 0 0 0 0 0 0 0 0 0 0 3 0 105060 105038 0 0 200 0 0 0 74038057 21620158 0 0 0 0 0 39635677 0 0 0 
0 0 0 0 0 0 0 0 0 0 0 0 0 0 0 0 0 0 0 0 0 0 0 3 0 105240 105218 0 0 200 0 0 0 74098216 21638988 0 0 0 0 0 39666087 0 0 0 
0 0 0 0 0 0 0 0 0 0 0 0 0 0 0 0 0 0 0 0 0 0 0 3 0 105408 105386 0 0 200 0 0 0 74166291 21659158 0 0 0 0 0 39702239 0 0 0 
0 0 0 0 0 0 0 0 0 0 0 0 0 0 0 0 0 0 0 0 0 0 0 3 0 105576 105554 0 0 200 0 0 0 74237293 21682553 0 0 0 0 0 39739466 0 0 0 
0 0 0 0 0 0 0 0 0 0 0 0 0 0 0 0 0 0 0 0 0 0 0 3 0 105611 105578 0 0 200 0 0 0 74288376 21695554 0 0 0 0 0 39762326 0 0 0 
0 0 0 0 0 0 0 0 0 0 0 0 0 0 0 0 0 0 0 0 0 0 0 3 0 105780 105758 0 0 200 0 0 0 74343820 21710944 0 0 0 0 0 39794856 0 0 0 
0 0 0 0 0 0 0 0 0 0 0 0 0 0 0 0 0 0 0 0 0 0 0 3 0 105948 105926 0 0 200 0 0 0 74409970 21729339 0 0 0 0 0 39829753 0 0 0 
0 0 0 0 0 0 0 0 0 0 0 0 0 0 0 0 0 0 0 0 0 0 0 3 0 106116 106094 0 0 200 0 0 0 74480466 21752624 0 0 0 0 0 39867283 0 0 0 
0 0 0 0 0 0 0 0 0 0 0 0 0 0 0 0 0 0 0 0 0 0 0 3 0 106176 106154 0 0 200 0 0 0 74543931 21771834 0 0 0 0 0 39899305 0 0 0 
0 0 0 0 0 0 0 0 0 0 0 0 0 0 0 0 0 0 0 0 0 0 0 3 0 106320 106298 0 0 200 0 0 0 74591655 21783295 0 0 0 0 0 39926022 0 0 0 
0 0 0 0 0 0 0 0 0 0 0 0 0 0 0 0 0 0 0 0 0 0 0 3 0 106488 106466 0 0 200 0 0 0 74649704 21799300 0 0 0 0 0 39956888 0 0 0 
0 0 0 0 0 0 0 0 0 0 0 0 0 0 0 0 0 0 0 0 0 0 0 3 0 106664 106634 0 0 200 0 0 0 74718395 21822640 0 0 0 0 0 39991973 0 0 0 
0 0 0 0 0 0 0 0 0 0 0 0 0 0 0 0 0 0 0 0 0 0 0 3 0 106836 106814 0 0 200 0 0 0 74788096 21846078 0 0 0 0 0 40027508 0 0 0 
0 0 0 0 0 0 0 0 0 0 0 0 0 0 0 0 0 0 0 0 0 0 0 3 0 106871 106838 0 0 200 0 0 0 74840077 21859176 0 0 0 0 0 40051046 0 0 0 
0 0 0 0 0 0 0 0 0 0 0 0 0 0 0 0 0 0 0 0 0 0 0 3 0 107040 107018 0 0 200 0 0 0 74897003 21876293 0 0 0 0 0 40083978 0 0 0 
0 0 0 0 0 0 0 0 0 0 0 0 0 0 0 0 0 0 0 0 0 0 0 3 0 107208 107185 0 0 200 0 0 0 74961737 21892860 0 0 0 0 0 40117667 0 0 0 
0 0 0 0 0 0 0 0 0 0 0 0 0 0 0 0 0 0 0 0 0 0 0 3 0 107376 107353 0 0 200 0 0 0 75034292 21916183 0 0 0 0 0 40155394 0 0 0 
0 0 0 0 0 0 0 0 0 0 0 0 0 0 0 0 0 0 0 0 0 0 0 3 0 107438 107413 0 0 200 0 0 0 75101132 21935327 0 0 0 0 0 40190680 0 0 0 
0 0 0 0 0 0 0 0 0 0 0 0 0 0 0 0 0 0 0 0 0 0 0 3 0 107580 107557 0 0 200 0 0 0 75154385 21951230 0 0 0 0 0 40214125 0 0 0 
0 0 0 0 0 0 0 0 0 0 0 0 0 0 0 0 0 0 0 0 0 0 0 3 0 107760 107737 0 0 200 0 0 0 75210796 21969390 0 0 0 0 0 40246282 0 0 0 
0 0 0 0 0 0 0 0 0 0 0 0 0 0 0 0 0 0 0 0 0 0 0 3 0 107928 107904 0 0 200 0 0 0 75277101 21986245 0 0 0 0 0 40280829 0 0 0 
0 0 0 0 0 0 0 0 0 0 0 0 0 0 0 0 0 0 0 0 0 0 0 3 0 108096 108072 0 0 200 0 0 0 75346423 22009494 0 0 0 0 0 40317258 0 0 0 
0 0 0 0 0 0 0 0 0 0 0 0 0 0 0 0 0 0 0 0 0 0 0 3 0 108177 108144 0 0 200 0 0 0 75413397 22029392 0 0 0 0 0 40353540 0 0 0 
0 0 0 0 0 0 0 0 0 0 0 0 0 0 0 0 0 0 0 0 0 0 0 3 0 108300 108276 0 0 200 0 0 0 75459102 22041844 0 0 0 0 0 40375478 0 0 0 
0 0 0 0 0 0 0 0 0 0 0 0 0 0 0 0 0 0 0 0 0 0 0 3 0 108480 108456 0 0 200 0 0 0 75518361 22060532 0 0 0 0 0 40406516 0 0 0 
0 0 0 0 0 0 0 0 0 0 0 0 0 0 0 0 0 0 0 0 0 0 0 3 0 108648 108624 0 0 200 0 0 0 75584871 22079717 0 0 0 0 0 40442504 0 0 0 
0 0 0 0 0 0 0 0 0 0 0 0 0 0 0 0 0 0 0 0 0 0 0 3 0 108816 108792 0 0 200 0 0 0 75655608 22103075 0 0 0 0 0 40479541 0 0 0 
0 0 0 0 0 0 0 0 0 0 0 0 0 0 0 0 0 0 0 0 0 0 0 3 0 108855 108828 0 0 200 0 0 0 75715475 22121470 0 0 0 0 0 40507030 0 0 0 
0 0 0 0 0 0 0 0 0 0 0 0 0 0 0 0 0 0 0 0 0 0 0 3 0 109020 108996 0 0 200 0 0 0 75766221 22133730 0 0 0 0 0 40535938 0 0 0 
0 0 0 0 0 0 0 0 0 0 0 0 0 0 0 0 0 0 0 0 0 0 0 3 0 109188 109164 0 0 200 0 0 0 75826519 22149835 0 0 0 0 0 40567217 0 0 0 
0 0 0 0 0 0 0 0 0 0 0 0 0 0 0 0 0 0 0 0 0 0 0 3 0 109356 109332 0 0 200 0 0 0 75896934 22173080 0 0 0 0 0 40603728 0 0 0 
0 0 0 0 0 0 0 0 0 0 0 0 0 0 0 0 0 0 0 0 0 0 0 3 0 109440 109404 0 0 200 0 0 0 75964307 22192942 0 0 0 0 0 40640324 0 0 0 
0 0 0 0 0 0 0 0 0 0 0 0 0 0 0 0 0 0 0 0 0 0 0 3 0 109560 109536 0 0 200 0 0 0 76013926 22207007 0 0 0 0 0 40661939 0 0 0 
0 0 0 0 0 0 0 0 0 0 0 0 0 0 0 0 0 0 0 0 0 0 0 3 0 109739 109716 0 0 200 0 0 0 76070640 22224661 0 0 0 0 0 40692981 0 0 0 
0 0 0 0 0 0 0 0 0 0 0 0 0 0 0 0 0 0 0 0 0 0 0 3 0 109907 109884 0 0 200 0 0 0 76133709 22243071 0 0 0 0 0 40726313 0 0 0 
0 0 0 0 0 0 0 0 0 0 0 0 0 0 0 0 0 0 0 0 0 0 0 3 0 110075 110052 0 0 200 0 0 0 76205518 22266341 0 0 0 0 0 40763904 0 0 0 
0 0 0 0 0 0 0 0 0 0 0 0 0 0 0 0 0 0 0 0 0 0 0 3 0 110146 110112 0 0 200 0 0 0 76273817 22285599 0 0 0 0 0 40799278 0 0 0 
0 0 0 0 0 0 0 0 0 0 0 0 0 0 0 0 0 0 0 0 0 0 0 3 0 110279 110256 0 0 200 0 0 0 76321852 22300112 0 0 0 0 0 40820832 0 0 0 
0 0 0 0 0 0 0 0 0 0 0 0 0 0 0 0 0 0 0 0 0 0 0 3 0 110457 110424 0 0 200 0 0 0 76371311 22313095 0 0 0 0 0 40849007 0 0 0 
0 0 0 0 0 0 0 0 0 0 0 0 0 0 0 0 0 0 0 0 0 0 0 3 0 110627 110604 0 0 200 0 0 0 76441143 22336367 0 0 0 0 0 40885103 0 0 0 
0 0 0 0 0 0 0 0 0 0 0 0 0 0 0 0 0 0 0 0 0 0 0 3 0 110757 110724 0 0 200 0 0 0 76511303 22358436 0 0 0 0 0 40921532 0 0 0 
0 0 0 0 0 0 0 0 0 0 0 0 0 0 0 0 0 0 0 0 0 0 0 3 0 110830 110796 0 0 200 0 0 0 76564384 22372565 0 0 0 0 0 40945357 0 0 0 
0 0 0 0 0 0 0 0 0 0 0 0 0 0 0 0 0 0 0 0 0 0 0 3 0 110999 110976 0 0 200 0 0 0 76621546 22388886 0 0 0 0 0 40978261 0 0 0 
0 0 0 0 0 0 0 0 0 0 0 0 0 0 0 0 0 0 0 0 0 0 0 3 111151 0 0 2 0 0 199 0 0 22428068 42088460 34561378 0 0 0 40999806 0 0 0 0 
0 0 0 0 0 0 0 0 0 0 0 0 0 0 0 0 0 0 0 0 0 0 0 3 111151 0 0 2 0 0 199 0 0 22428068 42088460 34561378 0 0 0 40999806 0 0 0 0 
0 0 0 0 0 0 0 0 0 0 0 0 0 0 0 0 0 0 0 0 0 0 0 3 111151 0 0 2 0 0 199 0 0 22428068 42088460 34561378 0 0 0 40999806 0 0 0 0 
0 0 0 0 0 0 0 0 0 0 0 0 0 0 0 0 0 0 0 0 0 0 0 3 111151 0 0 2 0 0 199 0 0 22428068 42088460 34561378 0 0 0 40999806 0 0 0 0 
0 0 0 0 0 0 0 0 0 0 0 0 0 0 0 0 0 0 0 0 0 0 0 3 111151 0 0 2 0 0 199 0 0 22428068 42088460 34561378 0 0 0 40999806 0 0 0 0 
0 0 0 0 0 0 0 0 0 0 0 0 0 0 0 0 0 0 0 0 0 0 0 3 111151 0 0 2 0 0 199 0 0 22428068 42088460 34561378 0 0 0 40999806 0 0 0 0 
0 0 0 0 0 0 0 0 0 0 0 0 0 0 0 0 0 0 0 0 0 0 0 3 111151 0 0 2 0 0 199 0 0 22428068 42088460 34561378 0 0 0 40999806 0 0 0 0 
0 0 0 0 0 0 0 0 0 0 0 0 0 0 0 0 0 0 0 0 0 0 0 3 111151 0 0 2 0 0 199 0 0 22428068 42088460 34561378 0 0 0 40999806 0 0 0 0 
0 0 0 0 0 0 0 0 0 0 0 0 0 0 0 0 0 0 0 0 0 0 0 3 111151 0 0 2 0 0 199 0 0 22428068 42088460 34561378 0 0 0 40999806 0 0 0 0 
0 0 0 0 0 0 0 0 0 0 0 0 0 0 0 0 0 0 0 0 0 0 0 3 111151 0 0 2 0 0 199 0 0 22428068 42088460 34561378 0 0 0 40999806 0 0 0 0 
0 0 0 0 0 0 0 0 0 0 0 0 0 0 0 0 0 0 0 0 0 0 0 3 111151 0 0 2 0 0 199 0 0 22428068 42088460 34561378 0 0 0 40999806 0 0 0 0 
0 0 0 0 0 0 0 0 0 0 0 0 0 0 0 0 0 0 0 0 0 0 0 3 111151 0 0 2 0 0 199 0 0 22428068 42088460 34561378 0 0 0 40999806 0 0 0 0 
0 0 0 0 0 0 0 0 0 0 0 0 0 0 0 0 0 0 0 0 0 0 0 3 111151 0 0 2 0 0 199 0 0 22428068 42088460 34561378 0 0 0 40999806 0 0 0 0 
0 0 0 0 0 0 0 0 0 0 0 0 0 0 0 0 0 0 0 0 0 0 0 3 111151 0 0 2 0 0 199 0 0 22428068 42088460 34561378 0 0 0 40999806 0 0 0 0 
0 0 0 0 0 0 0 0 0 0 0 0 0 0 0 0 0 0 0 0 0 0 0 3 111151 0 0 2 0 0 199 0 0 22428068 42088460 34561378 0 0 0 40999806 0 0 0 0 
0 0 0 0 0 0 0 0 0 0 0 0 0 0 0 0 0 0 0 0 0 0 0 3 111151 0 0 2 0 0 199 0 0 22428068 42088460 34561378 0 0 0 40999806 0 0 0 0 
0 0 0 0 0 0 0 0 0 0 0 0 0 0 0 0 0 0 0 0 0 0 0 3 111151 0 0 2 0 0 199 0 0 22428068 42088460 34561378 0 0 0 40999806 0 0 0 0 
0 0 0 0 0 0 0 0 0 0 0 0 0 0 0 0 0 0 0 0 0 0 0 3 111151 0 0 2 0 0 199 0 0 22428068 42088460 34561378 0 0 0 40999806 0 0 0 0 
0 0 0 0 0 0 0 0 0 0 0 0 0 0 0 0 0 0 0 0 0 0 0 3 111151 0 0 2 0 0 199 0 0 22428068 42088460 34561378 0 0 0 40999806 0 0 0 0 
0 0 0 0 0 0 0 0 0 0 0 0 0 0 0 0 0 0 0 0 0 0 0 3 111151 0 0 2 0 0 199 0 0 22428068 42088460 34561378 0 0 0 40999806 0 0 0 0 
0 0 0 0 0 0 0 0 0 0 0 0 0 0 0 0 0 0 0 0 0 0 0 3 111151 0 0 2 0 0 199 0 0 22428068 42088460 34561378 0 0 0 40999806 0 0 0 0 
0 0 0 0 0 0 0 0 0 0 0 0 0 0 0 0 0 0 0 0 0 0 0 3 111151 0 0 2 0 0 199 0 0 22428068 42088460 34561378 0 0 0 40999806 0 0 0 0 
0 0 0 0 0 0 0 0 0 0 0 0 0 0 0 0 0 0 0 0 0 0 0 3 111151 0 0 2 0 0 199 0 0 22428068 42088460 34561378 0 0 0 40999806 0 0 0 0 
0 0 0 0 0 0 0 0 0 0 0 0 0 0 0 0 0 0 0 0 0 0 0 3 111151 0 0 2 0 0 199 0 0 22428068 42088460 34561378 0 0 0 40999806 0 0 0 0 
0 0 0 0 0 0 0 0 0 0 0 0 0 0 0 0 0 0 0 0 0 0 0 3 111151 0 0 2 0 0 199 0 0 22428068 42088460 34561378 0 0 0 40999806 0 0 0 0 
0 0 0 0 0 0 0 0 0 0 0 0 0 0 0 0 0 0 0 0 0 0 0 3 111151 0 0 2 0 0 199 0 0 22428068 42088460 34561378 0 0 0 40999806 0 0 0 0 
0 0 0 0 0 0 0 0 0 0 0 0 0 0 0 0 0 0 0 0 0 0 0 3 111151 0 0 2 0 0 199 0 0 22428068 42088460 34561378 0 0 0 40999806 0 0 0 0 
0 0 0 0 0 0 0 0 0 0 0 0 0 0 0 0 0 0 0 0 0 0 0 3 111151 0 0 2 0 0 199 0 0 22428068 42088460 34561378 0 0 0 40999806 0 0 0 0 
0 0 0 0 0 0 0 0 0 0 0 0 0 0 0 0 0 0 0 0 0 0 0 3 111151 0 0 2 0 0 199 0 0 22428068 42088460 34561378 0 0 0 40999806 0 0 0 0 
0 0 0 0 0 0 0 0 0 0 0 0 0 0 0 0 0 0 0 0 0 0 0 3 111151 0 0 2 0 0 199 0 0 22428068 42088460 34561378 0 0 0 40999806 0 0 0 0 
0 0 0 0 0 0 0 0 0 0 0 0 0 0 0 0 0 0 0 0 0 0 0 3 111151 0 0 2 0 0 199 0 0 22428068 42088460 34561378 0 0 0 40999806 0 0 0 0 
0 0 0 0 0 0 0 0 0 0 0 0 0 0 0 0 0 0 0 0 0 0 0 3 111151 0 0 2 0 0 199 0 0 22428068 42088460 34561378 0 0 0 40999806 0 0 0 0 
0 0 0 0 0 0 0 0 0 0 0 0 0 0 0 0 0 0 0 0 0 0 0 3 111151 0 0 2 0 0 199 0 0 22428068 42088460 34561378 0 0 0 40999806 0 0 0 0 
0 0 0 0 0 0 0 0 0 0 0 0 0 0 0 0 0 0 0 0 0 0 0 3 111151 0 0 2 0 0 199 0 0 22428068 42088460 34561378 0 0 0 40999806 0 0 0 0 
0 0 0 0 0 0 0 0 0 0 0 0 0 0 0 0 0 0 0 0 0 0 0 3 111151 0 0 2 0 0 199 0 0 22428068 42088460 34561378 0 0 0 40999806 0 0 0 0 
0 0 0 0 0 0 0 0 0 0 0 0 0 0 0 0 0 0 0 0 0 0 0 3 111151 0 0 2 0 0 199 0 0 22428068 42088460 34561378 0 0 0 40999806 0 0 0 0 
0 0 0 0 0 0 0 0 0 0 0 0 0 0 0 0 0 0 0 0 0 0 0 3 111151 0 0 2 0 0 199 0 0 22428068 42088460 34561378 0 0 0 40999806 0 0 0 0 
0 0 0 0 0 0 0 0 0 0 0 0 0 0 0 0 0 0 0 0 0 0 0 3 111151 0 0 2 0 0 199 0 0 22428068 42088460 34561378 0 0 0 40999806 0 0 0 0 
0 0 0 0 0 0 0 0 0 0 0 0 0 0 0 0 0 0 0 0 0 0 0 3 111151 0 0 2 0 0 199 0 0 22428068 42088460 34561378 0 0 0 40999806 0 0 0 0 
0 0 0 0 0 0 0 0 0 0 0 0 0 0 0 0 0 0 0 0 0 0 0 3 111151 0 0 2 0 0 199 0 0 22428068 42088460 34561378 0 0 0 40999806 0 0 0 0 
0 0 0 0 0 0 0 0 0 0 0 0 0 0 0 0 0 0 0 0 0 0 0 3 111151 0 0 2 0 0 199 0 0 22428068 42088460 34561378 0 0 0 40999806 0 0 0 0 
0 0 0 0 0 0 0 0 0 0 0 0 0 0 0 0 0 0 0 0 0 0 0 3 111151 0 0 2 0 0 199 0 0 22428068 42088460 34561378 0 0 0 40999806 0 0 0 0 
0 0 0 0 0 0 0 0 0 0 0 0 0 0 0 0 0 0 0 0 0 0 0 3 111151 0 0 2 0 0 199 0 0 22428068 42088460 34561378 0 0 0 40999806 0 0 0 0 
0 0 0 0 0 0 0 0 0 0 0 0 0 0 0 0 0 0 0 0 0 0 0 3 111151 0 0 2 0 0 199 0 0 22428068 42088460 34561378 0 0 0 40999806 0 0 0 0 
0 0 0 0 0 0 0 0 0 0 0 0 0 0 0 0 0 0 0 0 0 0 0 3 111151 0 0 2 0 0 199 0 0 22428068 42088460 34561378 0 0 0 40999806 0 0 0 0 
0 0 0 0 0 0 0 0 0 0 0 0 0 0 0 0 0 0 0 0 0 0 0 3 111151 0 0 2 0 0 199 0 0 22428068 42088460 34561378 0 0 0 40999806 0 0 0 0 
0 0 0 0 0 0 0 0 0 0 0 0 0 0 0 0 0 0 0 0 0 0 0 3 111151 0 0 2 0 0 199 0 0 22428068 42088460 34561378 0 0 0 40999806 0 0 0 0 
0 0 0 0 0 0 0 0 0 0 0 0 0 0 0 0 0 0 0 0 0 0 0 3 111151 0 0 2 0 0 199 0 0 22428068 42088460 34561378 0 0 0 40999806 0 0 0 0 
0 0 0 0 0 0 0 0 0 0 0 0 0 0 0 0 0 0 0 0 0 0 0 3 111151 0 0 2 0 0 199 0 0 22428068 42088460 34561378 0 0 0 40999806 0 0 0 0 
0 0 0 0 0 0 0 0 0 0 0 0 0 0 0 0 0 0 0 0 0 0 0 3 111151 0 0 2 0 0 199 0 0 22428068 42088460 34561378 0 0 0 40999806 0 0 0 0 
0 0 0 0 0 0 0 0 0 0 0 0 0 0 0 0 0 0 0 0 0 0 0 3 111151 0 0 2 0 0 199 0 0 22428068 42088460 34561378 0 0 0 40999806 0 0 0 0 
0 0 0 0 0 0 0 0 0 0 0 0 0 0 0 0 0 0 0 0 0 0 0 3 111151 0 0 2 0 0 199 0 0 22428068 42088460 34561378 0 0 0 40999806 0 0 0 0 
0 0 0 0 0 0 0 0 0 0 0 0 0 0 0 0 0 0 0 0 0 0 0 3 111151 0 0 2 0 0 199 0 0 22428068 42088460 34561378 0 0 0 40999806 0 0 0 0 
0 0 0 0 0 0 0 0 0 0 0 0 0 0 0 0 0 0 0 0 0 0 0 3 111151 0 0 2 0 0 199 0 0 22428068 42088460 34561378 0 0 0 40999806 0 0 0 0 
0 0 0 0 0 0 0 0 0 0 0 0 0 0 0 0 0 0 0 0 0 0 0 3 111151 0 0 2 0 0 199 0 0 22428068 42088460 34561378 0 0 0 40999806 0 0 0 0 
0 0 0 0 0 0 0 0 0 0 0 0 0 0 0 0 0 0 0 0 0 0 0 3 111151 0 0 2 0 0 199 0 0 22428068 42088460 34561378 0 0 0 40999806 0 0 0 0 
0 0 0 0 0 0 0 0 0 0 0 0 0 0 0 0 0 0 0 0 0 0 0 3 111151 0 0 2 0 0 199 0 0 22428068 42088460 34561378 0 0 0 40999806 0 0 0 0 
0 0 0 0 0 0 0 0 0 0 0 0 0 0 0 0 0 0 0 0 0 0 0 3 111151 0 0 2 0 0 199 0 0 22428068 42088460 34561378 0 0 0 40999806 0 0 0 0 
0 0 0 0 0 0 0 0 0 0 0 0 0 0 0 0 0 0 0 0 0 0 0 3 111151 0 0 2 0 0 199 0 0 22428068 42088460 34561378 0 0 0 40999806 0 0 0 0 
0 0 0 0 0 0 0 0 0 0 0 0 0 0 0 0 0 0 0 0 0 0 0 3 111151 0 0 2 0 0 199 0 0 22428068 42088460 34561378 0 0 0 40999806 0 0 0 0 
0 0 0 0 0 0 0 0 0 0 0 0 0 0 0 0 0 0 0 0 0 0 0 3 111151 0 0 2 0 0 199 0 0 22428068 42088460 34561378 0 0 0 40999806 0 0 0 0 
0 0 0 0 0 0 0 0 0 0 0 0 0 0 0 0 0 0 0 0 0 0 0 3 111151 0 0 2 0 0 199 0 0 22428068 42088460 34561378 0 0 0 40999806 0 0 0 0 
0 0 0 0 0 0 0 0 0 0 0 0 0 0 0 0 0 0 0 0 0 0 0 3 111151 0 0 2 0 0 199 0 0 22428068 42088460 34561378 0 0 0 40999806 0 0 0 0 
0 0 0 0 0 0 0 0 0 0 0 0 0 0 0 0 0 0 0 0 0 0 0 3 111151 0 0 2 0 0 199 0 0 22428068 42088460 34561378 0 0 0 40999806 0 0 0 0 
0 0 0 0 0 0 0 0 0 0 0 0 0 0 0 0 0 0 0 0 0 0 0 3 111151 0 0 2 0 0 199 0 0 22428068 42088460 34561378 0 0 0 40999806 0 0 0 0 
0 0 0 0 0 0 0 0 0 0 0 0 0 0 0 0 0 0 0 0 0 0 0 3 111151 0 0 2 0 0 199 0 0 22428068 42088460 34561378 0 0 0 40999806 0 0 0 0 
0 0 0 0 0 0 0 0 0 0 0 0 0 0 0 0 0 0 0 0 0 0 0 3 111151 0 0 2 0 0 199 0 0 22428068 42088460 34561378 0 0 0 40999806 0 0 0 0 
0 0 0 0 0 0 0 0 0 0 0 0 0 0 0 0 0 0 0 0 0 0 0 3 111151 0 0 2 0 0 199 0 0 22428068 42088460 34561378 0 0 0 40999806 0 0 0 0 
0 0 0 0 0 0 0 0 0 0 0 0 0 0 0 0 0 0 0 0 0 0 0 3 111151 0 0 2 0 0 199 0 0 22428068 42088460 34561378 0 0 0 40999806 0 0 0 0 
0 0 0 0 0 0 0 0 0 0 0 0 0 0 0 0 0 0 0 0 0 0 0 3 111151 0 0 2 0 0 199 0 0 22428068 42088460 34561378 0 0 0 40999806 0 0 0 0 
0 0 0 0 0 0 0 0 0 0 0 0 0 0 0 0 0 0 0 0 0 0 0 3 111151 0 0 2 0 0 199 0 0 22428068 42088460 34561378 0 0 0 40999806 0 0 0 0 
0 0 0 0 0 0 0 0 0 0 0 0 0 0 0 0 0 0 0 0 0 0 0 3 111151 0 0 2 0 0 199 0 0 22428068 42088460 34561378 0 0 0 40999806 0 0 0 0 
0 0 0 0 0 0 0 0 0 0 0 0 0 0 0 0 0 0 0 0 0 0 0 3 111151 0 0 2 0 0 199 0 0 22428068 42088460 34561378 0 0 0 40999806 0 0 0 0 
0 0 0 0 0 0 0 0 0 0 0 0 0 0 0 0 0 0 0 0 0 0 0 3 111151 0 0 2 0 0 199 0 0 22428068 42088460 34561378 0 0 0 40999806 0 0 0 0 
0 0 0 0 0 0 0 0 0 0 0 0 0 0 0 0 0 0 0 0 0 0 0 3 111151 0 0 2 0 0 199 0 0 22428068 42088460 34561378 0 0 0 40999806 0 0 0 0 
0 0 0 0 0 0 0 0 0 0 0 0 0 0 0 0 0 0 0 0 0 0 0 3 111151 0 0 2 0 0 199 0 0 22428068 42088460 34561378 0 0 0 40999806 0 0 0 0 
0 0 0 0 0 0 0 0 0 0 0 0 0 0 0 0 0 0 0 0 0 0 0 3 111151 0 0 2 0 0 199 0 0 22428068 42088460 34561378 0 0 0 40999806 0 0 0 0 
0 0 0 0 0 0 0 0 0 0 0 0 0 0 0 0 0 0 0 0 0 0 0 3 111151 0 0 2 0 0 199 0 0 22428068 42088460 34561378 0 0 0 40999806 0 0 0 0 
0 0 0 0 0 0 0 0 0 0 0 0 0 0 0 0 0 0 0 0 0 0 0 3 111151 0 0 2 0 0 199 0 0 22428068 42088460 34561378 0 0 0 40999806 0 0 0 0 
0 0 0 0 0 0 0 0 0 0 0 0 0 0 0 0 0 0 0 0 0 0 0 3 111151 0 0 2 0 0 199 0 0 22428068 42088460 34561378 0 0 0 40999806 0 0 0 0 
0 0 0 0 0 0 0 0 0 0 0 0 0 0 0 0 0 0 0 0 0 0 0 3 111151 0 0 2 0 0 199 0 0 22428068 42088460 34561378 0 0 0 40999806 0 0 0 0 
0 0 0 0 0 0 0 0 0 0 0 0 0 0 0 0 0 0 0 0 0 0 0 3 111151 0 0 2 0 0 199 0 0 22428068 42088460 34561378 0 0 0 40999806 0 0 0 0 
0 0 0 0 0 0 0 0 0 0 0 0 0 0 0 0 0 0 0 0 0 0 0 3 111151 0 0 2 0 0 199 0 0 22428068 42088460 34561378 0 0 0 40999806 0 0 0 0 
0 0 0 0 0 0 0 0 0 0 0 0 0 0 0 0 0 0 0 0 0 0 0 3 111151 0 0 2 0 0 199 0 0 22428068 42088460 34561378 0 0 0 40999806 0 0 0 0 
0 0 0 0 0 0 0 0 0 0 0 0 0 0 0 0 0 0 0 0 0 0 0 3 111151 0 0 2 0 0 199 0 0 22428068 42088460 34561378 0 0 0 40999806 0 0 0 0 
0 0 0 0 0 0 0 0 0 0 0 0 0 0 0 0 0 0 0 0 0 0 0 3 111151 0 0 2 0 0 199 0 0 22428068 42088460 34561378 0 0 0 40999806 0 0 0 0 
0 0 0 0 0 0 0 0 0 0 0 0 0 0 0 0 0 0 0 0 0 0 0 3 111151 0 0 2 0 0 199 0 0 22428068 42088460 34561378 0 0 0 40999806 0 0 0 0 
0 0 0 0 0 0 0 0 0 0 0 0 0 0 0 0 0 0 0 0 0 0 0 3 111151 0 0 2 0 0 199 0 0 22428068 42088460 34561378 0 0 0 40999806 0 0 0 0 
0 0 0 0 0 0 0 0 0 0 0 0 0 0 0 0 0 0 0 0 0 0 0 3 111151 0 0 2 0 0 199 0 0 22428068 42088460 34561378 0 0 0 40999806 0 0 0 0 
0 0 0 0 0 0 0 0 0 0 0 0 0 0 0 0 0 0 0 0 0 0 0 3 111151 0 0 2 0 0 199 0 0 22428068 42088460 34561378 0 0 0 40999806 0 0 0 0 
0 0 0 0 0 0 0 0 0 0 0 0 0 0 0 0 0 0 0 0 0 0 0 3 111151 0 0 2 0 0 199 0 0 22428068 42088460 34561378 0 0 0 40999806 0 0 0 0 
0 0 0 0 0 0 0 0 0 0 0 0 0 0 0 0 0 0 0 0 0 0 0 3 111151 0 0 2 0 0 199 0 0 22428068 42088460 34561378 0 0 0 40999806 0 0 0 0 
0 0 0 0 0 0 0 0 0 0 0 0 0 0 0 0 0 0 0 0 0 0 0 3 111151 0 0 2 0 0 199 0 0 22428068 42088460 34561378 0 0 0 40999806 0 0 0 0 
0 0 0 0 0 0 0 0 0 0 0 0 0 0 0 0 0 0 0 0 0 0 0 3 111151 0 0 2 0 0 199 0 0 22428068 42088460 34561378 0 0 0 40999806 0 0 0 0 
0 0 0 0 0 0 0 0 0 0 0 0 0 0 0 0 0 0 0 0 0 0 0 3 111151 0 0 2 0 0 199 0 0 22428068 42088460 34561378 0 0 0 40999806 0 0 0 0 
0 0 0 0 0 0 0 0 0 0 0 0 0 0 0 0 0 0 0 0 0 0 0 3 111151 0 0 2 0 0 199 0 0 22428068 42088460 34561378 0 0 0 40999806 0 0 0 0 
0 0 0 0 0 0 0 0 0 0 0 0 0 0 0 0 0 0 0 0 0 0 0 3 111151 0 0 2 0 0 199 0 0 22428068 42088460 34561378 0 0 0 40999806 0 0 0 0 
0 0 0 0 0 0 0 0 0 0 0 0 0 0 0 0 0 0 0 0 0 0 0 3 111151 0 0 2 0 0 199 0 0 22428068 42088460 34561378 0 0 0 40999806 0 0 0 0 
0 0 0 0 0 0 0 0 0 0 0 0 0 0 0 0 0 0 0 0 0 0 0 3 111151 0 0 2 0 0 199 0 0 22428068 42088460 34561378 0 0 0 40999806 0 0 0 0 
0 0 0 0 0 0 0 0 0 0 0 0 0 0 0 0 0 0 0 0 0 0 0 3 111151 0 0 2 0 0 199 0 0 22428068 42088460 34561378 0 0 0 40999806 0 0 0 0 
0 0 0 0 0 0 0 0 0 0 0 0 0 0 0 0 0 0 0 0 0 0 0 3 111151 0 0 2 0 0 199 0 0 22428068 42088460 34561378 0 0 0 40999806 0 0 0 0 
0 0 0 0 0 0 0 0 0 0 0 0 0 0 0 0 0 0 0 0 0 0 0 3 111151 0 0 2 0 0 199 0 0 22428068 42088460 34561378 0 0 0 40999806 0 0 0 0 
0 0 0 0 0 0 0 0 0 0 0 0 0 0 0 0 0 0 0 0 0 0 0 3 111151 0 0 2 0 0 199 0 0 22428068 42088460 34561378 0 0 0 40999806 0 0 0 0 
0 0 0 0 0 0 0 0 0 0 0 0 0 0 0 0 0 0 0 0 0 0 0 3 111151 0 0 2 0 0 199 0 0 22428068 42088460 34561378 0 0 0 40999806 0 0 0 0 
