0 0 0 0 0 0 0 0 0 0 0 0 0 0 0 0 0 0 0 0 0 0 0 3 38530 0 0 2 0 0 157 0 0 12041309 21270112 17515773 0 0 0 20373079 0 0 0 0 
0 0 0 0 0 0 0 0 0 0 0 0 0 0 0 0 0 0 0 0 0 0 0 3 0 38532 38517 0 0 158 0 0 0 38793997 12036275 0 0 0 0 0 20376350 0 0 0 
0 0 0 0 0 0 0 0 0 0 0 0 0 0 0 0 0 0 0 0 0 0 0 3 38530 0 0 2 0 0 157 0 0 12041309 21270112 17515773 0 0 0 20373079 0 0 0 0 
0 0 0 0 0 0 0 0 0 0 0 0 0 0 0 0 0 0 0 0 0 0 0 3 0 38532 38517 0 0 158 0 0 0 38793997 12036275 0 0 0 0 0 20376350 0 0 0 
0 0 0 0 0 0 0 0 0 0 0 0 0 0 0 0 0 0 0 0 0 0 0 3 38530 0 0 2 0 0 157 0 0 12041309 21270112 17515773 0 0 0 20373079 0 0 0 0 
0 0 0 0 0 0 0 0 0 0 0 0 0 0 0 0 0 0 0 0 0 0 0 3 0 38532 38517 0 0 158 0 0 0 38793997 12036275 0 0 0 0 0 20376350 0 0 0 
0 0 0 0 0 0 0 0 0 0 0 0 0 0 0 0 0 0 0 0 0 0 0 3 38530 0 0 2 0 0 157 0 0 12041309 21270112 17515773 0 0 0 20373079 0 0 0 0 
0 0 0 0 0 0 0 0 0 0 0 0 0 0 0 0 0 0 0 0 0 0 0 3 0 38532 38517 0 0 158 0 0 0 38793997 12036275 0 0 0 0 0 20376350 0 0 0 
0 0 0 0 0 0 0 0 0 0 0 0 0 0 0 0 0 0 0 0 0 0 0 3 38530 0 0 2 0 0 157 0 0 12041309 21270112 17515773 0 0 0 20373079 0 0 0 0 
0 0 0 0 0 0 0 0 0 0 0 0 0 0 0 0 0 0 0 0 0 0 0 3 0 38532 38517 0 0 158 0 0 0 38793997 12036275 0 0 0 0 0 20376350 0 0 0 
0 0 0 0 0 0 0 0 0 0 0 0 0 0 0 0 0 0 0 0 0 0 0 3 38530 0 0 2 0 0 157 0 0 12041309 21270112 17515773 0 0 0 20373079 0 0 0 0 
0 0 0 0 0 0 0 0 0 0 0 0 0 0 0 0 0 0 0 0 0 0 0 3 0 38532 38517 0 0 158 0 0 0 38793997 12036275 0 0 0 0 0 20376350 0 0 0 
0 0 0 0 0 0 0 0 0 0 0 0 0 0 0 0 0 0 0 0 0 0 0 3 38530 0 0 2 0 0 157 0 0 12041309 21270112 17515773 0 0 0 20373079 0 0 0 0 
0 0 0 0 0 0 0 0 0 0 0 0 0 0 0 0 0 0 0 0 0 0 0 3 0 38532 38517 0 0 158 0 0 0 38793997 12036275 0 0 0 0 0 20376350 0 0 0 
====>
0 0 0 0 0 0 0 0 0 0 0 0 0 0 0 0 0 0 0 0 0 0 0 3 38530 0 0 2 0 0 157 0 0 12041309 21270112 17515773 0 0 0 20373079 0 0 0 0 
0 0 0 0 0 0 0 0 0 0 0 0 0 0 0 0 0 0 0 0 0 0 0 3 0 38532 38517 0 0 158 0 0 0 38793997 12036275 0 0 0 0 0 20376350 0 0 0 
0 0 0 0 0 0 0 0 0 0 0 0 0 0 0 0 0 0 0 0 0 0 0 3 38582 0 0 2 0 0 164 0 0 12042128 21303843 17519685 0 0 0 20383096 0 0 0 0 
0 0 0 0 0 0 0 0 0 0 0 0 0 0 0 0 0 0 0 0 0 0 0 3 0 38580 38569 0 0 165 0 0 0 38831638 12037094 0 0 0 0 0 20386367 0 0 0 
0 0 0 0 0 0 0 0 0 0 0 0 0 0 0 0 0 0 0 0 0 0 0 3 38594 0 0 2 0 0 164 0 0 12053701 21323587 17532522 0 0 0 20399365 0 0 0 0 
0 0 0 0 0 0 0 0 0 0 0 0 0 0 0 0 0 0 0 0 0 0 0 3 0 38592 38581 0 0 165 0 0 0 38864221 12048672 0 0 0 0 0 20402633 0 0 0 
0 0 0 0 0 0 0 0 0 0 0 0 0 0 0 0 0 0 0 0 0 0 0 3 38642 0 0 2 0 0 164 0 0 12054578 21339540 17540837 0 0 0 20413454 0 0 0 0 
0 0 0 0 0 0 0 0 0 0 0 0 0 0 0 0 0 0 0 0 0 0 0 3 0 38643 38629 0 0 165 0 0 0 38888487 12049549 0 0 0 0 0 20416726 0 0 0 
0 0 0 0 0 0 0 0 0 0 0 0 0 0 0 0 0 0 0 0 0 0 0 3 38698 0 0 2 0 0 164 0 0 12062331 21360793 17557554 0 0 0 20434589 0 0 0 0 
0 0 0 0 0 0 0 0 0 0 0 0 0 0 0 0 0 0 0 0 0 0 0 3 0 38696 38685 0 0 165 0 0 0 38926455 12057304 0 0 0 0 0 20437861 0 0 0 
0 0 0 0 0 0 0 0 0 0 0 0 0 0 0 0 0 0 0 0 0 0 0 3 38706 0 0 2 0 0 164 0 0 12067666 21374080 17564849 0 0 0 20448885 0 0 0 0 
0 0 0 0 0 0 0 0 0 0 0 0 0 0 0 0 0 0 0 0 0 0 0 3 0 38704 38693 0 0 165 0 0 0 38947037 12062639 0 0 0 0 0 20452157 0 0 0 
0 0 0 0 0 0 0 0 0 0 0 0 0 0 0 0 0 0 0 0 0 0 0 3 38762 0 0 2 0 0 164 0 0 12072278 21391690 17578075 0 0 0 20465426 0 0 0 0 
0 0 0 0 0 0 0 0 0 0 0 0 0 0 0 0 0 0 0 0 0 0 0 3 0 38760 38749 0 0 165 0 0 0 38977873 12067252 0 0 0 0 0 20468701 0 0 0 
0 0 0 0 0 0 0 0 0 0 0 0 0 0 0 0 0 0 0 0 0 0 0 3 38778 0 0 2 0 0 164 0 0 12080806 21410874 17592042 0 0 0 20483752 0 0 0 0 
0 0 0 0 0 0 0 0 0 0 0 0 0 0 0 0 0 0 0 0 0 0 0 3 0 38776 38765 0 0 165 0 0 0 39011028 12075780 0 0 0 0 0 20487025 0 0 0 
0 0 0 0 0 0 0 0 0 0 0 0 0 0 0 0 0 0 0 0 0 0 0 3 38822 0 0 2 0 0 164 0 0 12082225 21420457 17597986 0 0 0 20494140 0 0 0 0 
0 0 0 0 0 0 0 0 0 0 0 0 0 0 0 0 0 0 0 0 0 0 0 3 0 38823 38809 0 0 165 0 0 0 39026552 12077199 0 0 0 0 0 20497412 0 0 0 
0 0 0 0 0 0 0 0 0 0 0 0 0 0 0 0 0 0 0 0 0 0 0 3 38878 0 0 2 0 0 164 0 0 12092145 21440061 17612298 0 0 0 20513682 0 0 0 0 
0 0 0 0 0 0 0 0 0 0 0 0 0 0 0 0 0 0 0 0 0 0 0 3 0 38876 38865 0 0 165 0 0 0 39060470 12087122 0 0 0 0 0 20516954 0 0 0 
0 0 0 0 0 0 0 0 0 0 0 0 0 0 0 0 0 0 0 0 0 0 0 3 38886 0 0 2 0 0 164 0 0 12094944 21452414 17616766 0 0 0 20526158 0 0 0 0 
0 0 0 0 0 0 0 0 0 0 0 0 0 0 0 0 0 0 0 0 0 0 0 3 0 38884 38873 0 0 165 0 0 0 39077291 12089921 0 0 0 0 0 20529430 0 0 0 
0 0 0 0 0 0 0 0 0 0 0 0 0 0 0 0 0 0 0 0 0 0 0 3 38938 0 0 2 0 0 164 0 0 12102084 21472642 17630696 0 0 0 20546204 0 0 0 0 
0 0 0 0 0 0 0 0 0 0 0 0 0 0 0 0 0 0 0 0 0 0 0 3 0 38936 38925 0 0 165 0 0 0 39111447 12097062 0 0 0 0 0 20549476 0 0 0 
0 0 0 0 0 0 0 0 0 0 0 0 0 0 0 0 0 0 0 0 0 0 0 3 38946 0 0 2 0 0 164 0 0 12108034 21490304 17636935 0 0 0 20564449 0 0 0 0 
0 0 0 0 0 0 0 0 0 0 0 0 0 0 0 0 0 0 0 0 0 0 0 3 0 38944 38933 0 0 165 0 0 0 39135348 12103012 0 0 0 0 0 20567721 0 0 0 
0 0 0 0 0 0 0 0 0 0 0 0 0 0 0 0 0 0 0 0 0 0 0 3 39002 0 0 2 0 0 164 0 0 12112030 21503694 17648610 0 0 0 20577196 0 0 0 0 
0 0 0 0 0 0 0 0 0 0 0 0 0 0 0 0 0 0 0 0 0 0 0 3 0 39000 38989 0 0 165 0 0 0 39160413 12107009 0 0 0 0 0 20580470 0 0 0 
0 0 0 0 0 0 0 0 0 0 0 0 0 0 0 0 0 0 0 0 0 0 0 3 39018 0 0 2 0 0 164 0 0 12120557 21524935 17661683 0 0 0 20597734 0 0 0 0 
0 0 0 0 0 0 0 0 0 0 0 0 0 0 0 0 0 0 0 0 0 0 0 3 0 39016 39005 0 0 165 0 0 0 39194730 12115537 0 0 0 0 0 20601011 0 0 0 
0 0 0 0 0 0 0 0 0 0 0 0 0 0 0 0 0 0 0 0 0 0 0 3 39062 0 0 2 0 0 164 0 0 12121975 21535377 17667865 0 0 0 20608826 0 0 0 0 
0 0 0 0 0 0 0 0 0 0 0 0 0 0 0 0 0 0 0 0 0 0 0 3 0 39063 39049 0 0 165 0 0 0 39211351 12116956 0 0 0 0 0 20612103 0 0 0 
0 0 0 0 0 0 0 0 0 0 0 0 0 0 0 0 0 0 0 0 0 0 0 3 39118 0 0 2 0 0 164 0 0 12131896 21557190 17681951 0 0 0 20630574 0 0 0 0 
0 0 0 0 0 0 0 0 0 0 0 0 0 0 0 0 0 0 0 0 0 0 0 3 0 39116 39105 0 0 165 0 0 0 39247245 12126879 0 0 0 0 0 20633855 0 0 0 
0 0 0 0 0 0 0 0 0 0 0 0 0 0 0 0 0 0 0 0 0 0 0 3 39126 0 0 2 0 0 164 0 0 12136895 21578214 17686775 0 0 0 20652391 0 0 0 0 
0 0 0 0 0 0 0 0 0 0 0 0 0 0 0 0 0 0 0 0 0 0 0 3 0 39124 39113 0 0 165 0 0 0 39273094 12131878 0 0 0 0 0 20655671 0 0 0 
0 0 0 0 0 0 0 0 0 0 0 0 0 0 0 0 0 0 0 0 0 0 0 3 39178 0 0 2 0 0 164 0 0 12141840 21596139 17699931 0 0 0 20669464 0 0 0 0 
0 0 0 0 0 0 0 0 0 0 0 0 0 0 0 0 0 0 0 0 0 0 0 3 0 39179 39165 0 0 165 0 0 0 39304171 12136822 0 0 0 0 0 20672749 0 0 0 
0 0 0 0 0 0 0 0 0 0 0 0 0 0 0 0 0 0 0 0 0 0 0 3 39186 0 0 2 0 0 164 0 0 12147790 21615584 17707780 0 0 0 20685950 0 0 0 0 
0 0 0 0 0 0 0 0 0 0 0 0 0 0 0 0 0 0 0 0 0 0 0 3 0 39187 39173 0 0 165 0 0 0 39331461 12142772 0 0 0 0 0 20689235 0 0 0 
0 0 0 0 0 0 0 0 0 0 0 0 0 0 0 0 0 0 0 0 0 0 0 3 39242 0 0 2 0 0 164 0 0 12151780 21634027 17717723 0 0 0 20707290 0 0 0 0 
0 0 0 0 0 0 0 0 0 0 0 0 0 0 0 0 0 0 0 0 0 0 0 3 0 39240 39229 0 0 165 0 0 0 39359847 12146763 0 0 0 0 0 20710578 0 0 0 
0 0 0 0 0 0 0 0 0 0 0 0 0 0 0 0 0 0 0 0 0 0 0 3 39262 0 0 2 0 0 164 0 0 12160312 21654925 17732203 0 0 0 20728246 0 0 0 0 
0 0 0 0 0 0 0 0 0 0 0 0 0 0 0 0 0 0 0 0 0 0 0 3 0 39260 39249 0 0 165 0 0 0 39395223 12155295 0 0 0 0 0 20731534 0 0 0 
0 0 0 0 0 0 0 0 0 0 0 0 0 0 0 0 0 0 0 0 0 0 0 3 39306 0 0 2 0 0 164 0 0 12164029 21668456 17737920 0 0 0 20741623 0 0 0 0 
0 0 0 0 0 0 0 0 0 0 0 0 0 0 0 0 0 0 0 0 0 0 0 3 0 39304 39293 0 0 165 0 0 0 39414470 12159012 0 0 0 0 0 20744910 0 0 0 
0 0 0 0 0 0 0 0 0 0 0 0 0 0 0 0 0 0 0 0 0 0 0 3 39358 0 0 2 0 0 164 0 0 12171646 21686265 17752247 0 0 0 20759410 0 0 0 0 
0 0 0 0 0 0 0 0 0 0 0 0 0 0 0 0 0 0 0 0 0 0 0 3 0 39356 39345 0 0 165 0 0 0 39446602 12166634 0 0 0 0 0 20762693 0 0 0 
0 0 0 0 0 0 0 0 0 0 0 0 0 0 0 0 0 0 0 0 0 0 0 3 39366 0 0 2 0 0 164 0 0 12177602 21702083 17760232 0 0 0 20772227 0 0 0 0 
0 0 0 0 0 0 0 0 0 0 0 0 0 0 0 0 0 0 0 0 0 0 0 3 0 39367 39353 0 0 165 0 0 0 39470405 12172590 0 0 0 0 0 20775509 0 0 0 
0 0 0 0 0 0 0 0 0 0 0 0 0 0 0 0 0 0 0 0 0 0 0 3 39422 0 0 2 0 0 164 0 0 12181594 21717061 17772135 0 0 0 20790151 0 0 0 0 
0 0 0 0 0 0 0 0 0 0 0 0 0 0 0 0 0 0 0 0 0 0 0 3 0 39420 39409 0 0 165 0 0 0 39497290 12176583 0 0 0 0 0 20793433 0 0 0 
0 0 0 0 0 0 0 0 0 0 0 0 0 0 0 0 0 0 0 0 0 0 0 3 39478 0 0 2 0 0 164 0 0 12191519 21735545 17785669 0 0 0 20808572 0 0 0 0 
0 0 0 0 0 0 0 0 0 0 0 0 0 0 0 0 0 0 0 0 0 0 0 3 0 39476 39465 0 0 165 0 0 0 39529307 12186512 0 0 0 0 0 20811858 0 0 0 
0 0 0 0 0 0 0 0 0 0 0 0 0 0 0 0 0 0 0 0 0 0 0 3 39486 0 0 2 0 0 164 0 0 12197157 21752044 17791855 0 0 0 20826278 0 0 0 0 
0 0 0 0 0 0 0 0 0 0 0 0 0 0 0 0 0 0 0 0 0 0 0 3 0 39484 39473 0 0 165 0 0 0 39551992 12192150 0 0 0 0 0 20829565 0 0 0 
0 0 0 0 0 0 0 0 0 0 0 0 0 0 0 0 0 0 0 0 0 0 0 3 39538 0 0 2 0 0 164 0 0 12201465 21766927 17804414 0 0 0 20839896 0 0 0 0 
0 0 0 0 0 0 0 0 0 0 0 0 0 0 0 0 0 0 0 0 0 0 0 3 0 39539 39525 0 0 165 0 0 0 39579432 12196458 0 0 0 0 0 20843184 0 0 0 
0 0 0 0 0 0 0 0 0 0 0 0 0 0 0 0 0 0 0 0 0 0 0 3 39546 0 0 2 0 0 164 0 0 12207409 21786849 17812352 0 0 0 20857385 0 0 0 0 
0 0 0 0 0 0 0 0 0 0 0 0 0 0 0 0 0 0 0 0 0 0 0 3 0 39544 39533 0 0 165 0 0 0 39607293 12202402 0 0 0 0 0 20860674 0 0 0 
0 0 0 0 0 0 0 0 0 0 0 0 0 0 0 0 0 0 0 0 0 0 0 3 39602 0 0 2 0 0 164 0 0 12211409 21802235 17824060 0 0 0 20875142 0 0 0 0 
0 0 0 0 0 0 0 0 0 0 0 0 0 0 0 0 0 0 0 0 0 0 0 3 0 39600 39589 0 0 165 0 0 0 39634386 12206402 0 0 0 0 0 20878433 0 0 0 
0 0 0 0 0 0 0 0 0 0 0 0 0 0 0 0 0 0 0 0 0 0 0 3 39642 0 0 2 0 0 164 0 0 12220742 21819005 17837813 0 0 0 20891862 0 0 0 0 
0 0 0 0 0 0 0 0 0 0 0 0 0 0 0 0 0 0 0 0 0 0 0 3 0 39644 39629 0 0 165 0 0 0 39664906 12215736 0 0 0 0 0 20895155 0 0 0 
0 0 0 0 0 0 0 0 0 0 0 0 0 0 0 0 0 0 0 0 0 0 0 3 39666 0 0 2 0 0 164 0 0 12223815 21835938 17843390 0 0 0 20908805 0 0 0 0 
0 0 0 0 0 0 0 0 0 0 0 0 0 0 0 0 0 0 0 0 0 0 0 3 0 39664 39653 0 0 165 0 0 0 39687416 12218809 0 0 0 0 0 20912097 0 0 0 
0 0 0 0 0 0 0 0 0 0 0 0 0 0 0 0 0 0 0 0 0 0 0 3 39718 0 0 2 0 0 164 0 0 12231275 21854395 17857461 0 0 0 20927182 0 0 0 0 
0 0 0 0 0 0 0 0 0 0 0 0 0 0 0 0 0 0 0 0 0 0 0 3 0 39716 39705 0 0 165 0 0 0 39719945 12226270 0 0 0 0 0 20930474 0 0 0 
0 0 0 0 0 0 0 0 0 0 0 0 0 0 0 0 0 0 0 0 0 0 0 3 39726 0 0 2 0 0 164 0 0 12237225 21870938 17863863 0 0 0 20944684 0 0 0 0 
0 0 0 0 0 0 0 0 0 0 0 0 0 0 0 0 0 0 0 0 0 0 0 3 0 39724 39713 0 0 165 0 0 0 39742893 12232220 0 0 0 0 0 20947976 0 0 0 
0 0 0 0 0 0 0 0 0 0 0 0 0 0 0 0 0 0 0 0 0 0 0 3 39782 0 0 2 0 0 164 0 0 12241224 21884344 17876997 0 0 0 20957077 0 0 0 0 
0 0 0 0 0 0 0 0 0 0 0 0 0 0 0 0 0 0 0 0 0 0 0 3 0 39780 39769 0 0 165 0 0 0 39769433 12236219 0 0 0 0 0 20960368 0 0 0 
0 0 0 0 0 0 0 0 0 0 0 0 0 0 0 0 0 0 0 0 0 0 0 3 39838 0 0 2 0 0 164 0 0 12251151 21901563 17891163 0 0 0 20974236 0 0 0 0 
0 0 0 0 0 0 0 0 0 0 0 0 0 0 0 0 0 0 0 0 0 0 0 3 0 39836 39825 0 0 165 0 0 0 39800813 12246149 0 0 0 0 0 20977525 0 0 0 
0 0 0 0 0 0 0 0 0 0 0 0 0 0 0 0 0 0 0 0 0 0 0 3 39846 0 0 2 0 0 164 0 0 12256389 21916590 17897270 0 0 0 20990371 0 0 0 0 
0 0 0 0 0 0 0 0 0 0 0 0 0 0 0 0 0 0 0 0 0 0 0 3 0 39844 39833 0 0 165 0 0 0 39821947 12251387 0 0 0 0 0 20993660 0 0 0 
0 0 0 0 0 0 0 0 0 0 0 0 0 0 0 0 0 0 0 0 0 0 0 3 39898 0 0 2 0 0 164 0 0 12261092 21930781 17910606 0 0 0 21003397 0 0 0 0 
0 0 0 0 0 0 0 0 0 0 0 0 0 0 0 0 0 0 0 0 0 0 0 3 0 39898 39885 0 0 165 0 0 0 39849477 12256090 0 0 0 0 0 21006686 0 0 0 
0 0 0 0 0 0 0 0 0 0 0 0 0 0 0 0 0 0 0 0 0 0 0 3 39910 0 0 2 0 0 164 0 0 12267673 21946502 17920093 0 0 0 21015688 0 0 0 0 
0 0 0 0 0 0 0 0 0 0 0 0 0 0 0 0 0 0 0 0 0 0 0 3 0 39908 39897 0 0 165 0 0 0 39874688 12262672 0 0 0 0 0 21018975 0 0 0 
0 0 0 0 0 0 0 0 0 0 0 0 0 0 0 0 0 0 0 0 0 0 0 3 39966 0 0 2 0 0 164 0 0 12272076 21955376 17931335 0 0 0 21027482 0 0 0 0 
0 0 0 0 0 0 0 0 0 0 0 0 0 0 0 0 0 0 0 0 0 0 0 3 0 39964 39953 0 0 165 0 0 0 39894803 12267076 0 0 0 0 0 21030771 0 0 0 
0 0 0 0 0 0 0 0 0 0 0 0 0 0 0 0 0 0 0 0 0 0 0 3 40018 0 0 2 0 0 164 0 0 12280966 21972047 17946396 0 0 0 21044544 0 0 0 0 
0 0 0 0 0 0 0 0 0 0 0 0 0 0 0 0 0 0 0 0 0 0 0 3 0 40016 40005 0 0 165 0 0 0 39926535 12275967 0 0 0 0 0 21047839 0 0 0 
0 0 0 0 0 0 0 0 0 0 0 0 0 0 0 0 0 0 0 0 0 0 0 3 40026 0 0 2 0 0 164 0 0 12286921 21988141 17954434 0 0 0 21057358 0 0 0 0 
0 0 0 0 0 0 0 0 0 0 0 0 0 0 0 0 0 0 0 0 0 0 0 3 0 40027 40013 0 0 165 0 0 0 39950666 12281923 0 0 0 0 0 21060653 0 0 0 
0 0 0 0 0 0 0 0 0 0 0 0 0 0 0 0 0 0 0 0 0 0 0 3 40082 0 0 2 0 0 164 0 0 12290917 21997350 17966547 0 0 0 21069792 0 0 0 0 
0 0 0 0 0 0 0 0 0 0 0 0 0 0 0 0 0 0 0 0 0 0 0 3 0 40083 40069 0 0 165 0 0 0 39971989 12285922 0 0 0 0 0 21073088 0 0 0 
0 0 0 0 0 0 0 0 0 0 0 0 0 0 0 0 0 0 0 0 0 0 0 3 40138 0 0 2 0 0 164 0 0 12300837 22016129 17980746 0 0 0 21088506 0 0 0 0 
0 0 0 0 0 0 0 0 0 0 0 0 0 0 0 0 0 0 0 0 0 0 0 3 0 40136 40125 0 0 165 0 0 0 40004967 12295845 0 0 0 0 0 21091804 0 0 0 
0 0 0 0 0 0 0 0 0 0 0 0 0 0 0 0 0 0 0 0 0 0 0 3 40146 0 0 2 0 0 164 0 0 12306507 22027667 17987401 0 0 0 21101206 0 0 0 0 
0 0 0 0 0 0 0 0 0 0 0 0 0 0 0 0 0 0 0 0 0 0 0 3 0 40144 40133 0 0 165 0 0 0 40023160 12301515 0 0 0 0 0 21104504 0 0 0 
0 0 0 0 0 0 0 0 0 0 0 0 0 0 0 0 0 0 0 0 0 0 0 3 40202 0 0 2 0 0 164 0 0 12310784 22042747 18001032 0 0 0 21115062 0 0 0 0 
0 0 0 0 0 0 0 0 0 0 0 0 0 0 0 0 0 0 0 0 0 0 0 3 0 40200 40189 0 0 165 0 0 0 40051876 12305792 0 0 0 0 0 21118364 0 0 0 
0 0 0 0 0 0 0 0 0 0 0 0 0 0 0 0 0 0 0 0 0 0 0 3 40230 0 0 2 0 0 164 0 0 12319550 22060944 18015298 0 0 0 21133412 0 0 0 0 
0 0 0 0 0 0 0 0 0 0 0 0 0 0 0 0 0 0 0 0 0 0 0 3 0 40228 40217 0 0 165 0 0 0 40084335 12314560 0 0 0 0 0 21136716 0 0 0 
0 0 0 0 0 0 0 0 0 0 0 0 0 0 0 0 0 0 0 0 0 0 0 3 40266 0 0 2 0 0 164 0 0 12324565 22073835 18021984 0 0 0 21146614 0 0 0 0 
0 0 0 0 0 0 0 0 0 0 0 0 0 0 0 0 0 0 0 0 0 0 0 3 0 40264 40253 0 0 165 0 0 0 40103911 12319575 0 0 0 0 0 21149918 0 0 0 
0 0 0 0 0 0 0 0 0 0 0 0 0 0 0 0 0 0 0 0 0 0 0 3 40318 0 0 2 0 0 164 0 0 12330657 22091643 18035974 0 0 0 21163839 0 0 0 0 
0 0 0 0 0 0 0 0 0 0 0 0 0 0 0 0 0 0 0 0 0 0 0 3 0 40319 40305 0 0 165 0 0 0 40135709 12325670 0 0 0 0 0 21167143 0 0 0 
0 0 0 0 0 0 0 0 0 0 0 0 0 0 0 0 0 0 0 0 0 0 0 3 40326 0 0 2 0 0 164 0 0 12336607 22111494 18043672 0 0 0 21180824 0 0 0 0 
0 0 0 0 0 0 0 0 0 0 0 0 0 0 0 0 0 0 0 0 0 0 0 3 0 40327 40313 0 0 165 0 0 0 40163258 12331620 0 0 0 0 0 21184127 0 0 0 
0 0 0 0 0 0 0 0 0 0 0 0 0 0 0 0 0 0 0 0 0 0 0 3 40382 0 0 2 0 0 164 0 0 12340600 22124340 18054826 0 0 0 21196475 0 0 0 0 
0 0 0 0 0 0 0 0 0 0 0 0 0 0 0 0 0 0 0 0 0 0 0 3 0 40380 40369 0 0 165 0 0 0 40187258 12335613 0 0 0 0 0 21199778 0 0 0 
0 0 0 0 0 0 0 0 0 0 0 0 0 0 0 0 0 0 0 0 0 0 0 3 40398 0 0 2 0 0 164 0 0 12349122 22142026 18067620 0 0 0 21212151 0 0 0 0 
0 0 0 0 0 0 0 0 0 0 0 0 0 0 0 0 0 0 0 0 0 0 0 3 0 40396 40385 0 0 165 0 0 0 40217737 12344139 0 0 0 0 0 21215454 0 0 0 
0 0 0 0 0 0 0 0 0 0 0 0 0 0 0 0 0 0 0 0 0 0 0 3 40442 0 0 2 0 0 164 0 0 12350535 22161709 18073522 0 0 0 21233787 0 0 0 0 
0 0 0 0 0 0 0 0 0 0 0 0 0 0 0 0 0 0 0 0 0 0 0 3 0 40440 40429 0 0 165 0 0 0 40243321 12345552 0 0 0 0 0 21237088 0 0 0 
0 0 0 0 0 0 0 0 0 0 0 0 0 0 0 0 0 0 0 0 0 0 0 3 40498 0 0 2 0 0 164 0 0 12360464 22178791 18087122 0 0 0 21250808 0 0 0 0 
0 0 0 0 0 0 0 0 0 0 0 0 0 0 0 0 0 0 0 0 0 0 0 3 0 40496 40485 0 0 165 0 0 0 40273997 12355481 0 0 0 0 0 21254108 0 0 0 
0 0 0 0 0 0 0 0 0 0 0 0 0 0 0 0 0 0 0 0 0 0 0 3 40506 0 0 2 0 0 164 0 0 12364630 22195583 18093523 0 0 0 21268292 0 0 0 0 
0 0 0 0 0 0 0 0 0 0 0 0 0 0 0 0 0 0 0 0 0 0 0 3 0 40504 40493 0 0 165 0 0 0 40297190 12359646 0 0 0 0 0 21271592 0 0 0 
0 0 0 0 0 0 0 0 0 0 0 0 0 0 0 0 0 0 0 0 0 0 0 3 40558 0 0 2 0 0 164 0 0 12370403 22213389 18107238 0 0 0 21285349 0 0 0 0 
0 0 0 0 0 0 0 0 0 0 0 0 0 0 0 0 0 0 0 0 0 0 0 3 0 40557 40545 0 0 165 0 0 0 40328709 12365421 0 0 0 0 0 21288651 0 0 0 
0 0 0 0 0 0 0 0 0 0 0 0 0 0 0 0 0 0 0 0 0 0 0 3 40566 0 0 2 0 0 164 0 0 12376357 22231403 18115022 0 0 0 21300027 0 0 0 0 
0 0 0 0 0 0 0 0 0 0 0 0 0 0 0 0 0 0 0 0 0 0 0 3 0 40567 40553 0 0 165 0 0 0 40354505 12371375 0 0 0 0 0 21303329 0 0 0 
0 0 0 0 0 0 0 0 0 0 0 0 0 0 0 0 0 0 0 0 0 0 0 3 40622 0 0 2 0 0 164 0 0 12380350 22250227 18126675 0 0 0 21322129 0 0 0 0 
0 0 0 0 0 0 0 0 0 0 0 0 0 0 0 0 0 0 0 0 0 0 0 3 0 40620 40609 0 0 165 0 0 0 40384988 12375368 0 0 0 0 0 21325433 0 0 0 
0 0 0 0 0 0 0 0 0 0 0 0 0 0 0 0 0 0 0 0 0 0 0 3 40678 0 0 2 0 0 164 0 0 12390277 22269129 18141486 0 0 0 21340971 0 0 0 0 
0 0 0 0 0 0 0 0 0 0 0 0 0 0 0 0 0 0 0 0 0 0 0 3 0 40676 40665 0 0 165 0 0 0 40418699 12385298 0 0 0 0 0 21344278 0 0 0 
0 0 0 0 0 0 0 0 0 0 0 0 0 0 0 0 0 0 0 0 0 0 0 3 40686 0 0 2 0 0 164 0 0 12396227 22284048 18147961 0 0 0 21356743 0 0 0 0 
0 0 0 0 0 0 0 0 0 0 0 0 0 0 0 0 0 0 0 0 0 0 0 3 0 40684 40673 0 0 165 0 0 0 40440093 12391248 0 0 0 0 0 21360050 0 0 0 
0 0 0 0 0 0 0 0 0 0 0 0 0 0 0 0 0 0 0 0 0 0 0 3 40742 0 0 2 0 0 164 0 0 12400223 22300182 18160533 0 0 0 21371965 0 0 0 0 
0 0 0 0 0 0 0 0 0 0 0 0 0 0 0 0 0 0 0 0 0 0 0 3 0 40740 40729 0 0 165 0 0 0 40468800 12395246 0 0 0 0 0 21375274 0 0 0 
0 0 0 0 0 0 0 0 0 0 0 0 0 0 0 0 0 0 0 0 0 0 0 3 40754 0 0 2 0 0 164 0 0 12408695 22316759 18171775 0 0 0 21386245 0 0 0 0 
0 0 0 0 0 0 0 0 0 0 0 0 0 0 0 0 0 0 0 0 0 0 0 3 0 40755 40741 0 0 165 0 0 0 40496616 12403720 0 0 0 0 0 21389553 0 0 0 
0 0 0 0 0 0 0 0 0 0 0 0 0 0 0 0 0 0 0 0 0 0 0 3 40802 0 0 2 0 0 164 0 0 12410169 22326415 18180068 0 0 0 21398139 0 0 0 0 
0 0 0 0 0 0 0 0 0 0 0 0 0 0 0 0 0 0 0 0 0 0 0 3 0 40803 40789 0 0 165 0 0 0 40514568 12405194 0 0 0 0 0 21401451 0 0 0 
0 0 0 0 0 0 0 0 0 0 0 0 0 0 0 0 0 0 0 0 0 0 0 3 40858 0 0 2 0 0 164 0 0 12420091 22347608 18195244 0 0 0 21419269 0 0 0 0 
0 0 0 0 0 0 0 0 0 0 0 0 0 0 0 0 0 0 0 0 0 0 0 3 0 40856 40845 0 0 165 0 0 0 40550936 12415117 0 0 0 0 0 21422582 0 0 0 
0 0 0 0 0 0 0 0 0 0 0 0 0 0 0 0 0 0 0 0 0 0 0 3 40866 0 0 2 0 0 164 0 0 12426040 22362620 18202669 0 0 0 21433659 0 0 0 0 
0 0 0 0 0 0 0 0 0 0 0 0 0 0 0 0 0 0 0 0 0 0 0 3 0 40864 40853 0 0 165 0 0 0 40573371 12421067 0 0 0 0 0 21436970 0 0 0 
0 0 0 0 0 0 0 0 0 0 0 0 0 0 0 0 0 0 0 0 0 0 0 3 40922 0 0 2 0 0 164 0 0 12430040 22378882 18215010 0 0 0 21450482 0 0 0 0 
0 0 0 0 0 0 0 0 0 0 0 0 0 0 0 0 0 0 0 0 0 0 0 3 0 40920 40909 0 0 165 0 0 0 40601980 12425067 0 0 0 0 0 21453797 0 0 0 
0 0 0 0 0 0 0 0 0 0 0 0 0 0 0 0 0 0 0 0 0 0 0 3 40978 0 0 2 0 0 164 0 0 12439969 22395313 18228502 0 0 0 21466851 0 0 0 0 
0 0 0 0 0 0 0 0 0 0 0 0 0 0 0 0 0 0 0 0 0 0 0 3 0 40976 40965 0 0 165 0 0 0 40631898 12434997 0 0 0 0 0 21470169 0 0 0 
0 0 0 0 0 0 0 0 0 0 0 0 0 0 0 0 0 0 0 0 0 0 0 3 40986 0 0 2 0 0 164 0 0 12443915 22410471 18234953 0 0 0 21482594 0 0 0 0 
0 0 0 0 0 0 0 0 0 0 0 0 0 0 0 0 0 0 0 0 0 0 0 3 0 40984 40973 0 0 165 0 0 0 40653508 12438943 0 0 0 0 0 21485912 0 0 0 
0 0 0 0 0 0 0 0 0 0 0 0 0 0 0 0 0 0 0 0 0 0 0 3 41038 0 0 2 0 0 164 0 0 12449914 22427400 18248524 0 0 0 21498884 0 0 0 0 
0 0 0 0 0 0 0 0 0 0 0 0 0 0 0 0 0 0 0 0 0 0 0 3 0 41039 41025 0 0 165 0 0 0 40684007 12444943 0 0 0 0 0 21502202 0 0 0 
0 0 0 0 0 0 0 0 0 0 0 0 0 0 0 0 0 0 0 0 0 0 0 3 41046 0 0 2 0 0 164 0 0 12455858 22446136 18254825 0 0 0 21517683 0 0 0 0 
0 0 0 0 0 0 0 0 0 0 0 0 0 0 0 0 0 0 0 0 0 0 0 3 0 41044 41033 0 0 165 0 0 0 40709044 12450887 0 0 0 0 0 21521001 0 0 0 
0 0 0 0 0 0 0 0 0 0 0 0 0 0 0 0 0 0 0 0 0 0 0 3 41102 0 0 2 0 0 164 0 0 12459855 22460458 18268046 0 0 0 21531883 0 0 0 0 
0 0 0 0 0 0 0 0 0 0 0 0 0 0 0 0 0 0 0 0 0 0 0 3 0 41100 41089 0 0 165 0 0 0 40736587 12454886 0 0 0 0 0 21535200 0 0 0 
0 0 0 0 0 0 0 0 0 0 0 0 0 0 0 0 0 0 0 0 0 0 0 3 41126 0 0 2 0 0 164 0 0 12468649 22477592 18281164 0 0 0 21549176 0 0 0 0 
0 0 0 0 0 0 0 0 0 0 0 0 0 0 0 0 0 0 0 0 0 0 0 3 0 41127 41113 0 0 165 0 0 0 40766836 12463682 0 0 0 0 0 21552495 0 0 0 
0 0 0 0 0 0 0 0 0 0 0 0 0 0 0 0 0 0 0 0 0 0 0 3 41162 0 0 2 0 0 164 0 0 12469832 22494173 18285813 0 0 0 21565540 0 0 0 0 
0 0 0 0 0 0 0 0 0 0 0 0 0 0 0 0 0 0 0 0 0 0 0 3 0 41163 41149 0 0 165 0 0 0 40788066 12464865 0 0 0 0 0 21568859 0 0 0 
0 0 0 0 0 0 0 0 0 0 0 0 0 0 0 0 0 0 0 0 0 0 0 3 41218 0 0 2 0 0 164 0 0 12479754 22511824 18299995 0 0 0 21583128 0 0 0 0 
0 0 0 0 0 0 0 0 0 0 0 0 0 0 0 0 0 0 0 0 0 0 0 3 0 41216 41205 0 0 165 0 0 0 40819901 12474788 0 0 0 0 0 21586450 0 0 0 
0 0 0 0 0 0 0 0 0 0 0 0 0 0 0 0 0 0 0 0 0 0 0 3 41226 0 0 2 0 0 164 0 0 12485284 22524036 18306938 0 0 0 21596445 0 0 0 0 
0 0 0 0 0 0 0 0 0 0 0 0 0 0 0 0 0 0 0 0 0 0 0 3 0 41224 41213 0 0 165 0 0 0 40839057 12480318 0 0 0 0 0 21599767 0 0 0 
0 0 0 0 0 0 0 0 0 0 0 0 0 0 0 0 0 0 0 0 0 0 0 3 41282 0 0 2 0 0 164 0 0 12489699 22539740 18320759 0 0 0 21610981 0 0 0 0 
0 0 0 0 0 0 0 0 0 0 0 0 0 0 0 0 0 0 0 0 0 0 0 3 0 41280 41269 0 0 165 0 0 0 40868578 12484735 0 0 0 0 0 21614308 0 0 0 
0 0 0 0 0 0 0 0 0 0 0 0 0 0 0 0 0 0 0 0 0 0 0 3 41310 0 0 2 0 0 164 0 0 12498470 22556814 18335478 0 0 0 21628206 0 0 0 0 
0 0 0 0 0 0 0 0 0 0 0 0 0 0 0 0 0 0 0 0 0 0 0 3 0 41308 41297 0 0 165 0 0 0 40900368 12493507 0 0 0 0 0 21631538 0 0 0 
0 0 0 0 0 0 0 0 0 0 0 0 0 0 0 0 0 0 0 0 0 0 0 3 41342 0 0 2 0 0 164 0 0 12499650 22567507 18343351 0 0 0 21638689 0 0 0 0 
0 0 0 0 0 0 0 0 0 0 0 0 0 0 0 0 0 0 0 0 0 0 0 3 0 41343 41329 0 0 165 0 0 0 40918934 12494687 0 0 0 0 0 21642021 0 0 0 
0 0 0 0 0 0 0 0 0 0 0 0 0 0 0 0 0 0 0 0 0 0 0 3 41398 0 0 2 0 0 164 0 0 12509571 22585642 18358626 0 0 0 21656763 0 0 0 0 
0 0 0 0 0 0 0 0 0 0 0 0 0 0 0 0 0 0 0 0 0 0 0 3 0 41396 41385 0 0 165 0 0 0 40952339 12504610 0 0 0 0 0 21660093 0 0 0 
0 0 0 0 0 0 0 0 0 0 0 0 0 0 0 0 0 0 0 0 0 0 0 3 41406 0 0 2 0 0 164 0 0 12515499 22598822 18366243 0 0 0 21670942 0 0 0 0 
0 0 0 0 0 0 0 0 0 0 0 0 0 0 0 0 0 0 0 0 0 0 0 3 0 41404 41393 0 0 165 0 0 0 40973137 12510538 0 0 0 0 0 21674271 0 0 0 
0 0 0 0 0 0 0 0 0 0 0 0 0 0 0 0 0 0 0 0 0 0 0 3 41462 0 0 2 0 0 164 0 0 12519516 22611520 18378599 0 0 0 21682586 0 0 0 0 
0 0 0 0 0 0 0 0 0 0 0 0 0 0 0 0 0 0 0 0 0 0 0 3 0 41460 41449 0 0 165 0 0 0 40998192 12514557 0 0 0 0 0 21685917 0 0 0 
0 0 0 0 0 0 0 0 0 0 0 0 0 0 0 0 0 0 0 0 0 0 0 3 41482 0 0 2 0 0 164 0 0 12528213 22631475 18392779 0 0 0 21702676 0 0 0 0 
0 0 0 0 0 0 0 0 0 0 0 0 0 0 0 0 0 0 0 0 0 0 0 3 0 41483 41469 0 0 165 0 0 0 41032327 12523255 0 0 0 0 0 21706007 0 0 0 
0 0 0 0 0 0 0 0 0 0 0 0 0 0 0 0 0 0 0 0 0 0 0 3 41526 0 0 2 0 0 164 0 0 12530081 22640385 18398219 0 0 0 21710874 0 0 0 0 
0 0 0 0 0 0 0 0 0 0 0 0 0 0 0 0 0 0 0 0 0 0 0 3 0 41524 41513 0 0 165 0 0 0 41046681 12525123 0 0 0 0 0 21714205 0 0 0 
0 0 0 0 0 0 0 0 0 0 0 0 0 0 0 0 0 0 0 0 0 0 0 3 41578 0 0 2 0 0 164 0 0 12539384 22660688 18413667 0 0 0 21731637 0 0 0 0 
0 0 0 0 0 0 0 0 0 0 0 0 0 0 0 0 0 0 0 0 0 0 0 3 0 41576 41565 0 0 165 0 0 0 41082426 12534427 0 0 0 0 0 21734970 0 0 0 
0 0 0 0 0 0 0 0 0 0 0 0 0 0 0 0 0 0 0 0 0 0 0 3 41586 0 0 2 0 0 164 0 0 12545334 22674916 18421123 0 0 0 21744531 0 0 0 0 
0 0 0 0 0 0 0 0 0 0 0 0 0 0 0 0 0 0 0 0 0 0 0 3 0 41584 41573 0 0 165 0 0 0 41104110 12540377 0 0 0 0 0 21747864 0 0 0 
0 0 0 0 0 0 0 0 0 0 0 0 0 0 0 0 0 0 0 0 0 0 0 3 41642 0 0 2 0 0 164 0 0 12549327 22688559 18434222 0 0 0 21759453 0 0 0 0 
0 0 0 0 0 0 0 0 0 0 0 0 0 0 0 0 0 0 0 0 0 0 0 3 0 41640 41629 0 0 165 0 0 0 41130851 12544376 0 0 0 0 0 21762785 0 0 0 
0 0 0 0 0 0 0 0 0 0 0 0 0 0 0 0 0 0 0 0 0 0 0 3 41682 0 0 2 0 0 164 0 0 12558330 22705907 18447533 0 0 0 21776637 0 0 0 0 
0 0 0 0 0 0 0 0 0 0 0 0 0 0 0 0 0 0 0 0 0 0 0 3 0 41680 41669 0 0 165 0 0 0 41161508 12553380 0 0 0 0 0 21779971 0 0 0 
0 0 0 0 0 0 0 0 0 0 0 0 0 0 0 0 0 0 0 0 0 0 0 3 41706 0 0 2 0 0 164 0 0 12562883 22720724 18453649 0 0 0 21791910 0 0 0 0 
0 0 0 0 0 0 0 0 0 0 0 0 0 0 0 0 0 0 0 0 0 0 0 3 0 41704 41693 0 0 165 0 0 0 41182440 12557933 0 0 0 0 0 21795244 0 0 0 
0 0 0 0 0 0 0 0 0 0 0 0 0 0 0 0 0 0 0 0 0 0 0 3 41758 0 0 2 0 0 164 0 0 12569194 22738928 18467357 0 0 0 21809703 0 0 0 0 
0 0 0 0 0 0 0 0 0 0 0 0 0 0 0 0 0 0 0 0 0 0 0 3 0 41756 41745 0 0 165 0 0 0 41214355 12564245 0 0 0 0 0 21813037 0 0 0 
0 0 0 0 0 0 0 0 0 0 0 0 0 0 0 0 0 0 0 0 0 0 0 3 41766 0 0 2 0 0 164 0 0 12575150 22757658 18475004 0 0 0 21825234 0 0 0 0 
0 0 0 0 0 0 0 0 0 0 0 0 0 0 0 0 0 0 0 0 0 0 0 3 0 41767 41753 0 0 165 0 0 0 41240731 12570201 0 0 0 0 0 21828568 0 0 0 
0 0 0 0 0 0 0 0 0 0 0 0 0 0 0 0 0 0 0 0 0 0 0 3 41822 0 0 2 0 0 164 0 0 12579141 22776126 18486520 0 0 0 21846842 0 0 0 0 
0 0 0 0 0 0 0 0 0 0 0 0 0 0 0 0 0 0 0 0 0 0 0 3 0 41820 41808 0 0 165 0 0 0 41270713 12574194 0 0 0 0 0 21850178 0 0 0 
0 0 0 0 0 0 0 0 0 0 0 0 0 0 0 0 0 0 0 0 0 0 0 3 41878 0 0 2 0 0 164 0 0 12589067 22795142 18499970 0 0 0 21865800 0 0 0 0 
0 0 0 0 0 0 0 0 0 0 0 0 0 0 0 0 0 0 0 0 0 0 0 3 0 41876 41864 0 0 165 0 0 0 41303181 12584123 0 0 0 0 0 21869135 0 0 0 
0 0 0 0 0 0 0 0 0 0 0 0 0 0 0 0 0 0 0 0 0 0 0 3 41886 0 0 2 0 0 164 0 0 12594706 22810867 18506309 0 0 0 21882606 0 0 0 0 
0 0 0 0 0 0 0 0 0 0 0 0 0 0 0 0 0 0 0 0 0 0 0 3 0 41884 41872 0 0 165 0 0 0 41325245 12589762 0 0 0 0 0 21885941 0 0 0 
0 0 0 0 0 0 0 0 0 0 0 0 0 0 0 0 0 0 0 0 0 0 0 3 41942 0 0 2 0 0 164 0 0 12599012 22825664 18519327 0 0 0 21896261 0 0 0 0 
0 0 0 0 0 0 0 0 0 0 0 0 0 0 0 0 0 0 0 0 0 0 0 3 0 41940 41928 0 0 165 0 0 0 41353059 12594069 0 0 0 0 0 21899599 0 0 0 
0 0 0 0 0 0 0 0 0 0 0 0 0 0 0 0 0 0 0 0 0 0 0 3 41962 0 0 2 0 0 164 0 0 12607542 22844350 18533625 0 0 0 21915001 0 0 0 0 
0 0 0 0 0 0 0 0 0 0 0 0 0 0 0 0 0 0 0 0 0 0 0 3 0 41960 41948 0 0 165 0 0 0 41386040 12602601 0 0 0 0 0 21918345 0 0 0 
0 0 0 0 0 0 0 0 0 0 0 0 0 0 0 0 0 0 0 0 0 0 0 3 42002 0 0 2 0 0 164 0 0 12608951 22862898 18538591 0 0 0 21933433 0 0 0 0 
0 0 0 0 0 0 0 0 0 0 0 0 0 0 0 0 0 0 0 0 0 0 0 3 0 42000 41988 0 0 165 0 0 0 41409553 12604010 0 0 0 0 0 21936777 0 0 0 
0 0 0 0 0 0 0 0 0 0 0 0 0 0 0 0 0 0 0 0 0 0 0 3 42058 0 0 2 0 0 164 0 0 12618888 22880832 18552803 0 0 0 21951306 0 0 0 0 
0 0 0 0 0 0 0 0 0 0 0 0 0 0 0 0 0 0 0 0 0 0 0 3 0 42056 42044 0 0 165 0 0 0 41441699 12613948 0 0 0 0 0 21954653 0 0 0 
0 0 0 0 0 0 0 0 0 0 0 0 0 0 0 0 0 0 0 0 0 0 0 3 42066 0 0 2 0 0 164 0 0 12624483 22896964 18559097 0 0 0 21968458 0 0 0 0 
0 0 0 0 0 0 0 0 0 0 0 0 0 0 0 0 0 0 0 0 0 0 0 3 0 42064 42052 0 0 165 0 0 0 41464123 12619543 0 0 0 0 0 21971805 0 0 0 
0 0 0 0 0 0 0 0 0 0 0 0 0 0 0 0 0 0 0 0 0 0 0 3 42122 0 0 2 0 0 164 0 0 12628834 22913425 18572352 0 0 0 21983837 0 0 0 0 
0 0 0 0 0 0 0 0 0 0 0 0 0 0 0 0 0 0 0 0 0 0 0 3 0 42120 42108 0 0 165 0 0 0 41493838 12623895 0 0 0 0 0 21987189 0 0 0 
0 0 0 0 0 0 0 0 0 0 0 0 0 0 0 0 0 0 0 0 0 0 0 3 42138 0 0 2 0 0 164 0 0 12637361 22935764 18584621 0 0 0 22004387 0 0 0 0 
0 0 0 0 0 0 0 0 0 0 0 0 0 0 0 0 0 0 0 0 0 0 0 3 0 42136 42124 0 0 165 0 0 0 41528452 12632423 0 0 0 0 0 22007737 0 0 0 
0 0 0 0 0 0 0 0 0 0 0 0 0 0 0 0 0 0 0 0 0 0 0 3 42182 0 0 2 0 0 164 0 0 12638779 22949602 18591262 0 0 0 22019961 0 0 0 0 
0 0 0 0 0 0 0 0 0 0 0 0 0 0 0 0 0 0 0 0 0 0 0 3 0 42182 42168 0 0 165 0 0 0 41548926 12633841 0 0 0 0 0 22023311 0 0 0 
0 0 0 0 0 0 0 0 0 0 0 0 0 0 0 0 0 0 0 0 0 0 0 3 42238 0 0 2 0 0 164 0 0 12648702 22966792 18604886 0 0 0 22037091 0 0 0 0 
0 0 0 0 0 0 0 0 0 0 0 0 0 0 0 0 0 0 0 0 0 0 0 3 0 42236 42224 0 0 165 0 0 0 41579740 12643766 0 0 0 0 0 22040441 0 0 0 
0 0 0 0 0 0 0 0 0 0 0 0 0 0 0 0 0 0 0 0 0 0 0 3 42246 0 0 2 0 0 164 0 0 12651419 22983129 18610431 0 0 0 22053542 0 0 0 0 
0 0 0 0 0 0 0 0 0 0 0 0 0 0 0 0 0 0 0 0 0 0 0 3 0 42244 42232 0 0 165 0 0 0 41601621 12646483 0 0 0 0 0 22056891 0 0 0 
0 0 0 0 0 0 0 0 0 0 0 0 0 0 0 0 0 0 0 0 0 0 0 3 42298 0 0 2 0 0 164 0 0 12658640 23002606 18624476 0 0 0 22072846 0 0 0 0 
0 0 0 0 0 0 0 0 0 0 0 0 0 0 0 0 0 0 0 0 0 0 0 3 0 42296 42284 0 0 165 0 0 0 41635141 12653705 0 0 0 0 0 22076195 0 0 0 
0 0 0 0 0 0 0 0 0 0 0 0 0 0 0 0 0 0 0 0 0 0 0 3 42306 0 0 2 0 0 164 0 0 12664506 23014454 18630277 0 0 0 22085831 0 0 0 0 
0 0 0 0 0 0 0 0 0 0 0 0 0 0 0 0 0 0 0 0 0 0 0 3 0 42304 42292 0 0 165 0 0 0 41652791 12659571 0 0 0 0 0 22089180 0 0 0 
0 0 0 0 0 0 0 0 0 0 0 0 0 0 0 0 0 0 0 0 0 0 0 3 42362 0 0 2 0 0 164 0 0 12668586 23034563 18642287 0 0 0 22104744 0 0 0 0 
0 0 0 0 0 0 0 0 0 0 0 0 0 0 0 0 0 0 0 0 0 0 0 3 0 42360 42348 0 0 165 0 0 0 41684908 12663652 0 0 0 0 0 22108092 0 0 0 
0 0 0 0 0 0 0 0 0 0 0 0 0 0 0 0 0 0 0 0 0 0 0 3 42366 0 0 2 0 0 164 0 0 12674533 23049152 18649731 0 0 0 22116133 0 0 0 0 
0 0 0 0 0 0 0 0 0 0 0 0 0 0 0 0 0 0 0 0 0 0 0 3 0 42367 42352 0 0 165 0 0 0 41706940 12669600 0 0 0 0 0 22119481 0 0 0 
0 0 0 0 0 0 0 0 0 0 0 0 0 0 0 0 0 0 0 0 0 0 0 3 42422 0 0 2 0 0 164 0 0 12678526 23065678 18661450 0 0 0 22135800 0 0 0 0 
0 0 0 0 0 0 0 0 0 0 0 0 0 0 0 0 0 0 0 0 0 0 0 3 0 42420 42408 0 0 165 0 0 0 41735182 12673594 0 0 0 0 0 22139151 0 0 0 
0 0 0 0 0 0 0 0 0 0 0 0 0 0 0 0 0 0 0 0 0 0 0 3 42478 0 0 2 0 0 164 0 0 12688454 23082817 18676101 0 0 0 22152880 0 0 0 0 
0 0 0 0 0 0 0 0 0 0 0 0 0 0 0 0 0 0 0 0 0 0 0 3 0 42476 42464 0 0 165 0 0 0 41766971 12683523 0 0 0 0 0 22156227 0 0 0 
0 0 0 0 0 0 0 0 0 0 0 0 0 0 0 0 0 0 0 0 0 0 0 3 42486 0 0 2 0 0 164 0 0 12694404 23097078 18683304 0 0 0 22166052 0 0 0 0 
0 0 0 0 0 0 0 0 0 0 0 0 0 0 0 0 0 0 0 0 0 0 0 3 0 42484 42472 0 0 165 0 0 0 41788435 12689473 0 0 0 0 0 22169400 0 0 0 
0 0 0 0 0 0 0 0 0 0 0 0 0 0 0 0 0 0 0 0 0 0 0 3 42542 0 0 2 0 0 164 0 0 12698402 23113626 18695465 0 0 0 22183632 0 0 0 0 
0 0 0 0 0 0 0 0 0 0 0 0 0 0 0 0 0 0 0 0 0 0 0 3 0 42540 42528 0 0 165 0 0 0 41817145 12693472 0 0 0 0 0 22186983 0 0 0 
0 0 0 0 0 0 0 0 0 0 0 0 0 0 0 0 0 0 0 0 0 0 0 3 42562 0 0 2 0 0 164 0 0 12707156 23129770 18708827 0 0 0 22199936 0 0 0 0 
0 0 0 0 0 0 0 0 0 0 0 0 0 0 0 0 0 0 0 0 0 0 0 3 0 42563 42548 0 0 165 0 0 0 41846649 12702227 0 0 0 0 0 22203286 0 0 0 
0 0 0 0 0 0 0 0 0 0 0 0 0 0 0 0 0 0 0 0 0 0 0 3 42602 0 0 2 0 0 164 0 0 12708339 23145508 18715536 0 0 0 22215456 0 0 0 0 
0 0 0 0 0 0 0 0 0 0 0 0 0 0 0 0 0 0 0 0 0 0 0 3 0 42600 42588 0 0 165 0 0 0 41869097 12703410 0 0 0 0 0 22218805 0 0 0 
0 0 0 0 0 0 0 0 0 0 0 0 0 0 0 0 0 0 0 0 0 0 0 3 42658 0 0 2 0 0 164 0 0 12718265 23164503 18729477 0 0 0 22234390 0 0 0 0 
0 0 0 0 0 0 0 0 0 0 0 0 0 0 0 0 0 0 0 0 0 0 0 3 0 42656 42644 0 0 165 0 0 0 41902031 12713339 0 0 0 0 0 22237740 0 0 0 
0 0 0 0 0 0 0 0 0 0 0 0 0 0 0 0 0 0 0 0 0 0 0 3 42666 0 0 2 0 0 164 0 0 12723483 23181592 18734812 0 0 0 22252546 0 0 0 0 
0 0 0 0 0 0 0 0 0 0 0 0 0 0 0 0 0 0 0 0 0 0 0 3 0 42664 42652 0 0 165 0 0 0 41924455 12718557 0 0 0 0 0 22255894 0 0 0 
0 0 0 0 0 0 0 0 0 0 0 0 0 0 0 0 0 0 0 0 0 0 0 3 42718 0 0 2 0 0 164 0 0 12728210 23199622 18747898 0 0 0 22269449 0 0 0 0 
0 0 0 0 0 0 0 0 0 0 0 0 0 0 0 0 0 0 0 0 0 0 0 3 0 42719 42704 0 0 165 0 0 0 41955567 12723284 0 0 0 0 0 22272801 0 0 0 
0 0 0 0 0 0 0 0 0 0 0 0 0 0 0 0 0 0 0 0 0 0 0 3 42730 0 0 2 0 0 164 0 0 12734500 23218024 18756185 0 0 0 22284483 0 0 0 0 
0 0 0 0 0 0 0 0 0 0 0 0 0 0 0 0 0 0 0 0 0 0 0 3 0 42728 42716 0 0 165 0 0 0 41982261 12729575 0 0 0 0 0 22287837 0 0 0 
0 0 0 0 0 0 0 0 0 0 0 0 0 0 0 0 0 0 0 0 0 0 0 3 42782 0 0 2 0 0 164 0 0 12738152 23235599 18767042 0 0 0 22305368 0 0 0 0 
0 0 0 0 0 0 0 0 0 0 0 0 0 0 0 0 0 0 0 0 0 0 0 3 0 42780 42768 0 0 165 0 0 0 42010690 12733227 0 0 0 0 0 22308720 0 0 0 
0 0 0 0 0 0 0 0 0 0 0 0 0 0 0 0 0 0 0 0 0 0 0 3 42838 0 0 2 0 0 164 0 0 12748080 23252558 18781685 0 0 0 22322269 0 0 0 0 
0 0 0 0 0 0 0 0 0 0 0 0 0 0 0 0 0 0 0 0 0 0 0 3 0 42836 42824 0 0 165 0 0 0 42042290 12743156 0 0 0 0 0 22325621 0 0 0 
0 0 0 0 0 0 0 0 0 0 0 0 0 0 0 0 0 0 0 0 0 0 0 3 42846 0 0 2 0 0 164 0 0 12754030 23267810 18788534 0 0 0 22337731 0 0 0 0 
0 0 0 0 0 0 0 0 0 0 0 0 0 0 0 0 0 0 0 0 0 0 0 3 0 42844 42832 0 0 165 0 0 0 42064393 12749106 0 0 0 0 0 22341083 0 0 0 
0 0 0 0 0 0 0 0 0 0 0 0 0 0 0 0 0 0 0 0 0 0 0 3 42902 0 0 2 0 0 164 0 0 12758022 23281850 18802183 0 0 0 22351500 0 0 0 0 
0 0 0 0 0 0 0 0 0 0 0 0 0 0 0 0 0 0 0 0 0 0 0 3 0 42900 42888 0 0 165 0 0 0 42092081 12753105 0 0 0 0 0 22354859 0 0 0 
0 0 0 0 0 0 0 0 0 0 0 0 0 0 0 0 0 0 0 0 0 0 0 3 42958 0 0 2 0 0 164 0 0 12767950 23298039 18816109 0 0 0 22367627 0 0 0 0 
0 0 0 0 0 0 0 0 0 0 0 0 0 0 0 0 0 0 0 0 0 0 0 3 0 42956 42944 0 0 165 0 0 0 42122195 12763034 0 0 0 0 0 22370990 0 0 0 
0 0 0 0 0 0 0 0 0 0 0 0 0 0 0 0 0 0 0 0 0 0 0 3 42966 0 0 2 0 0 164 0 0 12773812 23311499 18823509 0 0 0 22382221 0 0 0 0 
0 0 0 0 0 0 0 0 0 0 0 0 0 0 0 0 0 0 0 0 0 0 0 3 0 42964 42952 0 0 165 0 0 0 42143054 12768896 0 0 0 0 0 22385585 0 0 0 
0 0 0 0 0 0 0 0 0 0 0 0 0 0 0 0 0 0 0 0 0 0 0 3 43022 0 0 2 0 0 164 0 0 12777898 23326781 18837292 0 0 0 22396311 0 0 0 0 
0 0 0 0 0 0 0 0 0 0 0 0 0 0 0 0 0 0 0 0 0 0 0 3 0 43020 43008 0 0 165 0 0 0 42172115 12772985 0 0 0 0 0 22399677 0 0 0 
0 0 0 0 0 0 0 0 0 0 0 0 0 0 0 0 0 0 0 0 0 0 0 3 43078 0 0 2 0 0 164 0 0 12787823 23345021 18851367 0 0 0 22414488 0 0 0 0 
0 0 0 0 0 0 0 0 0 0 0 0 0 0 0 0 0 0 0 0 0 0 0 3 0 43076 43064 0 0 165 0 0 0 42204427 12782914 0 0 0 0 0 22417857 0 0 0 
0 0 0 0 0 0 0 0 0 0 0 0 0 0 0 0 0 0 0 0 0 0 0 3 43086 0 0 2 0 0 164 0 0 12792938 23355990 18859316 0 0 0 22426552 0 0 0 0 
0 0 0 0 0 0 0 0 0 0 0 0 0 0 0 0 0 0 0 0 0 0 0 3 0 43084 43072 0 0 165 0 0 0 42223345 12788030 0 0 0 0 0 22429921 0 0 0 
0 0 0 0 0 0 0 0 0 0 0 0 0 0 0 0 0 0 0 0 0 0 0 3 43138 0 0 2 0 0 164 0 0 12797771 23371128 18872714 0 0 0 22440540 0 0 0 0 
0 0 0 0 0 0 0 0 0 0 0 0 0 0 0 0 0 0 0 0 0 0 0 3 0 43139 43124 0 0 165 0 0 0 42251876 12792865 0 0 0 0 0 22443906 0 0 0 
0 0 0 0 0 0 0 0 0 0 0 0 0 0 0 0 0 0 0 0 0 0 0 3 43162 0 0 2 0 0 164 0 0 12806301 23389444 18887742 0 0 0 22458912 0 0 0 0 
0 0 0 0 0 0 0 0 0 0 0 0 0 0 0 0 0 0 0 0 0 0 0 3 0 43160 43148 0 0 165 0 0 0 42285219 12801399 0 0 0 0 0 22462279 0 0 0 
0 0 0 0 0 0 0 0 0 0 0 0 0 0 0 0 0 0 0 0 0 0 0 3 43202 0 0 2 0 0 164 0 0 12807715 23398067 18893004 0 0 0 22467422 0 0 0 0 
0 0 0 0 0 0 0 0 0 0 0 0 0 0 0 0 0 0 0 0 0 0 0 3 0 43203 43188 0 0 165 0 0 0 42299104 12802814 0 0 0 0 0 22470789 0 0 0 
0 0 0 0 0 0 0 0 0 0 0 0 0 0 0 0 0 0 0 0 0 0 0 3 43258 0 0 2 0 0 164 0 0 12817637 23419798 18908060 0 0 0 22489088 0 0 0 0 
0 0 0 0 0 0 0 0 0 0 0 0 0 0 0 0 0 0 0 0 0 0 0 3 0 43256 43244 0 0 165 0 0 0 42335890 12812737 0 0 0 0 0 22492456 0 0 0 
0 0 0 0 0 0 0 0 0 0 0 0 0 0 0 0 0 0 0 0 0 0 0 3 43266 0 0 2 0 0 164 0 0 12823587 23435090 18915553 0 0 0 22502359 0 0 0 0 
0 0 0 0 0 0 0 0 0 0 0 0 0 0 0 0 0 0 0 0 0 0 0 3 0 43264 43252 0 0 165 0 0 0 42358676 12818687 0 0 0 0 0 22505728 0 0 0 
0 0 0 0 0 0 0 0 0 0 0 0 0 0 0 0 0 0 0 0 0 0 0 3 43322 0 0 2 0 0 164 0 0 12827585 23449387 18928640 0 0 0 22518620 0 0 0 0 
0 0 0 0 0 0 0 0 0 0 0 0 0 0 0 0 0 0 0 0 0 0 0 3 0 43320 43308 0 0 165 0 0 0 42386060 12822686 0 0 0 0 0 22521990 0 0 0 
0 0 0 0 0 0 0 0 0 0 0 0 0 0 0 0 0 0 0 0 0 0 0 3 43362 0 0 2 0 0 164 0 0 12836588 23468093 18941992 0 0 0 22537157 0 0 0 0 
0 0 0 0 0 0 0 0 0 0 0 0 0 0 0 0 0 0 0 0 0 0 0 3 0 43360 43348 0 0 165 0 0 0 42418119 12831690 0 0 0 0 0 22540534 0 0 0 
0 0 0 0 0 0 0 0 0 0 0 0 0 0 0 0 0 0 0 0 0 0 0 3 43386 0 0 2 0 0 164 0 0 12839059 23483445 18947800 0 0 0 22552301 0 0 0 0 
0 0 0 0 0 0 0 0 0 0 0 0 0 0 0 0 0 0 0 0 0 0 0 3 0 43384 43372 0 0 165 0 0 0 42439279 12834159 0 0 0 0 0 22555678 0 0 0 
0 0 0 0 0 0 0 0 0 0 0 0 0 0 0 0 0 0 0 0 0 0 0 3 43438 0 0 2 0 0 164 0 0 12847453 23504950 18961996 0 0 0 22574060 0 0 0 0 
0 0 0 0 0 0 0 0 0 0 0 0 0 0 0 0 0 0 0 0 0 0 0 3 0 43436 43424 0 0 165 0 0 0 42474981 12842552 0 0 0 0 0 22577439 0 0 0 
0 0 0 0 0 0 0 0 0 0 0 0 0 0 0 0 0 0 0 0 0 0 0 3 43446 0 0 2 0 0 164 0 0 12853199 23520599 18968611 0 0 0 22590748 0 0 0 0 
0 0 0 0 0 0 0 0 0 0 0 0 0 0 0 0 0 0 0 0 0 0 0 3 0 43444 43432 0 0 165 0 0 0 42497243 12848298 0 0 0 0 0 22594127 0 0 0 
0 0 0 0 0 0 0 0 0 0 0 0 0 0 0 0 0 0 0 0 0 0 0 3 43502 0 0 2 0 0 164 0 0 12857397 23538157 18981243 0 0 0 22607209 0 0 0 0 
0 0 0 0 0 0 0 0 0 0 0 0 0 0 0 0 0 0 0 0 0 0 0 3 0 43500 43488 0 0 165 0 0 0 42527431 12852499 0 0 0 0 0 22610589 0 0 0 
0 0 0 0 0 0 0 0 0 0 0 0 0 0 0 0 0 0 0 0 0 0 0 3 43506 0 0 2 0 0 164 0 0 12863346 23556823 18989198 0 0 0 22623025 0 0 0 0 
0 0 0 0 0 0 0 0 0 0 0 0 0 0 0 0 0 0 0 0 0 0 0 3 0 43506 43492 0 0 165 0 0 0 42554051 12858448 0 0 0 0 0 22626405 0 0 0 
0 0 0 0 0 0 0 0 0 0 0 0 0 0 0 0 0 0 0 0 0 0 0 3 43562 0 0 2 0 0 164 0 0 12867343 23573997 19000767 0 0 0 22642992 0 0 0 0 
0 0 0 0 0 0 0 0 0 0 0 0 0 0 0 0 0 0 0 0 0 0 0 3 0 43560 43548 0 0 165 0 0 0 42582795 12862445 0 0 0 0 0 22646373 0 0 0 
0 0 0 0 0 0 0 0 0 0 0 0 0 0 0 0 0 0 0 0 0 0 0 3 43618 0 0 2 0 0 164 0 0 12877271 23592124 19013844 0 0 0 22661061 0 0 0 0 
0 0 0 0 0 0 0 0 0 0 0 0 0 0 0 0 0 0 0 0 0 0 0 3 0 43616 43604 0 0 165 0 0 0 42614002 12872374 0 0 0 0 0 22664441 0 0 0 
0 0 0 0 0 0 0 0 0 0 0 0 0 0 0 0 0 0 0 0 0 0 0 3 43626 0 0 2 0 0 164 0 0 12881039 23609425 19019578 0 0 0 22678786 0 0 0 0 
0 0 0 0 0 0 0 0 0 0 0 0 0 0 0 0 0 0 0 0 0 0 0 3 0 43624 43612 0 0 165 0 0 0 42637036 12876142 0 0 0 0 0 22682165 0 0 0 
0 0 0 0 0 0 0 0 0 0 0 0 0 0 0 0 0 0 0 0 0 0 0 3 43678 0 0 2 0 0 164 0 0 12887209 23631939 19033168 0 0 0 22700815 0 0 0 0 
0 0 0 0 0 0 0 0 0 0 0 0 0 0 0 0 0 0 0 0 0 0 0 3 0 43676 43664 0 0 165 0 0 0 42673141 12882313 0 0 0 0 0 22704197 0 0 0 
0 0 0 0 0 0 0 0 0 0 0 0 0 0 0 0 0 0 0 0 0 0 0 3 43686 0 0 2 0 0 164 0 0 12893159 23649178 19040776 0 0 0 22715499 0 0 0 0 
0 0 0 0 0 0 0 0 0 0 0 0 0 0 0 0 0 0 0 0 0 0 0 3 0 43684 43672 0 0 165 0 0 0 42697989 12888263 0 0 0 0 0 22718881 0 0 0 
0 0 0 0 0 0 0 0 0 0 0 0 0 0 0 0 0 0 0 0 0 0 0 3 43742 0 0 2 0 0 164 0 0 12897158 23667044 19052456 0 0 0 22735863 0 0 0 0 
0 0 0 0 0 0 0 0 0 0 0 0 0 0 0 0 0 0 0 0 0 0 0 3 0 43740 43728 0 0 165 0 0 0 42727534 12892263 0 0 0 0 0 22739245 0 0 0 
0 0 0 0 0 0 0 0 0 0 0 0 0 0 0 0 0 0 0 0 0 0 0 3 43798 0 0 2 0 0 164 0 0 12907085 23686759 19065697 0 0 0 22755519 0 0 0 0 
0 0 0 0 0 0 0 0 0 0 0 0 0 0 0 0 0 0 0 0 0 0 0 3 0 43796 43784 0 0 165 0 0 0 42760485 12902192 0 0 0 0 0 22758903 0 0 0 
0 0 0 0 0 0 0 0 0 0 0 0 0 0 0 0 0 0 0 0 0 0 0 3 43806 0 0 2 0 0 164 0 0 12909247 23698257 19071357 0 0 0 22766926 0 0 0 0 
0 0 0 0 0 0 0 0 0 0 0 0 0 0 0 0 0 0 0 0 0 0 0 3 0 43804 43792 0 0 165 0 0 0 42777643 12904355 0 0 0 0 0 22770310 0 0 0 
0 0 0 0 0 0 0 0 0 0 0 0 0 0 0 0 0 0 0 0 0 0 0 3 43858 0 0 2 0 0 164 0 0 12917022 23720476 19085260 0 0 0 22789179 0 0 0 0 
0 0 0 0 0 0 0 0 0 0 0 0 0 0 0 0 0 0 0 0 0 0 0 3 0 43856 43844 0 0 165 0 0 0 42813764 12912131 0 0 0 0 0 22792561 0 0 0 
0 0 0 0 0 0 0 0 0 0 0 0 0 0 0 0 0 0 0 0 0 0 0 3 43866 0 0 2 0 0 164 0 0 12922972 23737211 19091671 0 0 0 22805842 0 0 0 0 
0 0 0 0 0 0 0 0 0 0 0 0 0 0 0 0 0 0 0 0 0 0 0 3 0 43864 43852 0 0 165 0 0 0 42836909 12918081 0 0 0 0 0 22809224 0 0 0 
0 0 0 0 0 0 0 0 0 0 0 0 0 0 0 0 0 0 0 0 0 0 0 3 43922 0 0 2 0 0 164 0 0 12926968 23754060 19103793 0 0 0 22822700 0 0 0 0 
0 0 0 0 0 0 0 0 0 0 0 0 0 0 0 0 0 0 0 0 0 0 0 3 0 43920 43908 0 0 165 0 0 0 42865876 12922081 0 0 0 0 0 22826087 0 0 0 
0 0 0 0 0 0 0 0 0 0 0 0 0 0 0 0 0 0 0 0 0 0 0 3 43946 0 0 2 0 0 164 0 0 12935726 23772879 19117063 0 0 0 22841678 0 0 0 0 
0 0 0 0 0 0 0 0 0 0 0 0 0 0 0 0 0 0 0 0 0 0 0 3 0 43944 43932 0 0 165 0 0 0 42897962 12930840 0 0 0 0 0 22845063 0 0 0 
0 0 0 0 0 0 0 0 0 0 0 0 0 0 0 0 0 0 0 0 0 0 0 3 43986 0 0 2 0 0 164 0 0 12939771 23784887 19123541 0 0 0 22853594 0 0 0 0 
0 0 0 0 0 0 0 0 0 0 0 0 0 0 0 0 0 0 0 0 0 0 0 3 0 43984 43972 0 0 165 0 0 0 42916449 12934885 0 0 0 0 0 22856979 0 0 0 
0 0 0 0 0 0 0 0 0 0 0 0 0 0 0 0 0 0 0 0 0 0 0 3 44038 0 0 2 0 0 164 0 0 12946832 23804508 19138241 0 0 0 22873028 0 0 0 0 
0 0 0 0 0 0 0 0 0 0 0 0 0 0 0 0 0 0 0 0 0 0 0 3 0 44036 44024 0 0 165 0 0 0 42950768 12941950 0 0 0 0 0 22876416 0 0 0 
0 0 0 0 0 0 0 0 0 0 0 0 0 0 0 0 0 0 0 0 0 0 0 3 44046 0 0 2 0 0 164 0 0 12952782 23818988 19145422 0 0 0 22886373 0 0 0 0 
0 0 0 0 0 0 0 0 0 0 0 0 0 0 0 0 0 0 0 0 0 0 0 3 0 44044 44032 0 0 165 0 0 0 42972429 12947900 0 0 0 0 0 22889761 0 0 0 
0 0 0 0 0 0 0 0 0 0 0 0 0 0 0 0 0 0 0 0 0 0 0 3 44102 0 0 2 0 0 164 0 0 12956777 23833140 19158103 0 0 0 22901600 0 0 0 0 
0 0 0 0 0 0 0 0 0 0 0 0 0 0 0 0 0 0 0 0 0 0 0 3 0 44100 44088 0 0 165 0 0 0 42999259 12951897 0 0 0 0 0 22904990 0 0 0 
0 0 0 0 0 0 0 0 0 0 0 0 0 0 0 0 0 0 0 0 0 0 0 3 44126 0 0 2 0 0 164 0 0 12965532 23852272 19172142 0 0 0 22920892 0 0 0 0 
0 0 0 0 0 0 0 0 0 0 0 0 0 0 0 0 0 0 0 0 0 0 0 3 0 44124 44112 0 0 165 0 0 0 43032426 12960656 0 0 0 0 0 22924280 0 0 0 
0 0 0 0 0 0 0 0 0 0 0 0 0 0 0 0 0 0 0 0 0 0 0 3 44166 0 0 2 0 0 164 0 0 12968058 23867631 19177559 0 0 0 22935669 0 0 0 0 
0 0 0 0 0 0 0 0 0 0 0 0 0 0 0 0 0 0 0 0 0 0 0 3 0 44164 44152 0 0 165 0 0 0 43053204 12963181 0 0 0 0 0 22939057 0 0 0 
0 0 0 0 0 0 0 0 0 0 0 0 0 0 0 0 0 0 0 0 0 0 0 3 44218 0 0 2 0 0 164 0 0 12976642 23886840 19192488 0 0 0 22955184 0 0 0 0 
0 0 0 0 0 0 0 0 0 0 0 0 0 0 0 0 0 0 0 0 0 0 0 3 0 44216 44204 0 0 165 0 0 0 43087338 12971768 0 0 0 0 0 22958572 0 0 0 
0 0 0 0 0 0 0 0 0 0 0 0 0 0 0 0 0 0 0 0 0 0 0 3 44226 0 0 2 0 0 164 0 0 12982592 23905156 19199330 0 0 0 22972363 0 0 0 0 
0 0 0 0 0 0 0 0 0 0 0 0 0 0 0 0 0 0 0 0 0 0 0 3 0 44224 44212 0 0 165 0 0 0 43112497 12977718 0 0 0 0 0 22975751 0 0 0 
0 0 0 0 0 0 0 0 0 0 0 0 0 0 0 0 0 0 0 0 0 0 0 3 44282 0 0 2 0 0 164 0 0 12986590 23920518 19210973 0 0 0 22988806 0 0 0 0 
0 0 0 0 0 0 0 0 0 0 0 0 0 0 0 0 0 0 0 0 0 0 0 3 0 44280 44268 0 0 165 0 0 0 43139499 12981717 0 0 0 0 0 22992197 0 0 0 
0 0 0 0 0 0 0 0 0 0 0 0 0 0 0 0 0 0 0 0 0 0 0 3 44310 0 0 2 0 0 164 0 0 12995582 23938115 19224363 0 0 0 23006562 0 0 0 0 
0 0 0 0 0 0 0 0 0 0 0 0 0 0 0 0 0 0 0 0 0 0 0 3 0 44312 44296 0 0 165 0 0 0 43170488 12990711 0 0 0 0 0 23009953 0 0 0 
0 0 0 0 0 0 0 0 0 0 0 0 0 0 0 0 0 0 0 0 0 0 0 3 44342 0 0 2 0 0 164 0 0 12996533 23952445 19229089 0 0 0 23020679 0 0 0 0 
0 0 0 0 0 0 0 0 0 0 0 0 0 0 0 0 0 0 0 0 0 0 0 3 0 44343 44328 0 0 165 0 0 0 43189544 12991662 0 0 0 0 0 23024070 0 0 0 
0 0 0 0 0 0 0 0 0 0 0 0 0 0 0 0 0 0 0 0 0 0 0 3 44398 0 0 2 0 0 164 0 0 13006456 23973759 19243558 0 0 0 23041933 0 0 0 0 
0 0 0 0 0 0 0 0 0 0 0 0 0 0 0 0 0 0 0 0 0 0 0 3 0 44396 44384 0 0 165 0 0 0 43225326 13001586 0 0 0 0 0 23045325 0 0 0 
0 0 0 0 0 0 0 0 0 0 0 0 0 0 0 0 0 0 0 0 0 0 0 3 44406 0 0 2 0 0 164 0 0 13012216 23989552 19249104 0 0 0 23058922 0 0 0 0 
0 0 0 0 0 0 0 0 0 0 0 0 0 0 0 0 0 0 0 0 0 0 0 3 0 44404 44392 0 0 165 0 0 0 43246664 13007346 0 0 0 0 0 23062314 0 0 0 
0 0 0 0 0 0 0 0 0 0 0 0 0 0 0 0 0 0 0 0 0 0 0 3 44458 0 0 2 0 0 164 0 0 13016398 24006613 19262153 0 0 0 23074729 0 0 0 0 
0 0 0 0 0 0 0 0 0 0 0 0 0 0 0 0 0 0 0 0 0 0 0 3 0 44459 44444 0 0 165 0 0 0 43276776 13011531 0 0 0 0 0 23078123 0 0 0 
0 0 0 0 0 0 0 0 0 0 0 0 0 0 0 0 0 0 0 0 0 0 0 3 44466 0 0 2 0 0 164 0 0 13022341 24025335 19270254 0 0 0 23091208 0 0 0 0 
0 0 0 0 0 0 0 0 0 0 0 0 0 0 0 0 0 0 0 0 0 0 0 3 0 44464 44452 0 0 165 0 0 0 43303599 13017475 0 0 0 0 0 23094601 0 0 0 
0 0 0 0 0 0 0 0 0 0 0 0 0 0 0 0 0 0 0 0 0 0 0 3 44522 0 0 2 0 0 164 0 0 13026339 24042001 19281882 0 0 0 23110056 0 0 0 0 
0 0 0 0 0 0 0 0 0 0 0 0 0 0 0 0 0 0 0 0 0 0 0 3 0 44520 44508 0 0 165 0 0 0 43331891 13021474 0 0 0 0 0 23113451 0 0 0 
0 0 0 0 0 0 0 0 0 0 0 0 0 0 0 0 0 0 0 0 0 0 0 3 44578 0 0 2 0 0 164 0 0 13036266 24060629 19295982 0 0 0 23128619 0 0 0 0 
0 0 0 0 0 0 0 0 0 0 0 0 0 0 0 0 0 0 0 0 0 0 0 3 0 44576 44564 0 0 165 0 0 0 43364617 13031404 0 0 0 0 0 23132021 0 0 0 
0 0 0 0 0 0 0 0 0 0 0 0 0 0 0 0 0 0 0 0 0 0 0 3 44586 0 0 2 0 0 164 0 0 13040338 24076962 19301339 0 0 0 23145467 0 0 0 0 
0 0 0 0 0 0 0 0 0 0 0 0 0 0 0 0 0 0 0 0 0 0 0 3 0 44584 44572 0 0 165 0 0 0 43386309 13035476 0 0 0 0 0 23148869 0 0 0 
0 0 0 0 0 0 0 0 0 0 0 0 0 0 0 0 0 0 0 0 0 0 0 3 44642 0 0 2 0 0 164 0 0 13046213 24092954 19315417 0 0 0 23160885 0 0 0 0 
0 0 0 0 0 0 0 0 0 0 0 0 0 0 0 0 0 0 0 0 0 0 0 3 0 44640 44628 0 0 165 0 0 0 43416377 13041351 0 0 0 0 0 23164289 0 0 0 
0 0 0 0 0 0 0 0 0 0 0 0 0 0 0 0 0 0 0 0 0 0 0 3 44650 0 0 2 0 0 164 0 0 13052843 24112232 19324192 0 0 0 23176847 0 0 0 0 
0 0 0 0 0 0 0 0 0 0 0 0 0 0 0 0 0 0 0 0 0 0 0 3 0 44648 44636 0 0 165 0 0 0 43444432 13047982 0 0 0 0 0 23180250 0 0 0 
0 0 0 0 0 0 0 0 0 0 0 0 0 0 0 0 0 0 0 0 0 0 0 3 44702 0 0 2 0 0 164 0 0 13056152 24126803 19335049 0 0 0 23194676 0 0 0 0 
0 0 0 0 0 0 0 0 0 0 0 0 0 0 0 0 0 0 0 0 0 0 0 3 0 44700 44688 0 0 165 0 0 0 43469858 13051292 0 0 0 0 0 23198079 0 0 0 
0 0 0 0 0 0 0 0 0 0 0 0 0 0 0 0 0 0 0 0 0 0 0 3 44758 0 0 2 0 0 164 0 0 13066080 24145110 19350078 0 0 0 23212926 0 0 0 0 
0 0 0 0 0 0 0 0 0 0 0 0 0 0 0 0 0 0 0 0 0 0 0 3 0 44756 44744 0 0 165 0 0 0 43503197 13061221 0 0 0 0 0 23216329 0 0 0 
0 0 0 0 0 0 0 0 0 0 0 0 0 0 0 0 0 0 0 0 0 0 0 3 44766 0 0 2 0 0 164 0 0 13072030 24160834 19356025 0 0 0 23229779 0 0 0 0 
0 0 0 0 0 0 0 0 0 0 0 0 0 0 0 0 0 0 0 0 0 0 0 3 0 44764 44752 0 0 165 0 0 0 43524869 13067171 0 0 0 0 0 23233182 0 0 0 
0 0 0 0 0 0 0 0 0 0 0 0 0 0 0 0 0 0 0 0 0 0 0 3 44822 0 0 2 0 0 164 0 0 13076026 24175284 19368111 0 0 0 23243039 0 0 0 0 
0 0 0 0 0 0 0 0 0 0 0 0 0 0 0 0 0 0 0 0 0 0 0 3 0 44820 44808 0 0 165 0 0 0 43551400 13071168 0 0 0 0 0 23246445 0 0 0 
0 0 0 0 0 0 0 0 0 0 0 0 0 0 0 0 0 0 0 0 0 0 0 3 44826 0 0 2 0 0 164 0 0 13081974 24193126 19375373 0 0 0 23257600 0 0 0 0 
0 0 0 0 0 0 0 0 0 0 0 0 0 0 0 0 0 0 0 0 0 0 0 3 0 44827 44812 0 0 165 0 0 0 43576503 13077116 0 0 0 0 0 23261006 0 0 0 
0 0 0 0 0 0 0 0 0 0 0 0 0 0 0 0 0 0 0 0 0 0 0 3 44882 0 0 2 0 0 164 0 0 13085966 24203584 19387721 0 0 0 23271283 0 0 0 0 
0 0 0 0 0 0 0 0 0 0 0 0 0 0 0 0 0 0 0 0 0 0 0 3 0 44880 44868 0 0 165 0 0 0 43599307 13081109 0 0 0 0 0 23274684 0 0 0 
0 0 0 0 0 0 0 0 0 0 0 0 0 0 0 0 0 0 0 0 0 0 0 3 44910 0 0 2 0 0 164 0 0 13094732 24221462 19401550 0 0 0 23289313 0 0 0 0 
0 0 0 0 0 0 0 0 0 0 0 0 0 0 0 0 0 0 0 0 0 0 0 3 0 44908 44896 0 0 165 0 0 0 43631011 13089875 0 0 0 0 0 23292717 0 0 0 
0 0 0 0 0 0 0 0 0 0 0 0 0 0 0 0 0 0 0 0 0 0 0 3 44946 0 0 2 0 0 164 0 0 13100604 24232972 19408975 0 0 0 23301505 0 0 0 0 
0 0 0 0 0 0 0 0 0 0 0 0 0 0 0 0 0 0 0 0 0 0 0 3 0 44944 44932 0 0 165 0 0 0 43649948 13095747 0 0 0 0 0 23304909 0 0 0 
0 0 0 0 0 0 0 0 0 0 0 0 0 0 0 0 0 0 0 0 0 0 0 3 45002 0 0 2 0 0 164 0 0 13105843 24249079 19422688 0 0 0 23316656 0 0 0 0 
0 0 0 0 0 0 0 0 0 0 0 0 0 0 0 0 0 0 0 0 0 0 0 3 0 45000 44988 0 0 165 0 0 0 43679765 13100987 0 0 0 0 0 23320060 0 0 0 
0 0 0 0 0 0 0 0 0 0 0 0 0 0 0 0 0 0 0 0 0 0 0 3 45022 0 0 2 0 0 164 0 0 13114374 24268130 19437300 0 0 0 23335766 0 0 0 0 
0 0 0 0 0 0 0 0 0 0 0 0 0 0 0 0 0 0 0 0 0 0 0 3 0 45020 45008 0 0 165 0 0 0 43713429 13109518 0 0 0 0 0 23339171 0 0 0 
0 0 0 0 0 0 0 0 0 0 0 0 0 0 0 0 0 0 0 0 0 0 0 3 45066 0 0 2 0 0 164 0 0 13118591 24277865 19444174 0 0 0 23345518 0 0 0 0 
0 0 0 0 0 0 0 0 0 0 0 0 0 0 0 0 0 0 0 0 0 0 0 3 0 45064 45052 0 0 165 0 0 0 43730038 13113735 0 0 0 0 0 23348923 0 0 0 
0 0 0 0 0 0 0 0 0 0 0 0 0 0 0 0 0 0 0 0 0 0 0 3 45118 0 0 2 0 0 164 0 0 13125720 24294244 19458440 0 0 0 23361709 0 0 0 0 
0 0 0 0 0 0 0 0 0 0 0 0 0 0 0 0 0 0 0 0 0 0 0 3 0 45119 45104 0 0 165 0 0 0 43760682 13120864 0 0 0 0 0 23365110 0 0 0 
0 0 0 0 0 0 0 0 0 0 0 0 0 0 0 0 0 0 0 0 0 0 0 3 45130 0 0 2 0 0 164 0 0 13131902 24312444 19467028 0 0 0 23376555 0 0 0 0 
0 0 0 0 0 0 0 0 0 0 0 0 0 0 0 0 0 0 0 0 0 0 0 3 0 45128 45116 0 0 165 0 0 0 43787471 13127046 0 0 0 0 0 23379956 0 0 0 
0 0 0 0 0 0 0 0 0 0 0 0 0 0 0 0 0 0 0 0 0 0 0 3 45186 0 0 2 0 0 164 0 0 13137265 24322899 19479335 0 0 0 23390052 0 0 0 0 
0 0 0 0 0 0 0 0 0 0 0 0 0 0 0 0 0 0 0 0 0 0 0 3 0 45184 45172 0 0 165 0 0 0 43810235 13132410 0 0 0 0 0 23393455 0 0 0 
0 0 0 0 0 0 0 0 0 0 0 0 0 0 0 0 0 0 0 0 0 0 0 3 45238 0 0 2 0 0 164 0 0 13145593 24342120 19493964 0 0 0 23409461 0 0 0 0 
0 0 0 0 0 0 0 0 0 0 0 0 0 0 0 0 0 0 0 0 0 0 0 3 0 45236 45224 0 0 165 0 0 0 43844085 13140738 0 0 0 0 0 23412869 0 0 0 
0 0 0 0 0 0 0 0 0 0 0 0 0 0 0 0 0 0 0 0 0 0 0 3 45246 0 0 2 0 0 164 0 0 13151542 24359246 19501564 0 0 0 23424276 0 0 0 0 
0 0 0 0 0 0 0 0 0 0 0 0 0 0 0 0 0 0 0 0 0 0 0 3 0 45244 45232 0 0 165 0 0 0 43868813 13146688 0 0 0 0 0 23427684 0 0 0 
0 0 0 0 0 0 0 0 0 0 0 0 0 0 0 0 0 0 0 0 0 0 0 3 45302 0 0 2 0 0 164 0 0 13155537 24373618 19513693 0 0 0 23440903 0 0 0 0 
0 0 0 0 0 0 0 0 0 0 0 0 0 0 0 0 0 0 0 0 0 0 0 3 0 45300 45288 0 0 165 0 0 0 43895312 13150687 0 0 0 0 0 23444310 0 0 0 
0 0 0 0 0 0 0 0 0 0 0 0 0 0 0 0 0 0 0 0 0 0 0 3 45358 0 0 2 0 0 164 0 0 13165464 24391200 19527680 0 0 0 23458423 0 0 0 0 
0 0 0 0 0 0 0 0 0 0 0 0 0 0 0 0 0 0 0 0 0 0 0 3 0 45356 45344 0 0 165 0 0 0 43926882 13160616 0 0 0 0 0 23461832 0 0 0 
0 0 0 0 0 0 0 0 0 0 0 0 0 0 0 0 0 0 0 0 0 0 0 3 45366 0 0 2 0 0 164 0 0 13167956 24407027 19533485 0 0 0 23474206 0 0 0 0 
0 0 0 0 0 0 0 0 0 0 0 0 0 0 0 0 0 0 0 0 0 0 0 3 0 45364 45352 0 0 165 0 0 0 43948515 13163109 0 0 0 0 0 23477615 0 0 0 
0 0 0 0 0 0 0 0 0 0 0 0 0 0 0 0 0 0 0 0 0 0 0 3 45418 0 0 2 0 0 164 0 0 13175401 24427544 19547758 0 0 0 23494706 0 0 0 0 
0 0 0 0 0 0 0 0 0 0 0 0 0 0 0 0 0 0 0 0 0 0 0 3 0 45416 45404 0 0 165 0 0 0 43983304 13170556 0 0 0 0 0 23498118 0 0 0 
0 0 0 0 0 0 0 0 0 0 0 0 0 0 0 0 0 0 0 0 0 0 0 3 45426 0 0 2 0 0 164 0 0 13181351 24442947 19555913 0 0 0 23507377 0 0 0 0 
0 0 0 0 0 0 0 0 0 0 0 0 0 0 0 0 0 0 0 0 0 0 0 3 0 45424 45412 0 0 165 0 0 0 44006864 13176506 0 0 0 0 0 23510789 0 0 0 
0 0 0 0 0 0 0 0 0 0 0 0 0 0 0 0 0 0 0 0 0 0 0 3 45482 0 0 2 0 0 164 0 0 13185350 24459081 19567383 0 0 0 23526187 0 0 0 0 
0 0 0 0 0 0 0 0 0 0 0 0 0 0 0 0 0 0 0 0 0 0 0 3 0 45480 45468 0 0 165 0 0 0 44034468 13180505 0 0 0 0 0 23529601 0 0 0 
0 0 0 0 0 0 0 0 0 0 0 0 0 0 0 0 0 0 0 0 0 0 0 3 45538 0 0 2 0 0 164 0 0 13195286 24477276 19581371 0 0 0 23544320 0 0 0 0 
0 0 0 0 0 0 0 0 0 0 0 0 0 0 0 0 0 0 0 0 0 0 0 3 0 45536 45524 0 0 165 0 0 0 44066649 13190441 0 0 0 0 0 23547737 0 0 0 
0 0 0 0 0 0 0 0 0 0 0 0 0 0 0 0 0 0 0 0 0 0 0 3 45542 0 0 2 0 0 164 0 0 13195302 24492427 19587039 0 0 0 23559475 0 0 0 0 
0 0 0 0 0 0 0 0 0 0 0 0 0 0 0 0 0 0 0 0 0 0 0 3 0 45543 45528 0 0 165 0 0 0 44087468 13190457 0 0 0 0 0 23562892 0 0 0 
0 0 0 0 0 0 0 0 0 0 0 0 0 0 0 0 0 0 0 0 0 0 0 3 45598 0 0 2 0 0 164 0 0 13205225 24512966 19602286 0 0 0 23579952 0 0 0 0 
0 0 0 0 0 0 0 0 0 0 0 0 0 0 0 0 0 0 0 0 0 0 0 3 0 45596 45584 0 0 165 0 0 0 44123253 13200380 0 0 0 0 0 23583369 0 0 0 
0 0 0 0 0 0 0 0 0 0 0 0 0 0 0 0 0 0 0 0 0 0 0 3 45606 0 0 2 0 0 164 0 0 13211176 24528612 19609805 0 0 0 23594486 0 0 0 0 
0 0 0 0 0 0 0 0 0 0 0 0 0 0 0 0 0 0 0 0 0 0 0 3 0 45604 45592 0 0 165 0 0 0 44146418 13206331 0 0 0 0 0 23597904 0 0 0 
0 0 0 0 0 0 0 0 0 0 0 0 0 0 0 0 0 0 0 0 0 0 0 3 45662 0 0 2 0 0 164 0 0 13215174 24542359 19623091 0 0 0 23609289 0 0 0 0 
0 0 0 0 0 0 0 0 0 0 0 0 0 0 0 0 0 0 0 0 0 0 0 3 0 45660 45648 0 0 165 0 0 0 44173454 13210330 0 0 0 0 0 23612705 0 0 0 
0 0 0 0 0 0 0 0 0 0 0 0 0 0 0 0 0 0 0 0 0 0 0 3 45682 0 0 2 0 0 164 0 0 13223706 24561889 19637196 0 0 0 23628876 0 0 0 0 
0 0 0 0 0 0 0 0 0 0 0 0 0 0 0 0 0 0 0 0 0 0 0 3 0 45680 45668 0 0 165 0 0 0 44207088 13218862 0 0 0 0 0 23632294 0 0 0 
0 0 0 0 0 0 0 0 0 0 0 0 0 0 0 0 0 0 0 0 0 0 0 3 45722 0 0 2 0 0 164 0 0 13225115 24573644 19644499 0 0 0 23640515 0 0 0 0 
0 0 0 0 0 0 0 0 0 0 0 0 0 0 0 0 0 0 0 0 0 0 0 3 0 45720 45708 0 0 165 0 0 0 44226146 13220271 0 0 0 0 0 23643933 0 0 0 
0 0 0 0 0 0 0 0 0 0 0 0 0 0 0 0 0 0 0 0 0 0 0 3 45778 0 0 2 0 0 164 0 0 13235043 24590985 19659007 0 0 0 23657794 0 0 0 0 
0 0 0 0 0 0 0 0 0 0 0 0 0 0 0 0 0 0 0 0 0 0 0 3 0 45776 45764 0 0 165 0 0 0 44257991 13230200 0 0 0 0 0 23661214 0 0 0 
0 0 0 0 0 0 0 0 0 0 0 0 0 0 0 0 0 0 0 0 0 0 0 3 45786 0 0 2 0 0 164 0 0 13239079 24605302 19663255 0 0 0 23672600 0 0 0 0 
0 0 0 0 0 0 0 0 0 0 0 0 0 0 0 0 0 0 0 0 0 0 0 3 0 45784 45772 0 0 165 0 0 0 44276556 13234236 0 0 0 0 0 23676020 0 0 0 
0 0 0 0 0 0 0 0 0 0 0 0 0 0 0 0 0 0 0 0 0 0 0 3 45838 0 0 2 0 0 164 0 0 13244981 24624673 19676675 0 0 0 23691422 0 0 0 0 
0 0 0 0 0 0 0 0 0 0 0 0 0 0 0 0 0 0 0 0 0 0 0 3 0 45836 45824 0 0 165 0 0 0 44309345 13240139 0 0 0 0 0 23694844 0 0 0 
0 0 0 0 0 0 0 0 0 0 0 0 0 0 0 0 0 0 0 0 0 0 0 3 45846 0 0 2 0 0 164 0 0 13250937 24642611 19684619 0 0 0 23706229 0 0 0 0 
0 0 0 0 0 0 0 0 0 0 0 0 0 0 0 0 0 0 0 0 0 0 0 3 0 45847 45832 0 0 165 0 0 0 44335227 13246095 0 0 0 0 0 23709652 0 0 0 
0 0 0 0 0 0 0 0 0 0 0 0 0 0 0 0 0 0 0 0 0 0 0 3 45902 0 0 2 0 0 164 0 0 13254930 24656373 19696273 0 0 0 23723065 0 0 0 0 
0 0 0 0 0 0 0 0 0 0 0 0 0 0 0 0 0 0 0 0 0 0 0 3 0 45900 45888 0 0 165 0 0 0 44360642 13250089 0 0 0 0 0 23726488 0 0 0 
0 0 0 0 0 0 0 0 0 0 0 0 0 0 0 0 0 0 0 0 0 0 0 3 45958 0 0 2 0 0 164 0 0 13264855 24676352 19710139 0 0 0 23742979 0 0 0 0 
0 0 0 0 0 0 0 0 0 0 0 0 0 0 0 0 0 0 0 0 0 0 0 3 0 45956 45944 0 0 165 0 0 0 44394484 13260018 0 0 0 0 0 23746409 0 0 0 
0 0 0 0 0 0 0 0 0 0 0 0 0 0 0 0 0 0 0 0 0 0 0 3 45966 0 0 2 0 0 164 0 0 13269999 24693807 19716031 0 0 0 23761385 0 0 0 0 
0 0 0 0 0 0 0 0 0 0 0 0 0 0 0 0 0 0 0 0 0 0 0 3 0 45964 45952 0 0 165 0 0 0 44417832 13265162 0 0 0 0 0 23764815 0 0 0 
0 0 0 0 0 0 0 0 0 0 0 0 0 0 0 0 0 0 0 0 0 0 0 3 46022 0 0 2 0 0 164 0 0 13274803 24709804 19729821 0 0 0 23776373 0 0 0 0 
0 0 0 0 0 0 0 0 0 0 0 0 0 0 0 0 0 0 0 0 0 0 0 3 0 46020 46008 0 0 165 0 0 0 44447620 13269966 0 0 0 0 0 23779802 0 0 0 
0 0 0 0 0 0 0 0 0 0 0 0 0 0 0 0 0 0 0 0 0 0 0 3 46042 0 0 2 0 0 164 0 0 13283335 24729666 19744666 0 0 0 23796297 0 0 0 0 
0 0 0 0 0 0 0 0 0 0 0 0 0 0 0 0 0 0 0 0 0 0 0 3 0 46040 46028 0 0 165 0 0 0 44482329 13278499 0 0 0 0 0 23799725 0 0 0 
0 0 0 0 0 0 0 0 0 0 0 0 0 0 0 0 0 0 0 0 0 0 0 3 46086 0 0 2 0 0 164 0 0 13286788 24741032 19750633 0 0 0 23807399 0 0 0 0 
0 0 0 0 0 0 0 0 0 0 0 0 0 0 0 0 0 0 0 0 0 0 0 3 0 46084 46072 0 0 165 0 0 0 44499663 13281953 0 0 0 0 0 23810827 0 0 0 
0 0 0 0 0 0 0 0 0 0 0 0 0 0 0 0 0 0 0 0 0 0 0 3 46138 0 0 2 0 0 164 0 0 13294671 24760353 19765003 0 0 0 23826809 0 0 0 0 
0 0 0 0 0 0 0 0 0 0 0 0 0 0 0 0 0 0 0 0 0 0 0 3 0 46136 46124 0 0 165 0 0 0 44533348 13289838 0 0 0 0 0 23830237 0 0 0 
0 0 0 0 0 0 0 0 0 0 0 0 0 0 0 0 0 0 0 0 0 0 0 3 46146 0 0 2 0 0 164 0 0 13300436 24775215 19770166 0 0 0 23842600 0 0 0 0 
0 0 0 0 0 0 0 0 0 0 0 0 0 0 0 0 0 0 0 0 0 0 0 3 0 46144 46132 0 0 165 0 0 0 44553373 13295603 0 0 0 0 0 23846027 0 0 0 
0 0 0 0 0 0 0 0 0 0 0 0 0 0 0 0 0 0 0 0 0 0 0 3 46202 0 0 2 0 0 164 0 0 13304620 24791448 19783484 0 0 0 23857847 0 0 0 0 
0 0 0 0 0 0 0 0 0 0 0 0 0 0 0 0 0 0 0 0 0 0 0 3 0 46200 46188 0 0 165 0 0 0 44582922 13299788 0 0 0 0 0 23861272 0 0 0 
0 0 0 0 0 0 0 0 0 0 0 0 0 0 0 0 0 0 0 0 0 0 0 3 46222 0 0 2 0 0 164 0 0 13313150 24810961 19797357 0 0 0 23877416 0 0 0 0 
0 0 0 0 0 0 0 0 0 0 0 0 0 0 0 0 0 0 0 0 0 0 0 3 0 46223 46208 0 0 165 0 0 0 44616303 13308321 0 0 0 0 0 23880841 0 0 0 
0 0 0 0 0 0 0 0 0 0 0 0 0 0 0 0 0 0 0 0 0 0 0 3 46266 0 0 2 0 0 164 0 0 13318242 24822643 19804018 0 0 0 23889464 0 0 0 0 
0 0 0 0 0 0 0 0 0 0 0 0 0 0 0 0 0 0 0 0 0 0 0 3 0 46264 46252 0 0 165 0 0 0 44634646 13313413 0 0 0 0 0 23892888 0 0 0 
0 0 0 0 0 0 0 0 0 0 0 0 0 0 0 0 0 0 0 0 0 0 0 3 46318 0 0 2 0 0 164 0 0 13324491 24837665 19817712 0 0 0 23903945 0 0 0 0 
0 0 0 0 0 0 0 0 0 0 0 0 0 0 0 0 0 0 0 0 0 0 0 3 0 46319 46304 0 0 165 0 0 0 44663361 13319662 0 0 0 0 0 23907368 0 0 0 
0 0 0 0 0 0 0 0 0 0 0 0 0 0 0 0 0 0 0 0 0 0 0 3 46330 0 0 2 0 0 164 0 0 13332386 24854531 19828471 0 0 0 23917347 0 0 0 0 
0 0 0 0 0 0 0 0 0 0 0 0 0 0 0 0 0 0 0 0 0 0 0 3 0 46328 46316 0 0 165 0 0 0 44690988 13327559 0 0 0 0 0 23920769 0 0 0 
0 0 0 0 0 0 0 0 0 0 0 0 0 0 0 0 0 0 0 0 0 0 0 3 46382 0 0 2 0 0 164 0 0 13334437 24863591 19838589 0 0 0 23929814 0 0 0 0 
0 0 0 0 0 0 0 0 0 0 0 0 0 0 0 0 0 0 0 0 0 0 0 3 0 46383 46368 0 0 165 0 0 0 44710163 13329611 0 0 0 0 0 23933238 0 0 0 
0 0 0 0 0 0 0 0 0 0 0 0 0 0 0 0 0 0 0 0 0 0 0 3 46438 0 0 2 0 0 164 0 0 13344360 24885389 19853471 0 0 0 23951547 0 0 0 0 
0 0 0 0 0 0 0 0 0 0 0 0 0 0 0 0 0 0 0 0 0 0 0 3 0 46436 46424 0 0 165 0 0 0 44746835 13339534 0 0 0 0 0 23954971 0 0 0 
0 0 0 0 0 0 0 0 0 0 0 0 0 0 0 0 0 0 0 0 0 0 0 3 46446 0 0 2 0 0 164 0 0 13350310 24902534 19860171 0 0 0 23968121 0 0 0 0 
0 0 0 0 0 0 0 0 0 0 0 0 0 0 0 0 0 0 0 0 0 0 0 3 0 46444 46432 0 0 165 0 0 0 44770681 13345484 0 0 0 0 0 23971544 0 0 0 
0 0 0 0 0 0 0 0 0 0 0 0 0 0 0 0 0 0 0 0 0 0 0 3 46502 0 0 2 0 0 164 0 0 13354306 24915420 19873507 0 0 0 23981518 0 0 0 0 
0 0 0 0 0 0 0 0 0 0 0 0 0 0 0 0 0 0 0 0 0 0 0 3 0 46500 46488 0 0 165 0 0 0 44796900 13349484 0 0 0 0 0 23984944 0 0 0 
0 0 0 0 0 0 0 0 0 0 0 0 0 0 0 0 0 0 0 0 0 0 0 3 46558 0 0 2 0 0 164 0 0 13364234 24933143 19886939 0 0 0 23999183 0 0 0 0 
0 0 0 0 0 0 0 0 0 0 0 0 0 0 0 0 0 0 0 0 0 0 0 3 0 46556 46544 0 0 165 0 0 0 44828056 13359413 0 0 0 0 0 24002608 0 0 0 
0 0 0 0 0 0 0 0 0 0 0 0 0 0 0 0 0 0 0 0 0 0 0 3 46566 0 0 2 0 0 164 0 0 13369817 24947531 19893648 0 0 0 24014394 0 0 0 0 
0 0 0 0 0 0 0 0 0 0 0 0 0 0 0 0 0 0 0 0 0 0 0 3 0 46564 46552 0 0 165 0 0 0 44849154 13364996 0 0 0 0 0 24017818 0 0 0 
0 0 0 0 0 0 0 0 0 0 0 0 0 0 0 0 0 0 0 0 0 0 0 3 46622 0 0 2 0 0 164 0 0 13374178 24963338 19906898 0 0 0 24029318 0 0 0 0 
0 0 0 0 0 0 0 0 0 0 0 0 0 0 0 0 0 0 0 0 0 0 0 3 0 46620 46608 0 0 165 0 0 0 44878211 13369360 0 0 0 0 0 24032746 0 0 0 
0 0 0 0 0 0 0 0 0 0 0 0 0 0 0 0 0 0 0 0 0 0 0 3 46626 0 0 2 0 0 164 0 0 13380126 24980034 19914322 0 0 0 24043063 0 0 0 0 
0 0 0 0 0 0 0 0 0 0 0 0 0 0 0 0 0 0 0 0 0 0 0 3 0 46627 46612 0 0 165 0 0 0 44902329 13375308 0 0 0 0 0 24046491 0 0 0 
0 0 0 0 0 0 0 0 0 0 0 0 0 0 0 0 0 0 0 0 0 0 0 3 46682 0 0 2 0 0 164 0 0 13384119 24991456 19926408 0 0 0 24057378 0 0 0 0 
0 0 0 0 0 0 0 0 0 0 0 0 0 0 0 0 0 0 0 0 0 0 0 3 0 46680 46668 0 0 165 0 0 0 44925838 13379301 0 0 0 0 0 24060808 0 0 0 
0 0 0 0 0 0 0 0 0 0 0 0 0 0 0 0 0 0 0 0 0 0 0 3 46738 0 0 2 0 0 164 0 0 13394048 25010989 19940860 0 0 0 24076851 0 0 0 0 
0 0 0 0 0 0 0 0 0 0 0 0 0 0 0 0 0 0 0 0 0 0 0 3 0 46736 46724 0 0 165 0 0 0 44959822 13389230 0 0 0 0 0 24080281 0 0 0 
0 0 0 0 0 0 0 0 0 0 0 0 0 0 0 0 0 0 0 0 0 0 0 3 46746 0 0 2 0 0 164 0 0 13399743 25025852 19946523 0 0 0 24092591 0 0 0 0 
0 0 0 0 0 0 0 0 0 0 0 0 0 0 0 0 0 0 0 0 0 0 0 3 0 46744 46732 0 0 165 0 0 0 44980349 13394925 0 0 0 0 0 24096021 0 0 0 
0 0 0 0 0 0 0 0 0 0 0 0 0 0 0 0 0 0 0 0 0 0 0 3 46802 0 0 2 0 0 164 0 0 13403995 25040538 19958949 0 0 0 24106344 0 0 0 0 
0 0 0 0 0 0 0 0 0 0 0 0 0 0 0 0 0 0 0 0 0 0 0 3 0 46800 46788 0 0 165 0 0 0 45007461 13399177 0 0 0 0 0 24109773 0 0 0 
0 0 0 0 0 0 0 0 0 0 0 0 0 0 0 0 0 0 0 0 0 0 0 3 46826 0 0 2 0 0 164 0 0 13412752 25057879 19973333 0 0 0 24123845 0 0 0 0 
0 0 0 0 0 0 0 0 0 0 0 0 0 0 0 0 0 0 0 0 0 0 0 3 0 46824 46812 0 0 165 0 0 0 45039192 13407936 0 0 0 0 0 24127276 0 0 0 
0 0 0 0 0 0 0 0 0 0 0 0 0 0 0 0 0 0 0 0 0 0 0 3 46866 0 0 2 0 0 164 0 0 13416001 25069579 19978924 0 0 0 24135164 0 0 0 0 
0 0 0 0 0 0 0 0 0 0 0 0 0 0 0 0 0 0 0 0 0 0 0 3 0 46864 46852 0 0 165 0 0 0 45056483 13411185 0 0 0 0 0 24138595 0 0 0 
0 0 0 0 0 0 0 0 0 0 0 0 0 0 0 0 0 0 0 0 0 0 0 3 46918 0 0 2 0 0 164 0 0 13423863 25089599 19993009 0 0 0 24155290 0 0 0 0 
0 0 0 0 0 0 0 0 0 0 0 0 0 0 0 0 0 0 0 0 0 0 0 3 0 46916 46904 0 0 165 0 0 0 45090583 13419047 0 0 0 0 0 24158719 0 0 0 
0 0 0 0 0 0 0 0 0 0 0 0 0 0 0 0 0 0 0 0 0 0 0 3 46926 0 0 2 0 0 164 0 0 13429813 25106888 20000712 0 0 0 24169866 0 0 0 0 
0 0 0 0 0 0 0 0 0 0 0 0 0 0 0 0 0 0 0 0 0 0 0 3 0 46924 46912 0 0 165 0 0 0 45115574 13424997 0 0 0 0 0 24173294 0 0 0 
0 0 0 0 0 0 0 0 0 0 0 0 0 0 0 0 0 0 0 0 0 0 0 3 46982 0 0 2 0 0 164 0 0 13433807 25116527 20012325 0 0 0 24182160 0 0 0 0 
0 0 0 0 0 0 0 0 0 0 0 0 0 0 0 0 0 0 0 0 0 0 0 3 0 46980 46967 0 0 165 0 0 0 45136825 13428996 0 0 0 0 0 24185589 0 0 0 
0 0 0 0 0 0 0 0 0 0 0 0 0 0 0 0 0 0 0 0 0 0 0 3 47038 0 0 2 0 0 164 0 0 13443772 25133078 20025850 0 0 0 24198644 0 0 0 0 
0 0 0 0 0 0 0 0 0 0 0 0 0 0 0 0 0 0 0 0 0 0 0 3 0 47036 47023 0 0 165 0 0 0 45166902 13438965 0 0 0 0 0 24202075 0 0 0 
0 0 0 0 0 0 0 0 0 0 0 0 0 0 0 0 0 0 0 0 0 0 0 3 47046 0 0 2 0 0 164 0 0 13449002 25148270 20032083 0 0 0 24214818 0 0 0 0 
0 0 0 0 0 0 0 0 0 0 0 0 0 0 0 0 0 0 0 0 0 0 0 3 0 47044 47031 0 0 165 0 0 0 45188328 13444195 0 0 0 0 0 24218251 0 0 0 
0 0 0 0 0 0 0 0 0 0 0 0 0 0 0 0 0 0 0 0 0 0 0 3 47098 0 0 2 0 0 164 0 0 13453712 25163746 20045000 0 0 0 24229247 0 0 0 0 
0 0 0 0 0 0 0 0 0 0 0 0 0 0 0 0 0 0 0 0 0 0 0 3 0 47098 47083 0 0 165 0 0 0 45216719 13448908 0 0 0 0 0 24232688 0 0 0 
0 0 0 0 0 0 0 0 0 0 0 0 0 0 0 0 0 0 0 0 0 0 0 3 47106 0 0 2 0 0 164 0 0 13459658 25178663 20052870 0 0 0 24241315 0 0 0 0 
0 0 0 0 0 0 0 0 0 0 0 0 0 0 0 0 0 0 0 0 0 0 0 3 0 47104 47091 0 0 165 0 0 0 45239507 13454854 0 0 0 0 0 24244756 0 0 0 
0 0 0 0 0 0 0 0 0 0 0 0 0 0 0 0 0 0 0 0 0 0 0 3 47162 0 0 2 0 0 164 0 0 13463654 25190722 20065004 0 0 0 24256162 0 0 0 0 
0 0 0 0 0 0 0 0 0 0 0 0 0 0 0 0 0 0 0 0 0 0 0 3 0 47160 47147 0 0 165 0 0 0 45263698 13458853 0 0 0 0 0 24259606 0 0 0 
0 0 0 0 0 0 0 0 0 0 0 0 0 0 0 0 0 0 0 0 0 0 0 3 47218 0 0 2 0 0 164 0 0 13473580 25208230 20079553 0 0 0 24273606 0 0 0 0 
0 0 0 0 0 0 0 0 0 0 0 0 0 0 0 0 0 0 0 0 0 0 0 3 0 47216 47203 0 0 165 0 0 0 45295752 13468784 0 0 0 0 0 24277054 0 0 0 
0 0 0 0 0 0 0 0 0 0 0 0 0 0 0 0 0 0 0 0 0 0 0 3 47226 0 0 2 0 0 164 0 0 13479530 25222537 20086411 0 0 0 24287657 0 0 0 0 
0 0 0 0 0 0 0 0 0 0 0 0 0 0 0 0 0 0 0 0 0 0 0 3 0 47224 47211 0 0 165 0 0 0 45316916 13474734 0 0 0 0 0 24291105 0 0 0 
0 0 0 0 0 0 0 0 0 0 0 0 0 0 0 0 0 0 0 0 0 0 0 3 47282 0 0 2 0 0 164 0 0 13483524 25234910 20100025 0 0 0 24300224 0 0 0 0 
0 0 0 0 0 0 0 0 0 0 0 0 0 0 0 0 0 0 0 0 0 0 0 3 0 47280 47267 0 0 165 0 0 0 45342900 13478733 0 0 0 0 0 24303676 0 0 0 
0 0 0 0 0 0 0 0 0 0 0 0 0 0 0 0 0 0 0 0 0 0 0 3 47338 0 0 2 0 0 164 0 0 13493453 25254830 20114005 0 0 0 24320083 0 0 0 0 
0 0 0 0 0 0 0 0 0 0 0 0 0 0 0 0 0 0 0 0 0 0 0 3 0 47336 47323 0 0 165 0 0 0 45376800 13488663 0 0 0 0 0 24323535 0 0 0 
0 0 0 0 0 0 0 0 0 0 0 0 0 0 0 0 0 0 0 0 0 0 0 3 47346 0 0 2 0 0 164 0 0 13499403 25269115 20121117 0 0 0 24335277 0 0 0 0 
0 0 0 0 0 0 0 0 0 0 0 0 0 0 0 0 0 0 0 0 0 0 0 3 0 47344 47331 0 0 165 0 0 0 45398196 13494613 0 0 0 0 0 24338730 0 0 0 
0 0 0 0 0 0 0 0 0 0 0 0 0 0 0 0 0 0 0 0 0 0 0 3 47402 0 0 2 0 0 164 0 0 13503405 25283953 20134701 0 0 0 24349144 0 0 0 0 
0 0 0 0 0 0 0 0 0 0 0 0 0 0 0 0 0 0 0 0 0 0 0 3 0 47400 47387 0 0 165 0 0 0 45426616 13498615 0 0 0 0 0 24352598 0 0 0 
0 0 0 0 0 0 0 0 0 0 0 0 0 0 0 0 0 0 0 0 0 0 0 3 47458 0 0 2 0 0 164 0 0 13513335 25302468 20148455 0 0 0 24367598 0 0 0 0 
0 0 0 0 0 0 0 0 0 0 0 0 0 0 0 0 0 0 0 0 0 0 0 3 0 47456 47443 0 0 165 0 0 0 45458882 13508545 0 0 0 0 0 24371053 0 0 0 
0 0 0 0 0 0 0 0 0 0 0 0 0 0 0 0 0 0 0 0 0 0 0 3 47466 0 0 2 0 0 164 0 0 13519042 25316189 20155832 0 0 0 24382362 0 0 0 0 
0 0 0 0 0 0 0 0 0 0 0 0 0 0 0 0 0 0 0 0 0 0 0 3 0 47464 47451 0 0 165 0 0 0 45479980 13514254 0 0 0 0 0 24385817 0 0 0 
0 0 0 0 0 0 0 0 0 0 0 0 0 0 0 0 0 0 0 0 0 0 0 3 47522 0 0 2 0 0 164 0 0 13523278 25330959 20168810 0 0 0 24396031 0 0 0 0 
0 0 0 0 0 0 0 0 0 0 0 0 0 0 0 0 0 0 0 0 0 0 0 3 0 47520 47507 0 0 165 0 0 0 45507724 13518492 0 0 0 0 0 24399485 0 0 0 
0 0 0 0 0 0 0 0 0 0 0 0 0 0 0 0 0 0 0 0 0 0 0 3 47546 0 0 2 0 0 164 0 0 13532035 25348394 20182883 0 0 0 24413626 0 0 0 0 
0 0 0 0 0 0 0 0 0 0 0 0 0 0 0 0 0 0 0 0 0 0 0 3 0 47544 47531 0 0 165 0 0 0 45539228 13527251 0 0 0 0 0 24417082 0 0 0 
0 0 0 0 0 0 0 0 0 0 0 0 0 0 0 0 0 0 0 0 0 0 0 3 47586 0 0 2 0 0 164 0 0 13537000 25360364 20189482 0 0 0 24425889 0 0 0 0 
0 0 0 0 0 0 0 0 0 0 0 0 0 0 0 0 0 0 0 0 0 0 0 3 0 47584 47571 0 0 165 0 0 0 45557797 13532216 0 0 0 0 0 24429345 0 0 0 
0 0 0 0 0 0 0 0 0 0 0 0 0 0 0 0 0 0 0 0 0 0 0 3 47638 0 0 2 0 0 164 0 0 13543155 25377441 20203208 0 0 0 24442390 0 0 0 0 
0 0 0 0 0 0 0 0 0 0 0 0 0 0 0 0 0 0 0 0 0 0 0 3 0 47639 47623 0 0 165 0 0 0 45588594 13538372 0 0 0 0 0 24445853 0 0 0 
0 0 0 0 0 0 0 0 0 0 0 0 0 0 0 0 0 0 0 0 0 0 0 3 47646 0 0 2 0 0 164 0 0 13549129 25395585 20211316 0 0 0 24457632 0 0 0 0 
0 0 0 0 0 0 0 0 0 0 0 0 0 0 0 0 0 0 0 0 0 0 0 3 0 47646 47631 0 0 165 0 0 0 45614846 13544346 0 0 0 0 0 24461095 0 0 0 
0 0 0 0 0 0 0 0 0 0 0 0 0 0 0 0 0 0 0 0 0 0 0 3 47702 0 0 2 0 0 164 0 0 13553130 25409191 20223318 0 0 0 24474079 0 0 0 0 
0 0 0 0 0 0 0 0 0 0 0 0 0 0 0 0 0 0 0 0 0 0 0 3 0 47700 47687 0 0 165 0 0 0 45640455 13548351 0 0 0 0 0 24477544 0 0 0 
0 0 0 0 0 0 0 0 0 0 0 0 0 0 0 0 0 0 0 0 0 0 0 3 47758 0 0 2 0 0 164 0 0 13563057 25428395 20237011 0 0 0 24493220 0 0 0 0 
0 0 0 0 0 0 0 0 0 0 0 0 0 0 0 0 0 0 0 0 0 0 0 3 0 47756 47743 0 0 165 0 0 0 45673355 13558279 0 0 0 0 0 24496690 0 0 0 
0 0 0 0 0 0 0 0 0 0 0 0 0 0 0 0 0 0 0 0 0 0 0 3 47766 0 0 2 0 0 164 0 0 13567826 25446384 20242124 0 0 0 24511950 0 0 0 0 
0 0 0 0 0 0 0 0 0 0 0 0 0 0 0 0 0 0 0 0 0 0 0 3 0 47764 47751 0 0 165 0 0 0 45696458 13563048 0 0 0 0 0 24515419 0 0 0 
0 0 0 0 0 0 0 0 0 0 0 0 0 0 0 0 0 0 0 0 0 0 0 3 47818 0 0 2 0 0 164 0 0 13572997 25466463 20255702 0 0 0 24531227 0 0 0 0 
0 0 0 0 0 0 0 0 0 0 0 0 0 0 0 0 0 0 0 0 0 0 0 3 0 47816 47803 0 0 165 0 0 0 45730111 13568219 0 0 0 0 0 24534699 0 0 0 
0 0 0 0 0 0 0 0 0 0 0 0 0 0 0 0 0 0 0 0 0 0 0 3 47826 0 0 2 0 0 164 0 0 13578948 25484691 20263235 0 0 0 24546586 0 0 0 0 
0 0 0 0 0 0 0 0 0 0 0 0 0 0 0 0 0 0 0 0 0 0 0 3 0 47825 47811 0 0 165 0 0 0 45755873 13574171 0 0 0 0 0 24550058 0 0 0 
0 0 0 0 0 0 0 0 0 0 0 0 0 0 0 0 0 0 0 0 0 0 0 3 47882 0 0 2 0 0 164 0 0 13582945 25500877 20275022 0 0 0 24565583 0 0 0 0 
0 0 0 0 0 0 0 0 0 0 0 0 0 0 0 0 0 0 0 0 0 0 0 3 0 47880 47867 0 0 165 0 0 0 45783847 13578169 0 0 0 0 0 24569059 0 0 0 
0 0 0 0 0 0 0 0 0 0 0 0 0 0 0 0 0 0 0 0 0 0 0 3 47938 0 0 2 0 0 164 0 0 13592872 25518261 20289325 0 0 0 24582900 0 0 0 0 
0 0 0 0 0 0 0 0 0 0 0 0 0 0 0 0 0 0 0 0 0 0 0 3 0 47936 47923 0 0 165 0 0 0 45815533 13588100 0 0 0 0 0 24586381 0 0 0 
0 0 0 0 0 0 0 0 0 0 0 0 0 0 0 0 0 0 0 0 0 0 0 3 47946 0 0 2 0 0 164 0 0 13598581 25533761 20294916 0 0 0 24599599 0 0 0 0 
0 0 0 0 0 0 0 0 0 0 0 0 0 0 0 0 0 0 0 0 0 0 0 3 0 47944 47931 0 0 165 0 0 0 45836625 13593809 0 0 0 0 0 24603080 0 0 0 
0 0 0 0 0 0 0 0 0 0 0 0 0 0 0 0 0 0 0 0 0 0 0 3 48002 0 0 2 0 0 164 0 0 13602819 25548960 20308874 0 0 0 24613540 0 0 0 0 
0 0 0 0 0 0 0 0 0 0 0 0 0 0 0 0 0 0 0 0 0 0 0 3 0 48000 47987 0 0 165 0 0 0 45865779 13598048 0 0 0 0 0 24617022 0 0 0 
0 0 0 0 0 0 0 0 0 0 0 0 0 0 0 0 0 0 0 0 0 0 0 3 48026 0 0 2 0 0 164 0 0 13611581 25567528 20322559 0 0 0 24632270 0 0 0 0 
0 0 0 0 0 0 0 0 0 0 0 0 0 0 0 0 0 0 0 0 0 0 0 3 0 48026 48011 0 0 165 0 0 0 45898028 13606811 0 0 0 0 0 24635753 0 0 0 
0 0 0 0 0 0 0 0 0 0 0 0 0 0 0 0 0 0 0 0 0 0 0 3 48066 0 0 2 0 0 164 0 0 13613784 25582458 20327665 0 0 0 24646491 0 0 0 0 
0 0 0 0 0 0 0 0 0 0 0 0 0 0 0 0 0 0 0 0 0 0 0 3 0 48064 48051 0 0 165 0 0 0 45918062 13609015 0 0 0 0 0 24649974 0 0 0 
0 0 0 0 0 0 0 0 0 0 0 0 0 0 0 0 0 0 0 0 0 0 0 3 48118 0 0 2 0 0 164 0 0 13622683 25601875 20342179 0 0 0 24666340 0 0 0 0 
0 0 0 0 0 0 0 0 0 0 0 0 0 0 0 0 0 0 0 0 0 0 0 3 0 48116 48103 0 0 165 0 0 0 45951996 13617919 0 0 0 0 0 24669823 0 0 0 
0 0 0 0 0 0 0 0 0 0 0 0 0 0 0 0 0 0 0 0 0 0 0 3 48126 0 0 2 0 0 164 0 0 13628633 25619605 20348360 0 0 0 24684235 0 0 0 0 
0 0 0 0 0 0 0 0 0 0 0 0 0 0 0 0 0 0 0 0 0 0 0 3 0 48124 48111 0 0 165 0 0 0 45975906 13623869 0 0 0 0 0 24687718 0 0 0 
0 0 0 0 0 0 0 0 0 0 0 0 0 0 0 0 0 0 0 0 0 0 0 3 48182 0 0 2 0 0 164 0 0 13632627 25637792 20360099 0 0 0 24702194 0 0 0 0 
0 0 0 0 0 0 0 0 0 0 0 0 0 0 0 0 0 0 0 0 0 0 0 3 0 48180 48167 0 0 165 0 0 0 46005839 13627866 0 0 0 0 0 24705683 0 0 0 
0 0 0 0 0 0 0 0 0 0 0 0 0 0 0 0 0 0 0 0 0 0 0 3 48202 0 0 2 0 0 164 0 0 13641384 25657106 20374061 0 0 0 24721669 0 0 0 0 
0 0 0 0 0 0 0 0 0 0 0 0 0 0 0 0 0 0 0 0 0 0 0 3 0 48202 48187 0 0 165 0 0 0 46039108 13636623 0 0 0 0 0 24725160 0 0 0 
0 0 0 0 0 0 0 0 0 0 0 0 0 0 0 0 0 0 0 0 0 0 0 3 48246 0 0 2 0 0 164 0 0 13644359 25671103 20379613 0 0 0 24735219 0 0 0 0 
0 0 0 0 0 0 0 0 0 0 0 0 0 0 0 0 0 0 0 0 0 0 0 3 0 48244 48231 0 0 165 0 0 0 46058655 13639598 0 0 0 0 0 24738709 0 0 0 
0 0 0 0 0 0 0 0 0 0 0 0 0 0 0 0 0 0 0 0 0 0 0 3 48298 0 0 2 0 0 164 0 0 13652494 25690881 20395090 0 0 0 24755160 0 0 0 0 
0 0 0 0 0 0 0 0 0 0 0 0 0 0 0 0 0 0 0 0 0 0 0 3 0 48296 48283 0 0 165 0 0 0 46093908 13647736 0 0 0 0 0 24758657 0 0 0 
0 0 0 0 0 0 0 0 0 0 0 0 0 0 0 0 0 0 0 0 0 0 0 3 48306 0 0 2 0 0 164 0 0 13657068 25708619 20400617 0 0 0 24773684 0 0 0 0 
0 0 0 0 0 0 0 0 0 0 0 0 0 0 0 0 0 0 0 0 0 0 0 3 0 48304 48291 0 0 165 0 0 0 46117174 13652310 0 0 0 0 0 24777181 0 0 0 
0 0 0 0 0 0 0 0 0 0 0 0 0 0 0 0 0 0 0 0 0 0 0 3 48358 0 0 2 0 0 164 0 0 13662433 25728055 20414069 0 0 0 24792268 0 0 0 0 
0 0 0 0 0 0 0 0 0 0 0 0 0 0 0 0 0 0 0 0 0 0 0 3 0 48356 48343 0 0 165 0 0 0 46150060 13657675 0 0 0 0 0 24795770 0 0 0 
0 0 0 0 0 0 0 0 0 0 0 0 0 0 0 0 0 0 0 0 0 0 0 3 48366 0 0 2 0 0 164 0 0 13668383 25743136 20421037 0 0 0 24806735 0 0 0 0 
0 0 0 0 0 0 0 0 0 0 0 0 0 0 0 0 0 0 0 0 0 0 0 3 0 48364 48351 0 0 165 0 0 0 46172111 13663625 0 0 0 0 0 24810237 0 0 0 
0 0 0 0 0 0 0 0 0 0 0 0 0 0 0 0 0 0 0 0 0 0 0 3 48422 0 0 2 0 0 164 0 0 13672378 25760166 20433918 0 0 0 24824320 0 0 0 0 
0 0 0 0 0 0 0 0 0 0 0 0 0 0 0 0 0 0 0 0 0 0 0 3 0 48420 48407 0 0 165 0 0 0 46202022 13667622 0 0 0 0 0 24827826 0 0 0 
0 0 0 0 0 0 0 0 0 0 0 0 0 0 0 0 0 0 0 0 0 0 0 3 48446 0 0 2 0 0 164 0 0 13681137 25778518 20448457 0 0 0 24842830 0 0 0 0 
0 0 0 0 0 0 0 0 0 0 0 0 0 0 0 0 0 0 0 0 0 0 0 3 0 48444 48431 0 0 165 0 0 0 46234912 13676381 0 0 0 0 0 24846339 0 0 0 
0 0 0 0 0 0 0 0 0 0 0 0 0 0 0 0 0 0 0 0 0 0 0 3 48486 0 0 2 0 0 164 0 0 13684406 25792390 20454353 0 0 0 24856352 0 0 0 0 
0 0 0 0 0 0 0 0 0 0 0 0 0 0 0 0 0 0 0 0 0 0 0 3 0 48484 48471 0 0 165 0 0 0 46254680 13679651 0 0 0 0 0 24859861 0 0 0 
0 0 0 0 0 0 0 0 0 0 0 0 0 0 0 0 0 0 0 0 0 0 0 3 48538 0 0 2 0 0 164 0 0 13692247 25810154 20468829 0 0 0 24874188 0 0 0 0 
0 0 0 0 0 0 0 0 0 0 0 0 0 0 0 0 0 0 0 0 0 0 0 3 0 48536 48523 0 0 165 0 0 0 46286920 13687492 0 0 0 0 0 24877698 0 0 0 
0 0 0 0 0 0 0 0 0 0 0 0 0 0 0 0 0 0 0 0 0 0 0 3 48550 0 0 2 0 0 164 0 0 13699145 25827039 20477764 0 0 0 24887759 0 0 0 0 
0 0 0 0 0 0 0 0 0 0 0 0 0 0 0 0 0 0 0 0 0 0 0 3 0 48548 48535 0 0 165 0 0 0 46312740 13694391 0 0 0 0 0 24891270 0 0 0 
0 0 0 0 0 0 0 0 0 0 0 0 0 0 0 0 0 0 0 0 0 0 0 3 48602 0 0 2 0 0 164 0 0 13702196 25839477 20489297 0 0 0 24903455 0 0 0 0 
0 0 0 0 0 0 0 0 0 0 0 0 0 0 0 0 0 0 0 0 0 0 0 3 0 48600 48587 0 0 165 0 0 0 46336713 13697441 0 0 0 0 0 24906967 0 0 0 
0 0 0 0 0 0 0 0 0 0 0 0 0 0 0 0 0 0 0 0 0 0 0 3 48622 0 0 2 0 0 164 0 0 13710725 25861337 20502704 0 0 0 24925372 0 0 0 0 
0 0 0 0 0 0 0 0 0 0 0 0 0 0 0 0 0 0 0 0 0 0 0 3 0 48620 48607 0 0 165 0 0 0 46371981 13705971 0 0 0 0 0 24928886 0 0 0 
0 0 0 0 0 0 0 0 0 0 0 0 0 0 0 0 0 0 0 0 0 0 0 3 48666 0 0 2 0 0 164 0 0 13716009 25871743 20509349 0 0 0 24936217 0 0 0 0 
0 0 0 0 0 0 0 0 0 0 0 0 0 0 0 0 0 0 0 0 0 0 0 3 0 48664 48651 0 0 165 0 0 0 46389033 13711256 0 0 0 0 0 24939731 0 0 0 
0 0 0 0 0 0 0 0 0 0 0 0 0 0 0 0 0 0 0 0 0 0 0 3 48718 0 0 2 0 0 164 0 0 13722064 25887676 20523266 0 0 0 24951532 0 0 0 0 
0 0 0 0 0 0 0 0 0 0 0 0 0 0 0 0 0 0 0 0 0 0 0 3 0 48716 48703 0 0 165 0 0 0 46418881 13717311 0 0 0 0 0 24955050 0 0 0 
0 0 0 0 0 0 0 0 0 0 0 0 0 0 0 0 0 0 0 0 0 0 0 3 48726 0 0 2 0 0 164 0 0 13728020 25903884 20531222 0 0 0 24964437 0 0 0 0 
0 0 0 0 0 0 0 0 0 0 0 0 0 0 0 0 0 0 0 0 0 0 0 3 0 48727 48711 0 0 165 0 0 0 46443046 13723267 0 0 0 0 0 24967955 0 0 0 
0 0 0 0 0 0 0 0 0 0 0 0 0 0 0 0 0 0 0 0 0 0 0 3 48786 0 0 2 0 0 164 0 0 13733333 25915599 20543723 0 0 0 24979041 0 0 0 0 
0 0 0 0 0 0 0 0 0 0 0 0 0 0 0 0 0 0 0 0 0 0 0 3 0 48784 48771 0 0 165 0 0 0 46467261 13728582 0 0 0 0 0 24982557 0 0 0 
0 0 0 0 0 0 0 0 0 0 0 0 0 0 0 0 0 0 0 0 0 0 0 3 48838 0 0 2 0 0 164 0 0 13741939 25935910 20558877 0 0 0 24999649 0 0 0 0 
0 0 0 0 0 0 0 0 0 0 0 0 0 0 0 0 0 0 0 0 0 0 0 3 0 48836 48823 0 0 165 0 0 0 46502725 13737189 0 0 0 0 0 25003168 0 0 0 
0 0 0 0 0 0 0 0 0 0 0 0 0 0 0 0 0 0 0 0 0 0 0 3 48846 0 0 2 0 0 164 0 0 13747889 25951752 20565181 0 0 0 25016189 0 0 0 0 
0 0 0 0 0 0 0 0 0 0 0 0 0 0 0 0 0 0 0 0 0 0 0 3 0 48844 48831 0 0 165 0 0 0 46524869 13743139 0 0 0 0 0 25019707 0 0 0 
0 0 0 0 0 0 0 0 0 0 0 0 0 0 0 0 0 0 0 0 0 0 0 3 48902 0 0 2 0 0 164 0 0 13751886 25966613 20579126 0 0 0 25030295 0 0 0 0 
0 0 0 0 0 0 0 0 0 0 0 0 0 0 0 0 0 0 0 0 0 0 0 3 0 48900 48887 0 0 165 0 0 0 46553676 13747138 0 0 0 0 0 25033815 0 0 0 
0 0 0 0 0 0 0 0 0 0 0 0 0 0 0 0 0 0 0 0 0 0 0 3 48958 0 0 2 0 0 164 0 0 13761814 25985227 20591879 0 0 0 25048850 0 0 0 0 
0 0 0 0 0 0 0 0 0 0 0 0 0 0 0 0 0 0 0 0 0 0 0 3 0 48956 48943 0 0 165 0 0 0 46585041 13757067 0 0 0 0 0 25052370 0 0 0 
0 0 0 0 0 0 0 0 0 0 0 0 0 0 0 0 0 0 0 0 0 0 0 3 48966 0 0 2 0 0 164 0 0 13767184 25999755 20598495 0 0 0 25064247 0 0 0 0 
0 0 0 0 0 0 0 0 0 0 0 0 0 0 0 0 0 0 0 0 0 0 0 3 0 48964 48951 0 0 165 0 0 0 46606184 13762440 0 0 0 0 0 25067768 0 0 0 
0 0 0 0 0 0 0 0 0 0 0 0 0 0 0 0 0 0 0 0 0 0 0 3 49022 0 0 2 0 0 164 0 0 13771756 26017479 20611705 0 0 0 25081037 0 0 0 0 
0 0 0 0 0 0 0 0 0 0 0 0 0 0 0 0 0 0 0 0 0 0 0 3 0 49020 49007 0 0 165 0 0 0 46637117 13767014 0 0 0 0 0 25084565 0 0 0 
0 0 0 0 0 0 0 0 0 0 0 0 0 0 0 0 0 0 0 0 0 0 0 3 49038 0 0 2 0 0 164 0 0 13780285 26037204 20626135 0 0 0 25100792 0 0 0 0 
0 0 0 0 0 0 0 0 0 0 0 0 0 0 0 0 0 0 0 0 0 0 0 3 0 49038 49023 0 0 165 0 0 0 46671270 13775544 0 0 0 0 0 25104318 0 0 0 
0 0 0 0 0 0 0 0 0 0 0 0 0 0 0 0 0 0 0 0 0 0 0 3 49082 0 0 2 0 0 164 0 0 13781696 26048288 20633845 0 0 0 25111791 0 0 0 0 
0 0 0 0 0 0 0 0 0 0 0 0 0 0 0 0 0 0 0 0 0 0 0 3 0 49080 49067 0 0 165 0 0 0 46690064 13776955 0 0 0 0 0 25115317 0 0 0 
0 0 0 0 0 0 0 0 0 0 0 0 0 0 0 0 0 0 0 0 0 0 0 3 49138 0 0 2 0 0 164 0 0 13791624 26067122 20648244 0 0 0 25130561 0 0 0 0 
0 0 0 0 0 0 0 0 0 0 0 0 0 0 0 0 0 0 0 0 0 0 0 3 0 49136 49123 0 0 165 0 0 0 46723294 13786884 0 0 0 0 0 25134092 0 0 0 
0 0 0 0 0 0 0 0 0 0 0 0 0 0 0 0 0 0 0 0 0 0 0 3 49146 0 0 2 0 0 164 0 0 13797574 26080190 20655722 0 0 0 25144631 0 0 0 0 
0 0 0 0 0 0 0 0 0 0 0 0 0 0 0 0 0 0 0 0 0 0 0 3 0 49144 49131 0 0 165 0 0 0 46743840 13792834 0 0 0 0 0 25148161 0 0 0 
0 0 0 0 0 0 0 0 0 0 0 0 0 0 0 0 0 0 0 0 0 0 0 3 49202 0 0 2 0 0 164 0 0 13801573 26096210 20669143 0 0 0 25159591 0 0 0 0 
0 0 0 0 0 0 0 0 0 0 0 0 0 0 0 0 0 0 0 0 0 0 0 3 0 49200 49187 0 0 165 0 0 0 46773276 13796832 0 0 0 0 0 25163124 0 0 0 
0 0 0 0 0 0 0 0 0 0 0 0 0 0 0 0 0 0 0 0 0 0 0 3 49254 0 0 2 0 0 164 0 0 13811496 26115247 20682391 0 0 0 25178746 0 0 0 0 
0 0 0 0 0 0 0 0 0 0 0 0 0 0 0 0 0 0 0 0 0 0 0 3 0 49252 49239 0 0 165 0 0 0 46805558 13806757 0 0 0 0 0 25182282 0 0 0 
0 0 0 0 0 0 0 0 0 0 0 0 0 0 0 0 0 0 0 0 0 0 0 3 49266 0 0 2 0 0 164 0 0 13814826 26131265 20688244 0 0 0 25194844 0 0 0 0 
0 0 0 0 0 0 0 0 0 0 0 0 0 0 0 0 0 0 0 0 0 0 0 3 0 49264 49251 0 0 165 0 0 0 46827429 13810087 0 0 0 0 0 25198380 0 0 0 
0 0 0 0 0 0 0 0 0 0 0 0 0 0 0 0 0 0 0 0 0 0 0 3 49318 0 0 2 0 0 164 0 0 13821463 26151880 20702796 0 0 0 25215141 0 0 0 0 
0 0 0 0 0 0 0 0 0 0 0 0 0 0 0 0 0 0 0 0 0 0 0 3 0 49316 49303 0 0 165 0 0 0 46862592 13816725 0 0 0 0 0 25218678 0 0 0 
0 0 0 0 0 0 0 0 0 0 0 0 0 0 0 0 0 0 0 0 0 0 0 3 49326 0 0 2 0 0 164 0 0 13827183 26167253 20709175 0 0 0 25231474 0 0 0 0 
0 0 0 0 0 0 0 0 0 0 0 0 0 0 0 0 0 0 0 0 0 0 0 3 0 49324 49311 0 0 165 0 0 0 46884343 13822445 0 0 0 0 0 25235010 0 0 0 
0 0 0 0 0 0 0 0 0 0 0 0 0 0 0 0 0 0 0 0 0 0 0 3 49382 0 0 2 0 0 164 0 0 13831408 26184469 20721878 0 0 0 25247670 0 0 0 0 
0 0 0 0 0 0 0 0 0 0 0 0 0 0 0 0 0 0 0 0 0 0 0 3 0 49380 49367 0 0 165 0 0 0 46914261 13826672 0 0 0 0 0 25251207 0 0 0 
0 0 0 0 0 0 0 0 0 0 0 0 0 0 0 0 0 0 0 0 0 0 0 3 49398 0 0 2 0 0 164 0 0 13839932 26204674 20735777 0 0 0 25267429 0 0 0 0 
0 0 0 0 0 0 0 0 0 0 0 0 0 0 0 0 0 0 0 0 0 0 0 3 0 49396 49383 0 0 165 0 0 0 46948365 13835200 0 0 0 0 0 25270965 0 0 0 
0 0 0 0 0 0 0 0 0 0 0 0 0 0 0 0 0 0 0 0 0 0 0 3 49442 0 0 2 0 0 164 0 0 13841345 26218687 20742504 0 0 0 25281829 0 0 0 0 
0 0 0 0 0 0 0 0 0 0 0 0 0 0 0 0 0 0 0 0 0 0 0 3 0 49440 49427 0 0 165 0 0 0 46969100 13836613 0 0 0 0 0 25285367 0 0 0 
0 0 0 0 0 0 0 0 0 0 0 0 0 0 0 0 0 0 0 0 0 0 0 3 49498 0 0 2 0 0 164 0 0 13851273 26237010 20756157 0 0 0 25300089 0 0 0 0 
0 0 0 0 0 0 0 0 0 0 0 0 0 0 0 0 0 0 0 0 0 0 0 3 0 49496 49483 0 0 165 0 0 0 47001071 13846543 0 0 0 0 0 25303631 0 0 0 
0 0 0 0 0 0 0 0 0 0 0 0 0 0 0 0 0 0 0 0 0 0 0 3 49506 0 0 2 0 0 164 0 0 13856414 26251902 20762822 0 0 0 25315984 0 0 0 0 
0 0 0 0 0 0 0 0 0 0 0 0 0 0 0 0 0 0 0 0 0 0 0 3 0 49504 49491 0 0 165 0 0 0 47022627 13851684 0 0 0 0 0 25319526 0 0 0 
0 0 0 0 0 0 0 0 0 0 0 0 0 0 0 0 0 0 0 0 0 0 0 3 49558 0 0 2 0 0 164 0 0 13861211 26270621 20775783 0 0 0 25333639 0 0 0 0 
0 0 0 0 0 0 0 0 0 0 0 0 0 0 0 0 0 0 0 0 0 0 0 3 0 49556 49543 0 0 165 0 0 0 47054306 13856482 0 0 0 0 0 25337178 0 0 0 
0 0 0 0 0 0 0 0 0 0 0 0 0 0 0 0 0 0 0 0 0 0 0 3 49566 0 0 2 0 0 164 0 0 13867161 26289383 20783308 0 0 0 25350508 0 0 0 0 
0 0 0 0 0 0 0 0 0 0 0 0 0 0 0 0 0 0 0 0 0 0 0 3 0 49564 49551 0 0 165 0 0 0 47080595 13862432 0 0 0 0 0 25354047 0 0 0 
0 0 0 0 0 0 0 0 0 0 0 0 0 0 0 0 0 0 0 0 0 0 0 3 49622 0 0 2 0 0 164 0 0 13871158 26305894 20795413 0 0 0 25368856 0 0 0 0 
0 0 0 0 0 0 0 0 0 0 0 0 0 0 0 0 0 0 0 0 0 0 0 3 0 49620 49607 0 0 165 0 0 0 47109209 13866431 0 0 0 0 0 25372395 0 0 0 
0 0 0 0 0 0 0 0 0 0 0 0 0 0 0 0 0 0 0 0 0 0 0 3 49646 0 0 2 0 0 164 0 0 13879932 26324165 20809649 0 0 0 25387284 0 0 0 0 
0 0 0 0 0 0 0 0 0 0 0 0 0 0 0 0 0 0 0 0 0 0 0 3 0 49644 49631 0 0 165 0 0 0 47141716 13875207 0 0 0 0 0 25390824 0 0 0 
0 0 0 0 0 0 0 0 0 0 0 0 0 0 0 0 0 0 0 0 0 0 0 3 49682 0 0 2 0 0 164 0 0 13881114 26337833 20814707 0 0 0 25400735 0 0 0 0 
0 0 0 0 0 0 0 0 0 0 0 0 0 0 0 0 0 0 0 0 0 0 0 3 0 49680 49667 0 0 165 0 0 0 47160442 13876389 0 0 0 0 0 25404275 0 0 0 
0 0 0 0 0 0 0 0 0 0 0 0 0 0 0 0 0 0 0 0 0 0 0 3 49738 0 0 2 0 0 164 0 0 13891042 26355261 20828966 0 0 0 25418103 0 0 0 0 
0 0 0 0 0 0 0 0 0 0 0 0 0 0 0 0 0 0 0 0 0 0 0 3 0 49736 49723 0 0 165 0 0 0 47192132 13886318 0 0 0 0 0 25421646 0 0 0 
0 0 0 0 0 0 0 0 0 0 0 0 0 0 0 0 0 0 0 0 0 0 0 3 49746 0 0 2 0 0 164 0 0 13893115 26372418 20834133 0 0 0 25435130 0 0 0 0 
0 0 0 0 0 0 0 0 0 0 0 0 0 0 0 0 0 0 0 0 0 0 0 3 0 49744 49731 0 0 165 0 0 0 47214456 13888391 0 0 0 0 0 25438673 0 0 0 
0 0 0 0 0 0 0 0 0 0 0 0 0 0 0 0 0 0 0 0 0 0 0 3 49798 0 0 2 0 0 164 0 0 13900980 26390578 20848479 0 0 0 25453359 0 0 0 0 
0 0 0 0 0 0 0 0 0 0 0 0 0 0 0 0 0 0 0 0 0 0 0 3 0 49796 49783 0 0 165 0 0 0 47246961 13896257 0 0 0 0 0 25456903 0 0 0 
0 0 0 0 0 0 0 0 0 0 0 0 0 0 0 0 0 0 0 0 0 0 0 3 49806 0 0 2 0 0 164 0 0 13906930 26407185 20855968 0 0 0 25467724 0 0 0 0 
0 0 0 0 0 0 0 0 0 0 0 0 0 0 0 0 0 0 0 0 0 0 0 3 0 49804 49791 0 0 165 0 0 0 47271057 13902207 0 0 0 0 0 25471268 0 0 0 
0 0 0 0 0 0 0 0 0 0 0 0 0 0 0 0 0 0 0 0 0 0 0 3 49862 0 0 2 0 0 164 0 0 13910929 26424224 20867884 0 0 0 25486949 0 0 0 0 
0 0 0 0 0 0 0 0 0 0 0 0 0 0 0 0 0 0 0 0 0 0 0 3 0 49860 49847 0 0 165 0 0 0 47300011 13906206 0 0 0 0 0 25490495 0 0 0 
0 0 0 0 0 0 0 0 0 0 0 0 0 0 0 0 0 0 0 0 0 0 0 3 49902 0 0 2 0 0 164 0 0 13920440 26441525 20881105 0 0 0 25504284 0 0 0 0 
0 0 0 0 0 0 0 0 0 0 0 0 0 0 0 0 0 0 0 0 0 0 0 3 0 49904 49887 0 0 165 0 0 0 47330535 13915716 0 0 0 0 0 25507833 0 0 0 
0 0 0 0 0 0 0 0 0 0 0 0 0 0 0 0 0 0 0 0 0 0 0 3 49922 0 0 2 0 0 164 0 0 13920875 26454445 20886663 0 0 0 25517109 0 0 0 0 
0 0 0 0 0 0 0 0 0 0 0 0 0 0 0 0 0 0 0 0 0 0 0 3 0 49921 49907 0 0 165 0 0 0 47349013 13916151 0 0 0 0 0 25520658 0 0 0 
0 0 0 0 0 0 0 0 0 0 0 0 0 0 0 0 0 0 0 0 0 0 0 3 49978 0 0 2 0 0 164 0 0 13930800 26473323 20901183 0 0 0 25535924 0 0 0 0 
0 0 0 0 0 0 0 0 0 0 0 0 0 0 0 0 0 0 0 0 0 0 0 3 0 49976 49963 0 0 165 0 0 0 47382410 13926078 0 0 0 0 0 25539477 0 0 0 
0 0 0 0 0 0 0 0 0 0 0 0 0 0 0 0 0 0 0 0 0 0 0 3 49986 0 0 2 0 0 164 0 0 13936730 26488291 20908287 0 0 0 25551930 0 0 0 0 
0 0 0 0 0 0 0 0 0 0 0 0 0 0 0 0 0 0 0 0 0 0 0 3 0 49984 49971 0 0 165 0 0 0 47404482 13932008 0 0 0 0 0 25555483 0 0 0 
0 0 0 0 0 0 0 0 0 0 0 0 0 0 0 0 0 0 0 0 0 0 0 3 50042 0 0 2 0 0 164 0 0 13940747 26502881 20920806 0 0 0 25565422 0 0 0 0 
0 0 0 0 0 0 0 0 0 0 0 0 0 0 0 0 0 0 0 0 0 0 0 3 0 50040 50027 0 0 165 0 0 0 47431588 13936026 0 0 0 0 0 25568977 0 0 0 
0 0 0 0 0 0 0 0 0 0 0 0 0 0 0 0 0 0 0 0 0 0 0 3 50050 0 0 2 0 0 164 0 0 13948570 26519426 20930483 0 0 0 25578612 0 0 0 0 
0 0 0 0 0 0 0 0 0 0 0 0 0 0 0 0 0 0 0 0 0 0 0 3 0 50048 50035 0 0 165 0 0 0 47457814 13943848 0 0 0 0 0 25582166 0 0 0 
0 0 0 0 0 0 0 0 0 0 0 0 0 0 0 0 0 0 0 0 0 0 0 3 50102 0 0 2 0 0 164 0 0 13950690 26532208 20940130 0 0 0 25594692 0 0 0 0 
0 0 0 0 0 0 0 0 0 0 0 0 0 0 0 0 0 0 0 0 0 0 0 3 0 50100 50087 0 0 165 0 0 0 47480240 13945969 0 0 0 0 0 25598249 0 0 0 
0 0 0 0 0 0 0 0 0 0 0 0 0 0 0 0 0 0 0 0 0 0 0 3 50158 0 0 2 0 0 164 0 0 13960618 26550236 20954091 0 0 0 25612661 0 0 0 0 
0 0 0 0 0 0 0 0 0 0 0 0 0 0 0 0 0 0 0 0 0 0 0 3 0 50156 50143 0 0 165 0 0 0 47512231 13955898 0 0 0 0 0 25616215 0 0 0 
0 0 0 0 0 0 0 0 0 0 0 0 0 0 0 0 0 0 0 0 0 0 0 3 50166 0 0 2 0 0 164 0 0 13966183 26566222 20960379 0 0 0 25629875 0 0 0 0 
0 0 0 0 0 0 0 0 0 0 0 0 0 0 0 0 0 0 0 0 0 0 0 3 0 50164 50151 0 0 165 0 0 0 47534504 13961463 0 0 0 0 0 25633429 0 0 0 
0 0 0 0 0 0 0 0 0 0 0 0 0 0 0 0 0 0 0 0 0 0 0 3 50218 0 0 2 0 0 164 0 0 13970555 26583108 20974748 0 0 0 25645467 0 0 0 0 
0 0 0 0 0 0 0 0 0 0 0 0 0 0 0 0 0 0 0 0 0 0 0 3 0 50216 50203 0 0 165 0 0 0 47565758 13965838 0 0 0 0 0 25649029 0 0 0 
0 0 0 0 0 0 0 0 0 0 0 0 0 0 0 0 0 0 0 0 0 0 0 3 50226 0 0 2 0 0 164 0 0 13976509 26600323 20982290 0 0 0 25660067 0 0 0 0 
0 0 0 0 0 0 0 0 0 0 0 0 0 0 0 0 0 0 0 0 0 0 0 3 0 50226 50211 0 0 165 0 0 0 47590516 13971792 0 0 0 0 0 25663629 0 0 0 
0 0 0 0 0 0 0 0 0 0 0 0 0 0 0 0 0 0 0 0 0 0 0 3 50282 0 0 2 0 0 164 0 0 13980502 26611945 20994600 0 0 0 25674247 0 0 0 0 
0 0 0 0 0 0 0 0 0 0 0 0 0 0 0 0 0 0 0 0 0 0 0 3 0 50280 50267 0 0 165 0 0 0 47614438 13975787 0 0 0 0 0 25677811 0 0 0 
0 0 0 0 0 0 0 0 0 0 0 0 0 0 0 0 0 0 0 0 0 0 0 3 50338 0 0 2 0 0 164 0 0 13990430 26629721 21009661 0 0 0 25691960 0 0 0 0 
0 0 0 0 0 0 0 0 0 0 0 0 0 0 0 0 0 0 0 0 0 0 0 3 0 50336 50323 0 0 165 0 0 0 47647277 13985716 0 0 0 0 0 25695528 0 0 0 
0 0 0 0 0 0 0 0 0 0 0 0 0 0 0 0 0 0 0 0 0 0 0 3 50346 0 0 2 0 0 164 0 0 13996402 26645903 21016236 0 0 0 25708421 0 0 0 0 
0 0 0 0 0 0 0 0 0 0 0 0 0 0 0 0 0 0 0 0 0 0 0 3 0 50344 50331 0 0 165 0 0 0 47670033 13991689 0 0 0 0 0 25711989 0 0 0 
0 0 0 0 0 0 0 0 0 0 0 0 0 0 0 0 0 0 0 0 0 0 0 3 50402 0 0 2 0 0 164 0 0 14000410 26659987 21029493 0 0 0 25722168 0 0 0 0 
0 0 0 0 0 0 0 0 0 0 0 0 0 0 0 0 0 0 0 0 0 0 0 3 0 50400 50387 0 0 165 0 0 0 47697377 13995700 0 0 0 0 0 25725738 0 0 0 
0 0 0 0 0 0 0 0 0 0 0 0 0 0 0 0 0 0 0 0 0 0 0 3 50434 0 0 2 0 0 164 0 0 14009402 26678509 21042254 0 0 0 25740681 0 0 0 0 
0 0 0 0 0 0 0 0 0 0 0 0 0 0 0 0 0 0 0 0 0 0 0 3 0 50432 50419 0 0 165 0 0 0 47728663 14004696 0 0 0 0 0 25744253 0 0 0 
0 0 0 0 0 0 0 0 0 0 0 0 0 0 0 0 0 0 0 0 0 0 0 3 50466 0 0 2 0 0 164 0 0 14015720 26690499 21049687 0 0 0 25753733 0 0 0 0 
0 0 0 0 0 0 0 0 0 0 0 0 0 0 0 0 0 0 0 0 0 0 0 3 0 50464 50451 0 0 165 0 0 0 47748080 14011014 0 0 0 0 0 25757305 0 0 0 
0 0 0 0 0 0 0 0 0 0 0 0 0 0 0 0 0 0 0 0 0 0 0 3 50522 0 0 2 0 0 164 0 0 14020284 26705643 21063006 0 0 0 25767703 0 0 0 0 
0 0 0 0 0 0 0 0 0 0 0 0 0 0 0 0 0 0 0 0 0 0 0 3 0 50520 50507 0 0 165 0 0 0 47776542 14015578 0 0 0 0 0 25771275 0 0 0 
0 0 0 0 0 0 0 0 0 0 0 0 0 0 0 0 0 0 0 0 0 0 0 3 50542 0 0 2 0 0 164 0 0 14028814 26726308 21077360 0 0 0 25788427 0 0 0 0 
0 0 0 0 0 0 0 0 0 0 0 0 0 0 0 0 0 0 0 0 0 0 0 3 0 50540 50527 0 0 165 0 0 0 47811562 14024110 0 0 0 0 0 25791998 0 0 0 
0 0 0 0 0 0 0 0 0 0 0 0 0 0 0 0 0 0 0 0 0 0 0 3 50582 0 0 2 0 0 164 0 0 14030229 26732319 21082341 0 0 0 25794323 0 0 0 0 
0 0 0 0 0 0 0 0 0 0 0 0 0 0 0 0 0 0 0 0 0 0 0 3 0 50583 50567 0 0 165 0 0 0 47822549 14025525 0 0 0 0 0 25797894 0 0 0 
<====
0 0 0 0 0 0 0 0 0 0 0 0 0 0 0 0 0 0 0 0 0 0 0 3 50634 0 0 2 0 0 164 0 0 14050110 26748065 21095336 0 0 0 25810011 0 0 0 0 
0 0 0 0 0 0 0 0 0 0 0 0 0 0 0 0 0 0 0 0 0 0 0 3 0 50636 50619 0 0 165 0 0 0 47851292 14045407 0 0 0 0 0 25813583 0 0 0 
0 0 0 0 0 0 0 0 0 0 0 0 0 0 0 0 0 0 0 0 0 0 0 3 50634 0 0 2 0 0 164 0 0 14050110 26748065 21095336 0 0 0 25810011 0 0 0 0 
0 0 0 0 0 0 0 0 0 0 0 0 0 0 0 0 0 0 0 0 0 0 0 3 0 50636 50619 0 0 165 0 0 0 47851292 14045407 0 0 0 0 0 25813583 0 0 0 
0 0 0 0 0 0 0 0 0 0 0 0 0 0 0 0 0 0 0 0 0 0 0 3 50634 0 0 2 0 0 164 0 0 14050110 26748065 21095336 0 0 0 25810011 0 0 0 0 
0 0 0 0 0 0 0 0 0 0 0 0 0 0 0 0 0 0 0 0 0 0 0 3 0 50636 50619 0 0 165 0 0 0 47851292 14045407 0 0 0 0 0 25813583 0 0 0 
0 0 0 0 0 0 0 0 0 0 0 0 0 0 0 0 0 0 0 0 0 0 0 3 50634 0 0 2 0 0 164 0 0 14050110 26748065 21095336 0 0 0 25810011 0 0 0 0 
0 0 0 0 0 0 0 0 0 0 0 0 0 0 0 0 0 0 0 0 0 0 0 3 0 50636 50619 0 0 165 0 0 0 47851292 14045407 0 0 0 0 0 25813583 0 0 0 
0 0 0 0 0 0 0 0 0 0 0 0 0 0 0 0 0 0 0 0 0 0 0 3 50634 0 0 2 0 0 164 0 0 14050110 26748065 21095336 0 0 0 25810011 0 0 0 0 
0 0 0 0 0 0 0 0 0 0 0 0 0 0 0 0 0 0 0 0 0 0 0 3 0 50636 50619 0 0 165 0 0 0 47851292 14045407 0 0 0 0 0 25813583 0 0 0 
0 0 0 0 0 0 0 0 0 0 0 0 0 0 0 0 0 0 0 0 0 0 0 3 50634 0 0 2 0 0 164 0 0 14050110 26748065 21095336 0 0 0 25810011 0 0 0 0 
0 0 0 0 0 0 0 0 0 0 0 0 0 0 0 0 0 0 0 0 0 0 0 3 0 50636 50619 0 0 165 0 0 0 47851292 14045407 0 0 0 0 0 25813583 0 0 0 
0 0 0 0 0 0 0 0 0 0 0 0 0 0 0 0 0 0 0 0 0 0 0 3 50634 0 0 2 0 0 164 0 0 14050110 26748065 21095336 0 0 0 25810011 0 0 0 0 
0 0 0 0 0 0 0 0 0 0 0 0 0 0 0 0 0 0 0 0 0 0 0 3 0 50636 50619 0 0 165 0 0 0 47851292 14045407 0 0 0 0 0 25813583 0 0 0 
0 0 0 0 0 0 0 0 0 0 0 0 0 0 0 0 0 0 0 0 0 0 0 3 50634 0 0 2 0 0 164 0 0 14050110 26748065 21095336 0 0 0 25810011 0 0 0 0 
0 0 0 0 0 0 0 0 0 0 0 0 0 0 0 0 0 0 0 0 0 0 0 3 0 50636 50619 0 0 165 0 0 0 47851292 14045407 0 0 0 0 0 25813583 0 0 0 
0 0 0 0 0 0 0 0 0 0 0 0 0 0 0 0 0 0 0 0 0 0 0 3 50634 0 0 2 0 0 164 0 0 14050110 26748065 21095336 0 0 0 25810011 0 0 0 0 
0 0 0 0 0 0 0 0 0 0 0 0 0 0 0 0 0 0 0 0 0 0 0 3 0 50636 50619 0 0 165 0 0 0 47851292 14045407 0 0 0 0 0 25813583 0 0 0 
0 0 0 0 0 0 0 0 0 0 0 0 0 0 0 0 0 0 0 0 0 0 0 3 50634 0 0 2 0 0 164 0 0 14050110 26748065 21095336 0 0 0 25810011 0 0 0 0 
0 0 0 0 0 0 0 0 0 0 0 0 0 0 0 0 0 0 0 0 0 0 0 3 0 50636 50619 0 0 165 0 0 0 47851292 14045407 0 0 0 0 0 25813583 0 0 0 
0 0 0 0 0 0 0 0 0 0 0 0 0 0 0 0 0 0 0 0 0 0 0 3 50634 0 0 2 0 0 164 0 0 14050110 26748065 21095336 0 0 0 25810011 0 0 0 0 
0 0 0 0 0 0 0 0 0 0 0 0 0 0 0 0 0 0 0 0 0 0 0 3 0 50636 50619 0 0 165 0 0 0 47851292 14045407 0 0 0 0 0 25813583 0 0 0 
0 0 0 0 0 0 0 0 0 0 0 0 0 0 0 0 0 0 0 0 0 0 0 3 50634 0 0 2 0 0 164 0 0 14050110 26748065 21095336 0 0 0 25810011 0 0 0 0 
0 0 0 0 0 0 0 0 0 0 0 0 0 0 0 0 0 0 0 0 0 0 0 3 0 50636 50619 0 0 165 0 0 0 47851292 14045407 0 0 0 0 0 25813583 0 0 0 
0 0 0 0 0 0 0 0 0 0 0 0 0 0 0 0 0 0 0 0 0 0 0 3 50634 0 0 2 0 0 164 0 0 14050110 26748065 21095336 0 0 0 25810011 0 0 0 0 
0 0 0 0 0 0 0 0 0 0 0 0 0 0 0 0 0 0 0 0 0 0 0 3 0 50636 50619 0 0 165 0 0 0 47851292 14045407 0 0 0 0 0 25813583 0 0 0 
0 0 0 0 0 0 0 0 0 0 0 0 0 0 0 0 0 0 0 0 0 0 0 3 50634 0 0 2 0 0 164 0 0 14050110 26748065 21095336 0 0 0 25810011 0 0 0 0 
0 0 0 0 0 0 0 0 0 0 0 0 0 0 0 0 0 0 0 0 0 0 0 3 0 50636 50619 0 0 165 0 0 0 47851292 14045407 0 0 0 0 0 25813583 0 0 0 
0 0 0 0 0 0 0 0 0 0 0 0 0 0 0 0 0 0 0 0 0 0 0 3 50634 0 0 2 0 0 164 0 0 14050110 26748065 21095336 0 0 0 25810011 0 0 0 0 
0 0 0 0 0 0 0 0 0 0 0 0 0 0 0 0 0 0 0 0 0 0 0 3 0 50636 50619 0 0 165 0 0 0 47851292 14045407 0 0 0 0 0 25813583 0 0 0 
0 0 0 0 0 0 0 0 0 0 0 0 0 0 0 0 0 0 0 0 0 0 0 3 50634 0 0 2 0 0 164 0 0 14050110 26748065 21095336 0 0 0 25810011 0 0 0 0 
0 0 0 0 0 0 0 0 0 0 0 0 0 0 0 0 0 0 0 0 0 0 0 3 0 50636 50619 0 0 165 0 0 0 47851292 14045407 0 0 0 0 0 25813583 0 0 0 
0 0 0 0 0 0 0 0 0 0 0 0 0 0 0 0 0 0 0 0 0 0 0 3 50634 0 0 2 0 0 164 0 0 14050110 26748065 21095336 0 0 0 25810011 0 0 0 0 
0 0 0 0 0 0 0 0 0 0 0 0 0 0 0 0 0 0 0 0 0 0 0 3 0 50636 50619 0 0 165 0 0 0 47851292 14045407 0 0 0 0 0 25813583 0 0 0 
0 0 0 0 0 0 0 0 0 0 0 0 0 0 0 0 0 0 0 0 0 0 0 3 50634 0 0 2 0 0 164 0 0 14050110 26748065 21095336 0 0 0 25810011 0 0 0 0 
0 0 0 0 0 0 0 0 0 0 0 0 0 0 0 0 0 0 0 0 0 0 0 3 0 50636 50619 0 0 165 0 0 0 47851292 14045407 0 0 0 0 0 25813583 0 0 0 
0 0 0 0 0 0 0 0 0 0 0 0 0 0 0 0 0 0 0 0 0 0 0 3 50634 0 0 2 0 0 164 0 0 14050110 26748065 21095336 0 0 0 25810011 0 0 0 0 
0 0 0 0 0 0 0 0 0 0 0 0 0 0 0 0 0 0 0 0 0 0 0 3 0 50636 50619 0 0 165 0 0 0 47851292 14045407 0 0 0 0 0 25813583 0 0 0 
0 0 0 0 0 0 0 0 0 0 0 0 0 0 0 0 0 0 0 0 0 0 0 3 50634 0 0 2 0 0 164 0 0 14050110 26748065 21095336 0 0 0 25810011 0 0 0 0 
0 0 0 0 0 0 0 0 0 0 0 0 0 0 0 0 0 0 0 0 0 0 0 3 0 50636 50619 0 0 165 0 0 0 47851292 14045407 0 0 0 0 0 25813583 0 0 0 
0 0 0 0 0 0 0 0 0 0 0 0 0 0 0 0 0 0 0 0 0 0 0 3 50634 0 0 2 0 0 164 0 0 14050110 26748065 21095336 0 0 0 25810011 0 0 0 0 
0 0 0 0 0 0 0 0 0 0 0 0 0 0 0 0 0 0 0 0 0 0 0 3 0 50636 50619 0 0 165 0 0 0 47851292 14045407 0 0 0 0 0 25813583 0 0 0 
0 0 0 0 0 0 0 0 0 0 0 0 0 0 0 0 0 0 0 0 0 0 0 3 50634 0 0 2 0 0 164 0 0 14050110 26748065 21095336 0 0 0 25810011 0 0 0 0 
0 0 0 0 0 0 0 0 0 0 0 0 0 0 0 0 0 0 0 0 0 0 0 3 0 50636 50619 0 0 165 0 0 0 47851292 14045407 0 0 0 0 0 25813583 0 0 0 
0 0 0 0 0 0 0 0 0 0 0 0 0 0 0 0 0 0 0 0 0 0 0 3 50634 0 0 2 0 0 164 0 0 14050110 26748065 21095336 0 0 0 25810011 0 0 0 0 
0 0 0 0 0 0 0 0 0 0 0 0 0 0 0 0 0 0 0 0 0 0 0 3 0 50636 50619 0 0 165 0 0 0 47851292 14045407 0 0 0 0 0 25813583 0 0 0 
0 0 0 0 0 0 0 0 0 0 0 0 0 0 0 0 0 0 0 0 0 0 0 3 50634 0 0 2 0 0 164 0 0 14050110 26748065 21095336 0 0 0 25810011 0 0 0 0 
0 0 0 0 0 0 0 0 0 0 0 0 0 0 0 0 0 0 0 0 0 0 0 3 0 50636 50619 0 0 165 0 0 0 47851292 14045407 0 0 0 0 0 25813583 0 0 0 
0 0 0 0 0 0 0 0 0 0 0 0 0 0 0 0 0 0 0 0 0 0 0 3 50634 0 0 2 0 0 164 0 0 14050110 26748065 21095336 0 0 0 25810011 0 0 0 0 
0 0 0 0 0 0 0 0 0 0 0 0 0 0 0 0 0 0 0 0 0 0 0 3 0 50636 50619 0 0 165 0 0 0 47851292 14045407 0 0 0 0 0 25813583 0 0 0 
0 0 0 0 0 0 0 0 0 0 0 0 0 0 0 0 0 0 0 0 0 0 0 3 50634 0 0 2 0 0 164 0 0 14050110 26748065 21095336 0 0 0 25810011 0 0 0 0 
0 0 0 0 0 0 0 0 0 0 0 0 0 0 0 0 0 0 0 0 0 0 0 3 0 50636 50619 0 0 165 0 0 0 47851292 14045407 0 0 0 0 0 25813583 0 0 0 
0 0 0 0 0 0 0 0 0 0 0 0 0 0 0 0 0 0 0 0 0 0 0 3 50634 0 0 2 0 0 164 0 0 14050110 26748065 21095336 0 0 0 25810011 0 0 0 0 
0 0 0 0 0 0 0 0 0 0 0 0 0 0 0 0 0 0 0 0 0 0 0 3 0 50636 50619 0 0 165 0 0 0 47851292 14045407 0 0 0 0 0 25813583 0 0 0 
0 0 0 0 0 0 0 0 0 0 0 0 0 0 0 0 0 0 0 0 0 0 0 3 50634 0 0 2 0 0 164 0 0 14050110 26748065 21095336 0 0 0 25810011 0 0 0 0 
0 0 0 0 0 0 0 0 0 0 0 0 0 0 0 0 0 0 0 0 0 0 0 3 0 50636 50619 0 0 165 0 0 0 47851292 14045407 0 0 0 0 0 25813583 0 0 0 
0 0 0 0 0 0 0 0 0 0 0 0 0 0 0 0 0 0 0 0 0 0 0 3 50634 0 0 2 0 0 164 0 0 14050110 26748065 21095336 0 0 0 25810011 0 0 0 0 
0 0 0 0 0 0 0 0 0 0 0 0 0 0 0 0 0 0 0 0 0 0 0 3 0 50636 50619 0 0 165 0 0 0 47851292 14045407 0 0 0 0 0 25813583 0 0 0 
0 0 0 0 0 0 0 0 0 0 0 0 0 0 0 0 0 0 0 0 0 0 0 3 50634 0 0 2 0 0 164 0 0 14050110 26748065 21095336 0 0 0 25810011 0 0 0 0 
0 0 0 0 0 0 0 0 0 0 0 0 0 0 0 0 0 0 0 0 0 0 0 3 0 50636 50619 0 0 165 0 0 0 47851292 14045407 0 0 0 0 0 25813583 0 0 0 
0 0 0 0 0 0 0 0 0 0 0 0 0 0 0 0 0 0 0 0 0 0 0 3 50634 0 0 2 0 0 164 0 0 14050110 26748065 21095336 0 0 0 25810011 0 0 0 0 
0 0 0 0 0 0 0 0 0 0 0 0 0 0 0 0 0 0 0 0 0 0 0 3 0 50636 50619 0 0 165 0 0 0 47851292 14045407 0 0 0 0 0 25813583 0 0 0 
0 0 0 0 0 0 0 0 0 0 0 0 0 0 0 0 0 0 0 0 0 0 0 3 50634 0 0 2 0 0 164 0 0 14050110 26748065 21095336 0 0 0 25810011 0 0 0 0 
0 0 0 0 0 0 0 0 0 0 0 0 0 0 0 0 0 0 0 0 0 0 0 3 0 50636 50619 0 0 165 0 0 0 47851292 14045407 0 0 0 0 0 25813583 0 0 0 
0 0 0 0 0 0 0 0 0 0 0 0 0 0 0 0 0 0 0 0 0 0 0 3 50634 0 0 2 0 0 164 0 0 14050110 26748065 21095336 0 0 0 25810011 0 0 0 0 
0 0 0 0 0 0 0 0 0 0 0 0 0 0 0 0 0 0 0 0 0 0 0 3 0 50636 50619 0 0 165 0 0 0 47851292 14045407 0 0 0 0 0 25813583 0 0 0 
0 0 0 0 0 0 0 0 0 0 0 0 0 0 0 0 0 0 0 0 0 0 0 3 50634 0 0 2 0 0 164 0 0 14050110 26748065 21095336 0 0 0 25810011 0 0 0 0 
0 0 0 0 0 0 0 0 0 0 0 0 0 0 0 0 0 0 0 0 0 0 0 3 0 50636 50619 0 0 165 0 0 0 47851292 14045407 0 0 0 0 0 25813583 0 0 0 
0 0 0 0 0 0 0 0 0 0 0 0 0 0 0 0 0 0 0 0 0 0 0 3 50634 0 0 2 0 0 164 0 0 14050110 26748065 21095336 0 0 0 25810011 0 0 0 0 
0 0 0 0 0 0 0 0 0 0 0 0 0 0 0 0 0 0 0 0 0 0 0 3 0 50636 50619 0 0 165 0 0 0 47851292 14045407 0 0 0 0 0 25813583 0 0 0 
0 0 0 0 0 0 0 0 0 0 0 0 0 0 0 0 0 0 0 0 0 0 0 3 50634 0 0 2 0 0 164 0 0 14050110 26748065 21095336 0 0 0 25810011 0 0 0 0 
0 0 0 0 0 0 0 0 0 0 0 0 0 0 0 0 0 0 0 0 0 0 0 3 0 50636 50619 0 0 165 0 0 0 47851292 14045407 0 0 0 0 0 25813583 0 0 0 
0 0 0 0 0 0 0 0 0 0 0 0 0 0 0 0 0 0 0 0 0 0 0 3 50634 0 0 2 0 0 164 0 0 14050110 26748065 21095336 0 0 0 25810011 0 0 0 0 
0 0 0 0 0 0 0 0 0 0 0 0 0 0 0 0 0 0 0 0 0 0 0 3 0 50636 50619 0 0 165 0 0 0 47851292 14045407 0 0 0 0 0 25813583 0 0 0 
0 0 0 0 0 0 0 0 0 0 0 0 0 0 0 0 0 0 0 0 0 0 0 3 50634 0 0 2 0 0 164 0 0 14050110 26748065 21095336 0 0 0 25810011 0 0 0 0 
0 0 0 0 0 0 0 0 0 0 0 0 0 0 0 0 0 0 0 0 0 0 0 3 0 50636 50619 0 0 165 0 0 0 47851292 14045407 0 0 0 0 0 25813583 0 0 0 
0 0 0 0 0 0 0 0 0 0 0 0 0 0 0 0 0 0 0 0 0 0 0 3 50634 0 0 2 0 0 164 0 0 14050110 26748065 21095336 0 0 0 25810011 0 0 0 0 
0 0 0 0 0 0 0 0 0 0 0 0 0 0 0 0 0 0 0 0 0 0 0 3 0 50636 50619 0 0 165 0 0 0 47851292 14045407 0 0 0 0 0 25813583 0 0 0 
0 0 0 0 0 0 0 0 0 0 0 0 0 0 0 0 0 0 0 0 0 0 0 3 50634 0 0 2 0 0 164 0 0 14050110 26748065 21095336 0 0 0 25810011 0 0 0 0 
0 0 0 0 0 0 0 0 0 0 0 0 0 0 0 0 0 0 0 0 0 0 0 3 0 50636 50619 0 0 165 0 0 0 47851292 14045407 0 0 0 0 0 25813583 0 0 0 
0 0 0 0 0 0 0 0 0 0 0 0 0 0 0 0 0 0 0 0 0 0 0 3 50634 0 0 2 0 0 164 0 0 14050110 26748065 21095336 0 0 0 25810011 0 0 0 0 
0 0 0 0 0 0 0 0 0 0 0 0 0 0 0 0 0 0 0 0 0 0 0 3 0 50636 50619 0 0 165 0 0 0 47851292 14045407 0 0 0 0 0 25813583 0 0 0 
0 0 0 0 0 0 0 0 0 0 0 0 0 0 0 0 0 0 0 0 0 0 0 3 50634 0 0 2 0 0 164 0 0 14050110 26748065 21095336 0 0 0 25810011 0 0 0 0 
0 0 0 0 0 0 0 0 0 0 0 0 0 0 0 0 0 0 0 0 0 0 0 3 0 50636 50619 0 0 165 0 0 0 47851292 14045407 0 0 0 0 0 25813583 0 0 0 
0 0 0 0 0 0 0 0 0 0 0 0 0 0 0 0 0 0 0 0 0 0 0 3 50634 0 0 2 0 0 164 0 0 14050110 26748065 21095336 0 0 0 25810011 0 0 0 0 
0 0 0 0 0 0 0 0 0 0 0 0 0 0 0 0 0 0 0 0 0 0 0 3 0 50636 50619 0 0 165 0 0 0 47851292 14045407 0 0 0 0 0 25813583 0 0 0 
0 0 0 0 0 0 0 0 0 0 0 0 0 0 0 0 0 0 0 0 0 0 0 3 50634 0 0 2 0 0 164 0 0 14050110 26748065 21095336 0 0 0 25810011 0 0 0 0 
0 0 0 0 0 0 0 0 0 0 0 0 0 0 0 0 0 0 0 0 0 0 0 3 0 50636 50619 0 0 165 0 0 0 47851292 14045407 0 0 0 0 0 25813583 0 0 0 
0 0 0 0 0 0 0 0 0 0 0 0 0 0 0 0 0 0 0 0 0 0 0 3 50634 0 0 2 0 0 164 0 0 14050110 26748065 21095336 0 0 0 25810011 0 0 0 0 
0 0 0 0 0 0 0 0 0 0 0 0 0 0 0 0 0 0 0 0 0 0 0 3 0 50636 50619 0 0 165 0 0 0 47851292 14045407 0 0 0 0 0 25813583 0 0 0 
0 0 0 0 0 0 0 0 0 0 0 0 0 0 0 0 0 0 0 0 0 0 0 3 50634 0 0 2 0 0 164 0 0 14050110 26748065 21095336 0 0 0 25810011 0 0 0 0 
0 0 0 0 0 0 0 0 0 0 0 0 0 0 0 0 0 0 0 0 0 0 0 3 0 50636 50619 0 0 165 0 0 0 47851292 14045407 0 0 0 0 0 25813583 0 0 0 
0 0 0 0 0 0 0 0 0 0 0 0 0 0 0 0 0 0 0 0 0 0 0 3 50634 0 0 2 0 0 164 0 0 14050110 26748065 21095336 0 0 0 25810011 0 0 0 0 
0 0 0 0 0 0 0 0 0 0 0 0 0 0 0 0 0 0 0 0 0 0 0 3 0 50636 50619 0 0 165 0 0 0 47851292 14045407 0 0 0 0 0 25813583 0 0 0 
0 0 0 0 0 0 0 0 0 0 0 0 0 0 0 0 0 0 0 0 0 0 0 3 50634 0 0 2 0 0 164 0 0 14050110 26748065 21095336 0 0 0 25810011 0 0 0 0 
0 0 0 0 0 0 0 0 0 0 0 0 0 0 0 0 0 0 0 0 0 0 0 3 0 50636 50619 0 0 165 0 0 0 47851292 14045407 0 0 0 0 0 25813583 0 0 0 
0 0 0 0 0 0 0 0 0 0 0 0 0 0 0 0 0 0 0 0 0 0 0 3 50634 0 0 2 0 0 164 0 0 14050110 26748065 21095336 0 0 0 25810011 0 0 0 0 
0 0 0 0 0 0 0 0 0 0 0 0 0 0 0 0 0 0 0 0 0 0 0 3 0 50636 50619 0 0 165 0 0 0 47851292 14045407 0 0 0 0 0 25813583 0 0 0 
0 0 0 0 0 0 0 0 0 0 0 0 0 0 0 0 0 0 0 0 0 0 0 3 50634 0 0 2 0 0 164 0 0 14050110 26748065 21095336 0 0 0 25810011 0 0 0 0 
0 0 0 0 0 0 0 0 0 0 0 0 0 0 0 0 0 0 0 0 0 0 0 3 0 50636 50619 0 0 165 0 0 0 47851292 14045407 0 0 0 0 0 25813583 0 0 0 
0 0 0 0 0 0 0 0 0 0 0 0 0 0 0 0 0 0 0 0 0 0 0 3 50634 0 0 2 0 0 164 0 0 14050110 26748065 21095336 0 0 0 25810011 0 0 0 0 
0 0 0 0 0 0 0 0 0 0 0 0 0 0 0 0 0 0 0 0 0 0 0 3 0 50636 50619 0 0 165 0 0 0 47851292 14045407 0 0 0 0 0 25813583 0 0 0 
0 0 0 0 0 0 0 0 0 0 0 0 0 0 0 0 0 0 0 0 0 0 0 3 50634 0 0 2 0 0 164 0 0 14050110 26748065 21095336 0 0 0 25810011 0 0 0 0 
0 0 0 0 0 0 0 0 0 0 0 0 0 0 0 0 0 0 0 0 0 0 0 3 0 50636 50619 0 0 165 0 0 0 47851292 14045407 0 0 0 0 0 25813583 0 0 0 
0 0 0 0 0 0 0 0 0 0 0 0 0 0 0 0 0 0 0 0 0 0 0 3 50634 0 0 2 0 0 164 0 0 14050110 26748065 21095336 0 0 0 25810011 0 0 0 0 
0 0 0 0 0 0 0 0 0 0 0 0 0 0 0 0 0 0 0 0 0 0 0 3 0 50636 50619 0 0 165 0 0 0 47851292 14045407 0 0 0 0 0 25813583 0 0 0 
0 0 0 0 0 0 0 0 0 0 0 0 0 0 0 0 0 0 0 0 0 0 0 3 50634 0 0 2 0 0 164 0 0 14050110 26748065 21095336 0 0 0 25810011 0 0 0 0 
0 0 0 0 0 0 0 0 0 0 0 0 0 0 0 0 0 0 0 0 0 0 0 3 0 50636 50619 0 0 165 0 0 0 47851292 14045407 0 0 0 0 0 25813583 0 0 0 
0 0 0 0 0 0 0 0 0 0 0 0 0 0 0 0 0 0 0 0 0 0 0 3 50634 0 0 2 0 0 164 0 0 14050110 26748065 21095336 0 0 0 25810011 0 0 0 0 
0 0 0 0 0 0 0 0 0 0 0 0 0 0 0 0 0 0 0 0 0 0 0 3 0 50636 50619 0 0 165 0 0 0 47851292 14045407 0 0 0 0 0 25813583 0 0 0 
0 0 0 0 0 0 0 0 0 0 0 0 0 0 0 0 0 0 0 0 0 0 0 3 50634 0 0 2 0 0 164 0 0 14050110 26748065 21095336 0 0 0 25810011 0 0 0 0 
0 0 0 0 0 0 0 0 0 0 0 0 0 0 0 0 0 0 0 0 0 0 0 3 0 50636 50619 0 0 165 0 0 0 47851292 14045407 0 0 0 0 0 25813583 0 0 0 
0 0 0 0 0 0 0 0 0 0 0 0 0 0 0 0 0 0 0 0 0 0 0 3 50634 0 0 2 0 0 164 0 0 14050110 26748065 21095336 0 0 0 25810011 0 0 0 0 
0 0 0 0 0 0 0 0 0 0 0 0 0 0 0 0 0 0 0 0 0 0 0 3 0 50636 50619 0 0 165 0 0 0 47851292 14045407 0 0 0 0 0 25813583 0 0 0 
0 0 0 0 0 0 0 0 0 0 0 0 0 0 0 0 0 0 0 0 0 0 0 3 50634 0 0 2 0 0 164 0 0 14050110 26748065 21095336 0 0 0 25810011 0 0 0 0 
0 0 0 0 0 0 0 0 0 0 0 0 0 0 0 0 0 0 0 0 0 0 0 3 0 50636 50619 0 0 165 0 0 0 47851292 14045407 0 0 0 0 0 25813583 0 0 0 
0 0 0 0 0 0 0 0 0 0 0 0 0 0 0 0 0 0 0 0 0 0 0 3 50634 0 0 2 0 0 164 0 0 14050110 26748065 21095336 0 0 0 25810011 0 0 0 0 
0 0 0 0 0 0 0 0 0 0 0 0 0 0 0 0 0 0 0 0 0 0 0 3 0 50636 50619 0 0 165 0 0 0 47851292 14045407 0 0 0 0 0 25813583 0 0 0 
0 0 0 0 0 0 0 0 0 0 0 0 0 0 0 0 0 0 0 0 0 0 0 3 50634 0 0 2 0 0 164 0 0 14050110 26748065 21095336 0 0 0 25810011 0 0 0 0 
0 0 0 0 0 0 0 0 0 0 0 0 0 0 0 0 0 0 0 0 0 0 0 3 0 50636 50619 0 0 165 0 0 0 47851292 14045407 0 0 0 0 0 25813583 0 0 0 
0 0 0 0 0 0 0 0 0 0 0 0 0 0 0 0 0 0 0 0 0 0 0 3 50634 0 0 2 0 0 164 0 0 14050110 26748065 21095336 0 0 0 25810011 0 0 0 0 
0 0 0 0 0 0 0 0 0 0 0 0 0 0 0 0 0 0 0 0 0 0 0 3 0 50636 50619 0 0 165 0 0 0 47851292 14045407 0 0 0 0 0 25813583 0 0 0 
0 0 0 0 0 0 0 0 0 0 0 0 0 0 0 0 0 0 0 0 0 0 0 3 50634 0 0 2 0 0 164 0 0 14050110 26748065 21095336 0 0 0 25810011 0 0 0 0 
0 0 0 0 0 0 0 0 0 0 0 0 0 0 0 0 0 0 0 0 0 0 0 3 0 50636 50619 0 0 165 0 0 0 47851292 14045407 0 0 0 0 0 25813583 0 0 0 
0 0 0 0 0 0 0 0 0 0 0 0 0 0 0 0 0 0 0 0 0 0 0 3 50634 0 0 2 0 0 164 0 0 14050110 26748065 21095336 0 0 0 25810011 0 0 0 0 
0 0 0 0 0 0 0 0 0 0 0 0 0 0 0 0 0 0 0 0 0 0 0 3 0 50636 50619 0 0 165 0 0 0 47851292 14045407 0 0 0 0 0 25813583 0 0 0 
0 0 0 0 0 0 0 0 0 0 0 0 0 0 0 0 0 0 0 0 0 0 0 3 50634 0 0 2 0 0 164 0 0 14050110 26748065 21095336 0 0 0 25810011 0 0 0 0 
0 0 0 0 0 0 0 0 0 0 0 0 0 0 0 0 0 0 0 0 0 0 0 3 0 50636 50619 0 0 165 0 0 0 47851292 14045407 0 0 0 0 0 25813583 0 0 0 
0 0 0 0 0 0 0 0 0 0 0 0 0 0 0 0 0 0 0 0 0 0 0 3 50634 0 0 2 0 0 164 0 0 14050110 26748065 21095336 0 0 0 25810011 0 0 0 0 
0 0 0 0 0 0 0 0 0 0 0 0 0 0 0 0 0 0 0 0 0 0 0 3 0 50636 50619 0 0 165 0 0 0 47851292 14045407 0 0 0 0 0 25813583 0 0 0 
0 0 0 0 0 0 0 0 0 0 0 0 0 0 0 0 0 0 0 0 0 0 0 3 50634 0 0 2 0 0 164 0 0 14050110 26748065 21095336 0 0 0 25810011 0 0 0 0 
0 0 0 0 0 0 0 0 0 0 0 0 0 0 0 0 0 0 0 0 0 0 0 3 0 50636 50619 0 0 165 0 0 0 47851292 14045407 0 0 0 0 0 25813583 0 0 0 
0 0 0 0 0 0 0 0 0 0 0 0 0 0 0 0 0 0 0 0 0 0 0 3 50634 0 0 2 0 0 164 0 0 14050110 26748065 21095336 0 0 0 25810011 0 0 0 0 
0 0 0 0 0 0 0 0 0 0 0 0 0 0 0 0 0 0 0 0 0 0 0 3 0 50636 50619 0 0 165 0 0 0 47851292 14045407 0 0 0 0 0 25813583 0 0 0 
0 0 0 0 0 0 0 0 0 0 0 0 0 0 0 0 0 0 0 0 0 0 0 3 50634 0 0 2 0 0 164 0 0 14050110 26748065 21095336 0 0 0 25810011 0 0 0 0 
0 0 0 0 0 0 0 0 0 0 0 0 0 0 0 0 0 0 0 0 0 0 0 3 0 50636 50619 0 0 165 0 0 0 47851292 14045407 0 0 0 0 0 25813583 0 0 0 
