0 0 0 0 0 0 0 0 0 0 0 0 0 0 0 0 0 0 0 0 0 0 0 3 0 38532 38517 0 0 158 0 0 0 38793997 12036275 0 0 0 0 0 20376350 0 0 0 
0 0 0 0 0 0 0 0 0 0 0 0 0 0 0 0 0 0 0 0 0 0 0 3 0 38532 38517 0 0 158 0 0 0 38793997 12036275 0 0 0 0 0 20376350 0 0 0 
0 0 0 0 0 0 0 0 0 0 0 0 0 0 0 0 0 0 0 0 0 0 0 3 0 38532 38517 0 0 158 0 0 0 38793997 12036275 0 0 0 0 0 20376350 0 0 0 
0 0 0 0 0 0 0 0 0 0 0 0 0 0 0 0 0 0 0 0 0 0 0 3 0 38532 38517 0 0 158 0 0 0 38793997 12036275 0 0 0 0 0 20376350 0 0 0 
0 0 0 0 0 0 0 0 0 0 0 0 0 0 0 0 0 0 0 0 0 0 0 3 0 38532 38517 0 0 158 0 0 0 38793997 12036275 0 0 0 0 0 20376350 0 0 0 
0 0 0 0 0 0 0 0 0 0 0 0 0 0 0 0 0 0 0 0 0 0 0 3 0 38532 38517 0 0 158 0 0 0 38793997 12036275 0 0 0 0 0 20376350 0 0 0 
0 0 0 0 0 0 0 0 0 0 0 0 0 0 0 0 0 0 0 0 0 0 0 3 0 38532 38517 0 0 158 0 0 0 38793997 12036275 0 0 0 0 0 20376350 0 0 0 
0 0 0 0 0 0 0 0 0 0 0 0 0 0 0 0 0 0 0 0 0 0 0 3 38530 0 0 2 0 0 157 0 0 12041309 21270112 17515773 0 0 0 20373079 0 0 0 0 
0 0 0 0 0 0 0 0 0 0 0 0 0 0 0 0 0 0 0 0 0 0 0 3 38582 0 0 2 0 0 164 0 0 12042128 21303843 17519685 0 0 0 20383096 0 0 0 0 
0 0 0 0 0 0 0 0 0 0 0 0 0 0 0 0 0 0 0 0 0 0 0 3 38594 0 0 2 0 0 164 0 0 12053701 21323587 17532522 0 0 0 20399365 0 0 0 0 
0 0 0 0 0 0 0 0 0 0 0 0 0 0 0 0 0 0 0 0 0 0 0 3 38642 0 0 2 0 0 164 0 0 12054578 21339540 17540837 0 0 0 20413454 0 0 0 0 
0 0 0 0 0 0 0 0 0 0 0 0 0 0 0 0 0 0 0 0 0 0 0 3 38698 0 0 2 0 0 164 0 0 12062331 21360793 17557554 0 0 0 20434589 0 0 0 0 
0 0 0 0 0 0 0 0 0 0 0 0 0 0 0 0 0 0 0 0 0 0 0 3 38706 0 0 2 0 0 164 0 0 12067666 21374080 17564849 0 0 0 20448885 0 0 0 0 
0 0 0 0 0 0 0 0 0 0 0 0 0 0 0 0 0 0 0 0 0 0 0 3 38762 0 0 2 0 0 164 0 0 12072278 21391690 17578075 0 0 0 20465426 0 0 0 0 
0 0 0 0 0 0 0 0 0 0 0 0 0 0 0 0 0 0 0 0 0 0 0 3 38778 0 0 2 0 0 164 0 0 12080806 21410874 17592042 0 0 0 20483752 0 0 0 0 
0 0 0 0 0 0 0 0 0 0 0 0 0 0 0 0 0 0 0 0 0 0 0 3 38822 0 0 2 0 0 164 0 0 12082225 21420457 17597986 0 0 0 20494140 0 0 0 0 
0 0 0 0 0 0 0 0 0 0 0 0 0 0 0 0 0 0 0 0 0 0 0 3 38878 0 0 2 0 0 164 0 0 12092145 21440061 17612298 0 0 0 20513682 0 0 0 0 
0 0 0 0 0 0 0 0 0 0 0 0 0 0 0 0 0 0 0 0 0 0 0 3 38886 0 0 2 0 0 164 0 0 12094944 21452414 17616766 0 0 0 20526158 0 0 0 0 
0 0 0 0 0 0 0 0 0 0 0 0 0 0 0 0 0 0 0 0 0 0 0 3 38938 0 0 2 0 0 164 0 0 12102084 21472642 17630696 0 0 0 20546204 0 0 0 0 
0 0 0 0 0 0 0 0 0 0 0 0 0 0 0 0 0 0 0 0 0 0 0 3 38946 0 0 2 0 0 164 0 0 12108034 21490304 17636935 0 0 0 20564449 0 0 0 0 
0 0 0 0 0 0 0 0 0 0 0 0 0 0 0 0 0 0 0 0 0 0 0 3 39002 0 0 2 0 0 164 0 0 12112030 21503694 17648610 0 0 0 20577196 0 0 0 0 
0 0 0 0 0 0 0 0 0 0 0 0 0 0 0 0 0 0 0 0 0 0 0 3 39018 0 0 2 0 0 164 0 0 12120557 21524935 17661683 0 0 0 20597734 0 0 0 0 
0 0 0 0 0 0 0 0 0 0 0 0 0 0 0 0 0 0 0 0 0 0 0 3 39062 0 0 2 0 0 164 0 0 12121975 21535377 17667865 0 0 0 20608826 0 0 0 0 
0 0 0 0 0 0 0 0 0 0 0 0 0 0 0 0 0 0 0 0 0 0 0 3 39118 0 0 2 0 0 164 0 0 12131896 21557190 17681951 0 0 0 20630574 0 0 0 0 
0 0 0 0 0 0 0 0 0 0 0 0 0 0 0 0 0 0 0 0 0 0 0 3 39126 0 0 2 0 0 164 0 0 12136895 21578214 17686775 0 0 0 20652391 0 0 0 0 
0 0 0 0 0 0 0 0 0 0 0 0 0 0 0 0 0 0 0 0 0 0 0 3 39178 0 0 2 0 0 164 0 0 12141840 21596139 17699931 0 0 0 20669464 0 0 0 0 
0 0 0 0 0 0 0 0 0 0 0 0 0 0 0 0 0 0 0 0 0 0 0 3 39186 0 0 2 0 0 164 0 0 12147790 21615584 17707780 0 0 0 20685950 0 0 0 0 
0 0 0 0 0 0 0 0 0 0 0 0 0 0 0 0 0 0 0 0 0 0 0 3 39242 0 0 2 0 0 164 0 0 12151780 21634027 17717723 0 0 0 20707290 0 0 0 0 
0 0 0 0 0 0 0 0 0 0 0 0 0 0 0 0 0 0 0 0 0 0 0 3 39262 0 0 2 0 0 164 0 0 12160312 21654925 17732203 0 0 0 20728246 0 0 0 0 
0 0 0 0 0 0 0 0 0 0 0 0 0 0 0 0 0 0 0 0 0 0 0 3 39306 0 0 2 0 0 164 0 0 12164029 21668456 17737920 0 0 0 20741623 0 0 0 0 
0 0 0 0 0 0 0 0 0 0 0 0 0 0 0 0 0 0 0 0 0 0 0 3 39358 0 0 2 0 0 164 0 0 12171646 21686265 17752247 0 0 0 20759410 0 0 0 0 
0 0 0 0 0 0 0 0 0 0 0 0 0 0 0 0 0 0 0 0 0 0 0 3 39366 0 0 2 0 0 164 0 0 12177602 21702083 17760232 0 0 0 20772227 0 0 0 0 
0 0 0 0 0 0 0 0 0 0 0 0 0 0 0 0 0 0 0 0 0 0 0 3 39422 0 0 2 0 0 164 0 0 12181594 21717061 17772135 0 0 0 20790151 0 0 0 0 
0 0 0 0 0 0 0 0 0 0 0 0 0 0 0 0 0 0 0 0 0 0 0 3 39478 0 0 2 0 0 164 0 0 12191519 21735545 17785669 0 0 0 20808572 0 0 0 0 
0 0 0 0 0 0 0 0 0 0 0 0 0 0 0 0 0 0 0 0 0 0 0 3 39486 0 0 2 0 0 164 0 0 12197157 21752044 17791855 0 0 0 20826278 0 0 0 0 
0 0 0 0 0 0 0 0 0 0 0 0 0 0 0 0 0 0 0 0 0 0 0 3 39538 0 0 2 0 0 164 0 0 12201465 21766927 17804414 0 0 0 20839896 0 0 0 0 
0 0 0 0 0 0 0 0 0 0 0 0 0 0 0 0 0 0 0 0 0 0 0 3 39546 0 0 2 0 0 164 0 0 12207409 21786849 17812352 0 0 0 20857385 0 0 0 0 
0 0 0 0 0 0 0 0 0 0 0 0 0 0 0 0 0 0 0 0 0 0 0 3 39602 0 0 2 0 0 164 0 0 12211409 21802235 17824060 0 0 0 20875142 0 0 0 0 
0 0 0 0 0 0 0 0 0 0 0 0 0 0 0 0 0 0 0 0 0 0 0 3 39642 0 0 2 0 0 164 0 0 12220742 21819005 17837813 0 0 0 20891862 0 0 0 0 
0 0 0 0 0 0 0 0 0 0 0 0 0 0 0 0 0 0 0 0 0 0 0 3 39666 0 0 2 0 0 164 0 0 12223815 21835938 17843390 0 0 0 20908805 0 0 0 0 
0 0 0 0 0 0 0 0 0 0 0 0 0 0 0 0 0 0 0 0 0 0 0 3 39718 0 0 2 0 0 164 0 0 12231275 21854395 17857461 0 0 0 20927182 0 0 0 0 
0 0 0 0 0 0 0 0 0 0 0 0 0 0 0 0 0 0 0 0 0 0 0 3 39726 0 0 2 0 0 164 0 0 12237225 21870938 17863863 0 0 0 20944684 0 0 0 0 
0 0 0 0 0 0 0 0 0 0 0 0 0 0 0 0 0 0 0 0 0 0 0 3 39782 0 0 2 0 0 164 0 0 12241224 21884344 17876997 0 0 0 20957077 0 0 0 0 
0 0 0 0 0 0 0 0 0 0 0 0 0 0 0 0 0 0 0 0 0 0 0 3 39838 0 0 2 0 0 164 0 0 12251151 21901563 17891163 0 0 0 20974236 0 0 0 0 
0 0 0 0 0 0 0 0 0 0 0 0 0 0 0 0 0 0 0 0 0 0 0 3 39846 0 0 2 0 0 164 0 0 12256389 21916590 17897270 0 0 0 20990371 0 0 0 0 
0 0 0 0 0 0 0 0 0 0 0 0 0 0 0 0 0 0 0 0 0 0 0 3 39898 0 0 2 0 0 164 0 0 12261092 21930781 17910606 0 0 0 21003397 0 0 0 0 
0 0 0 0 0 0 0 0 0 0 0 0 0 0 0 0 0 0 0 0 0 0 0 3 39910 0 0 2 0 0 164 0 0 12267673 21946502 17920093 0 0 0 21015688 0 0 0 0 
0 0 0 0 0 0 0 0 0 0 0 0 0 0 0 0 0 0 0 0 0 0 0 3 39966 0 0 2 0 0 164 0 0 12272076 21955376 17931335 0 0 0 21027482 0 0 0 0 
0 0 0 0 0 0 0 0 0 0 0 0 0 0 0 0 0 0 0 0 0 0 0 3 40018 0 0 2 0 0 164 0 0 12280966 21972047 17946396 0 0 0 21044544 0 0 0 0 
0 0 0 0 0 0 0 0 0 0 0 0 0 0 0 0 0 0 0 0 0 0 0 3 40026 0 0 2 0 0 164 0 0 12286921 21988141 17954434 0 0 0 21057358 0 0 0 0 
0 0 0 0 0 0 0 0 0 0 0 0 0 0 0 0 0 0 0 0 0 0 0 3 40082 0 0 2 0 0 164 0 0 12290917 21997350 17966547 0 0 0 21069792 0 0 0 0 
0 0 0 0 0 0 0 0 0 0 0 0 0 0 0 0 0 0 0 0 0 0 0 3 40138 0 0 2 0 0 164 0 0 12300837 22016129 17980746 0 0 0 21088506 0 0 0 0 
0 0 0 0 0 0 0 0 0 0 0 0 0 0 0 0 0 0 0 0 0 0 0 3 40146 0 0 2 0 0 164 0 0 12306507 22027667 17987401 0 0 0 21101206 0 0 0 0 
0 0 0 0 0 0 0 0 0 0 0 0 0 0 0 0 0 0 0 0 0 0 0 3 40202 0 0 2 0 0 164 0 0 12310784 22042747 18001032 0 0 0 21115062 0 0 0 0 
0 0 0 0 0 0 0 0 0 0 0 0 0 0 0 0 0 0 0 0 0 0 0 3 40230 0 0 2 0 0 164 0 0 12319550 22060944 18015298 0 0 0 21133412 0 0 0 0 
0 0 0 0 0 0 0 0 0 0 0 0 0 0 0 0 0 0 0 0 0 0 0 3 40266 0 0 2 0 0 164 0 0 12324565 22073835 18021984 0 0 0 21146614 0 0 0 0 
0 0 0 0 0 0 0 0 0 0 0 0 0 0 0 0 0 0 0 0 0 0 0 3 40318 0 0 2 0 0 164 0 0 12330657 22091643 18035974 0 0 0 21163839 0 0 0 0 
0 0 0 0 0 0 0 0 0 0 0 0 0 0 0 0 0 0 0 0 0 0 0 3 40326 0 0 2 0 0 164 0 0 12336607 22111494 18043672 0 0 0 21180824 0 0 0 0 
0 0 0 0 0 0 0 0 0 0 0 0 0 0 0 0 0 0 0 0 0 0 0 3 40382 0 0 2 0 0 164 0 0 12340600 22124340 18054826 0 0 0 21196475 0 0 0 0 
0 0 0 0 0 0 0 0 0 0 0 0 0 0 0 0 0 0 0 0 0 0 0 3 40398 0 0 2 0 0 164 0 0 12349122 22142026 18067620 0 0 0 21212151 0 0 0 0 
0 0 0 0 0 0 0 0 0 0 0 0 0 0 0 0 0 0 0 0 0 0 0 3 40442 0 0 2 0 0 164 0 0 12350535 22161709 18073522 0 0 0 21233787 0 0 0 0 
0 0 0 0 0 0 0 0 0 0 0 0 0 0 0 0 0 0 0 0 0 0 0 3 40498 0 0 2 0 0 164 0 0 12360464 22178791 18087122 0 0 0 21250808 0 0 0 0 
0 0 0 0 0 0 0 0 0 0 0 0 0 0 0 0 0 0 0 0 0 0 0 3 40506 0 0 2 0 0 164 0 0 12364630 22195583 18093523 0 0 0 21268292 0 0 0 0 
0 0 0 0 0 0 0 0 0 0 0 0 0 0 0 0 0 0 0 0 0 0 0 3 40558 0 0 2 0 0 164 0 0 12370403 22213389 18107238 0 0 0 21285349 0 0 0 0 
0 0 0 0 0 0 0 0 0 0 0 0 0 0 0 0 0 0 0 0 0 0 0 3 40566 0 0 2 0 0 164 0 0 12376357 22231403 18115022 0 0 0 21300027 0 0 0 0 
0 0 0 0 0 0 0 0 0 0 0 0 0 0 0 0 0 0 0 0 0 0 0 3 40622 0 0 2 0 0 164 0 0 12380350 22250227 18126675 0 0 0 21322129 0 0 0 0 
0 0 0 0 0 0 0 0 0 0 0 0 0 0 0 0 0 0 0 0 0 0 0 3 40678 0 0 2 0 0 164 0 0 12390277 22269129 18141486 0 0 0 21340971 0 0 0 0 
0 0 0 0 0 0 0 0 0 0 0 0 0 0 0 0 0 0 0 0 0 0 0 3 40686 0 0 2 0 0 164 0 0 12396227 22284048 18147961 0 0 0 21356743 0 0 0 0 
0 0 0 0 0 0 0 0 0 0 0 0 0 0 0 0 0 0 0 0 0 0 0 3 40742 0 0 2 0 0 164 0 0 12400223 22300182 18160533 0 0 0 21371965 0 0 0 0 
0 0 0 0 0 0 0 0 0 0 0 0 0 0 0 0 0 0 0 0 0 0 0 3 40754 0 0 2 0 0 164 0 0 12408695 22316759 18171775 0 0 0 21386245 0 0 0 0 
0 0 0 0 0 0 0 0 0 0 0 0 0 0 0 0 0 0 0 0 0 0 0 3 40802 0 0 2 0 0 164 0 0 12410169 22326415 18180068 0 0 0 21398139 0 0 0 0 
0 0 0 0 0 0 0 0 0 0 0 0 0 0 0 0 0 0 0 0 0 0 0 3 40858 0 0 2 0 0 164 0 0 12420091 22347608 18195244 0 0 0 21419269 0 0 0 0 
0 0 0 0 0 0 0 0 0 0 0 0 0 0 0 0 0 0 0 0 0 0 0 3 40866 0 0 2 0 0 164 0 0 12426040 22362620 18202669 0 0 0 21433659 0 0 0 0 
0 0 0 0 0 0 0 0 0 0 0 0 0 0 0 0 0 0 0 0 0 0 0 3 40922 0 0 2 0 0 164 0 0 12430040 22378882 18215010 0 0 0 21450482 0 0 0 0 
0 0 0 0 0 0 0 0 0 0 0 0 0 0 0 0 0 0 0 0 0 0 0 3 40978 0 0 2 0 0 164 0 0 12439969 22395313 18228502 0 0 0 21466851 0 0 0 0 
0 0 0 0 0 0 0 0 0 0 0 0 0 0 0 0 0 0 0 0 0 0 0 3 40986 0 0 2 0 0 164 0 0 12443915 22410471 18234953 0 0 0 21482594 0 0 0 0 
0 0 0 0 0 0 0 0 0 0 0 0 0 0 0 0 0 0 0 0 0 0 0 3 41038 0 0 2 0 0 164 0 0 12449914 22427400 18248524 0 0 0 21498884 0 0 0 0 
0 0 0 0 0 0 0 0 0 0 0 0 0 0 0 0 0 0 0 0 0 0 0 3 41046 0 0 2 0 0 164 0 0 12455858 22446136 18254825 0 0 0 21517683 0 0 0 0 
0 0 0 0 0 0 0 0 0 0 0 0 0 0 0 0 0 0 0 0 0 0 0 3 41102 0 0 2 0 0 164 0 0 12459855 22460458 18268046 0 0 0 21531883 0 0 0 0 
0 0 0 0 0 0 0 0 0 0 0 0 0 0 0 0 0 0 0 0 0 0 0 3 41126 0 0 2 0 0 164 0 0 12468649 22477592 18281164 0 0 0 21549176 0 0 0 0 
0 0 0 0 0 0 0 0 0 0 0 0 0 0 0 0 0 0 0 0 0 0 0 3 41162 0 0 2 0 0 164 0 0 12469832 22494173 18285813 0 0 0 21565540 0 0 0 0 
0 0 0 0 0 0 0 0 0 0 0 0 0 0 0 0 0 0 0 0 0 0 0 3 41218 0 0 2 0 0 164 0 0 12479754 22511824 18299995 0 0 0 21583128 0 0 0 0 
0 0 0 0 0 0 0 0 0 0 0 0 0 0 0 0 0 0 0 0 0 0 0 3 41226 0 0 2 0 0 164 0 0 12485284 22524036 18306938 0 0 0 21596445 0 0 0 0 
0 0 0 0 0 0 0 0 0 0 0 0 0 0 0 0 0 0 0 0 0 0 0 3 41282 0 0 2 0 0 164 0 0 12489699 22539740 18320759 0 0 0 21610981 0 0 0 0 
0 0 0 0 0 0 0 0 0 0 0 0 0 0 0 0 0 0 0 0 0 0 0 3 41310 0 0 2 0 0 164 0 0 12498470 22556814 18335478 0 0 0 21628206 0 0 0 0 
0 0 0 0 0 0 0 0 0 0 0 0 0 0 0 0 0 0 0 0 0 0 0 3 41342 0 0 2 0 0 164 0 0 12499650 22567507 18343351 0 0 0 21638689 0 0 0 0 
0 0 0 0 0 0 0 0 0 0 0 0 0 0 0 0 0 0 0 0 0 0 0 3 41398 0 0 2 0 0 164 0 0 12509571 22585642 18358626 0 0 0 21656763 0 0 0 0 
0 0 0 0 0 0 0 0 0 0 0 0 0 0 0 0 0 0 0 0 0 0 0 3 41406 0 0 2 0 0 164 0 0 12515499 22598822 18366243 0 0 0 21670942 0 0 0 0 
0 0 0 0 0 0 0 0 0 0 0 0 0 0 0 0 0 0 0 0 0 0 0 3 41462 0 0 2 0 0 164 0 0 12519516 22611520 18378599 0 0 0 21682586 0 0 0 0 
0 0 0 0 0 0 0 0 0 0 0 0 0 0 0 0 0 0 0 0 0 0 0 3 41482 0 0 2 0 0 164 0 0 12528213 22631475 18392779 0 0 0 21702676 0 0 0 0 
0 0 0 0 0 0 0 0 0 0 0 0 0 0 0 0 0 0 0 0 0 0 0 3 41526 0 0 2 0 0 164 0 0 12530081 22640385 18398219 0 0 0 21710874 0 0 0 0 
0 0 0 0 0 0 0 0 0 0 0 0 0 0 0 0 0 0 0 0 0 0 0 3 41578 0 0 2 0 0 164 0 0 12539384 22660688 18413667 0 0 0 21731637 0 0 0 0 
0 0 0 0 0 0 0 0 0 0 0 0 0 0 0 0 0 0 0 0 0 0 0 3 41586 0 0 2 0 0 164 0 0 12545334 22674916 18421123 0 0 0 21744531 0 0 0 0 
0 0 0 0 0 0 0 0 0 0 0 0 0 0 0 0 0 0 0 0 0 0 0 3 41642 0 0 2 0 0 164 0 0 12549327 22688559 18434222 0 0 0 21759453 0 0 0 0 
0 0 0 0 0 0 0 0 0 0 0 0 0 0 0 0 0 0 0 0 0 0 0 3 41682 0 0 2 0 0 164 0 0 12558330 22705907 18447533 0 0 0 21776637 0 0 0 0 
0 0 0 0 0 0 0 0 0 0 0 0 0 0 0 0 0 0 0 0 0 0 0 3 41706 0 0 2 0 0 164 0 0 12562883 22720724 18453649 0 0 0 21791910 0 0 0 0 
0 0 0 0 0 0 0 0 0 0 0 0 0 0 0 0 0 0 0 0 0 0 0 3 41758 0 0 2 0 0 164 0 0 12569194 22738928 18467357 0 0 0 21809703 0 0 0 0 
0 0 0 0 0 0 0 0 0 0 0 0 0 0 0 0 0 0 0 0 0 0 0 3 41766 0 0 2 0 0 164 0 0 12575150 22757658 18475004 0 0 0 21825234 0 0 0 0 
0 0 0 0 0 0 0 0 0 0 0 0 0 0 0 0 0 0 0 0 0 0 0 3 41822 0 0 2 0 0 164 0 0 12579141 22776126 18486520 0 0 0 21846842 0 0 0 0 
0 0 0 0 0 0 0 0 0 0 0 0 0 0 0 0 0 0 0 0 0 0 0 3 41878 0 0 2 0 0 164 0 0 12589067 22795142 18499970 0 0 0 21865800 0 0 0 0 
0 0 0 0 0 0 0 0 0 0 0 0 0 0 0 0 0 0 0 0 0 0 0 3 41886 0 0 2 0 0 164 0 0 12594706 22810867 18506309 0 0 0 21882606 0 0 0 0 
0 0 0 0 0 0 0 0 0 0 0 0 0 0 0 0 0 0 0 0 0 0 0 3 41942 0 0 2 0 0 164 0 0 12599012 22825664 18519327 0 0 0 21896261 0 0 0 0 
0 0 0 0 0 0 0 0 0 0 0 0 0 0 0 0 0 0 0 0 0 0 0 3 41962 0 0 2 0 0 164 0 0 12607542 22844350 18533625 0 0 0 21915001 0 0 0 0 
0 0 0 0 0 0 0 0 0 0 0 0 0 0 0 0 0 0 0 0 0 0 0 3 42002 0 0 2 0 0 164 0 0 12608951 22862898 18538591 0 0 0 21933433 0 0 0 0 
0 0 0 0 0 0 0 0 0 0 0 0 0 0 0 0 0 0 0 0 0 0 0 3 42058 0 0 2 0 0 164 0 0 12618888 22880832 18552803 0 0 0 21951306 0 0 0 0 
0 0 0 0 0 0 0 0 0 0 0 0 0 0 0 0 0 0 0 0 0 0 0 3 42066 0 0 2 0 0 164 0 0 12624483 22896964 18559097 0 0 0 21968458 0 0 0 0 
0 0 0 0 0 0 0 0 0 0 0 0 0 0 0 0 0 0 0 0 0 0 0 3 42122 0 0 2 0 0 164 0 0 12628834 22913425 18572352 0 0 0 21983837 0 0 0 0 
0 0 0 0 0 0 0 0 0 0 0 0 0 0 0 0 0 0 0 0 0 0 0 3 42138 0 0 2 0 0 164 0 0 12637361 22935764 18584621 0 0 0 22004387 0 0 0 0 
0 0 0 0 0 0 0 0 0 0 0 0 0 0 0 0 0 0 0 0 0 0 0 3 42182 0 0 2 0 0 164 0 0 12638779 22949602 18591262 0 0 0 22019961 0 0 0 0 
0 0 0 0 0 0 0 0 0 0 0 0 0 0 0 0 0 0 0 0 0 0 0 3 42238 0 0 2 0 0 164 0 0 12648702 22966792 18604886 0 0 0 22037091 0 0 0 0 
0 0 0 0 0 0 0 0 0 0 0 0 0 0 0 0 0 0 0 0 0 0 0 3 42246 0 0 2 0 0 164 0 0 12651419 22983129 18610431 0 0 0 22053542 0 0 0 0 
0 0 0 0 0 0 0 0 0 0 0 0 0 0 0 0 0 0 0 0 0 0 0 3 42298 0 0 2 0 0 164 0 0 12658640 23002606 18624476 0 0 0 22072846 0 0 0 0 
0 0 0 0 0 0 0 0 0 0 0 0 0 0 0 0 0 0 0 0 0 0 0 3 42306 0 0 2 0 0 164 0 0 12664506 23014454 18630277 0 0 0 22085831 0 0 0 0 
0 0 0 0 0 0 0 0 0 0 0 0 0 0 0 0 0 0 0 0 0 0 0 3 42362 0 0 2 0 0 164 0 0 12668586 23034563 18642287 0 0 0 22104744 0 0 0 0 
0 0 0 0 0 0 0 0 0 0 0 0 0 0 0 0 0 0 0 0 0 0 0 3 42366 0 0 2 0 0 164 0 0 12674533 23049152 18649731 0 0 0 22116133 0 0 0 0 
0 0 0 0 0 0 0 0 0 0 0 0 0 0 0 0 0 0 0 0 0 0 0 3 42422 0 0 2 0 0 164 0 0 12678526 23065678 18661450 0 0 0 22135800 0 0 0 0 
0 0 0 0 0 0 0 0 0 0 0 0 0 0 0 0 0 0 0 0 0 0 0 3 42478 0 0 2 0 0 164 0 0 12688454 23082817 18676101 0 0 0 22152880 0 0 0 0 
0 0 0 0 0 0 0 0 0 0 0 0 0 0 0 0 0 0 0 0 0 0 0 3 42486 0 0 2 0 0 164 0 0 12694404 23097078 18683304 0 0 0 22166052 0 0 0 0 
0 0 0 0 0 0 0 0 0 0 0 0 0 0 0 0 0 0 0 0 0 0 0 3 42542 0 0 2 0 0 164 0 0 12698402 23113626 18695465 0 0 0 22183632 0 0 0 0 
0 0 0 0 0 0 0 0 0 0 0 0 0 0 0 0 0 0 0 0 0 0 0 3 42562 0 0 2 0 0 164 0 0 12707156 23129770 18708827 0 0 0 22199936 0 0 0 0 
0 0 0 0 0 0 0 0 0 0 0 0 0 0 0 0 0 0 0 0 0 0 0 3 42602 0 0 2 0 0 164 0 0 12708339 23145508 18715536 0 0 0 22215456 0 0 0 0 
0 0 0 0 0 0 0 0 0 0 0 0 0 0 0 0 0 0 0 0 0 0 0 3 42658 0 0 2 0 0 164 0 0 12718265 23164503 18729477 0 0 0 22234390 0 0 0 0 
0 0 0 0 0 0 0 0 0 0 0 0 0 0 0 0 0 0 0 0 0 0 0 3 42666 0 0 2 0 0 164 0 0 12723483 23181592 18734812 0 0 0 22252546 0 0 0 0 
0 0 0 0 0 0 0 0 0 0 0 0 0 0 0 0 0 0 0 0 0 0 0 3 42718 0 0 2 0 0 164 0 0 12728210 23199622 18747898 0 0 0 22269449 0 0 0 0 
0 0 0 0 0 0 0 0 0 0 0 0 0 0 0 0 0 0 0 0 0 0 0 3 42730 0 0 2 0 0 164 0 0 12734500 23218024 18756185 0 0 0 22284483 0 0 0 0 
0 0 0 0 0 0 0 0 0 0 0 0 0 0 0 0 0 0 0 0 0 0 0 3 42782 0 0 2 0 0 164 0 0 12738152 23235599 18767042 0 0 0 22305368 0 0 0 0 
0 0 0 0 0 0 0 0 0 0 0 0 0 0 0 0 0 0 0 0 0 0 0 3 42838 0 0 2 0 0 164 0 0 12748080 23252558 18781685 0 0 0 22322269 0 0 0 0 
0 0 0 0 0 0 0 0 0 0 0 0 0 0 0 0 0 0 0 0 0 0 0 3 42846 0 0 2 0 0 164 0 0 12754030 23267810 18788534 0 0 0 22337731 0 0 0 0 
0 0 0 0 0 0 0 0 0 0 0 0 0 0 0 0 0 0 0 0 0 0 0 3 42902 0 0 2 0 0 164 0 0 12758022 23281850 18802183 0 0 0 22351500 0 0 0 0 
0 0 0 0 0 0 0 0 0 0 0 0 0 0 0 0 0 0 0 0 0 0 0 3 42958 0 0 2 0 0 164 0 0 12767950 23298039 18816109 0 0 0 22367627 0 0 0 0 
0 0 0 0 0 0 0 0 0 0 0 0 0 0 0 0 0 0 0 0 0 0 0 3 42966 0 0 2 0 0 164 0 0 12773812 23311499 18823509 0 0 0 22382221 0 0 0 0 
0 0 0 0 0 0 0 0 0 0 0 0 0 0 0 0 0 0 0 0 0 0 0 3 43022 0 0 2 0 0 164 0 0 12777898 23326781 18837292 0 0 0 22396311 0 0 0 0 
0 0 0 0 0 0 0 0 0 0 0 0 0 0 0 0 0 0 0 0 0 0 0 3 43078 0 0 2 0 0 164 0 0 12787823 23345021 18851367 0 0 0 22414488 0 0 0 0 
0 0 0 0 0 0 0 0 0 0 0 0 0 0 0 0 0 0 0 0 0 0 0 3 43086 0 0 2 0 0 164 0 0 12792938 23355990 18859316 0 0 0 22426552 0 0 0 0 
0 0 0 0 0 0 0 0 0 0 0 0 0 0 0 0 0 0 0 0 0 0 0 3 43138 0 0 2 0 0 164 0 0 12797771 23371128 18872714 0 0 0 22440540 0 0 0 0 
0 0 0 0 0 0 0 0 0 0 0 0 0 0 0 0 0 0 0 0 0 0 0 3 43162 0 0 2 0 0 164 0 0 12806301 23389444 18887742 0 0 0 22458912 0 0 0 0 
0 0 0 0 0 0 0 0 0 0 0 0 0 0 0 0 0 0 0 0 0 0 0 3 43202 0 0 2 0 0 164 0 0 12807715 23398067 18893004 0 0 0 22467422 0 0 0 0 
0 0 0 0 0 0 0 0 0 0 0 0 0 0 0 0 0 0 0 0 0 0 0 3 43258 0 0 2 0 0 164 0 0 12817637 23419798 18908060 0 0 0 22489088 0 0 0 0 
0 0 0 0 0 0 0 0 0 0 0 0 0 0 0 0 0 0 0 0 0 0 0 3 43266 0 0 2 0 0 164 0 0 12823587 23435090 18915553 0 0 0 22502359 0 0 0 0 
0 0 0 0 0 0 0 0 0 0 0 0 0 0 0 0 0 0 0 0 0 0 0 3 43322 0 0 2 0 0 164 0 0 12827585 23449387 18928640 0 0 0 22518620 0 0 0 0 
0 0 0 0 0 0 0 0 0 0 0 0 0 0 0 0 0 0 0 0 0 0 0 3 43362 0 0 2 0 0 164 0 0 12836588 23468093 18941992 0 0 0 22537157 0 0 0 0 
0 0 0 0 0 0 0 0 0 0 0 0 0 0 0 0 0 0 0 0 0 0 0 3 43386 0 0 2 0 0 164 0 0 12839059 23483445 18947800 0 0 0 22552301 0 0 0 0 
0 0 0 0 0 0 0 0 0 0 0 0 0 0 0 0 0 0 0 0 0 0 0 3 43438 0 0 2 0 0 164 0 0 12847453 23504950 18961996 0 0 0 22574060 0 0 0 0 
0 0 0 0 0 0 0 0 0 0 0 0 0 0 0 0 0 0 0 0 0 0 0 3 43446 0 0 2 0 0 164 0 0 12853199 23520599 18968611 0 0 0 22590748 0 0 0 0 
0 0 0 0 0 0 0 0 0 0 0 0 0 0 0 0 0 0 0 0 0 0 0 3 43502 0 0 2 0 0 164 0 0 12857397 23538157 18981243 0 0 0 22607209 0 0 0 0 
0 0 0 0 0 0 0 0 0 0 0 0 0 0 0 0 0 0 0 0 0 0 0 3 43506 0 0 2 0 0 164 0 0 12863346 23556823 18989198 0 0 0 22623025 0 0 0 0 
0 0 0 0 0 0 0 0 0 0 0 0 0 0 0 0 0 0 0 0 0 0 0 3 43562 0 0 2 0 0 164 0 0 12867343 23573997 19000767 0 0 0 22642992 0 0 0 0 
0 0 0 0 0 0 0 0 0 0 0 0 0 0 0 0 0 0 0 0 0 0 0 3 43618 0 0 2 0 0 164 0 0 12877271 23592124 19013844 0 0 0 22661061 0 0 0 0 
0 0 0 0 0 0 0 0 0 0 0 0 0 0 0 0 0 0 0 0 0 0 0 3 43626 0 0 2 0 0 164 0 0 12881039 23609425 19019578 0 0 0 22678786 0 0 0 0 
0 0 0 0 0 0 0 0 0 0 0 0 0 0 0 0 0 0 0 0 0 0 0 3 43678 0 0 2 0 0 164 0 0 12887209 23631939 19033168 0 0 0 22700815 0 0 0 0 
0 0 0 0 0 0 0 0 0 0 0 0 0 0 0 0 0 0 0 0 0 0 0 3 43686 0 0 2 0 0 164 0 0 12893159 23649178 19040776 0 0 0 22715499 0 0 0 0 
0 0 0 0 0 0 0 0 0 0 0 0 0 0 0 0 0 0 0 0 0 0 0 3 43742 0 0 2 0 0 164 0 0 12897158 23667044 19052456 0 0 0 22735863 0 0 0 0 
0 0 0 0 0 0 0 0 0 0 0 0 0 0 0 0 0 0 0 0 0 0 0 3 43798 0 0 2 0 0 164 0 0 12907085 23686759 19065697 0 0 0 22755519 0 0 0 0 
0 0 0 0 0 0 0 0 0 0 0 0 0 0 0 0 0 0 0 0 0 0 0 3 43806 0 0 2 0 0 164 0 0 12909247 23698257 19071357 0 0 0 22766926 0 0 0 0 
0 0 0 0 0 0 0 0 0 0 0 0 0 0 0 0 0 0 0 0 0 0 0 3 43858 0 0 2 0 0 164 0 0 12917022 23720476 19085260 0 0 0 22789179 0 0 0 0 
0 0 0 0 0 0 0 0 0 0 0 0 0 0 0 0 0 0 0 0 0 0 0 3 43866 0 0 2 0 0 164 0 0 12922972 23737211 19091671 0 0 0 22805842 0 0 0 0 
0 0 0 0 0 0 0 0 0 0 0 0 0 0 0 0 0 0 0 0 0 0 0 3 43922 0 0 2 0 0 164 0 0 12926968 23754060 19103793 0 0 0 22822700 0 0 0 0 
0 0 0 0 0 0 0 0 0 0 0 0 0 0 0 0 0 0 0 0 0 0 0 3 43946 0 0 2 0 0 164 0 0 12935726 23772879 19117063 0 0 0 22841678 0 0 0 0 
0 0 0 0 0 0 0 0 0 0 0 0 0 0 0 0 0 0 0 0 0 0 0 3 43986 0 0 2 0 0 164 0 0 12939771 23784887 19123541 0 0 0 22853594 0 0 0 0 
0 0 0 0 0 0 0 0 0 0 0 0 0 0 0 0 0 0 0 0 0 0 0 3 44038 0 0 2 0 0 164 0 0 12946832 23804508 19138241 0 0 0 22873028 0 0 0 0 
0 0 0 0 0 0 0 0 0 0 0 0 0 0 0 0 0 0 0 0 0 0 0 3 44046 0 0 2 0 0 164 0 0 12952782 23818988 19145422 0 0 0 22886373 0 0 0 0 
0 0 0 0 0 0 0 0 0 0 0 0 0 0 0 0 0 0 0 0 0 0 0 3 44102 0 0 2 0 0 164 0 0 12956777 23833140 19158103 0 0 0 22901600 0 0 0 0 
0 0 0 0 0 0 0 0 0 0 0 0 0 0 0 0 0 0 0 0 0 0 0 3 44126 0 0 2 0 0 164 0 0 12965532 23852272 19172142 0 0 0 22920892 0 0 0 0 
0 0 0 0 0 0 0 0 0 0 0 0 0 0 0 0 0 0 0 0 0 0 0 3 44166 0 0 2 0 0 164 0 0 12968058 23867631 19177559 0 0 0 22935669 0 0 0 0 
0 0 0 0 0 0 0 0 0 0 0 0 0 0 0 0 0 0 0 0 0 0 0 3 44218 0 0 2 0 0 164 0 0 12976642 23886840 19192488 0 0 0 22955184 0 0 0 0 
0 0 0 0 0 0 0 0 0 0 0 0 0 0 0 0 0 0 0 0 0 0 0 3 44226 0 0 2 0 0 164 0 0 12982592 23905156 19199330 0 0 0 22972363 0 0 0 0 
0 0 0 0 0 0 0 0 0 0 0 0 0 0 0 0 0 0 0 0 0 0 0 3 44282 0 0 2 0 0 164 0 0 12986590 23920518 19210973 0 0 0 22988806 0 0 0 0 
0 0 0 0 0 0 0 0 0 0 0 0 0 0 0 0 0 0 0 0 0 0 0 3 44310 0 0 2 0 0 164 0 0 12995582 23938115 19224363 0 0 0 23006562 0 0 0 0 
0 0 0 0 0 0 0 0 0 0 0 0 0 0 0 0 0 0 0 0 0 0 0 3 44342 0 0 2 0 0 164 0 0 12996533 23952445 19229089 0 0 0 23020679 0 0 0 0 
0 0 0 0 0 0 0 0 0 0 0 0 0 0 0 0 0 0 0 0 0 0 0 3 44398 0 0 2 0 0 164 0 0 13006456 23973759 19243558 0 0 0 23041933 0 0 0 0 
0 0 0 0 0 0 0 0 0 0 0 0 0 0 0 0 0 0 0 0 0 0 0 3 44406 0 0 2 0 0 164 0 0 13012216 23989552 19249104 0 0 0 23058922 0 0 0 0 
0 0 0 0 0 0 0 0 0 0 0 0 0 0 0 0 0 0 0 0 0 0 0 3 44458 0 0 2 0 0 164 0 0 13016398 24006613 19262153 0 0 0 23074729 0 0 0 0 
0 0 0 0 0 0 0 0 0 0 0 0 0 0 0 0 0 0 0 0 0 0 0 3 44466 0 0 2 0 0 164 0 0 13022341 24025335 19270254 0 0 0 23091208 0 0 0 0 
0 0 0 0 0 0 0 0 0 0 0 0 0 0 0 0 0 0 0 0 0 0 0 3 44522 0 0 2 0 0 164 0 0 13026339 24042001 19281882 0 0 0 23110056 0 0 0 0 
0 0 0 0 0 0 0 0 0 0 0 0 0 0 0 0 0 0 0 0 0 0 0 3 44578 0 0 2 0 0 164 0 0 13036266 24060629 19295982 0 0 0 23128619 0 0 0 0 
0 0 0 0 0 0 0 0 0 0 0 0 0 0 0 0 0 0 0 0 0 0 0 3 44586 0 0 2 0 0 164 0 0 13040338 24076962 19301339 0 0 0 23145467 0 0 0 0 
0 0 0 0 0 0 0 0 0 0 0 0 0 0 0 0 0 0 0 0 0 0 0 3 44642 0 0 2 0 0 164 0 0 13046213 24092954 19315417 0 0 0 23160885 0 0 0 0 
0 0 0 0 0 0 0 0 0 0 0 0 0 0 0 0 0 0 0 0 0 0 0 3 44650 0 0 2 0 0 164 0 0 13052843 24112232 19324192 0 0 0 23176847 0 0 0 0 
0 0 0 0 0 0 0 0 0 0 0 0 0 0 0 0 0 0 0 0 0 0 0 3 44702 0 0 2 0 0 164 0 0 13056152 24126803 19335049 0 0 0 23194676 0 0 0 0 
0 0 0 0 0 0 0 0 0 0 0 0 0 0 0 0 0 0 0 0 0 0 0 3 44758 0 0 2 0 0 164 0 0 13066080 24145110 19350078 0 0 0 23212926 0 0 0 0 
0 0 0 0 0 0 0 0 0 0 0 0 0 0 0 0 0 0 0 0 0 0 0 3 44766 0 0 2 0 0 164 0 0 13072030 24160834 19356025 0 0 0 23229779 0 0 0 0 
0 0 0 0 0 0 0 0 0 0 0 0 0 0 0 0 0 0 0 0 0 0 0 3 44822 0 0 2 0 0 164 0 0 13076026 24175284 19368111 0 0 0 23243039 0 0 0 0 
0 0 0 0 0 0 0 0 0 0 0 0 0 0 0 0 0 0 0 0 0 0 0 3 44826 0 0 2 0 0 164 0 0 13081974 24193126 19375373 0 0 0 23257600 0 0 0 0 
0 0 0 0 0 0 0 0 0 0 0 0 0 0 0 0 0 0 0 0 0 0 0 3 44882 0 0 2 0 0 164 0 0 13085966 24203584 19387721 0 0 0 23271283 0 0 0 0 
0 0 0 0 0 0 0 0 0 0 0 0 0 0 0 0 0 0 0 0 0 0 0 3 44910 0 0 2 0 0 164 0 0 13094732 24221462 19401550 0 0 0 23289313 0 0 0 0 
0 0 0 0 0 0 0 0 0 0 0 0 0 0 0 0 0 0 0 0 0 0 0 3 44946 0 0 2 0 0 164 0 0 13100604 24232972 19408975 0 0 0 23301505 0 0 0 0 
0 0 0 0 0 0 0 0 0 0 0 0 0 0 0 0 0 0 0 0 0 0 0 3 45002 0 0 2 0 0 164 0 0 13105843 24249079 19422688 0 0 0 23316656 0 0 0 0 
0 0 0 0 0 0 0 0 0 0 0 0 0 0 0 0 0 0 0 0 0 0 0 3 45022 0 0 2 0 0 164 0 0 13114374 24268130 19437300 0 0 0 23335766 0 0 0 0 
0 0 0 0 0 0 0 0 0 0 0 0 0 0 0 0 0 0 0 0 0 0 0 3 45066 0 0 2 0 0 164 0 0 13118591 24277865 19444174 0 0 0 23345518 0 0 0 0 
0 0 0 0 0 0 0 0 0 0 0 0 0 0 0 0 0 0 0 0 0 0 0 3 45118 0 0 2 0 0 164 0 0 13125720 24294244 19458440 0 0 0 23361709 0 0 0 0 
0 0 0 0 0 0 0 0 0 0 0 0 0 0 0 0 0 0 0 0 0 0 0 3 45130 0 0 2 0 0 164 0 0 13131902 24312444 19467028 0 0 0 23376555 0 0 0 0 
0 0 0 0 0 0 0 0 0 0 0 0 0 0 0 0 0 0 0 0 0 0 0 3 45186 0 0 2 0 0 164 0 0 13137265 24322899 19479335 0 0 0 23390052 0 0 0 0 
0 0 0 0 0 0 0 0 0 0 0 0 0 0 0 0 0 0 0 0 0 0 0 3 45238 0 0 2 0 0 164 0 0 13145593 24342120 19493964 0 0 0 23409461 0 0 0 0 
0 0 0 0 0 0 0 0 0 0 0 0 0 0 0 0 0 0 0 0 0 0 0 3 45246 0 0 2 0 0 164 0 0 13151542 24359246 19501564 0 0 0 23424276 0 0 0 0 
0 0 0 0 0 0 0 0 0 0 0 0 0 0 0 0 0 0 0 0 0 0 0 3 45302 0 0 2 0 0 164 0 0 13155537 24373618 19513693 0 0 0 23440903 0 0 0 0 
0 0 0 0 0 0 0 0 0 0 0 0 0 0 0 0 0 0 0 0 0 0 0 3 45358 0 0 2 0 0 164 0 0 13165464 24391200 19527680 0 0 0 23458423 0 0 0 0 
0 0 0 0 0 0 0 0 0 0 0 0 0 0 0 0 0 0 0 0 0 0 0 3 45366 0 0 2 0 0 164 0 0 13167956 24407027 19533485 0 0 0 23474206 0 0 0 0 
0 0 0 0 0 0 0 0 0 0 0 0 0 0 0 0 0 0 0 0 0 0 0 3 45418 0 0 2 0 0 164 0 0 13175401 24427544 19547758 0 0 0 23494706 0 0 0 0 
0 0 0 0 0 0 0 0 0 0 0 0 0 0 0 0 0 0 0 0 0 0 0 3 45426 0 0 2 0 0 164 0 0 13181351 24442947 19555913 0 0 0 23507377 0 0 0 0 
0 0 0 0 0 0 0 0 0 0 0 0 0 0 0 0 0 0 0 0 0 0 0 3 45482 0 0 2 0 0 164 0 0 13185350 24459081 19567383 0 0 0 23526187 0 0 0 0 
0 0 0 0 0 0 0 0 0 0 0 0 0 0 0 0 0 0 0 0 0 0 0 3 45538 0 0 2 0 0 164 0 0 13195286 24477276 19581371 0 0 0 23544320 0 0 0 0 
0 0 0 0 0 0 0 0 0 0 0 0 0 0 0 0 0 0 0 0 0 0 0 3 45542 0 0 2 0 0 164 0 0 13195302 24492427 19587039 0 0 0 23559475 0 0 0 0 
0 0 0 0 0 0 0 0 0 0 0 0 0 0 0 0 0 0 0 0 0 0 0 3 45598 0 0 2 0 0 164 0 0 13205225 24512966 19602286 0 0 0 23579952 0 0 0 0 
0 0 0 0 0 0 0 0 0 0 0 0 0 0 0 0 0 0 0 0 0 0 0 3 45606 0 0 2 0 0 164 0 0 13211176 24528612 19609805 0 0 0 23594486 0 0 0 0 
0 0 0 0 0 0 0 0 0 0 0 0 0 0 0 0 0 0 0 0 0 0 0 3 45662 0 0 2 0 0 164 0 0 13215174 24542359 19623091 0 0 0 23609289 0 0 0 0 
0 0 0 0 0 0 0 0 0 0 0 0 0 0 0 0 0 0 0 0 0 0 0 3 45682 0 0 2 0 0 164 0 0 13223706 24561889 19637196 0 0 0 23628876 0 0 0 0 
0 0 0 0 0 0 0 0 0 0 0 0 0 0 0 0 0 0 0 0 0 0 0 3 45722 0 0 2 0 0 164 0 0 13225115 24573644 19644499 0 0 0 23640515 0 0 0 0 
0 0 0 0 0 0 0 0 0 0 0 0 0 0 0 0 0 0 0 0 0 0 0 3 45778 0 0 2 0 0 164 0 0 13235043 24590985 19659007 0 0 0 23657794 0 0 0 0 
0 0 0 0 0 0 0 0 0 0 0 0 0 0 0 0 0 0 0 0 0 0 0 3 45786 0 0 2 0 0 164 0 0 13239079 24605302 19663255 0 0 0 23672600 0 0 0 0 
0 0 0 0 0 0 0 0 0 0 0 0 0 0 0 0 0 0 0 0 0 0 0 3 45838 0 0 2 0 0 164 0 0 13244981 24624673 19676675 0 0 0 23691422 0 0 0 0 
0 0 0 0 0 0 0 0 0 0 0 0 0 0 0 0 0 0 0 0 0 0 0 3 45846 0 0 2 0 0 164 0 0 13250937 24642611 19684619 0 0 0 23706229 0 0 0 0 
0 0 0 0 0 0 0 0 0 0 0 0 0 0 0 0 0 0 0 0 0 0 0 3 45902 0 0 2 0 0 164 0 0 13254930 24656373 19696273 0 0 0 23723065 0 0 0 0 
0 0 0 0 0 0 0 0 0 0 0 0 0 0 0 0 0 0 0 0 0 0 0 3 45958 0 0 2 0 0 164 0 0 13264855 24676352 19710139 0 0 0 23742979 0 0 0 0 
0 0 0 0 0 0 0 0 0 0 0 0 0 0 0 0 0 0 0 0 0 0 0 3 45966 0 0 2 0 0 164 0 0 13269999 24693807 19716031 0 0 0 23761385 0 0 0 0 
0 0 0 0 0 0 0 0 0 0 0 0 0 0 0 0 0 0 0 0 0 0 0 3 46022 0 0 2 0 0 164 0 0 13274803 24709804 19729821 0 0 0 23776373 0 0 0 0 
0 0 0 0 0 0 0 0 0 0 0 0 0 0 0 0 0 0 0 0 0 0 0 3 46042 0 0 2 0 0 164 0 0 13283335 24729666 19744666 0 0 0 23796297 0 0 0 0 
0 0 0 0 0 0 0 0 0 0 0 0 0 0 0 0 0 0 0 0 0 0 0 3 46086 0 0 2 0 0 164 0 0 13286788 24741032 19750633 0 0 0 23807399 0 0 0 0 
0 0 0 0 0 0 0 0 0 0 0 0 0 0 0 0 0 0 0 0 0 0 0 3 46138 0 0 2 0 0 164 0 0 13294671 24760353 19765003 0 0 0 23826809 0 0 0 0 
0 0 0 0 0 0 0 0 0 0 0 0 0 0 0 0 0 0 0 0 0 0 0 3 46146 0 0 2 0 0 164 0 0 13300436 24775215 19770166 0 0 0 23842600 0 0 0 0 
0 0 0 0 0 0 0 0 0 0 0 0 0 0 0 0 0 0 0 0 0 0 0 3 46202 0 0 2 0 0 164 0 0 13304620 24791448 19783484 0 0 0 23857847 0 0 0 0 
0 0 0 0 0 0 0 0 0 0 0 0 0 0 0 0 0 0 0 0 0 0 0 3 46222 0 0 2 0 0 164 0 0 13313150 24810961 19797357 0 0 0 23877416 0 0 0 0 
0 0 0 0 0 0 0 0 0 0 0 0 0 0 0 0 0 0 0 0 0 0 0 3 46266 0 0 2 0 0 164 0 0 13318242 24822643 19804018 0 0 0 23889464 0 0 0 0 
0 0 0 0 0 0 0 0 0 0 0 0 0 0 0 0 0 0 0 0 0 0 0 3 46318 0 0 2 0 0 164 0 0 13324491 24837665 19817712 0 0 0 23903945 0 0 0 0 
0 0 0 0 0 0 0 0 0 0 0 0 0 0 0 0 0 0 0 0 0 0 0 3 46330 0 0 2 0 0 164 0 0 13332386 24854531 19828471 0 0 0 23917347 0 0 0 0 
0 0 0 0 0 0 0 0 0 0 0 0 0 0 0 0 0 0 0 0 0 0 0 3 46382 0 0 2 0 0 164 0 0 13334437 24863591 19838589 0 0 0 23929814 0 0 0 0 
0 0 0 0 0 0 0 0 0 0 0 0 0 0 0 0 0 0 0 0 0 0 0 3 46438 0 0 2 0 0 164 0 0 13344360 24885389 19853471 0 0 0 23951547 0 0 0 0 
0 0 0 0 0 0 0 0 0 0 0 0 0 0 0 0 0 0 0 0 0 0 0 3 46446 0 0 2 0 0 164 0 0 13350310 24902534 19860171 0 0 0 23968121 0 0 0 0 
0 0 0 0 0 0 0 0 0 0 0 0 0 0 0 0 0 0 0 0 0 0 0 3 46502 0 0 2 0 0 164 0 0 13354306 24915420 19873507 0 0 0 23981518 0 0 0 0 
0 0 0 0 0 0 0 0 0 0 0 0 0 0 0 0 0 0 0 0 0 0 0 3 46558 0 0 2 0 0 164 0 0 13364234 24933143 19886939 0 0 0 23999183 0 0 0 0 
0 0 0 0 0 0 0 0 0 0 0 0 0 0 0 0 0 0 0 0 0 0 0 3 46566 0 0 2 0 0 164 0 0 13369817 24947531 19893648 0 0 0 24014394 0 0 0 0 
0 0 0 0 0 0 0 0 0 0 0 0 0 0 0 0 0 0 0 0 0 0 0 3 46622 0 0 2 0 0 164 0 0 13374178 24963338 19906898 0 0 0 24029318 0 0 0 0 
0 0 0 0 0 0 0 0 0 0 0 0 0 0 0 0 0 0 0 0 0 0 0 3 46626 0 0 2 0 0 164 0 0 13380126 24980034 19914322 0 0 0 24043063 0 0 0 0 
0 0 0 0 0 0 0 0 0 0 0 0 0 0 0 0 0 0 0 0 0 0 0 3 46682 0 0 2 0 0 164 0 0 13384119 24991456 19926408 0 0 0 24057378 0 0 0 0 
0 0 0 0 0 0 0 0 0 0 0 0 0 0 0 0 0 0 0 0 0 0 0 3 46738 0 0 2 0 0 164 0 0 13394048 25010989 19940860 0 0 0 24076851 0 0 0 0 
0 0 0 0 0 0 0 0 0 0 0 0 0 0 0 0 0 0 0 0 0 0 0 3 46746 0 0 2 0 0 164 0 0 13399743 25025852 19946523 0 0 0 24092591 0 0 0 0 
0 0 0 0 0 0 0 0 0 0 0 0 0 0 0 0 0 0 0 0 0 0 0 3 46802 0 0 2 0 0 164 0 0 13403995 25040538 19958949 0 0 0 24106344 0 0 0 0 
0 0 0 0 0 0 0 0 0 0 0 0 0 0 0 0 0 0 0 0 0 0 0 3 46826 0 0 2 0 0 164 0 0 13412752 25057879 19973333 0 0 0 24123845 0 0 0 0 
0 0 0 0 0 0 0 0 0 0 0 0 0 0 0 0 0 0 0 0 0 0 0 3 46866 0 0 2 0 0 164 0 0 13416001 25069579 19978924 0 0 0 24135164 0 0 0 0 
0 0 0 0 0 0 0 0 0 0 0 0 0 0 0 0 0 0 0 0 0 0 0 3 46918 0 0 2 0 0 164 0 0 13423863 25089599 19993009 0 0 0 24155290 0 0 0 0 
0 0 0 0 0 0 0 0 0 0 0 0 0 0 0 0 0 0 0 0 0 0 0 3 46926 0 0 2 0 0 164 0 0 13429813 25106888 20000712 0 0 0 24169866 0 0 0 0 
0 0 0 0 0 0 0 0 0 0 0 0 0 0 0 0 0 0 0 0 0 0 0 3 46982 0 0 2 0 0 164 0 0 13433807 25116527 20012325 0 0 0 24182160 0 0 0 0 
0 0 0 0 0 0 0 0 0 0 0 0 0 0 0 0 0 0 0 0 0 0 0 3 47038 0 0 2 0 0 164 0 0 13443772 25133078 20025850 0 0 0 24198644 0 0 0 0 
0 0 0 0 0 0 0 0 0 0 0 0 0 0 0 0 0 0 0 0 0 0 0 3 47046 0 0 2 0 0 164 0 0 13449002 25148270 20032083 0 0 0 24214818 0 0 0 0 
0 0 0 0 0 0 0 0 0 0 0 0 0 0 0 0 0 0 0 0 0 0 0 3 47098 0 0 2 0 0 164 0 0 13453712 25163746 20045000 0 0 0 24229247 0 0 0 0 
0 0 0 0 0 0 0 0 0 0 0 0 0 0 0 0 0 0 0 0 0 0 0 3 47106 0 0 2 0 0 164 0 0 13459658 25178663 20052870 0 0 0 24241315 0 0 0 0 
0 0 0 0 0 0 0 0 0 0 0 0 0 0 0 0 0 0 0 0 0 0 0 3 47162 0 0 2 0 0 164 0 0 13463654 25190722 20065004 0 0 0 24256162 0 0 0 0 
0 0 0 0 0 0 0 0 0 0 0 0 0 0 0 0 0 0 0 0 0 0 0 3 47218 0 0 2 0 0 164 0 0 13473580 25208230 20079553 0 0 0 24273606 0 0 0 0 
0 0 0 0 0 0 0 0 0 0 0 0 0 0 0 0 0 0 0 0 0 0 0 3 47226 0 0 2 0 0 164 0 0 13479530 25222537 20086411 0 0 0 24287657 0 0 0 0 
0 0 0 0 0 0 0 0 0 0 0 0 0 0 0 0 0 0 0 0 0 0 0 3 47282 0 0 2 0 0 164 0 0 13483524 25234910 20100025 0 0 0 24300224 0 0 0 0 
0 0 0 0 0 0 0 0 0 0 0 0 0 0 0 0 0 0 0 0 0 0 0 3 47338 0 0 2 0 0 164 0 0 13493453 25254830 20114005 0 0 0 24320083 0 0 0 0 
0 0 0 0 0 0 0 0 0 0 0 0 0 0 0 0 0 0 0 0 0 0 0 3 47346 0 0 2 0 0 164 0 0 13499403 25269115 20121117 0 0 0 24335277 0 0 0 0 
0 0 0 0 0 0 0 0 0 0 0 0 0 0 0 0 0 0 0 0 0 0 0 3 47402 0 0 2 0 0 164 0 0 13503405 25283953 20134701 0 0 0 24349144 0 0 0 0 
0 0 0 0 0 0 0 0 0 0 0 0 0 0 0 0 0 0 0 0 0 0 0 3 47458 0 0 2 0 0 164 0 0 13513335 25302468 20148455 0 0 0 24367598 0 0 0 0 
0 0 0 0 0 0 0 0 0 0 0 0 0 0 0 0 0 0 0 0 0 0 0 3 47466 0 0 2 0 0 164 0 0 13519042 25316189 20155832 0 0 0 24382362 0 0 0 0 
0 0 0 0 0 0 0 0 0 0 0 0 0 0 0 0 0 0 0 0 0 0 0 3 47522 0 0 2 0 0 164 0 0 13523278 25330959 20168810 0 0 0 24396031 0 0 0 0 
0 0 0 0 0 0 0 0 0 0 0 0 0 0 0 0 0 0 0 0 0 0 0 3 47546 0 0 2 0 0 164 0 0 13532035 25348394 20182883 0 0 0 24413626 0 0 0 0 
0 0 0 0 0 0 0 0 0 0 0 0 0 0 0 0 0 0 0 0 0 0 0 3 47586 0 0 2 0 0 164 0 0 13537000 25360364 20189482 0 0 0 24425889 0 0 0 0 
0 0 0 0 0 0 0 0 0 0 0 0 0 0 0 0 0 0 0 0 0 0 0 3 47638 0 0 2 0 0 164 0 0 13543155 25377441 20203208 0 0 0 24442390 0 0 0 0 
0 0 0 0 0 0 0 0 0 0 0 0 0 0 0 0 0 0 0 0 0 0 0 3 47646 0 0 2 0 0 164 0 0 13549129 25395585 20211316 0 0 0 24457632 0 0 0 0 
0 0 0 0 0 0 0 0 0 0 0 0 0 0 0 0 0 0 0 0 0 0 0 3 47702 0 0 2 0 0 164 0 0 13553130 25409191 20223318 0 0 0 24474079 0 0 0 0 
0 0 0 0 0 0 0 0 0 0 0 0 0 0 0 0 0 0 0 0 0 0 0 3 47758 0 0 2 0 0 164 0 0 13563057 25428395 20237011 0 0 0 24493220 0 0 0 0 
0 0 0 0 0 0 0 0 0 0 0 0 0 0 0 0 0 0 0 0 0 0 0 3 47766 0 0 2 0 0 164 0 0 13567826 25446384 20242124 0 0 0 24511950 0 0 0 0 
0 0 0 0 0 0 0 0 0 0 0 0 0 0 0 0 0 0 0 0 0 0 0 3 47818 0 0 2 0 0 164 0 0 13572997 25466463 20255702 0 0 0 24531227 0 0 0 0 
0 0 0 0 0 0 0 0 0 0 0 0 0 0 0 0 0 0 0 0 0 0 0 3 47826 0 0 2 0 0 164 0 0 13578948 25484691 20263235 0 0 0 24546586 0 0 0 0 
0 0 0 0 0 0 0 0 0 0 0 0 0 0 0 0 0 0 0 0 0 0 0 3 47882 0 0 2 0 0 164 0 0 13582945 25500877 20275022 0 0 0 24565583 0 0 0 0 
0 0 0 0 0 0 0 0 0 0 0 0 0 0 0 0 0 0 0 0 0 0 0 3 47938 0 0 2 0 0 164 0 0 13592872 25518261 20289325 0 0 0 24582900 0 0 0 0 
0 0 0 0 0 0 0 0 0 0 0 0 0 0 0 0 0 0 0 0 0 0 0 3 47946 0 0 2 0 0 164 0 0 13598581 25533761 20294916 0 0 0 24599599 0 0 0 0 
0 0 0 0 0 0 0 0 0 0 0 0 0 0 0 0 0 0 0 0 0 0 0 3 48002 0 0 2 0 0 164 0 0 13602819 25548960 20308874 0 0 0 24613540 0 0 0 0 
0 0 0 0 0 0 0 0 0 0 0 0 0 0 0 0 0 0 0 0 0 0 0 3 48026 0 0 2 0 0 164 0 0 13611581 25567528 20322559 0 0 0 24632270 0 0 0 0 
0 0 0 0 0 0 0 0 0 0 0 0 0 0 0 0 0 0 0 0 0 0 0 3 48066 0 0 2 0 0 164 0 0 13613784 25582458 20327665 0 0 0 24646491 0 0 0 0 
0 0 0 0 0 0 0 0 0 0 0 0 0 0 0 0 0 0 0 0 0 0 0 3 48118 0 0 2 0 0 164 0 0 13622683 25601875 20342179 0 0 0 24666340 0 0 0 0 
0 0 0 0 0 0 0 0 0 0 0 0 0 0 0 0 0 0 0 0 0 0 0 3 48126 0 0 2 0 0 164 0 0 13628633 25619605 20348360 0 0 0 24684235 0 0 0 0 
0 0 0 0 0 0 0 0 0 0 0 0 0 0 0 0 0 0 0 0 0 0 0 3 48182 0 0 2 0 0 164 0 0 13632627 25637792 20360099 0 0 0 24702194 0 0 0 0 
0 0 0 0 0 0 0 0 0 0 0 0 0 0 0 0 0 0 0 0 0 0 0 3 48202 0 0 2 0 0 164 0 0 13641384 25657106 20374061 0 0 0 24721669 0 0 0 0 
0 0 0 0 0 0 0 0 0 0 0 0 0 0 0 0 0 0 0 0 0 0 0 3 48246 0 0 2 0 0 164 0 0 13644359 25671103 20379613 0 0 0 24735219 0 0 0 0 
0 0 0 0 0 0 0 0 0 0 0 0 0 0 0 0 0 0 0 0 0 0 0 3 48298 0 0 2 0 0 164 0 0 13652494 25690881 20395090 0 0 0 24755160 0 0 0 0 
0 0 0 0 0 0 0 0 0 0 0 0 0 0 0 0 0 0 0 0 0 0 0 3 48306 0 0 2 0 0 164 0 0 13657068 25708619 20400617 0 0 0 24773684 0 0 0 0 
0 0 0 0 0 0 0 0 0 0 0 0 0 0 0 0 0 0 0 0 0 0 0 3 48358 0 0 2 0 0 164 0 0 13662433 25728055 20414069 0 0 0 24792268 0 0 0 0 
0 0 0 0 0 0 0 0 0 0 0 0 0 0 0 0 0 0 0 0 0 0 0 3 48366 0 0 2 0 0 164 0 0 13668383 25743136 20421037 0 0 0 24806735 0 0 0 0 
0 0 0 0 0 0 0 0 0 0 0 0 0 0 0 0 0 0 0 0 0 0 0 3 48422 0 0 2 0 0 164 0 0 13672378 25760166 20433918 0 0 0 24824320 0 0 0 0 
0 0 0 0 0 0 0 0 0 0 0 0 0 0 0 0 0 0 0 0 0 0 0 3 48446 0 0 2 0 0 164 0 0 13681137 25778518 20448457 0 0 0 24842830 0 0 0 0 
0 0 0 0 0 0 0 0 0 0 0 0 0 0 0 0 0 0 0 0 0 0 0 3 48486 0 0 2 0 0 164 0 0 13684406 25792390 20454353 0 0 0 24856352 0 0 0 0 
0 0 0 0 0 0 0 0 0 0 0 0 0 0 0 0 0 0 0 0 0 0 0 3 48538 0 0 2 0 0 164 0 0 13692247 25810154 20468829 0 0 0 24874188 0 0 0 0 
0 0 0 0 0 0 0 0 0 0 0 0 0 0 0 0 0 0 0 0 0 0 0 3 48550 0 0 2 0 0 164 0 0 13699145 25827039 20477764 0 0 0 24887759 0 0 0 0 
0 0 0 0 0 0 0 0 0 0 0 0 0 0 0 0 0 0 0 0 0 0 0 3 48602 0 0 2 0 0 164 0 0 13702196 25839477 20489297 0 0 0 24903455 0 0 0 0 
0 0 0 0 0 0 0 0 0 0 0 0 0 0 0 0 0 0 0 0 0 0 0 3 48622 0 0 2 0 0 164 0 0 13710725 25861337 20502704 0 0 0 24925372 0 0 0 0 
0 0 0 0 0 0 0 0 0 0 0 0 0 0 0 0 0 0 0 0 0 0 0 3 48666 0 0 2 0 0 164 0 0 13716009 25871743 20509349 0 0 0 24936217 0 0 0 0 
0 0 0 0 0 0 0 0 0 0 0 0 0 0 0 0 0 0 0 0 0 0 0 3 48718 0 0 2 0 0 164 0 0 13722064 25887676 20523266 0 0 0 24951532 0 0 0 0 
0 0 0 0 0 0 0 0 0 0 0 0 0 0 0 0 0 0 0 0 0 0 0 3 48726 0 0 2 0 0 164 0 0 13728020 25903884 20531222 0 0 0 24964437 0 0 0 0 
0 0 0 0 0 0 0 0 0 0 0 0 0 0 0 0 0 0 0 0 0 0 0 3 48786 0 0 2 0 0 164 0 0 13733333 25915599 20543723 0 0 0 24979041 0 0 0 0 
0 0 0 0 0 0 0 0 0 0 0 0 0 0 0 0 0 0 0 0 0 0 0 3 48838 0 0 2 0 0 164 0 0 13741939 25935910 20558877 0 0 0 24999649 0 0 0 0 
0 0 0 0 0 0 0 0 0 0 0 0 0 0 0 0 0 0 0 0 0 0 0 3 48846 0 0 2 0 0 164 0 0 13747889 25951752 20565181 0 0 0 25016189 0 0 0 0 
0 0 0 0 0 0 0 0 0 0 0 0 0 0 0 0 0 0 0 0 0 0 0 3 48902 0 0 2 0 0 164 0 0 13751886 25966613 20579126 0 0 0 25030295 0 0 0 0 
0 0 0 0 0 0 0 0 0 0 0 0 0 0 0 0 0 0 0 0 0 0 0 3 48958 0 0 2 0 0 164 0 0 13761814 25985227 20591879 0 0 0 25048850 0 0 0 0 
0 0 0 0 0 0 0 0 0 0 0 0 0 0 0 0 0 0 0 0 0 0 0 3 48966 0 0 2 0 0 164 0 0 13767184 25999755 20598495 0 0 0 25064247 0 0 0 0 
0 0 0 0 0 0 0 0 0 0 0 0 0 0 0 0 0 0 0 0 0 0 0 3 49022 0 0 2 0 0 164 0 0 13771756 26017479 20611705 0 0 0 25081037 0 0 0 0 
0 0 0 0 0 0 0 0 0 0 0 0 0 0 0 0 0 0 0 0 0 0 0 3 49038 0 0 2 0 0 164 0 0 13780285 26037204 20626135 0 0 0 25100792 0 0 0 0 
0 0 0 0 0 0 0 0 0 0 0 0 0 0 0 0 0 0 0 0 0 0 0 3 49082 0 0 2 0 0 164 0 0 13781696 26048288 20633845 0 0 0 25111791 0 0 0 0 
0 0 0 0 0 0 0 0 0 0 0 0 0 0 0 0 0 0 0 0 0 0 0 3 49138 0 0 2 0 0 164 0 0 13791624 26067122 20648244 0 0 0 25130561 0 0 0 0 
0 0 0 0 0 0 0 0 0 0 0 0 0 0 0 0 0 0 0 0 0 0 0 3 49146 0 0 2 0 0 164 0 0 13797574 26080190 20655722 0 0 0 25144631 0 0 0 0 
0 0 0 0 0 0 0 0 0 0 0 0 0 0 0 0 0 0 0 0 0 0 0 3 49202 0 0 2 0 0 164 0 0 13801573 26096210 20669143 0 0 0 25159591 0 0 0 0 
0 0 0 0 0 0 0 0 0 0 0 0 0 0 0 0 0 0 0 0 0 0 0 3 49254 0 0 2 0 0 164 0 0 13811496 26115247 20682391 0 0 0 25178746 0 0 0 0 
0 0 0 0 0 0 0 0 0 0 0 0 0 0 0 0 0 0 0 0 0 0 0 3 49266 0 0 2 0 0 164 0 0 13814826 26131265 20688244 0 0 0 25194844 0 0 0 0 
0 0 0 0 0 0 0 0 0 0 0 0 0 0 0 0 0 0 0 0 0 0 0 3 49318 0 0 2 0 0 164 0 0 13821463 26151880 20702796 0 0 0 25215141 0 0 0 0 
0 0 0 0 0 0 0 0 0 0 0 0 0 0 0 0 0 0 0 0 0 0 0 3 49326 0 0 2 0 0 164 0 0 13827183 26167253 20709175 0 0 0 25231474 0 0 0 0 
0 0 0 0 0 0 0 0 0 0 0 0 0 0 0 0 0 0 0 0 0 0 0 3 49382 0 0 2 0 0 164 0 0 13831408 26184469 20721878 0 0 0 25247670 0 0 0 0 
0 0 0 0 0 0 0 0 0 0 0 0 0 0 0 0 0 0 0 0 0 0 0 3 49398 0 0 2 0 0 164 0 0 13839932 26204674 20735777 0 0 0 25267429 0 0 0 0 
0 0 0 0 0 0 0 0 0 0 0 0 0 0 0 0 0 0 0 0 0 0 0 3 49442 0 0 2 0 0 164 0 0 13841345 26218687 20742504 0 0 0 25281829 0 0 0 0 
0 0 0 0 0 0 0 0 0 0 0 0 0 0 0 0 0 0 0 0 0 0 0 3 49498 0 0 2 0 0 164 0 0 13851273 26237010 20756157 0 0 0 25300089 0 0 0 0 
0 0 0 0 0 0 0 0 0 0 0 0 0 0 0 0 0 0 0 0 0 0 0 3 49506 0 0 2 0 0 164 0 0 13856414 26251902 20762822 0 0 0 25315984 0 0 0 0 
0 0 0 0 0 0 0 0 0 0 0 0 0 0 0 0 0 0 0 0 0 0 0 3 49558 0 0 2 0 0 164 0 0 13861211 26270621 20775783 0 0 0 25333639 0 0 0 0 
0 0 0 0 0 0 0 0 0 0 0 0 0 0 0 0 0 0 0 0 0 0 0 3 49566 0 0 2 0 0 164 0 0 13867161 26289383 20783308 0 0 0 25350508 0 0 0 0 
0 0 0 0 0 0 0 0 0 0 0 0 0 0 0 0 0 0 0 0 0 0 0 3 49622 0 0 2 0 0 164 0 0 13871158 26305894 20795413 0 0 0 25368856 0 0 0 0 
0 0 0 0 0 0 0 0 0 0 0 0 0 0 0 0 0 0 0 0 0 0 0 3 49646 0 0 2 0 0 164 0 0 13879932 26324165 20809649 0 0 0 25387284 0 0 0 0 
0 0 0 0 0 0 0 0 0 0 0 0 0 0 0 0 0 0 0 0 0 0 0 3 49682 0 0 2 0 0 164 0 0 13881114 26337833 20814707 0 0 0 25400735 0 0 0 0 
0 0 0 0 0 0 0 0 0 0 0 0 0 0 0 0 0 0 0 0 0 0 0 3 49738 0 0 2 0 0 164 0 0 13891042 26355261 20828966 0 0 0 25418103 0 0 0 0 
0 0 0 0 0 0 0 0 0 0 0 0 0 0 0 0 0 0 0 0 0 0 0 3 49746 0 0 2 0 0 164 0 0 13893115 26372418 20834133 0 0 0 25435130 0 0 0 0 
0 0 0 0 0 0 0 0 0 0 0 0 0 0 0 0 0 0 0 0 0 0 0 3 49798 0 0 2 0 0 164 0 0 13900980 26390578 20848479 0 0 0 25453359 0 0 0 0 
0 0 0 0 0 0 0 0 0 0 0 0 0 0 0 0 0 0 0 0 0 0 0 3 49806 0 0 2 0 0 164 0 0 13906930 26407185 20855968 0 0 0 25467724 0 0 0 0 
0 0 0 0 0 0 0 0 0 0 0 0 0 0 0 0 0 0 0 0 0 0 0 3 49862 0 0 2 0 0 164 0 0 13910929 26424224 20867884 0 0 0 25486949 0 0 0 0 
0 0 0 0 0 0 0 0 0 0 0 0 0 0 0 0 0 0 0 0 0 0 0 3 49902 0 0 2 0 0 164 0 0 13920440 26441525 20881105 0 0 0 25504284 0 0 0 0 
0 0 0 0 0 0 0 0 0 0 0 0 0 0 0 0 0 0 0 0 0 0 0 3 49922 0 0 2 0 0 164 0 0 13920875 26454445 20886663 0 0 0 25517109 0 0 0 0 
0 0 0 0 0 0 0 0 0 0 0 0 0 0 0 0 0 0 0 0 0 0 0 3 49978 0 0 2 0 0 164 0 0 13930800 26473323 20901183 0 0 0 25535924 0 0 0 0 
0 0 0 0 0 0 0 0 0 0 0 0 0 0 0 0 0 0 0 0 0 0 0 3 49986 0 0 2 0 0 164 0 0 13936730 26488291 20908287 0 0 0 25551930 0 0 0 0 
0 0 0 0 0 0 0 0 0 0 0 0 0 0 0 0 0 0 0 0 0 0 0 3 50042 0 0 2 0 0 164 0 0 13940747 26502881 20920806 0 0 0 25565422 0 0 0 0 
0 0 0 0 0 0 0 0 0 0 0 0 0 0 0 0 0 0 0 0 0 0 0 3 50050 0 0 2 0 0 164 0 0 13948570 26519426 20930483 0 0 0 25578612 0 0 0 0 
0 0 0 0 0 0 0 0 0 0 0 0 0 0 0 0 0 0 0 0 0 0 0 3 50102 0 0 2 0 0 164 0 0 13950690 26532208 20940130 0 0 0 25594692 0 0 0 0 
0 0 0 0 0 0 0 0 0 0 0 0 0 0 0 0 0 0 0 0 0 0 0 3 50158 0 0 2 0 0 164 0 0 13960618 26550236 20954091 0 0 0 25612661 0 0 0 0 
0 0 0 0 0 0 0 0 0 0 0 0 0 0 0 0 0 0 0 0 0 0 0 3 50166 0 0 2 0 0 164 0 0 13966183 26566222 20960379 0 0 0 25629875 0 0 0 0 
0 0 0 0 0 0 0 0 0 0 0 0 0 0 0 0 0 0 0 0 0 0 0 3 50218 0 0 2 0 0 164 0 0 13970555 26583108 20974748 0 0 0 25645467 0 0 0 0 
0 0 0 0 0 0 0 0 0 0 0 0 0 0 0 0 0 0 0 0 0 0 0 3 50226 0 0 2 0 0 164 0 0 13976509 26600323 20982290 0 0 0 25660067 0 0 0 0 
0 0 0 0 0 0 0 0 0 0 0 0 0 0 0 0 0 0 0 0 0 0 0 3 50282 0 0 2 0 0 164 0 0 13980502 26611945 20994600 0 0 0 25674247 0 0 0 0 
0 0 0 0 0 0 0 0 0 0 0 0 0 0 0 0 0 0 0 0 0 0 0 3 50338 0 0 2 0 0 164 0 0 13990430 26629721 21009661 0 0 0 25691960 0 0 0 0 
0 0 0 0 0 0 0 0 0 0 0 0 0 0 0 0 0 0 0 0 0 0 0 3 50346 0 0 2 0 0 164 0 0 13996402 26645903 21016236 0 0 0 25708421 0 0 0 0 
0 0 0 0 0 0 0 0 0 0 0 0 0 0 0 0 0 0 0 0 0 0 0 3 50402 0 0 2 0 0 164 0 0 14000410 26659987 21029493 0 0 0 25722168 0 0 0 0 
0 0 0 0 0 0 0 0 0 0 0 0 0 0 0 0 0 0 0 0 0 0 0 3 50434 0 0 2 0 0 164 0 0 14009402 26678509 21042254 0 0 0 25740681 0 0 0 0 
0 0 0 0 0 0 0 0 0 0 0 0 0 0 0 0 0 0 0 0 0 0 0 3 50466 0 0 2 0 0 164 0 0 14015720 26690499 21049687 0 0 0 25753733 0 0 0 0 
0 0 0 0 0 0 0 0 0 0 0 0 0 0 0 0 0 0 0 0 0 0 0 3 50522 0 0 2 0 0 164 0 0 14020284 26705643 21063006 0 0 0 25767703 0 0 0 0 
0 0 0 0 0 0 0 0 0 0 0 0 0 0 0 0 0 0 0 0 0 0 0 3 50542 0 0 2 0 0 164 0 0 14028814 26726308 21077360 0 0 0 25788427 0 0 0 0 
0 0 0 0 0 0 0 0 0 0 0 0 0 0 0 0 0 0 0 0 0 0 0 3 50582 0 0 2 0 0 164 0 0 14030229 26732319 21082341 0 0 0 25794323 0 0 0 0 
<====
0 0 0 0 0 0 0 0 0 0 0 0 0 0 0 0 0 0 0 0 0 0 0 3 0 50636 50619 0 0 165 0 0 0 47851292 14045407 0 0 0 0 0 25813583 0 0 0 
0 0 0 0 0 0 0 0 0 0 0 0 0 0 0 0 0 0 0 0 0 0 0 3 0 50636 50619 0 0 165 0 0 0 47851292 14045407 0 0 0 0 0 25813583 0 0 0 
0 0 0 0 0 0 0 0 0 0 0 0 0 0 0 0 0 0 0 0 0 0 0 3 0 50636 50619 0 0 165 0 0 0 47851292 14045407 0 0 0 0 0 25813583 0 0 0 
0 0 0 0 0 0 0 0 0 0 0 0 0 0 0 0 0 0 0 0 0 0 0 3 0 50636 50619 0 0 165 0 0 0 47851292 14045407 0 0 0 0 0 25813583 0 0 0 
0 0 0 0 0 0 0 0 0 0 0 0 0 0 0 0 0 0 0 0 0 0 0 3 0 50636 50619 0 0 165 0 0 0 47851292 14045407 0 0 0 0 0 25813583 0 0 0 
0 0 0 0 0 0 0 0 0 0 0 0 0 0 0 0 0 0 0 0 0 0 0 3 0 50636 50619 0 0 165 0 0 0 47851292 14045407 0 0 0 0 0 25813583 0 0 0 
0 0 0 0 0 0 0 0 0 0 0 0 0 0 0 0 0 0 0 0 0 0 0 3 0 50636 50619 0 0 165 0 0 0 47851292 14045407 0 0 0 0 0 25813583 0 0 0 
0 0 0 0 0 0 0 0 0 0 0 0 0 0 0 0 0 0 0 0 0 0 0 3 0 50636 50619 0 0 165 0 0 0 47851292 14045407 0 0 0 0 0 25813583 0 0 0 
0 0 0 0 0 0 0 0 0 0 0 0 0 0 0 0 0 0 0 0 0 0 0 3 0 50636 50619 0 0 165 0 0 0 47851292 14045407 0 0 0 0 0 25813583 0 0 0 
0 0 0 0 0 0 0 0 0 0 0 0 0 0 0 0 0 0 0 0 0 0 0 3 0 50636 50619 0 0 165 0 0 0 47851292 14045407 0 0 0 0 0 25813583 0 0 0 
0 0 0 0 0 0 0 0 0 0 0 0 0 0 0 0 0 0 0 0 0 0 0 3 0 50636 50619 0 0 165 0 0 0 47851292 14045407 0 0 0 0 0 25813583 0 0 0 
0 0 0 0 0 0 0 0 0 0 0 0 0 0 0 0 0 0 0 0 0 0 0 3 0 50636 50619 0 0 165 0 0 0 47851292 14045407 0 0 0 0 0 25813583 0 0 0 
0 0 0 0 0 0 0 0 0 0 0 0 0 0 0 0 0 0 0 0 0 0 0 3 0 50636 50619 0 0 165 0 0 0 47851292 14045407 0 0 0 0 0 25813583 0 0 0 
0 0 0 0 0 0 0 0 0 0 0 0 0 0 0 0 0 0 0 0 0 0 0 3 0 50636 50619 0 0 165 0 0 0 47851292 14045407 0 0 0 0 0 25813583 0 0 0 
0 0 0 0 0 0 0 0 0 0 0 0 0 0 0 0 0 0 0 0 0 0 0 3 0 50636 50619 0 0 165 0 0 0 47851292 14045407 0 0 0 0 0 25813583 0 0 0 
0 0 0 0 0 0 0 0 0 0 0 0 0 0 0 0 0 0 0 0 0 0 0 3 0 50636 50619 0 0 165 0 0 0 47851292 14045407 0 0 0 0 0 25813583 0 0 0 
0 0 0 0 0 0 0 0 0 0 0 0 0 0 0 0 0 0 0 0 0 0 0 3 0 50636 50619 0 0 165 0 0 0 47851292 14045407 0 0 0 0 0 25813583 0 0 0 
0 0 0 0 0 0 0 0 0 0 0 0 0 0 0 0 0 0 0 0 0 0 0 3 0 50636 50619 0 0 165 0 0 0 47851292 14045407 0 0 0 0 0 25813583 0 0 0 
0 0 0 0 0 0 0 0 0 0 0 0 0 0 0 0 0 0 0 0 0 0 0 3 0 50636 50619 0 0 165 0 0 0 47851292 14045407 0 0 0 0 0 25813583 0 0 0 
0 0 0 0 0 0 0 0 0 0 0 0 0 0 0 0 0 0 0 0 0 0 0 3 0 50636 50619 0 0 165 0 0 0 47851292 14045407 0 0 0 0 0 25813583 0 0 0 
0 0 0 0 0 0 0 0 0 0 0 0 0 0 0 0 0 0 0 0 0 0 0 3 0 50636 50619 0 0 165 0 0 0 47851292 14045407 0 0 0 0 0 25813583 0 0 0 
0 0 0 0 0 0 0 0 0 0 0 0 0 0 0 0 0 0 0 0 0 0 0 3 0 50636 50619 0 0 165 0 0 0 47851292 14045407 0 0 0 0 0 25813583 0 0 0 
0 0 0 0 0 0 0 0 0 0 0 0 0 0 0 0 0 0 0 0 0 0 0 3 0 50636 50619 0 0 165 0 0 0 47851292 14045407 0 0 0 0 0 25813583 0 0 0 
0 0 0 0 0 0 0 0 0 0 0 0 0 0 0 0 0 0 0 0 0 0 0 3 0 50636 50619 0 0 165 0 0 0 47851292 14045407 0 0 0 0 0 25813583 0 0 0 
0 0 0 0 0 0 0 0 0 0 0 0 0 0 0 0 0 0 0 0 0 0 0 3 0 50636 50619 0 0 165 0 0 0 47851292 14045407 0 0 0 0 0 25813583 0 0 0 
0 0 0 0 0 0 0 0 0 0 0 0 0 0 0 0 0 0 0 0 0 0 0 3 0 50636 50619 0 0 165 0 0 0 47851292 14045407 0 0 0 0 0 25813583 0 0 0 
0 0 0 0 0 0 0 0 0 0 0 0 0 0 0 0 0 0 0 0 0 0 0 3 0 50636 50619 0 0 165 0 0 0 47851292 14045407 0 0 0 0 0 25813583 0 0 0 
0 0 0 0 0 0 0 0 0 0 0 0 0 0 0 0 0 0 0 0 0 0 0 3 0 50636 50619 0 0 165 0 0 0 47851292 14045407 0 0 0 0 0 25813583 0 0 0 
0 0 0 0 0 0 0 0 0 0 0 0 0 0 0 0 0 0 0 0 0 0 0 3 0 50636 50619 0 0 165 0 0 0 47851292 14045407 0 0 0 0 0 25813583 0 0 0 
0 0 0 0 0 0 0 0 0 0 0 0 0 0 0 0 0 0 0 0 0 0 0 3 0 50636 50619 0 0 165 0 0 0 47851292 14045407 0 0 0 0 0 25813583 0 0 0 
0 0 0 0 0 0 0 0 0 0 0 0 0 0 0 0 0 0 0 0 0 0 0 3 0 50636 50619 0 0 165 0 0 0 47851292 14045407 0 0 0 0 0 25813583 0 0 0 
0 0 0 0 0 0 0 0 0 0 0 0 0 0 0 0 0 0 0 0 0 0 0 3 0 50636 50619 0 0 165 0 0 0 47851292 14045407 0 0 0 0 0 25813583 0 0 0 
0 0 0 0 0 0 0 0 0 0 0 0 0 0 0 0 0 0 0 0 0 0 0 3 0 50636 50619 0 0 165 0 0 0 47851292 14045407 0 0 0 0 0 25813583 0 0 0 
0 0 0 0 0 0 0 0 0 0 0 0 0 0 0 0 0 0 0 0 0 0 0 3 0 50636 50619 0 0 165 0 0 0 47851292 14045407 0 0 0 0 0 25813583 0 0 0 
0 0 0 0 0 0 0 0 0 0 0 0 0 0 0 0 0 0 0 0 0 0 0 3 0 50636 50619 0 0 165 0 0 0 47851292 14045407 0 0 0 0 0 25813583 0 0 0 
0 0 0 0 0 0 0 0 0 0 0 0 0 0 0 0 0 0 0 0 0 0 0 3 0 50636 50619 0 0 165 0 0 0 47851292 14045407 0 0 0 0 0 25813583 0 0 0 
0 0 0 0 0 0 0 0 0 0 0 0 0 0 0 0 0 0 0 0 0 0 0 3 0 50636 50619 0 0 165 0 0 0 47851292 14045407 0 0 0 0 0 25813583 0 0 0 
0 0 0 0 0 0 0 0 0 0 0 0 0 0 0 0 0 0 0 0 0 0 0 3 0 50636 50619 0 0 165 0 0 0 47851292 14045407 0 0 0 0 0 25813583 0 0 0 
0 0 0 0 0 0 0 0 0 0 0 0 0 0 0 0 0 0 0 0 0 0 0 3 0 50636 50619 0 0 165 0 0 0 47851292 14045407 0 0 0 0 0 25813583 0 0 0 
0 0 0 0 0 0 0 0 0 0 0 0 0 0 0 0 0 0 0 0 0 0 0 3 0 50636 50619 0 0 165 0 0 0 47851292 14045407 0 0 0 0 0 25813583 0 0 0 
0 0 0 0 0 0 0 0 0 0 0 0 0 0 0 0 0 0 0 0 0 0 0 3 0 50636 50619 0 0 165 0 0 0 47851292 14045407 0 0 0 0 0 25813583 0 0 0 
0 0 0 0 0 0 0 0 0 0 0 0 0 0 0 0 0 0 0 0 0 0 0 3 0 50636 50619 0 0 165 0 0 0 47851292 14045407 0 0 0 0 0 25813583 0 0 0 
0 0 0 0 0 0 0 0 0 0 0 0 0 0 0 0 0 0 0 0 0 0 0 3 0 50636 50619 0 0 165 0 0 0 47851292 14045407 0 0 0 0 0 25813583 0 0 0 
0 0 0 0 0 0 0 0 0 0 0 0 0 0 0 0 0 0 0 0 0 0 0 3 0 50636 50619 0 0 165 0 0 0 47851292 14045407 0 0 0 0 0 25813583 0 0 0 
0 0 0 0 0 0 0 0 0 0 0 0 0 0 0 0 0 0 0 0 0 0 0 3 0 50636 50619 0 0 165 0 0 0 47851292 14045407 0 0 0 0 0 25813583 0 0 0 
0 0 0 0 0 0 0 0 0 0 0 0 0 0 0 0 0 0 0 0 0 0 0 3 0 50636 50619 0 0 165 0 0 0 47851292 14045407 0 0 0 0 0 25813583 0 0 0 
0 0 0 0 0 0 0 0 0 0 0 0 0 0 0 0 0 0 0 0 0 0 0 3 0 50636 50619 0 0 165 0 0 0 47851292 14045407 0 0 0 0 0 25813583 0 0 0 
0 0 0 0 0 0 0 0 0 0 0 0 0 0 0 0 0 0 0 0 0 0 0 3 0 50636 50619 0 0 165 0 0 0 47851292 14045407 0 0 0 0 0 25813583 0 0 0 
0 0 0 0 0 0 0 0 0 0 0 0 0 0 0 0 0 0 0 0 0 0 0 3 0 50636 50619 0 0 165 0 0 0 47851292 14045407 0 0 0 0 0 25813583 0 0 0 
0 0 0 0 0 0 0 0 0 0 0 0 0 0 0 0 0 0 0 0 0 0 0 3 0 50636 50619 0 0 165 0 0 0 47851292 14045407 0 0 0 0 0 25813583 0 0 0 
0 0 0 0 0 0 0 0 0 0 0 0 0 0 0 0 0 0 0 0 0 0 0 3 0 50636 50619 0 0 165 0 0 0 47851292 14045407 0 0 0 0 0 25813583 0 0 0 
0 0 0 0 0 0 0 0 0 0 0 0 0 0 0 0 0 0 0 0 0 0 0 3 0 50636 50619 0 0 165 0 0 0 47851292 14045407 0 0 0 0 0 25813583 0 0 0 
0 0 0 0 0 0 0 0 0 0 0 0 0 0 0 0 0 0 0 0 0 0 0 3 0 50636 50619 0 0 165 0 0 0 47851292 14045407 0 0 0 0 0 25813583 0 0 0 
0 0 0 0 0 0 0 0 0 0 0 0 0 0 0 0 0 0 0 0 0 0 0 3 0 50636 50619 0 0 165 0 0 0 47851292 14045407 0 0 0 0 0 25813583 0 0 0 
0 0 0 0 0 0 0 0 0 0 0 0 0 0 0 0 0 0 0 0 0 0 0 3 0 50636 50619 0 0 165 0 0 0 47851292 14045407 0 0 0 0 0 25813583 0 0 0 
0 0 0 0 0 0 0 0 0 0 0 0 0 0 0 0 0 0 0 0 0 0 0 3 0 50636 50619 0 0 165 0 0 0 47851292 14045407 0 0 0 0 0 25813583 0 0 0 
0 0 0 0 0 0 0 0 0 0 0 0 0 0 0 0 0 0 0 0 0 0 0 3 0 50636 50619 0 0 165 0 0 0 47851292 14045407 0 0 0 0 0 25813583 0 0 0 
0 0 0 0 0 0 0 0 0 0 0 0 0 0 0 0 0 0 0 0 0 0 0 3 0 50636 50619 0 0 165 0 0 0 47851292 14045407 0 0 0 0 0 25813583 0 0 0 
0 0 0 0 0 0 0 0 0 0 0 0 0 0 0 0 0 0 0 0 0 0 0 3 0 50636 50619 0 0 165 0 0 0 47851292 14045407 0 0 0 0 0 25813583 0 0 0 
0 0 0 0 0 0 0 0 0 0 0 0 0 0 0 0 0 0 0 0 0 0 0 3 0 50636 50619 0 0 165 0 0 0 47851292 14045407 0 0 0 0 0 25813583 0 0 0 
0 0 0 0 0 0 0 0 0 0 0 0 0 0 0 0 0 0 0 0 0 0 0 3 0 50636 50619 0 0 165 0 0 0 47851292 14045407 0 0 0 0 0 25813583 0 0 0 
0 0 0 0 0 0 0 0 0 0 0 0 0 0 0 0 0 0 0 0 0 0 0 3 0 50636 50619 0 0 165 0 0 0 47851292 14045407 0 0 0 0 0 25813583 0 0 0 
0 0 0 0 0 0 0 0 0 0 0 0 0 0 0 0 0 0 0 0 0 0 0 3 0 50636 50619 0 0 165 0 0 0 47851292 14045407 0 0 0 0 0 25813583 0 0 0 
0 0 0 0 0 0 0 0 0 0 0 0 0 0 0 0 0 0 0 0 0 0 0 3 0 50636 50619 0 0 165 0 0 0 47851292 14045407 0 0 0 0 0 25813583 0 0 0 
0 0 0 0 0 0 0 0 0 0 0 0 0 0 0 0 0 0 0 0 0 0 0 3 0 50636 50619 0 0 165 0 0 0 47851292 14045407 0 0 0 0 0 25813583 0 0 0 
0 0 0 0 0 0 0 0 0 0 0 0 0 0 0 0 0 0 0 0 0 0 0 3 0 50636 50619 0 0 165 0 0 0 47851292 14045407 0 0 0 0 0 25813583 0 0 0 
0 0 0 0 0 0 0 0 0 0 0 0 0 0 0 0 0 0 0 0 0 0 0 3 0 50636 50619 0 0 165 0 0 0 47851292 14045407 0 0 0 0 0 25813583 0 0 0 
0 0 0 0 0 0 0 0 0 0 0 0 0 0 0 0 0 0 0 0 0 0 0 3 0 50636 50619 0 0 165 0 0 0 47851292 14045407 0 0 0 0 0 25813583 0 0 0 
