0 0 0 0 0 0 0 0 0 0 0 0 0 0 0 0 0 0 0 0 0 0 0 3 0 24946 24938 0 0 59 0 0 0 18986753 5775959 0 0 0 0 0 9984174 0 0 0 
0 0 0 0 0 0 0 0 0 0 0 0 0 0 0 0 0 0 0 0 0 0 0 3 24946 0 0 1 0 0 59 0 0 5775697 10299481 8684928 0 0 0 9985179 0 0 0 0 
0 0 0 0 0 0 0 0 0 0 0 0 0 0 0 0 0 0 0 0 0 0 0 3 0 24946 24938 0 0 59 0 0 0 18986753 5775959 0 0 0 0 0 9984174 0 0 0 
0 0 0 0 0 0 0 0 0 0 0 0 0 0 0 0 0 0 0 0 0 0 0 3 24946 0 0 1 0 0 59 0 0 5775697 10299481 8684928 0 0 0 9985179 0 0 0 0 
0 0 0 0 0 0 0 0 0 0 0 0 0 0 0 0 0 0 0 0 0 0 0 3 0 24946 24938 0 0 59 0 0 0 18986753 5775959 0 0 0 0 0 9984174 0 0 0 
0 0 0 0 0 0 0 0 0 0 0 0 0 0 0 0 0 0 0 0 0 0 0 3 24946 0 0 1 0 0 59 0 0 5775697 10299481 8684928 0 0 0 9985179 0 0 0 0 
0 0 0 0 0 0 0 0 0 0 0 0 0 0 0 0 0 0 0 0 0 0 0 3 0 24946 24938 0 0 59 0 0 0 18986753 5775959 0 0 0 0 0 9984174 0 0 0 
0 0 0 0 0 0 0 0 0 0 0 0 0 0 0 0 0 0 0 0 0 0 0 3 24946 0 0 1 0 0 59 0 0 5775697 10299481 8684928 0 0 0 9985179 0 0 0 0 
====>
0 0 0 0 0 0 0 0 0 0 0 0 0 0 0 0 0 0 0 0 0 0 0 3 0 24986 24982 0 0 65 0 0 0 18999095 5776589 0 0 0 0 0 9984548 0 0 0 
0 0 0 0 0 0 0 0 0 0 0 0 0 0 0 0 0 0 0 0 0 0 0 3 24990 0 0 1 0 0 65 0 0 5776328 10311359 8685396 0 0 0 9985554 0 0 0 0 
0 0 0 0 0 0 0 0 0 0 0 0 0 0 0 0 0 0 0 0 0 0 0 3 0 25002 24998 0 0 66 0 0 0 19018372 5780711 0 0 0 0 0 9993379 0 0 0 
0 0 0 0 0 0 0 0 0 0 0 0 0 0 0 0 0 0 0 0 0 0 0 3 25006 0 0 1 0 0 66 0 0 5780448 10322352 8693685 0 0 0 9994384 0 0 0 0 
0 0 0 0 0 0 0 0 0 0 0 0 0 0 0 0 0 0 0 0 0 0 0 3 0 25058 25054 0 0 66 0 0 0 19035515 5785911 0 0 0 0 0 10001311 0 0 0 
0 0 0 0 0 0 0 0 0 0 0 0 0 0 0 0 0 0 0 0 0 0 0 3 25062 0 0 1 0 0 66 0 0 5785647 10331416 8701765 0 0 0 10002320 0 0 0 0 
0 0 0 0 0 0 0 0 0 0 0 0 0 0 0 0 0 0 0 0 0 0 0 3 0 25114 25110 0 0 66 0 0 0 19057831 5790921 0 0 0 0 0 10012719 0 0 0 
0 0 0 0 0 0 0 0 0 0 0 0 0 0 0 0 0 0 0 0 0 0 0 3 25118 0 0 1 0 0 66 0 0 5790655 10342196 8713297 0 0 0 10013729 0 0 0 0 
0 0 0 0 0 0 0 0 0 0 0 0 0 0 0 0 0 0 0 0 0 0 0 3 0 25170 25166 0 0 66 0 0 0 19081488 5798462 0 0 0 0 0 10025060 0 0 0 
0 0 0 0 0 0 0 0 0 0 0 0 0 0 0 0 0 0 0 0 0 0 0 3 25174 0 0 1 0 0 66 0 0 5798194 10354621 8724525 0 0 0 10026072 0 0 0 0 
0 0 0 0 0 0 0 0 0 0 0 0 0 0 0 0 0 0 0 0 0 0 0 3 0 25206 25198 0 0 66 0 0 0 19102662 5805176 0 0 0 0 0 10036203 0 0 0 
0 0 0 0 0 0 0 0 0 0 0 0 0 0 0 0 0 0 0 0 0 0 0 3 25206 0 0 1 0 0 66 0 0 5804908 10365334 8734982 0 0 0 10037215 0 0 0 0 
0 0 0 0 0 0 0 0 0 0 0 0 0 0 0 0 0 0 0 0 0 0 0 3 0 25242 25234 0 0 66 0 0 0 19120159 5810135 0 0 0 0 0 10043452 0 0 0 
0 0 0 0 0 0 0 0 0 0 0 0 0 0 0 0 0 0 0 0 0 0 0 3 25242 0 0 1 0 0 66 0 0 5809867 10375630 8742181 0 0 0 10044464 0 0 0 0 
0 0 0 0 0 0 0 0 0 0 0 0 0 0 0 0 0 0 0 0 0 0 0 3 0 25298 25294 0 0 66 0 0 0 19138453 5815362 0 0 0 0 0 10054950 0 0 0 
0 0 0 0 0 0 0 0 0 0 0 0 0 0 0 0 0 0 0 0 0 0 0 3 25302 0 0 1 0 0 66 0 0 5815094 10385321 8750777 0 0 0 10055965 0 0 0 0 
0 0 0 0 0 0 0 0 0 0 0 0 0 0 0 0 0 0 0 0 0 0 0 3 0 25354 25350 0 0 66 0 0 0 19160704 5821117 0 0 0 0 0 10066939 0 0 0 
0 0 0 0 0 0 0 0 0 0 0 0 0 0 0 0 0 0 0 0 0 0 0 3 25358 0 0 1 0 0 66 0 0 5820849 10396748 8761599 0 0 0 10067955 0 0 0 0 
0 0 0 0 0 0 0 0 0 0 0 0 0 0 0 0 0 0 0 0 0 0 0 3 0 25410 25406 0 0 66 0 0 0 19184417 5828658 0 0 0 0 0 10079120 0 0 0 
0 0 0 0 0 0 0 0 0 0 0 0 0 0 0 0 0 0 0 0 0 0 0 3 25414 0 0 1 0 0 66 0 0 5828389 10409010 8773048 0 0 0 10080133 0 0 0 0 
0 0 0 0 0 0 0 0 0 0 0 0 0 0 0 0 0 0 0 0 0 0 0 3 0 25442 25438 0 0 66 0 0 0 19205063 5835143 0 0 0 0 0 10090361 0 0 0 
0 0 0 0 0 0 0 0 0 0 0 0 0 0 0 0 0 0 0 0 0 0 0 3 25446 0 0 1 0 0 66 0 0 5834874 10419603 8783100 0 0 0 10091377 0 0 0 0 
0 0 0 0 0 0 0 0 0 0 0 0 0 0 0 0 0 0 0 0 0 0 0 3 0 25478 25474 0 0 66 0 0 0 19222113 5839934 0 0 0 0 0 10097374 0 0 0 
0 0 0 0 0 0 0 0 0 0 0 0 0 0 0 0 0 0 0 0 0 0 0 3 25482 0 0 1 0 0 66 0 0 5839665 10429783 8789969 0 0 0 10098391 0 0 0 0 
0 0 0 0 0 0 0 0 0 0 0 0 0 0 0 0 0 0 0 0 0 0 0 3 0 25538 25534 0 0 66 0 0 0 19238537 5844654 0 0 0 0 0 10106390 0 0 0 
0 0 0 0 0 0 0 0 0 0 0 0 0 0 0 0 0 0 0 0 0 0 0 3 25542 0 0 1 0 0 66 0 0 5844384 10437227 8798943 0 0 0 10107404 0 0 0 0 
0 0 0 0 0 0 0 0 0 0 0 0 0 0 0 0 0 0 0 0 0 0 0 3 0 25594 25590 0 0 66 0 0 0 19261095 5851313 0 0 0 0 0 10118306 0 0 0 
0 0 0 0 0 0 0 0 0 0 0 0 0 0 0 0 0 0 0 0 0 0 0 3 25598 0 0 1 0 0 66 0 0 5851043 10448444 8810280 0 0 0 10119324 0 0 0 0 
0 0 0 0 0 0 0 0 0 0 0 0 0 0 0 0 0 0 0 0 0 0 0 3 0 25650 25646 0 0 66 0 0 0 19285135 5858854 0 0 0 0 0 10130606 0 0 0 
0 0 0 0 0 0 0 0 0 0 0 0 0 0 0 0 0 0 0 0 0 0 0 3 25654 0 0 1 0 0 66 0 0 5858584 10460826 8821930 0 0 0 10131625 0 0 0 0 
0 0 0 0 0 0 0 0 0 0 0 0 0 0 0 0 0 0 0 0 0 0 0 3 0 25674 25666 0 0 66 0 0 0 19305773 5865079 0 0 0 0 0 10141403 0 0 0 
0 0 0 0 0 0 0 0 0 0 0 0 0 0 0 0 0 0 0 0 0 0 0 3 25674 0 0 1 0 0 66 0 0 5864808 10471008 8832385 0 0 0 10142421 0 0 0 0 
0 0 0 0 0 0 0 0 0 0 0 0 0 0 0 0 0 0 0 0 0 0 0 3 0 25718 25714 0 0 66 0 0 0 19318441 5868735 0 0 0 0 0 10147582 0 0 0 
0 0 0 0 0 0 0 0 0 0 0 0 0 0 0 0 0 0 0 0 0 0 0 3 25722 0 0 1 0 0 66 0 0 5868464 10478405 8837656 0 0 0 10148600 0 0 0 0 
0 0 0 0 0 0 0 0 0 0 0 0 0 0 0 0 0 0 0 0 0 0 0 3 0 25778 25770 0 0 66 0 0 0 19338963 5873969 0 0 0 0 0 10158667 0 0 0 
0 0 0 0 0 0 0 0 0 0 0 0 0 0 0 0 0 0 0 0 0 0 0 3 25778 0 0 1 0 0 66 0 0 5873698 10489047 8847531 0 0 0 10159686 0 0 0 0 
0 0 0 0 0 0 0 0 0 0 0 0 0 0 0 0 0 0 0 0 0 0 0 3 0 25834 25826 0 0 66 0 0 0 19362231 5881508 0 0 0 0 0 10170693 0 0 0 
0 0 0 0 0 0 0 0 0 0 0 0 0 0 0 0 0 0 0 0 0 0 0 3 25834 0 0 1 0 0 66 0 0 5881237 10501157 8858683 0 0 0 10171715 0 0 0 0 
0 0 0 0 0 0 0 0 0 0 0 0 0 0 0 0 0 0 0 0 0 0 0 3 0 25890 25882 0 0 66 0 0 0 19384867 5889049 0 0 0 0 0 10182487 0 0 0 
0 0 0 0 0 0 0 0 0 0 0 0 0 0 0 0 0 0 0 0 0 0 0 3 25890 0 0 1 0 0 66 0 0 5888778 10513033 8869440 0 0 0 10183510 0 0 0 0 
0 0 0 0 0 0 0 0 0 0 0 0 0 0 0 0 0 0 0 0 0 0 0 3 0 25900 25894 0 0 66 0 0 0 19401917 5892997 0 0 0 0 0 10189819 0 0 0 
0 0 0 0 0 0 0 0 0 0 0 0 0 0 0 0 0 0 0 0 0 0 0 3 25902 0 0 1 0 0 66 0 0 5892727 10522981 8876543 0 0 0 10190843 0 0 0 0 
0 0 0 0 0 0 0 0 0 0 0 0 0 0 0 0 0 0 0 0 0 0 0 3 0 25958 25954 0 0 66 0 0 0 19419934 5898596 0 0 0 0 0 10200349 0 0 0 
0 0 0 0 0 0 0 0 0 0 0 0 0 0 0 0 0 0 0 0 0 0 0 3 25962 0 0 1 0 0 66 0 0 5898326 10531621 8885917 0 0 0 10201377 0 0 0 0 
0 0 0 0 0 0 0 0 0 0 0 0 0 0 0 0 0 0 0 0 0 0 0 3 0 26014 26010 0 0 66 0 0 0 19440174 5904154 0 0 0 0 0 10210959 0 0 0 
0 0 0 0 0 0 0 0 0 0 0 0 0 0 0 0 0 0 0 0 0 0 0 3 26018 0 0 1 0 0 66 0 0 5903884 10541678 8896100 0 0 0 10211987 0 0 0 0 
0 0 0 0 0 0 0 0 0 0 0 0 0 0 0 0 0 0 0 0 0 0 0 3 0 26070 26066 0 0 66 0 0 0 19463269 5911695 0 0 0 0 0 10223075 0 0 0 
0 0 0 0 0 0 0 0 0 0 0 0 0 0 0 0 0 0 0 0 0 0 0 3 26074 0 0 1 0 0 66 0 0 5911424 10553879 8906990 0 0 0 10224106 0 0 0 0 
0 0 0 0 0 0 0 0 0 0 0 0 0 0 0 0 0 0 0 0 0 0 0 3 0 26082 26078 0 0 66 0 0 0 19479287 5916254 0 0 0 0 0 10229758 0 0 0 
0 0 0 0 0 0 0 0 0 0 0 0 0 0 0 0 0 0 0 0 0 0 0 3 26086 0 0 1 0 0 66 0 0 5915984 10562992 8913894 0 0 0 10230790 0 0 0 0 
0 0 0 0 0 0 0 0 0 0 0 0 0 0 0 0 0 0 0 0 0 0 0 3 0 26138 26134 0 0 66 0 0 0 19498232 5921340 0 0 0 0 0 10240736 0 0 0 
0 0 0 0 0 0 0 0 0 0 0 0 0 0 0 0 0 0 0 0 0 0 0 3 26142 0 0 1 0 0 66 0 0 5921069 10572201 8923629 0 0 0 10241768 0 0 0 0 
0 0 0 0 0 0 0 0 0 0 0 0 0 0 0 0 0 0 0 0 0 0 0 3 0 26194 26190 0 0 66 0 0 0 19518236 5926801 0 0 0 0 0 10250788 0 0 0 
0 0 0 0 0 0 0 0 0 0 0 0 0 0 0 0 0 0 0 0 0 0 0 3 26198 0 0 1 0 0 66 0 0 5926530 10581760 8934062 0 0 0 10251822 0 0 0 0 
0 0 0 0 0 0 0 0 0 0 0 0 0 0 0 0 0 0 0 0 0 0 0 3 0 26250 26246 0 0 66 0 0 0 19541346 5934342 0 0 0 0 0 10262666 0 0 0 
0 0 0 0 0 0 0 0 0 0 0 0 0 0 0 0 0 0 0 0 0 0 0 3 26254 0 0 1 0 0 66 0 0 5934071 10593722 8945209 0 0 0 10263701 0 0 0 0 
0 0 0 0 0 0 0 0 0 0 0 0 0 0 0 0 0 0 0 0 0 0 0 3 0 26294 26290 0 0 66 0 0 0 19563922 5941066 0 0 0 0 0 10274667 0 0 0 
0 0 0 0 0 0 0 0 0 0 0 0 0 0 0 0 0 0 0 0 0 0 0 3 26298 0 0 1 0 0 66 0 0 5940794 10605446 8956060 0 0 0 10275700 0 0 0 0 
0 0 0 0 0 0 0 0 0 0 0 0 0 0 0 0 0 0 0 0 0 0 0 3 0 26322 26314 0 0 66 0 0 0 19581374 5946088 0 0 0 0 0 10281844 0 0 0 
0 0 0 0 0 0 0 0 0 0 0 0 0 0 0 0 0 0 0 0 0 0 0 3 26322 0 0 1 0 0 66 0 0 5945815 10615480 8963478 0 0 0 10282880 0 0 0 0 
0 0 0 0 0 0 0 0 0 0 0 0 0 0 0 0 0 0 0 0 0 0 0 3 0 26378 26374 0 0 66 0 0 0 19600052 5951430 0 0 0 0 0 10292833 0 0 0 
0 0 0 0 0 0 0 0 0 0 0 0 0 0 0 0 0 0 0 0 0 0 0 3 26382 0 0 1 0 0 66 0 0 5951156 10624673 8972957 0 0 0 10293868 0 0 0 0 
0 0 0 0 0 0 0 0 0 0 0 0 0 0 0 0 0 0 0 0 0 0 0 3 0 26434 26430 0 0 66 0 0 0 19620172 5956997 0 0 0 0 0 10303512 0 0 0 
0 0 0 0 0 0 0 0 0 0 0 0 0 0 0 0 0 0 0 0 0 0 0 3 26438 0 0 1 0 0 66 0 0 5956723 10634817 8982933 0 0 0 10304549 0 0 0 0 
0 0 0 0 0 0 0 0 0 0 0 0 0 0 0 0 0 0 0 0 0 0 0 3 0 26490 26486 0 0 66 0 0 0 19643984 5964537 0 0 0 0 0 10315958 0 0 0 
0 0 0 0 0 0 0 0 0 0 0 0 0 0 0 0 0 0 0 0 0 0 0 3 26494 0 0 1 0 0 66 0 0 5964264 10647348 8994211 0 0 0 10316997 0 0 0 0 
0 0 0 0 0 0 0 0 0 0 0 0 0 0 0 0 0 0 0 0 0 0 0 3 0 26512 26506 0 0 66 0 0 0 19665962 5970760 0 0 0 0 0 10328072 0 0 0 
0 0 0 0 0 0 0 0 0 0 0 0 0 0 0 0 0 0 0 0 0 0 0 3 26514 0 0 1 0 0 66 0 0 5970486 10658789 9004746 0 0 0 10329111 0 0 0 0 
0 0 0 0 0 0 0 0 0 0 0 0 0 0 0 0 0 0 0 0 0 0 0 3 0 26558 26554 0 0 66 0 0 0 19681426 5974360 0 0 0 0 0 10335549 0 0 0 
0 0 0 0 0 0 0 0 0 0 0 0 0 0 0 0 0 0 0 0 0 0 0 3 26562 0 0 1 0 0 66 0 0 5974086 10667929 9011071 0 0 0 10336589 0 0 0 0 
0 0 0 0 0 0 0 0 0 0 0 0 0 0 0 0 0 0 0 0 0 0 0 3 0 26618 26610 0 0 66 0 0 0 19699700 5979653 0 0 0 0 0 10345328 0 0 0 
0 0 0 0 0 0 0 0 0 0 0 0 0 0 0 0 0 0 0 0 0 0 0 3 26618 0 0 1 0 0 66 0 0 5979379 10676880 9020391 0 0 0 10346369 0 0 0 0 
0 0 0 0 0 0 0 0 0 0 0 0 0 0 0 0 0 0 0 0 0 0 0 3 0 26674 26670 0 0 66 0 0 0 19723084 5987192 0 0 0 0 0 10357623 0 0 0 
0 0 0 0 0 0 0 0 0 0 0 0 0 0 0 0 0 0 0 0 0 0 0 3 26678 0 0 1 0 0 66 0 0 5986918 10689261 9031394 0 0 0 10358664 0 0 0 0 
0 0 0 0 0 0 0 0 0 0 0 0 0 0 0 0 0 0 0 0 0 0 0 3 0 26730 26726 0 0 66 0 0 0 19746533 5994733 0 0 0 0 0 10369684 0 0 0 
0 0 0 0 0 0 0 0 0 0 0 0 0 0 0 0 0 0 0 0 0 0 0 3 26734 0 0 1 0 0 66 0 0 5994459 10701406 9042692 0 0 0 10370727 0 0 0 0 
0 0 0 0 0 0 0 0 0 0 0 0 0 0 0 0 0 0 0 0 0 0 0 3 0 26742 26738 0 0 66 0 0 0 19765675 6000395 0 0 0 0 0 10378672 0 0 0 
0 0 0 0 0 0 0 0 0 0 0 0 0 0 0 0 0 0 0 0 0 0 0 3 26746 0 0 1 0 0 66 0 0 6000122 10712485 9050751 0 0 0 10379718 0 0 0 0 
0 0 0 0 0 0 0 0 0 0 0 0 0 0 0 0 0 0 0 0 0 0 0 3 0 26798 26794 0 0 66 0 0 0 19783411 6004645 0 0 0 0 0 10388332 0 0 0 
0 0 0 0 0 0 0 0 0 0 0 0 0 0 0 0 0 0 0 0 0 0 0 3 26802 0 0 1 0 0 66 0 0 6004370 10720991 9059982 0 0 0 10389377 0 0 0 0 
0 0 0 0 0 0 0 0 0 0 0 0 0 0 0 0 0 0 0 0 0 0 0 3 0 26858 26854 0 0 66 0 0 0 19802228 6009962 0 0 0 0 0 10398455 0 0 0 
0 0 0 0 0 0 0 0 0 0 0 0 0 0 0 0 0 0 0 0 0 0 0 3 26862 0 0 1 0 0 66 0 0 6009689 10730582 9069205 0 0 0 10399498 0 0 0 0 
0 0 0 0 0 0 0 0 0 0 0 0 0 0 0 0 0 0 0 0 0 0 0 3 0 26914 26910 0 0 66 0 0 0 19825369 6017386 0 0 0 0 0 10410258 0 0 0 
0 0 0 0 0 0 0 0 0 0 0 0 0 0 0 0 0 0 0 0 0 0 0 3 26918 0 0 1 0 0 66 0 0 6017113 10742228 9080700 0 0 0 10411302 0 0 0 0 
0 0 0 0 0 0 0 0 0 0 0 0 0 0 0 0 0 0 0 0 0 0 0 3 0 26970 26966 0 0 66 0 0 0 19848739 6024926 0 0 0 0 0 10422077 0 0 0 
0 0 0 0 0 0 0 0 0 0 0 0 0 0 0 0 0 0 0 0 0 0 0 3 26974 0 0 1 0 0 66 0 0 6024654 10754128 9092168 0 0 0 10423121 0 0 0 0 
0 0 0 0 0 0 0 0 0 0 0 0 0 0 0 0 0 0 0 0 0 0 0 3 0 26998 26990 0 0 66 0 0 0 19870866 6031402 0 0 0 0 0 10433867 0 0 0 
0 0 0 0 0 0 0 0 0 0 0 0 0 0 0 0 0 0 0 0 0 0 0 3 26998 0 0 1 0 0 66 0 0 6031130 10765259 9103158 0 0 0 10434908 0 0 0 0 
0 0 0 0 0 0 0 0 0 0 0 0 0 0 0 0 0 0 0 0 0 0 0 3 0 27038 27034 0 0 66 0 0 0 19885661 6034861 0 0 0 0 0 10440588 0 0 0 
0 0 0 0 0 0 0 0 0 0 0 0 0 0 0 0 0 0 0 0 0 0 0 3 27042 0 0 1 0 0 66 0 0 6034588 10773806 9109406 0 0 0 10441630 0 0 0 0 
0 0 0 0 0 0 0 0 0 0 0 0 0 0 0 0 0 0 0 0 0 0 0 3 0 27098 27094 0 0 66 0 0 0 19904177 6040912 0 0 0 0 0 10450034 0 0 0 
0 0 0 0 0 0 0 0 0 0 0 0 0 0 0 0 0 0 0 0 0 0 0 3 27102 0 0 1 0 0 66 0 0 6040638 10782976 9118739 0 0 0 10451075 0 0 0 0 
0 0 0 0 0 0 0 0 0 0 0 0 0 0 0 0 0 0 0 0 0 0 0 3 0 27154 27150 0 0 66 0 0 0 19927334 6047581 0 0 0 0 0 10462424 0 0 0 
0 0 0 0 0 0 0 0 0 0 0 0 0 0 0 0 0 0 0 0 0 0 0 3 27158 0 0 1 0 0 66 0 0 6047307 10794723 9130150 0 0 0 10463467 0 0 0 0 
0 0 0 0 0 0 0 0 0 0 0 0 0 0 0 0 0 0 0 0 0 0 0 3 0 27210 27206 0 0 66 0 0 0 19950308 6055122 0 0 0 0 0 10474086 0 0 0 
0 0 0 0 0 0 0 0 0 0 0 0 0 0 0 0 0 0 0 0 0 0 0 3 27214 0 0 1 0 0 66 0 0 6054848 10806469 9141377 0 0 0 10475129 0 0 0 0 
0 0 0 0 0 0 0 0 0 0 0 0 0 0 0 0 0 0 0 0 0 0 0 3 0 27226 27218 0 0 66 0 0 0 19970100 6061155 0 0 0 0 0 10483184 0 0 0 
0 0 0 0 0 0 0 0 0 0 0 0 0 0 0 0 0 0 0 0 0 0 0 3 27226 0 0 1 0 0 66 0 0 6060881 10817649 9149987 0 0 0 10484227 0 0 0 0 
0 0 0 0 0 0 0 0 0 0 0 0 0 0 0 0 0 0 0 0 0 0 0 3 0 27278 27274 0 0 66 0 0 0 19986424 6064780 0 0 0 0 0 10493043 0 0 0 
0 0 0 0 0 0 0 0 0 0 0 0 0 0 0 0 0 0 0 0 0 0 0 3 27282 0 0 1 0 0 66 0 0 6064506 10826191 9157765 0 0 0 10494087 0 0 0 0 
0 0 0 0 0 0 0 0 0 0 0 0 0 0 0 0 0 0 0 0 0 0 0 3 0 27334 27330 0 0 66 0 0 0 20006744 6070227 0 0 0 0 0 10503394 0 0 0 
0 0 0 0 0 0 0 0 0 0 0 0 0 0 0 0 0 0 0 0 0 0 0 3 27338 0 0 1 0 0 66 0 0 6069953 10835942 9168334 0 0 0 10504438 0 0 0 0 
0 0 0 0 0 0 0 0 0 0 0 0 0 0 0 0 0 0 0 0 0 0 0 3 0 27390 27386 0 0 66 0 0 0 20029326 6077768 0 0 0 0 0 10514945 0 0 0 
0 0 0 0 0 0 0 0 0 0 0 0 0 0 0 0 0 0 0 0 0 0 0 3 27394 0 0 1 0 0 66 0 0 6077491 10847577 9179277 0 0 0 10515992 0 0 0 0 
0 0 0 0 0 0 0 0 0 0 0 0 0 0 0 0 0 0 0 0 0 0 0 3 0 27449 27442 0 0 66 0 0 0 20052776 6085210 0 0 0 0 0 10527069 0 0 0 
0 0 0 0 0 0 0 0 0 0 0 0 0 0 0 0 0 0 0 0 0 0 0 3 27450 0 0 1 0 0 66 0 0 6084932 10859811 9190489 0 0 0 10528121 0 0 0 0 
0 0 0 0 0 0 0 0 0 0 0 0 0 0 0 0 0 0 0 0 0 0 0 3 0 27462 27454 0 0 66 0 0 0 20069755 6089476 0 0 0 0 0 10534200 0 0 0 
0 0 0 0 0 0 0 0 0 0 0 0 0 0 0 0 0 0 0 0 0 0 0 3 27462 0 0 1 0 0 66 0 0 6089198 10869437 9197844 0 0 0 10535253 0 0 0 0 
0 0 0 0 0 0 0 0 0 0 0 0 0 0 0 0 0 0 0 0 0 0 0 3 0 27518 27514 0 0 66 0 0 0 20088899 6094835 0 0 0 0 0 10545824 0 0 0 
0 0 0 0 0 0 0 0 0 0 0 0 0 0 0 0 0 0 0 0 0 0 0 3 27522 0 0 1 0 0 66 0 0 6094556 10879257 9207169 0 0 0 10546878 0 0 0 0 
0 0 0 0 0 0 0 0 0 0 0 0 0 0 0 0 0 0 0 0 0 0 0 3 0 27574 27570 0 0 66 0 0 0 20109708 6100423 0 0 0 0 0 10556644 0 0 0 
0 0 0 0 0 0 0 0 0 0 0 0 0 0 0 0 0 0 0 0 0 0 0 3 27578 0 0 1 0 0 66 0 0 6100144 10889526 9217709 0 0 0 10557699 0 0 0 0 
0 0 0 0 0 0 0 0 0 0 0 0 0 0 0 0 0 0 0 0 0 0 0 3 0 27630 27626 0 0 66 0 0 0 20133242 6107964 0 0 0 0 0 10568966 0 0 0 
0 0 0 0 0 0 0 0 0 0 0 0 0 0 0 0 0 0 0 0 0 0 0 3 27634 0 0 1 0 0 66 0 0 6107683 10901931 9228836 0 0 0 10570020 0 0 0 0 
0 0 0 0 0 0 0 0 0 0 0 0 0 0 0 0 0 0 0 0 0 0 0 3 0 27677 27670 0 0 66 0 0 0 20155169 6115022 0 0 0 0 0 10580385 0 0 0 
0 0 0 0 0 0 0 0 0 0 0 0 0 0 0 0 0 0 0 0 0 0 0 3 27678 0 0 1 0 0 66 0 0 6114742 10913211 9239483 0 0 0 10581442 0 0 0 0 
0 0 0 0 0 0 0 0 0 0 0 0 0 0 0 0 0 0 0 0 0 0 0 3 0 27698 27694 0 0 66 0 0 0 20173726 6119363 0 0 0 0 0 10588729 0 0 0 
0 0 0 0 0 0 0 0 0 0 0 0 0 0 0 0 0 0 0 0 0 0 0 3 27702 0 0 1 0 0 66 0 0 6119082 10924353 9246897 0 0 0 10589787 0 0 0 0 
0 0 0 0 0 0 0 0 0 0 0 0 0 0 0 0 0 0 0 0 0 0 0 3 0 27758 27754 0 0 66 0 0 0 20192513 6125047 0 0 0 0 0 10599258 0 0 0 
0 0 0 0 0 0 0 0 0 0 0 0 0 0 0 0 0 0 0 0 0 0 0 3 27762 0 0 1 0 0 66 0 0 6124765 10933030 9257002 0 0 0 10600317 0 0 0 0 
0 0 0 0 0 0 0 0 0 0 0 0 0 0 0 0 0 0 0 0 0 0 0 3 0 27814 27810 0 0 66 0 0 0 20212540 6130619 0 0 0 0 0 10609535 0 0 0 
0 0 0 0 0 0 0 0 0 0 0 0 0 0 0 0 0 0 0 0 0 0 0 3 27818 0 0 1 0 0 66 0 0 6130337 10942751 9267307 0 0 0 10610596 0 0 0 0 
0 0 0 0 0 0 0 0 0 0 0 0 0 0 0 0 0 0 0 0 0 0 0 3 0 27870 27866 0 0 66 0 0 0 20236906 6138160 0 0 0 0 0 10622300 0 0 0 
0 0 0 0 0 0 0 0 0 0 0 0 0 0 0 0 0 0 0 0 0 0 0 3 27874 0 0 1 0 0 66 0 0 6137878 10955601 9278821 0 0 0 10623364 0 0 0 0 
0 0 0 0 0 0 0 0 0 0 0 0 0 0 0 0 0 0 0 0 0 0 0 3 0 27894 27890 0 0 66 0 0 0 20257858 6144409 0 0 0 0 0 10633471 0 0 0 
0 0 0 0 0 0 0 0 0 0 0 0 0 0 0 0 0 0 0 0 0 0 0 3 27898 0 0 1 0 0 66 0 0 6144127 10965994 9289372 0 0 0 10634537 0 0 0 0 
0 0 0 0 0 0 0 0 0 0 0 0 0 0 0 0 0 0 0 0 0 0 0 3 0 27938 27934 0 0 66 0 0 0 20272588 6148439 0 0 0 0 0 10640031 0 0 0 
0 0 0 0 0 0 0 0 0 0 0 0 0 0 0 0 0 0 0 0 0 0 0 3 27942 0 0 1 0 0 66 0 0 6148157 10974487 9295606 0 0 0 10641097 0 0 0 0 
0 0 0 0 0 0 0 0 0 0 0 0 0 0 0 0 0 0 0 0 0 0 0 3 0 27998 27994 0 0 66 0 0 0 20294038 6155052 0 0 0 0 0 10651497 0 0 0 
0 0 0 0 0 0 0 0 0 0 0 0 0 0 0 0 0 0 0 0 0 0 0 3 28002 0 0 1 0 0 66 0 0 6154769 10985588 9305956 0 0 0 10652569 0 0 0 0 
0 0 0 0 0 0 0 0 0 0 0 0 0 0 0 0 0 0 0 0 0 0 0 3 0 28054 28050 0 0 66 0 0 0 20315086 6160815 0 0 0 0 0 10662217 0 0 0 
0 0 0 0 0 0 0 0 0 0 0 0 0 0 0 0 0 0 0 0 0 0 0 3 28058 0 0 1 0 0 66 0 0 6160532 10995770 9316819 0 0 0 10663290 0 0 0 0 
0 0 0 0 0 0 0 0 0 0 0 0 0 0 0 0 0 0 0 0 0 0 0 3 0 28110 28106 0 0 66 0 0 0 20338348 6168356 0 0 0 0 0 10673962 0 0 0 
0 0 0 0 0 0 0 0 0 0 0 0 0 0 0 0 0 0 0 0 0 0 0 3 28114 0 0 1 0 0 66 0 0 6168073 11007600 9328250 0 0 0 10675037 0 0 0 0 
0 0 0 0 0 0 0 0 0 0 0 0 0 0 0 0 0 0 0 0 0 0 0 3 0 28145 28138 0 0 66 0 0 0 20360109 6174940 0 0 0 0 0 10685520 0 0 0 
0 0 0 0 0 0 0 0 0 0 0 0 0 0 0 0 0 0 0 0 0 0 0 3 28146 0 0 1 0 0 66 0 0 6174656 11018601 9339007 0 0 0 10686597 0 0 0 0 
0 0 0 0 0 0 0 0 0 0 0 0 0 0 0 0 0 0 0 0 0 0 0 3 0 28178 28174 0 0 66 0 0 0 20374014 6178182 0 0 0 0 0 10691712 0 0 0 
0 0 0 0 0 0 0 0 0 0 0 0 0 0 0 0 0 0 0 0 0 0 0 3 28182 0 0 1 0 0 66 0 0 6177897 11026320 9345194 0 0 0 10692789 0 0 0 0 
0 0 0 0 0 0 0 0 0 0 0 0 0 0 0 0 0 0 0 0 0 0 0 3 0 28236 28230 0 0 66 0 0 0 20393602 6183468 0 0 0 0 0 10702164 0 0 0 
0 0 0 0 0 0 0 0 0 0 0 0 0 0 0 0 0 0 0 0 0 0 0 3 28238 0 0 1 0 0 66 0 0 6183183 11035966 9355137 0 0 0 10703243 0 0 0 0 
0 0 0 0 0 0 0 0 0 0 0 0 0 0 0 0 0 0 0 0 0 0 0 3 0 28290 28286 0 0 66 0 0 0 20417334 6191003 0 0 0 0 0 10714316 0 0 0 
0 0 0 0 0 0 0 0 0 0 0 0 0 0 0 0 0 0 0 0 0 0 0 3 28294 0 0 1 0 0 66 0 0 6190718 11048203 9366635 0 0 0 10715397 0 0 0 0 
0 0 0 0 0 0 0 0 0 0 0 0 0 0 0 0 0 0 0 0 0 0 0 3 0 28346 28338 0 0 66 0 0 0 20439770 6198248 0 0 0 0 0 10725773 0 0 0 
0 0 0 0 0 0 0 0 0 0 0 0 0 0 0 0 0 0 0 0 0 0 0 3 28346 0 0 1 0 0 66 0 0 6197963 11059835 9377435 0 0 0 10726855 0 0 0 0 
0 0 0 0 0 0 0 0 0 0 0 0 0 0 0 0 0 0 0 0 0 0 0 3 0 28362 28354 0 0 66 0 0 0 20457746 6202631 0 0 0 0 0 10734062 0 0 0 
0 0 0 0 0 0 0 0 0 0 0 0 0 0 0 0 0 0 0 0 0 0 0 3 28362 0 0 1 0 0 66 0 0 6202346 11070588 9384658 0 0 0 10735144 0 0 0 0 
0 0 0 0 0 0 0 0 0 0 0 0 0 0 0 0 0 0 0 0 0 0 0 3 0 28418 28414 0 0 66 0 0 0 20475292 6208128 0 0 0 0 0 10744019 0 0 0 
0 0 0 0 0 0 0 0 0 0 0 0 0 0 0 0 0 0 0 0 0 0 0 3 28422 0 0 1 0 0 66 0 0 6207843 11078689 9394100 0 0 0 10745101 0 0 0 0 
0 0 0 0 0 0 0 0 0 0 0 0 0 0 0 0 0 0 0 0 0 0 0 3 0 28474 28470 0 0 66 0 0 0 20495967 6213657 0 0 0 0 0 10754499 0 0 0 
0 0 0 0 0 0 0 0 0 0 0 0 0 0 0 0 0 0 0 0 0 0 0 3 28478 0 0 1 0 0 66 0 0 6213372 11088634 9404829 0 0 0 10755581 0 0 0 0 
0 0 0 0 0 0 0 0 0 0 0 0 0 0 0 0 0 0 0 0 0 0 0 3 0 28530 28526 0 0 66 0 0 0 20518624 6221198 0 0 0 0 0 10766244 0 0 0 
0 0 0 0 0 0 0 0 0 0 0 0 0 0 0 0 0 0 0 0 0 0 0 3 28534 0 0 1 0 0 66 0 0 6220913 11100460 9415660 0 0 0 10767326 0 0 0 0 
0 0 0 0 0 0 0 0 0 0 0 0 0 0 0 0 0 0 0 0 0 0 0 3 0 28562 28554 0 0 66 0 0 0 20541089 6227679 0 0 0 0 0 10778171 0 0 0 
0 0 0 0 0 0 0 0 0 0 0 0 0 0 0 0 0 0 0 0 0 0 0 3 28562 0 0 1 0 0 66 0 0 6227395 11111730 9426856 0 0 0 10779255 0 0 0 0 
0 0 0 0 0 0 0 0 0 0 0 0 0 0 0 0 0 0 0 0 0 0 0 3 0 28598 28594 0 0 66 0 0 0 20557598 6231983 0 0 0 0 0 10785139 0 0 0 
0 0 0 0 0 0 0 0 0 0 0 0 0 0 0 0 0 0 0 0 0 0 0 3 28602 0 0 1 0 0 66 0 0 6231698 11121424 9433670 0 0 0 10786223 0 0 0 0 
0 0 0 0 0 0 0 0 0 0 0 0 0 0 0 0 0 0 0 0 0 0 0 3 0 28658 28654 0 0 66 0 0 0 20574479 6236510 0 0 0 0 0 10795207 0 0 0 
0 0 0 0 0 0 0 0 0 0 0 0 0 0 0 0 0 0 0 0 0 0 0 3 28662 0 0 1 0 0 66 0 0 6236226 11129910 9442058 0 0 0 10796294 0 0 0 0 
0 0 0 0 0 0 0 0 0 0 0 0 0 0 0 0 0 0 0 0 0 0 0 3 0 28714 28710 0 0 66 0 0 0 20597413 6243851 0 0 0 0 0 10806971 0 0 0 
0 0 0 0 0 0 0 0 0 0 0 0 0 0 0 0 0 0 0 0 0 0 0 3 28718 0 0 1 0 0 66 0 0 6243567 11141434 9453468 0 0 0 10808058 0 0 0 0 
0 0 0 0 0 0 0 0 0 0 0 0 0 0 0 0 0 0 0 0 0 0 0 3 0 28770 28766 0 0 66 0 0 0 20620939 6251392 0 0 0 0 0 10818810 0 0 0 
0 0 0 0 0 0 0 0 0 0 0 0 0 0 0 0 0 0 0 0 0 0 0 3 28774 0 0 1 0 0 66 0 0 6251106 11153356 9465072 0 0 0 10819899 0 0 0 0 
0 0 0 0 0 0 0 0 0 0 0 0 0 0 0 0 0 0 0 0 0 0 0 3 0 28782 28778 0 0 66 0 0 0 20638026 6256056 0 0 0 0 0 10826826 0 0 0 
0 0 0 0 0 0 0 0 0 0 0 0 0 0 0 0 0 0 0 0 0 0 0 3 28786 0 0 1 0 0 66 0 0 6255772 11163745 9471768 0 0 0 10827917 0 0 0 0 
0 0 0 0 0 0 0 0 0 0 0 0 0 0 0 0 0 0 0 0 0 0 0 3 0 28838 28834 0 0 66 0 0 0 20656846 6261183 0 0 0 0 0 10837692 0 0 0 
0 0 0 0 0 0 0 0 0 0 0 0 0 0 0 0 0 0 0 0 0 0 0 3 28842 0 0 1 0 0 66 0 0 6260897 11173066 9481265 0 0 0 10838785 0 0 0 0 
0 0 0 0 0 0 0 0 0 0 0 0 0 0 0 0 0 0 0 0 0 0 0 3 0 28898 28890 0 0 66 0 0 0 20676285 6266508 0 0 0 0 0 10847718 0 0 0 
0 0 0 0 0 0 0 0 0 0 0 0 0 0 0 0 0 0 0 0 0 0 0 3 28898 0 0 1 0 0 66 0 0 6266220 11182429 9491334 0 0 0 10848812 0 0 0 0 
0 0 0 0 0 0 0 0 0 0 0 0 0 0 0 0 0 0 0 0 0 0 0 3 0 28952 28946 0 0 66 0 0 0 20699208 6274043 0 0 0 0 0 10859564 0 0 0 
0 0 0 0 0 0 0 0 0 0 0 0 0 0 0 0 0 0 0 0 0 0 0 3 28954 0 0 1 0 0 66 0 0 6273755 11194359 9502326 0 0 0 10860654 0 0 0 0 
0 0 0 0 0 0 0 0 0 0 0 0 0 0 0 0 0 0 0 0 0 0 0 3 0 29006 28998 0 0 66 0 0 0 20721571 6281285 0 0 0 0 0 10870787 0 0 0 
0 0 0 0 0 0 0 0 0 0 0 0 0 0 0 0 0 0 0 0 0 0 0 3 29006 0 0 1 0 0 66 0 0 6280996 11205758 9513287 0 0 0 10871879 0 0 0 0 
0 0 0 0 0 0 0 0 0 0 0 0 0 0 0 0 0 0 0 0 0 0 0 3 0 29018 29014 0 0 66 0 0 0 20737173 6284179 0 0 0 0 0 10878660 0 0 0 
0 0 0 0 0 0 0 0 0 0 0 0 0 0 0 0 0 0 0 0 0 0 0 3 29022 0 0 1 0 0 66 0 0 6283891 11214543 9520104 0 0 0 10879752 0 0 0 0 
0 0 0 0 0 0 0 0 0 0 0 0 0 0 0 0 0 0 0 0 0 0 0 3 0 29078 29070 0 0 66 0 0 0 20755289 6289155 0 0 0 0 0 10888412 0 0 0 
0 0 0 0 0 0 0 0 0 0 0 0 0 0 0 0 0 0 0 0 0 0 0 3 29078 0 0 1 0 0 66 0 0 6288866 11223371 9529390 0 0 0 10889504 0 0 0 0 
0 0 0 0 0 0 0 0 0 0 0 0 0 0 0 0 0 0 0 0 0 0 0 3 0 29134 29130 0 0 66 0 0 0 20777095 6296694 0 0 0 0 0 10899592 0 0 0 
0 0 0 0 0 0 0 0 0 0 0 0 0 0 0 0 0 0 0 0 0 0 0 3 29138 0 0 1 0 0 66 0 0 6296405 11234638 9539927 0 0 0 10900684 0 0 0 0 
0 0 0 0 0 0 0 0 0 0 0 0 0 0 0 0 0 0 0 0 0 0 0 3 0 29190 29186 0 0 66 0 0 0 20801346 6304235 0 0 0 0 0 10912287 0 0 0 
0 0 0 0 0 0 0 0 0 0 0 0 0 0 0 0 0 0 0 0 0 0 0 3 29194 0 0 1 0 0 66 0 0 6303946 11247416 9551393 0 0 0 10913380 0 0 0 0 
0 0 0 0 0 0 0 0 0 0 0 0 0 0 0 0 0 0 0 0 0 0 0 3 0 29210 29206 0 0 66 0 0 0 20822718 6310456 0 0 0 0 0 10923125 0 0 0 
0 0 0 0 0 0 0 0 0 0 0 0 0 0 0 0 0 0 0 0 0 0 0 3 29214 0 0 1 0 0 66 0 0 6310165 11258619 9561559 0 0 0 10924224 0 0 0 0 
0 0 0 0 0 0 0 0 0 0 0 0 0 0 0 0 0 0 0 0 0 0 0 3 0 29258 29254 0 0 66 0 0 0 20838426 6314017 0 0 0 0 0 10931087 0 0 0 
0 0 0 0 0 0 0 0 0 0 0 0 0 0 0 0 0 0 0 0 0 0 0 3 29262 0 0 1 0 0 66 0 0 6313726 11267245 9568643 0 0 0 10932183 0 0 0 0 
0 0 0 0 0 0 0 0 0 0 0 0 0 0 0 0 0 0 0 0 0 0 0 3 0 29318 29310 0 0 66 0 0 0 20856995 6319350 0 0 0 0 0 10940875 0 0 0 
0 0 0 0 0 0 0 0 0 0 0 0 0 0 0 0 0 0 0 0 0 0 0 3 29318 0 0 1 0 0 66 0 0 6319060 11276169 9578289 0 0 0 10941972 0 0 0 0 
0 0 0 0 0 0 0 0 0 0 0 0 0 0 0 0 0 0 0 0 0 0 0 3 0 29374 29370 0 0 66 0 0 0 20880787 6326889 0 0 0 0 0 10953231 0 0 0 
0 0 0 0 0 0 0 0 0 0 0 0 0 0 0 0 0 0 0 0 0 0 0 3 29378 0 0 1 0 0 66 0 0 6326599 11288610 9589638 0 0 0 10954328 0 0 0 0 
0 0 0 0 0 0 0 0 0 0 0 0 0 0 0 0 0 0 0 0 0 0 0 3 0 29430 29426 0 0 66 0 0 0 20903736 6334430 0 0 0 0 0 10964851 0 0 0 
0 0 0 0 0 0 0 0 0 0 0 0 0 0 0 0 0 0 0 0 0 0 0 3 29434 0 0 1 0 0 66 0 0 6334140 11300311 9600883 0 0 0 10965947 0 0 0 0 
0 0 0 0 0 0 0 0 0 0 0 0 0 0 0 0 0 0 0 0 0 0 0 3 0 29451 29446 0 0 66 0 0 0 20926133 6340652 0 0 0 0 0 10976465 0 0 0 
0 0 0 0 0 0 0 0 0 0 0 0 0 0 0 0 0 0 0 0 0 0 0 3 29454 0 0 1 0 0 66 0 0 6340361 11311380 9612208 0 0 0 10977564 0 0 0 0 
0 0 0 0 0 0 0 0 0 0 0 0 0 0 0 0 0 0 0 0 0 0 0 3 0 29498 29494 0 0 66 0 0 0 20941632 6344268 0 0 0 0 0 10984618 0 0 0 
0 0 0 0 0 0 0 0 0 0 0 0 0 0 0 0 0 0 0 0 0 0 0 3 29502 0 0 1 0 0 66 0 0 6343977 11320977 9618113 0 0 0 10985716 0 0 0 0 
0 0 0 0 0 0 0 0 0 0 0 0 0 0 0 0 0 0 0 0 0 0 0 3 0 29558 29554 0 0 66 0 0 0 20960489 6350301 0 0 0 0 0 10993967 0 0 0 
0 0 0 0 0 0 0 0 0 0 0 0 0 0 0 0 0 0 0 0 0 0 0 3 29562 0 0 1 0 0 66 0 0 6350015 11330277 9627669 0 0 0 10995067 0 0 0 0 
0 0 0 0 0 0 0 0 0 0 0 0 0 0 0 0 0 0 0 0 0 0 0 3 0 29614 29610 0 0 66 0 0 0 20983177 6357085 0 0 0 0 0 11005728 0 0 0 
0 0 0 0 0 0 0 0 0 0 0 0 0 0 0 0 0 0 0 0 0 0 0 3 29618 0 0 1 0 0 66 0 0 6356794 11341439 9639193 0 0 0 11006828 0 0 0 0 
0 0 0 0 0 0 0 0 0 0 0 0 0 0 0 0 0 0 0 0 0 0 0 3 0 29670 29666 0 0 66 0 0 0 21007485 6364626 0 0 0 0 0 11018366 0 0 0 
0 0 0 0 0 0 0 0 0 0 0 0 0 0 0 0 0 0 0 0 0 0 0 3 29674 0 0 1 0 0 66 0 0 6364335 11354159 9650778 0 0 0 11019466 0 0 0 0 
0 0 0 0 0 0 0 0 0 0 0 0 0 0 0 0 0 0 0 0 0 0 0 3 0 29682 29674 0 0 66 0 0 0 21024295 6368772 0 0 0 0 0 11025309 0 0 0 
0 0 0 0 0 0 0 0 0 0 0 0 0 0 0 0 0 0 0 0 0 0 0 3 29682 0 0 1 0 0 66 0 0 6368481 11363627 9658120 0 0 0 11026408 0 0 0 0 
0 0 0 0 0 0 0 0 0 0 0 0 0 0 0 0 0 0 0 0 0 0 0 3 0 29738 29734 0 0 66 0 0 0 21043786 6374221 0 0 0 0 0 11036701 0 0 0 
0 0 0 0 0 0 0 0 0 0 0 0 0 0 0 0 0 0 0 0 0 0 0 3 29742 0 0 1 0 0 66 0 0 6373930 11373281 9667955 0 0 0 11037800 0 0 0 0 
0 0 0 0 0 0 0 0 0 0 0 0 0 0 0 0 0 0 0 0 0 0 0 3 0 29794 29790 0 0 66 0 0 0 21064472 6379732 0 0 0 0 0 11047800 0 0 0 
0 0 0 0 0 0 0 0 0 0 0 0 0 0 0 0 0 0 0 0 0 0 0 3 29798 0 0 1 0 0 66 0 0 6379441 11383756 9678161 0 0 0 11048898 0 0 0 0 
0 0 0 0 0 0 0 0 0 0 0 0 0 0 0 0 0 0 0 0 0 0 0 3 0 29850 29846 0 0 66 0 0 0 21087674 6387273 0 0 0 0 0 11059459 0 0 0 
0 0 0 0 0 0 0 0 0 0 0 0 0 0 0 0 0 0 0 0 0 0 0 3 29854 0 0 1 0 0 66 0 0 6386981 11395497 9689619 0 0 0 11060559 0 0 0 0 
0 0 0 0 0 0 0 0 0 0 0 0 0 0 0 0 0 0 0 0 0 0 0 3 0 29882 29874 0 0 66 0 0 0 21109258 6393755 0 0 0 0 0 11070946 0 0 0 
0 0 0 0 0 0 0 0 0 0 0 0 0 0 0 0 0 0 0 0 0 0 0 3 29882 0 0 1 0 0 66 0 0 6393462 11406326 9700371 0 0 0 11072046 0 0 0 0 
0 0 0 0 0 0 0 0 0 0 0 0 0 0 0 0 0 0 0 0 0 0 0 3 0 29918 29914 0 0 66 0 0 0 21127120 6398286 0 0 0 0 0 11078356 0 0 0 
0 0 0 0 0 0 0 0 0 0 0 0 0 0 0 0 0 0 0 0 0 0 0 3 29922 0 0 1 0 0 66 0 0 6397993 11416781 9707776 0 0 0 11079456 0 0 0 0 
0 0 0 0 0 0 0 0 0 0 0 0 0 0 0 0 0 0 0 0 0 0 0 3 0 29978 29974 0 0 66 0 0 0 21146009 6404361 0 0 0 0 0 11088986 0 0 0 
0 0 0 0 0 0 0 0 0 0 0 0 0 0 0 0 0 0 0 0 0 0 0 3 29982 0 0 1 0 0 66 0 0 6404068 11425835 9717611 0 0 0 11090088 0 0 0 0 
0 0 0 0 0 0 0 0 0 0 0 0 0 0 0 0 0 0 0 0 0 0 0 3 0 30034 30030 0 0 66 0 0 0 21166516 6409930 0 0 0 0 0 11099611 0 0 0 
0 0 0 0 0 0 0 0 0 0 0 0 0 0 0 0 0 0 0 0 0 0 0 3 30038 0 0 1 0 0 66 0 0 6409637 11435895 9728056 0 0 0 11100713 0 0 0 0 
0 0 0 0 0 0 0 0 0 0 0 0 0 0 0 0 0 0 0 0 0 0 0 3 0 30090 30086 0 0 66 0 0 0 21190155 6417469 0 0 0 0 0 11112036 0 0 0 
0 0 0 0 0 0 0 0 0 0 0 0 0 0 0 0 0 0 0 0 0 0 0 3 30094 0 0 1 0 0 66 0 0 6417175 11448402 9739181 0 0 0 11113138 0 0 0 0 
0 0 0 0 0 0 0 0 0 0 0 0 0 0 0 0 0 0 0 0 0 0 0 3 0 30125 30118 0 0 66 0 0 0 21211855 6424179 0 0 0 0 0 11123186 0 0 0 
0 0 0 0 0 0 0 0 0 0 0 0 0 0 0 0 0 0 0 0 0 0 0 3 30126 0 0 1 0 0 66 0 0 6423885 11459122 9750161 0 0 0 11124290 0 0 0 0 
0 0 0 0 0 0 0 0 0 0 0 0 0 0 0 0 0 0 0 0 0 0 0 3 0 30162 30154 0 0 66 0 0 0 21230271 6428987 0 0 0 0 0 11131209 0 0 0 
0 0 0 0 0 0 0 0 0 0 0 0 0 0 0 0 0 0 0 0 0 0 0 3 30162 0 0 1 0 0 66 0 0 6428693 11470266 9757431 0 0 0 11132313 0 0 0 0 
0 0 0 0 0 0 0 0 0 0 0 0 0 0 0 0 0 0 0 0 0 0 0 3 0 30218 30214 0 0 66 0 0 0 21249252 6434252 0 0 0 0 0 11143167 0 0 0 
0 0 0 0 0 0 0 0 0 0 0 0 0 0 0 0 0 0 0 0 0 0 0 3 30222 0 0 1 0 0 66 0 0 6433959 11480376 9766303 0 0 0 11144274 0 0 0 0 
0 0 0 0 0 0 0 0 0 0 0 0 0 0 0 0 0 0 0 0 0 0 0 3 0 30274 30270 0 0 66 0 0 0 21270826 6440123 0 0 0 0 0 11154277 0 0 0 
0 0 0 0 0 0 0 0 0 0 0 0 0 0 0 0 0 0 0 0 0 0 0 3 30278 0 0 1 0 0 66 0 0 6439830 11490891 9777360 0 0 0 11155383 0 0 0 0 
0 0 0 0 0 0 0 0 0 0 0 0 0 0 0 0 0 0 0 0 0 0 0 3 0 30330 30326 0 0 66 0 0 0 21294162 6447664 0 0 0 0 0 11166163 0 0 0 
0 0 0 0 0 0 0 0 0 0 0 0 0 0 0 0 0 0 0 0 0 0 0 3 30334 0 0 1 0 0 66 0 0 6447371 11502861 9788725 0 0 0 11167269 0 0 0 0 
0 0 0 0 0 0 0 0 0 0 0 0 0 0 0 0 0 0 0 0 0 0 0 3 0 30362 30354 0 0 66 0 0 0 21315812 6454146 0 0 0 0 0 11177781 0 0 0 
0 0 0 0 0 0 0 0 0 0 0 0 0 0 0 0 0 0 0 0 0 0 0 3 30362 0 0 1 0 0 66 0 0 6453853 11513822 9799415 0 0 0 11178888 0 0 0 0 
0 0 0 0 0 0 0 0 0 0 0 0 0 0 0 0 0 0 0 0 0 0 0 3 0 30398 30394 0 0 66 0 0 0 21332749 6458005 0 0 0 0 0 11185110 0 0 0 
0 0 0 0 0 0 0 0 0 0 0 0 0 0 0 0 0 0 0 0 0 0 0 3 30402 0 0 1 0 0 66 0 0 6457713 11523309 9806865 0 0 0 11186217 0 0 0 0 
0 0 0 0 0 0 0 0 0 0 0 0 0 0 0 0 0 0 0 0 0 0 0 3 0 30458 30454 0 0 66 0 0 0 21351621 6464252 0 0 0 0 0 11195036 0 0 0 
0 0 0 0 0 0 0 0 0 0 0 0 0 0 0 0 0 0 0 0 0 0 0 3 30462 0 0 1 0 0 66 0 0 6463960 11532676 9816370 0 0 0 11196144 0 0 0 0 
0 0 0 0 0 0 0 0 0 0 0 0 0 0 0 0 0 0 0 0 0 0 0 3 0 30514 30510 0 0 66 0 0 0 21373240 6470318 0 0 0 0 0 11206740 0 0 0 
0 0 0 0 0 0 0 0 0 0 0 0 0 0 0 0 0 0 0 0 0 0 0 3 30518 0 0 1 0 0 66 0 0 6470024 11543684 9826980 0 0 0 11207848 0 0 0 0 
0 0 0 0 0 0 0 0 0 0 0 0 0 0 0 0 0 0 0 0 0 0 0 3 0 30570 30566 0 0 66 0 0 0 21396935 6477859 0 0 0 0 0 11219045 0 0 0 
0 0 0 0 0 0 0 0 0 0 0 0 0 0 0 0 0 0 0 0 0 0 0 3 30574 0 0 1 0 0 66 0 0 6477563 11556071 9838288 0 0 0 11220153 0 0 0 0 
0 0 0 0 0 0 0 0 0 0 0 0 0 0 0 0 0 0 0 0 0 0 0 3 0 30590 30586 0 0 66 0 0 0 21417761 6484056 0 0 0 0 0 11229734 0 0 0 
0 0 0 0 0 0 0 0 0 0 0 0 0 0 0 0 0 0 0 0 0 0 0 3 30594 0 0 1 0 0 66 0 0 6483760 11567578 9847603 0 0 0 11230843 0 0 0 0 
0 0 0 0 0 0 0 0 0 0 0 0 0 0 0 0 0 0 0 0 0 0 0 3 0 30638 30634 0 0 66 0 0 0 21433796 6487654 0 0 0 0 0 11238246 0 0 0 
0 0 0 0 0 0 0 0 0 0 0 0 0 0 0 0 0 0 0 0 0 0 0 3 30642 0 0 1 0 0 66 0 0 6487358 11576211 9855006 0 0 0 11239355 0 0 0 0 
0 0 0 0 0 0 0 0 0 0 0 0 0 0 0 0 0 0 0 0 0 0 0 3 0 30698 30690 0 0 66 0 0 0 21452384 6492975 0 0 0 0 0 11247894 0 0 0 
0 0 0 0 0 0 0 0 0 0 0 0 0 0 0 0 0 0 0 0 0 0 0 3 30698 0 0 1 0 0 66 0 0 6492678 11585083 9864714 0 0 0 11249004 0 0 0 0 
0 0 0 0 0 0 0 0 0 0 0 0 0 0 0 0 0 0 0 0 0 0 0 3 0 30750 30746 0 0 66 0 0 0 21475093 6500506 0 0 0 0 0 11259683 0 0 0 
0 0 0 0 0 0 0 0 0 0 0 0 0 0 0 0 0 0 0 0 0 0 0 3 30754 0 0 1 0 0 66 0 0 6500209 11596958 9875547 0 0 0 11260794 0 0 0 0 
0 0 0 0 0 0 0 0 0 0 0 0 0 0 0 0 0 0 0 0 0 0 0 3 0 30790 30782 0 0 66 0 0 0 21496558 6507224 0 0 0 0 0 11271007 0 0 0 
0 0 0 0 0 0 0 0 0 0 0 0 0 0 0 0 0 0 0 0 0 0 0 3 30790 0 0 1 0 0 66 0 0 6506928 11607955 9886014 0 0 0 11272121 0 0 0 0 
0 0 0 0 0 0 0 0 0 0 0 0 0 0 0 0 0 0 0 0 0 0 0 3 0 30821 30814 0 0 66 0 0 0 21514736 6512095 0 0 0 0 0 11278252 0 0 0 
0 0 0 0 0 0 0 0 0 0 0 0 0 0 0 0 0 0 0 0 0 0 0 3 30822 0 0 1 0 0 66 0 0 6511798 11618176 9893968 0 0 0 11279366 0 0 0 0 
0 0 0 0 0 0 0 0 0 0 0 0 0 0 0 0 0 0 0 0 0 0 0 3 0 30878 30874 0 0 66 0 0 0 21533763 6517577 0 0 0 0 0 11289207 0 0 0 
0 0 0 0 0 0 0 0 0 0 0 0 0 0 0 0 0 0 0 0 0 0 0 3 30882 0 0 1 0 0 66 0 0 6517279 11627304 9903861 0 0 0 11290322 0 0 0 0 
0 0 0 0 0 0 0 0 0 0 0 0 0 0 0 0 0 0 0 0 0 0 0 3 0 30934 30930 0 0 66 0 0 0 21555705 6523160 0 0 0 0 0 11301162 0 0 0 
0 0 0 0 0 0 0 0 0 0 0 0 0 0 0 0 0 0 0 0 0 0 0 3 30938 0 0 1 0 0 66 0 0 6522863 11638690 9914415 0 0 0 11302282 0 0 0 0 
0 0 0 0 0 0 0 0 0 0 0 0 0 0 0 0 0 0 0 0 0 0 0 3 0 30990 30986 0 0 66 0 0 0 21579146 6530701 0 0 0 0 0 11313156 0 0 0 
0 0 0 0 0 0 0 0 0 0 0 0 0 0 0 0 0 0 0 0 0 0 0 3 30994 0 0 1 0 0 66 0 0 6530404 11650765 9925774 0 0 0 11314275 0 0 0 0 
0 0 0 0 0 0 0 0 0 0 0 0 0 0 0 0 0 0 0 0 0 0 0 3 0 31010 31006 0 0 66 0 0 0 21600824 6536896 0 0 0 0 0 11324687 0 0 0 
0 0 0 0 0 0 0 0 0 0 0 0 0 0 0 0 0 0 0 0 0 0 0 3 31014 0 0 1 0 0 66 0 0 6536599 11662001 9936213 0 0 0 11325808 0 0 0 0 
0 0 0 0 0 0 0 0 0 0 0 0 0 0 0 0 0 0 0 0 0 0 0 3 0 31058 31054 0 0 66 0 0 0 21615094 6540507 0 0 0 0 0 11331382 0 0 0 
0 0 0 0 0 0 0 0 0 0 0 0 0 0 0 0 0 0 0 0 0 0 0 3 31062 0 0 1 0 0 66 0 0 6540210 11670024 9942462 0 0 0 11332502 0 0 0 0 
0 0 0 0 0 0 0 0 0 0 0 0 0 0 0 0 0 0 0 0 0 0 0 3 0 31118 31114 0 0 66 0 0 0 21635369 6547451 0 0 0 0 0 11341679 0 0 0 
0 0 0 0 0 0 0 0 0 0 0 0 0 0 0 0 0 0 0 0 0 0 0 3 31122 0 0 1 0 0 66 0 0 6547154 11680140 9952616 0 0 0 11342803 0 0 0 0 
0 0 0 0 0 0 0 0 0 0 0 0 0 0 0 0 0 0 0 0 0 0 0 3 0 31174 31170 0 0 66 0 0 0 21657357 6553356 0 0 0 0 0 11353255 0 0 0 
0 0 0 0 0 0 0 0 0 0 0 0 0 0 0 0 0 0 0 0 0 0 0 3 31178 0 0 1 0 0 66 0 0 6553059 11691117 9963627 0 0 0 11354380 0 0 0 0 
0 0 0 0 0 0 0 0 0 0 0 0 0 0 0 0 0 0 0 0 0 0 0 3 0 31230 31226 0 0 66 0 0 0 21681018 6560896 0 0 0 0 0 11365632 0 0 0 
0 0 0 0 0 0 0 0 0 0 0 0 0 0 0 0 0 0 0 0 0 0 0 3 31234 0 0 1 0 0 66 0 0 6560600 11703578 9974824 0 0 0 11366759 0 0 0 0 
0 0 0 0 0 0 0 0 0 0 0 0 0 0 0 0 0 0 0 0 0 0 0 3 0 31262 31254 0 0 66 0 0 0 21702560 6567378 0 0 0 0 0 11377059 0 0 0 
0 0 0 0 0 0 0 0 0 0 0 0 0 0 0 0 0 0 0 0 0 0 0 3 31262 0 0 1 0 0 66 0 0 6567082 11714347 9985592 0 0 0 11378186 0 0 0 0 
0 0 0 0 0 0 0 0 0 0 0 0 0 0 0 0 0 0 0 0 0 0 0 3 0 31298 31294 0 0 66 0 0 0 21719773 6572073 0 0 0 0 0 11384882 0 0 0 
0 0 0 0 0 0 0 0 0 0 0 0 0 0 0 0 0 0 0 0 0 0 0 3 31302 0 0 1 0 0 66 0 0 6571777 11724680 9992472 0 0 0 11386009 0 0 0 0 
0 0 0 0 0 0 0 0 0 0 0 0 0 0 0 0 0 0 0 0 0 0 0 3 0 31358 31354 0 0 66 0 0 0 21738725 6577683 0 0 0 0 0 11395400 0 0 0 
0 0 0 0 0 0 0 0 0 0 0 0 0 0 0 0 0 0 0 0 0 0 0 3 31362 0 0 1 0 0 66 0 0 6577386 11734186 10001913 0 0 0 11396527 0 0 0 0 
0 0 0 0 0 0 0 0 0 0 0 0 0 0 0 0 0 0 0 0 0 0 0 3 0 31414 31410 0 0 66 0 0 0 21759748 6583551 0 0 0 0 0 11406226 0 0 0 
0 0 0 0 0 0 0 0 0 0 0 0 0 0 0 0 0 0 0 0 0 0 0 3 31418 0 0 1 0 0 66 0 0 6583254 11744418 10012699 0 0 0 11407353 0 0 0 0 
0 0 0 0 0 0 0 0 0 0 0 0 0 0 0 0 0 0 0 0 0 0 0 3 0 31470 31466 0 0 66 0 0 0 21782333 6591092 0 0 0 0 0 11417820 0 0 0 
0 0 0 0 0 0 0 0 0 0 0 0 0 0 0 0 0 0 0 0 0 0 0 3 31474 0 0 1 0 0 66 0 0 6590795 11756096 10023602 0 0 0 11418949 0 0 0 0 
0 0 0 0 0 0 0 0 0 0 0 0 0 0 0 0 0 0 0 0 0 0 0 3 0 31497 31490 0 0 66 0 0 0 21804075 6597527 0 0 0 0 0 11429445 0 0 0 
0 0 0 0 0 0 0 0 0 0 0 0 0 0 0 0 0 0 0 0 0 0 0 3 31498 0 0 1 0 0 66 0 0 6597228 11767035 10034400 0 0 0 11430572 0 0 0 0 
0 0 0 0 0 0 0 0 0 0 0 0 0 0 0 0 0 0 0 0 0 0 0 3 0 31540 31534 0 0 66 0 0 0 21821795 6602612 0 0 0 0 0 11436585 0 0 0 
0 0 0 0 0 0 0 0 0 0 0 0 0 0 0 0 0 0 0 0 0 0 0 3 31542 0 0 1 0 0 66 0 0 6602314 11777492 10041663 0 0 0 11437713 0 0 0 0 
0 0 0 0 0 0 0 0 0 0 0 0 0 0 0 0 0 0 0 0 0 0 0 3 0 31598 31594 0 0 66 0 0 0 21838815 6607871 0 0 0 0 0 11446808 0 0 0 
0 0 0 0 0 0 0 0 0 0 0 0 0 0 0 0 0 0 0 0 0 0 0 3 31602 0 0 1 0 0 66 0 0 6607572 11785924 10050248 0 0 0 11447934 0 0 0 0 
0 0 0 0 0 0 0 0 0 0 0 0 0 0 0 0 0 0 0 0 0 0 0 3 0 31654 31650 0 0 66 0 0 0 21860038 6613747 0 0 0 0 0 11458056 0 0 0 
0 0 0 0 0 0 0 0 0 0 0 0 0 0 0 0 0 0 0 0 0 0 0 3 31658 0 0 1 0 0 66 0 0 6613448 11796579 10060810 0 0 0 11459185 0 0 0 0 
0 0 0 0 0 0 0 0 0 0 0 0 0 0 0 0 0 0 0 0 0 0 0 3 0 31710 31706 0 0 66 0 0 0 21883487 6621288 0 0 0 0 0 11470380 0 0 0 
0 0 0 0 0 0 0 0 0 0 0 0 0 0 0 0 0 0 0 0 0 0 0 3 31714 0 0 1 0 0 66 0 0 6620988 11808985 10071845 0 0 0 11471506 0 0 0 0 
0 0 0 0 0 0 0 0 0 0 0 0 0 0 0 0 0 0 0 0 0 0 0 3 0 31722 31718 0 0 66 0 0 0 21901413 6626221 0 0 0 0 0 11479252 0 0 0 
0 0 0 0 0 0 0 0 0 0 0 0 0 0 0 0 0 0 0 0 0 0 0 3 31726 0 0 1 0 0 66 0 0 6625923 11820157 10078596 0 0 0 11480380 0 0 0 0 
0 0 0 0 0 0 0 0 0 0 0 0 0 0 0 0 0 0 0 0 0 0 0 3 0 31778 31774 0 0 66 0 0 0 21920889 6631079 0 0 0 0 0 11490356 0 0 0 
0 0 0 0 0 0 0 0 0 0 0 0 0 0 0 0 0 0 0 0 0 0 0 3 31782 0 0 1 0 0 66 0 0 6630777 11829871 10088361 0 0 0 11491482 0 0 0 0 
0 0 0 0 0 0 0 0 0 0 0 0 0 0 0 0 0 0 0 0 0 0 0 3 0 31838 31830 0 0 66 0 0 0 21940465 6636404 0 0 0 0 0 11500852 0 0 0 
0 0 0 0 0 0 0 0 0 0 0 0 0 0 0 0 0 0 0 0 0 0 0 3 31838 0 0 1 0 0 66 0 0 6636102 11839621 10098187 0 0 0 11501981 0 0 0 0 
0 0 0 0 0 0 0 0 0 0 0 0 0 0 0 0 0 0 0 0 0 0 0 3 0 31894 31886 0 0 66 0 0 0 21963648 6643942 0 0 0 0 0 11512791 0 0 0 
0 0 0 0 0 0 0 0 0 0 0 0 0 0 0 0 0 0 0 0 0 0 0 3 31894 0 0 1 0 0 66 0 0 6643640 11851642 10109345 0 0 0 11513921 0 0 0 0 
0 0 0 0 0 0 0 0 0 0 0 0 0 0 0 0 0 0 0 0 0 0 0 3 0 31950 31946 0 0 66 0 0 0 21986990 6651483 0 0 0 0 0 11524554 0 0 0 
0 0 0 0 0 0 0 0 0 0 0 0 0 0 0 0 0 0 0 0 0 0 0 3 31954 0 0 1 0 0 66 0 0 6651181 11863490 10120837 0 0 0 11525685 0 0 0 0 
0 0 0 0 0 0 0 0 0 0 0 0 0 0 0 0 0 0 0 0 0 0 0 3 0 31958 31954 0 0 66 0 0 0 22001677 6654338 0 0 0 0 0 11531400 0 0 0 
0 0 0 0 0 0 0 0 0 0 0 0 0 0 0 0 0 0 0 0 0 0 0 3 31962 0 0 1 0 0 66 0 0 6654036 11871544 10127468 0 0 0 11532531 0 0 0 0 
0 0 0 0 0 0 0 0 0 0 0 0 0 0 0 0 0 0 0 0 0 0 0 3 0 32018 32014 0 0 66 0 0 0 22021923 6660019 0 0 0 0 0 11542398 0 0 0 
0 0 0 0 0 0 0 0 0 0 0 0 0 0 0 0 0 0 0 0 0 0 0 3 32022 0 0 1 0 0 66 0 0 6659717 11882311 10136941 0 0 0 11543530 0 0 0 0 
0 0 0 0 0 0 0 0 0 0 0 0 0 0 0 0 0 0 0 0 0 0 0 3 0 32074 32070 0 0 66 0 0 0 22043858 6666589 0 0 0 0 0 11553901 0 0 0 
0 0 0 0 0 0 0 0 0 0 0 0 0 0 0 0 0 0 0 0 0 0 0 3 32078 0 0 1 0 0 66 0 0 6666287 11893001 10148181 0 0 0 11555033 0 0 0 0 
0 0 0 0 0 0 0 0 0 0 0 0 0 0 0 0 0 0 0 0 0 0 0 3 0 32130 32126 0 0 66 0 0 0 22067259 6674130 0 0 0 0 0 11566150 0 0 0 
0 0 0 0 0 0 0 0 0 0 0 0 0 0 0 0 0 0 0 0 0 0 0 3 32134 0 0 1 0 0 66 0 0 6673828 11905335 10159247 0 0 0 11567285 0 0 0 0 
0 0 0 0 0 0 0 0 0 0 0 0 0 0 0 0 0 0 0 0 0 0 0 3 0 32150 32146 0 0 66 0 0 0 22089179 6680350 0 0 0 0 0 11577792 0 0 0 
0 0 0 0 0 0 0 0 0 0 0 0 0 0 0 0 0 0 0 0 0 0 0 3 32154 0 0 1 0 0 66 0 0 6680049 11916724 10169776 0 0 0 11578928 0 0 0 0 
0 0 0 0 0 0 0 0 0 0 0 0 0 0 0 0 0 0 0 0 0 0 0 3 0 32198 32194 0 0 66 0 0 0 22105650 6683894 0 0 0 0 0 11585981 0 0 0 
0 0 0 0 0 0 0 0 0 0 0 0 0 0 0 0 0 0 0 0 0 0 0 3 32202 0 0 1 0 0 66 0 0 6683593 11926396 10176576 0 0 0 11587116 0 0 0 0 
0 0 0 0 0 0 0 0 0 0 0 0 0 0 0 0 0 0 0 0 0 0 0 3 0 32258 32250 0 0 66 0 0 0 22122955 6689245 0 0 0 0 0 11595336 0 0 0 
0 0 0 0 0 0 0 0 0 0 0 0 0 0 0 0 0 0 0 0 0 0 0 3 32258 0 0 1 0 0 66 0 0 6688944 11934682 10185593 0 0 0 11596472 0 0 0 0 
0 0 0 0 0 0 0 0 0 0 0 0 0 0 0 0 0 0 0 0 0 0 0 3 0 32314 32306 0 0 66 0 0 0 22146197 6696783 0 0 0 0 0 11607443 0 0 0 
0 0 0 0 0 0 0 0 0 0 0 0 0 0 0 0 0 0 0 0 0 0 0 3 32314 0 0 1 0 0 66 0 0 6696482 11946872 10196643 0 0 0 11608578 0 0 0 0 
0 0 0 0 0 0 0 0 0 0 0 0 0 0 0 0 0 0 0 0 0 0 0 3 0 32350 32342 0 0 66 0 0 0 22168037 6703494 0 0 0 0 0 11618582 0 0 0 
0 0 0 0 0 0 0 0 0 0 0 0 0 0 0 0 0 0 0 0 0 0 0 3 32350 0 0 1 0 0 66 0 0 6703192 11957684 10207666 0 0 0 11619716 0 0 0 0 
0 0 0 0 0 0 0 0 0 0 0 0 0 0 0 0 0 0 0 0 0 0 0 3 0 32378 32374 0 0 66 0 0 0 22185655 6708092 0 0 0 0 0 11626679 0 0 0 
0 0 0 0 0 0 0 0 0 0 0 0 0 0 0 0 0 0 0 0 0 0 0 3 32382 0 0 1 0 0 66 0 0 6707789 11968522 10214445 0 0 0 11627813 0 0 0 0 
0 0 0 0 0 0 0 0 0 0 0 0 0 0 0 0 0 0 0 0 0 0 0 3 0 32438 32434 0 0 66 0 0 0 22203315 6713160 0 0 0 0 0 11637169 0 0 0 
0 0 0 0 0 0 0 0 0 0 0 0 0 0 0 0 0 0 0 0 0 0 0 3 32442 0 0 1 0 0 66 0 0 6712857 11977548 10223070 0 0 0 11638305 0 0 0 0 
0 0 0 0 0 0 0 0 0 0 0 0 0 0 0 0 0 0 0 0 0 0 0 3 0 32494 32490 0 0 66 0 0 0 22225681 6719429 0 0 0 0 0 11648850 0 0 0 
0 0 0 0 0 0 0 0 0 0 0 0 0 0 0 0 0 0 0 0 0 0 0 3 32498 0 0 1 0 0 66 0 0 6719126 11988525 10234458 0 0 0 11649985 0 0 0 0 
0 0 0 0 0 0 0 0 0 0 0 0 0 0 0 0 0 0 0 0 0 0 0 3 0 32550 32546 0 0 66 0 0 0 22248807 6726970 0 0 0 0 0 11660519 0 0 0 
0 0 0 0 0 0 0 0 0 0 0 0 0 0 0 0 0 0 0 0 0 0 0 3 32554 0 0 1 0 0 66 0 0 6726667 12000276 10245834 0 0 0 11661655 0 0 0 0 
0 0 0 0 0 0 0 0 0 0 0 0 0 0 0 0 0 0 0 0 0 0 0 3 0 32574 32566 0 0 66 0 0 0 22269680 6733195 0 0 0 0 0 11671864 0 0 0 
0 0 0 0 0 0 0 0 0 0 0 0 0 0 0 0 0 0 0 0 0 0 0 3 32574 0 0 1 0 0 66 0 0 6732892 12010842 10256141 0 0 0 11673005 0 0 0 0 
0 0 0 0 0 0 0 0 0 0 0 0 0 0 0 0 0 0 0 0 0 0 0 3 0 32618 32614 0 0 66 0 0 0 22286872 6737711 0 0 0 0 0 11679440 0 0 0 
0 0 0 0 0 0 0 0 0 0 0 0 0 0 0 0 0 0 0 0 0 0 0 3 32622 0 0 1 0 0 66 0 0 6737408 12021065 10263110 0 0 0 11680582 0 0 0 0 
0 0 0 0 0 0 0 0 0 0 0 0 0 0 0 0 0 0 0 0 0 0 0 3 0 32678 32674 0 0 66 0 0 0 22305727 6743927 0 0 0 0 0 11689654 0 0 0 
0 0 0 0 0 0 0 0 0 0 0 0 0 0 0 0 0 0 0 0 0 0 0 3 32682 0 0 1 0 0 66 0 0 6743621 12030223 10272806 0 0 0 11690795 0 0 0 0 
0 0 0 0 0 0 0 0 0 0 0 0 0 0 0 0 0 0 0 0 0 0 0 3 0 32734 32730 0 0 66 0 0 0 22326614 6749625 0 0 0 0 0 11700886 0 0 0 
0 0 0 0 0 0 0 0 0 0 0 0 0 0 0 0 0 0 0 0 0 0 0 3 32738 0 0 1 0 0 66 0 0 6749319 12040895 10283021 0 0 0 11702029 0 0 0 0 
0 0 0 0 0 0 0 0 0 0 0 0 0 0 0 0 0 0 0 0 0 0 0 3 0 32790 32786 0 0 66 0 0 0 22349456 6757166 0 0 0 0 0 11712842 0 0 0 
0 0 0 0 0 0 0 0 0 0 0 0 0 0 0 0 0 0 0 0 0 0 0 3 32794 0 0 1 0 0 66 0 0 6756860 12052934 10293824 0 0 0 11713986 0 0 0 0 
0 0 0 0 0 0 0 0 0 0 0 0 0 0 0 0 0 0 0 0 0 0 0 3 0 32818 32814 0 0 66 0 0 0 22370971 6763644 0 0 0 0 0 11724457 0 0 0 
0 0 0 0 0 0 0 0 0 0 0 0 0 0 0 0 0 0 0 0 0 0 0 3 32822 0 0 1 0 0 66 0 0 6763337 12063895 10304374 0 0 0 11725601 0 0 0 0 
0 0 0 0 0 0 0 0 0 0 0 0 0 0 0 0 0 0 0 0 0 0 0 3 0 32858 32854 0 0 66 0 0 0 22388396 6768220 0 0 0 0 0 11731995 0 0 0 
0 0 0 0 0 0 0 0 0 0 0 0 0 0 0 0 0 0 0 0 0 0 0 3 32862 0 0 1 0 0 66 0 0 6767914 12074361 10311335 0 0 0 11733139 0 0 0 0 
0 0 0 0 0 0 0 0 0 0 0 0 0 0 0 0 0 0 0 0 0 0 0 3 0 32918 32914 0 0 66 0 0 0 22405525 6773423 0 0 0 0 0 11741501 0 0 0 
0 0 0 0 0 0 0 0 0 0 0 0 0 0 0 0 0 0 0 0 0 0 0 3 32922 0 0 1 0 0 66 0 0 6773116 12082594 10320225 0 0 0 11742646 0 0 0 0 
0 0 0 0 0 0 0 0 0 0 0 0 0 0 0 0 0 0 0 0 0 0 0 3 0 32974 32970 0 0 66 0 0 0 22427145 6779820 0 0 0 0 0 11752909 0 0 0 
0 0 0 0 0 0 0 0 0 0 0 0 0 0 0 0 0 0 0 0 0 0 0 3 32978 0 0 1 0 0 66 0 0 6779512 12093248 10331191 0 0 0 11754054 0 0 0 0 
0 0 0 0 0 0 0 0 0 0 0 0 0 0 0 0 0 0 0 0 0 0 0 3 0 33030 33026 0 0 66 0 0 0 22451055 6787361 0 0 0 0 0 11765413 0 0 0 
0 0 0 0 0 0 0 0 0 0 0 0 0 0 0 0 0 0 0 0 0 0 0 3 33034 0 0 1 0 0 66 0 0 6787051 12105835 10342511 0 0 0 11766560 0 0 0 0 
0 0 0 0 0 0 0 0 0 0 0 0 0 0 0 0 0 0 0 0 0 0 0 3 0 33046 33038 0 0 66 0 0 0 22470045 6793394 0 0 0 0 0 11773974 0 0 0 
0 0 0 0 0 0 0 0 0 0 0 0 0 0 0 0 0 0 0 0 0 0 0 3 33046 0 0 1 0 0 66 0 0 6793084 12116477 10350860 0 0 0 11775121 0 0 0 0 
0 0 0 0 0 0 0 0 0 0 0 0 0 0 0 0 0 0 0 0 0 0 0 3 0 33098 33093 0 0 66 0 0 0 22486247 6797037 0 0 0 0 0 11783340 0 0 0 
0 0 0 0 0 0 0 0 0 0 0 0 0 0 0 0 0 0 0 0 0 0 0 3 33102 0 0 1 0 0 66 0 0 6796727 12124483 10359050 0 0 0 11784486 0 0 0 0 
0 0 0 0 0 0 0 0 0 0 0 0 0 0 0 0 0 0 0 0 0 0 0 3 0 33154 33149 0 0 66 0 0 0 22506599 6802467 0 0 0 0 0 11793996 0 0 0 
0 0 0 0 0 0 0 0 0 0 0 0 0 0 0 0 0 0 0 0 0 0 0 3 33158 0 0 1 0 0 66 0 0 6802157 12134584 10369297 0 0 0 11795143 0 0 0 0 
0 0 0 0 0 0 0 0 0 0 0 0 0 0 0 0 0 0 0 0 0 0 0 3 0 33214 33205 0 0 66 0 0 0 22530278 6810015 0 0 0 0 0 11806480 0 0 0 
0 0 0 0 0 0 0 0 0 0 0 0 0 0 0 0 0 0 0 0 0 0 0 3 33214 0 0 1 0 0 66 0 0 6809705 12147146 10380414 0 0 0 11807628 0 0 0 0 
0 0 0 0 0 0 0 0 0 0 0 0 0 0 0 0 0 0 0 0 0 0 0 3 0 33270 33265 0 0 66 0 0 0 22553954 6817556 0 0 0 0 0 11818828 0 0 0 
0 0 0 0 0 0 0 0 0 0 0 0 0 0 0 0 0 0 0 0 0 0 0 3 33274 0 0 1 0 0 66 0 0 6817244 12159581 10391652 0 0 0 11819978 0 0 0 0 
0 0 0 0 0 0 0 0 0 0 0 0 0 0 0 0 0 0 0 0 0 0 0 3 0 33286 33277 0 0 66 0 0 0 22574134 6823614 0 0 0 0 0 11828226 0 0 0 
0 0 0 0 0 0 0 0 0 0 0 0 0 0 0 0 0 0 0 0 0 0 0 3 33286 0 0 1 0 0 66 0 0 6823302 12171034 10400379 0 0 0 11829376 0 0 0 0 
0 0 0 0 0 0 0 0 0 0 0 0 0 0 0 0 0 0 0 0 0 0 0 3 0 33338 33333 0 0 66 0 0 0 22589528 6827091 0 0 0 0 0 11836455 0 0 0 
0 0 0 0 0 0 0 0 0 0 0 0 0 0 0 0 0 0 0 0 0 0 0 3 33342 0 0 1 0 0 66 0 0 6826777 12177907 10408898 0 0 0 11837605 0 0 0 0 
0 0 0 0 0 0 0 0 0 0 0 0 0 0 0 0 0 0 0 0 0 0 0 3 0 33394 33389 0 0 66 0 0 0 22610474 6832662 0 0 0 0 0 11847381 0 0 0 
0 0 0 0 0 0 0 0 0 0 0 0 0 0 0 0 0 0 0 0 0 0 0 3 33398 0 0 1 0 0 66 0 0 6832348 12188298 10419450 0 0 0 11848533 0 0 0 0 
0 0 0 0 0 0 0 0 0 0 0 0 0 0 0 0 0 0 0 0 0 0 0 3 0 33450 33445 0 0 66 0 0 0 22634263 6840203 0 0 0 0 0 11859916 0 0 0 
0 0 0 0 0 0 0 0 0 0 0 0 0 0 0 0 0 0 0 0 0 0 0 3 33454 0 0 1 0 0 66 0 0 6839889 12200917 10430611 0 0 0 11861070 0 0 0 0 
0 0 0 0 0 0 0 0 0 0 0 0 0 0 0 0 0 0 0 0 0 0 0 3 0 33490 33481 0 0 66 0 0 0 22656481 6846922 0 0 0 0 0 11871457 0 0 0 
0 0 0 0 0 0 0 0 0 0 0 0 0 0 0 0 0 0 0 0 0 0 0 3 33490 0 0 1 0 0 66 0 0 6846608 12212126 10441613 0 0 0 11872611 0 0 0 0 
0 0 0 0 0 0 0 0 0 0 0 0 0 0 0 0 0 0 0 0 0 0 0 3 0 33518 33513 0 0 66 0 0 0 22674349 6851521 0 0 0 0 0 11879068 0 0 0 
0 0 0 0 0 0 0 0 0 0 0 0 0 0 0 0 0 0 0 0 0 0 0 3 33522 0 0 1 0 0 66 0 0 6851207 12222733 10448873 0 0 0 11880223 0 0 0 0 
0 0 0 0 0 0 0 0 0 0 0 0 0 0 0 0 0 0 0 0 0 0 0 3 0 33578 33573 0 0 66 0 0 0 22692294 6856793 0 0 0 0 0 11890056 0 0 0 
0 0 0 0 0 0 0 0 0 0 0 0 0 0 0 0 0 0 0 0 0 0 0 3 33582 0 0 1 0 0 66 0 0 6856478 12231942 10457605 0 0 0 11891211 0 0 0 0 
0 0 0 0 0 0 0 0 0 0 0 0 0 0 0 0 0 0 0 0 0 0 0 3 0 33634 33629 0 0 66 0 0 0 22713258 6862857 0 0 0 0 0 11901052 0 0 0 
0 0 0 0 0 0 0 0 0 0 0 0 0 0 0 0 0 0 0 0 0 0 0 3 33638 0 0 1 0 0 66 0 0 6862543 12242298 10468212 0 0 0 11902208 0 0 0 0 
0 0 0 0 0 0 0 0 0 0 0 0 0 0 0 0 0 0 0 0 0 0 0 3 0 33690 33685 0 0 66 0 0 0 22736956 6870398 0 0 0 0 0 11913234 0 0 0 
0 0 0 0 0 0 0 0 0 0 0 0 0 0 0 0 0 0 0 0 0 0 0 3 33694 0 0 1 0 0 66 0 0 6870082 12254562 10479642 0 0 0 11914390 0 0 0 0 
0 0 0 0 0 0 0 0 0 0 0 0 0 0 0 0 0 0 0 0 0 0 0 3 0 33702 33697 0 0 66 0 0 0 22754119 6875232 0 0 0 0 0 11920776 0 0 0 
0 0 0 0 0 0 0 0 0 0 0 0 0 0 0 0 0 0 0 0 0 0 0 3 33706 0 0 1 0 0 66 0 0 6874918 12264419 10486945 0 0 0 11921932 0 0 0 0 
0 0 0 0 0 0 0 0 0 0 0 0 0 0 0 0 0 0 0 0 0 0 0 3 0 33758 33753 0 0 66 0 0 0 22772278 6880083 0 0 0 0 0 11930886 0 0 0 
0 0 0 0 0 0 0 0 0 0 0 0 0 0 0 0 0 0 0 0 0 0 0 3 33762 0 0 1 0 0 66 0 0 6879768 12272992 10496530 0 0 0 11932045 0 0 0 0 
0 0 0 0 0 0 0 0 0 0 0 0 0 0 0 0 0 0 0 0 0 0 0 3 0 33814 33809 0 0 66 0 0 0 22794454 6885503 0 0 0 0 0 11943271 0 0 0 
0 0 0 0 0 0 0 0 0 0 0 0 0 0 0 0 0 0 0 0 0 0 0 3 33818 0 0 1 0 0 66 0 0 6885188 12284768 10506925 0 0 0 11944432 0 0 0 0 
0 0 0 0 0 0 0 0 0 0 0 0 0 0 0 0 0 0 0 0 0 0 0 3 0 33870 33865 0 0 66 0 0 0 22818417 6893044 0 0 0 0 0 11955583 0 0 0 
0 0 0 0 0 0 0 0 0 0 0 0 0 0 0 0 0 0 0 0 0 0 0 3 33874 0 0 1 0 0 66 0 0 6892728 12297165 10518479 0 0 0 11956746 0 0 0 0 
0 0 0 0 0 0 0 0 0 0 0 0 0 0 0 0 0 0 0 0 0 0 0 3 0 33902 33897 0 0 66 0 0 0 22839249 6899529 0 0 0 0 0 11966539 0 0 0 
0 0 0 0 0 0 0 0 0 0 0 0 0 0 0 0 0 0 0 0 0 0 0 3 33906 0 0 1 0 0 66 0 0 6899213 12307471 10529000 0 0 0 11967703 0 0 0 0 
0 0 0 0 0 0 0 0 0 0 0 0 0 0 0 0 0 0 0 0 0 0 0 3 0 33940 33933 0 0 66 0 0 0 22856471 6904666 0 0 0 0 0 11973867 0 0 0 
0 0 0 0 0 0 0 0 0 0 0 0 0 0 0 0 0 0 0 0 0 0 0 3 33942 0 0 1 0 0 66 0 0 6904351 12317731 10535960 0 0 0 11975032 0 0 0 0 
0 0 0 0 0 0 0 0 0 0 0 0 0 0 0 0 0 0 0 0 0 0 0 3 0 33998 33993 0 0 66 0 0 0 22874570 6910107 0 0 0 0 0 11983956 0 0 0 
0 0 0 0 0 0 0 0 0 0 0 0 0 0 0 0 0 0 0 0 0 0 0 3 34002 0 0 1 0 0 66 0 0 6909791 12326319 10545469 0 0 0 11985121 0 0 0 0 
0 0 0 0 0 0 0 0 0 0 0 0 0 0 0 0 0 0 0 0 0 0 0 3 0 34054 34049 0 0 66 0 0 0 22895800 6915697 0 0 0 0 0 11994625 0 0 0 
0 0 0 0 0 0 0 0 0 0 0 0 0 0 0 0 0 0 0 0 0 0 0 3 34058 0 0 1 0 0 66 0 0 6915382 12336453 10556565 0 0 0 11995790 0 0 0 0 
0 0 0 0 0 0 0 0 0 0 0 0 0 0 0 0 0 0 0 0 0 0 0 3 0 34110 34105 0 0 66 0 0 0 22919098 6923238 0 0 0 0 0 12006775 0 0 0 
0 0 0 0 0 0 0 0 0 0 0 0 0 0 0 0 0 0 0 0 0 0 0 3 34114 0 0 1 0 0 66 0 0 6922923 12348686 10567621 0 0 0 12007943 0 0 0 0 
0 0 0 0 0 0 0 0 0 0 0 0 0 0 0 0 0 0 0 0 0 0 0 3 0 34138 34133 0 0 66 0 0 0 22940594 6929714 0 0 0 0 0 12018062 0 0 0 
0 0 0 0 0 0 0 0 0 0 0 0 0 0 0 0 0 0 0 0 0 0 0 3 34142 0 0 1 0 0 66 0 0 6929397 12359320 10578480 0 0 0 12019229 0 0 0 0 
0 0 0 0 0 0 0 0 0 0 0 0 0 0 0 0 0 0 0 0 0 0 0 3 0 34178 34173 0 0 66 0 0 0 22956270 6933545 0 0 0 0 0 12024924 0 0 0 
0 0 0 0 0 0 0 0 0 0 0 0 0 0 0 0 0 0 0 0 0 0 0 3 34182 0 0 1 0 0 66 0 0 6933228 12368192 10585285 0 0 0 12026091 0 0 0 0 
0 0 0 0 0 0 0 0 0 0 0 0 0 0 0 0 0 0 0 0 0 0 0 3 0 34238 34233 0 0 66 0 0 0 22975894 6939264 0 0 0 0 0 12035780 0 0 0 
0 0 0 0 0 0 0 0 0 0 0 0 0 0 0 0 0 0 0 0 0 0 0 3 34242 0 0 1 0 0 66 0 0 6938947 12378793 10594305 0 0 0 12036948 0 0 0 0 
0 0 0 0 0 0 0 0 0 0 0 0 0 0 0 0 0 0 0 0 0 0 0 3 0 34294 34289 0 0 66 0 0 0 22998687 6945892 0 0 0 0 0 12048013 0 0 0 
0 0 0 0 0 0 0 0 0 0 0 0 0 0 0 0 0 0 0 0 0 0 0 3 34298 0 0 1 0 0 66 0 0 6945574 12390175 10605715 0 0 0 12049185 0 0 0 0 
0 0 0 0 0 0 0 0 0 0 0 0 0 0 0 0 0 0 0 0 0 0 0 3 0 34350 34345 0 0 66 0 0 0 23022501 6953433 0 0 0 0 0 12060106 0 0 0 
0 0 0 0 0 0 0 0 0 0 0 0 0 0 0 0 0 0 0 0 0 0 0 3 34354 0 0 1 0 0 66 0 0 6953114 12402350 10617352 0 0 0 12061279 0 0 0 0 
0 0 0 0 0 0 0 0 0 0 0 0 0 0 0 0 0 0 0 0 0 0 0 3 0 34366 34361 0 0 66 0 0 0 23042802 6959574 0 0 0 0 0 12069859 0 0 0 
0 0 0 0 0 0 0 0 0 0 0 0 0 0 0 0 0 0 0 0 0 0 0 3 34370 0 0 1 0 0 66 0 0 6959255 12413571 10626428 0 0 0 12071033 0 0 0 0 
0 0 0 0 0 0 0 0 0 0 0 0 0 0 0 0 0 0 0 0 0 0 0 3 0 34418 34413 0 0 66 0 0 0 23058188 6963187 0 0 0 0 0 12078307 0 0 0 
0 0 0 0 0 0 0 0 0 0 0 0 0 0 0 0 0 0 0 0 0 0 0 3 34422 0 0 1 0 0 66 0 0 6962868 12421448 10633940 0 0 0 12079482 0 0 0 0 
0 0 0 0 0 0 0 0 0 0 0 0 0 0 0 0 0 0 0 0 0 0 0 3 0 34474 34469 0 0 66 0 0 0 23078414 6968539 0 0 0 0 0 12089322 0 0 0 
0 0 0 0 0 0 0 0 0 0 0 0 0 0 0 0 0 0 0 0 0 0 0 3 34478 0 0 1 0 0 66 0 0 6968220 12431731 10643878 0 0 0 12090497 0 0 0 0 
0 0 0 0 0 0 0 0 0 0 0 0 0 0 0 0 0 0 0 0 0 0 0 3 0 34531 34525 0 0 66 0 0 0 23101175 6976082 0 0 0 0 0 12101264 0 0 0 
0 0 0 0 0 0 0 0 0 0 0 0 0 0 0 0 0 0 0 0 0 0 0 3 34534 0 0 1 0 0 66 0 0 6975763 12443754 10654612 0 0 0 12102439 0 0 0 0 
0 0 0 0 0 0 0 0 0 0 0 0 0 0 0 0 0 0 0 0 0 0 0 3 0 34590 34581 0 0 66 0 0 0 23124144 6983629 0 0 0 0 0 12112925 0 0 0 
0 0 0 0 0 0 0 0 0 0 0 0 0 0 0 0 0 0 0 0 0 0 0 3 34590 0 0 1 0 0 66 0 0 6983309 12455495 10665837 0 0 0 12114103 0 0 0 0 
0 0 0 0 0 0 0 0 0 0 0 0 0 0 0 0 0 0 0 0 0 0 0 3 0 34602 34593 0 0 66 0 0 0 23141427 6987725 0 0 0 0 0 12120460 0 0 0 
0 0 0 0 0 0 0 0 0 0 0 0 0 0 0 0 0 0 0 0 0 0 0 3 34602 0 0 1 0 0 66 0 0 6987405 12465584 10673031 0 0 0 12121639 0 0 0 0 
0 0 0 0 0 0 0 0 0 0 0 0 0 0 0 0 0 0 0 0 0 0 0 3 0 34658 34653 0 0 66 0 0 0 23160165 6992783 0 0 0 0 0 12131412 0 0 0 
0 0 0 0 0 0 0 0 0 0 0 0 0 0 0 0 0 0 0 0 0 0 0 3 34662 0 0 1 0 0 66 0 0 6992463 12474813 10682536 0 0 0 12132594 0 0 0 0 
0 0 0 0 0 0 0 0 0 0 0 0 0 0 0 0 0 0 0 0 0 0 0 3 0 34714 34709 0 0 66 0 0 0 23180563 6998735 0 0 0 0 0 12142106 0 0 0 
0 0 0 0 0 0 0 0 0 0 0 0 0 0 0 0 0 0 0 0 0 0 0 3 34718 0 0 1 0 0 66 0 0 6998415 12484852 10692894 0 0 0 12143291 0 0 0 0 
0 0 0 0 0 0 0 0 0 0 0 0 0 0 0 0 0 0 0 0 0 0 0 3 0 34770 34765 0 0 66 0 0 0 23204091 7006276 0 0 0 0 0 12154458 0 0 0 
0 0 0 0 0 0 0 0 0 0 0 0 0 0 0 0 0 0 0 0 0 0 0 3 34774 0 0 1 0 0 66 0 0 7005956 12497287 10703984 0 0 0 12155644 0 0 0 0 
0 0 0 0 0 0 0 0 0 0 0 0 0 0 0 0 0 0 0 0 0 0 0 3 0 34782 34777 0 0 66 0 0 0 23221782 7011032 0 0 0 0 0 12162684 0 0 0 
0 0 0 0 0 0 0 0 0 0 0 0 0 0 0 0 0 0 0 0 0 0 0 3 34786 0 0 1 0 0 66 0 0 7010710 12507830 10711129 0 0 0 12163869 0 0 0 0 
0 0 0 0 0 0 0 0 0 0 0 0 0 0 0 0 0 0 0 0 0 0 0 3 0 34838 34833 0 0 66 0 0 0 23240199 7015986 0 0 0 0 0 12173090 0 0 0 
0 0 0 0 0 0 0 0 0 0 0 0 0 0 0 0 0 0 0 0 0 0 0 3 34842 0 0 1 0 0 66 0 0 7015662 12516760 10720611 0 0 0 12174275 0 0 0 0 
0 0 0 0 0 0 0 0 0 0 0 0 0 0 0 0 0 0 0 0 0 0 0 3 0 34894 34889 0 0 66 0 0 0 23259882 7021382 0 0 0 0 0 12183166 0 0 0 
0 0 0 0 0 0 0 0 0 0 0 0 0 0 0 0 0 0 0 0 0 0 0 3 34898 0 0 1 0 0 66 0 0 7021058 12526161 10730888 0 0 0 12184354 0 0 0 0 
0 0 0 0 0 0 0 0 0 0 0 0 0 0 0 0 0 0 0 0 0 0 0 3 0 34952 34945 0 0 66 0 0 0 23283626 7028927 0 0 0 0 0 12195900 0 0 0 
0 0 0 0 0 0 0 0 0 0 0 0 0 0 0 0 0 0 0 0 0 0 0 3 34954 0 0 1 0 0 66 0 0 7028602 12538975 10741818 0 0 0 12197088 0 0 0 0 
0 0 0 0 0 0 0 0 0 0 0 0 0 0 0 0 0 0 0 0 0 0 0 3 0 35010 35001 0 0 66 0 0 0 23307027 7036472 0 0 0 0 0 12207816 0 0 0 
0 0 0 0 0 0 0 0 0 0 0 0 0 0 0 0 0 0 0 0 0 0 0 3 35010 0 0 1 0 0 66 0 0 7036147 12550970 10753222 0 0 0 12209005 0 0 0 0 
0 0 0 0 0 0 0 0 0 0 0 0 0 0 0 0 0 0 0 0 0 0 0 3 0 35022 35013 0 0 66 0 0 0 23324739 7040637 0 0 0 0 0 12215814 0 0 0 
0 0 0 0 0 0 0 0 0 0 0 0 0 0 0 0 0 0 0 0 0 0 0 3 35022 0 0 1 0 0 66 0 0 7040314 12561487 10760416 0 0 0 12217003 0 0 0 0 
0 0 0 0 0 0 0 0 0 0 0 0 0 0 0 0 0 0 0 0 0 0 0 3 0 35078 35073 0 0 66 0 0 0 23344627 7046097 0 0 0 0 0 12227394 0 0 0 
0 0 0 0 0 0 0 0 0 0 0 0 0 0 0 0 0 0 0 0 0 0 0 3 35082 0 0 1 0 0 66 0 0 7045772 12571347 10770439 0 0 0 12228583 0 0 0 0 
0 0 0 0 0 0 0 0 0 0 0 0 0 0 0 0 0 0 0 0 0 0 0 3 0 35134 35129 0 0 66 0 0 0 23366449 7051577 0 0 0 0 0 12239252 0 0 0 
0 0 0 0 0 0 0 0 0 0 0 0 0 0 0 0 0 0 0 0 0 0 0 3 35138 0 0 1 0 0 66 0 0 7051252 12582573 10781025 0 0 0 12240440 0 0 0 0 
0 0 0 0 0 0 0 0 0 0 0 0 0 0 0 0 0 0 0 0 0 0 0 3 0 35190 35185 0 0 66 0 0 0 23390064 7059118 0 0 0 0 0 12251322 0 0 0 
0 0 0 0 0 0 0 0 0 0 0 0 0 0 0 0 0 0 0 0 0 0 0 3 35194 0 0 1 0 0 66 0 0 7058791 12594724 10792491 0 0 0 12252510 0 0 0 0 
0 0 0 0 0 0 0 0 0 0 0 0 0 0 0 0 0 0 0 0 0 0 0 3 0 35214 35209 0 0 66 0 0 0 23411227 7065367 0 0 0 0 0 12262596 0 0 0 
0 0 0 0 0 0 0 0 0 0 0 0 0 0 0 0 0 0 0 0 0 0 0 3 35218 0 0 1 0 0 66 0 0 7065041 12605218 10803159 0 0 0 12263785 0 0 0 0 
0 0 0 0 0 0 0 0 0 0 0 0 0 0 0 0 0 0 0 0 0 0 0 3 0 35258 35253 0 0 66 0 0 0 23424436 7068837 0 0 0 0 0 12268321 0 0 0 
0 0 0 0 0 0 0 0 0 0 0 0 0 0 0 0 0 0 0 0 0 0 0 3 35262 0 0 1 0 0 66 0 0 7068510 12612503 10809084 0 0 0 12269510 0 0 0 0 
0 0 0 0 0 0 0 0 0 0 0 0 0 0 0 0 0 0 0 0 0 0 0 3 0 35318 35309 0 0 66 0 0 0 23445055 7074234 0 0 0 0 0 12279857 0 0 0 
0 0 0 0 0 0 0 0 0 0 0 0 0 0 0 0 0 0 0 0 0 0 0 3 35318 0 0 1 0 0 66 0 0 7073907 12623419 10818783 0 0 0 12281046 0 0 0 0 
0 0 0 0 0 0 0 0 0 0 0 0 0 0 0 0 0 0 0 0 0 0 0 3 0 35374 35365 0 0 66 0 0 0 23468869 7081773 0 0 0 0 0 12292809 0 0 0 
0 0 0 0 0 0 0 0 0 0 0 0 0 0 0 0 0 0 0 0 0 0 0 3 35374 0 0 1 0 0 66 0 0 7081446 12636453 10829560 0 0 0 12293999 0 0 0 0 
0 0 0 0 0 0 0 0 0 0 0 0 0 0 0 0 0 0 0 0 0 0 0 3 0 35430 35425 0 0 66 0 0 0 23492075 7089314 0 0 0 0 0 12304814 0 0 0 
0 0 0 0 0 0 0 0 0 0 0 0 0 0 0 0 0 0 0 0 0 0 0 3 35434 0 0 1 0 0 66 0 0 7088987 12648546 10840674 0 0 0 12306008 0 0 0 0 
0 0 0 0 0 0 0 0 0 0 0 0 0 0 0 0 0 0 0 0 0 0 0 3 0 35442 35433 0 0 66 0 0 0 23508915 7093316 0 0 0 0 0 12312518 0 0 0 
0 0 0 0 0 0 0 0 0 0 0 0 0 0 0 0 0 0 0 0 0 0 0 3 35442 0 0 1 0 0 66 0 0 7092989 12658841 10847219 0 0 0 12313710 0 0 0 0 
0 0 0 0 0 0 0 0 0 0 0 0 0 0 0 0 0 0 0 0 0 0 0 3 0 35498 35493 0 0 66 0 0 0 23525126 7098324 0 0 0 0 0 12321800 0 0 0 
0 0 0 0 0 0 0 0 0 0 0 0 0 0 0 0 0 0 0 0 0 0 0 3 35502 0 0 1 0 0 66 0 0 7097997 12666352 10855914 0 0 0 12322995 0 0 0 0 
0 0 0 0 0 0 0 0 0 0 0 0 0 0 0 0 0 0 0 0 0 0 0 3 0 35554 35549 0 0 66 0 0 0 23546597 7104420 0 0 0 0 0 12333008 0 0 0 
0 0 0 0 0 0 0 0 0 0 0 0 0 0 0 0 0 0 0 0 0 0 0 3 35558 0 0 1 0 0 66 0 0 7104093 12676907 10866825 0 0 0 12334204 0 0 0 0 
0 0 0 0 0 0 0 0 0 0 0 0 0 0 0 0 0 0 0 0 0 0 0 3 0 35610 35605 0 0 66 0 0 0 23570494 7111961 0 0 0 0 0 12345518 0 0 0 
0 0 0 0 0 0 0 0 0 0 0 0 0 0 0 0 0 0 0 0 0 0 0 3 35614 0 0 1 0 0 66 0 0 7111634 12689501 10878120 0 0 0 12346716 0 0 0 0 
0 0 0 0 0 0 0 0 0 0 0 0 0 0 0 0 0 0 0 0 0 0 0 3 0 35638 35633 0 0 66 0 0 0 23592801 7118437 0 0 0 0 0 12357508 0 0 0 
0 0 0 0 0 0 0 0 0 0 0 0 0 0 0 0 0 0 0 0 0 0 0 3 35642 0 0 1 0 0 66 0 0 7118109 12700836 10889092 0 0 0 12358707 0 0 0 0 
0 0 0 0 0 0 0 0 0 0 0 0 0 0 0 0 0 0 0 0 0 0 0 3 0 35678 35673 0 0 66 0 0 0 23608858 7122556 0 0 0 0 0 12364563 0 0 0 
0 0 0 0 0 0 0 0 0 0 0 0 0 0 0 0 0 0 0 0 0 0 0 3 35682 0 0 1 0 0 66 0 0 7122228 12710196 10895788 0 0 0 12365762 0 0 0 0 
0 0 0 0 0 0 0 0 0 0 0 0 0 0 0 0 0 0 0 0 0 0 0 3 0 35738 35729 0 0 66 0 0 0 23627577 7127077 0 0 0 0 0 12375178 0 0 0 
0 0 0 0 0 0 0 0 0 0 0 0 0 0 0 0 0 0 0 0 0 0 0 3 35738 0 0 1 0 0 66 0 0 7126749 12719322 10905383 0 0 0 12376378 0 0 0 0 
0 0 0 0 0 0 0 0 0 0 0 0 0 0 0 0 0 0 0 0 0 0 0 3 0 35794 35785 0 0 66 0 0 0 23650283 7134616 0 0 0 0 0 12386613 0 0 0 
0 0 0 0 0 0 0 0 0 0 0 0 0 0 0 0 0 0 0 0 0 0 0 3 35794 0 0 1 0 0 66 0 0 7134288 12730838 10916571 0 0 0 12387811 0 0 0 0 
0 0 0 0 0 0 0 0 0 0 0 0 0 0 0 0 0 0 0 0 0 0 0 3 0 35850 35845 0 0 66 0 0 0 23673691 7142157 0 0 0 0 0 12398691 0 0 0 
0 0 0 0 0 0 0 0 0 0 0 0 0 0 0 0 0 0 0 0 0 0 0 3 35854 0 0 1 0 0 66 0 0 7141829 12743003 10927814 0 0 0 12399891 0 0 0 0 
0 0 0 0 0 0 0 0 0 0 0 0 0 0 0 0 0 0 0 0 0 0 0 3 0 35862 35857 0 0 66 0 0 0 23693306 7148021 0 0 0 0 0 12407462 0 0 0 
0 0 0 0 0 0 0 0 0 0 0 0 0 0 0 0 0 0 0 0 0 0 0 3 35866 0 0 1 0 0 66 0 0 7147694 12753863 10936567 0 0 0 12408662 0 0 0 0 
0 0 0 0 0 0 0 0 0 0 0 0 0 0 0 0 0 0 0 0 0 0 0 3 0 35918 35913 0 0 66 0 0 0 23710259 7152038 0 0 0 0 0 12417120 0 0 0 
0 0 0 0 0 0 0 0 0 0 0 0 0 0 0 0 0 0 0 0 0 0 0 3 35922 0 0 1 0 0 66 0 0 7151709 12762387 10944993 0 0 0 12418321 0 0 0 0 
0 0 0 0 0 0 0 0 0 0 0 0 0 0 0 0 0 0 0 0 0 0 0 3 0 35978 35969 0 0 66 0 0 0 23729276 7157273 0 0 0 0 0 12427233 0 0 0 
0 0 0 0 0 0 0 0 0 0 0 0 0 0 0 0 0 0 0 0 0 0 0 3 35978 0 0 1 0 0 66 0 0 7156944 12771706 10954688 0 0 0 12428434 0 0 0 0 
0 0 0 0 0 0 0 0 0 0 0 0 0 0 0 0 0 0 0 0 0 0 0 3 0 36034 36029 0 0 66 0 0 0 23751966 7164812 0 0 0 0 0 12439112 0 0 0 
0 0 0 0 0 0 0 0 0 0 0 0 0 0 0 0 0 0 0 0 0 0 0 3 36038 0 0 1 0 0 66 0 0 7164481 12783676 10965403 0 0 0 12440318 0 0 0 0 
0 0 0 0 0 0 0 0 0 0 0 0 0 0 0 0 0 0 0 0 0 0 0 3 0 36090 36085 0 0 66 0 0 0 23775112 7172353 0 0 0 0 0 12451274 0 0 0 
0 0 0 0 0 0 0 0 0 0 0 0 0 0 0 0 0 0 0 0 0 0 0 3 36094 0 0 1 0 0 66 0 0 7172022 12795920 10976302 0 0 0 12452481 0 0 0 0 
0 0 0 0 0 0 0 0 0 0 0 0 0 0 0 0 0 0 0 0 0 0 0 3 0 36102 36093 0 0 66 0 0 0 23792321 7176548 0 0 0 0 0 12459346 0 0 0 
0 0 0 0 0 0 0 0 0 0 0 0 0 0 0 0 0 0 0 0 0 0 0 3 36102 0 0 1 0 0 66 0 0 7176216 12806490 10982941 0 0 0 12460553 0 0 0 0 
0 0 0 0 0 0 0 0 0 0 0 0 0 0 0 0 0 0 0 0 0 0 0 3 0 36158 36153 0 0 66 0 0 0 23812563 7181977 0 0 0 0 0 12471521 0 0 0 
0 0 0 0 0 0 0 0 0 0 0 0 0 0 0 0 0 0 0 0 0 0 0 3 36162 0 0 1 0 0 66 0 0 7181645 12816832 10992838 0 0 0 12472727 0 0 0 0 
0 0 0 0 0 0 0 0 0 0 0 0 0 0 0 0 0 0 0 0 0 0 0 3 0 36214 36209 0 0 66 0 0 0 23832347 7187459 0 0 0 0 0 12481725 0 0 0 
0 0 0 0 0 0 0 0 0 0 0 0 0 0 0 0 0 0 0 0 0 0 0 3 36218 0 0 1 0 0 66 0 0 7187127 12826537 11002910 0 0 0 12482935 0 0 0 0 
0 0 0 0 0 0 0 0 0 0 0 0 0 0 0 0 0 0 0 0 0 0 0 3 0 36270 36265 0 0 66 0 0 0 23855714 7195000 0 0 0 0 0 12493770 0 0 0 
0 0 0 0 0 0 0 0 0 0 0 0 0 0 0 0 0 0 0 0 0 0 0 3 36274 0 0 1 0 0 66 0 0 7194667 12838664 11014146 0 0 0 12494981 0 0 0 0 
0 0 0 0 0 0 0 0 0 0 0 0 0 0 0 0 0 0 0 0 0 0 0 3 0 36305 36297 0 0 66 0 0 0 23876585 7201619 0 0 0 0 0 12504884 0 0 0 
0 0 0 0 0 0 0 0 0 0 0 0 0 0 0 0 0 0 0 0 0 0 0 3 36306 0 0 1 0 0 66 0 0 7201287 12849256 11024420 0 0 0 12506094 0 0 0 0 
0 0 0 0 0 0 0 0 0 0 0 0 0 0 0 0 0 0 0 0 0 0 0 3 0 36338 36333 0 0 66 0 0 0 23894211 7206241 0 0 0 0 0 12512091 0 0 0 
0 0 0 0 0 0 0 0 0 0 0 0 0 0 0 0 0 0 0 0 0 0 0 3 36342 0 0 1 0 0 66 0 0 7205908 12859398 11031904 0 0 0 12513302 0 0 0 0 
0 0 0 0 0 0 0 0 0 0 0 0 0 0 0 0 0 0 0 0 0 0 0 3 0 36398 36393 0 0 66 0 0 0 23911904 7211039 0 0 0 0 0 12522283 0 0 0 
0 0 0 0 0 0 0 0 0 0 0 0 0 0 0 0 0 0 0 0 0 0 0 3 36402 0 0 1 0 0 66 0 0 7210706 12868249 11040744 0 0 0 12523493 0 0 0 0 
0 0 0 0 0 0 0 0 0 0 0 0 0 0 0 0 0 0 0 0 0 0 0 3 0 36454 36449 0 0 66 0 0 0 23934668 7217655 0 0 0 0 0 12534701 0 0 0 
0 0 0 0 0 0 0 0 0 0 0 0 0 0 0 0 0 0 0 0 0 0 0 3 36458 0 0 1 0 0 66 0 0 7217322 12879842 11051914 0 0 0 12535913 0 0 0 0 
0 0 0 0 0 0 0 0 0 0 0 0 0 0 0 0 0 0 0 0 0 0 0 3 0 36510 36505 0 0 66 0 0 0 23958111 7225196 0 0 0 0 0 12547172 0 0 0 
0 0 0 0 0 0 0 0 0 0 0 0 0 0 0 0 0 0 0 0 0 0 0 3 36514 0 0 1 0 0 66 0 0 7224863 12892394 11062803 0 0 0 12548383 0 0 0 0 
0 0 0 0 0 0 0 0 0 0 0 0 0 0 0 0 0 0 0 0 0 0 0 3 0 36526 36521 0 0 66 0 0 0 23979475 7231297 0 0 0 0 0 12557527 0 0 0 
0 0 0 0 0 0 0 0 0 0 0 0 0 0 0 0 0 0 0 0 0 0 0 3 36530 0 0 1 0 0 66 0 0 7230964 12904472 11072083 0 0 0 12558742 0 0 0 0 
0 0 0 0 0 0 0 0 0 0 0 0 0 0 0 0 0 0 0 0 0 0 0 3 0 36577 36573 0 0 66 0 0 0 23994967 7234879 0 0 0 0 0 12565808 0 0 0 
0 0 0 0 0 0 0 0 0 0 0 0 0 0 0 0 0 0 0 0 0 0 0 3 36582 0 0 1 0 0 66 0 0 7234545 12911950 11080102 0 0 0 12567023 0 0 0 0 
0 0 0 0 0 0 0 0 0 0 0 0 0 0 0 0 0 0 0 0 0 0 0 3 0 36633 36629 0 0 66 0 0 0 24014032 7240302 0 0 0 0 0 12575771 0 0 0 
0 0 0 0 0 0 0 0 0 0 0 0 0 0 0 0 0 0 0 0 0 0 0 3 36638 0 0 1 0 0 66 0 0 7239967 12921161 11089954 0 0 0 12576988 0 0 0 0 
0 0 0 0 0 0 0 0 0 0 0 0 0 0 0 0 0 0 0 0 0 0 0 3 0 36689 36685 0 0 66 0 0 0 24037287 7247843 0 0 0 0 0 12587725 0 0 0 
0 0 0 0 0 0 0 0 0 0 0 0 0 0 0 0 0 0 0 0 0 0 0 3 36694 0 0 1 0 0 66 0 0 7247508 12933199 11101169 0 0 0 12588943 0 0 0 0 
0 0 0 0 0 0 0 0 0 0 0 0 0 0 0 0 0 0 0 0 0 0 0 3 0 36749 36745 0 0 66 0 0 0 24060071 7255392 0 0 0 0 0 12599347 0 0 0 
0 0 0 0 0 0 0 0 0 0 0 0 0 0 0 0 0 0 0 0 0 0 0 3 36754 0 0 1 0 0 66 0 0 7255056 12944902 11112251 0 0 0 12600566 0 0 0 0 
0 0 0 0 0 0 0 0 0 0 0 0 0 0 0 0 0 0 0 0 0 0 0 3 0 36761 36757 0 0 66 0 0 0 24077034 7260056 0 0 0 0 0 12607045 0 0 0 
0 0 0 0 0 0 0 0 0 0 0 0 0 0 0 0 0 0 0 0 0 0 0 3 36766 0 0 1 0 0 66 0 0 7259719 12954972 11119140 0 0 0 12608265 0 0 0 0 
0 0 0 0 0 0 0 0 0 0 0 0 0 0 0 0 0 0 0 0 0 0 0 3 0 36817 36813 0 0 66 0 0 0 24094628 7264831 0 0 0 0 0 12617351 0 0 0 
0 0 0 0 0 0 0 0 0 0 0 0 0 0 0 0 0 0 0 0 0 0 0 3 36822 0 0 1 0 0 66 0 0 7264494 12963644 11128065 0 0 0 12618568 0 0 0 0 
0 0 0 0 0 0 0 0 0 0 0 0 0 0 0 0 0 0 0 0 0 0 0 3 0 36873 36869 0 0 66 0 0 0 24115327 7270498 0 0 0 0 0 12628381 0 0 0 
0 0 0 0 0 0 0 0 0 0 0 0 0 0 0 0 0 0 0 0 0 0 0 3 36878 0 0 1 0 0 66 0 0 7270161 12974102 11138306 0 0 0 12629601 0 0 0 0 
0 0 0 0 0 0 0 0 0 0 0 0 0 0 0 0 0 0 0 0 0 0 0 3 0 36929 36925 0 0 66 0 0 0 24138843 7278039 0 0 0 0 0 12640415 0 0 0 
0 0 0 0 0 0 0 0 0 0 0 0 0 0 0 0 0 0 0 0 0 0 0 3 36934 0 0 1 0 0 66 0 0 7277702 12986218 11149709 0 0 0 12641634 0 0 0 0 
0 0 0 0 0 0 0 0 0 0 0 0 0 0 0 0 0 0 0 0 0 0 0 3 0 36953 36949 0 0 66 0 0 0 24160423 7284288 0 0 0 0 0 12651835 0 0 0 
0 0 0 0 0 0 0 0 0 0 0 0 0 0 0 0 0 0 0 0 0 0 0 3 36958 0 0 1 0 0 66 0 0 7283950 12996859 11160642 0 0 0 12653055 0 0 0 0 
0 0 0 0 0 0 0 0 0 0 0 0 0 0 0 0 0 0 0 0 0 0 0 3 0 36997 36993 0 0 66 0 0 0 24175036 7287775 0 0 0 0 0 12658227 0 0 0 
0 0 0 0 0 0 0 0 0 0 0 0 0 0 0 0 0 0 0 0 0 0 0 3 37002 0 0 1 0 0 66 0 0 7287437 13004923 11167191 0 0 0 12659448 0 0 0 0 
<====
0 0 0 0 0 0 0 0 0 0 0 0 0 0 0 0 0 0 0 0 0 0 0 3 0 37049 37041 0 0 66 0 0 0 24189548 7297503 0 0 0 0 0 12666060 0 0 0 
0 0 0 0 0 0 0 0 0 0 0 0 0 0 0 0 0 0 0 0 0 0 0 3 37050 0 0 1 0 0 66 0 0 7297164 13012023 11174596 0 0 0 12667281 0 0 0 0 
0 0 0 0 0 0 0 0 0 0 0 0 0 0 0 0 0 0 0 0 0 0 0 3 0 37049 37041 0 0 66 0 0 0 24189548 7297503 0 0 0 0 0 12666060 0 0 0 
0 0 0 0 0 0 0 0 0 0 0 0 0 0 0 0 0 0 0 0 0 0 0 3 37050 0 0 1 0 0 66 0 0 7297164 13012023 11174596 0 0 0 12667281 0 0 0 0 
0 0 0 0 0 0 0 0 0 0 0 0 0 0 0 0 0 0 0 0 0 0 0 3 0 37049 37041 0 0 66 0 0 0 24189548 7297503 0 0 0 0 0 12666060 0 0 0 
0 0 0 0 0 0 0 0 0 0 0 0 0 0 0 0 0 0 0 0 0 0 0 3 37050 0 0 1 0 0 66 0 0 7297164 13012023 11174596 0 0 0 12667281 0 0 0 0 
0 0 0 0 0 0 0 0 0 0 0 0 0 0 0 0 0 0 0 0 0 0 0 3 0 37049 37041 0 0 66 0 0 0 24189548 7297503 0 0 0 0 0 12666060 0 0 0 
0 0 0 0 0 0 0 0 0 0 0 0 0 0 0 0 0 0 0 0 0 0 0 3 37050 0 0 1 0 0 66 0 0 7297164 13012023 11174596 0 0 0 12667281 0 0 0 0 
0 0 0 0 0 0 0 0 0 0 0 0 0 0 0 0 0 0 0 0 0 0 0 3 0 37049 37041 0 0 66 0 0 0 24189548 7297503 0 0 0 0 0 12666060 0 0 0 
0 0 0 0 0 0 0 0 0 0 0 0 0 0 0 0 0 0 0 0 0 0 0 3 37050 0 0 1 0 0 66 0 0 7297164 13012023 11174596 0 0 0 12667281 0 0 0 0 
0 0 0 0 0 0 0 0 0 0 0 0 0 0 0 0 0 0 0 0 0 0 0 3 0 37049 37041 0 0 66 0 0 0 24189548 7297503 0 0 0 0 0 12666060 0 0 0 
0 0 0 0 0 0 0 0 0 0 0 0 0 0 0 0 0 0 0 0 0 0 0 3 37050 0 0 1 0 0 66 0 0 7297164 13012023 11174596 0 0 0 12667281 0 0 0 0 
0 0 0 0 0 0 0 0 0 0 0 0 0 0 0 0 0 0 0 0 0 0 0 3 0 37049 37041 0 0 66 0 0 0 24189548 7297503 0 0 0 0 0 12666060 0 0 0 
0 0 0 0 0 0 0 0 0 0 0 0 0 0 0 0 0 0 0 0 0 0 0 3 37050 0 0 1 0 0 66 0 0 7297164 13012023 11174596 0 0 0 12667281 0 0 0 0 
0 0 0 0 0 0 0 0 0 0 0 0 0 0 0 0 0 0 0 0 0 0 0 3 0 37049 37041 0 0 66 0 0 0 24189548 7297503 0 0 0 0 0 12666060 0 0 0 
0 0 0 0 0 0 0 0 0 0 0 0 0 0 0 0 0 0 0 0 0 0 0 3 37050 0 0 1 0 0 66 0 0 7297164 13012023 11174596 0 0 0 12667281 0 0 0 0 
0 0 0 0 0 0 0 0 0 0 0 0 0 0 0 0 0 0 0 0 0 0 0 3 0 37049 37041 0 0 66 0 0 0 24189548 7297503 0 0 0 0 0 12666060 0 0 0 
0 0 0 0 0 0 0 0 0 0 0 0 0 0 0 0 0 0 0 0 0 0 0 3 37050 0 0 1 0 0 66 0 0 7297164 13012023 11174596 0 0 0 12667281 0 0 0 0 
0 0 0 0 0 0 0 0 0 0 0 0 0 0 0 0 0 0 0 0 0 0 0 3 0 37049 37041 0 0 66 0 0 0 24189548 7297503 0 0 0 0 0 12666060 0 0 0 
0 0 0 0 0 0 0 0 0 0 0 0 0 0 0 0 0 0 0 0 0 0 0 3 37050 0 0 1 0 0 66 0 0 7297164 13012023 11174596 0 0 0 12667281 0 0 0 0 
0 0 0 0 0 0 0 0 0 0 0 0 0 0 0 0 0 0 0 0 0 0 0 3 0 37049 37041 0 0 66 0 0 0 24189548 7297503 0 0 0 0 0 12666060 0 0 0 
0 0 0 0 0 0 0 0 0 0 0 0 0 0 0 0 0 0 0 0 0 0 0 3 37050 0 0 1 0 0 66 0 0 7297164 13012023 11174596 0 0 0 12667281 0 0 0 0 
0 0 0 0 0 0 0 0 0 0 0 0 0 0 0 0 0 0 0 0 0 0 0 3 0 37049 37041 0 0 66 0 0 0 24189548 7297503 0 0 0 0 0 12666060 0 0 0 
0 0 0 0 0 0 0 0 0 0 0 0 0 0 0 0 0 0 0 0 0 0 0 3 37050 0 0 1 0 0 66 0 0 7297164 13012023 11174596 0 0 0 12667281 0 0 0 0 
0 0 0 0 0 0 0 0 0 0 0 0 0 0 0 0 0 0 0 0 0 0 0 3 0 37049 37041 0 0 66 0 0 0 24189548 7297503 0 0 0 0 0 12666060 0 0 0 
0 0 0 0 0 0 0 0 0 0 0 0 0 0 0 0 0 0 0 0 0 0 0 3 37050 0 0 1 0 0 66 0 0 7297164 13012023 11174596 0 0 0 12667281 0 0 0 0 
0 0 0 0 0 0 0 0 0 0 0 0 0 0 0 0 0 0 0 0 0 0 0 3 0 37049 37041 0 0 66 0 0 0 24189548 7297503 0 0 0 0 0 12666060 0 0 0 
0 0 0 0 0 0 0 0 0 0 0 0 0 0 0 0 0 0 0 0 0 0 0 3 37050 0 0 1 0 0 66 0 0 7297164 13012023 11174596 0 0 0 12667281 0 0 0 0 
0 0 0 0 0 0 0 0 0 0 0 0 0 0 0 0 0 0 0 0 0 0 0 3 0 37049 37041 0 0 66 0 0 0 24189548 7297503 0 0 0 0 0 12666060 0 0 0 
0 0 0 0 0 0 0 0 0 0 0 0 0 0 0 0 0 0 0 0 0 0 0 3 37050 0 0 1 0 0 66 0 0 7297164 13012023 11174596 0 0 0 12667281 0 0 0 0 
0 0 0 0 0 0 0 0 0 0 0 0 0 0 0 0 0 0 0 0 0 0 0 3 0 37049 37041 0 0 66 0 0 0 24189548 7297503 0 0 0 0 0 12666060 0 0 0 
0 0 0 0 0 0 0 0 0 0 0 0 0 0 0 0 0 0 0 0 0 0 0 3 37050 0 0 1 0 0 66 0 0 7297164 13012023 11174596 0 0 0 12667281 0 0 0 0 
0 0 0 0 0 0 0 0 0 0 0 0 0 0 0 0 0 0 0 0 0 0 0 3 0 37049 37041 0 0 66 0 0 0 24189548 7297503 0 0 0 0 0 12666060 0 0 0 
0 0 0 0 0 0 0 0 0 0 0 0 0 0 0 0 0 0 0 0 0 0 0 3 37050 0 0 1 0 0 66 0 0 7297164 13012023 11174596 0 0 0 12667281 0 0 0 0 
0 0 0 0 0 0 0 0 0 0 0 0 0 0 0 0 0 0 0 0 0 0 0 3 0 37049 37041 0 0 66 0 0 0 24189548 7297503 0 0 0 0 0 12666060 0 0 0 
0 0 0 0 0 0 0 0 0 0 0 0 0 0 0 0 0 0 0 0 0 0 0 3 37050 0 0 1 0 0 66 0 0 7297164 13012023 11174596 0 0 0 12667281 0 0 0 0 
0 0 0 0 0 0 0 0 0 0 0 0 0 0 0 0 0 0 0 0 0 0 0 3 0 37049 37041 0 0 66 0 0 0 24189548 7297503 0 0 0 0 0 12666060 0 0 0 
0 0 0 0 0 0 0 0 0 0 0 0 0 0 0 0 0 0 0 0 0 0 0 3 37050 0 0 1 0 0 66 0 0 7297164 13012023 11174596 0 0 0 12667281 0 0 0 0 
0 0 0 0 0 0 0 0 0 0 0 0 0 0 0 0 0 0 0 0 0 0 0 3 0 37049 37041 0 0 66 0 0 0 24189548 7297503 0 0 0 0 0 12666060 0 0 0 
0 0 0 0 0 0 0 0 0 0 0 0 0 0 0 0 0 0 0 0 0 0 0 3 37050 0 0 1 0 0 66 0 0 7297164 13012023 11174596 0 0 0 12667281 0 0 0 0 
0 0 0 0 0 0 0 0 0 0 0 0 0 0 0 0 0 0 0 0 0 0 0 3 0 37049 37041 0 0 66 0 0 0 24189548 7297503 0 0 0 0 0 12666060 0 0 0 
0 0 0 0 0 0 0 0 0 0 0 0 0 0 0 0 0 0 0 0 0 0 0 3 37050 0 0 1 0 0 66 0 0 7297164 13012023 11174596 0 0 0 12667281 0 0 0 0 
0 0 0 0 0 0 0 0 0 0 0 0 0 0 0 0 0 0 0 0 0 0 0 3 0 37049 37041 0 0 66 0 0 0 24189548 7297503 0 0 0 0 0 12666060 0 0 0 
0 0 0 0 0 0 0 0 0 0 0 0 0 0 0 0 0 0 0 0 0 0 0 3 37050 0 0 1 0 0 66 0 0 7297164 13012023 11174596 0 0 0 12667281 0 0 0 0 
0 0 0 0 0 0 0 0 0 0 0 0 0 0 0 0 0 0 0 0 0 0 0 3 0 37049 37041 0 0 66 0 0 0 24189548 7297503 0 0 0 0 0 12666060 0 0 0 
0 0 0 0 0 0 0 0 0 0 0 0 0 0 0 0 0 0 0 0 0 0 0 3 37050 0 0 1 0 0 66 0 0 7297164 13012023 11174596 0 0 0 12667281 0 0 0 0 
0 0 0 0 0 0 0 0 0 0 0 0 0 0 0 0 0 0 0 0 0 0 0 3 0 37049 37041 0 0 66 0 0 0 24189548 7297503 0 0 0 0 0 12666060 0 0 0 
0 0 0 0 0 0 0 0 0 0 0 0 0 0 0 0 0 0 0 0 0 0 0 3 37050 0 0 1 0 0 66 0 0 7297164 13012023 11174596 0 0 0 12667281 0 0 0 0 
0 0 0 0 0 0 0 0 0 0 0 0 0 0 0 0 0 0 0 0 0 0 0 3 0 37049 37041 0 0 66 0 0 0 24189548 7297503 0 0 0 0 0 12666060 0 0 0 
0 0 0 0 0 0 0 0 0 0 0 0 0 0 0 0 0 0 0 0 0 0 0 3 37050 0 0 1 0 0 66 0 0 7297164 13012023 11174596 0 0 0 12667281 0 0 0 0 
0 0 0 0 0 0 0 0 0 0 0 0 0 0 0 0 0 0 0 0 0 0 0 3 0 37049 37041 0 0 66 0 0 0 24189548 7297503 0 0 0 0 0 12666060 0 0 0 
0 0 0 0 0 0 0 0 0 0 0 0 0 0 0 0 0 0 0 0 0 0 0 3 37050 0 0 1 0 0 66 0 0 7297164 13012023 11174596 0 0 0 12667281 0 0 0 0 
0 0 0 0 0 0 0 0 0 0 0 0 0 0 0 0 0 0 0 0 0 0 0 3 0 37049 37041 0 0 66 0 0 0 24189548 7297503 0 0 0 0 0 12666060 0 0 0 
0 0 0 0 0 0 0 0 0 0 0 0 0 0 0 0 0 0 0 0 0 0 0 3 37050 0 0 1 0 0 66 0 0 7297164 13012023 11174596 0 0 0 12667281 0 0 0 0 
0 0 0 0 0 0 0 0 0 0 0 0 0 0 0 0 0 0 0 0 0 0 0 3 0 37049 37041 0 0 66 0 0 0 24189548 7297503 0 0 0 0 0 12666060 0 0 0 
0 0 0 0 0 0 0 0 0 0 0 0 0 0 0 0 0 0 0 0 0 0 0 3 37050 0 0 1 0 0 66 0 0 7297164 13012023 11174596 0 0 0 12667281 0 0 0 0 
0 0 0 0 0 0 0 0 0 0 0 0 0 0 0 0 0 0 0 0 0 0 0 3 0 37049 37041 0 0 66 0 0 0 24189548 7297503 0 0 0 0 0 12666060 0 0 0 
0 0 0 0 0 0 0 0 0 0 0 0 0 0 0 0 0 0 0 0 0 0 0 3 37050 0 0 1 0 0 66 0 0 7297164 13012023 11174596 0 0 0 12667281 0 0 0 0 
0 0 0 0 0 0 0 0 0 0 0 0 0 0 0 0 0 0 0 0 0 0 0 3 0 37049 37041 0 0 66 0 0 0 24189548 7297503 0 0 0 0 0 12666060 0 0 0 
0 0 0 0 0 0 0 0 0 0 0 0 0 0 0 0 0 0 0 0 0 0 0 3 37050 0 0 1 0 0 66 0 0 7297164 13012023 11174596 0 0 0 12667281 0 0 0 0 
0 0 0 0 0 0 0 0 0 0 0 0 0 0 0 0 0 0 0 0 0 0 0 3 0 37049 37041 0 0 66 0 0 0 24189548 7297503 0 0 0 0 0 12666060 0 0 0 
0 0 0 0 0 0 0 0 0 0 0 0 0 0 0 0 0 0 0 0 0 0 0 3 37050 0 0 1 0 0 66 0 0 7297164 13012023 11174596 0 0 0 12667281 0 0 0 0 
0 0 0 0 0 0 0 0 0 0 0 0 0 0 0 0 0 0 0 0 0 0 0 3 0 37049 37041 0 0 66 0 0 0 24189548 7297503 0 0 0 0 0 12666060 0 0 0 
0 0 0 0 0 0 0 0 0 0 0 0 0 0 0 0 0 0 0 0 0 0 0 3 37050 0 0 1 0 0 66 0 0 7297164 13012023 11174596 0 0 0 12667281 0 0 0 0 
0 0 0 0 0 0 0 0 0 0 0 0 0 0 0 0 0 0 0 0 0 0 0 3 0 37049 37041 0 0 66 0 0 0 24189548 7297503 0 0 0 0 0 12666060 0 0 0 
0 0 0 0 0 0 0 0 0 0 0 0 0 0 0 0 0 0 0 0 0 0 0 3 37050 0 0 1 0 0 66 0 0 7297164 13012023 11174596 0 0 0 12667281 0 0 0 0 
0 0 0 0 0 0 0 0 0 0 0 0 0 0 0 0 0 0 0 0 0 0 0 3 0 37049 37041 0 0 66 0 0 0 24189548 7297503 0 0 0 0 0 12666060 0 0 0 
0 0 0 0 0 0 0 0 0 0 0 0 0 0 0 0 0 0 0 0 0 0 0 3 37050 0 0 1 0 0 66 0 0 7297164 13012023 11174596 0 0 0 12667281 0 0 0 0 
0 0 0 0 0 0 0 0 0 0 0 0 0 0 0 0 0 0 0 0 0 0 0 3 0 37049 37041 0 0 66 0 0 0 24189548 7297503 0 0 0 0 0 12666060 0 0 0 
0 0 0 0 0 0 0 0 0 0 0 0 0 0 0 0 0 0 0 0 0 0 0 3 37050 0 0 1 0 0 66 0 0 7297164 13012023 11174596 0 0 0 12667281 0 0 0 0 
0 0 0 0 0 0 0 0 0 0 0 0 0 0 0 0 0 0 0 0 0 0 0 3 0 37049 37041 0 0 66 0 0 0 24189548 7297503 0 0 0 0 0 12666060 0 0 0 
0 0 0 0 0 0 0 0 0 0 0 0 0 0 0 0 0 0 0 0 0 0 0 3 37050 0 0 1 0 0 66 0 0 7297164 13012023 11174596 0 0 0 12667281 0 0 0 0 
0 0 0 0 0 0 0 0 0 0 0 0 0 0 0 0 0 0 0 0 0 0 0 3 0 37049 37041 0 0 66 0 0 0 24189548 7297503 0 0 0 0 0 12666060 0 0 0 
0 0 0 0 0 0 0 0 0 0 0 0 0 0 0 0 0 0 0 0 0 0 0 3 37050 0 0 1 0 0 66 0 0 7297164 13012023 11174596 0 0 0 12667281 0 0 0 0 
0 0 0 0 0 0 0 0 0 0 0 0 0 0 0 0 0 0 0 0 0 0 0 3 0 37049 37041 0 0 66 0 0 0 24189548 7297503 0 0 0 0 0 12666060 0 0 0 
0 0 0 0 0 0 0 0 0 0 0 0 0 0 0 0 0 0 0 0 0 0 0 3 37050 0 0 1 0 0 66 0 0 7297164 13012023 11174596 0 0 0 12667281 0 0 0 0 
0 0 0 0 0 0 0 0 0 0 0 0 0 0 0 0 0 0 0 0 0 0 0 3 0 37049 37041 0 0 66 0 0 0 24189548 7297503 0 0 0 0 0 12666060 0 0 0 
0 0 0 0 0 0 0 0 0 0 0 0 0 0 0 0 0 0 0 0 0 0 0 3 37050 0 0 1 0 0 66 0 0 7297164 13012023 11174596 0 0 0 12667281 0 0 0 0 
0 0 0 0 0 0 0 0 0 0 0 0 0 0 0 0 0 0 0 0 0 0 0 3 0 37049 37041 0 0 66 0 0 0 24189548 7297503 0 0 0 0 0 12666060 0 0 0 
0 0 0 0 0 0 0 0 0 0 0 0 0 0 0 0 0 0 0 0 0 0 0 3 37050 0 0 1 0 0 66 0 0 7297164 13012023 11174596 0 0 0 12667281 0 0 0 0 
0 0 0 0 0 0 0 0 0 0 0 0 0 0 0 0 0 0 0 0 0 0 0 3 0 37049 37041 0 0 66 0 0 0 24189548 7297503 0 0 0 0 0 12666060 0 0 0 
0 0 0 0 0 0 0 0 0 0 0 0 0 0 0 0 0 0 0 0 0 0 0 3 37050 0 0 1 0 0 66 0 0 7297164 13012023 11174596 0 0 0 12667281 0 0 0 0 
0 0 0 0 0 0 0 0 0 0 0 0 0 0 0 0 0 0 0 0 0 0 0 3 0 37049 37041 0 0 66 0 0 0 24189548 7297503 0 0 0 0 0 12666060 0 0 0 
0 0 0 0 0 0 0 0 0 0 0 0 0 0 0 0 0 0 0 0 0 0 0 3 37050 0 0 1 0 0 66 0 0 7297164 13012023 11174596 0 0 0 12667281 0 0 0 0 
0 0 0 0 0 0 0 0 0 0 0 0 0 0 0 0 0 0 0 0 0 0 0 3 0 37049 37041 0 0 66 0 0 0 24189548 7297503 0 0 0 0 0 12666060 0 0 0 
0 0 0 0 0 0 0 0 0 0 0 0 0 0 0 0 0 0 0 0 0 0 0 3 37050 0 0 1 0 0 66 0 0 7297164 13012023 11174596 0 0 0 12667281 0 0 0 0 
0 0 0 0 0 0 0 0 0 0 0 0 0 0 0 0 0 0 0 0 0 0 0 3 0 37049 37041 0 0 66 0 0 0 24189548 7297503 0 0 0 0 0 12666060 0 0 0 
0 0 0 0 0 0 0 0 0 0 0 0 0 0 0 0 0 0 0 0 0 0 0 3 37050 0 0 1 0 0 66 0 0 7297164 13012023 11174596 0 0 0 12667281 0 0 0 0 
0 0 0 0 0 0 0 0 0 0 0 0 0 0 0 0 0 0 0 0 0 0 0 3 0 37049 37041 0 0 66 0 0 0 24189548 7297503 0 0 0 0 0 12666060 0 0 0 
0 0 0 0 0 0 0 0 0 0 0 0 0 0 0 0 0 0 0 0 0 0 0 3 37050 0 0 1 0 0 66 0 0 7297164 13012023 11174596 0 0 0 12667281 0 0 0 0 
0 0 0 0 0 0 0 0 0 0 0 0 0 0 0 0 0 0 0 0 0 0 0 3 0 37049 37041 0 0 66 0 0 0 24189548 7297503 0 0 0 0 0 12666060 0 0 0 
0 0 0 0 0 0 0 0 0 0 0 0 0 0 0 0 0 0 0 0 0 0 0 3 37050 0 0 1 0 0 66 0 0 7297164 13012023 11174596 0 0 0 12667281 0 0 0 0 
0 0 0 0 0 0 0 0 0 0 0 0 0 0 0 0 0 0 0 0 0 0 0 3 0 37049 37041 0 0 66 0 0 0 24189548 7297503 0 0 0 0 0 12666060 0 0 0 
0 0 0 0 0 0 0 0 0 0 0 0 0 0 0 0 0 0 0 0 0 0 0 3 37050 0 0 1 0 0 66 0 0 7297164 13012023 11174596 0 0 0 12667281 0 0 0 0 
0 0 0 0 0 0 0 0 0 0 0 0 0 0 0 0 0 0 0 0 0 0 0 3 0 37049 37041 0 0 66 0 0 0 24189548 7297503 0 0 0 0 0 12666060 0 0 0 
0 0 0 0 0 0 0 0 0 0 0 0 0 0 0 0 0 0 0 0 0 0 0 3 37050 0 0 1 0 0 66 0 0 7297164 13012023 11174596 0 0 0 12667281 0 0 0 0 
0 0 0 0 0 0 0 0 0 0 0 0 0 0 0 0 0 0 0 0 0 0 0 3 0 37049 37041 0 0 66 0 0 0 24189548 7297503 0 0 0 0 0 12666060 0 0 0 
0 0 0 0 0 0 0 0 0 0 0 0 0 0 0 0 0 0 0 0 0 0 0 3 37050 0 0 1 0 0 66 0 0 7297164 13012023 11174596 0 0 0 12667281 0 0 0 0 
0 0 0 0 0 0 0 0 0 0 0 0 0 0 0 0 0 0 0 0 0 0 0 3 0 37049 37041 0 0 66 0 0 0 24189548 7297503 0 0 0 0 0 12666060 0 0 0 
0 0 0 0 0 0 0 0 0 0 0 0 0 0 0 0 0 0 0 0 0 0 0 3 37050 0 0 1 0 0 66 0 0 7297164 13012023 11174596 0 0 0 12667281 0 0 0 0 
0 0 0 0 0 0 0 0 0 0 0 0 0 0 0 0 0 0 0 0 0 0 0 3 0 37049 37041 0 0 66 0 0 0 24189548 7297503 0 0 0 0 0 12666060 0 0 0 
0 0 0 0 0 0 0 0 0 0 0 0 0 0 0 0 0 0 0 0 0 0 0 3 37050 0 0 1 0 0 66 0 0 7297164 13012023 11174596 0 0 0 12667281 0 0 0 0 
0 0 0 0 0 0 0 0 0 0 0 0 0 0 0 0 0 0 0 0 0 0 0 3 0 37049 37041 0 0 66 0 0 0 24189548 7297503 0 0 0 0 0 12666060 0 0 0 
0 0 0 0 0 0 0 0 0 0 0 0 0 0 0 0 0 0 0 0 0 0 0 3 37050 0 0 1 0 0 66 0 0 7297164 13012023 11174596 0 0 0 12667281 0 0 0 0 
0 0 0 0 0 0 0 0 0 0 0 0 0 0 0 0 0 0 0 0 0 0 0 3 0 37049 37041 0 0 66 0 0 0 24189548 7297503 0 0 0 0 0 12666060 0 0 0 
0 0 0 0 0 0 0 0 0 0 0 0 0 0 0 0 0 0 0 0 0 0 0 3 37050 0 0 1 0 0 66 0 0 7297164 13012023 11174596 0 0 0 12667281 0 0 0 0 
0 0 0 0 0 0 0 0 0 0 0 0 0 0 0 0 0 0 0 0 0 0 0 3 0 37049 37041 0 0 66 0 0 0 24189548 7297503 0 0 0 0 0 12666060 0 0 0 
0 0 0 0 0 0 0 0 0 0 0 0 0 0 0 0 0 0 0 0 0 0 0 3 37050 0 0 1 0 0 66 0 0 7297164 13012023 11174596 0 0 0 12667281 0 0 0 0 
0 0 0 0 0 0 0 0 0 0 0 0 0 0 0 0 0 0 0 0 0 0 0 3 0 37049 37041 0 0 66 0 0 0 24189548 7297503 0 0 0 0 0 12666060 0 0 0 
0 0 0 0 0 0 0 0 0 0 0 0 0 0 0 0 0 0 0 0 0 0 0 3 37050 0 0 1 0 0 66 0 0 7297164 13012023 11174596 0 0 0 12667281 0 0 0 0 
0 0 0 0 0 0 0 0 0 0 0 0 0 0 0 0 0 0 0 0 0 0 0 3 0 37049 37041 0 0 66 0 0 0 24189548 7297503 0 0 0 0 0 12666060 0 0 0 
0 0 0 0 0 0 0 0 0 0 0 0 0 0 0 0 0 0 0 0 0 0 0 3 37050 0 0 1 0 0 66 0 0 7297164 13012023 11174596 0 0 0 12667281 0 0 0 0 
0 0 0 0 0 0 0 0 0 0 0 0 0 0 0 0 0 0 0 0 0 0 0 3 0 37049 37041 0 0 66 0 0 0 24189548 7297503 0 0 0 0 0 12666060 0 0 0 
0 0 0 0 0 0 0 0 0 0 0 0 0 0 0 0 0 0 0 0 0 0 0 3 37050 0 0 1 0 0 66 0 0 7297164 13012023 11174596 0 0 0 12667281 0 0 0 0 
0 0 0 0 0 0 0 0 0 0 0 0 0 0 0 0 0 0 0 0 0 0 0 3 0 37049 37041 0 0 66 0 0 0 24189548 7297503 0 0 0 0 0 12666060 0 0 0 
0 0 0 0 0 0 0 0 0 0 0 0 0 0 0 0 0 0 0 0 0 0 0 3 37050 0 0 1 0 0 66 0 0 7297164 13012023 11174596 0 0 0 12667281 0 0 0 0 
0 0 0 0 0 0 0 0 0 0 0 0 0 0 0 0 0 0 0 0 0 0 0 3 0 37049 37041 0 0 66 0 0 0 24189548 7297503 0 0 0 0 0 12666060 0 0 0 
0 0 0 0 0 0 0 0 0 0 0 0 0 0 0 0 0 0 0 0 0 0 0 3 37050 0 0 1 0 0 66 0 0 7297164 13012023 11174596 0 0 0 12667281 0 0 0 0 
0 0 0 0 0 0 0 0 0 0 0 0 0 0 0 0 0 0 0 0 0 0 0 3 0 37049 37041 0 0 66 0 0 0 24189548 7297503 0 0 0 0 0 12666060 0 0 0 
0 0 0 0 0 0 0 0 0 0 0 0 0 0 0 0 0 0 0 0 0 0 0 3 37050 0 0 1 0 0 66 0 0 7297164 13012023 11174596 0 0 0 12667281 0 0 0 0 
0 0 0 0 0 0 0 0 0 0 0 0 0 0 0 0 0 0 0 0 0 0 0 3 0 37049 37041 0 0 66 0 0 0 24189548 7297503 0 0 0 0 0 12666060 0 0 0 
0 0 0 0 0 0 0 0 0 0 0 0 0 0 0 0 0 0 0 0 0 0 0 3 37050 0 0 1 0 0 66 0 0 7297164 13012023 11174596 0 0 0 12667281 0 0 0 0 
0 0 0 0 0 0 0 0 0 0 0 0 0 0 0 0 0 0 0 0 0 0 0 3 0 37049 37041 0 0 66 0 0 0 24189548 7297503 0 0 0 0 0 12666060 0 0 0 
0 0 0 0 0 0 0 0 0 0 0 0 0 0 0 0 0 0 0 0 0 0 0 3 37050 0 0 1 0 0 66 0 0 7297164 13012023 11174596 0 0 0 12667281 0 0 0 0 
0 0 0 0 0 0 0 0 0 0 0 0 0 0 0 0 0 0 0 0 0 0 0 3 0 37049 37041 0 0 66 0 0 0 24189548 7297503 0 0 0 0 0 12666060 0 0 0 
0 0 0 0 0 0 0 0 0 0 0 0 0 0 0 0 0 0 0 0 0 0 0 3 37050 0 0 1 0 0 66 0 0 7297164 13012023 11174596 0 0 0 12667281 0 0 0 0 
0 0 0 0 0 0 0 0 0 0 0 0 0 0 0 0 0 0 0 0 0 0 0 3 0 37049 37041 0 0 66 0 0 0 24189548 7297503 0 0 0 0 0 12666060 0 0 0 
0 0 0 0 0 0 0 0 0 0 0 0 0 0 0 0 0 0 0 0 0 0 0 3 37050 0 0 1 0 0 66 0 0 7297164 13012023 11174596 0 0 0 12667281 0 0 0 0 
0 0 0 0 0 0 0 0 0 0 0 0 0 0 0 0 0 0 0 0 0 0 0 3 0 37049 37041 0 0 66 0 0 0 24189548 7297503 0 0 0 0 0 12666060 0 0 0 
0 0 0 0 0 0 0 0 0 0 0 0 0 0 0 0 0 0 0 0 0 0 0 3 37050 0 0 1 0 0 66 0 0 7297164 13012023 11174596 0 0 0 12667281 0 0 0 0 
0 0 0 0 0 0 0 0 0 0 0 0 0 0 0 0 0 0 0 0 0 0 0 3 0 37049 37041 0 0 66 0 0 0 24189548 7297503 0 0 0 0 0 12666060 0 0 0 
0 0 0 0 0 0 0 0 0 0 0 0 0 0 0 0 0 0 0 0 0 0 0 3 37050 0 0 1 0 0 66 0 0 7297164 13012023 11174596 0 0 0 12667281 0 0 0 0 
0 0 0 0 0 0 0 0 0 0 0 0 0 0 0 0 0 0 0 0 0 0 0 3 0 37049 37041 0 0 66 0 0 0 24189548 7297503 0 0 0 0 0 12666060 0 0 0 
0 0 0 0 0 0 0 0 0 0 0 0 0 0 0 0 0 0 0 0 0 0 0 3 37050 0 0 1 0 0 66 0 0 7297164 13012023 11174596 0 0 0 12667281 0 0 0 0 
0 0 0 0 0 0 0 0 0 0 0 0 0 0 0 0 0 0 0 0 0 0 0 3 0 37049 37041 0 0 66 0 0 0 24189548 7297503 0 0 0 0 0 12666060 0 0 0 
0 0 0 0 0 0 0 0 0 0 0 0 0 0 0 0 0 0 0 0 0 0 0 3 37050 0 0 1 0 0 66 0 0 7297164 13012023 11174596 0 0 0 12667281 0 0 0 0 
0 0 0 0 0 0 0 0 0 0 0 0 0 0 0 0 0 0 0 0 0 0 0 3 0 37049 37041 0 0 66 0 0 0 24189548 7297503 0 0 0 0 0 12666060 0 0 0 
0 0 0 0 0 0 0 0 0 0 0 0 0 0 0 0 0 0 0 0 0 0 0 3 37050 0 0 1 0 0 66 0 0 7297164 13012023 11174596 0 0 0 12667281 0 0 0 0 
0 0 0 0 0 0 0 0 0 0 0 0 0 0 0 0 0 0 0 0 0 0 0 3 0 37049 37041 0 0 66 0 0 0 24189548 7297503 0 0 0 0 0 12666060 0 0 0 
0 0 0 0 0 0 0 0 0 0 0 0 0 0 0 0 0 0 0 0 0 0 0 3 37050 0 0 1 0 0 66 0 0 7297164 13012023 11174596 0 0 0 12667281 0 0 0 0 
0 0 0 0 0 0 0 0 0 0 0 0 0 0 0 0 0 0 0 0 0 0 0 3 0 37049 37041 0 0 66 0 0 0 24189548 7297503 0 0 0 0 0 12666060 0 0 0 
0 0 0 0 0 0 0 0 0 0 0 0 0 0 0 0 0 0 0 0 0 0 0 3 37050 0 0 1 0 0 66 0 0 7297164 13012023 11174596 0 0 0 12667281 0 0 0 0 
0 0 0 0 0 0 0 0 0 0 0 0 0 0 0 0 0 0 0 0 0 0 0 3 0 37049 37041 0 0 66 0 0 0 24189548 7297503 0 0 0 0 0 12666060 0 0 0 
0 0 0 0 0 0 0 0 0 0 0 0 0 0 0 0 0 0 0 0 0 0 0 3 37050 0 0 1 0 0 66 0 0 7297164 13012023 11174596 0 0 0 12667281 0 0 0 0 
0 0 0 0 0 0 0 0 0 0 0 0 0 0 0 0 0 0 0 0 0 0 0 3 0 37049 37041 0 0 66 0 0 0 24189548 7297503 0 0 0 0 0 12666060 0 0 0 
0 0 0 0 0 0 0 0 0 0 0 0 0 0 0 0 0 0 0 0 0 0 0 3 37050 0 0 1 0 0 66 0 0 7297164 13012023 11174596 0 0 0 12667281 0 0 0 0 
0 0 0 0 0 0 0 0 0 0 0 0 0 0 0 0 0 0 0 0 0 0 0 3 0 37049 37041 0 0 66 0 0 0 24189548 7297503 0 0 0 0 0 12666060 0 0 0 
0 0 0 0 0 0 0 0 0 0 0 0 0 0 0 0 0 0 0 0 0 0 0 3 37050 0 0 1 0 0 66 0 0 7297164 13012023 11174596 0 0 0 12667281 0 0 0 0 
0 0 0 0 0 0 0 0 0 0 0 0 0 0 0 0 0 0 0 0 0 0 0 3 0 37049 37041 0 0 66 0 0 0 24189548 7297503 0 0 0 0 0 12666060 0 0 0 
0 0 0 0 0 0 0 0 0 0 0 0 0 0 0 0 0 0 0 0 0 0 0 3 37050 0 0 1 0 0 66 0 0 7297164 13012023 11174596 0 0 0 12667281 0 0 0 0 
0 0 0 0 0 0 0 0 0 0 0 0 0 0 0 0 0 0 0 0 0 0 0 3 0 37049 37041 0 0 66 0 0 0 24189548 7297503 0 0 0 0 0 12666060 0 0 0 
0 0 0 0 0 0 0 0 0 0 0 0 0 0 0 0 0 0 0 0 0 0 0 3 37050 0 0 1 0 0 66 0 0 7297164 13012023 11174596 0 0 0 12667281 0 0 0 0 
0 0 0 0 0 0 0 0 0 0 0 0 0 0 0 0 0 0 0 0 0 0 0 3 0 37049 37041 0 0 66 0 0 0 24189548 7297503 0 0 0 0 0 12666060 0 0 0 
0 0 0 0 0 0 0 0 0 0 0 0 0 0 0 0 0 0 0 0 0 0 0 3 37050 0 0 1 0 0 66 0 0 7297164 13012023 11174596 0 0 0 12667281 0 0 0 0 
0 0 0 0 0 0 0 0 0 0 0 0 0 0 0 0 0 0 0 0 0 0 0 3 0 37049 37041 0 0 66 0 0 0 24189548 7297503 0 0 0 0 0 12666060 0 0 0 
0 0 0 0 0 0 0 0 0 0 0 0 0 0 0 0 0 0 0 0 0 0 0 3 37050 0 0 1 0 0 66 0 0 7297164 13012023 11174596 0 0 0 12667281 0 0 0 0 
0 0 0 0 0 0 0 0 0 0 0 0 0 0 0 0 0 0 0 0 0 0 0 3 0 37049 37041 0 0 66 0 0 0 24189548 7297503 0 0 0 0 0 12666060 0 0 0 
0 0 0 0 0 0 0 0 0 0 0 0 0 0 0 0 0 0 0 0 0 0 0 3 37050 0 0 1 0 0 66 0 0 7297164 13012023 11174596 0 0 0 12667281 0 0 0 0 
0 0 0 0 0 0 0 0 0 0 0 0 0 0 0 0 0 0 0 0 0 0 0 3 0 37049 37041 0 0 66 0 0 0 24189548 7297503 0 0 0 0 0 12666060 0 0 0 
0 0 0 0 0 0 0 0 0 0 0 0 0 0 0 0 0 0 0 0 0 0 0 3 37050 0 0 1 0 0 66 0 0 7297164 13012023 11174596 0 0 0 12667281 0 0 0 0 
0 0 0 0 0 0 0 0 0 0 0 0 0 0 0 0 0 0 0 0 0 0 0 3 0 37049 37041 0 0 66 0 0 0 24189548 7297503 0 0 0 0 0 12666060 0 0 0 
0 0 0 0 0 0 0 0 0 0 0 0 0 0 0 0 0 0 0 0 0 0 0 3 37050 0 0 1 0 0 66 0 0 7297164 13012023 11174596 0 0 0 12667281 0 0 0 0 
0 0 0 0 0 0 0 0 0 0 0 0 0 0 0 0 0 0 0 0 0 0 0 3 0 37049 37041 0 0 66 0 0 0 24189548 7297503 0 0 0 0 0 12666060 0 0 0 
0 0 0 0 0 0 0 0 0 0 0 0 0 0 0 0 0 0 0 0 0 0 0 3 37050 0 0 1 0 0 66 0 0 7297164 13012023 11174596 0 0 0 12667281 0 0 0 0 
0 0 0 0 0 0 0 0 0 0 0 0 0 0 0 0 0 0 0 0 0 0 0 3 0 37049 37041 0 0 66 0 0 0 24189548 7297503 0 0 0 0 0 12666060 0 0 0 
0 0 0 0 0 0 0 0 0 0 0 0 0 0 0 0 0 0 0 0 0 0 0 3 37050 0 0 1 0 0 66 0 0 7297164 13012023 11174596 0 0 0 12667281 0 0 0 0 
0 0 0 0 0 0 0 0 0 0 0 0 0 0 0 0 0 0 0 0 0 0 0 3 0 37049 37041 0 0 66 0 0 0 24189548 7297503 0 0 0 0 0 12666060 0 0 0 
0 0 0 0 0 0 0 0 0 0 0 0 0 0 0 0 0 0 0 0 0 0 0 3 37050 0 0 1 0 0 66 0 0 7297164 13012023 11174596 0 0 0 12667281 0 0 0 0 
0 0 0 0 0 0 0 0 0 0 0 0 0 0 0 0 0 0 0 0 0 0 0 3 0 37049 37041 0 0 66 0 0 0 24189548 7297503 0 0 0 0 0 12666060 0 0 0 
0 0 0 0 0 0 0 0 0 0 0 0 0 0 0 0 0 0 0 0 0 0 0 3 37050 0 0 1 0 0 66 0 0 7297164 13012023 11174596 0 0 0 12667281 0 0 0 0 
0 0 0 0 0 0 0 0 0 0 0 0 0 0 0 0 0 0 0 0 0 0 0 3 0 37049 37041 0 0 66 0 0 0 24189548 7297503 0 0 0 0 0 12666060 0 0 0 
0 0 0 0 0 0 0 0 0 0 0 0 0 0 0 0 0 0 0 0 0 0 0 3 37050 0 0 1 0 0 66 0 0 7297164 13012023 11174596 0 0 0 12667281 0 0 0 0 
0 0 0 0 0 0 0 0 0 0 0 0 0 0 0 0 0 0 0 0 0 0 0 3 0 37049 37041 0 0 66 0 0 0 24189548 7297503 0 0 0 0 0 12666060 0 0 0 
0 0 0 0 0 0 0 0 0 0 0 0 0 0 0 0 0 0 0 0 0 0 0 3 37050 0 0 1 0 0 66 0 0 7297164 13012023 11174596 0 0 0 12667281 0 0 0 0 
0 0 0 0 0 0 0 0 0 0 0 0 0 0 0 0 0 0 0 0 0 0 0 3 0 37049 37041 0 0 66 0 0 0 24189548 7297503 0 0 0 0 0 12666060 0 0 0 
0 0 0 0 0 0 0 0 0 0 0 0 0 0 0 0 0 0 0 0 0 0 0 3 37050 0 0 1 0 0 66 0 0 7297164 13012023 11174596 0 0 0 12667281 0 0 0 0 
0 0 0 0 0 0 0 0 0 0 0 0 0 0 0 0 0 0 0 0 0 0 0 3 0 37049 37041 0 0 66 0 0 0 24189548 7297503 0 0 0 0 0 12666060 0 0 0 
0 0 0 0 0 0 0 0 0 0 0 0 0 0 0 0 0 0 0 0 0 0 0 3 37050 0 0 1 0 0 66 0 0 7297164 13012023 11174596 0 0 0 12667281 0 0 0 0 
0 0 0 0 0 0 0 0 0 0 0 0 0 0 0 0 0 0 0 0 0 0 0 3 0 37049 37041 0 0 66 0 0 0 24189548 7297503 0 0 0 0 0 12666060 0 0 0 
0 0 0 0 0 0 0 0 0 0 0 0 0 0 0 0 0 0 0 0 0 0 0 3 37050 0 0 1 0 0 66 0 0 7297164 13012023 11174596 0 0 0 12667281 0 0 0 0 
0 0 0 0 0 0 0 0 0 0 0 0 0 0 0 0 0 0 0 0 0 0 0 3 0 37049 37041 0 0 66 0 0 0 24189548 7297503 0 0 0 0 0 12666060 0 0 0 
0 0 0 0 0 0 0 0 0 0 0 0 0 0 0 0 0 0 0 0 0 0 0 3 37050 0 0 1 0 0 66 0 0 7297164 13012023 11174596 0 0 0 12667281 0 0 0 0 
0 0 0 0 0 0 0 0 0 0 0 0 0 0 0 0 0 0 0 0 0 0 0 3 0 37049 37041 0 0 66 0 0 0 24189548 7297503 0 0 0 0 0 12666060 0 0 0 
0 0 0 0 0 0 0 0 0 0 0 0 0 0 0 0 0 0 0 0 0 0 0 3 37050 0 0 1 0 0 66 0 0 7297164 13012023 11174596 0 0 0 12667281 0 0 0 0 
0 0 0 0 0 0 0 0 0 0 0 0 0 0 0 0 0 0 0 0 0 0 0 3 0 37049 37041 0 0 66 0 0 0 24189548 7297503 0 0 0 0 0 12666060 0 0 0 
0 0 0 0 0 0 0 0 0 0 0 0 0 0 0 0 0 0 0 0 0 0 0 3 37050 0 0 1 0 0 66 0 0 7297164 13012023 11174596 0 0 0 12667281 0 0 0 0 
0 0 0 0 0 0 0 0 0 0 0 0 0 0 0 0 0 0 0 0 0 0 0 3 0 37049 37041 0 0 66 0 0 0 24189548 7297503 0 0 0 0 0 12666060 0 0 0 
0 0 0 0 0 0 0 0 0 0 0 0 0 0 0 0 0 0 0 0 0 0 0 3 37050 0 0 1 0 0 66 0 0 7297164 13012023 11174596 0 0 0 12667281 0 0 0 0 
0 0 0 0 0 0 0 0 0 0 0 0 0 0 0 0 0 0 0 0 0 0 0 3 0 37049 37041 0 0 66 0 0 0 24189548 7297503 0 0 0 0 0 12666060 0 0 0 
0 0 0 0 0 0 0 0 0 0 0 0 0 0 0 0 0 0 0 0 0 0 0 3 37050 0 0 1 0 0 66 0 0 7297164 13012023 11174596 0 0 0 12667281 0 0 0 0 
0 0 0 0 0 0 0 0 0 0 0 0 0 0 0 0 0 0 0 0 0 0 0 3 0 37049 37041 0 0 66 0 0 0 24189548 7297503 0 0 0 0 0 12666060 0 0 0 
0 0 0 0 0 0 0 0 0 0 0 0 0 0 0 0 0 0 0 0 0 0 0 3 37050 0 0 1 0 0 66 0 0 7297164 13012023 11174596 0 0 0 12667281 0 0 0 0 
0 0 0 0 0 0 0 0 0 0 0 0 0 0 0 0 0 0 0 0 0 0 0 3 0 37049 37041 0 0 66 0 0 0 24189548 7297503 0 0 0 0 0 12666060 0 0 0 
0 0 0 0 0 0 0 0 0 0 0 0 0 0 0 0 0 0 0 0 0 0 0 3 37050 0 0 1 0 0 66 0 0 7297164 13012023 11174596 0 0 0 12667281 0 0 0 0 
0 0 0 0 0 0 0 0 0 0 0 0 0 0 0 0 0 0 0 0 0 0 0 3 0 37049 37041 0 0 66 0 0 0 24189548 7297503 0 0 0 0 0 12666060 0 0 0 
0 0 0 0 0 0 0 0 0 0 0 0 0 0 0 0 0 0 0 0 0 0 0 3 37050 0 0 1 0 0 66 0 0 7297164 13012023 11174596 0 0 0 12667281 0 0 0 0 
0 0 0 0 0 0 0 0 0 0 0 0 0 0 0 0 0 0 0 0 0 0 0 3 0 37049 37041 0 0 66 0 0 0 24189548 7297503 0 0 0 0 0 12666060 0 0 0 
0 0 0 0 0 0 0 0 0 0 0 0 0 0 0 0 0 0 0 0 0 0 0 3 37050 0 0 1 0 0 66 0 0 7297164 13012023 11174596 0 0 0 12667281 0 0 0 0 
0 0 0 0 0 0 0 0 0 0 0 0 0 0 0 0 0 0 0 0 0 0 0 3 0 37049 37041 0 0 66 0 0 0 24189548 7297503 0 0 0 0 0 12666060 0 0 0 
0 0 0 0 0 0 0 0 0 0 0 0 0 0 0 0 0 0 0 0 0 0 0 3 37050 0 0 1 0 0 66 0 0 7297164 13012023 11174596 0 0 0 12667281 0 0 0 0 
0 0 0 0 0 0 0 0 0 0 0 0 0 0 0 0 0 0 0 0 0 0 0 3 0 37049 37041 0 0 66 0 0 0 24189548 7297503 0 0 0 0 0 12666060 0 0 0 
0 0 0 0 0 0 0 0 0 0 0 0 0 0 0 0 0 0 0 0 0 0 0 3 37050 0 0 1 0 0 66 0 0 7297164 13012023 11174596 0 0 0 12667281 0 0 0 0 
0 0 0 0 0 0 0 0 0 0 0 0 0 0 0 0 0 0 0 0 0 0 0 3 0 37049 37041 0 0 66 0 0 0 24189548 7297503 0 0 0 0 0 12666060 0 0 0 
0 0 0 0 0 0 0 0 0 0 0 0 0 0 0 0 0 0 0 0 0 0 0 3 37050 0 0 1 0 0 66 0 0 7297164 13012023 11174596 0 0 0 12667281 0 0 0 0 
0 0 0 0 0 0 0 0 0 0 0 0 0 0 0 0 0 0 0 0 0 0 0 3 0 37049 37041 0 0 66 0 0 0 24189548 7297503 0 0 0 0 0 12666060 0 0 0 
0 0 0 0 0 0 0 0 0 0 0 0 0 0 0 0 0 0 0 0 0 0 0 3 37050 0 0 1 0 0 66 0 0 7297164 13012023 11174596 0 0 0 12667281 0 0 0 0 
0 0 0 0 0 0 0 0 0 0 0 0 0 0 0 0 0 0 0 0 0 0 0 3 0 37049 37041 0 0 66 0 0 0 24189548 7297503 0 0 0 0 0 12666060 0 0 0 
0 0 0 0 0 0 0 0 0 0 0 0 0 0 0 0 0 0 0 0 0 0 0 3 37050 0 0 1 0 0 66 0 0 7297164 13012023 11174596 0 0 0 12667281 0 0 0 0 
