1.97499
1.100177
1.95671
1.96655
1.101031
1.98258
1.99494
1.98974
1.93885
1.97115
1.96992
1.98186
1.96385
1.97517
1.95412
1.96256
1.99528
1.93950
1.101897
1.99150
1.96405
1.98447
1.99475
1.97912
1.98974
1.107376
1.109974
1.98539
1.118726
1.93799
1.99983
1.97047
1.95200
1.100782
1.99206
1.99332
1.112728
1.99530
1.94526
1.97948
1.92317
1.98837
1.99043
1.98112
1.108321
1.101630
1.96365
1.106150
1.101308
1.95208
1.97342
1.100674
1.99672
1.107455
1.100059
1.109223
1.97578
1.100246
1.99304
1.100238
1.98797
1.93117
1.98781
1.99051
1.106059
1.99713
1.101070
1.101053
1.106179
1.99468
1.98408
1.99522
1.95808
1.93480
1.98631
1.98032
1.97422
1.102158
1.89471
1.95207
1.98289
1.95065
1.100347
1.101600
1.98947
1.107951
1.99797
1.96597
1.99232
1.101139
1.95477
1.101516
1.97849
1.95703
1.101294
1.99757
1.96277
1.99429
1.98486
1.93714
