1.42411
1.37930
1.39240
1.44399
1.39164
1.39827
1.33167
1.66781
1.104520
1.46885
1.41002
1.41335
1.34678
1.39701
1.37541
1.36472
1.40652
1.39789
1.50844
1.39373
1.37870
1.46259
1.38747
1.39159
1.39414
1.35749
1.39642
1.37244
1.40004
1.38745
1.53358
1.88672
1.39366
1.34981
1.49536
1.39912
1.32455
1.39179
1.38932
1.34092
1.39867
1.43834
1.33893
1.36766
1.39736
1.35842
1.38727
1.38729
1.35478
1.33964
1.52807
1.38123
1.37619
1.39433
1.37854
1.39464
1.39701
1.40818
1.38522
1.39094
1.37404
1.49750
1.39163
1.38654
1.36240
1.39462
1.38275
1.33458
1.38403
1.40348
1.36553
1.38849
1.36918
1.34775
1.42128
1.40108
1.54307
1.39458
1.46240
1.51481
1.39775
1.39822
1.41996
1.39740
1.39419
1.35792
1.38897
1.39112
1.33889
1.36712
1.38843
1.34208
1.38685
1.38914
1.35358
1.37383
1.38663
1.35461
1.35505
1.39012
