1.1196
1.4566
0.993450
1.4321
1.4523
1.11933
0.996809
1.6882
0.998777
0.994787
0.996909
1.3836
0.993837
1.5694
0.997714
0.995075
0.995952
0.997783
0.997374
1.326
1.1972
0.994420
1.6175
0.995393
0.997847
1.11376
0.994366
1.9866
0.994228
0.995614
0.995800
1.1454
1.284
1.646
1.893
1.6039
1.770
0.993762
1.4534
0.996186
1.2760
1.10890
1.5064
0.994284
1.706
1.4212
0.997414
0.997140
1.9448
1.56258
1.6368
0.994996
0.999360
0.995061
0.995453
0.995012
1.8765
1.927
0.997715
0.994604
1.4832
0.995445
0.994141
1.1061
1.9750
1.13169
0.989613
0.995702
0.999563
1.21827
0.997553
0.997926
0.995794
1.6804
1.2144
0.994774
1.4858
0.995722
1.4857
0.995652
0.995197
0.995178
1.604
1.35327
1.3607
1.12256
1.14508
1.5392
0.998126
0.997753
1.10222
0.994252
1.10255
0.997118
1.4731
0.996652
0.996092
0.994859
0.995726
0.996687
