0.999577
1.2159
0.997011
0.997299
0.997958
0.996177
1.1931
1.600
1.376
1.2346
0.999541
1.20885
0.998413
1.1800
1.3352
0.996046
0.998770
0.998850
0.996030
0.999024
1.4978
0.995554
1.7885
0.999964
0.999833
1.834
0.999057
0.996333
0.996400
1.6427
1.53856
0.998459
0.999979
0.999645
0.995363
1.468
1.3768
0.997184
0.999625
0.999259
0.994367
1.3506
1.5590
0.996874
1.12512
0.997350
0.994379
0.998210
1.180
0.999445
0.997497
1.3810
0.998797
0.998373
0.999885
0.998983
0.996201
0.998475
1.3187
1.13935
1.1080
1.1606
1.1958
0.997637
1.38051
0.995891
1.15093
1.720
0.995211
0.995246
1.9666
0.996467
0.997654
0.999883
1.9320
1.2926
1.3245
1.7273
1.14305
1.631
0.999466
1.10572
0.999039
1.1900
0.996689
1.3412
0.999364
0.994191
0.996676
1.416
0.996319
0.998220
0.999237
0.998954
0.997560
1.15756
1.4086
1.17046
1.1080
1.6610
