0.993204
1.1897
1.4168
0.997767
0.993893
0.999576
0.995257
1.7748
0.992709
0.994410
1.6818
1.4325
0.999634
0.997503
0.993784
1.14108
1.6489
0.994986
0.995921
1.2270
0.997120
0.994350
0.992218
1.2448
0.997522
0.996173
0.993800
0.999869
0.992968
1.3267
0.994101
0.994244
1.2123
0.996060
0.994477
1.12372
1.525
0.995631
1.3593
0.994251
0.996064
1.7546
1.6353
0.992059
0.990902
0.993496
1.4264
1.8876
1.55825
0.993917
1.5707
0.995724
1.7547
1.1725
0.996276
1.5574
1.2928
0.999317
0.995287
0.993963
0.991955
0.993135
1.8808
0.996278
0.994570
0.993120
0.992108
0.999770
0.995204
0.992990
0.997222
1.7092
0.993158
1.1829
1.1040
0.994303
1.2628
0.994244
1.8299
0.999521
1.46455
1.604
1.2778
1.51239
0.998254
0.990905
1.1785
0.999262
0.994621
0.993746
1.3382
0.995189
0.994126
1.10404
0.994517
1.5560
1.10612
0.993268
0.994190
1.9349
