1.16267
1.11851
1.17813
1.16007
1.13672
1.13956
1.14903
1.13903
1.20047
1.23286
1.12851
1.12424
1.16366
1.11706
1.16636
1.27331
1.13979
1.17868
1.16460
1.19471
1.18000
1.16626
1.32290
1.26485
1.16845
1.21346
1.13398
1.15446
1.18499
1.18143
1.14369
1.14475
1.17488
1.16295
1.18136
1.10630
1.25902
1.13705
1.14270
1.7493
1.18214
1.12482
1.20802
1.17526
1.15703
1.14611
1.17221
1.23975
1.13498
1.16101
1.26890
1.13698
1.16957
1.15879
1.11484
1.16129
1.16689
1.18583
1.15429
1.16370
1.10671
1.28101
1.17319
1.14977
1.18267
1.17369
1.14351
1.14815
1.18031
1.14175
1.15928
1.14072
1.23884
1.14569
1.16974
1.16462
1.15486
1.15348
1.15694
1.31988
1.16967
1.16750
1.30331
1.15541
1.13860
1.11108
1.15789
1.18239
1.12744
1.13080
1.15133
1.12641
1.15909
1.18124
1.13191
1.14846
1.17039
1.14916
1.16003
1.16425
