1.4984
1.8274
1.20168
1.7818
1.4986
1.1792
1.5109
1.12417
1.3752
1.12317
1.4414
1.12804
1.11063
1.7677
1.2044
1.27069
1.7100
1.4335
1.5021
1.9456
1.5263
1.4286
1.5781
1.2353
1.2824
1.6177
1.21877
1.2680
1.9375
1.3080
1.2590
1.40148
1.7231
1.10466
1.9596
1.4540
1.6057
1.6863
1.8137
1.2662
1.9831
1.4778
1.2598
1.6201
1.15494
1.52405
1.2421
1.9733
1.63614
1.4361
1.6873
1.16190
1.988
1.4775
1.4596
1.8812
1.7478
1.6868
1.5236
1.56897
1.5578
1.2407
1.12922
1.6737
1.1493
1.2000
1.5441
1.4957
1.9096
1.6791
1.2839
0.994830
1.4779
1.30172
1.23046
1.6378
1.4935
1.1181
1.5179
1.4877
1.17137
1.6950
1.4358
1.2405
1.11655
1.7642
1.5387
1.13715
1.4146
1.2094
1.2274
1.7054
1.5343
1.6885
1.4089
1.20343
1.5918
1.5695
1.6466
1.3301
