0.999357
0.997870
0.994864
0.995460
1.7199
0.995390
1.11707
1.3980
0.995460
0.995435
0.996508
0.996988
0.996929
1.1322
0.998192
0.993813
0.997104
1.1191
0.998604
0.998736
1.18185
0.994248
0.999390
0.998441
0.994892
1.5713
0.997260
0.996147
0.998171
1.4551
0.996554
0.995913
0.997739
1.4038
0.997124
0.998755
1.4183
0.994925
0.998246
0.996546
0.995008
1.2045
1.1784
0.992851
0.995171
0.997304
0.993741
0.996384
0.998970
0.998114
0.997422
0.997260
1.9844
1.465
0.999045
1.5543
0.996316
0.997272
0.997989
1.2609
0.998531
0.999420
0.997626
1.5550
0.997806
0.998883
0.996653
0.998641
0.997176
0.994921
0.999849
0.998974
0.996155
0.999442
0.999529
1.2921
1.2003
0.999547
1.10478
0.998679
0.997829
0.993849
0.999371
0.997648
0.995556
1.2915
0.996707
0.994438
0.999107
0.999703
1.2000
0.991883
0.997756
1.15358
0.995213
0.999654
0.999966
0.994084
1.4985
0.997329
