1.3149
1.2628
0.999700
1.3098
1.2107
0.996582
1.9968
1.2138
1.2538
1.2996
0.999874
0.999379
1.2791
1.10201
1.9111
1.431
1.2331
1.11878
0.999453
1.2453
1.2540
1.975
1.49255
1.3705
1.3621
1.96
1.3232
0.997823
1.13807
1.843
1.33767
1.3320
1.9286
0.999878
1.2597
1.61765
1.3691
1.43
1.2367
1.15015
0.997336
1.217
1.3025
0.999564
1.3031
1.2682
0.998794
1.55501
1.2165
0.999116
1.6308
1.1321
0.998084
1.1992
1.2444
0.999408
1.1035
1.683
1.329
0.999662
1.3461
1.7597
1.1412
1.2054
1.760
1.9556
1.2909
1.4607
1.110
1.1885
0.993192
0.995956
1.11574
1.2885
0.997870
1.2400
1.17437
1.2431
1.619
1.3496
1.5692
1.5490
1.1115
1.9421
0.998464
1.2949
1.3332
1.8409
1.8272
1.1712
1.6330
1.1375
1.5530
0.997774
1.795
1.2166
0.999957
0.999833
1.13905
1.588
