0 0 0 0 0 0 0 0 0 0 0 0 0 0 0 0 0 0 0 0 0 0 0 3 0 12836 12832 0 0 36 0 0 0 12577088 3926640 0 0 0 0 0 6552794 0 0 0 
0 0 0 0 0 0 0 0 0 0 0 0 0 0 0 0 0 0 0 0 0 0 0 3 12835 0 0 0 0 0 36 0 0 3926534 6836940 5739107 0 0 0 6553301 0 0 0 0 
0 0 0 0 0 0 0 0 0 0 0 0 0 0 0 0 0 0 0 0 0 0 0 3 0 12836 12832 0 0 36 0 0 0 12577088 3926640 0 0 0 0 0 6552794 0 0 0 
0 0 0 0 0 0 0 0 0 0 0 0 0 0 0 0 0 0 0 0 0 0 0 3 12835 0 0 0 0 0 36 0 0 3926534 6836940 5739107 0 0 0 6553301 0 0 0 0 
0 0 0 0 0 0 0 0 0 0 0 0 0 0 0 0 0 0 0 0 0 0 0 3 0 12836 12832 0 0 36 0 0 0 12577088 3926640 0 0 0 0 0 6552794 0 0 0 
0 0 0 0 0 0 0 0 0 0 0 0 0 0 0 0 0 0 0 0 0 0 0 3 12835 0 0 0 0 0 36 0 0 3926534 6836940 5739107 0 0 0 6553301 0 0 0 0 
0 0 0 0 0 0 0 0 0 0 0 0 0 0 0 0 0 0 0 0 0 0 0 3 0 12836 12832 0 0 36 0 0 0 12577088 3926640 0 0 0 0 0 6552794 0 0 0 
0 0 0 0 0 0 0 0 0 0 0 0 0 0 0 0 0 0 0 0 0 0 0 3 12835 0 0 0 0 0 36 0 0 3926534 6836940 5739107 0 0 0 6553301 0 0 0 0 
0 0 0 0 0 0 0 0 0 0 0 0 0 0 0 0 0 0 0 0 0 0 0 3 0 12836 12832 0 0 36 0 0 0 12577088 3926640 0 0 0 0 0 6552794 0 0 0 
0 0 0 0 0 0 0 0 0 0 0 0 0 0 0 0 0 0 0 0 0 0 0 3 12835 0 0 0 0 0 36 0 0 3926534 6836940 5739107 0 0 0 6553301 0 0 0 0 
====>
0 0 0 0 0 0 0 0 0 0 0 0 0 0 0 0 0 0 0 0 0 0 0 3 0 12836 12836 0 0 44 0 0 0 12578220 3926640 0 0 0 0 0 6552872 0 0 0 
0 0 0 0 0 0 0 0 0 0 0 0 0 0 0 0 0 0 0 0 0 0 0 3 12839 0 0 0 0 0 44 0 0 3926534 6838052 5739127 0 0 0 6553379 0 0 0 0 
0 0 0 0 0 0 0 0 0 0 0 0 0 0 0 0 0 0 0 0 0 0 0 3 0 12836 12836 0 0 44 0 0 0 12579059 3926640 0 0 0 0 0 6553667 0 0 0 
0 0 0 0 0 0 0 0 0 0 0 0 0 0 0 0 0 0 0 0 0 0 0 3 12839 0 0 0 0 0 44 0 0 3926534 6838847 5739171 0 0 0 6554174 0 0 0 0 
0 0 0 0 0 0 0 0 0 0 0 0 0 0 0 0 0 0 0 0 0 0 0 3 0 12836 12836 0 0 44 0 0 0 12579935 3926640 0 0 0 0 0 6554465 0 0 0 
0 0 0 0 0 0 0 0 0 0 0 0 0 0 0 0 0 0 0 0 0 0 0 3 12839 0 0 0 0 0 44 0 0 3926534 6839645 5739249 0 0 0 6554972 0 0 0 0 
0 0 0 0 0 0 0 0 0 0 0 0 0 0 0 0 0 0 0 0 0 0 0 3 0 12836 12836 0 0 44 0 0 0 12580599 3926640 0 0 0 0 0 6555096 0 0 0 
0 0 0 0 0 0 0 0 0 0 0 0 0 0 0 0 0 0 0 0 0 0 0 3 12839 0 0 0 0 0 44 0 0 3926534 6840276 5739282 0 0 0 6555603 0 0 0 0 
0 0 0 0 0 0 0 0 0 0 0 0 0 0 0 0 0 0 0 0 0 0 0 3 0 12836 12836 0 0 44 0 0 0 12581406 3926640 0 0 0 0 0 6555828 0 0 0 
0 0 0 0 0 0 0 0 0 0 0 0 0 0 0 0 0 0 0 0 0 0 0 3 12839 0 0 0 0 0 44 0 0 3926534 6841008 5739357 0 0 0 6556335 0 0 0 0 
0 0 0 0 0 0 0 0 0 0 0 0 0 0 0 0 0 0 0 0 0 0 0 3 0 12836 12836 0 0 44 0 0 0 12582289 3926640 0 0 0 0 0 6556618 0 0 0 
0 0 0 0 0 0 0 0 0 0 0 0 0 0 0 0 0 0 0 0 0 0 0 3 12839 0 0 0 0 0 44 0 0 3926534 6841798 5739450 0 0 0 6557125 0 0 0 0 
0 0 0 0 0 0 0 0 0 0 0 0 0 0 0 0 0 0 0 0 0 0 0 3 0 12836 12836 0 0 44 0 0 0 12583039 3926640 0 0 0 0 0 6557308 0 0 0 
0 0 0 0 0 0 0 0 0 0 0 0 0 0 0 0 0 0 0 0 0 0 0 3 12839 0 0 0 0 0 44 0 0 3926534 6842488 5739510 0 0 0 6557815 0 0 0 0 
0 0 0 0 0 0 0 0 0 0 0 0 0 0 0 0 0 0 0 0 0 0 0 3 0 12836 12836 0 0 44 0 0 0 12583817 3926640 0 0 0 0 0 6558035 0 0 0 
0 0 0 0 0 0 0 0 0 0 0 0 0 0 0 0 0 0 0 0 0 0 0 3 12839 0 0 0 0 0 44 0 0 3926534 6843215 5739561 0 0 0 6558542 0 0 0 0 
0 0 0 0 0 0 0 0 0 0 0 0 0 0 0 0 0 0 0 0 0 0 0 3 0 12836 12836 0 0 44 0 0 0 12584611 3926640 0 0 0 0 0 6558804 0 0 0 
0 0 0 0 0 0 0 0 0 0 0 0 0 0 0 0 0 0 0 0 0 0 0 3 12839 0 0 0 0 0 44 0 0 3926534 6843984 5739586 0 0 0 6559311 0 0 0 0 
0 0 0 0 0 0 0 0 0 0 0 0 0 0 0 0 0 0 0 0 0 0 0 3 0 12836 12836 0 0 44 0 0 0 12585375 3926640 0 0 0 0 0 6559522 0 0 0 
0 0 0 0 0 0 0 0 0 0 0 0 0 0 0 0 0 0 0 0 0 0 0 3 12839 0 0 0 0 0 44 0 0 3926534 6844702 5739632 0 0 0 6560029 0 0 0 0 
0 0 0 0 0 0 0 0 0 0 0 0 0 0 0 0 0 0 0 0 0 0 0 3 0 12836 12836 0 0 44 0 0 0 12585981 3926640 0 0 0 0 0 6560098 0 0 0 
0 0 0 0 0 0 0 0 0 0 0 0 0 0 0 0 0 0 0 0 0 0 0 3 12839 0 0 0 0 0 44 0 0 3926534 6845278 5739662 0 0 0 6560605 0 0 0 0 
0 0 0 0 0 0 0 0 0 0 0 0 0 0 0 0 0 0 0 0 0 0 0 3 0 12836 12836 0 0 44 0 0 0 12586567 3926640 0 0 0 0 0 6560671 0 0 0 
0 0 0 0 0 0 0 0 0 0 0 0 0 0 0 0 0 0 0 0 0 0 0 3 12839 0 0 0 0 0 44 0 0 3926534 6845851 5739675 0 0 0 6561178 0 0 0 0 
0 0 0 0 0 0 0 0 0 0 0 0 0 0 0 0 0 0 0 0 0 0 0 3 0 12836 12836 0 0 44 0 0 0 12587361 3926640 0 0 0 0 0 6561428 0 0 0 
0 0 0 0 0 0 0 0 0 0 0 0 0 0 0 0 0 0 0 0 0 0 0 3 12839 0 0 0 0 0 44 0 0 3926534 6846609 5739711 0 0 0 6561935 0 0 0 0 
0 0 0 0 0 0 0 0 0 0 0 0 0 0 0 0 0 0 0 0 0 0 0 3 0 12836 12836 0 0 44 0 0 0 12588079 3926640 0 0 0 0 0 6562118 0 0 0 
0 0 0 0 0 0 0 0 0 0 0 0 0 0 0 0 0 0 0 0 0 0 0 3 12839 0 0 0 0 0 44 0 0 3926534 6847299 5739739 0 0 0 6562625 0 0 0 0 
0 0 0 0 0 0 0 0 0 0 0 0 0 0 0 0 0 0 0 0 0 0 0 3 0 12836 12836 0 0 44 0 0 0 12588907 3926640 0 0 0 0 0 6562903 0 0 0 
0 0 0 0 0 0 0 0 0 0 0 0 0 0 0 0 0 0 0 0 0 0 0 3 12839 0 0 0 0 0 44 0 0 3926534 6848085 5739781 0 0 0 6563410 0 0 0 0 
0 0 0 0 0 0 0 0 0 0 0 0 0 0 0 0 0 0 0 0 0 0 0 3 0 12840 12836 0 0 44 0 0 0 12589146 3926654 0 0 0 0 0 6563124 0 0 0 
0 0 0 0 0 0 0 0 0 0 0 0 0 0 0 0 0 0 0 0 0 0 0 3 12839 0 0 1 0 0 44 0 0 3926548 6848305 5739800 0 0 0 6563631 0 0 0 0 
<====
0 0 0 0 0 0 0 0 0 0 0 0 0 0 0 0 0 0 0 0 0 0 0 3 0 12840 12836 0 0 44 0 0 0 12589146 3926654 0 0 0 0 0 6563124 0 0 0 
0 0 0 0 0 0 0 0 0 0 0 0 0 0 0 0 0 0 0 0 0 0 0 3 12839 0 0 1 0 0 44 0 0 3926548 6848305 5739800 0 0 0 6563631 0 0 0 0 
0 0 0 0 0 0 0 0 0 0 0 0 0 0 0 0 0 0 0 0 0 0 0 3 0 12840 12836 0 0 44 0 0 0 12589146 3926654 0 0 0 0 0 6563124 0 0 0 
0 0 0 0 0 0 0 0 0 0 0 0 0 0 0 0 0 0 0 0 0 0 0 3 12839 0 0 1 0 0 44 0 0 3926548 6848305 5739800 0 0 0 6563631 0 0 0 0 
0 0 0 0 0 0 0 0 0 0 0 0 0 0 0 0 0 0 0 0 0 0 0 3 0 12840 12836 0 0 44 0 0 0 12589146 3926654 0 0 0 0 0 6563124 0 0 0 
0 0 0 0 0 0 0 0 0 0 0 0 0 0 0 0 0 0 0 0 0 0 0 3 12839 0 0 1 0 0 44 0 0 3926548 6848305 5739800 0 0 0 6563631 0 0 0 0 
0 0 0 0 0 0 0 0 0 0 0 0 0 0 0 0 0 0 0 0 0 0 0 3 0 12840 12836 0 0 44 0 0 0 12589146 3926654 0 0 0 0 0 6563124 0 0 0 
0 0 0 0 0 0 0 0 0 0 0 0 0 0 0 0 0 0 0 0 0 0 0 3 12839 0 0 1 0 0 44 0 0 3926548 6848305 5739800 0 0 0 6563631 0 0 0 0 
0 0 0 0 0 0 0 0 0 0 0 0 0 0 0 0 0 0 0 0 0 0 0 3 0 12840 12836 0 0 44 0 0 0 12589146 3926654 0 0 0 0 0 6563124 0 0 0 
0 0 0 0 0 0 0 0 0 0 0 0 0 0 0 0 0 0 0 0 0 0 0 3 12839 0 0 1 0 0 44 0 0 3926548 6848305 5739800 0 0 0 6563631 0 0 0 0 
