0 0 0 0 0 0 0 0 0 0 0 0 0 0 0 0 0 0 0 0 0 0 0 3 0 13207 13203 0 0 64 0 0 0 17587207 5386087 0 0 0 0 0 9340916 0 0 0 
0 0 0 0 0 0 0 0 0 0 0 0 0 0 0 0 0 0 0 0 0 0 0 3 13204 0 0 1 0 0 64 0 0 5385891 9820211 7765330 0 0 0 9341764 0 0 0 0 
0 0 0 0 0 0 0 0 0 0 0 0 0 0 0 0 0 0 0 0 0 0 0 3 0 13207 13203 0 0 64 0 0 0 17587207 5386087 0 0 0 0 0 9340916 0 0 0 
0 0 0 0 0 0 0 0 0 0 0 0 0 0 0 0 0 0 0 0 0 0 0 3 13204 0 0 1 0 0 64 0 0 5385891 9820211 7765330 0 0 0 9341764 0 0 0 0 
0 0 0 0 0 0 0 0 0 0 0 0 0 0 0 0 0 0 0 0 0 0 0 3 0 13207 13203 0 0 64 0 0 0 17587207 5386087 0 0 0 0 0 9340916 0 0 0 
0 0 0 0 0 0 0 0 0 0 0 0 0 0 0 0 0 0 0 0 0 0 0 3 13204 0 0 1 0 0 64 0 0 5385891 9820211 7765330 0 0 0 9341764 0 0 0 0 
0 0 0 0 0 0 0 0 0 0 0 0 0 0 0 0 0 0 0 0 0 0 0 3 0 13207 13203 0 0 64 0 0 0 17587207 5386087 0 0 0 0 0 9340916 0 0 0 
0 0 0 0 0 0 0 0 0 0 0 0 0 0 0 0 0 0 0 0 0 0 0 3 13204 0 0 1 0 0 64 0 0 5385891 9820211 7765330 0 0 0 9341764 0 0 0 0 
0 0 0 0 0 0 0 0 0 0 0 0 0 0 0 0 0 0 0 0 0 0 0 3 0 13207 13203 0 0 64 0 0 0 17587207 5386087 0 0 0 0 0 9340916 0 0 0 
0 0 0 0 0 0 0 0 0 0 0 0 0 0 0 0 0 0 0 0 0 0 0 3 13204 0 0 1 0 0 64 0 0 5385891 9820211 7765330 0 0 0 9341764 0 0 0 0 
0 0 0 0 0 0 0 0 0 0 0 0 0 0 0 0 0 0 0 0 0 0 0 3 0 13207 13203 0 0 64 0 0 0 17587207 5386087 0 0 0 0 0 9340916 0 0 0 
0 0 0 0 0 0 0 0 0 0 0 0 0 0 0 0 0 0 0 0 0 0 0 3 13204 0 0 1 0 0 64 0 0 5385891 9820211 7765330 0 0 0 9341764 0 0 0 0 
0 0 0 0 0 0 0 0 0 0 0 0 0 0 0 0 0 0 0 0 0 0 0 3 0 13207 13203 0 0 64 0 0 0 17587207 5386087 0 0 0 0 0 9340916 0 0 0 
0 0 0 0 0 0 0 0 0 0 0 0 0 0 0 0 0 0 0 0 0 0 0 3 13204 0 0 1 0 0 64 0 0 5385891 9820211 7765330 0 0 0 9341764 0 0 0 0 
====>
0 0 0 0 0 0 0 0 0 0 0 0 0 0 0 0 0 0 0 0 0 0 0 3 0 13207 13207 0 0 72 0 0 0 17588982 5386087 0 0 0 0 0 9341579 0 0 0 
0 0 0 0 0 0 0 0 0 0 0 0 0 0 0 0 0 0 0 0 0 0 0 3 13208 0 0 1 0 0 72 0 0 5385891 9821908 7765408 0 0 0 9342427 0 0 0 0 
0 0 0 0 0 0 0 0 0 0 0 0 0 0 0 0 0 0 0 0 0 0 0 3 0 13207 13207 0 0 72 0 0 0 17589815 5386087 0 0 0 0 0 9342335 0 0 0 
0 0 0 0 0 0 0 0 0 0 0 0 0 0 0 0 0 0 0 0 0 0 0 3 13208 0 0 1 0 0 72 0 0 5385891 9822664 7765485 0 0 0 9343183 0 0 0 0 
0 0 0 0 0 0 0 0 0 0 0 0 0 0 0 0 0 0 0 0 0 0 0 3 0 13207 13207 0 0 72 0 0 0 17590651 5386087 0 0 0 0 0 9343096 0 0 0 
0 0 0 0 0 0 0 0 0 0 0 0 0 0 0 0 0 0 0 0 0 0 0 3 13208 0 0 1 0 0 72 0 0 5385891 9823425 7765560 0 0 0 9343944 0 0 0 0 
0 0 0 0 0 0 0 0 0 0 0 0 0 0 0 0 0 0 0 0 0 0 0 3 0 13207 13207 0 0 72 0 0 0 17591477 5386087 0 0 0 0 0 9343871 0 0 0 
0 0 0 0 0 0 0 0 0 0 0 0 0 0 0 0 0 0 0 0 0 0 0 3 13208 0 0 1 0 0 72 0 0 5385891 9824200 7765611 0 0 0 9344719 0 0 0 0 
0 0 0 0 0 0 0 0 0 0 0 0 0 0 0 0 0 0 0 0 0 0 0 3 0 13207 13207 0 0 72 0 0 0 17592214 5386087 0 0 0 0 0 9344537 0 0 0 
0 0 0 0 0 0 0 0 0 0 0 0 0 0 0 0 0 0 0 0 0 0 0 3 13208 0 0 1 0 0 72 0 0 5385891 9824866 7765682 0 0 0 9345385 0 0 0 0 
0 0 0 0 0 0 0 0 0 0 0 0 0 0 0 0 0 0 0 0 0 0 0 3 0 13207 13207 0 0 72 0 0 0 17592997 5386087 0 0 0 0 0 9345288 0 0 0 
0 0 0 0 0 0 0 0 0 0 0 0 0 0 0 0 0 0 0 0 0 0 0 3 13208 0 0 1 0 0 72 0 0 5385891 9825617 7765714 0 0 0 9346136 0 0 0 0 
0 0 0 0 0 0 0 0 0 0 0 0 0 0 0 0 0 0 0 0 0 0 0 3 0 13207 13207 0 0 72 0 0 0 17593655 5386087 0 0 0 0 0 9345915 0 0 0 
0 0 0 0 0 0 0 0 0 0 0 0 0 0 0 0 0 0 0 0 0 0 0 3 13208 0 0 1 0 0 72 0 0 5385891 9826244 7765745 0 0 0 9346763 0 0 0 0 
0 0 0 0 0 0 0 0 0 0 0 0 0 0 0 0 0 0 0 0 0 0 0 3 0 13207 13207 0 0 72 0 0 0 17594346 5386087 0 0 0 0 0 9346560 0 0 0 
0 0 0 0 0 0 0 0 0 0 0 0 0 0 0 0 0 0 0 0 0 0 0 3 13208 0 0 1 0 0 72 0 0 5385891 9826889 7765791 0 0 0 9347408 0 0 0 0 
0 0 0 0 0 0 0 0 0 0 0 0 0 0 0 0 0 0 0 0 0 0 0 3 0 13207 13207 0 0 72 0 0 0 17595051 5386087 0 0 0 0 0 9347193 0 0 0 
0 0 0 0 0 0 0 0 0 0 0 0 0 0 0 0 0 0 0 0 0 0 0 3 13208 0 0 1 0 0 72 0 0 5385891 9827522 7765863 0 0 0 9348041 0 0 0 0 
0 0 0 0 0 0 0 0 0 0 0 0 0 0 0 0 0 0 0 0 0 0 0 3 0 13207 13207 0 0 72 0 0 0 17595602 5386087 0 0 0 0 0 9347706 0 0 0 
0 0 0 0 0 0 0 0 0 0 0 0 0 0 0 0 0 0 0 0 0 0 0 3 13208 0 0 1 0 0 72 0 0 5385891 9828035 7765901 0 0 0 9348554 0 0 0 0 
0 0 0 0 0 0 0 0 0 0 0 0 0 0 0 0 0 0 0 0 0 0 0 3 0 13211 13207 0 0 72 0 0 0 17596348 5386098 0 0 0 0 0 9348379 0 0 0 
0 0 0 0 0 0 0 0 0 0 0 0 0 0 0 0 0 0 0 0 0 0 0 3 13208 0 0 1 0 0 72 0 0 5385902 9828708 7765974 0 0 0 9349227 0 0 0 0 
<====
0 0 0 0 0 0 0 0 0 0 0 0 0 0 0 0 0 0 0 0 0 0 0 3 0 13211 13207 0 0 72 0 0 0 17596348 5386102 0 0 0 0 0 9348381 0 0 0 
0 0 0 0 0 0 0 0 0 0 0 0 0 0 0 0 0 0 0 0 0 0 0 3 13208 0 0 1 0 0 72 0 0 5385906 9828708 7765974 0 0 0 9349229 0 0 0 0 
0 0 0 0 0 0 0 0 0 0 0 0 0 0 0 0 0 0 0 0 0 0 0 3 0 13211 13207 0 0 72 0 0 0 17596348 5386102 0 0 0 0 0 9348381 0 0 0 
0 0 0 0 0 0 0 0 0 0 0 0 0 0 0 0 0 0 0 0 0 0 0 3 13208 0 0 1 0 0 72 0 0 5385906 9828708 7765974 0 0 0 9349229 0 0 0 0 
0 0 0 0 0 0 0 0 0 0 0 0 0 0 0 0 0 0 0 0 0 0 0 3 0 13211 13207 0 0 72 0 0 0 17596348 5386102 0 0 0 0 0 9348381 0 0 0 
0 0 0 0 0 0 0 0 0 0 0 0 0 0 0 0 0 0 0 0 0 0 0 3 13208 0 0 1 0 0 72 0 0 5385906 9828708 7765974 0 0 0 9349229 0 0 0 0 
0 0 0 0 0 0 0 0 0 0 0 0 0 0 0 0 0 0 0 0 0 0 0 3 0 13211 13207 0 0 72 0 0 0 17596348 5386102 0 0 0 0 0 9348381 0 0 0 
0 0 0 0 0 0 0 0 0 0 0 0 0 0 0 0 0 0 0 0 0 0 0 3 13208 0 0 1 0 0 72 0 0 5385906 9828708 7765974 0 0 0 9349229 0 0 0 0 
0 0 0 0 0 0 0 0 0 0 0 0 0 0 0 0 0 0 0 0 0 0 0 3 0 13211 13207 0 0 72 0 0 0 17596348 5386102 0 0 0 0 0 9348381 0 0 0 
0 0 0 0 0 0 0 0 0 0 0 0 0 0 0 0 0 0 0 0 0 0 0 3 13208 0 0 1 0 0 72 0 0 5385906 9828708 7765974 0 0 0 9349229 0 0 0 0 
