0 0 0 0 0 0 0 0 0 0 0 0 0 0 0 0 0 0 0 0 0 0 0 3 0 38520 38505 0 0 134 0 0 0 38765121 12036227 0 0 0 0 0 20352667 0 0 0 
0 0 0 0 0 0 0 0 0 0 0 0 0 0 0 0 0 0 0 0 0 0 0 3 0 38520 38505 0 0 134 0 0 0 38765121 12036227 0 0 0 0 0 20352667 0 0 0 
0 0 0 0 0 0 0 0 0 0 0 0 0 0 0 0 0 0 0 0 0 0 0 3 0 38520 38505 0 0 134 0 0 0 38765121 12036227 0 0 0 0 0 20352667 0 0 0 
0 0 0 0 0 0 0 0 0 0 0 0 0 0 0 0 0 0 0 0 0 0 0 3 0 38520 38505 0 0 134 0 0 0 38765121 12036227 0 0 0 0 0 20352667 0 0 0 
0 0 0 0 0 0 0 0 0 0 0 0 0 0 0 0 0 0 0 0 0 0 0 3 0 38520 38505 0 0 134 0 0 0 38765121 12036227 0 0 0 0 0 20352667 0 0 0 
0 0 0 0 0 0 0 0 0 0 0 0 0 0 0 0 0 0 0 0 0 0 0 3 0 38520 38505 0 0 134 0 0 0 38765121 12036227 0 0 0 0 0 20352667 0 0 0 
0 0 0 0 0 0 0 0 0 0 0 0 0 0 0 0 0 0 0 0 0 0 0 3 0 38520 38505 0 0 134 0 0 0 38765121 12036227 0 0 0 0 0 20352667 0 0 0 
0 0 0 0 0 0 0 0 0 0 0 0 0 0 0 0 0 0 0 0 0 0 0 3 38530 0 0 2 0 0 157 0 0 12041261 21248222 17513874 0 0 0 20351184 0 0 0 0 
0 0 0 0 0 0 0 0 0 0 0 0 0 0 0 0 0 0 0 0 0 0 0 3 38530 0 0 2 0 0 157 0 0 12041261 21250433 17514047 0 0 0 20353395 0 0 0 0 
0 0 0 0 0 0 0 0 0 0 0 0 0 0 0 0 0 0 0 0 0 0 0 3 38530 0 0 2 0 0 157 0 0 12041261 21252768 17514301 0 0 0 20355730 0 0 0 0 
0 0 0 0 0 0 0 0 0 0 0 0 0 0 0 0 0 0 0 0 0 0 0 3 38530 0 0 2 0 0 157 0 0 12041261 21254961 17514498 0 0 0 20357923 0 0 0 0 
0 0 0 0 0 0 0 0 0 0 0 0 0 0 0 0 0 0 0 0 0 0 0 3 38530 0 0 2 0 0 157 0 0 12041261 21257198 17514772 0 0 0 20360159 0 0 0 0 
0 0 0 0 0 0 0 0 0 0 0 0 0 0 0 0 0 0 0 0 0 0 0 3 38530 0 0 2 0 0 157 0 0 12041261 21259438 17514906 0 0 0 20362399 0 0 0 0 
0 0 0 0 0 0 0 0 0 0 0 0 0 0 0 0 0 0 0 0 0 0 0 3 38530 0 0 2 0 0 157 0 0 12041261 21261528 17515051 0 0 0 20364489 0 0 0 0 
0 0 0 0 0 0 0 0 0 0 0 0 0 0 0 0 0 0 0 0 0 0 0 3 38530 0 0 2 0 0 157 0 0 12041261 21263636 17515193 0 0 0 20366597 0 0 0 0 
0 0 0 0 0 0 0 0 0 0 0 0 0 0 0 0 0 0 0 0 0 0 0 3 38530 0 0 2 0 0 157 0 0 12041261 21265774 17515427 0 0 0 20368735 0 0 0 0 
0 0 0 0 0 0 0 0 0 0 0 0 0 0 0 0 0 0 0 0 0 0 0 3 38530 0 0 2 0 0 157 0 0 12041261 21267819 17515516 0 0 0 20370780 0 0 0 0 
0 0 0 0 0 0 0 0 0 0 0 0 0 0 0 0 0 0 0 0 0 0 0 3 38530 0 0 2 0 0 157 0 0 12041288 21270097 17515769 0 0 0 20373058 0 0 0 0 
<====
0 0 0 0 0 0 0 0 0 0 0 0 0 0 0 0 0 0 0 0 0 0 0 3 0 38532 38517 0 0 158 0 0 0 38793997 12036275 0 0 0 0 0 20376350 0 0 0 
0 0 0 0 0 0 0 0 0 0 0 0 0 0 0 0 0 0 0 0 0 0 0 3 0 38532 38517 0 0 158 0 0 0 38793997 12036275 0 0 0 0 0 20376350 0 0 0 
0 0 0 0 0 0 0 0 0 0 0 0 0 0 0 0 0 0 0 0 0 0 0 3 0 38532 38517 0 0 158 0 0 0 38793997 12036275 0 0 0 0 0 20376350 0 0 0 
0 0 0 0 0 0 0 0 0 0 0 0 0 0 0 0 0 0 0 0 0 0 0 3 0 38532 38517 0 0 158 0 0 0 38793997 12036275 0 0 0 0 0 20376350 0 0 0 
0 0 0 0 0 0 0 0 0 0 0 0 0 0 0 0 0 0 0 0 0 0 0 3 0 38532 38517 0 0 158 0 0 0 38793997 12036275 0 0 0 0 0 20376350 0 0 0 
