0 0 0 0 0 0 0 0 0 0 0 0 0 0 0 0 0 0 0 0 0 0 0 3 38506 0 0 0 0 0 110 0 0 12041219 21204433 17511665 0 0 0 20313594 0 0 0 0 
0 0 0 0 0 0 0 0 0 0 0 0 0 0 0 0 0 0 0 0 0 0 0 3 0 38508 38493 0 0 110 0 0 0 38724214 12036185 0 0 0 0 0 20316865 0 0 0 
0 0 0 0 0 0 0 0 0 0 0 0 0 0 0 0 0 0 0 0 0 0 0 3 38506 0 0 0 0 0 110 0 0 12041219 21204433 17511665 0 0 0 20313594 0 0 0 0 
0 0 0 0 0 0 0 0 0 0 0 0 0 0 0 0 0 0 0 0 0 0 0 3 0 38508 38493 0 0 110 0 0 0 38724214 12036185 0 0 0 0 0 20316865 0 0 0 
0 0 0 0 0 0 0 0 0 0 0 0 0 0 0 0 0 0 0 0 0 0 0 3 38506 0 0 0 0 0 110 0 0 12041219 21204433 17511665 0 0 0 20313594 0 0 0 0 
0 0 0 0 0 0 0 0 0 0 0 0 0 0 0 0 0 0 0 0 0 0 0 3 0 38508 38493 0 0 110 0 0 0 38724214 12036185 0 0 0 0 0 20316865 0 0 0 
0 0 0 0 0 0 0 0 0 0 0 0 0 0 0 0 0 0 0 0 0 0 0 3 38506 0 0 0 0 0 110 0 0 12041219 21204433 17511665 0 0 0 20313594 0 0 0 0 
0 0 0 0 0 0 0 0 0 0 0 0 0 0 0 0 0 0 0 0 0 0 0 3 0 38508 38493 0 0 110 0 0 0 38724214 12036185 0 0 0 0 0 20316865 0 0 0 
0 0 0 0 0 0 0 0 0 0 0 0 0 0 0 0 0 0 0 0 0 0 0 3 38506 0 0 0 0 0 110 0 0 12041219 21204433 17511665 0 0 0 20313594 0 0 0 0 
0 0 0 0 0 0 0 0 0 0 0 0 0 0 0 0 0 0 0 0 0 0 0 3 0 38508 38493 0 0 110 0 0 0 38724214 12036185 0 0 0 0 0 20316865 0 0 0 
0 0 0 0 0 0 0 0 0 0 0 0 0 0 0 0 0 0 0 0 0 0 0 3 38506 0 0 0 0 0 110 0 0 12041219 21204433 17511665 0 0 0 20313594 0 0 0 0 
0 0 0 0 0 0 0 0 0 0 0 0 0 0 0 0 0 0 0 0 0 0 0 3 0 38508 38493 0 0 110 0 0 0 38724214 12036185 0 0 0 0 0 20316865 0 0 0 
0 0 0 0 0 0 0 0 0 0 0 0 0 0 0 0 0 0 0 0 0 0 0 3 38506 0 0 0 0 0 110 0 0 12041219 21204433 17511665 0 0 0 20313594 0 0 0 0 
0 0 0 0 0 0 0 0 0 0 0 0 0 0 0 0 0 0 0 0 0 0 0 3 0 38508 38493 0 0 110 0 0 0 38724214 12036185 0 0 0 0 0 20316865 0 0 0 
0 0 0 0 0 0 0 0 0 0 0 0 0 0 0 0 0 0 0 0 0 0 0 3 38506 0 0 0 0 0 110 0 0 12041219 21204433 17511665 0 0 0 20313594 0 0 0 0 
0 0 0 0 0 0 0 0 0 0 0 0 0 0 0 0 0 0 0 0 0 0 0 3 0 38508 38493 0 0 110 0 0 0 38724214 12036185 0 0 0 0 0 20316865 0 0 0 
0 0 0 0 0 0 0 0 0 0 0 0 0 0 0 0 0 0 0 0 0 0 0 3 38506 0 0 0 0 0 110 0 0 12041219 21204433 17511665 0 0 0 20313594 0 0 0 0 
0 0 0 0 0 0 0 0 0 0 0 0 0 0 0 0 0 0 0 0 0 0 0 3 0 38508 38493 0 0 110 0 0 0 38724214 12036185 0 0 0 0 0 20316865 0 0 0 
0 0 0 0 0 0 0 0 0 0 0 0 0 0 0 0 0 0 0 0 0 0 0 3 38506 0 0 0 0 0 110 0 0 12041219 21204433 17511665 0 0 0 20313594 0 0 0 0 
0 0 0 0 0 0 0 0 0 0 0 0 0 0 0 0 0 0 0 0 0 0 0 3 0 38508 38493 0 0 110 0 0 0 38724214 12036185 0 0 0 0 0 20316865 0 0 0 
0 0 0 0 0 0 0 0 0 0 0 0 0 0 0 0 0 0 0 0 0 0 0 3 38506 0 0 0 0 0 110 0 0 12041219 21204433 17511665 0 0 0 20313594 0 0 0 0 
0 0 0 0 0 0 0 0 0 0 0 0 0 0 0 0 0 0 0 0 0 0 0 3 0 38508 38493 0 0 110 0 0 0 38724214 12036185 0 0 0 0 0 20316865 0 0 0 
0 0 0 0 0 0 0 0 0 0 0 0 0 0 0 0 0 0 0 0 0 0 0 3 38506 0 0 0 0 0 110 0 0 12041219 21204433 17511665 0 0 0 20313594 0 0 0 0 
0 0 0 0 0 0 0 0 0 0 0 0 0 0 0 0 0 0 0 0 0 0 0 3 0 38508 38493 0 0 110 0 0 0 38724214 12036185 0 0 0 0 0 20316865 0 0 0 
0 0 0 0 0 0 0 0 0 0 0 0 0 0 0 0 0 0 0 0 0 0 0 3 38506 0 0 0 0 0 110 0 0 12041219 21204433 17511665 0 0 0 20313594 0 0 0 0 
0 0 0 0 0 0 0 0 0 0 0 0 0 0 0 0 0 0 0 0 0 0 0 3 0 38508 38493 0 0 110 0 0 0 38724214 12036185 0 0 0 0 0 20316865 0 0 0 
====>
0 0 0 0 0 0 0 0 0 0 0 0 0 0 0 0 0 0 0 0 0 0 0 3 38510 0 0 0 0 0 118 0 0 12041219 21205619 17511675 0 0 0 20313746 0 0 0 0 
0 0 0 0 0 0 0 0 0 0 0 0 0 0 0 0 0 0 0 0 0 0 0 3 0 38508 38497 0 0 118 0 0 0 38725410 12036185 0 0 0 0 0 20317017 0 0 0 
0 0 0 0 0 0 0 0 0 0 0 0 0 0 0 0 0 0 0 0 0 0 0 3 38510 0 0 0 0 0 118 0 0 12041219 21206282 17511692 0 0 0 20314409 0 0 0 0 
0 0 0 0 0 0 0 0 0 0 0 0 0 0 0 0 0 0 0 0 0 0 0 3 0 38508 38497 0 0 118 0 0 0 38726090 12036185 0 0 0 0 0 20317680 0 0 0 
0 0 0 0 0 0 0 0 0 0 0 0 0 0 0 0 0 0 0 0 0 0 0 3 38510 0 0 0 0 0 118 0 0 12041219 21206944 17511730 0 0 0 20315071 0 0 0 0 
0 0 0 0 0 0 0 0 0 0 0 0 0 0 0 0 0 0 0 0 0 0 0 3 0 38508 38497 0 0 118 0 0 0 38726790 12036185 0 0 0 0 0 20318342 0 0 0 
0 0 0 0 0 0 0 0 0 0 0 0 0 0 0 0 0 0 0 0 0 0 0 3 38510 0 0 0 0 0 118 0 0 12041219 21207677 17511732 0 0 0 20315804 0 0 0 0 
0 0 0 0 0 0 0 0 0 0 0 0 0 0 0 0 0 0 0 0 0 0 0 3 0 38508 38497 0 0 118 0 0 0 38727525 12036185 0 0 0 0 0 20319075 0 0 0 
0 0 0 0 0 0 0 0 0 0 0 0 0 0 0 0 0 0 0 0 0 0 0 3 38510 0 0 0 0 0 118 0 0 12041219 21208375 17511743 0 0 0 20316502 0 0 0 0 
0 0 0 0 0 0 0 0 0 0 0 0 0 0 0 0 0 0 0 0 0 0 0 3 0 38508 38497 0 0 118 0 0 0 38728234 12036185 0 0 0 0 0 20319773 0 0 0 
0 0 0 0 0 0 0 0 0 0 0 0 0 0 0 0 0 0 0 0 0 0 0 3 38510 0 0 0 0 0 118 0 0 12041219 21209020 17511746 0 0 0 20317146 0 0 0 0 
0 0 0 0 0 0 0 0 0 0 0 0 0 0 0 0 0 0 0 0 0 0 0 3 0 38508 38497 0 0 118 0 0 0 38728882 12036185 0 0 0 0 0 20320417 0 0 0 
0 0 0 0 0 0 0 0 0 0 0 0 0 0 0 0 0 0 0 0 0 0 0 3 38510 0 0 0 0 0 118 0 0 12041219 21209590 17511761 0 0 0 20317716 0 0 0 0 
0 0 0 0 0 0 0 0 0 0 0 0 0 0 0 0 0 0 0 0 0 0 0 3 0 38508 38497 0 0 118 0 0 0 38729467 12036185 0 0 0 0 0 20320987 0 0 0 
0 0 0 0 0 0 0 0 0 0 0 0 0 0 0 0 0 0 0 0 0 0 0 3 38510 0 0 0 0 0 118 0 0 12041219 21210159 17511764 0 0 0 20318285 0 0 0 0 
0 0 0 0 0 0 0 0 0 0 0 0 0 0 0 0 0 0 0 0 0 0 0 3 0 38508 38497 0 0 118 0 0 0 38730039 12036185 0 0 0 0 0 20321556 0 0 0 
0 0 0 0 0 0 0 0 0 0 0 0 0 0 0 0 0 0 0 0 0 0 0 3 38510 0 0 0 0 0 118 0 0 12041219 21210992 17511860 0 0 0 20319118 0 0 0 0 
0 0 0 0 0 0 0 0 0 0 0 0 0 0 0 0 0 0 0 0 0 0 0 3 0 38508 38497 0 0 118 0 0 0 38730969 12036185 0 0 0 0 0 20322389 0 0 0 
0 0 0 0 0 0 0 0 0 0 0 0 0 0 0 0 0 0 0 0 0 0 0 3 38510 0 0 0 0 0 118 0 0 12041219 21211626 17511878 0 0 0 20319752 0 0 0 0 
0 0 0 0 0 0 0 0 0 0 0 0 0 0 0 0 0 0 0 0 0 0 0 3 0 38508 38497 0 0 118 0 0 0 38731620 12036185 0 0 0 0 0 20323023 0 0 0 
0 0 0 0 0 0 0 0 0 0 0 0 0 0 0 0 0 0 0 0 0 0 0 3 38510 0 0 0 0 0 118 0 0 12041219 21212407 17511906 0 0 0 20320533 0 0 0 0 
0 0 0 0 0 0 0 0 0 0 0 0 0 0 0 0 0 0 0 0 0 0 0 3 0 38508 38497 0 0 118 0 0 0 38732429 12036185 0 0 0 0 0 20323804 0 0 0 
0 0 0 0 0 0 0 0 0 0 0 0 0 0 0 0 0 0 0 0 0 0 0 3 38510 0 0 0 0 0 118 0 0 12041219 21213078 17511917 0 0 0 20321204 0 0 0 0 
0 0 0 0 0 0 0 0 0 0 0 0 0 0 0 0 0 0 0 0 0 0 0 3 0 38508 38497 0 0 118 0 0 0 38733111 12036185 0 0 0 0 0 20324475 0 0 0 
0 0 0 0 0 0 0 0 0 0 0 0 0 0 0 0 0 0 0 0 0 0 0 3 38510 0 0 0 0 0 118 0 0 12041219 21213784 17511971 0 0 0 20321910 0 0 0 0 
0 0 0 0 0 0 0 0 0 0 0 0 0 0 0 0 0 0 0 0 0 0 0 3 0 38508 38497 0 0 118 0 0 0 38733871 12036185 0 0 0 0 0 20325181 0 0 0 
0 0 0 0 0 0 0 0 0 0 0 0 0 0 0 0 0 0 0 0 0 0 0 3 38510 0 0 0 0 0 118 0 0 12041219 21214450 17511999 0 0 0 20322576 0 0 0 0 
0 0 0 0 0 0 0 0 0 0 0 0 0 0 0 0 0 0 0 0 0 0 0 3 0 38508 38497 0 0 118 0 0 0 38734565 12036185 0 0 0 0 0 20325847 0 0 0 
0 0 0 0 0 0 0 0 0 0 0 0 0 0 0 0 0 0 0 0 0 0 0 3 38510 0 0 0 0 0 118 0 0 12041219 21215103 17512011 0 0 0 20323229 0 0 0 0 
0 0 0 0 0 0 0 0 0 0 0 0 0 0 0 0 0 0 0 0 0 0 0 3 0 38508 38497 0 0 118 0 0 0 38735230 12036185 0 0 0 0 0 20326500 0 0 0 
0 0 0 0 0 0 0 0 0 0 0 0 0 0 0 0 0 0 0 0 0 0 0 3 38510 0 0 0 0 0 118 0 0 12041219 21215861 17512035 0 0 0 20323987 0 0 0 0 
0 0 0 0 0 0 0 0 0 0 0 0 0 0 0 0 0 0 0 0 0 0 0 3 0 38508 38497 0 0 118 0 0 0 38736012 12036185 0 0 0 0 0 20327258 0 0 0 
0 0 0 0 0 0 0 0 0 0 0 0 0 0 0 0 0 0 0 0 0 0 0 3 38510 0 0 0 0 0 118 0 0 12041219 21216677 17512100 0 0 0 20324803 0 0 0 0 
0 0 0 0 0 0 0 0 0 0 0 0 0 0 0 0 0 0 0 0 0 0 0 3 0 38508 38497 0 0 118 0 0 0 38736893 12036185 0 0 0 0 0 20328074 0 0 0 
0 0 0 0 0 0 0 0 0 0 0 0 0 0 0 0 0 0 0 0 0 0 0 3 38510 0 0 0 0 0 118 0 0 12041219 21217263 17512111 0 0 0 20325389 0 0 0 0 
0 0 0 0 0 0 0 0 0 0 0 0 0 0 0 0 0 0 0 0 0 0 0 3 0 38508 38497 0 0 118 0 0 0 38737490 12036185 0 0 0 0 0 20328660 0 0 0 
0 0 0 0 0 0 0 0 0 0 0 0 0 0 0 0 0 0 0 0 0 0 0 3 38510 0 0 0 0 0 118 0 0 12041219 21217965 17512212 0 0 0 20326091 0 0 0 0 
0 0 0 0 0 0 0 0 0 0 0 0 0 0 0 0 0 0 0 0 0 0 0 3 0 38508 38497 0 0 118 0 0 0 38738293 12036185 0 0 0 0 0 20329362 0 0 0 
0 0 0 0 0 0 0 0 0 0 0 0 0 0 0 0 0 0 0 0 0 0 0 3 38510 0 0 0 0 0 118 0 0 12041219 21218551 17512217 0 0 0 20326677 0 0 0 0 
0 0 0 0 0 0 0 0 0 0 0 0 0 0 0 0 0 0 0 0 0 0 0 3 0 38508 38497 0 0 118 0 0 0 38738884 12036185 0 0 0 0 0 20329948 0 0 0 
0 0 0 0 0 0 0 0 0 0 0 0 0 0 0 0 0 0 0 0 0 0 0 3 38510 0 0 0 0 0 118 0 0 12041219 21219128 17512248 0 0 0 20327254 0 0 0 0 
0 0 0 0 0 0 0 0 0 0 0 0 0 0 0 0 0 0 0 0 0 0 0 3 0 38508 38497 0 0 118 0 0 0 38739492 12036185 0 0 0 0 0 20330525 0 0 0 
0 0 0 0 0 0 0 0 0 0 0 0 0 0 0 0 0 0 0 0 0 0 0 3 38510 0 0 0 0 0 118 0 0 12041219 21219737 17512287 0 0 0 20327863 0 0 0 0 
0 0 0 0 0 0 0 0 0 0 0 0 0 0 0 0 0 0 0 0 0 0 0 3 0 38508 38497 0 0 118 0 0 0 38740140 12036185 0 0 0 0 0 20331134 0 0 0 
<====
0 0 0 0 0 0 0 0 0 0 0 0 0 0 0 0 0 0 0 0 0 0 0 3 38510 0 0 0 0 0 118 0 0 12041232 21219896 17512295 0 0 0 20328025 0 0 0 0 
0 0 0 0 0 0 0 0 0 0 0 0 0 0 0 0 0 0 0 0 0 0 0 3 0 38512 38497 0 0 118 0 0 0 38740307 12036198 0 0 0 0 0 20331296 0 0 0 
0 0 0 0 0 0 0 0 0 0 0 0 0 0 0 0 0 0 0 0 0 0 0 3 38510 0 0 0 0 0 118 0 0 12041232 21219896 17512295 0 0 0 20328025 0 0 0 0 
0 0 0 0 0 0 0 0 0 0 0 0 0 0 0 0 0 0 0 0 0 0 0 3 0 38512 38497 0 0 118 0 0 0 38740307 12036198 0 0 0 0 0 20331296 0 0 0 
0 0 0 0 0 0 0 0 0 0 0 0 0 0 0 0 0 0 0 0 0 0 0 3 38510 0 0 0 0 0 118 0 0 12041232 21219896 17512295 0 0 0 20328025 0 0 0 0 
0 0 0 0 0 0 0 0 0 0 0 0 0 0 0 0 0 0 0 0 0 0 0 3 0 38512 38497 0 0 118 0 0 0 38740307 12036198 0 0 0 0 0 20331296 0 0 0 
0 0 0 0 0 0 0 0 0 0 0 0 0 0 0 0 0 0 0 0 0 0 0 3 38510 0 0 0 0 0 118 0 0 12041232 21219896 17512295 0 0 0 20328025 0 0 0 0 
0 0 0 0 0 0 0 0 0 0 0 0 0 0 0 0 0 0 0 0 0 0 0 3 0 38512 38497 0 0 118 0 0 0 38740307 12036198 0 0 0 0 0 20331296 0 0 0 
0 0 0 0 0 0 0 0 0 0 0 0 0 0 0 0 0 0 0 0 0 0 0 3 38510 0 0 0 0 0 118 0 0 12041232 21219896 17512295 0 0 0 20328025 0 0 0 0 
0 0 0 0 0 0 0 0 0 0 0 0 0 0 0 0 0 0 0 0 0 0 0 3 0 38512 38497 0 0 118 0 0 0 38740307 12036198 0 0 0 0 0 20331296 0 0 0 
