0 0 0 0 0 0 0 0 0 0 0 0 0 0 0 0 0 0 0 0 0 0 0 3 38510 0 0 0 0 0 118 0 0 12041232 21219896 17512295 0 0 0 20328025 0 0 0 0 
0 0 0 0 0 0 0 0 0 0 0 0 0 0 0 0 0 0 0 0 0 0 0 3 0 38512 38497 0 0 118 0 0 0 38740307 12036198 0 0 0 0 0 20331296 0 0 0 
0 0 0 0 0 0 0 0 0 0 0 0 0 0 0 0 0 0 0 0 0 0 0 3 38510 0 0 0 0 0 118 0 0 12041232 21219896 17512295 0 0 0 20328025 0 0 0 0 
0 0 0 0 0 0 0 0 0 0 0 0 0 0 0 0 0 0 0 0 0 0 0 3 0 38512 38497 0 0 118 0 0 0 38740307 12036198 0 0 0 0 0 20331296 0 0 0 
0 0 0 0 0 0 0 0 0 0 0 0 0 0 0 0 0 0 0 0 0 0 0 3 38510 0 0 0 0 0 118 0 0 12041232 21219896 17512295 0 0 0 20328025 0 0 0 0 
0 0 0 0 0 0 0 0 0 0 0 0 0 0 0 0 0 0 0 0 0 0 0 3 0 38512 38497 0 0 118 0 0 0 38740307 12036198 0 0 0 0 0 20331296 0 0 0 
0 0 0 0 0 0 0 0 0 0 0 0 0 0 0 0 0 0 0 0 0 0 0 3 38510 0 0 0 0 0 118 0 0 12041232 21219896 17512295 0 0 0 20328025 0 0 0 0 
0 0 0 0 0 0 0 0 0 0 0 0 0 0 0 0 0 0 0 0 0 0 0 3 0 38512 38497 0 0 118 0 0 0 38740307 12036198 0 0 0 0 0 20331296 0 0 0 
0 0 0 0 0 0 0 0 0 0 0 0 0 0 0 0 0 0 0 0 0 0 0 3 38510 0 0 0 0 0 118 0 0 12041232 21219896 17512295 0 0 0 20328025 0 0 0 0 
0 0 0 0 0 0 0 0 0 0 0 0 0 0 0 0 0 0 0 0 0 0 0 3 0 38512 38497 0 0 118 0 0 0 38740307 12036198 0 0 0 0 0 20331296 0 0 0 
====>
0 0 0 0 0 0 0 0 0 0 0 0 0 0 0 0 0 0 0 0 0 0 0 3 38510 0 0 0 0 0 118 0 0 12041232 21219896 17512295 0 0 0 20328025 0 0 0 0 
0 0 0 0 0 0 0 0 0 0 0 0 0 0 0 0 0 0 0 0 0 0 0 3 0 38512 38497 0 0 118 0 0 0 38740307 12036198 0 0 0 0 0 20331296 0 0 0 
0 0 0 0 0 0 0 0 0 0 0 0 0 0 0 0 0 0 0 0 0 0 0 3 38518 0 0 0 0 0 134 0 0 12041232 21223485 17512435 0 0 0 20329546 0 0 0 0 
0 0 0 0 0 0 0 0 0 0 0 0 0 0 0 0 0 0 0 0 0 0 0 3 0 38512 38505 0 0 134 0 0 0 38744036 12036198 0 0 0 0 0 20332817 0 0 0 
0 0 0 0 0 0 0 0 0 0 0 0 0 0 0 0 0 0 0 0 0 0 0 3 38518 0 0 0 0 0 134 0 0 12041232 21225105 17512579 0 0 0 20331166 0 0 0 0 
0 0 0 0 0 0 0 0 0 0 0 0 0 0 0 0 0 0 0 0 0 0 0 3 0 38512 38505 0 0 134 0 0 0 38745800 12036198 0 0 0 0 0 20334437 0 0 0 
0 0 0 0 0 0 0 0 0 0 0 0 0 0 0 0 0 0 0 0 0 0 0 3 38518 0 0 0 0 0 134 0 0 12041232 21226509 17512671 0 0 0 20332570 0 0 0 0 
0 0 0 0 0 0 0 0 0 0 0 0 0 0 0 0 0 0 0 0 0 0 0 3 0 38512 38505 0 0 134 0 0 0 38747296 12036198 0 0 0 0 0 20335841 0 0 0 
0 0 0 0 0 0 0 0 0 0 0 0 0 0 0 0 0 0 0 0 0 0 0 3 38518 0 0 0 0 0 134 0 0 12041232 21228011 17512791 0 0 0 20334072 0 0 0 0 
0 0 0 0 0 0 0 0 0 0 0 0 0 0 0 0 0 0 0 0 0 0 0 3 0 38512 38505 0 0 134 0 0 0 38748918 12036198 0 0 0 0 0 20337343 0 0 0 
0 0 0 0 0 0 0 0 0 0 0 0 0 0 0 0 0 0 0 0 0 0 0 3 38518 0 0 0 0 0 134 0 0 12041232 21229561 17512923 0 0 0 20335622 0 0 0 0 
0 0 0 0 0 0 0 0 0 0 0 0 0 0 0 0 0 0 0 0 0 0 0 3 0 38512 38505 0 0 134 0 0 0 38750600 12036198 0 0 0 0 0 20338893 0 0 0 
0 0 0 0 0 0 0 0 0 0 0 0 0 0 0 0 0 0 0 0 0 0 0 3 38518 0 0 0 0 0 134 0 0 12041232 21231039 17513014 0 0 0 20337100 0 0 0 0 
0 0 0 0 0 0 0 0 0 0 0 0 0 0 0 0 0 0 0 0 0 0 0 3 0 38512 38505 0 0 134 0 0 0 38752169 12036198 0 0 0 0 0 20340371 0 0 0 
0 0 0 0 0 0 0 0 0 0 0 0 0 0 0 0 0 0 0 0 0 0 0 3 38518 0 0 0 0 0 134 0 0 12041232 21232526 17513088 0 0 0 20338587 0 0 0 0 
0 0 0 0 0 0 0 0 0 0 0 0 0 0 0 0 0 0 0 0 0 0 0 3 0 38512 38505 0 0 134 0 0 0 38753730 12036198 0 0 0 0 0 20341858 0 0 0 
0 0 0 0 0 0 0 0 0 0 0 0 0 0 0 0 0 0 0 0 0 0 0 3 38518 0 0 0 0 0 134 0 0 12041232 21234042 17513173 0 0 0 20340103 0 0 0 0 
0 0 0 0 0 0 0 0 0 0 0 0 0 0 0 0 0 0 0 0 0 0 0 3 0 38512 38505 0 0 134 0 0 0 38755331 12036198 0 0 0 0 0 20343374 0 0 0 
0 0 0 0 0 0 0 0 0 0 0 0 0 0 0 0 0 0 0 0 0 0 0 3 38518 0 0 0 0 0 134 0 0 12041232 21235538 17513252 0 0 0 20341599 0 0 0 0 
0 0 0 0 0 0 0 0 0 0 0 0 0 0 0 0 0 0 0 0 0 0 0 3 0 38512 38505 0 0 134 0 0 0 38756906 12036198 0 0 0 0 0 20344870 0 0 0 
0 0 0 0 0 0 0 0 0 0 0 0 0 0 0 0 0 0 0 0 0 0 0 3 38518 0 0 0 0 0 134 0 0 12041232 21236904 17513338 0 0 0 20342965 0 0 0 0 
0 0 0 0 0 0 0 0 0 0 0 0 0 0 0 0 0 0 0 0 0 0 0 3 0 38512 38505 0 0 134 0 0 0 38758358 12036198 0 0 0 0 0 20346236 0 0 0 
0 0 0 0 0 0 0 0 0 0 0 0 0 0 0 0 0 0 0 0 0 0 0 3 38518 0 0 0 0 0 134 0 0 12041232 21238231 17513396 0 0 0 20344292 0 0 0 0 
0 0 0 0 0 0 0 0 0 0 0 0 0 0 0 0 0 0 0 0 0 0 0 3 0 38512 38505 0 0 134 0 0 0 38759743 12036198 0 0 0 0 0 20347563 0 0 0 
0 0 0 0 0 0 0 0 0 0 0 0 0 0 0 0 0 0 0 0 0 0 0 3 38518 0 0 0 0 0 134 0 0 12041232 21239717 17513474 0 0 0 20345777 0 0 0 0 
0 0 0 0 0 0 0 0 0 0 0 0 0 0 0 0 0 0 0 0 0 0 0 3 0 38512 38505 0 0 134 0 0 0 38761307 12036198 0 0 0 0 0 20349048 0 0 0 
0 0 0 0 0 0 0 0 0 0 0 0 0 0 0 0 0 0 0 0 0 0 0 3 38518 0 0 0 0 0 134 0 0 12041232 21241121 17513514 0 0 0 20347181 0 0 0 0 
0 0 0 0 0 0 0 0 0 0 0 0 0 0 0 0 0 0 0 0 0 0 0 3 0 38512 38505 0 0 134 0 0 0 38762751 12036198 0 0 0 0 0 20350452 0 0 0 
0 0 0 0 0 0 0 0 0 0 0 0 0 0 0 0 0 0 0 0 0 0 0 3 38518 0 0 0 0 0 134 0 0 12041232 21242672 17513622 0 0 0 20348732 0 0 0 0 
0 0 0 0 0 0 0 0 0 0 0 0 0 0 0 0 0 0 0 0 0 0 0 3 0 38512 38505 0 0 134 0 0 0 38764410 12036198 0 0 0 0 0 20352003 0 0 0 
0 0 0 0 0 0 0 0 0 0 0 0 0 0 0 0 0 0 0 0 0 0 0 3 38518 0 0 0 0 0 134 0 0 12041252 21243335 17513670 0 0 0 20349394 0 0 0 0 
0 0 0 0 0 0 0 0 0 0 0 0 0 0 0 0 0 0 0 0 0 0 0 3 0 38520 38505 0 0 134 0 0 0 38765121 12036218 0 0 0 0 0 20352665 0 0 0 
<====
0 0 0 0 0 0 0 0 0 0 0 0 0 0 0 0 0 0 0 0 0 0 0 3 38518 0 0 2 0 0 134 0 0 12041261 21243335 17513670 0 0 0 20349396 0 0 0 0 
0 0 0 0 0 0 0 0 0 0 0 0 0 0 0 0 0 0 0 0 0 0 0 3 0 38520 38505 0 0 134 0 0 0 38765121 12036227 0 0 0 0 0 20352667 0 0 0 
0 0 0 0 0 0 0 0 0 0 0 0 0 0 0 0 0 0 0 0 0 0 0 3 38518 0 0 2 0 0 134 0 0 12041261 21243335 17513670 0 0 0 20349396 0 0 0 0 
0 0 0 0 0 0 0 0 0 0 0 0 0 0 0 0 0 0 0 0 0 0 0 3 0 38520 38505 0 0 134 0 0 0 38765121 12036227 0 0 0 0 0 20352667 0 0 0 
0 0 0 0 0 0 0 0 0 0 0 0 0 0 0 0 0 0 0 0 0 0 0 3 38518 0 0 2 0 0 134 0 0 12041261 21243335 17513670 0 0 0 20349396 0 0 0 0 
0 0 0 0 0 0 0 0 0 0 0 0 0 0 0 0 0 0 0 0 0 0 0 3 0 38520 38505 0 0 134 0 0 0 38765121 12036227 0 0 0 0 0 20352667 0 0 0 
0 0 0 0 0 0 0 0 0 0 0 0 0 0 0 0 0 0 0 0 0 0 0 3 38518 0 0 2 0 0 134 0 0 12041261 21243335 17513670 0 0 0 20349396 0 0 0 0 
0 0 0 0 0 0 0 0 0 0 0 0 0 0 0 0 0 0 0 0 0 0 0 3 0 38520 38505 0 0 134 0 0 0 38765121 12036227 0 0 0 0 0 20352667 0 0 0 
0 0 0 0 0 0 0 0 0 0 0 0 0 0 0 0 0 0 0 0 0 0 0 3 38518 0 0 2 0 0 134 0 0 12041261 21243335 17513670 0 0 0 20349396 0 0 0 0 
0 0 0 0 0 0 0 0 0 0 0 0 0 0 0 0 0 0 0 0 0 0 0 3 0 38520 38505 0 0 134 0 0 0 38765121 12036227 0 0 0 0 0 20352667 0 0 0 
