0 0 0 0 0 0 0 0 0 0 0 0 0 0 0 0 0 0 0 0 0 0 0 3 38506 0 0 0 0 0 110 0 0 12041219 21204433 17511665 0 0 0 20313594 0 0 0 0 
0 0 0 0 0 0 0 0 0 0 0 0 0 0 0 0 0 0 0 0 0 0 0 3 38506 0 0 0 0 0 110 0 0 12041219 21204433 17511665 0 0 0 20313594 0 0 0 0 
0 0 0 0 0 0 0 0 0 0 0 0 0 0 0 0 0 0 0 0 0 0 0 3 38506 0 0 0 0 0 110 0 0 12041219 21204433 17511665 0 0 0 20313594 0 0 0 0 
0 0 0 0 0 0 0 0 0 0 0 0 0 0 0 0 0 0 0 0 0 0 0 3 38506 0 0 0 0 0 110 0 0 12041219 21204433 17511665 0 0 0 20313594 0 0 0 0 
0 0 0 0 0 0 0 0 0 0 0 0 0 0 0 0 0 0 0 0 0 0 0 3 38506 0 0 0 0 0 110 0 0 12041219 21204433 17511665 0 0 0 20313594 0 0 0 0 
0 0 0 0 0 0 0 0 0 0 0 0 0 0 0 0 0 0 0 0 0 0 0 3 38506 0 0 0 0 0 110 0 0 12041219 21204433 17511665 0 0 0 20313594 0 0 0 0 
0 0 0 0 0 0 0 0 0 0 0 0 0 0 0 0 0 0 0 0 0 0 0 3 38506 0 0 0 0 0 110 0 0 12041219 21204433 17511665 0 0 0 20313594 0 0 0 0 
0 0 0 0 0 0 0 0 0 0 0 0 0 0 0 0 0 0 0 0 0 0 0 3 38506 0 0 0 0 0 110 0 0 12041219 21204433 17511665 0 0 0 20313594 0 0 0 0 
0 0 0 0 0 0 0 0 0 0 0 0 0 0 0 0 0 0 0 0 0 0 0 3 38506 0 0 0 0 0 110 0 0 12041219 21204433 17511665 0 0 0 20313594 0 0 0 0 
0 0 0 0 0 0 0 0 0 0 0 0 0 0 0 0 0 0 0 0 0 0 0 3 38506 0 0 0 0 0 110 0 0 12041219 21204433 17511665 0 0 0 20313594 0 0 0 0 
0 0 0 0 0 0 0 0 0 0 0 0 0 0 0 0 0 0 0 0 0 0 0 3 38506 0 0 0 0 0 110 0 0 12041219 21204433 17511665 0 0 0 20313594 0 0 0 0 
0 0 0 0 0 0 0 0 0 0 0 0 0 0 0 0 0 0 0 0 0 0 0 3 38506 0 0 0 0 0 110 0 0 12041219 21204433 17511665 0 0 0 20313594 0 0 0 0 
0 0 0 0 0 0 0 0 0 0 0 0 0 0 0 0 0 0 0 0 0 0 0 3 38506 0 0 0 0 0 110 0 0 12041219 21204433 17511665 0 0 0 20313594 0 0 0 0 
====>
0 0 0 0 0 0 0 0 0 0 0 0 0 0 0 0 0 0 0 0 0 0 0 3 0 38508 38497 0 0 118 0 0 0 38725410 12036185 0 0 0 0 0 20317017 0 0 0 
0 0 0 0 0 0 0 0 0 0 0 0 0 0 0 0 0 0 0 0 0 0 0 3 0 38508 38497 0 0 118 0 0 0 38726090 12036185 0 0 0 0 0 20317680 0 0 0 
0 0 0 0 0 0 0 0 0 0 0 0 0 0 0 0 0 0 0 0 0 0 0 3 0 38508 38497 0 0 118 0 0 0 38726790 12036185 0 0 0 0 0 20318342 0 0 0 
0 0 0 0 0 0 0 0 0 0 0 0 0 0 0 0 0 0 0 0 0 0 0 3 0 38508 38497 0 0 118 0 0 0 38727525 12036185 0 0 0 0 0 20319075 0 0 0 
0 0 0 0 0 0 0 0 0 0 0 0 0 0 0 0 0 0 0 0 0 0 0 3 0 38508 38497 0 0 118 0 0 0 38728234 12036185 0 0 0 0 0 20319773 0 0 0 
0 0 0 0 0 0 0 0 0 0 0 0 0 0 0 0 0 0 0 0 0 0 0 3 0 38508 38497 0 0 118 0 0 0 38728882 12036185 0 0 0 0 0 20320417 0 0 0 
0 0 0 0 0 0 0 0 0 0 0 0 0 0 0 0 0 0 0 0 0 0 0 3 0 38508 38497 0 0 118 0 0 0 38729467 12036185 0 0 0 0 0 20320987 0 0 0 
0 0 0 0 0 0 0 0 0 0 0 0 0 0 0 0 0 0 0 0 0 0 0 3 0 38508 38497 0 0 118 0 0 0 38730039 12036185 0 0 0 0 0 20321556 0 0 0 
0 0 0 0 0 0 0 0 0 0 0 0 0 0 0 0 0 0 0 0 0 0 0 3 0 38508 38497 0 0 118 0 0 0 38730969 12036185 0 0 0 0 0 20322389 0 0 0 
0 0 0 0 0 0 0 0 0 0 0 0 0 0 0 0 0 0 0 0 0 0 0 3 0 38508 38497 0 0 118 0 0 0 38731620 12036185 0 0 0 0 0 20323023 0 0 0 
0 0 0 0 0 0 0 0 0 0 0 0 0 0 0 0 0 0 0 0 0 0 0 3 0 38508 38497 0 0 118 0 0 0 38732429 12036185 0 0 0 0 0 20323804 0 0 0 
0 0 0 0 0 0 0 0 0 0 0 0 0 0 0 0 0 0 0 0 0 0 0 3 0 38508 38497 0 0 118 0 0 0 38733111 12036185 0 0 0 0 0 20324475 0 0 0 
0 0 0 0 0 0 0 0 0 0 0 0 0 0 0 0 0 0 0 0 0 0 0 3 0 38508 38497 0 0 118 0 0 0 38733871 12036185 0 0 0 0 0 20325181 0 0 0 
0 0 0 0 0 0 0 0 0 0 0 0 0 0 0 0 0 0 0 0 0 0 0 3 0 38508 38497 0 0 118 0 0 0 38734565 12036185 0 0 0 0 0 20325847 0 0 0 
0 0 0 0 0 0 0 0 0 0 0 0 0 0 0 0 0 0 0 0 0 0 0 3 0 38508 38497 0 0 118 0 0 0 38735230 12036185 0 0 0 0 0 20326500 0 0 0 
0 0 0 0 0 0 0 0 0 0 0 0 0 0 0 0 0 0 0 0 0 0 0 3 0 38508 38497 0 0 118 0 0 0 38736012 12036185 0 0 0 0 0 20327258 0 0 0 
0 0 0 0 0 0 0 0 0 0 0 0 0 0 0 0 0 0 0 0 0 0 0 3 0 38508 38497 0 0 118 0 0 0 38736893 12036185 0 0 0 0 0 20328074 0 0 0 
0 0 0 0 0 0 0 0 0 0 0 0 0 0 0 0 0 0 0 0 0 0 0 3 0 38508 38497 0 0 118 0 0 0 38737490 12036185 0 0 0 0 0 20328660 0 0 0 
0 0 0 0 0 0 0 0 0 0 0 0 0 0 0 0 0 0 0 0 0 0 0 3 0 38508 38497 0 0 118 0 0 0 38738293 12036185 0 0 0 0 0 20329362 0 0 0 
0 0 0 0 0 0 0 0 0 0 0 0 0 0 0 0 0 0 0 0 0 0 0 3 0 38508 38497 0 0 118 0 0 0 38738884 12036185 0 0 0 0 0 20329948 0 0 0 
0 0 0 0 0 0 0 0 0 0 0 0 0 0 0 0 0 0 0 0 0 0 0 3 0 38508 38497 0 0 118 0 0 0 38739492 12036185 0 0 0 0 0 20330525 0 0 0 
0 0 0 0 0 0 0 0 0 0 0 0 0 0 0 0 0 0 0 0 0 0 0 3 0 38508 38497 0 0 118 0 0 0 38740140 12036185 0 0 0 0 0 20331134 0 0 0 
0 0 0 0 0 0 0 0 0 0 0 0 0 0 0 0 0 0 0 0 0 0 0 3 38510 0 0 0 0 0 118 0 0 12041232 21219896 17512295 0 0 0 20328025 0 0 0 0 
0 0 0 0 0 0 0 0 0 0 0 0 0 0 0 0 0 0 0 0 0 0 0 3 38510 0 0 0 0 0 118 0 0 12041232 21219896 17512295 0 0 0 20328025 0 0 0 0 
0 0 0 0 0 0 0 0 0 0 0 0 0 0 0 0 0 0 0 0 0 0 0 3 38510 0 0 0 0 0 118 0 0 12041232 21219896 17512295 0 0 0 20328025 0 0 0 0 
0 0 0 0 0 0 0 0 0 0 0 0 0 0 0 0 0 0 0 0 0 0 0 3 38510 0 0 0 0 0 118 0 0 12041232 21219896 17512295 0 0 0 20328025 0 0 0 0 
0 0 0 0 0 0 0 0 0 0 0 0 0 0 0 0 0 0 0 0 0 0 0 3 38510 0 0 0 0 0 118 0 0 12041232 21219896 17512295 0 0 0 20328025 0 0 0 0 
