0 0 0 0 0 0 0 0 0 0 0 0 0 0 0 0 0 0 0 0 0 0 0 3 0 28006 28002 0 0 113 0 0 22 24028551 0 0 0 0 0 0 10386534 713 0 0 
0 0 0 0 0 0 0 0 0 0 0 0 0 0 0 0 0 0 0 0 0 0 0 3 28005 0 0 7 0 0 114 22 0 4965489 11371195 7691083 0 0 0 10387753 0 0 713 0 
0 0 0 0 0 0 0 0 0 0 0 0 0 0 0 0 0 0 0 0 0 0 0 3 0 28006 28002 0 0 113 0 0 22 24028551 0 0 0 0 0 0 10386534 713 0 0 
0 0 0 0 0 0 0 0 0 0 0 0 0 0 0 0 0 0 0 0 0 0 0 3 28005 0 0 7 0 0 114 22 0 4965489 11371195 7691083 0 0 0 10387753 0 0 713 0 
0 0 0 0 0 0 0 0 0 0 0 0 0 0 0 0 0 0 0 0 0 0 0 3 0 28006 28002 0 0 113 0 0 22 24028551 0 0 0 0 0 0 10386534 713 0 0 
0 0 0 0 0 0 0 0 0 0 0 0 0 0 0 0 0 0 0 0 0 0 0 3 28005 0 0 7 0 0 114 22 0 4965489 11371195 7691083 0 0 0 10387753 0 0 713 0 
0 0 0 0 0 0 0 0 0 0 0 0 0 0 0 0 0 0 0 0 0 0 0 3 0 28006 28002 0 0 113 0 0 22 24028551 0 0 0 0 0 0 10386534 713 0 0 
0 0 0 0 0 0 0 0 0 0 0 0 0 0 0 0 0 0 0 0 0 0 0 3 28005 0 0 7 0 0 114 22 0 4965489 11371195 7691083 0 0 0 10387753 0 0 713 0 
0 0 0 0 0 0 0 0 0 0 0 0 0 0 0 0 0 0 0 0 0 0 0 3 0 28006 28002 0 0 113 0 0 22 24028551 0 0 0 0 0 0 10386534 713 0 0 
0 0 0 0 0 0 0 0 0 0 0 0 0 0 0 0 0 0 0 0 0 0 0 3 28005 0 0 7 0 0 114 22 0 4965489 11371195 7691083 0 0 0 10387753 0 0 713 0 
0 0 0 0 0 0 0 0 0 0 0 0 0 0 0 0 0 0 0 0 0 0 0 3 0 28006 28002 0 0 113 0 0 22 24028551 0 0 0 0 0 0 10386534 713 0 0 
0 0 0 0 0 0 0 0 0 0 0 0 0 0 0 0 0 0 0 0 0 0 0 3 28005 0 0 7 0 0 114 22 0 4965489 11371195 7691083 0 0 0 10387753 0 0 713 0 
====>
0 0 0 0 0 0 0 0 0 0 0 0 0 0 0 0 0 0 0 0 0 0 0 3 0 28050 28050 0 0 120 0 0 22 24048903 0 0 0 0 0 0 10388662 713 0 0 
0 0 0 0 0 0 0 0 0 0 0 0 0 0 0 0 0 0 0 0 0 0 0 3 28053 0 0 7 0 0 121 22 0 4966427 11388381 7693319 0 0 0 10389881 0 0 713 0 
0 0 0 0 0 0 0 0 0 0 0 0 0 0 0 0 0 0 0 0 0 0 0 3 0 28066 28062 0 0 120 0 0 22 24081221 0 0 0 0 0 0 10399541 713 0 0 
0 0 0 0 0 0 0 0 0 0 0 0 0 0 0 0 0 0 0 0 0 0 0 3 28065 0 0 7 0 0 121 22 0 4975189 11401711 7703557 0 0 0 10400761 0 0 713 0 
0 0 0 0 0 0 0 0 0 0 0 0 0 0 0 0 0 0 0 0 0 0 0 3 0 28118 28118 0 0 120 0 0 22 24099756 0 0 0 0 0 0 10407164 713 0 0 
0 0 0 0 0 0 0 0 0 0 0 0 0 0 0 0 0 0 0 0 0 0 0 3 28121 0 0 7 0 0 121 22 0 4977022 11410902 7711069 0 0 0 10408386 0 0 713 0 
0 0 0 0 0 0 0 0 0 0 0 0 0 0 0 0 0 0 0 0 0 0 0 3 0 28174 28170 0 0 120 0 0 22 24133181 0 0 0 0 0 0 10421146 713 0 0 
0 0 0 0 0 0 0 0 0 0 0 0 0 0 0 0 0 0 0 0 0 0 0 3 28173 0 0 7 0 0 121 22 0 4983380 11424397 7724635 0 0 0 10422372 0 0 713 0 
0 0 0 0 0 0 0 0 0 0 0 0 0 0 0 0 0 0 0 0 0 0 0 3 0 28202 28202 0 0 120 0 0 22 24166106 0 0 0 0 0 0 10434377 713 0 0 
0 0 0 0 0 0 0 0 0 0 0 0 0 0 0 0 0 0 0 0 0 0 0 3 28205 0 0 7 0 0 121 22 0 4991274 11436946 7737105 0 0 0 10435605 0 0 713 0 
0 0 0 0 0 0 0 0 0 0 0 0 0 0 0 0 0 0 0 0 0 0 0 3 0 28238 28238 0 0 120 0 0 22 24190281 0 0 0 0 0 0 10446311 713 0 0 
0 0 0 0 0 0 0 0 0 0 0 0 0 0 0 0 0 0 0 0 0 0 0 3 28241 0 0 7 0 0 121 22 0 4995705 11450106 7743689 0 0 0 10447539 0 0 713 0 
0 0 0 0 0 0 0 0 0 0 0 0 0 0 0 0 0 0 0 0 0 0 0 3 0 28294 28294 0 0 120 0 0 22 24220697 0 0 0 0 0 0 10459752 713 0 0 
0 0 0 0 0 0 0 0 0 0 0 0 0 0 0 0 0 0 0 0 0 0 0 3 28297 0 0 7 0 0 121 22 0 5001396 11463224 7755292 0 0 0 10460981 0 0 713 0 
0 0 0 0 0 0 0 0 0 0 0 0 0 0 0 0 0 0 0 0 0 0 0 3 0 28350 28349 0 0 120 0 0 22 24255571 0 0 0 0 0 0 10473047 713 0 0 
0 0 0 0 0 0 0 0 0 0 0 0 0 0 0 0 0 0 0 0 0 0 0 3 28353 0 0 7 0 0 121 22 0 5010423 11476633 7767725 0 0 0 10474278 0 0 713 0 
0 0 0 0 0 0 0 0 0 0 0 0 0 0 0 0 0 0 0 0 0 0 0 3 0 28358 28357 0 0 120 0 0 22 24269695 0 0 0 0 0 0 10479125 713 0 0 
0 0 0 0 0 0 0 0 0 0 0 0 0 0 0 0 0 0 0 0 0 0 0 3 28361 0 0 7 0 0 121 22 0 5013746 11483045 7772115 0 0 0 10480356 0 0 713 0 
0 0 0 0 0 0 0 0 0 0 0 0 0 0 0 0 0 0 0 0 0 0 0 3 0 28414 28413 0 0 120 0 0 22 24300139 0 0 0 0 0 0 10493184 713 0 0 
0 0 0 0 0 0 0 0 0 0 0 0 0 0 0 0 0 0 0 0 0 0 0 3 28417 0 0 7 0 0 121 22 0 5019433 11496880 7783029 0 0 0 10494418 0 0 713 0 
0 0 0 0 0 0 0 0 0 0 0 0 0 0 0 0 0 0 0 0 0 0 0 3 0 28470 28469 0 0 120 0 0 22 24337039 0 0 0 0 0 0 10508189 713 0 0 
0 0 0 0 0 0 0 0 0 0 0 0 0 0 0 0 0 0 0 0 0 0 0 3 28473 0 0 7 0 0 121 22 0 5028451 11511997 7795789 0 0 0 10509427 0 0 713 0 
0 0 0 0 0 0 0 0 0 0 0 0 0 0 0 0 0 0 0 0 0 0 0 3 0 28480 28477 0 0 120 0 0 22 24361318 0 0 0 0 0 0 10516841 713 0 0 
0 0 0 0 0 0 0 0 0 0 0 0 0 0 0 0 0 0 0 0 0 0 0 3 28481 0 0 7 0 0 121 22 0 5033402 11523664 7803450 0 0 0 10518078 0 0 713 0 
0 0 0 0 0 0 0 0 0 0 0 0 0 0 0 0 0 0 0 0 0 0 0 3 0 28538 28537 0 0 120 0 0 22 24385878 0 0 0 0 0 0 10528264 713 0 0 
0 0 0 0 0 0 0 0 0 0 0 0 0 0 0 0 0 0 0 0 0 0 0 3 28541 0 0 7 0 0 121 22 0 5038675 11532853 7813541 0 0 0 10529502 0 0 713 0 
0 0 0 0 0 0 0 0 0 0 0 0 0 0 0 0 0 0 0 0 0 0 0 3 0 28594 28589 0 0 120 0 0 22 24420142 0 0 0 0 0 0 10542443 713 0 0 
0 0 0 0 0 0 0 0 0 0 0 0 0 0 0 0 0 0 0 0 0 0 0 3 28593 0 0 7 0 0 121 22 0 5046448 11546465 7826408 0 0 0 10543682 0 0 713 0 
0 0 0 0 0 0 0 0 0 0 0 0 0 0 0 0 0 0 0 0 0 0 0 3 0 28617 28613 0 0 120 0 0 22 24455980 0 0 0 0 0 0 10559058 713 0 0 
0 0 0 0 0 0 0 0 0 0 0 0 0 0 0 0 0 0 0 0 0 0 0 3 28617 0 0 7 0 0 121 22 0 5054076 11562467 7838607 0 0 0 10560300 0 0 713 0 
0 0 0 0 0 0 0 0 0 0 0 0 0 0 0 0 0 0 0 0 0 0 0 3 0 28658 28657 0 0 120 0 0 22 24475901 0 0 0 0 0 0 10566912 713 0 0 
0 0 0 0 0 0 0 0 0 0 0 0 0 0 0 0 0 0 0 0 0 0 0 3 28661 0 0 7 0 0 121 22 0 5058605 11571350 7845116 0 0 0 10568154 0 0 713 0 
0 0 0 0 0 0 0 0 0 0 0 0 0 0 0 0 0 0 0 0 0 0 0 3 0 28714 28713 0 0 120 0 0 22 24505496 0 0 0 0 0 0 10580065 713 0 0 
0 0 0 0 0 0 0 0 0 0 0 0 0 0 0 0 0 0 0 0 0 0 0 3 28717 0 0 7 0 0 121 22 0 5064370 11584309 7855973 0 0 0 10581309 0 0 713 0 
0 0 0 0 0 0 0 0 0 0 0 0 0 0 0 0 0 0 0 0 0 0 0 3 0 28770 28769 0 0 120 0 0 22 24542594 0 0 0 0 0 0 10595043 713 0 0 
0 0 0 0 0 0 0 0 0 0 0 0 0 0 0 0 0 0 0 0 0 0 0 3 28773 0 0 7 0 0 121 22 0 5073384 11599397 7868963 0 0 0 10596287 0 0 713 0 
0 0 0 0 0 0 0 0 0 0 0 0 0 0 0 0 0 0 0 0 0 0 0 3 0 28782 28777 0 0 120 0 0 22 24566897 0 0 0 0 0 0 10603565 713 0 0 
0 0 0 0 0 0 0 0 0 0 0 0 0 0 0 0 0 0 0 0 0 0 0 3 28781 0 0 7 0 0 121 22 0 5078652 11610846 7876548 0 0 0 10604809 0 0 713 0 
0 0 0 0 0 0 0 0 0 0 0 0 0 0 0 0 0 0 0 0 0 0 0 3 0 28838 28837 0 0 120 0 0 22 24591945 0 0 0 0 0 0 10616141 713 0 0 
0 0 0 0 0 0 0 0 0 0 0 0 0 0 0 0 0 0 0 0 0 0 0 3 28841 0 0 7 0 0 121 22 0 5083653 11621299 7886136 0 0 0 10617387 0 0 713 0 
0 0 0 0 0 0 0 0 0 0 0 0 0 0 0 0 0 0 0 0 0 0 0 3 0 28890 28889 0 0 120 0 0 22 24625016 0 0 0 0 0 0 10630036 713 0 0 
0 0 0 0 0 0 0 0 0 0 0 0 0 0 0 0 0 0 0 0 0 0 0 3 28893 0 0 7 0 0 121 22 0 5091396 11634610 7898150 0 0 0 10631284 0 0 713 0 
0 0 0 0 0 0 0 0 0 0 0 0 0 0 0 0 0 0 0 0 0 0 0 3 0 28906 28901 0 0 120 0 0 22 24654472 0 0 0 0 0 0 10640234 713 0 0 
0 0 0 0 0 0 0 0 0 0 0 0 0 0 0 0 0 0 0 0 0 0 0 3 28905 0 0 7 0 0 121 22 0 5098856 11647335 7907419 0 0 0 10641484 0 0 713 0 
0 0 0 0 0 0 0 0 0 0 0 0 0 0 0 0 0 0 0 0 0 0 0 3 0 28958 28957 0 0 120 0 0 22 24678478 0 0 0 0 0 0 10652496 713 0 0 
0 0 0 0 0 0 0 0 0 0 0 0 0 0 0 0 0 0 0 0 0 0 0 3 28961 0 0 7 0 0 121 22 0 5103443 11657453 7916712 0 0 0 10653748 0 0 713 0 
0 0 0 0 0 0 0 0 0 0 0 0 0 0 0 0 0 0 0 0 0 0 0 3 0 29014 29013 0 0 120 0 0 22 24710298 0 0 0 0 0 0 10667281 713 0 0 
0 0 0 0 0 0 0 0 0 0 0 0 0 0 0 0 0 0 0 0 0 0 0 3 29017 0 0 7 0 0 121 22 0 5109398 11672073 7927948 0 0 0 10668532 0 0 713 0 
0 0 0 0 0 0 0 0 0 0 0 0 0 0 0 0 0 0 0 0 0 0 0 3 0 29042 29041 0 0 120 0 0 22 24744417 0 0 0 0 0 0 10681870 713 0 0 
0 0 0 0 0 0 0 0 0 0 0 0 0 0 0 0 0 0 0 0 0 0 0 3 29045 0 0 7 0 0 121 22 0 5117331 11685977 7940231 0 0 0 10683120 0 0 713 0 
0 0 0 0 0 0 0 0 0 0 0 0 0 0 0 0 0 0 0 0 0 0 0 3 0 29078 29076 0 0 120 0 0 22 24764636 0 0 0 0 0 0 10689960 713 0 0 
0 0 0 0 0 0 0 0 0 0 0 0 0 0 0 0 0 0 0 0 0 0 0 3 29081 0 0 7 0 0 121 22 0 5121523 11695097 7947139 0 0 0 10691211 0 0 713 0 
0 0 0 0 0 0 0 0 0 0 0 0 0 0 0 0 0 0 0 0 0 0 0 3 0 29134 29132 0 0 120 0 0 22 24795629 0 0 0 0 0 0 10703400 713 0 0 
0 0 0 0 0 0 0 0 0 0 0 0 0 0 0 0 0 0 0 0 0 0 0 3 29137 0 0 7 0 0 121 22 0 5127404 11708410 7958931 0 0 0 10704654 0 0 713 0 
0 0 0 0 0 0 0 0 0 0 0 0 0 0 0 0 0 0 0 0 0 0 0 3 0 29190 29188 0 0 120 0 0 22 24832261 0 0 0 0 0 0 10718781 713 0 0 
0 0 0 0 0 0 0 0 0 0 0 0 0 0 0 0 0 0 0 0 0 0 0 3 29193 0 0 7 0 0 121 22 0 5136408 11723903 7971059 0 0 0 10720036 0 0 713 0 
0 0 0 0 0 0 0 0 0 0 0 0 0 0 0 0 0 0 0 0 0 0 0 3 0 29198 29196 0 0 120 0 0 22 24850401 0 0 0 0 0 0 10726049 713 0 0 
0 0 0 0 0 0 0 0 0 0 0 0 0 0 0 0 0 0 0 0 0 0 0 3 29201 0 0 7 0 0 121 22 0 5140266 11732013 7977229 0 0 0 10727305 0 0 713 0 
0 0 0 0 0 0 0 0 0 0 0 0 0 0 0 0 0 0 0 0 0 0 0 3 0 29254 29252 0 0 120 0 0 22 24878404 0 0 0 0 0 0 10738532 713 0 0 
0 0 0 0 0 0 0 0 0 0 0 0 0 0 0 0 0 0 0 0 0 0 0 3 29257 0 0 7 0 0 121 22 0 5145407 11743764 7988340 0 0 0 10739789 0 0 713 0 
0 0 0 0 0 0 0 0 0 0 0 0 0 0 0 0 0 0 0 0 0 0 0 3 0 29310 29308 0 0 120 0 0 22 24917866 0 0 0 0 0 0 10755530 713 0 0 
0 0 0 0 0 0 0 0 0 0 0 0 0 0 0 0 0 0 0 0 0 0 0 3 29313 0 0 7 0 0 121 22 0 5154478 11760872 8001624 0 0 0 10756787 0 0 713 0 
0 0 0 0 0 0 0 0 0 0 0 0 0 0 0 0 0 0 0 0 0 0 0 3 0 29322 29320 0 0 120 0 0 22 24944939 0 0 0 0 0 0 10765709 713 0 0 
0 0 0 0 0 0 0 0 0 0 0 0 0 0 0 0 0 0 0 0 0 0 0 3 29325 0 0 7 0 0 121 22 0 5160912 11773626 8009507 0 0 0 10766966 0 0 713 0 
0 0 0 0 0 0 0 0 0 0 0 0 0 0 0 0 0 0 0 0 0 0 0 3 0 29378 29376 0 0 120 0 0 22 24965532 0 0 0 0 0 0 10775309 713 0 0 
0 0 0 0 0 0 0 0 0 0 0 0 0 0 0 0 0 0 0 0 0 0 0 3 29381 0 0 7 0 0 121 22 0 5165102 11781296 8018240 0 0 0 10776568 0 0 713 0 
0 0 0 0 0 0 0 0 0 0 0 0 0 0 0 0 0 0 0 0 0 0 0 3 0 29434 29428 0 0 120 0 0 22 24999335 0 0 0 0 0 0 10789729 713 0 0 
0 0 0 0 0 0 0 0 0 0 0 0 0 0 0 0 0 0 0 0 0 0 0 3 29433 0 0 7 0 0 121 22 0 5172487 11795288 8030664 0 0 0 10790990 0 0 713 0 
0 0 0 0 0 0 0 0 0 0 0 0 0 0 0 0 0 0 0 0 0 0 0 3 0 29458 29455 0 0 120 0 0 22 25035710 0 0 0 0 0 0 10805487 713 0 0 
0 0 0 0 0 0 0 0 0 0 0 0 0 0 0 0 0 0 0 0 0 0 0 3 29461 0 0 7 0 0 121 22 0 5180417 11810363 8044025 0 0 0 10806751 0 0 713 0 
0 0 0 0 0 0 0 0 0 0 0 0 0 0 0 0 0 0 0 0 0 0 0 3 0 29498 29495 0 0 120 0 0 22 25053915 0 0 0 0 0 0 10812629 713 0 0 
0 0 0 0 0 0 0 0 0 0 0 0 0 0 0 0 0 0 0 0 0 0 0 3 29501 0 0 7 0 0 121 22 0 5184788 11818431 8049791 0 0 0 10813895 0 0 713 0 
0 0 0 0 0 0 0 0 0 0 0 0 0 0 0 0 0 0 0 0 0 0 0 3 0 29554 29551 0 0 120 0 0 22 25084317 0 0 0 0 0 0 10824846 713 0 0 
0 0 0 0 0 0 0 0 0 0 0 0 0 0 0 0 0 0 0 0 0 0 0 3 29557 0 0 7 0 0 121 22 0 5190543 11830629 8062235 0 0 0 10826111 0 0 713 0 
0 0 0 0 0 0 0 0 0 0 0 0 0 0 0 0 0 0 0 0 0 0 0 3 0 29610 29607 0 0 120 0 0 22 25120517 0 0 0 0 0 0 10839277 713 0 0 
0 0 0 0 0 0 0 0 0 0 0 0 0 0 0 0 0 0 0 0 0 0 0 3 29613 0 0 7 0 0 121 22 0 5199554 11845171 8074880 0 0 0 10840544 0 0 713 0 
0 0 0 0 0 0 0 0 0 0 0 0 0 0 0 0 0 0 0 0 0 0 0 3 0 29618 29615 0 0 120 0 0 22 25143571 0 0 0 0 0 0 10851484 713 0 0 
0 0 0 0 0 0 0 0 0 0 0 0 0 0 0 0 0 0 0 0 0 0 0 3 29621 0 0 7 0 0 121 22 0 5203210 11858135 8081316 0 0 0 10852751 0 0 713 0 
0 0 0 0 0 0 0 0 0 0 0 0 0 0 0 0 0 0 0 0 0 0 0 3 0 29674 29671 0 0 120 0 0 22 25169552 0 0 0 0 0 0 10861872 713 0 0 
0 0 0 0 0 0 0 0 0 0 0 0 0 0 0 0 0 0 0 0 0 0 0 3 29677 0 0 7 0 0 121 22 0 5208633 11867874 8092131 0 0 0 10863141 0 0 713 0 
0 0 0 0 0 0 0 0 0 0 0 0 0 0 0 0 0 0 0 0 0 0 0 3 0 29730 29727 0 0 120 0 0 22 25206773 0 0 0 0 0 0 10877176 713 0 0 
0 0 0 0 0 0 0 0 0 0 0 0 0 0 0 0 0 0 0 0 0 0 0 3 29733 0 0 7 0 0 121 22 0 5217661 11883292 8104899 0 0 0 10878448 0 0 713 0 
0 0 0 0 0 0 0 0 0 0 0 0 0 0 0 0 0 0 0 0 0 0 0 3 0 29738 29735 0 0 120 0 0 22 25227065 0 0 0 0 0 0 10887812 713 0 0 
0 0 0 0 0 0 0 0 0 0 0 0 0 0 0 0 0 0 0 0 0 0 0 3 29741 0 0 7 0 0 121 22 0 5221077 11894331 8110736 0 0 0 10889083 0 0 713 0 
0 0 0 0 0 0 0 0 0 0 0 0 0 0 0 0 0 0 0 0 0 0 0 3 0 29794 29791 0 0 120 0 0 22 25256311 0 0 0 0 0 0 10900244 713 0 0 
0 0 0 0 0 0 0 0 0 0 0 0 0 0 0 0 0 0 0 0 0 0 0 3 29797 0 0 7 0 0 121 22 0 5226718 11906467 8122202 0 0 0 10901516 0 0 713 0 
0 0 0 0 0 0 0 0 0 0 0 0 0 0 0 0 0 0 0 0 0 0 0 3 0 29850 29847 0 0 120 0 0 22 25291111 0 0 0 0 0 0 10913318 713 0 0 
0 0 0 0 0 0 0 0 0 0 0 0 0 0 0 0 0 0 0 0 0 0 0 3 29853 0 0 7 0 0 121 22 0 5235718 11919652 8134813 0 0 0 10914592 0 0 713 0 
0 0 0 0 0 0 0 0 0 0 0 0 0 0 0 0 0 0 0 0 0 0 0 3 0 29858 29855 0 0 120 0 0 22 25307899 0 0 0 0 0 0 10920136 713 0 0 
0 0 0 0 0 0 0 0 0 0 0 0 0 0 0 0 0 0 0 0 0 0 0 3 29861 0 0 7 0 0 121 22 0 5239422 11927166 8140382 0 0 0 10921410 0 0 713 0 
0 0 0 0 0 0 0 0 0 0 0 0 0 0 0 0 0 0 0 0 0 0 0 3 0 29914 29911 0 0 120 0 0 22 25336498 0 0 0 0 0 0 10932962 713 0 0 
0 0 0 0 0 0 0 0 0 0 0 0 0 0 0 0 0 0 0 0 0 0 0 3 29917 0 0 7 0 0 121 22 0 5244746 11939405 8151416 0 0 0 10934238 0 0 713 0 
0 0 0 0 0 0 0 0 0 0 0 0 0 0 0 0 0 0 0 0 0 0 0 3 0 29970 29967 0 0 120 0 0 22 25373618 0 0 0 0 0 0 10948148 713 0 0 
0 0 0 0 0 0 0 0 0 0 0 0 0 0 0 0 0 0 0 0 0 0 0 3 29973 0 0 7 0 0 121 22 0 5253808 11954704 8164173 0 0 0 10949426 0 0 713 0 
0 0 0 0 0 0 0 0 0 0 0 0 0 0 0 0 0 0 0 0 0 0 0 3 0 29983 29979 0 0 120 0 0 22 25403433 0 0 0 0 0 0 10958748 713 0 0 
0 0 0 0 0 0 0 0 0 0 0 0 0 0 0 0 0 0 0 0 0 0 0 3 29985 0 0 7 0 0 121 22 0 5261097 11967924 8173476 0 0 0 10960028 0 0 713 0 
0 0 0 0 0 0 0 0 0 0 0 0 0 0 0 0 0 0 0 0 0 0 0 3 0 30038 30035 0 0 120 0 0 22 25427186 0 0 0 0 0 0 10970205 713 0 0 
0 0 0 0 0 0 0 0 0 0 0 0 0 0 0 0 0 0 0 0 0 0 0 3 30041 0 0 7 0 0 121 22 0 5265908 11977069 8183266 0 0 0 10971486 0 0 713 0 
0 0 0 0 0 0 0 0 0 0 0 0 0 0 0 0 0 0 0 0 0 0 0 3 0 30094 30091 0 0 120 0 0 22 25456230 0 0 0 0 0 0 10981906 713 0 0 
0 0 0 0 0 0 0 0 0 0 0 0 0 0 0 0 0 0 0 0 0 0 0 3 30097 0 0 7 0 0 121 22 0 5271818 11988682 8194778 0 0 0 10983189 0 0 713 0 
0 0 0 0 0 0 0 0 0 0 0 0 0 0 0 0 0 0 0 0 0 0 0 3 0 30150 30147 0 0 120 0 0 22 25493323 0 0 0 0 0 0 10996605 713 0 0 
0 0 0 0 0 0 0 0 0 0 0 0 0 0 0 0 0 0 0 0 0 0 0 3 30153 0 0 7 0 0 121 22 0 5280830 12003495 8208032 0 0 0 10997892 0 0 713 0 
0 0 0 0 0 0 0 0 0 0 0 0 0 0 0 0 0 0 0 0 0 0 0 3 0 30162 30159 0 0 120 0 0 22 25520234 0 0 0 0 0 0 11006303 713 0 0 
0 0 0 0 0 0 0 0 0 0 0 0 0 0 0 0 0 0 0 0 0 0 0 3 30165 0 0 7 0 0 121 22 0 5287004 12015918 8216341 0 0 0 11007590 0 0 713 0 
0 0 0 0 0 0 0 0 0 0 0 0 0 0 0 0 0 0 0 0 0 0 0 3 0 30218 30211 0 0 120 0 0 22 25541192 0 0 0 0 0 0 11017846 713 0 0 
0 0 0 0 0 0 0 0 0 0 0 0 0 0 0 0 0 0 0 0 0 0 0 3 30217 0 0 7 0 0 121 22 0 5289842 12024844 8225530 0 0 0 11019135 0 0 713 0 
0 0 0 0 0 0 0 0 0 0 0 0 0 0 0 0 0 0 0 0 0 0 0 3 0 30269 30267 0 0 120 0 0 22 25579083 0 0 0 0 0 0 11033278 713 0 0 
0 0 0 0 0 0 0 0 0 0 0 0 0 0 0 0 0 0 0 0 0 0 0 3 30273 0 0 7 0 0 121 22 0 5298776 12040390 8238938 0 0 0 11034570 0 0 713 0 
0 0 0 0 0 0 0 0 0 0 0 0 0 0 0 0 0 0 0 0 0 0 0 3 0 30301 30299 0 0 120 0 0 22 25612844 0 0 0 0 0 0 11047407 713 0 0 
0 0 0 0 0 0 0 0 0 0 0 0 0 0 0 0 0 0 0 0 0 0 0 3 30305 0 0 7 0 0 121 22 0 5306667 12053835 8251363 0 0 0 11048701 0 0 713 0 
0 0 0 0 0 0 0 0 0 0 0 0 0 0 0 0 0 0 0 0 0 0 0 3 0 30337 30335 0 0 120 0 0 22 25634894 0 0 0 0 0 0 11057177 713 0 0 
0 0 0 0 0 0 0 0 0 0 0 0 0 0 0 0 0 0 0 0 0 0 0 3 30341 0 0 7 0 0 121 22 0 5311264 12064652 8257999 0 0 0 11058471 0 0 713 0 
0 0 0 0 0 0 0 0 0 0 0 0 0 0 0 0 0 0 0 0 0 0 0 3 0 30393 30391 0 0 120 0 0 22 25663387 0 0 0 0 0 0 11068376 713 0 0 
0 0 0 0 0 0 0 0 0 0 0 0 0 0 0 0 0 0 0 0 0 0 0 3 30397 0 0 7 0 0 121 22 0 5316893 12075706 8269812 0 0 0 11069669 0 0 713 0 
0 0 0 0 0 0 0 0 0 0 0 0 0 0 0 0 0 0 0 0 0 0 0 3 0 30449 30447 0 0 120 0 0 22 25701031 0 0 0 0 0 0 11083819 713 0 0 
0 0 0 0 0 0 0 0 0 0 0 0 0 0 0 0 0 0 0 0 0 0 0 3 30453 0 0 7 0 0 121 22 0 5325923 12091259 8282870 0 0 0 11085114 0 0 713 0 
0 0 0 0 0 0 0 0 0 0 0 0 0 0 0 0 0 0 0 0 0 0 0 3 0 30461 30455 0 0 120 0 0 22 25725310 0 0 0 0 0 0 11092446 713 0 0 
0 0 0 0 0 0 0 0 0 0 0 0 0 0 0 0 0 0 0 0 0 0 0 3 30461 0 0 7 0 0 121 22 0 5331144 12102842 8290346 0 0 0 11093741 0 0 713 0 
0 0 0 0 0 0 0 0 0 0 0 0 0 0 0 0 0 0 0 0 0 0 0 3 0 30517 30511 0 0 120 0 0 22 25751376 0 0 0 0 0 0 11108430 713 0 0 
0 0 0 0 0 0 0 0 0 0 0 0 0 0 0 0 0 0 0 0 0 0 0 3 30517 0 0 7 0 0 121 22 0 5335006 12115976 8299416 0 0 0 11109725 0 0 713 0 
0 0 0 0 0 0 0 0 0 0 0 0 0 0 0 0 0 0 0 0 0 0 0 3 0 30569 30567 0 0 120 0 0 22 25788217 0 0 0 0 0 0 11123036 713 0 0 
0 0 0 0 0 0 0 0 0 0 0 0 0 0 0 0 0 0 0 0 0 0 0 3 30573 0 0 7 0 0 121 22 0 5344028 12130695 8312496 0 0 0 11124332 0 0 713 0 
0 0 0 0 0 0 0 0 0 0 0 0 0 0 0 0 0 0 0 0 0 0 0 3 0 30597 30595 0 0 120 0 0 22 25821853 0 0 0 0 0 0 11136849 713 0 0 
0 0 0 0 0 0 0 0 0 0 0 0 0 0 0 0 0 0 0 0 0 0 0 3 30601 0 0 7 0 0 121 22 0 5351949 12143822 8325083 0 0 0 11138148 0 0 713 0 
0 0 0 0 0 0 0 0 0 0 0 0 0 0 0 0 0 0 0 0 0 0 0 3 0 30637 30635 0 0 120 0 0 22 25844530 0 0 0 0 0 0 11147823 713 0 0 
0 0 0 0 0 0 0 0 0 0 0 0 0 0 0 0 0 0 0 0 0 0 0 3 30641 0 0 7 0 0 121 22 0 5356260 12155915 8331355 0 0 0 11149122 0 0 713 0 
0 0 0 0 0 0 0 0 0 0 0 0 0 0 0 0 0 0 0 0 0 0 0 3 0 30693 30691 0 0 120 0 0 22 25874072 0 0 0 0 0 0 11159955 713 0 0 
0 0 0 0 0 0 0 0 0 0 0 0 0 0 0 0 0 0 0 0 0 0 0 3 30697 0 0 7 0 0 121 22 0 5362116 12167835 8343118 0 0 0 11161257 0 0 713 0 
0 0 0 0 0 0 0 0 0 0 0 0 0 0 0 0 0 0 0 0 0 0 0 3 0 30749 30747 0 0 120 0 0 22 25910439 0 0 0 0 0 0 11174112 713 0 0 
0 0 0 0 0 0 0 0 0 0 0 0 0 0 0 0 0 0 0 0 0 0 0 3 30753 0 0 7 0 0 121 22 0 5371087 12182105 8356235 0 0 0 11175415 0 0 713 0 
0 0 0 0 0 0 0 0 0 0 0 0 0 0 0 0 0 0 0 0 0 0 0 3 0 30777 30771 0 0 120 0 0 22 25944524 0 0 0 0 0 0 11188619 713 0 0 
0 0 0 0 0 0 0 0 0 0 0 0 0 0 0 0 0 0 0 0 0 0 0 3 30777 0 0 7 0 0 121 22 0 5378979 12195920 8368601 0 0 0 11189923 0 0 713 0 
0 0 0 0 0 0 0 0 0 0 0 0 0 0 0 0 0 0 0 0 0 0 0 3 0 30817 30815 0 0 120 0 0 22 25963376 0 0 0 0 0 0 11197561 713 0 0 
0 0 0 0 0 0 0 0 0 0 0 0 0 0 0 0 0 0 0 0 0 0 0 3 30821 0 0 7 0 0 121 22 0 5382817 12205788 8373747 0 0 0 11198865 0 0 713 0 
0 0 0 0 0 0 0 0 0 0 0 0 0 0 0 0 0 0 0 0 0 0 0 3 0 30873 30871 0 0 120 0 0 22 25994656 0 0 0 0 0 0 11210194 713 0 0 
0 0 0 0 0 0 0 0 0 0 0 0 0 0 0 0 0 0 0 0 0 0 0 3 30877 0 0 7 0 0 121 22 0 5389140 12218407 8386075 0 0 0 11211499 0 0 713 0 
0 0 0 0 0 0 0 0 0 0 0 0 0 0 0 0 0 0 0 0 0 0 0 3 0 30927 30923 0 0 120 0 0 22 26028505 0 0 0 0 0 0 11222951 713 0 0 
0 0 0 0 0 0 0 0 0 0 0 0 0 0 0 0 0 0 0 0 0 0 0 3 30929 0 0 7 0 0 121 22 0 5397921 12231389 8398158 0 0 0 11224258 0 0 713 0 
0 0 0 0 0 0 0 0 0 0 0 0 0 0 0 0 0 0 0 0 0 0 0 3 0 30937 30935 0 0 120 0 0 22 26051490 0 0 0 0 0 0 11235954 713 0 0 
0 0 0 0 0 0 0 0 0 0 0 0 0 0 0 0 0 0 0 0 0 0 0 3 30941 0 0 7 0 0 121 22 0 5401438 12244621 8404394 0 0 0 11237261 0 0 713 0 
0 0 0 0 0 0 0 0 0 0 0 0 0 0 0 0 0 0 0 0 0 0 0 3 0 30993 30991 0 0 120 0 0 22 26081369 0 0 0 0 0 0 11248872 713 0 0 
0 0 0 0 0 0 0 0 0 0 0 0 0 0 0 0 0 0 0 0 0 0 0 3 30997 0 0 7 0 0 121 22 0 5407247 12257305 8415780 0 0 0 11250181 0 0 713 0 
0 0 0 0 0 0 0 0 0 0 0 0 0 0 0 0 0 0 0 0 0 0 0 3 0 31049 31043 0 0 120 0 0 22 26118636 0 0 0 0 0 0 11264249 713 0 0 
0 0 0 0 0 0 0 0 0 0 0 0 0 0 0 0 0 0 0 0 0 0 0 3 31049 0 0 7 0 0 121 22 0 5416263 12272827 8428507 0 0 0 11265563 0 0 713 0 
0 0 0 0 0 0 0 0 0 0 0 0 0 0 0 0 0 0 0 0 0 0 0 3 0 31057 31055 0 0 120 0 0 22 26142324 0 0 0 0 0 0 11272760 713 0 0 
0 0 0 0 0 0 0 0 0 0 0 0 0 0 0 0 0 0 0 0 0 0 0 3 31061 0 0 7 0 0 121 22 0 5420973 12283685 8436628 0 0 0 11274074 0 0 713 0 
0 0 0 0 0 0 0 0 0 0 0 0 0 0 0 0 0 0 0 0 0 0 0 3 0 31117 31111 0 0 120 0 0 22 26167781 0 0 0 0 0 0 11286154 713 0 0 
0 0 0 0 0 0 0 0 0 0 0 0 0 0 0 0 0 0 0 0 0 0 0 3 31117 0 0 7 0 0 121 22 0 5425330 12294803 8446612 0 0 0 11287468 0 0 713 0 
0 0 0 0 0 0 0 0 0 0 0 0 0 0 0 0 0 0 0 0 0 0 0 3 0 31169 31167 0 0 120 0 0 22 26205643 0 0 0 0 0 0 11301771 713 0 0 
0 0 0 0 0 0 0 0 0 0 0 0 0 0 0 0 0 0 0 0 0 0 0 3 31173 0 0 7 0 0 121 22 0 5434366 12310535 8459702 0 0 0 11303087 0 0 713 0 
0 0 0 0 0 0 0 0 0 0 0 0 0 0 0 0 0 0 0 0 0 0 0 3 0 31195 31191 0 0 120 0 0 22 26238789 0 0 0 0 0 0 11315091 713 0 0 
0 0 0 0 0 0 0 0 0 0 0 0 0 0 0 0 0 0 0 0 0 0 0 3 31197 0 0 7 0 0 121 22 0 5442225 12323165 8472353 0 0 0 11316408 0 0 713 0 
0 0 0 0 0 0 0 0 0 0 0 0 0 0 0 0 0 0 0 0 0 0 0 3 0 31237 31235 0 0 120 0 0 22 26261727 0 0 0 0 0 0 11325268 713 0 0 
0 0 0 0 0 0 0 0 0 0 0 0 0 0 0 0 0 0 0 0 0 0 0 3 31241 0 0 7 0 0 121 22 0 5446765 12334578 8479337 0 0 0 11326584 0 0 713 0 
0 0 0 0 0 0 0 0 0 0 0 0 0 0 0 0 0 0 0 0 0 0 0 3 0 31297 31291 0 0 120 0 0 22 26290057 0 0 0 0 0 0 11336916 713 0 0 
0 0 0 0 0 0 0 0 0 0 0 0 0 0 0 0 0 0 0 0 0 0 0 3 31297 0 0 7 0 0 121 22 0 5452420 12345895 8490689 0 0 0 11338230 0 0 713 0 
0 0 0 0 0 0 0 0 0 0 0 0 0 0 0 0 0 0 0 0 0 0 0 3 0 31349 31347 0 0 120 0 0 22 26326410 0 0 0 0 0 0 11351106 713 0 0 
0 0 0 0 0 0 0 0 0 0 0 0 0 0 0 0 0 0 0 0 0 0 0 3 31353 0 0 7 0 0 121 22 0 5461437 12360197 8503716 0 0 0 11352421 0 0 713 0 
0 0 0 0 0 0 0 0 0 0 0 0 0 0 0 0 0 0 0 0 0 0 0 3 0 31373 31371 0 0 120 0 0 22 26358915 0 0 0 0 0 0 11364249 713 0 0 
0 0 0 0 0 0 0 0 0 0 0 0 0 0 0 0 0 0 0 0 0 0 0 3 31377 0 0 7 0 0 121 22 0 5469097 12372527 8516229 0 0 0 11365567 0 0 713 0 
0 0 0 0 0 0 0 0 0 0 0 0 0 0 0 0 0 0 0 0 0 0 0 3 0 31417 31415 0 0 120 0 0 22 26377260 0 0 0 0 0 0 11373034 713 0 0 
0 0 0 0 0 0 0 0 0 0 0 0 0 0 0 0 0 0 0 0 0 0 0 3 31421 0 0 7 0 0 121 22 0 5472487 12382663 8521048 0 0 0 11374353 0 0 713 0 
0 0 0 0 0 0 0 0 0 0 0 0 0 0 0 0 0 0 0 0 0 0 0 3 0 31473 31471 0 0 120 0 0 22 26409915 0 0 0 0 0 0 11386628 713 0 0 
0 0 0 0 0 0 0 0 0 0 0 0 0 0 0 0 0 0 0 0 0 0 0 3 31477 0 0 7 0 0 121 22 0 5479460 12395939 8533445 0 0 0 11387950 0 0 713 0 
0 0 0 0 0 0 0 0 0 0 0 0 0 0 0 0 0 0 0 0 0 0 0 3 0 31528 31523 0 0 120 0 0 22 26445997 0 0 0 0 0 0 11400741 713 0 0 
0 0 0 0 0 0 0 0 0 0 0 0 0 0 0 0 0 0 0 0 0 0 0 3 31529 0 0 7 0 0 121 22 0 5488203 12410277 8546450 0 0 0 11402065 0 0 713 0 
0 0 0 0 0 0 0 0 0 0 0 0 0 0 0 0 0 0 0 0 0 0 0 3 0 31537 31535 0 0 120 0 0 22 26465809 0 0 0 0 0 0 11410776 713 0 0 
0 0 0 0 0 0 0 0 0 0 0 0 0 0 0 0 0 0 0 0 0 0 0 3 31541 0 0 7 0 0 121 22 0 5491728 12420476 8552539 0 0 0 11412101 0 0 713 0 
0 0 0 0 0 0 0 0 0 0 0 0 0 0 0 0 0 0 0 0 0 0 0 3 0 31593 31591 0 0 120 0 0 22 26496700 0 0 0 0 0 0 11424287 713 0 0 
0 0 0 0 0 0 0 0 0 0 0 0 0 0 0 0 0 0 0 0 0 0 0 3 31597 0 0 7 0 0 121 22 0 5497456 12433818 8564355 0 0 0 11425615 0 0 713 0 
0 0 0 0 0 0 0 0 0 0 0 0 0 0 0 0 0 0 0 0 0 0 0 3 0 31649 31647 0 0 120 0 0 22 26531423 0 0 0 0 0 0 11437749 713 0 0 
0 0 0 0 0 0 0 0 0 0 0 0 0 0 0 0 0 0 0 0 0 0 0 3 31653 0 0 7 0 0 121 22 0 5506455 12447390 8576502 0 0 0 11439077 0 0 713 0 
0 0 0 0 0 0 0 0 0 0 0 0 0 0 0 0 0 0 0 0 0 0 0 3 0 31661 31655 0 0 120 0 0 22 26554818 0 0 0 0 0 0 11445615 713 0 0 
0 0 0 0 0 0 0 0 0 0 0 0 0 0 0 0 0 0 0 0 0 0 0 3 31661 0 0 7 0 0 121 22 0 5511719 12458193 8583830 0 0 0 11446943 0 0 713 0 
0 0 0 0 0 0 0 0 0 0 0 0 0 0 0 0 0 0 0 0 0 0 0 3 0 31717 31715 0 0 120 0 0 22 26578385 0 0 0 0 0 0 11456758 713 0 0 
0 0 0 0 0 0 0 0 0 0 0 0 0 0 0 0 0 0 0 0 0 0 0 3 31721 0 0 7 0 0 121 22 0 5516728 12467211 8593352 0 0 0 11458087 0 0 713 0 
0 0 0 0 0 0 0 0 0 0 0 0 0 0 0 0 0 0 0 0 0 0 0 3 0 31771 31767 0 0 120 0 0 22 26611978 0 0 0 0 0 0 11470551 713 0 0 
0 0 0 0 0 0 0 0 0 0 0 0 0 0 0 0 0 0 0 0 0 0 0 3 31773 0 0 7 0 0 121 22 0 5524579 12480410 8605892 0 0 0 11471882 0 0 713 0 
0 0 0 0 0 0 0 0 0 0 0 0 0 0 0 0 0 0 0 0 0 0 0 3 0 31791 31787 0 0 120 0 0 22 26645064 0 0 0 0 0 0 11484073 713 0 0 
0 0 0 0 0 0 0 0 0 0 0 0 0 0 0 0 0 0 0 0 0 0 0 3 31793 0 0 7 0 0 121 22 0 5532280 12493336 8618348 0 0 0 11485407 0 0 713 0 
0 0 0 0 0 0 0 0 0 0 0 0 0 0 0 0 0 0 0 0 0 0 0 3 0 31837 31835 0 0 120 0 0 22 26663315 0 0 0 0 0 0 11491707 713 0 0 
0 0 0 0 0 0 0 0 0 0 0 0 0 0 0 0 0 0 0 0 0 0 0 3 31841 0 0 7 0 0 121 22 0 5536405 12501822 8623988 0 0 0 11493041 0 0 713 0 
0 0 0 0 0 0 0 0 0 0 0 0 0 0 0 0 0 0 0 0 0 0 0 3 0 31893 31891 0 0 120 0 0 22 26694951 0 0 0 0 0 0 11504750 713 0 0 
0 0 0 0 0 0 0 0 0 0 0 0 0 0 0 0 0 0 0 0 0 0 0 3 31897 0 0 7 0 0 121 22 0 5542680 12514830 8636334 0 0 0 11506087 0 0 713 0 
0 0 0 0 0 0 0 0 0 0 0 0 0 0 0 0 0 0 0 0 0 0 0 3 0 31949 31947 0 0 120 0 0 22 26729844 0 0 0 0 0 0 11517963 713 0 0 
0 0 0 0 0 0 0 0 0 0 0 0 0 0 0 0 0 0 0 0 0 0 0 3 31953 0 0 7 0 0 121 22 0 5551679 12528151 8648902 0 0 0 11519298 0 0 713 0 
0 0 0 0 0 0 0 0 0 0 0 0 0 0 0 0 0 0 0 0 0 0 0 3 0 31957 31955 0 0 120 0 0 22 26753039 0 0 0 0 0 0 11527622 713 0 0 
0 0 0 0 0 0 0 0 0 0 0 0 0 0 0 0 0 0 0 0 0 0 0 3 31961 0 0 7 0 0 121 22 0 5555671 12539367 8656890 0 0 0 11528957 0 0 713 0 
0 0 0 0 0 0 0 0 0 0 0 0 0 0 0 0 0 0 0 0 0 0 0 3 0 32013 32011 0 0 120 0 0 22 26780198 0 0 0 0 0 0 11541250 713 0 0 
0 0 0 0 0 0 0 0 0 0 0 0 0 0 0 0 0 0 0 0 0 0 0 3 32017 0 0 7 0 0 121 22 0 5560689 12551548 8666846 0 0 0 11542589 0 0 713 0 
0 0 0 0 0 0 0 0 0 0 0 0 0 0 0 0 0 0 0 0 0 0 0 3 0 32069 32067 0 0 120 0 0 22 26816842 0 0 0 0 0 0 11556069 713 0 0 
0 0 0 0 0 0 0 0 0 0 0 0 0 0 0 0 0 0 0 0 0 0 0 3 32073 0 0 7 0 0 121 22 0 5569683 12566478 8679556 0 0 0 11557409 0 0 713 0 
0 0 0 0 0 0 0 0 0 0 0 0 0 0 0 0 0 0 0 0 0 0 0 3 0 32081 32075 0 0 120 0 0 22 26841255 0 0 0 0 0 0 11564548 713 0 0 
0 0 0 0 0 0 0 0 0 0 0 0 0 0 0 0 0 0 0 0 0 0 0 3 32081 0 0 7 0 0 121 22 0 5574748 12577991 8687393 0 0 0 11565890 0 0 713 0 
0 0 0 0 0 0 0 0 0 0 0 0 0 0 0 0 0 0 0 0 0 0 0 3 0 32137 32135 0 0 120 0 0 22 26868615 0 0 0 0 0 0 11579207 713 0 0 
0 0 0 0 0 0 0 0 0 0 0 0 0 0 0 0 0 0 0 0 0 0 0 3 32141 0 0 7 0 0 121 22 0 5579847 12590437 8697203 0 0 0 11580553 0 0 713 0 
0 0 0 0 0 0 0 0 0 0 0 0 0 0 0 0 0 0 0 0 0 0 0 3 0 32193 32191 0 0 120 0 0 22 26902422 0 0 0 0 0 0 11592884 713 0 0 
0 0 0 0 0 0 0 0 0 0 0 0 0 0 0 0 0 0 0 0 0 0 0 3 32197 0 0 7 0 0 121 22 0 5587775 12603515 8709996 0 0 0 11594230 0 0 713 0 
0 0 0 0 0 0 0 0 0 0 0 0 0 0 0 0 0 0 0 0 0 0 0 3 0 32236 32231 0 0 120 0 0 22 26936914 0 0 0 0 0 0 11606266 713 0 0 
0 0 0 0 0 0 0 0 0 0 0 0 0 0 0 0 0 0 0 0 0 0 0 3 32237 0 0 7 0 0 121 22 0 5596181 12616741 8722848 0 0 0 11607617 0 0 713 0 
0 0 0 0 0 0 0 0 0 0 0 0 0 0 0 0 0 0 0 0 0 0 0 3 0 32257 32255 0 0 120 0 0 22 26961364 0 0 0 0 0 0 11616300 713 0 0 
0 0 0 0 0 0 0 0 0 0 0 0 0 0 0 0 0 0 0 0 0 0 0 3 32261 0 0 7 0 0 121 22 0 5600980 12628927 8730314 0 0 0 11617653 0 0 713 0 
0 0 0 0 0 0 0 0 0 0 0 0 0 0 0 0 0 0 0 0 0 0 0 3 0 32313 32311 0 0 120 0 0 22 26987784 0 0 0 0 0 0 11629019 713 0 0 
0 0 0 0 0 0 0 0 0 0 0 0 0 0 0 0 0 0 0 0 0 0 0 3 32317 0 0 7 0 0 121 22 0 5605755 12639873 8741016 0 0 0 11630374 0 0 713 0 
0 0 0 0 0 0 0 0 0 0 0 0 0 0 0 0 0 0 0 0 0 0 0 3 0 32369 32367 0 0 120 0 0 22 27025674 0 0 0 0 0 0 11644958 713 0 0 
0 0 0 0 0 0 0 0 0 0 0 0 0 0 0 0 0 0 0 0 0 0 0 3 32373 0 0 7 0 0 121 22 0 5614820 12655921 8753785 0 0 0 11646315 0 0 713 0 
0 0 0 0 0 0 0 0 0 0 0 0 0 0 0 0 0 0 0 0 0 0 0 3 0 32381 32375 0 0 120 0 0 22 27048775 0 0 0 0 0 0 11653024 713 0 0 
0 0 0 0 0 0 0 0 0 0 0 0 0 0 0 0 0 0 0 0 0 0 0 3 32381 0 0 7 0 0 121 22 0 5619924 12666944 8760760 0 0 0 11654381 0 0 713 0 
0 0 0 0 0 0 0 0 0 0 0 0 0 0 0 0 0 0 0 0 0 0 0 3 0 32437 32435 0 0 120 0 0 22 27076099 0 0 0 0 0 0 11667382 713 0 0 
0 0 0 0 0 0 0 0 0 0 0 0 0 0 0 0 0 0 0 0 0 0 0 3 32441 0 0 7 0 0 121 22 0 5625261 12679078 8770610 0 0 0 11668741 0 0 713 0 
0 0 0 0 0 0 0 0 0 0 0 0 0 0 0 0 0 0 0 0 0 0 0 3 0 32490 32487 0 0 120 0 0 22 27109782 0 0 0 0 0 0 11681484 713 0 0 
0 0 0 0 0 0 0 0 0 0 0 0 0 0 0 0 0 0 0 0 0 0 0 3 32493 0 0 7 0 0 121 22 0 5632893 12692669 8783071 0 0 0 11682847 0 0 713 0 
0 0 0 0 0 0 0 0 0 0 0 0 0 0 0 0 0 0 0 0 0 0 0 3 0 32512 32511 0 0 120 0 0 22 27142566 0 0 0 0 0 0 11695153 713 0 0 
0 0 0 0 0 0 0 0 0 0 0 0 0 0 0 0 0 0 0 0 0 0 0 3 32517 0 0 7 0 0 121 22 0 5640504 12705525 8795385 0 0 0 11696515 0 0 713 0 
0 0 0 0 0 0 0 0 0 0 0 0 0 0 0 0 0 0 0 0 0 0 0 3 0 32556 32555 0 0 120 0 0 22 27164262 0 0 0 0 0 0 11703954 713 0 0 
0 0 0 0 0 0 0 0 0 0 0 0 0 0 0 0 0 0 0 0 0 0 0 3 32561 0 0 7 0 0 121 22 0 5644990 12715561 8802559 0 0 0 11705316 0 0 713 0 
0 0 0 0 0 0 0 0 0 0 0 0 0 0 0 0 0 0 0 0 0 0 0 3 0 32612 32611 0 0 120 0 0 22 27195764 0 0 0 0 0 0 11717973 713 0 0 
0 0 0 0 0 0 0 0 0 0 0 0 0 0 0 0 0 0 0 0 0 0 0 3 32617 0 0 7 0 0 121 22 0 5650870 12729378 8814362 0 0 0 11719339 0 0 713 0 
0 0 0 0 0 0 0 0 0 0 0 0 0 0 0 0 0 0 0 0 0 0 0 3 0 32668 32667 0 0 120 0 0 22 27232613 0 0 0 0 0 0 11732934 713 0 0 
0 0 0 0 0 0 0 0 0 0 0 0 0 0 0 0 0 0 0 0 0 0 0 3 32673 0 0 7 0 0 121 22 0 5659890 12744447 8827115 0 0 0 11734296 0 0 713 0 
0 0 0 0 0 0 0 0 0 0 0 0 0 0 0 0 0 0 0 0 0 0 0 3 0 32679 32675 0 0 120 0 0 22 27254339 0 0 0 0 0 0 11739773 713 0 0 
0 0 0 0 0 0 0 0 0 0 0 0 0 0 0 0 0 0 0 0 0 0 0 3 32681 0 0 7 0 0 121 22 0 5665001 12754232 8833944 0 0 0 11741135 0 0 713 0 
0 0 0 0 0 0 0 0 0 0 0 0 0 0 0 0 0 0 0 0 0 0 0 3 0 32736 32735 0 0 120 0 0 22 27282270 0 0 0 0 0 0 11753258 713 0 0 
0 0 0 0 0 0 0 0 0 0 0 0 0 0 0 0 0 0 0 0 0 0 0 3 32741 0 0 7 0 0 121 22 0 5670985 12765277 8844840 0 0 0 11754617 0 0 713 0 
0 0 0 0 0 0 0 0 0 0 0 0 0 0 0 0 0 0 0 0 0 0 0 3 0 32792 32787 0 0 120 0 0 22 27313507 0 0 0 0 0 0 11765846 713 0 0 
0 0 0 0 0 0 0 0 0 0 0 0 0 0 0 0 0 0 0 0 0 0 0 3 32793 0 0 7 0 0 121 22 0 5677901 12777575 8856861 0 0 0 11767205 0 0 713 0 
0 0 0 0 0 0 0 0 0 0 0 0 0 0 0 0 0 0 0 0 0 0 0 3 0 32847 32843 0 0 120 0 0 22 27349242 0 0 0 0 0 0 11779471 713 0 0 
0 0 0 0 0 0 0 0 0 0 0 0 0 0 0 0 0 0 0 0 0 0 0 3 32849 0 0 7 0 0 121 22 0 5686778 12791410 8869878 0 0 0 11780832 0 0 713 0 
0 0 0 0 0 0 0 0 0 0 0 0 0 0 0 0 0 0 0 0 0 0 0 3 0 32856 32855 0 0 120 0 0 22 27366696 0 0 0 0 0 0 11787755 713 0 0 
0 0 0 0 0 0 0 0 0 0 0 0 0 0 0 0 0 0 0 0 0 0 0 3 32861 0 0 7 0 0 121 22 0 5690008 12799878 8875634 0 0 0 11789117 0 0 713 0 
0 0 0 0 0 0 0 0 0 0 0 0 0 0 0 0 0 0 0 0 0 0 0 3 0 32912 32911 0 0 120 0 0 22 27395224 0 0 0 0 0 0 11799525 713 0 0 
0 0 0 0 0 0 0 0 0 0 0 0 0 0 0 0 0 0 0 0 0 0 0 3 32917 0 0 7 0 0 121 22 0 5695951 12811479 8886609 0 0 0 11800889 0 0 713 0 
0 0 0 0 0 0 0 0 0 0 0 0 0 0 0 0 0 0 0 0 0 0 0 3 0 32968 32967 0 0 120 0 0 22 27432603 0 0 0 0 0 0 11815033 713 0 0 
0 0 0 0 0 0 0 0 0 0 0 0 0 0 0 0 0 0 0 0 0 0 0 3 32973 0 0 7 0 0 121 22 0 5704948 12827097 8899368 0 0 0 11816400 0 0 713 0 
0 0 0 0 0 0 0 0 0 0 0 0 0 0 0 0 0 0 0 0 0 0 0 3 0 32976 32975 0 0 120 0 0 22 27448960 0 0 0 0 0 0 11822217 713 0 0 
0 0 0 0 0 0 0 0 0 0 0 0 0 0 0 0 0 0 0 0 0 0 0 3 32981 0 0 7 0 0 121 22 0 5708273 12834491 8905006 0 0 0 11823584 0 0 713 0 
0 0 0 0 0 0 0 0 0 0 0 0 0 0 0 0 0 0 0 0 0 0 0 3 0 33032 33031 0 0 120 0 0 22 27479700 0 0 0 0 0 0 11836238 713 0 0 
0 0 0 0 0 0 0 0 0 0 0 0 0 0 0 0 0 0 0 0 0 0 0 3 33037 0 0 7 0 0 121 22 0 5713943 12848411 8916149 0 0 0 11837608 0 0 713 0 
0 0 0 0 0 0 0 0 0 0 0 0 0 0 0 0 0 0 0 0 0 0 0 3 0 33088 33087 0 0 120 0 0 22 27516763 0 0 0 0 0 0 11851341 713 0 0 
0 0 0 0 0 0 0 0 0 0 0 0 0 0 0 0 0 0 0 0 0 0 0 3 33093 0 0 7 0 0 121 22 0 5722945 12863625 8928998 0 0 0 11852713 0 0 713 0 
0 0 0 0 0 0 0 0 0 0 0 0 0 0 0 0 0 0 0 0 0 0 0 3 0 33104 33103 0 0 120 0 0 22 27546484 0 0 0 0 0 0 11861482 713 0 0 
0 0 0 0 0 0 0 0 0 0 0 0 0 0 0 0 0 0 0 0 0 0 0 3 33109 0 0 7 0 0 121 22 0 5730417 12876268 8938605 0 0 0 11862855 0 0 713 0 
0 0 0 0 0 0 0 0 0 0 0 0 0 0 0 0 0 0 0 0 0 0 0 3 0 33156 33151 0 0 120 0 0 22 27562294 0 0 0 0 0 0 11871163 713 0 0 
0 0 0 0 0 0 0 0 0 0 0 0 0 0 0 0 0 0 0 0 0 0 0 3 33157 0 0 7 0 0 121 22 0 5731979 12883558 8945558 0 0 0 11872541 0 0 713 0 
0 0 0 0 0 0 0 0 0 0 0 0 0 0 0 0 0 0 0 0 0 0 0 3 0 33212 33207 0 0 120 0 0 22 27599477 0 0 0 0 0 0 11886060 713 0 0 
0 0 0 0 0 0 0 0 0 0 0 0 0 0 0 0 0 0 0 0 0 0 0 3 33213 0 0 7 0 0 121 22 0 5740962 12898565 8958752 0 0 0 11887440 0 0 713 0 
0 0 0 0 0 0 0 0 0 0 0 0 0 0 0 0 0 0 0 0 0 0 0 3 0 33252 33251 0 0 120 0 0 22 27633018 0 0 0 0 0 0 11899378 713 0 0 
0 0 0 0 0 0 0 0 0 0 0 0 0 0 0 0 0 0 0 0 0 0 0 3 33257 0 0 7 0 0 121 22 0 5749097 12911628 8971091 0 0 0 11900762 0 0 713 0 
0 0 0 0 0 0 0 0 0 0 0 0 0 0 0 0 0 0 0 0 0 0 0 3 0 33276 33275 0 0 120 0 0 22 27655856 0 0 0 0 0 0 11907893 713 0 0 
0 0 0 0 0 0 0 0 0 0 0 0 0 0 0 0 0 0 0 0 0 0 0 3 33281 0 0 7 0 0 121 22 0 5754073 12922009 8978572 0 0 0 11909277 0 0 713 0 
0 0 0 0 0 0 0 0 0 0 0 0 0 0 0 0 0 0 0 0 0 0 0 3 0 33336 33331 0 0 120 0 0 22 27681543 0 0 0 0 0 0 11919449 713 0 0 
0 0 0 0 0 0 0 0 0 0 0 0 0 0 0 0 0 0 0 0 0 0 0 3 33337 0 0 7 0 0 121 22 0 5759021 12932175 8989137 0 0 0 11920832 0 0 713 0 
0 0 0 0 0 0 0 0 0 0 0 0 0 0 0 0 0 0 0 0 0 0 0 3 0 33388 33387 0 0 120 0 0 22 27719609 0 0 0 0 0 0 11934910 713 0 0 
0 0 0 0 0 0 0 0 0 0 0 0 0 0 0 0 0 0 0 0 0 0 0 3 33393 0 0 7 0 0 121 22 0 5768028 12947750 9002623 0 0 0 11936296 0 0 713 0 
0 0 0 0 0 0 0 0 0 0 0 0 0 0 0 0 0 0 0 0 0 0 0 3 0 33407 33403 0 0 120 0 0 22 27751605 0 0 0 0 0 0 11947057 713 0 0 
0 0 0 0 0 0 0 0 0 0 0 0 0 0 0 0 0 0 0 0 0 0 0 3 33409 0 0 7 0 0 121 22 0 5775565 12961370 9013465 0 0 0 11948444 0 0 713 0 
0 0 0 0 0 0 0 0 0 0 0 0 0 0 0 0 0 0 0 0 0 0 0 3 0 33456 33455 0 0 120 0 0 22 27774149 0 0 0 0 0 0 11958674 713 0 0 
0 0 0 0 0 0 0 0 0 0 0 0 0 0 0 0 0 0 0 0 0 0 0 3 33461 0 0 7 0 0 121 22 0 5779610 12971851 9021483 0 0 0 11960063 0 0 713 0 
0 0 0 0 0 0 0 0 0 0 0 0 0 0 0 0 0 0 0 0 0 0 0 3 0 33512 33511 0 0 120 0 0 22 27806245 0 0 0 0 0 0 11972546 713 0 0 
0 0 0 0 0 0 0 0 0 0 0 0 0 0 0 0 0 0 0 0 0 0 0 3 33517 0 0 7 0 0 121 22 0 5786044 12985601 9033385 0 0 0 11973934 0 0 713 0 
0 0 0 0 0 0 0 0 0 0 0 0 0 0 0 0 0 0 0 0 0 0 0 3 0 33555 33551 0 0 120 0 0 22 27841018 0 0 0 0 0 0 11986660 713 0 0 
0 0 0 0 0 0 0 0 0 0 0 0 0 0 0 0 0 0 0 0 0 0 0 3 33557 0 0 7 0 0 121 22 0 5794632 12999655 9045519 0 0 0 11988048 0 0 713 0 
0 0 0 0 0 0 0 0 0 0 0 0 0 0 0 0 0 0 0 0 0 0 0 3 0 33576 33575 0 0 120 0 0 22 27863131 0 0 0 0 0 0 11996837 713 0 0 
0 0 0 0 0 0 0 0 0 0 0 0 0 0 0 0 0 0 0 0 0 0 0 3 33581 0 0 7 0 0 121 22 0 5798250 13010471 9053202 0 0 0 11998226 0 0 713 0 
0 0 0 0 0 0 0 0 0 0 0 0 0 0 0 0 0 0 0 0 0 0 0 3 0 33632 33631 0 0 120 0 0 22 27891829 0 0 0 0 0 0 12009384 713 0 0 
0 0 0 0 0 0 0 0 0 0 0 0 0 0 0 0 0 0 0 0 0 0 0 3 33637 0 0 7 0 0 121 22 0 5803986 13022658 9063979 0 0 0 12010777 0 0 713 0 
0 0 0 0 0 0 0 0 0 0 0 0 0 0 0 0 0 0 0 0 0 0 0 3 0 33688 33687 0 0 120 0 0 22 27928327 0 0 0 0 0 0 12023826 713 0 0 
0 0 0 0 0 0 0 0 0 0 0 0 0 0 0 0 0 0 0 0 0 0 0 3 33693 0 0 7 0 0 121 22 0 5812986 13037212 9076923 0 0 0 12025221 0 0 713 0 
0 0 0 0 0 0 0 0 0 0 0 0 0 0 0 0 0 0 0 0 0 0 0 3 0 33696 33695 0 0 120 0 0 22 27951384 0 0 0 0 0 0 12032059 713 0 0 
0 0 0 0 0 0 0 0 0 0 0 0 0 0 0 0 0 0 0 0 0 0 0 3 33701 0 0 7 0 0 121 22 0 5817716 13048169 9084292 0 0 0 12033453 0 0 713 0 
0 0 0 0 0 0 0 0 0 0 0 0 0 0 0 0 0 0 0 0 0 0 0 3 0 33756 33751 0 0 120 0 0 22 27974817 0 0 0 0 0 0 12044208 713 0 0 
0 0 0 0 0 0 0 0 0 0 0 0 0 0 0 0 0 0 0 0 0 0 0 3 33757 0 0 7 0 0 121 22 0 5821934 13057699 9093967 0 0 0 12045602 0 0 713 0 
0 0 0 0 0 0 0 0 0 0 0 0 0 0 0 0 0 0 0 0 0 0 0 3 0 33808 33807 0 0 120 0 0 22 28012009 0 0 0 0 0 0 12059042 713 0 0 
0 0 0 0 0 0 0 0 0 0 0 0 0 0 0 0 0 0 0 0 0 0 0 3 33813 0 0 7 0 0 121 22 0 5830986 13072646 9107155 0 0 0 12060436 0 0 713 0 
0 0 0 0 0 0 0 0 0 0 0 0 0 0 0 0 0 0 0 0 0 0 0 3 0 33820 33815 0 0 120 0 0 22 28036049 0 0 0 0 0 0 12067736 713 0 0 
0 0 0 0 0 0 0 0 0 0 0 0 0 0 0 0 0 0 0 0 0 0 0 3 33821 0 0 7 0 0 121 22 0 5836025 13084351 9114454 0 0 0 12069130 0 0 713 0 
0 0 0 0 0 0 0 0 0 0 0 0 0 0 0 0 0 0 0 0 0 0 0 3 0 33876 33871 0 0 120 0 0 22 28059598 0 0 0 0 0 0 12078835 713 0 0 
0 0 0 0 0 0 0 0 0 0 0 0 0 0 0 0 0 0 0 0 0 0 0 3 33876 0 0 7 0 0 121 22 0 5839999 13092545 9125831 0 0 0 12080227 0 0 713 0 
0 0 0 0 0 0 0 0 0 0 0 0 0 0 0 0 0 0 0 0 0 0 0 3 0 33928 33927 0 0 120 0 0 22 28098675 0 0 0 0 0 0 12095253 713 0 0 
0 0 0 0 0 0 0 0 0 0 0 0 0 0 0 0 0 0 0 0 0 0 0 3 33932 0 0 7 0 0 121 22 0 5849023 13109079 9139346 0 0 0 12096650 0 0 713 0 
0 0 0 0 0 0 0 0 0 0 0 0 0 0 0 0 0 0 0 0 0 0 0 3 0 33940 33935 0 0 120 0 0 22 28124174 0 0 0 0 0 0 12105182 713 0 0 
0 0 0 0 0 0 0 0 0 0 0 0 0 0 0 0 0 0 0 0 0 0 0 3 33940 0 0 7 0 0 121 22 0 5854247 13121946 9146755 0 0 0 12106579 0 0 713 0 
0 0 0 0 0 0 0 0 0 0 0 0 0 0 0 0 0 0 0 0 0 0 0 3 0 33996 33995 0 0 120 0 0 22 28147282 0 0 0 0 0 0 12115616 713 0 0 
0 0 0 0 0 0 0 0 0 0 0 0 0 0 0 0 0 0 0 0 0 0 0 3 34000 0 0 7 0 0 121 22 0 5859378 13130242 9156432 0 0 0 12117013 0 0 713 0 
0 0 0 0 0 0 0 0 0 0 0 0 0 0 0 0 0 0 0 0 0 0 0 3 0 34050 34047 0 0 120 0 0 22 28181368 0 0 0 0 0 0 12129902 713 0 0 
0 0 0 0 0 0 0 0 0 0 0 0 0 0 0 0 0 0 0 0 0 0 0 3 34052 0 0 7 0 0 121 22 0 5867113 13143943 9169072 0 0 0 12131300 0 0 713 0 
0 0 0 0 0 0 0 0 0 0 0 0 0 0 0 0 0 0 0 0 0 0 0 3 0 34084 34079 0 0 120 0 0 22 28215538 0 0 0 0 0 0 12144112 713 0 0 
0 0 0 0 0 0 0 0 0 0 0 0 0 0 0 0 0 0 0 0 0 0 0 3 34084 0 0 7 0 0 121 22 0 5875233 13157690 9181369 0 0 0 12145512 0 0 713 0 
0 0 0 0 0 0 0 0 0 0 0 0 0 0 0 0 0 0 0 0 0 0 0 3 0 34116 34115 0 0 120 0 0 22 28236495 0 0 0 0 0 0 12154296 713 0 0 
0 0 0 0 0 0 0 0 0 0 0 0 0 0 0 0 0 0 0 0 0 0 0 3 34120 0 0 7 0 0 121 22 0 5879022 13168517 9187711 0 0 0 12155695 0 0 713 0 
0 0 0 0 0 0 0 0 0 0 0 0 0 0 0 0 0 0 0 0 0 0 0 3 0 34172 34171 0 0 120 0 0 22 28267498 0 0 0 0 0 0 12166627 713 0 0 
0 0 0 0 0 0 0 0 0 0 0 0 0 0 0 0 0 0 0 0 0 0 0 3 34176 0 0 7 0 0 121 22 0 5885117 13180885 9200246 0 0 0 12168027 0 0 713 0 
0 0 0 0 0 0 0 0 0 0 0 0 0 0 0 0 0 0 0 0 0 0 0 3 0 34228 34227 0 0 120 0 0 22 28304028 0 0 0 0 0 0 12181177 713 0 0 
0 0 0 0 0 0 0 0 0 0 0 0 0 0 0 0 0 0 0 0 0 0 0 3 34232 0 0 7 0 0 121 22 0 5894114 13195547 9213126 0 0 0 12182579 0 0 713 0 
0 0 0 0 0 0 0 0 0 0 0 0 0 0 0 0 0 0 0 0 0 0 0 3 0 34236 34235 0 0 120 0 0 22 28329446 0 0 0 0 0 0 12191938 713 0 0 
0 0 0 0 0 0 0 0 0 0 0 0 0 0 0 0 0 0 0 0 0 0 0 3 34240 0 0 7 0 0 121 22 0 5898988 13209078 9220140 0 0 0 12193339 0 0 713 0 
0 0 0 0 0 0 0 0 0 0 0 0 0 0 0 0 0 0 0 0 0 0 0 3 0 34296 34295 0 0 120 0 0 22 28354449 0 0 0 0 0 0 12203238 713 0 0 
0 0 0 0 0 0 0 0 0 0 0 0 0 0 0 0 0 0 0 0 0 0 0 3 34300 0 0 7 0 0 121 22 0 5904496 13218392 9230316 0 0 0 12204642 0 0 713 0 
0 0 0 0 0 0 0 0 0 0 0 0 0 0 0 0 0 0 0 0 0 0 0 3 0 34348 34347 0 0 120 0 0 22 28388491 0 0 0 0 0 0 12217230 713 0 0 
0 0 0 0 0 0 0 0 0 0 0 0 0 0 0 0 0 0 0 0 0 0 0 3 34352 0 0 7 0 0 121 22 0 5912169 13231826 9243244 0 0 0 12218636 0 0 713 0 
0 0 0 0 0 0 0 0 0 0 0 0 0 0 0 0 0 0 0 0 0 0 0 3 0 34360 34355 0 0 120 0 0 22 28411124 0 0 0 0 0 0 12225115 713 0 0 
0 0 0 0 0 0 0 0 0 0 0 0 0 0 0 0 0 0 0 0 0 0 0 3 34360 0 0 7 0 0 121 22 0 5917426 13242663 9249783 0 0 0 12226522 0 0 713 0 
0 0 0 0 0 0 0 0 0 0 0 0 0 0 0 0 0 0 0 0 0 0 0 3 0 34416 34415 0 0 120 0 0 22 28437672 0 0 0 0 0 0 12239263 713 0 0 
0 0 0 0 0 0 0 0 0 0 0 0 0 0 0 0 0 0 0 0 0 0 0 3 34420 0 0 7 0 0 121 22 0 5922115 13254578 9259726 0 0 0 12240670 0 0 713 0 
0 0 0 0 0 0 0 0 0 0 0 0 0 0 0 0 0 0 0 0 0 0 0 3 0 34468 34467 0 0 120 0 0 22 28472158 0 0 0 0 0 0 12253088 713 0 0 
0 0 0 0 0 0 0 0 0 0 0 0 0 0 0 0 0 0 0 0 0 0 0 3 34472 0 0 7 0 0 121 22 0 5930275 13267902 9272728 0 0 0 12254495 0 0 713 0 
0 0 0 0 0 0 0 0 0 0 0 0 0 0 0 0 0 0 0 0 0 0 0 3 0 34496 34495 0 0 120 0 0 22 28505531 0 0 0 0 0 0 12266622 713 0 0 
0 0 0 0 0 0 0 0 0 0 0 0 0 0 0 0 0 0 0 0 0 0 0 3 34500 0 0 7 0 0 121 22 0 5938219 13280750 9285304 0 0 0 12268033 0 0 713 0 
0 0 0 0 0 0 0 0 0 0 0 0 0 0 0 0 0 0 0 0 0 0 0 3 0 34536 34535 0 0 120 0 0 22 28525935 0 0 0 0 0 0 12276369 713 0 0 
0 0 0 0 0 0 0 0 0 0 0 0 0 0 0 0 0 0 0 0 0 0 0 3 34540 0 0 7 0 0 121 22 0 5942333 13291456 9290891 0 0 0 12277780 0 0 713 0 
0 0 0 0 0 0 0 0 0 0 0 0 0 0 0 0 0 0 0 0 0 0 0 3 0 34592 34591 0 0 120 0 0 22 28557095 0 0 0 0 0 0 12289094 713 0 0 
0 0 0 0 0 0 0 0 0 0 0 0 0 0 0 0 0 0 0 0 0 0 0 3 34596 0 0 7 0 0 121 22 0 5948328 13304129 9303387 0 0 0 12290506 0 0 713 0 
0 0 0 0 0 0 0 0 0 0 0 0 0 0 0 0 0 0 0 0 0 0 0 3 0 34648 34647 0 0 120 0 0 22 28593613 0 0 0 0 0 0 12303715 713 0 0 
0 0 0 0 0 0 0 0 0 0 0 0 0 0 0 0 0 0 0 0 0 0 0 3 34652 0 0 7 0 0 121 22 0 5957343 13318861 9316154 0 0 0 12305129 0 0 713 0 
0 0 0 0 0 0 0 0 0 0 0 0 0 0 0 0 0 0 0 0 0 0 0 3 0 34656 34655 0 0 120 0 0 22 28614055 0 0 0 0 0 0 12314537 713 0 0 
0 0 0 0 0 0 0 0 0 0 0 0 0 0 0 0 0 0 0 0 0 0 0 3 34660 0 0 7 0 0 121 22 0 5960759 13330025 9322017 0 0 0 12315950 0 0 713 0 
0 0 0 0 0 0 0 0 0 0 0 0 0 0 0 0 0 0 0 0 0 0 0 3 0 34712 34711 0 0 120 0 0 22 28645161 0 0 0 0 0 0 12329656 713 0 0 
0 0 0 0 0 0 0 0 0 0 0 0 0 0 0 0 0 0 0 0 0 0 0 3 34716 0 0 7 0 0 121 22 0 5966414 13344910 9332576 0 0 0 12331073 0 0 713 0 
0 0 0 0 0 0 0 0 0 0 0 0 0 0 0 0 0 0 0 0 0 0 0 3 0 34768 34767 0 0 120 0 0 22 28680434 0 0 0 0 0 0 12343636 713 0 0 
0 0 0 0 0 0 0 0 0 0 0 0 0 0 0 0 0 0 0 0 0 0 0 3 34772 0 0 7 0 0 121 22 0 5975422 13359001 9344751 0 0 0 12345052 0 0 713 0 
0 0 0 0 0 0 0 0 0 0 0 0 0 0 0 0 0 0 0 0 0 0 0 3 0 34776 34775 0 0 120 0 0 22 28699766 0 0 0 0 0 0 12352466 713 0 0 
0 0 0 0 0 0 0 0 0 0 0 0 0 0 0 0 0 0 0 0 0 0 0 3 34780 0 0 7 0 0 121 22 0 5978893 13368103 9351506 0 0 0 12353882 0 0 713 0 
0 0 0 0 0 0 0 0 0 0 0 0 0 0 0 0 0 0 0 0 0 0 0 3 0 34832 34831 0 0 120 0 0 22 28729426 0 0 0 0 0 0 12365987 713 0 0 
0 0 0 0 0 0 0 0 0 0 0 0 0 0 0 0 0 0 0 0 0 0 0 3 34836 0 0 7 0 0 121 22 0 5984389 13381458 9362305 0 0 0 12367403 0 0 713 0 
0 0 0 0 0 0 0 0 0 0 0 0 0 0 0 0 0 0 0 0 0 0 0 3 0 34887 34887 0 0 120 0 0 22 28766295 0 0 0 0 0 0 12380515 713 0 0 
0 0 0 0 0 0 0 0 0 0 0 0 0 0 0 0 0 0 0 0 0 0 0 3 34892 0 0 7 0 0 121 22 0 5993497 13396100 9375423 0 0 0 12381935 0 0 713 0 
0 0 0 0 0 0 0 0 0 0 0 0 0 0 0 0 0 0 0 0 0 0 0 3 0 34895 34895 0 0 120 0 0 22 28786659 0 0 0 0 0 0 12388571 713 0 0 
0 0 0 0 0 0 0 0 0 0 0 0 0 0 0 0 0 0 0 0 0 0 0 3 34900 0 0 7 0 0 121 22 0 5997546 13405674 9382162 0 0 0 12389991 0 0 713 0 
0 0 0 0 0 0 0 0 0 0 0 0 0 0 0 0 0 0 0 0 0 0 0 3 0 34955 34955 0 0 120 0 0 22 28814925 0 0 0 0 0 0 12399915 713 0 0 
0 0 0 0 0 0 0 0 0 0 0 0 0 0 0 0 0 0 0 0 0 0 0 3 34960 0 0 7 0 0 121 22 0 6003929 13416249 9393466 0 0 0 12401338 0 0 713 0 
0 0 0 0 0 0 0 0 0 0 0 0 0 0 0 0 0 0 0 0 0 0 0 3 0 35009 35007 0 0 120 0 0 22 28848748 0 0 0 0 0 0 12414338 713 0 0 
0 0 0 0 0 0 0 0 0 0 0 0 0 0 0 0 0 0 0 0 0 0 0 3 35012 0 0 7 0 0 121 22 0 6011543 13430143 9405780 0 0 0 12415764 0 0 713 0 
0 0 0 0 0 0 0 0 0 0 0 0 0 0 0 0 0 0 0 0 0 0 0 3 0 35051 35051 0 0 120 0 0 22 28883608 0 0 0 0 0 0 12428853 713 0 0 
0 0 0 0 0 0 0 0 0 0 0 0 0 0 0 0 0 0 0 0 0 0 0 3 35056 0 0 7 0 0 121 22 0 6019695 13444427 9418206 0 0 0 12430280 0 0 713 0 
0 0 0 0 0 0 0 0 0 0 0 0 0 0 0 0 0 0 0 0 0 0 0 3 0 35075 35075 0 0 120 0 0 22 28907461 0 0 0 0 0 0 12437875 713 0 0 
0 0 0 0 0 0 0 0 0 0 0 0 0 0 0 0 0 0 0 0 0 0 0 3 35080 0 0 7 0 0 121 22 0 6024915 13455333 9425935 0 0 0 12439303 0 0 713 0 
0 0 0 0 0 0 0 0 0 0 0 0 0 0 0 0 0 0 0 0 0 0 0 3 0 35135 35135 0 0 120 0 0 22 28937971 0 0 0 0 0 0 12450978 713 0 0 
0 0 0 0 0 0 0 0 0 0 0 0 0 0 0 0 0 0 0 0 0 0 0 3 35140 0 0 7 0 0 121 22 0 6031735 13467368 9437584 0 0 0 12452411 0 0 713 0 
0 0 0 0 0 0 0 0 0 0 0 0 0 0 0 0 0 0 0 0 0 0 0 3 0 35191 35187 0 0 120 0 0 22 28969961 0 0 0 0 0 0 12463831 713 0 0 
0 0 0 0 0 0 0 0 0 0 0 0 0 0 0 0 0 0 0 0 0 0 0 3 35192 0 0 7 0 0 121 22 0 6038564 13479965 9450145 0 0 0 12465264 0 0 713 0 
0 0 0 0 0 0 0 0 0 0 0 0 0 0 0 0 0 0 0 0 0 0 0 3 0 35211 35211 0 0 120 0 0 22 29003153 0 0 0 0 0 0 12477206 713 0 0 
0 0 0 0 0 0 0 0 0 0 0 0 0 0 0 0 0 0 0 0 0 0 0 3 35216 0 0 7 0 0 121 22 0 6046193 13492532 9463134 0 0 0 12478642 0 0 713 0 
0 0 0 0 0 0 0 0 0 0 0 0 0 0 0 0 0 0 0 0 0 0 0 3 0 35255 35255 0 0 120 0 0 22 29025967 0 0 0 0 0 0 12488121 713 0 0 
0 0 0 0 0 0 0 0 0 0 0 0 0 0 0 0 0 0 0 0 0 0 0 3 35260 0 0 7 0 0 121 22 0 6050647 13504661 9469366 0 0 0 12489558 0 0 713 0 
0 0 0 0 0 0 0 0 0 0 0 0 0 0 0 0 0 0 0 0 0 0 0 3 0 35311 35311 0 0 120 0 0 22 29056926 0 0 0 0 0 0 12501374 713 0 0 
0 0 0 0 0 0 0 0 0 0 0 0 0 0 0 0 0 0 0 0 0 0 0 3 35316 0 0 7 0 0 121 22 0 6056568 13517732 9481317 0 0 0 12502814 0 0 713 0 
0 0 0 0 0 0 0 0 0 0 0 0 0 0 0 0 0 0 0 0 0 0 0 3 0 35367 35367 0 0 120 0 0 22 29092141 0 0 0 0 0 0 12514702 713 0 0 
0 0 0 0 0 0 0 0 0 0 0 0 0 0 0 0 0 0 0 0 0 0 0 3 35372 0 0 7 0 0 121 22 0 6065542 13531171 9494113 0 0 0 12516144 0 0 713 0 
0 0 0 0 0 0 0 0 0 0 0 0 0 0 0 0 0 0 0 0 0 0 0 3 0 35378 35375 0 0 120 0 0 22 29116732 0 0 0 0 0 0 12523394 713 0 0 
0 0 0 0 0 0 0 0 0 0 0 0 0 0 0 0 0 0 0 0 0 0 0 3 35380 0 0 7 0 0 121 22 0 6070473 13542843 9502103 0 0 0 12524836 0 0 713 0 
0 0 0 0 0 0 0 0 0 0 0 0 0 0 0 0 0 0 0 0 0 0 0 3 0 35435 35435 0 0 120 0 0 22 29142155 0 0 0 0 0 0 12535877 713 0 0 
0 0 0 0 0 0 0 0 0 0 0 0 0 0 0 0 0 0 0 0 0 0 0 3 35440 0 0 7 0 0 121 22 0 6075740 13553145 9511958 0 0 0 12537320 0 0 713 0 
0 0 0 0 0 0 0 0 0 0 0 0 0 0 0 0 0 0 0 0 0 0 0 3 0 35490 35487 0 0 120 0 0 22 29177461 0 0 0 0 0 0 12550477 713 0 0 
0 0 0 0 0 0 0 0 0 0 0 0 0 0 0 0 0 0 0 0 0 0 0 3 35492 0 0 7 0 0 121 22 0 6083584 13567163 9525390 0 0 0 12551923 0 0 713 0 
0 0 0 0 0 0 0 0 0 0 0 0 0 0 0 0 0 0 0 0 0 0 0 3 0 35514 35511 0 0 120 0 0 22 29210102 0 0 0 0 0 0 12563386 713 0 0 
0 0 0 0 0 0 0 0 0 0 0 0 0 0 0 0 0 0 0 0 0 0 0 3 35516 0 0 7 0 0 121 22 0 6091428 13579282 9538063 0 0 0 12564834 0 0 713 0 
0 0 0 0 0 0 0 0 0 0 0 0 0 0 0 0 0 0 0 0 0 0 0 3 0 35555 35555 0 0 120 0 0 22 29233491 0 0 0 0 0 0 12575957 713 0 0 
0 0 0 0 0 0 0 0 0 0 0 0 0 0 0 0 0 0 0 0 0 0 0 3 35560 0 0 7 0 0 121 22 0 6095591 13592977 9543597 0 0 0 12577405 0 0 713 0 
0 0 0 0 0 0 0 0 0 0 0 0 0 0 0 0 0 0 0 0 0 0 0 3 0 35611 35611 0 0 120 0 0 22 29267228 0 0 0 0 0 0 12592257 713 0 0 
0 0 0 0 0 0 0 0 0 0 0 0 0 0 0 0 0 0 0 0 0 0 0 3 35616 0 0 7 0 0 121 22 0 6101615 13609163 9555112 0 0 0 12593704 0 0 713 0 
0 0 0 0 0 0 0 0 0 0 0 0 0 0 0 0 0 0 0 0 0 0 0 3 0 35642 35639 0 0 120 0 0 22 29301859 0 0 0 0 0 0 12606916 713 0 0 
0 0 0 0 0 0 0 0 0 0 0 0 0 0 0 0 0 0 0 0 0 0 0 3 35644 0 0 7 0 0 121 22 0 6109763 13623363 9567383 0 0 0 12608366 0 0 713 0 
0 0 0 0 0 0 0 0 0 0 0 0 0 0 0 0 0 0 0 0 0 0 0 3 0 35675 35675 0 0 120 0 0 22 29320709 0 0 0 0 0 0 12614992 713 0 0 
0 0 0 0 0 0 0 0 0 0 0 0 0 0 0 0 0 0 0 0 0 0 0 3 35680 0 0 7 0 0 121 22 0 6113701 13632213 9573444 0 0 0 12616443 0 0 713 0 
0 0 0 0 0 0 0 0 0 0 0 0 0 0 0 0 0 0 0 0 0 0 0 3 0 35731 35731 0 0 120 0 0 22 29351560 0 0 0 0 0 0 12628514 713 0 0 
0 0 0 0 0 0 0 0 0 0 0 0 0 0 0 0 0 0 0 0 0 0 0 3 35736 0 0 7 0 0 121 22 0 6119639 13645638 9584927 0 0 0 12629965 0 0 713 0 
0 0 0 0 0 0 0 0 0 0 0 0 0 0 0 0 0 0 0 0 0 0 0 3 0 35771 35771 0 0 120 0 0 22 29388733 0 0 0 0 0 0 12645914 713 0 0 
0 0 0 0 0 0 0 0 0 0 0 0 0 0 0 0 0 0 0 0 0 0 0 3 35776 0 0 7 0 0 121 22 0 6127758 13662779 9596834 0 0 0 12647365 0 0 713 0 
0 0 0 0 0 0 0 0 0 0 0 0 0 0 0 0 0 0 0 0 0 0 0 3 0 35795 35795 0 0 120 0 0 22 29408731 0 0 0 0 0 0 12654141 713 0 0 
0 0 0 0 0 0 0 0 0 0 0 0 0 0 0 0 0 0 0 0 0 0 0 3 35799 0 0 7 0 0 121 22 0 6132309 13671710 9603347 0 0 0 12655593 0 0 713 0 
0 0 0 0 0 0 0 0 0 0 0 0 0 0 0 0 0 0 0 0 0 0 0 3 0 35851 35851 0 0 120 0 0 22 29437250 0 0 0 0 0 0 12666407 713 0 0 
0 0 0 0 0 0 0 0 0 0 0 0 0 0 0 0 0 0 0 0 0 0 0 3 35855 0 0 7 0 0 121 22 0 6137697 13683752 9614437 0 0 0 12667860 0 0 713 0 
0 0 0 0 0 0 0 0 0 0 0 0 0 0 0 0 0 0 0 0 0 0 0 3 0 35907 35907 0 0 120 0 0 22 29475434 0 0 0 0 0 0 12682608 713 0 0 
0 0 0 0 0 0 0 0 0 0 0 0 0 0 0 0 0 0 0 0 0 0 0 3 35911 0 0 7 0 0 121 22 0 6146680 13700061 9627325 0 0 0 12684061 0 0 713 0 
0 0 0 0 0 0 0 0 0 0 0 0 0 0 0 0 0 0 0 0 0 0 0 3 0 35926 35923 0 0 120 0 0 22 29507730 0 0 0 0 0 0 12695535 713 0 0 
0 0 0 0 0 0 0 0 0 0 0 0 0 0 0 0 0 0 0 0 0 0 0 3 35927 0 0 7 0 0 121 22 0 6154315 13714480 9637570 0 0 0 12696991 0 0 713 0 
0 0 0 0 0 0 0 0 0 0 0 0 0 0 0 0 0 0 0 0 0 0 0 3 0 35975 35975 0 0 120 0 0 22 29528614 0 0 0 0 0 0 12705371 713 0 0 
0 0 0 0 0 0 0 0 0 0 0 0 0 0 0 0 0 0 0 0 0 0 0 3 35979 0 0 7 0 0 121 22 0 6158565 13723344 9645344 0 0 0 12706828 0 0 713 0 
0 0 0 0 0 0 0 0 0 0 0 0 0 0 0 0 0 0 0 0 0 0 0 3 0 36031 36031 0 0 120 0 0 22 29558352 0 0 0 0 0 0 12717935 713 0 0 
0 0 0 0 0 0 0 0 0 0 0 0 0 0 0 0 0 0 0 0 0 0 0 3 36035 0 0 7 0 0 121 22 0 6164673 13735609 9656708 0 0 0 12719392 0 0 713 0 
0 0 0 0 0 0 0 0 0 0 0 0 0 0 0 0 0 0 0 0 0 0 0 3 0 36062 36059 0 0 120 0 0 22 29593065 0 0 0 0 0 0 12733133 713 0 0 
0 0 0 0 0 0 0 0 0 0 0 0 0 0 0 0 0 0 0 0 0 0 0 3 36063 0 0 7 0 0 121 22 0 6172769 13750264 9668658 0 0 0 12734592 0 0 713 0 
0 0 0 0 0 0 0 0 0 0 0 0 0 0 0 0 0 0 0 0 0 0 0 3 0 36095 36095 0 0 120 0 0 22 29614488 0 0 0 0 0 0 12742135 713 0 0 
0 0 0 0 0 0 0 0 0 0 0 0 0 0 0 0 0 0 0 0 0 0 0 3 36099 0 0 7 0 0 121 22 0 6177097 13760349 9675670 0 0 0 12743594 0 0 713 0 
0 0 0 0 0 0 0 0 0 0 0 0 0 0 0 0 0 0 0 0 0 0 0 3 0 36151 36151 0 0 120 0 0 22 29642575 0 0 0 0 0 0 12753885 713 0 0 
0 0 0 0 0 0 0 0 0 0 0 0 0 0 0 0 0 0 0 0 0 0 0 3 36155 0 0 7 0 0 121 22 0 6182721 13771779 9686700 0 0 0 12755347 0 0 713 0 
0 0 0 0 0 0 0 0 0 0 0 0 0 0 0 0 0 0 0 0 0 0 0 3 0 36207 36207 0 0 120 0 0 22 29677755 0 0 0 0 0 0 12767548 713 0 0 
0 0 0 0 0 0 0 0 0 0 0 0 0 0 0 0 0 0 0 0 0 0 0 3 36211 0 0 7 0 0 121 22 0 6191742 13785551 9699092 0 0 0 12769009 0 0 713 0 
0 0 0 0 0 0 0 0 0 0 0 0 0 0 0 0 0 0 0 0 0 0 0 3 0 36215 36215 0 0 120 0 0 22 29696514 0 0 0 0 0 0 12776768 713 0 0 
0 0 0 0 0 0 0 0 0 0 0 0 0 0 0 0 0 0 0 0 0 0 0 3 36219 0 0 7 0 0 121 22 0 6194937 13794978 9705231 0 0 0 12778230 0 0 713 0 
0 0 0 0 0 0 0 0 0 0 0 0 0 0 0 0 0 0 0 0 0 0 0 3 0 36271 36271 0 0 120 0 0 22 29726060 0 0 0 0 0 0 12788819 713 0 0 
0 0 0 0 0 0 0 0 0 0 0 0 0 0 0 0 0 0 0 0 0 0 0 3 36275 0 0 7 0 0 121 22 0 6200776 13806933 9716979 0 0 0 12790281 0 0 713 0 
0 0 0 0 0 0 0 0 0 0 0 0 0 0 0 0 0 0 0 0 0 0 0 3 0 36327 36327 0 0 120 0 0 22 29762253 0 0 0 0 0 0 12803104 713 0 0 
0 0 0 0 0 0 0 0 0 0 0 0 0 0 0 0 0 0 0 0 0 0 0 3 36331 0 0 7 0 0 121 22 0 6209758 13821329 9729793 0 0 0 12804568 0 0 713 0 
0 0 0 0 0 0 0 0 0 0 0 0 0 0 0 0 0 0 0 0 0 0 0 3 0 36335 36334 0 0 120 0 0 22 29782877 0 0 0 0 0 0 12814077 713 0 0 
0 0 0 0 0 0 0 0 0 0 0 0 0 0 0 0 0 0 0 0 0 0 0 3 36339 0 0 7 0 0 121 22 0 6213073 13832562 9735870 0 0 0 12815541 0 0 713 0 
0 0 0 0 0 0 0 0 0 0 0 0 0 0 0 0 0 0 0 0 0 0 0 3 0 36391 36390 0 0 120 0 0 22 29812273 0 0 0 0 0 0 12826031 713 0 0 
0 0 0 0 0 0 0 0 0 0 0 0 0 0 0 0 0 0 0 0 0 0 0 3 36395 0 0 7 0 0 121 22 0 6218789 13844364 9747743 0 0 0 12827496 0 0 713 0 
0 0 0 0 0 0 0 0 0 0 0 0 0 0 0 0 0 0 0 0 0 0 0 3 0 36447 36446 0 0 120 0 0 22 29848542 0 0 0 0 0 0 12840242 713 0 0 
0 0 0 0 0 0 0 0 0 0 0 0 0 0 0 0 0 0 0 0 0 0 0 3 36451 0 0 7 0 0 121 22 0 6227797 13858687 9760679 0 0 0 12841708 0 0 713 0 
0 0 0 0 0 0 0 0 0 0 0 0 0 0 0 0 0 0 0 0 0 0 0 3 0 36459 36458 0 0 120 0 0 22 29874771 0 0 0 0 0 0 12849862 713 0 0 
0 0 0 0 0 0 0 0 0 0 0 0 0 0 0 0 0 0 0 0 0 0 0 3 36463 0 0 7 0 0 121 22 0 6233700 13871038 9768652 0 0 0 12851330 0 0 713 0 
0 0 0 0 0 0 0 0 0 0 0 0 0 0 0 0 0 0 0 0 0 0 0 3 0 36515 36514 0 0 120 0 0 22 29900821 0 0 0 0 0 0 12863796 713 0 0 
0 0 0 0 0 0 0 0 0 0 0 0 0 0 0 0 0 0 0 0 0 0 0 3 36519 0 0 7 0 0 121 22 0 6238313 13882988 9778139 0 0 0 12865267 0 0 713 0 
0 0 0 0 0 0 0 0 0 0 0 0 0 0 0 0 0 0 0 0 0 0 0 3 0 36571 36570 0 0 120 0 0 22 29934586 0 0 0 0 0 0 12877779 713 0 0 
0 0 0 0 0 0 0 0 0 0 0 0 0 0 0 0 0 0 0 0 0 0 0 3 36575 0 0 7 0 0 121 22 0 6245858 13896446 9790895 0 0 0 12879252 0 0 713 0 
0 0 0 0 0 0 0 0 0 0 0 0 0 0 0 0 0 0 0 0 0 0 0 3 0 36627 36626 0 0 120 0 0 22 29971064 0 0 0 0 0 0 12891831 713 0 0 
0 0 0 0 0 0 0 0 0 0 0 0 0 0 0 0 0 0 0 0 0 0 0 3 36631 0 0 7 0 0 121 22 0 6254895 13910606 9804170 0 0 0 12893303 0 0 713 0 
0 0 0 0 0 0 0 0 0 0 0 0 0 0 0 0 0 0 0 0 0 0 0 3 0 36635 36634 0 0 120 0 0 22 29993021 0 0 0 0 0 0 12903871 713 0 0 
0 0 0 0 0 0 0 0 0 0 0 0 0 0 0 0 0 0 0 0 0 0 0 3 36639 0 0 7 0 0 121 22 0 6258300 13923085 9810242 0 0 0 12905343 0 0 713 0 
0 0 0 0 0 0 0 0 0 0 0 0 0 0 0 0 0 0 0 0 0 0 0 3 0 36691 36690 0 0 120 0 0 22 30020631 0 0 0 0 0 0 12914689 713 0 0 
0 0 0 0 0 0 0 0 0 0 0 0 0 0 0 0 0 0 0 0 0 0 0 3 36695 0 0 7 0 0 121 22 0 6263946 13933574 9821712 0 0 0 12916162 0 0 713 0 
0 0 0 0 0 0 0 0 0 0 0 0 0 0 0 0 0 0 0 0 0 0 0 3 0 36747 36746 0 0 120 0 0 22 30057564 0 0 0 0 0 0 12929380 713 0 0 
0 0 0 0 0 0 0 0 0 0 0 0 0 0 0 0 0 0 0 0 0 0 0 3 36751 0 0 7 0 0 121 22 0 6272985 13948379 9834798 0 0 0 12930853 0 0 713 0 
0 0 0 0 0 0 0 0 0 0 0 0 0 0 0 0 0 0 0 0 0 0 0 3 0 36771 36770 0 0 120 0 0 22 30091732 0 0 0 0 0 0 12944167 713 0 0 
0 0 0 0 0 0 0 0 0 0 0 0 0 0 0 0 0 0 0 0 0 0 0 3 36775 0 0 7 0 0 121 22 0 6280717 13962351 9847253 0 0 0 12945637 0 0 713 0 
0 0 0 0 0 0 0 0 0 0 0 0 0 0 0 0 0 0 0 0 0 0 0 3 0 36815 36814 0 0 120 0 0 22 30111168 0 0 0 0 0 0 12952138 713 0 0 
0 0 0 0 0 0 0 0 0 0 0 0 0 0 0 0 0 0 0 0 0 0 0 3 36819 0 0 7 0 0 121 22 0 6284737 13971401 9853621 0 0 0 12953609 0 0 713 0 
0 0 0 0 0 0 0 0 0 0 0 0 0 0 0 0 0 0 0 0 0 0 0 3 0 36871 36870 0 0 120 0 0 22 30141234 0 0 0 0 0 0 12964087 713 0 0 
0 0 0 0 0 0 0 0 0 0 0 0 0 0 0 0 0 0 0 0 0 0 0 3 36875 0 0 7 0 0 121 22 0 6291125 13983302 9865388 0 0 0 12965558 0 0 713 0 
0 0 0 0 0 0 0 0 0 0 0 0 0 0 0 0 0 0 0 0 0 0 0 3 0 36909 36906 0 0 120 0 0 22 30174241 0 0 0 0 0 0 12977197 713 0 0 
0 0 0 0 0 0 0 0 0 0 0 0 0 0 0 0 0 0 0 0 0 0 0 3 36911 0 0 7 0 0 121 22 0 6299269 13996152 9877385 0 0 0 12978672 0 0 713 0 
0 0 0 0 0 0 0 0 0 0 0 0 0 0 0 0 0 0 0 0 0 0 0 3 0 36935 36934 0 0 120 0 0 22 30198304 0 0 0 0 0 0 12989537 713 0 0 
0 0 0 0 0 0 0 0 0 0 0 0 0 0 0 0 0 0 0 0 0 0 0 3 36939 0 0 7 0 0 121 22 0 6303518 14009324 9884028 0 0 0 12991013 0 0 713 0 
0 0 0 0 0 0 0 0 0 0 0 0 0 0 0 0 0 0 0 0 0 0 0 3 0 36991 36990 0 0 120 0 0 22 30226749 0 0 0 0 0 0 13001122 713 0 0 
0 0 0 0 0 0 0 0 0 0 0 0 0 0 0 0 0 0 0 0 0 0 0 3 36995 0 0 7 0 0 121 22 0 6309227 14020558 9895524 0 0 0 13002599 0 0 713 0 
0 0 0 0 0 0 0 0 0 0 0 0 0 0 0 0 0 0 0 0 0 0 0 3 0 37047 37046 0 0 120 0 0 22 30262148 0 0 0 0 0 0 13014739 713 0 0 
0 0 0 0 0 0 0 0 0 0 0 0 0 0 0 0 0 0 0 0 0 0 0 3 37051 0 0 7 0 0 121 22 0 6318210 14034285 9908209 0 0 0 13016218 0 0 713 0 
0 0 0 0 0 0 0 0 0 0 0 0 0 0 0 0 0 0 0 0 0 0 0 3 0 37055 37054 0 0 120 0 0 22 30280775 0 0 0 0 0 0 13022736 713 0 0 
0 0 0 0 0 0 0 0 0 0 0 0 0 0 0 0 0 0 0 0 0 0 0 3 37059 0 0 7 0 0 121 22 0 6321675 14042796 9914860 0 0 0 13024215 0 0 713 0 
0 0 0 0 0 0 0 0 0 0 0 0 0 0 0 0 0 0 0 0 0 0 0 3 0 37115 37110 0 0 120 0 0 22 30308163 0 0 0 0 0 0 13033903 713 0 0 
0 0 0 0 0 0 0 0 0 0 0 0 0 0 0 0 0 0 0 0 0 0 0 3 37115 0 0 7 0 0 121 22 0 6327215 14053555 9925942 0 0 0 13035384 0 0 713 0 
0 0 0 0 0 0 0 0 0 0 0 0 0 0 0 0 0 0 0 0 0 0 0 3 0 37169 37166 0 0 120 0 0 22 30344288 0 0 0 0 0 0 13048104 713 0 0 
0 0 0 0 0 0 0 0 0 0 0 0 0 0 0 0 0 0 0 0 0 0 0 3 37171 0 0 7 0 0 121 22 0 6336216 14067867 9938749 0 0 0 13049587 0 0 713 0 
0 0 0 0 0 0 0 0 0 0 0 0 0 0 0 0 0 0 0 0 0 0 0 3 0 37195 37190 0 0 120 0 0 22 30377285 0 0 0 0 0 0 13061189 713 0 0 
0 0 0 0 0 0 0 0 0 0 0 0 0 0 0 0 0 0 0 0 0 0 0 3 37195 0 0 7 0 0 121 22 0 6344097 14080262 9951464 0 0 0 13062674 0 0 713 0 
0 0 0 0 0 0 0 0 0 0 0 0 0 0 0 0 0 0 0 0 0 0 0 3 0 37235 37234 0 0 120 0 0 22 30396843 0 0 0 0 0 0 13070279 713 0 0 
0 0 0 0 0 0 0 0 0 0 0 0 0 0 0 0 0 0 0 0 0 0 0 3 37239 0 0 7 0 0 121 22 0 6348249 14090383 9956747 0 0 0 13071764 0 0 713 0 
0 0 0 0 0 0 0 0 0 0 0 0 0 0 0 0 0 0 0 0 0 0 0 3 0 37290 37290 0 0 120 0 0 22 30426617 0 0 0 0 0 0 13082400 713 0 0 
0 0 0 0 0 0 0 0 0 0 0 0 0 0 0 0 0 0 0 0 0 0 0 3 37295 0 0 7 0 0 121 22 0 6354130 14102381 9968648 0 0 0 13083886 0 0 713 0 
0 0 0 0 0 0 0 0 0 0 0 0 0 0 0 0 0 0 0 0 0 0 0 3 0 37346 37346 0 0 120 0 0 22 30463830 0 0 0 0 0 0 13097437 713 0 0 
0 0 0 0 0 0 0 0 0 0 0 0 0 0 0 0 0 0 0 0 0 0 0 3 37351 0 0 7 0 0 121 22 0 6363186 14117530 9981654 0 0 0 13098923 0 0 713 0 
0 0 0 0 0 0 0 0 0 0 0 0 0 0 0 0 0 0 0 0 0 0 0 3 0 37354 37354 0 0 120 0 0 22 30483360 0 0 0 0 0 0 13106998 713 0 0 
0 0 0 0 0 0 0 0 0 0 0 0 0 0 0 0 0 0 0 0 0 0 0 3 37359 0 0 7 0 0 121 22 0 6366754 14127857 9987290 0 0 0 13108484 0 0 713 0 
0 0 0 0 0 0 0 0 0 0 0 0 0 0 0 0 0 0 0 0 0 0 0 3 0 37410 37410 0 0 120 0 0 22 30514669 0 0 0 0 0 0 13122739 713 0 0 
0 0 0 0 0 0 0 0 0 0 0 0 0 0 0 0 0 0 0 0 0 0 0 3 37415 0 0 7 0 0 121 22 0 6372159 14142936 9998105 0 0 0 13124225 0 0 713 0 
0 0 0 0 0 0 0 0 0 0 0 0 0 0 0 0 0 0 0 0 0 0 0 3 0 37466 37466 0 0 120 0 0 22 30551140 0 0 0 0 0 0 13136998 713 0 0 
0 0 0 0 0 0 0 0 0 0 0 0 0 0 0 0 0 0 0 0 0 0 0 3 37471 0 0 7 0 0 121 22 0 6381201 14157311 10011156 0 0 0 13138490 0 0 713 0 
0 0 0 0 0 0 0 0 0 0 0 0 0 0 0 0 0 0 0 0 0 0 0 3 0 37510 37510 0 0 120 0 0 22 30584293 0 0 0 0 0 0 13149773 713 0 0 
0 0 0 0 0 0 0 0 0 0 0 0 0 0 0 0 0 0 0 0 0 0 0 3 37515 0 0 7 0 0 121 22 0 6389288 14169825 10023704 0 0 0 13151266 0 0 713 0 
0 0 0 0 0 0 0 0 0 0 0 0 0 0 0 0 0 0 0 0 0 0 0 3 0 37534 37534 0 0 120 0 0 22 30606121 0 0 0 0 0 0 13160488 713 0 0 
0 0 0 0 0 0 0 0 0 0 0 0 0 0 0 0 0 0 0 0 0 0 0 3 37539 0 0 7 0 0 121 22 0 6393392 14181128 10030125 0 0 0 13161981 0 0 713 0 
0 0 0 0 0 0 0 0 0 0 0 0 0 0 0 0 0 0 0 0 0 0 0 3 0 37590 37590 0 0 120 0 0 22 30636359 0 0 0 0 0 0 13172881 713 0 0 
0 0 0 0 0 0 0 0 0 0 0 0 0 0 0 0 0 0 0 0 0 0 0 3 37595 0 0 7 0 0 121 22 0 6399183 14193416 10042273 0 0 0 13174379 0 0 713 0 
0 0 0 0 0 0 0 0 0 0 0 0 0 0 0 0 0 0 0 0 0 0 0 3 0 37646 37646 0 0 120 0 0 22 30673267 0 0 0 0 0 0 13188014 713 0 0 
0 0 0 0 0 0 0 0 0 0 0 0 0 0 0 0 0 0 0 0 0 0 0 3 37651 0 0 7 0 0 121 22 0 6408230 14208661 10054889 0 0 0 13189516 0 0 713 0 
0 0 0 0 0 0 0 0 0 0 0 0 0 0 0 0 0 0 0 0 0 0 0 3 0 37654 37654 0 0 120 0 0 22 30697549 0 0 0 0 0 0 13197474 713 0 0 
0 0 0 0 0 0 0 0 0 0 0 0 0 0 0 0 0 0 0 0 0 0 0 3 37659 0 0 7 0 0 121 22 0 6413163 14221055 10061846 0 0 0 13198976 0 0 713 0 
0 0 0 0 0 0 0 0 0 0 0 0 0 0 0 0 0 0 0 0 0 0 0 3 0 37714 37714 0 0 120 0 0 22 30722523 0 0 0 0 0 0 13208874 713 0 0 
0 0 0 0 0 0 0 0 0 0 0 0 0 0 0 0 0 0 0 0 0 0 0 3 37719 0 0 7 0 0 121 22 0 6418836 14230293 10071909 0 0 0 13210382 0 0 713 0 
0 0 0 0 0 0 0 0 0 0 0 0 0 0 0 0 0 0 0 0 0 0 0 3 0 37770 37766 0 0 120 0 0 22 30756606 0 0 0 0 0 0 13222660 713 0 0 
0 0 0 0 0 0 0 0 0 0 0 0 0 0 0 0 0 0 0 0 0 0 0 3 37771 0 0 7 0 0 121 22 0 6426170 14243524 10085420 0 0 0 13224169 0 0 713 0 
0 0 0 0 0 0 0 0 0 0 0 0 0 0 0 0 0 0 0 0 0 0 0 3 0 37782 37778 0 0 120 0 0 22 30787365 0 0 0 0 0 0 13233969 713 0 0 
0 0 0 0 0 0 0 0 0 0 0 0 0 0 0 0 0 0 0 0 0 0 0 3 37783 0 0 7 0 0 121 22 0 6433462 14257461 10094952 0 0 0 13235483 0 0 713 0 
0 0 0 0 0 0 0 0 0 0 0 0 0 0 0 0 0 0 0 0 0 0 0 3 0 37834 37834 0 0 120 0 0 22 30808533 0 0 0 0 0 0 13244240 713 0 0 
0 0 0 0 0 0 0 0 0 0 0 0 0 0 0 0 0 0 0 0 0 0 0 3 37839 0 0 7 0 0 121 22 0 6437814 14265410 10103813 0 0 0 13245754 0 0 713 0 
0 0 0 0 0 0 0 0 0 0 0 0 0 0 0 0 0 0 0 0 0 0 0 3 0 37890 37890 0 0 120 0 0 22 30840383 0 0 0 0 0 0 13257283 713 0 0 
0 0 0 0 0 0 0 0 0 0 0 0 0 0 0 0 0 0 0 0 0 0 0 3 37895 0 0 7 0 0 121 22 0 6444116 14278369 10116403 0 0 0 13258798 0 0 713 0 
0 0 0 0 0 0 0 0 0 0 0 0 0 0 0 0 0 0 0 0 0 0 0 3 0 37946 37946 0 0 120 0 0 22 30876876 0 0 0 0 0 0 13272014 713 0 0 
0 0 0 0 0 0 0 0 0 0 0 0 0 0 0 0 0 0 0 0 0 0 0 3 37951 0 0 7 0 0 121 22 0 6453068 14293214 10129099 0 0 0 13273531 0 0 713 0 
0 0 0 0 0 0 0 0 0 0 0 0 0 0 0 0 0 0 0 0 0 0 0 3 0 37958 37953 0 0 120 0 0 22 30902945 0 0 0 0 0 0 13282738 713 0 0 
0 0 0 0 0 0 0 0 0 0 0 0 0 0 0 0 0 0 0 0 0 0 0 3 37959 0 0 7 0 0 121 22 0 6458078 14306958 10136415 0 0 0 13284254 0 0 713 0 
0 0 0 0 0 0 0 0 0 0 0 0 0 0 0 0 0 0 0 0 0 0 0 3 0 38014 38009 0 0 120 0 0 22 30922971 0 0 0 0 0 0 13292291 713 0 0 
0 0 0 0 0 0 0 0 0 0 0 0 0 0 0 0 0 0 0 0 0 0 0 3 38015 0 0 7 0 0 121 22 0 6462082 14313598 10145783 0 0 0 13293809 0 0 713 0 
0 0 0 0 0 0 0 0 0 0 0 0 0 0 0 0 0 0 0 0 0 0 0 3 0 38066 38065 0 0 120 0 0 22 30959545 0 0 0 0 0 0 13306744 713 0 0 
0 0 0 0 0 0 0 0 0 0 0 0 0 0 0 0 0 0 0 0 0 0 0 3 38071 0 0 7 0 0 121 22 0 6471056 14328165 10158804 0 0 0 13308263 0 0 713 0 
0 0 0 0 0 0 0 0 0 0 0 0 0 0 0 0 0 0 0 0 0 0 0 3 0 38093 38089 0 0 120 0 0 22 30993565 0 0 0 0 0 0 13320999 713 0 0 
0 0 0 0 0 0 0 0 0 0 0 0 0 0 0 0 0 0 0 0 0 0 0 3 38095 0 0 7 0 0 121 22 0 6478990 14341729 10171319 0 0 0 13322521 0 0 713 0 
0 0 0 0 0 0 0 0 0 0 0 0 0 0 0 0 0 0 0 0 0 0 0 3 0 38134 38133 0 0 120 0 0 22 31016487 0 0 0 0 0 0 13333231 713 0 0 
0 0 0 0 0 0 0 0 0 0 0 0 0 0 0 0 0 0 0 0 0 0 0 3 38139 0 0 7 0 0 121 22 0 6483096 14354987 10176876 0 0 0 13334754 0 0 713 0 
0 0 0 0 0 0 0 0 0 0 0 0 0 0 0 0 0 0 0 0 0 0 0 3 0 38190 38189 0 0 120 0 0 22 31045905 0 0 0 0 0 0 13345365 713 0 0 
0 0 0 0 0 0 0 0 0 0 0 0 0 0 0 0 0 0 0 0 0 0 0 3 38195 0 0 7 0 0 121 22 0 6489066 14367005 10188301 0 0 0 13346891 0 0 713 0 
0 0 0 0 0 0 0 0 0 0 0 0 0 0 0 0 0 0 0 0 0 0 0 3 0 38233 38229 0 0 120 0 0 22 31079749 0 0 0 0 0 0 13358203 713 0 0 
0 0 0 0 0 0 0 0 0 0 0 0 0 0 0 0 0 0 0 0 0 0 0 3 38235 0 0 7 0 0 121 22 0 6497677 14379837 10200697 0 0 0 13359731 0 0 713 0 
0 0 0 0 0 0 0 0 0 0 0 0 0 0 0 0 0 0 0 0 0 0 0 3 0 38254 38253 0 0 120 0 0 22 31101632 0 0 0 0 0 0 13370018 713 0 0 
0 0 0 0 0 0 0 0 0 0 0 0 0 0 0 0 0 0 0 0 0 0 0 3 38259 0 0 7 0 0 121 22 0 6501278 14392031 10206786 0 0 0 13371546 0 0 713 0 
0 0 0 0 0 0 0 0 0 0 0 0 0 0 0 0 0 0 0 0 0 0 0 3 0 38310 38309 0 0 120 0 0 22 31130729 0 0 0 0 0 0 13382089 713 0 0 
0 0 0 0 0 0 0 0 0 0 0 0 0 0 0 0 0 0 0 0 0 0 0 3 38315 0 0 7 0 0 121 22 0 6507064 14403953 10218169 0 0 0 13383622 0 0 713 0 
0 0 0 0 0 0 0 0 0 0 0 0 0 0 0 0 0 0 0 0 0 0 0 3 0 38366 38365 0 0 120 0 0 22 31166153 0 0 0 0 0 0 13395761 713 0 0 
0 0 0 0 0 0 0 0 0 0 0 0 0 0 0 0 0 0 0 0 0 0 0 3 38371 0 0 7 0 0 121 22 0 6516001 14417736 10230861 0 0 0 13397294 0 0 713 0 
0 0 0 0 0 0 0 0 0 0 0 0 0 0 0 0 0 0 0 0 0 0 0 3 0 38374 38373 0 0 120 0 0 22 31190797 0 0 0 0 0 0 13405027 713 0 0 
0 0 0 0 0 0 0 0 0 0 0 0 0 0 0 0 0 0 0 0 0 0 0 3 38379 0 0 7 0 0 121 22 0 6520847 14429669 10238727 0 0 0 13406562 0 0 713 0 
0 0 0 0 0 0 0 0 0 0 0 0 0 0 0 0 0 0 0 0 0 0 0 3 0 38434 38433 0 0 120 0 0 22 31217938 0 0 0 0 0 0 13418553 713 0 0 
0 0 0 0 0 0 0 0 0 0 0 0 0 0 0 0 0 0 0 0 0 0 0 3 38439 0 0 7 0 0 121 22 0 6526104 14441381 10248897 0 0 0 13420087 0 0 713 0 
0 0 0 0 0 0 0 0 0 0 0 0 0 0 0 0 0 0 0 0 0 0 0 3 0 38486 38485 0 0 120 0 0 22 31253126 0 0 0 0 0 0 13433168 713 0 0 
0 0 0 0 0 0 0 0 0 0 0 0 0 0 0 0 0 0 0 0 0 0 0 3 38491 0 0 7 0 0 121 22 0 6534021 14455368 10262176 0 0 0 13434706 0 0 713 0 
0 0 0 0 0 0 0 0 0 0 0 0 0 0 0 0 0 0 0 0 0 0 0 3 0 38498 38497 0 0 120 0 0 22 31279466 0 0 0 0 0 0 13442019 713 0 0 
0 0 0 0 0 0 0 0 0 0 0 0 0 0 0 0 0 0 0 0 0 0 0 3 38503 0 0 7 0 0 121 22 0 6540310 14466863 10270734 0 0 0 13443555 0 0 713 0 
0 0 0 0 0 0 0 0 0 0 0 0 0 0 0 0 0 0 0 0 0 0 0 3 0 38554 38553 0 0 120 0 0 22 31304716 0 0 0 0 0 0 13455036 713 0 0 
0 0 0 0 0 0 0 0 0 0 0 0 0 0 0 0 0 0 0 0 0 0 0 3 38559 0 0 7 0 0 121 22 0 6545244 14477739 10280168 0 0 0 13456574 0 0 713 0 
0 0 0 0 0 0 0 0 0 0 0 0 0 0 0 0 0 0 0 0 0 0 0 3 0 38610 38609 0 0 120 0 0 22 31336294 0 0 0 0 0 0 13468094 713 0 0 
0 0 0 0 0 0 0 0 0 0 0 0 0 0 0 0 0 0 0 0 0 0 0 3 38615 0 0 7 0 0 121 22 0 6552049 14490510 10292161 0 0 0 13469633 0 0 713 0 
0 0 0 0 0 0 0 0 0 0 0 0 0 0 0 0 0 0 0 0 0 0 0 3 0 38666 38665 0 0 120 0 0 22 31372013 0 0 0 0 0 0 13481807 713 0 0 
0 0 0 0 0 0 0 0 0 0 0 0 0 0 0 0 0 0 0 0 0 0 0 3 38671 0 0 7 0 0 121 22 0 6561078 14504333 10305024 0 0 0 13483348 0 0 713 0 
0 0 0 0 0 0 0 0 0 0 0 0 0 0 0 0 0 0 0 0 0 0 0 3 0 38674 38673 0 0 120 0 0 22 31390702 0 0 0 0 0 0 13490680 713 0 0 
0 0 0 0 0 0 0 0 0 0 0 0 0 0 0 0 0 0 0 0 0 0 0 3 38679 0 0 7 0 0 121 22 0 6564395 14513549 10311181 0 0 0 13492222 0 0 713 0 
0 0 0 0 0 0 0 0 0 0 0 0 0 0 0 0 0 0 0 0 0 0 0 3 0 38730 38729 0 0 120 0 0 22 31420570 0 0 0 0 0 0 13503395 713 0 0 
0 0 0 0 0 0 0 0 0 0 0 0 0 0 0 0 0 0 0 0 0 0 0 3 38735 0 0 7 0 0 121 22 0 6570103 14526031 10322857 0 0 0 13504937 0 0 713 0 
0 0 0 0 0 0 0 0 0 0 0 0 0 0 0 0 0 0 0 0 0 0 0 3 0 38786 38785 0 0 120 0 0 22 31457591 0 0 0 0 0 0 13518103 713 0 0 
0 0 0 0 0 0 0 0 0 0 0 0 0 0 0 0 0 0 0 0 0 0 0 3 38791 0 0 7 0 0 121 22 0 6579190 14540851 10335973 0 0 0 13519649 0 0 713 0 
0 0 0 0 0 0 0 0 0 0 0 0 0 0 0 0 0 0 0 0 0 0 0 3 0 38802 38801 0 0 120 0 0 22 31487924 0 0 0 0 0 0 13529022 713 0 0 
0 0 0 0 0 0 0 0 0 0 0 0 0 0 0 0 0 0 0 0 0 0 0 3 38807 0 0 7 0 0 121 22 0 6586689 14553891 10345766 0 0 0 13530571 0 0 713 0 
0 0 0 0 0 0 0 0 0 0 0 0 0 0 0 0 0 0 0 0 0 0 0 3 0 38854 38853 0 0 120 0 0 22 31507424 0 0 0 0 0 0 13539282 713 0 0 
0 0 0 0 0 0 0 0 0 0 0 0 0 0 0 0 0 0 0 0 0 0 0 3 38858 0 0 7 0 0 121 22 0 6589652 14562756 10353438 0 0 0 13540832 0 0 713 0 
0 0 0 0 0 0 0 0 0 0 0 0 0 0 0 0 0 0 0 0 0 0 0 3 0 38908 38905 0 0 120 0 0 22 31540785 0 0 0 0 0 0 13553234 713 0 0 
0 0 0 0 0 0 0 0 0 0 0 0 0 0 0 0 0 0 0 0 0 0 0 3 38910 0 0 7 0 0 121 22 0 6597201 14576204 10365799 0 0 0 13554786 0 0 713 0 
0 0 0 0 0 0 0 0 0 0 0 0 0 0 0 0 0 0 0 0 0 0 0 3 0 38953 38949 0 0 120 0 0 22 31575688 0 0 0 0 0 0 13567445 713 0 0 
0 0 0 0 0 0 0 0 0 0 0 0 0 0 0 0 0 0 0 0 0 0 0 3 38954 0 0 7 0 0 121 22 0 6605456 14590229 10378417 0 0 0 13568998 0 0 713 0 
0 0 0 0 0 0 0 0 0 0 0 0 0 0 0 0 0 0 0 0 0 0 0 3 0 38974 38973 0 0 120 0 0 22 31596171 0 0 0 0 0 0 13577307 713 0 0 
0 0 0 0 0 0 0 0 0 0 0 0 0 0 0 0 0 0 0 0 0 0 0 3 38978 0 0 7 0 0 121 22 0 6609407 14600709 10384468 0 0 0 13578860 0 0 713 0 
0 0 0 0 0 0 0 0 0 0 0 0 0 0 0 0 0 0 0 0 0 0 0 3 0 39030 39029 0 0 120 0 0 22 31625800 0 0 0 0 0 0 13590155 713 0 0 
0 0 0 0 0 0 0 0 0 0 0 0 0 0 0 0 0 0 0 0 0 0 0 3 39034 0 0 7 0 0 121 22 0 6615208 14613342 10395655 0 0 0 13591710 0 0 713 0 
0 0 0 0 0 0 0 0 0 0 0 0 0 0 0 0 0 0 0 0 0 0 0 3 0 39086 39085 0 0 120 0 0 22 31662686 0 0 0 0 0 0 13604941 713 0 0 
0 0 0 0 0 0 0 0 0 0 0 0 0 0 0 0 0 0 0 0 0 0 0 3 39090 0 0 7 0 0 121 22 0 6624213 14628243 10408629 0 0 0 13606501 0 0 713 0 
0 0 0 0 0 0 0 0 0 0 0 0 0 0 0 0 0 0 0 0 0 0 0 3 0 39098 39093 0 0 120 0 0 22 31686217 0 0 0 0 0 0 13613004 713 0 0 
0 0 0 0 0 0 0 0 0 0 0 0 0 0 0 0 0 0 0 0 0 0 0 3 39098 0 0 7 0 0 121 22 0 6629399 14639252 10415965 0 0 0 13614564 0 0 713 0 
0 0 0 0 0 0 0 0 0 0 0 0 0 0 0 0 0 0 0 0 0 0 0 3 0 39154 39153 0 0 120 0 0 22 31710605 0 0 0 0 0 0 13625012 713 0 0 
0 0 0 0 0 0 0 0 0 0 0 0 0 0 0 0 0 0 0 0 0 0 0 3 39158 0 0 7 0 0 121 22 0 6634606 14649066 10425325 0 0 0 13626573 0 0 713 0 
0 0 0 0 0 0 0 0 0 0 0 0 0 0 0 0 0 0 0 0 0 0 0 3 0 39210 39205 0 0 120 0 0 22 31743215 0 0 0 0 0 0 13638108 713 0 0 
0 0 0 0 0 0 0 0 0 0 0 0 0 0 0 0 0 0 0 0 0 0 0 3 39210 0 0 7 0 0 121 22 0 6642206 14661624 10437778 0 0 0 13639670 0 0 713 0 
0 0 0 0 0 0 0 0 0 0 0 0 0 0 0 0 0 0 0 0 0 0 0 3 0 39253 39249 0 0 120 0 0 22 31777294 0 0 0 0 0 0 13651527 713 0 0 
0 0 0 0 0 0 0 0 0 0 0 0 0 0 0 0 0 0 0 0 0 0 0 3 39254 0 0 7 0 0 121 22 0 6650454 14674855 10450365 0 0 0 13653092 0 0 713 0 
0 0 0 0 0 0 0 0 0 0 0 0 0 0 0 0 0 0 0 0 0 0 0 3 0 39274 39273 0 0 120 0 0 22 31800290 0 0 0 0 0 0 13663259 713 0 0 
0 0 0 0 0 0 0 0 0 0 0 0 0 0 0 0 0 0 0 0 0 0 0 3 39278 0 0 7 0 0 121 22 0 6654415 14687138 10457119 0 0 0 13664824 0 0 713 0 
0 0 0 0 0 0 0 0 0 0 0 0 0 0 0 0 0 0 0 0 0 0 0 3 0 39330 39329 0 0 120 0 0 22 31830857 0 0 0 0 0 0 13676650 713 0 0 
0 0 0 0 0 0 0 0 0 0 0 0 0 0 0 0 0 0 0 0 0 0 0 3 39334 0 0 7 0 0 121 22 0 6660253 14700393 10468590 0 0 0 13678221 0 0 713 0 
0 0 0 0 0 0 0 0 0 0 0 0 0 0 0 0 0 0 0 0 0 0 0 3 0 39386 39385 0 0 120 0 0 22 31866190 0 0 0 0 0 0 13690123 713 0 0 
0 0 0 0 0 0 0 0 0 0 0 0 0 0 0 0 0 0 0 0 0 0 0 3 39390 0 0 7 0 0 121 22 0 6669236 14713976 10481356 0 0 0 13691694 0 0 713 0 
0 0 0 0 0 0 0 0 0 0 0 0 0 0 0 0 0 0 0 0 0 0 0 3 0 39396 39393 0 0 120 0 0 22 31889305 0 0 0 0 0 0 13697930 713 0 0 
0 0 0 0 0 0 0 0 0 0 0 0 0 0 0 0 0 0 0 0 0 0 0 3 39398 0 0 7 0 0 121 22 0 6674209 14724817 10488661 0 0 0 13699502 0 0 713 0 
0 0 0 0 0 0 0 0 0 0 0 0 0 0 0 0 0 0 0 0 0 0 0 3 0 39454 39453 0 0 120 0 0 22 31916338 0 0 0 0 0 0 13712062 713 0 0 
0 0 0 0 0 0 0 0 0 0 0 0 0 0 0 0 0 0 0 0 0 0 0 3 39458 0 0 7 0 0 121 22 0 6679438 14736727 10498552 0 0 0 13713632 0 0 713 0 
0 0 0 0 0 0 0 0 0 0 0 0 0 0 0 0 0 0 0 0 0 0 0 3 0 39506 39505 0 0 120 0 0 22 31950163 0 0 0 0 0 0 13726167 713 0 0 
0 0 0 0 0 0 0 0 0 0 0 0 0 0 0 0 0 0 0 0 0 0 0 3 39510 0 0 7 0 0 121 22 0 6687230 14750240 10511066 0 0 0 13727738 0 0 713 0 
0 0 0 0 0 0 0 0 0 0 0 0 0 0 0 0 0 0 0 0 0 0 0 3 0 39526 39525 0 0 120 0 0 22 31983031 0 0 0 0 0 0 13738834 713 0 0 
0 0 0 0 0 0 0 0 0 0 0 0 0 0 0 0 0 0 0 0 0 0 0 3 39530 0 0 7 0 0 121 22 0 6694865 14762862 10523662 0 0 0 13740412 0 0 713 0 
0 0 0 0 0 0 0 0 0 0 0 0 0 0 0 0 0 0 0 0 0 0 0 3 0 39574 39573 0 0 120 0 0 22 32004350 0 0 0 0 0 0 13750074 713 0 0 
0 0 0 0 0 0 0 0 0 0 0 0 0 0 0 0 0 0 0 0 0 0 0 3 39578 0 0 7 0 0 121 22 0 6698812 14774467 10529433 0 0 0 13751647 0 0 713 0 
0 0 0 0 0 0 0 0 0 0 0 0 0 0 0 0 0 0 0 0 0 0 0 3 0 39630 39625 0 0 120 0 0 22 32035991 0 0 0 0 0 0 13763794 713 0 0 
0 0 0 0 0 0 0 0 0 0 0 0 0 0 0 0 0 0 0 0 0 0 0 3 39630 0 0 7 0 0 121 22 0 6705284 14788083 10540983 0 0 0 13765368 0 0 713 0 
0 0 0 0 0 0 0 0 0 0 0 0 0 0 0 0 0 0 0 0 0 0 0 3 0 39673 39669 0 0 120 0 0 22 32072218 0 0 0 0 0 0 13778693 713 0 0 
0 0 0 0 0 0 0 0 0 0 0 0 0 0 0 0 0 0 0 0 0 0 0 3 39674 0 0 7 0 0 121 22 0 6713892 14802947 10553732 0 0 0 13780268 0 0 713 0 
0 0 0 0 0 0 0 0 0 0 0 0 0 0 0 0 0 0 0 0 0 0 0 3 0 39694 39693 0 0 120 0 0 22 32091231 0 0 0 0 0 0 13786822 713 0 0 
0 0 0 0 0 0 0 0 0 0 0 0 0 0 0 0 0 0 0 0 0 0 0 3 39698 0 0 7 0 0 121 22 0 6717576 14811469 10560541 0 0 0 13788398 0 0 713 0 
0 0 0 0 0 0 0 0 0 0 0 0 0 0 0 0 0 0 0 0 0 0 0 3 0 39750 39749 0 0 120 0 0 22 32124668 0 0 0 0 0 0 13803736 713 0 0 
0 0 0 0 0 0 0 0 0 0 0 0 0 0 0 0 0 0 0 0 0 0 0 3 39754 0 0 7 0 0 121 22 0 6723253 14828245 10571525 0 0 0 13805314 0 0 713 0 
0 0 0 0 0 0 0 0 0 0 0 0 0 0 0 0 0 0 0 0 0 0 0 3 0 39806 39805 0 0 120 0 0 22 32160972 0 0 0 0 0 0 13817988 713 0 0 
0 0 0 0 0 0 0 0 0 0 0 0 0 0 0 0 0 0 0 0 0 0 0 3 39810 0 0 7 0 0 121 22 0 6732295 14842610 10584423 0 0 0 13819568 0 0 713 0 
0 0 0 0 0 0 0 0 0 0 0 0 0 0 0 0 0 0 0 0 0 0 0 3 0 39814 39813 0 0 120 0 0 22 32183595 0 0 0 0 0 0 13826009 713 0 0 
0 0 0 0 0 0 0 0 0 0 0 0 0 0 0 0 0 0 0 0 0 0 0 3 39818 0 0 7 0 0 121 22 0 6737127 14852966 10591861 0 0 0 13827589 0 0 713 0 
0 0 0 0 0 0 0 0 0 0 0 0 0 0 0 0 0 0 0 0 0 0 0 3 0 39874 39873 0 0 120 0 0 22 32209754 0 0 0 0 0 0 13837773 713 0 0 
0 0 0 0 0 0 0 0 0 0 0 0 0 0 0 0 0 0 0 0 0 0 0 3 39878 0 0 7 0 0 121 22 0 6742591 14863174 10602350 0 0 0 13839354 0 0 713 0 
0 0 0 0 0 0 0 0 0 0 0 0 0 0 0 0 0 0 0 0 0 0 0 3 0 39930 39925 0 0 120 0 0 22 32245027 0 0 0 0 0 0 13853347 713 0 0 
0 0 0 0 0 0 0 0 0 0 0 0 0 0 0 0 0 0 0 0 0 0 0 3 39930 0 0 7 0 0 121 22 0 6750342 14878188 10614846 0 0 0 13854932 0 0 713 0 
0 0 0 0 0 0 0 0 0 0 0 0 0 0 0 0 0 0 0 0 0 0 0 3 0 39938 39937 0 0 120 0 0 22 32271990 0 0 0 0 0 0 13863634 713 0 0 
0 0 0 0 0 0 0 0 0 0 0 0 0 0 0 0 0 0 0 0 0 0 0 3 39942 0 0 7 0 0 121 22 0 6756742 14891064 10622531 0 0 0 13865220 0 0 713 0 
0 0 0 0 0 0 0 0 0 0 0 0 0 0 0 0 0 0 0 0 0 0 0 3 0 39994 39993 0 0 120 0 0 22 32296575 0 0 0 0 0 0 13874734 713 0 0 
0 0 0 0 0 0 0 0 0 0 0 0 0 0 0 0 0 0 0 0 0 0 0 3 39998 0 0 7 0 0 121 22 0 6762285 14899831 10632799 0 0 0 13876319 0 0 713 0 
0 0 0 0 0 0 0 0 0 0 0 0 0 0 0 0 0 0 0 0 0 0 0 3 0 40050 40049 0 0 120 0 0 22 32326270 0 0 0 0 0 0 13887169 713 0 0 
0 0 0 0 0 0 0 0 0 0 0 0 0 0 0 0 0 0 0 0 0 0 0 3 40054 0 0 7 0 0 121 22 0 6768363 14912232 10643999 0 0 0 13888758 0 0 713 0 
0 0 0 0 0 0 0 0 0 0 0 0 0 0 0 0 0 0 0 0 0 0 0 3 0 40072 40069 0 0 120 0 0 22 32363195 0 0 0 0 0 0 13901606 713 0 0 
0 0 0 0 0 0 0 0 0 0 0 0 0 0 0 0 0 0 0 0 0 0 0 3 40074 0 0 7 0 0 121 22 0 6779398 14925757 10656363 0 0 0 13903202 0 0 713 0 
<====
0 0 0 0 0 0 0 0 0 0 0 0 0 0 0 0 0 0 0 0 0 0 0 3 0 40106 40101 0 0 120 0 0 22 32369410 0 0 0 0 0 0 13902179 713 0 0 
0 0 0 0 0 0 0 0 0 0 0 0 0 0 0 0 0 0 0 0 0 0 0 3 40106 0 0 7 0 0 121 22 0 6783347 14927351 10657035 0 0 0 13903775 0 0 713 0 
0 0 0 0 0 0 0 0 0 0 0 0 0 0 0 0 0 0 0 0 0 0 0 3 0 40106 40101 0 0 120 0 0 22 32369410 0 0 0 0 0 0 13902179 713 0 0 
0 0 0 0 0 0 0 0 0 0 0 0 0 0 0 0 0 0 0 0 0 0 0 3 40106 0 0 7 0 0 121 22 0 6783347 14927351 10657035 0 0 0 13903775 0 0 713 0 
0 0 0 0 0 0 0 0 0 0 0 0 0 0 0 0 0 0 0 0 0 0 0 3 0 40106 40101 0 0 120 0 0 22 32369410 0 0 0 0 0 0 13902179 713 0 0 
0 0 0 0 0 0 0 0 0 0 0 0 0 0 0 0 0 0 0 0 0 0 0 3 40106 0 0 7 0 0 121 22 0 6783347 14927351 10657035 0 0 0 13903775 0 0 713 0 
0 0 0 0 0 0 0 0 0 0 0 0 0 0 0 0 0 0 0 0 0 0 0 3 0 40106 40101 0 0 120 0 0 22 32369410 0 0 0 0 0 0 13902179 713 0 0 
0 0 0 0 0 0 0 0 0 0 0 0 0 0 0 0 0 0 0 0 0 0 0 3 40106 0 0 7 0 0 121 22 0 6783347 14927351 10657035 0 0 0 13903775 0 0 713 0 
0 0 0 0 0 0 0 0 0 0 0 0 0 0 0 0 0 0 0 0 0 0 0 3 0 40106 40101 0 0 120 0 0 22 32369410 0 0 0 0 0 0 13902179 713 0 0 
0 0 0 0 0 0 0 0 0 0 0 0 0 0 0 0 0 0 0 0 0 0 0 3 40106 0 0 7 0 0 121 22 0 6783347 14927351 10657035 0 0 0 13903775 0 0 713 0 
0 0 0 0 0 0 0 0 0 0 0 0 0 0 0 0 0 0 0 0 0 0 0 3 0 40106 40101 0 0 120 0 0 22 32369410 0 0 0 0 0 0 13902179 713 0 0 
0 0 0 0 0 0 0 0 0 0 0 0 0 0 0 0 0 0 0 0 0 0 0 3 40106 0 0 7 0 0 121 22 0 6783347 14927351 10657035 0 0 0 13903775 0 0 713 0 
0 0 0 0 0 0 0 0 0 0 0 0 0 0 0 0 0 0 0 0 0 0 0 3 0 40106 40101 0 0 120 0 0 22 32369410 0 0 0 0 0 0 13902179 713 0 0 
0 0 0 0 0 0 0 0 0 0 0 0 0 0 0 0 0 0 0 0 0 0 0 3 40106 0 0 7 0 0 121 22 0 6783347 14927351 10657035 0 0 0 13903775 0 0 713 0 
0 0 0 0 0 0 0 0 0 0 0 0 0 0 0 0 0 0 0 0 0 0 0 3 0 40106 40101 0 0 120 0 0 22 32369410 0 0 0 0 0 0 13902179 713 0 0 
0 0 0 0 0 0 0 0 0 0 0 0 0 0 0 0 0 0 0 0 0 0 0 3 40106 0 0 7 0 0 121 22 0 6783347 14927351 10657035 0 0 0 13903775 0 0 713 0 
0 0 0 0 0 0 0 0 0 0 0 0 0 0 0 0 0 0 0 0 0 0 0 3 0 40106 40101 0 0 120 0 0 22 32369410 0 0 0 0 0 0 13902179 713 0 0 
0 0 0 0 0 0 0 0 0 0 0 0 0 0 0 0 0 0 0 0 0 0 0 3 40106 0 0 7 0 0 121 22 0 6783347 14927351 10657035 0 0 0 13903775 0 0 713 0 
0 0 0 0 0 0 0 0 0 0 0 0 0 0 0 0 0 0 0 0 0 0 0 3 0 40106 40101 0 0 120 0 0 22 32369410 0 0 0 0 0 0 13902179 713 0 0 
0 0 0 0 0 0 0 0 0 0 0 0 0 0 0 0 0 0 0 0 0 0 0 3 40106 0 0 7 0 0 121 22 0 6783347 14927351 10657035 0 0 0 13903775 0 0 713 0 
0 0 0 0 0 0 0 0 0 0 0 0 0 0 0 0 0 0 0 0 0 0 0 3 0 40106 40101 0 0 120 0 0 22 32369410 0 0 0 0 0 0 13902179 713 0 0 
0 0 0 0 0 0 0 0 0 0 0 0 0 0 0 0 0 0 0 0 0 0 0 3 40106 0 0 7 0 0 121 22 0 6783347 14927351 10657035 0 0 0 13903775 0 0 713 0 
0 0 0 0 0 0 0 0 0 0 0 0 0 0 0 0 0 0 0 0 0 0 0 3 0 40106 40101 0 0 120 0 0 22 32369410 0 0 0 0 0 0 13902179 713 0 0 
0 0 0 0 0 0 0 0 0 0 0 0 0 0 0 0 0 0 0 0 0 0 0 3 40106 0 0 7 0 0 121 22 0 6783347 14927351 10657035 0 0 0 13903775 0 0 713 0 
0 0 0 0 0 0 0 0 0 0 0 0 0 0 0 0 0 0 0 0 0 0 0 3 0 40106 40101 0 0 120 0 0 22 32369410 0 0 0 0 0 0 13902179 713 0 0 
0 0 0 0 0 0 0 0 0 0 0 0 0 0 0 0 0 0 0 0 0 0 0 3 40106 0 0 7 0 0 121 22 0 6783347 14927351 10657035 0 0 0 13903775 0 0 713 0 
0 0 0 0 0 0 0 0 0 0 0 0 0 0 0 0 0 0 0 0 0 0 0 3 0 40106 40101 0 0 120 0 0 22 32369410 0 0 0 0 0 0 13902179 713 0 0 
0 0 0 0 0 0 0 0 0 0 0 0 0 0 0 0 0 0 0 0 0 0 0 3 40106 0 0 7 0 0 121 22 0 6783347 14927351 10657035 0 0 0 13903775 0 0 713 0 
0 0 0 0 0 0 0 0 0 0 0 0 0 0 0 0 0 0 0 0 0 0 0 3 0 40106 40101 0 0 120 0 0 22 32369410 0 0 0 0 0 0 13902179 713 0 0 
0 0 0 0 0 0 0 0 0 0 0 0 0 0 0 0 0 0 0 0 0 0 0 3 40106 0 0 7 0 0 121 22 0 6783347 14927351 10657035 0 0 0 13903775 0 0 713 0 
0 0 0 0 0 0 0 0 0 0 0 0 0 0 0 0 0 0 0 0 0 0 0 3 0 40106 40101 0 0 120 0 0 22 32369410 0 0 0 0 0 0 13902179 713 0 0 
0 0 0 0 0 0 0 0 0 0 0 0 0 0 0 0 0 0 0 0 0 0 0 3 40106 0 0 7 0 0 121 22 0 6783347 14927351 10657035 0 0 0 13903775 0 0 713 0 
0 0 0 0 0 0 0 0 0 0 0 0 0 0 0 0 0 0 0 0 0 0 0 3 0 40106 40101 0 0 120 0 0 22 32369410 0 0 0 0 0 0 13902179 713 0 0 
0 0 0 0 0 0 0 0 0 0 0 0 0 0 0 0 0 0 0 0 0 0 0 3 40106 0 0 7 0 0 121 22 0 6783347 14927351 10657035 0 0 0 13903775 0 0 713 0 
0 0 0 0 0 0 0 0 0 0 0 0 0 0 0 0 0 0 0 0 0 0 0 3 0 40106 40101 0 0 120 0 0 22 32369410 0 0 0 0 0 0 13902179 713 0 0 
0 0 0 0 0 0 0 0 0 0 0 0 0 0 0 0 0 0 0 0 0 0 0 3 40106 0 0 7 0 0 121 22 0 6783347 14927351 10657035 0 0 0 13903775 0 0 713 0 
0 0 0 0 0 0 0 0 0 0 0 0 0 0 0 0 0 0 0 0 0 0 0 3 0 40106 40101 0 0 120 0 0 22 32369410 0 0 0 0 0 0 13902179 713 0 0 
0 0 0 0 0 0 0 0 0 0 0 0 0 0 0 0 0 0 0 0 0 0 0 3 40106 0 0 7 0 0 121 22 0 6783347 14927351 10657035 0 0 0 13903775 0 0 713 0 
0 0 0 0 0 0 0 0 0 0 0 0 0 0 0 0 0 0 0 0 0 0 0 3 0 40106 40101 0 0 120 0 0 22 32369410 0 0 0 0 0 0 13902179 713 0 0 
0 0 0 0 0 0 0 0 0 0 0 0 0 0 0 0 0 0 0 0 0 0 0 3 40106 0 0 7 0 0 121 22 0 6783347 14927351 10657035 0 0 0 13903775 0 0 713 0 
0 0 0 0 0 0 0 0 0 0 0 0 0 0 0 0 0 0 0 0 0 0 0 3 0 40106 40101 0 0 120 0 0 22 32369410 0 0 0 0 0 0 13902179 713 0 0 
0 0 0 0 0 0 0 0 0 0 0 0 0 0 0 0 0 0 0 0 0 0 0 3 40106 0 0 7 0 0 121 22 0 6783347 14927351 10657035 0 0 0 13903775 0 0 713 0 
0 0 0 0 0 0 0 0 0 0 0 0 0 0 0 0 0 0 0 0 0 0 0 3 0 40106 40101 0 0 120 0 0 22 32369410 0 0 0 0 0 0 13902179 713 0 0 
0 0 0 0 0 0 0 0 0 0 0 0 0 0 0 0 0 0 0 0 0 0 0 3 40106 0 0 7 0 0 121 22 0 6783347 14927351 10657035 0 0 0 13903775 0 0 713 0 
0 0 0 0 0 0 0 0 0 0 0 0 0 0 0 0 0 0 0 0 0 0 0 3 0 40106 40101 0 0 120 0 0 22 32369410 0 0 0 0 0 0 13902179 713 0 0 
0 0 0 0 0 0 0 0 0 0 0 0 0 0 0 0 0 0 0 0 0 0 0 3 40106 0 0 7 0 0 121 22 0 6783347 14927351 10657035 0 0 0 13903775 0 0 713 0 
0 0 0 0 0 0 0 0 0 0 0 0 0 0 0 0 0 0 0 0 0 0 0 3 0 40106 40101 0 0 120 0 0 22 32369410 0 0 0 0 0 0 13902179 713 0 0 
0 0 0 0 0 0 0 0 0 0 0 0 0 0 0 0 0 0 0 0 0 0 0 3 40106 0 0 7 0 0 121 22 0 6783347 14927351 10657035 0 0 0 13903775 0 0 713 0 
0 0 0 0 0 0 0 0 0 0 0 0 0 0 0 0 0 0 0 0 0 0 0 3 0 40106 40101 0 0 120 0 0 22 32369410 0 0 0 0 0 0 13902179 713 0 0 
0 0 0 0 0 0 0 0 0 0 0 0 0 0 0 0 0 0 0 0 0 0 0 3 40106 0 0 7 0 0 121 22 0 6783347 14927351 10657035 0 0 0 13903775 0 0 713 0 
0 0 0 0 0 0 0 0 0 0 0 0 0 0 0 0 0 0 0 0 0 0 0 3 0 40106 40101 0 0 120 0 0 22 32369410 0 0 0 0 0 0 13902179 713 0 0 
0 0 0 0 0 0 0 0 0 0 0 0 0 0 0 0 0 0 0 0 0 0 0 3 40106 0 0 7 0 0 121 22 0 6783347 14927351 10657035 0 0 0 13903775 0 0 713 0 
0 0 0 0 0 0 0 0 0 0 0 0 0 0 0 0 0 0 0 0 0 0 0 3 0 40106 40101 0 0 120 0 0 22 32369410 0 0 0 0 0 0 13902179 713 0 0 
0 0 0 0 0 0 0 0 0 0 0 0 0 0 0 0 0 0 0 0 0 0 0 3 40106 0 0 7 0 0 121 22 0 6783347 14927351 10657035 0 0 0 13903775 0 0 713 0 
0 0 0 0 0 0 0 0 0 0 0 0 0 0 0 0 0 0 0 0 0 0 0 3 0 40106 40101 0 0 120 0 0 22 32369410 0 0 0 0 0 0 13902179 713 0 0 
0 0 0 0 0 0 0 0 0 0 0 0 0 0 0 0 0 0 0 0 0 0 0 3 40106 0 0 7 0 0 121 22 0 6783347 14927351 10657035 0 0 0 13903775 0 0 713 0 
0 0 0 0 0 0 0 0 0 0 0 0 0 0 0 0 0 0 0 0 0 0 0 3 0 40106 40101 0 0 120 0 0 22 32369410 0 0 0 0 0 0 13902179 713 0 0 
0 0 0 0 0 0 0 0 0 0 0 0 0 0 0 0 0 0 0 0 0 0 0 3 40106 0 0 7 0 0 121 22 0 6783347 14927351 10657035 0 0 0 13903775 0 0 713 0 
0 0 0 0 0 0 0 0 0 0 0 0 0 0 0 0 0 0 0 0 0 0 0 3 0 40106 40101 0 0 120 0 0 22 32369410 0 0 0 0 0 0 13902179 713 0 0 
0 0 0 0 0 0 0 0 0 0 0 0 0 0 0 0 0 0 0 0 0 0 0 3 40106 0 0 7 0 0 121 22 0 6783347 14927351 10657035 0 0 0 13903775 0 0 713 0 
0 0 0 0 0 0 0 0 0 0 0 0 0 0 0 0 0 0 0 0 0 0 0 3 0 40106 40101 0 0 120 0 0 22 32369410 0 0 0 0 0 0 13902179 713 0 0 
0 0 0 0 0 0 0 0 0 0 0 0 0 0 0 0 0 0 0 0 0 0 0 3 40106 0 0 7 0 0 121 22 0 6783347 14927351 10657035 0 0 0 13903775 0 0 713 0 
0 0 0 0 0 0 0 0 0 0 0 0 0 0 0 0 0 0 0 0 0 0 0 3 0 40106 40101 0 0 120 0 0 22 32369410 0 0 0 0 0 0 13902179 713 0 0 
0 0 0 0 0 0 0 0 0 0 0 0 0 0 0 0 0 0 0 0 0 0 0 3 40106 0 0 7 0 0 121 22 0 6783347 14927351 10657035 0 0 0 13903775 0 0 713 0 
0 0 0 0 0 0 0 0 0 0 0 0 0 0 0 0 0 0 0 0 0 0 0 3 0 40106 40101 0 0 120 0 0 22 32369410 0 0 0 0 0 0 13902179 713 0 0 
0 0 0 0 0 0 0 0 0 0 0 0 0 0 0 0 0 0 0 0 0 0 0 3 40106 0 0 7 0 0 121 22 0 6783347 14927351 10657035 0 0 0 13903775 0 0 713 0 
0 0 0 0 0 0 0 0 0 0 0 0 0 0 0 0 0 0 0 0 0 0 0 3 0 40106 40101 0 0 120 0 0 22 32369410 0 0 0 0 0 0 13902179 713 0 0 
0 0 0 0 0 0 0 0 0 0 0 0 0 0 0 0 0 0 0 0 0 0 0 3 40106 0 0 7 0 0 121 22 0 6783347 14927351 10657035 0 0 0 13903775 0 0 713 0 
0 0 0 0 0 0 0 0 0 0 0 0 0 0 0 0 0 0 0 0 0 0 0 3 0 40106 40101 0 0 120 0 0 22 32369410 0 0 0 0 0 0 13902179 713 0 0 
0 0 0 0 0 0 0 0 0 0 0 0 0 0 0 0 0 0 0 0 0 0 0 3 40106 0 0 7 0 0 121 22 0 6783347 14927351 10657035 0 0 0 13903775 0 0 713 0 
0 0 0 0 0 0 0 0 0 0 0 0 0 0 0 0 0 0 0 0 0 0 0 3 0 40106 40101 0 0 120 0 0 22 32369410 0 0 0 0 0 0 13902179 713 0 0 
0 0 0 0 0 0 0 0 0 0 0 0 0 0 0 0 0 0 0 0 0 0 0 3 40106 0 0 7 0 0 121 22 0 6783347 14927351 10657035 0 0 0 13903775 0 0 713 0 
0 0 0 0 0 0 0 0 0 0 0 0 0 0 0 0 0 0 0 0 0 0 0 3 0 40106 40101 0 0 120 0 0 22 32369410 0 0 0 0 0 0 13902179 713 0 0 
0 0 0 0 0 0 0 0 0 0 0 0 0 0 0 0 0 0 0 0 0 0 0 3 40106 0 0 7 0 0 121 22 0 6783347 14927351 10657035 0 0 0 13903775 0 0 713 0 
0 0 0 0 0 0 0 0 0 0 0 0 0 0 0 0 0 0 0 0 0 0 0 3 0 40106 40101 0 0 120 0 0 22 32369410 0 0 0 0 0 0 13902179 713 0 0 
0 0 0 0 0 0 0 0 0 0 0 0 0 0 0 0 0 0 0 0 0 0 0 3 40106 0 0 7 0 0 121 22 0 6783347 14927351 10657035 0 0 0 13903775 0 0 713 0 
