0 0 0 0 0 0 0 0 0 0 0 0 0 0 0 0 0 0 0 0 0 0 0 3 84013 0 0 19 0 0 313 52 0 74404010 0 0 0 0 0 29498903 0 0 2094 0 
0 0 0 0 0 0 0 0 0 0 0 0 0 0 0 0 0 0 0 0 0 0 0 3 84013 0 0 19 0 0 313 52 0 74404010 0 0 0 0 0 29498903 0 0 2094 0 
0 0 0 0 0 0 0 0 0 0 0 0 0 0 0 0 0 0 0 0 0 0 0 3 84013 0 0 19 0 0 313 52 0 74404010 0 0 0 0 0 29498903 0 0 2094 0 
0 0 0 0 0 0 0 0 0 0 0 0 0 0 0 0 0 0 0 0 0 0 0 3 84013 0 0 19 0 0 313 52 0 74404010 0 0 0 0 0 29498903 0 0 2094 0 
0 0 0 0 0 0 0 0 0 0 0 0 0 0 0 0 0 0 0 0 0 0 0 3 84013 0 0 19 0 0 313 52 0 74404010 0 0 0 0 0 29498903 0 0 2094 0 
0 0 0 0 0 0 0 0 0 0 0 0 0 0 0 0 0 0 0 0 0 0 0 3 84013 0 0 19 0 0 313 52 0 74404010 0 0 0 0 0 29498903 0 0 2094 0 
0 0 0 0 0 0 0 0 0 0 0 0 0 0 0 0 0 0 0 0 0 0 0 3 84109 0 0 19 0 0 327 52 0 74445412 0 0 0 0 0 29503068 0 0 2094 0 
0 0 0 0 0 0 0 0 0 0 0 0 0 0 0 0 0 0 0 0 0 0 0 3 84133 0 0 19 0 0 327 52 0 74494346 0 0 0 0 0 29522018 0 0 2094 0 
0 0 0 0 0 0 0 0 0 0 0 0 0 0 0 0 0 0 0 0 0 0 0 3 84237 0 0 19 0 0 327 52 0 74547973 0 0 0 0 0 29543489 0 0 2094 0 
0 0 0 0 0 0 0 0 0 0 0 0 0 0 0 0 0 0 0 0 0 0 0 3 84349 0 0 19 0 0 327 52 0 74620216 0 0 0 0 0 29573537 0 0 2094 0 
0 0 0 0 0 0 0 0 0 0 0 0 0 0 0 0 0 0 0 0 0 0 0 3 84389 0 0 19 0 0 327 52 0 74688385 0 0 0 0 0 29602598 0 0 2094 0 
0 0 0 0 0 0 0 0 0 0 0 0 0 0 0 0 0 0 0 0 0 0 0 3 84485 0 0 19 0 0 327 52 0 74729461 0 0 0 0 0 29621450 0 0 2094 0 
0 0 0 0 0 0 0 0 0 0 0 0 0 0 0 0 0 0 0 0 0 0 0 3 84597 0 0 19 0 0 327 52 0 74791214 0 0 0 0 0 29647050 0 0 2094 0 
0 0 0 0 0 0 0 0 0 0 0 0 0 0 0 0 0 0 0 0 0 0 0 3 84709 0 0 19 0 0 327 52 0 74860197 0 0 0 0 0 29673842 0 0 2094 0 
0 0 0 0 0 0 0 0 0 0 0 0 0 0 0 0 0 0 0 0 0 0 0 3 84725 0 0 19 0 0 327 52 0 74900070 0 0 0 0 0 29698452 0 0 2094 0 
0 0 0 0 0 0 0 0 0 0 0 0 0 0 0 0 0 0 0 0 0 0 0 3 84837 0 0 19 0 0 327 52 0 74959294 0 0 0 0 0 29723792 0 0 2094 0 
0 0 0 0 0 0 0 0 0 0 0 0 0 0 0 0 0 0 0 0 0 0 0 3 84925 0 0 19 0 0 327 52 0 75030831 0 0 0 0 0 29752861 0 0 2094 0 
0 0 0 0 0 0 0 0 0 0 0 0 0 0 0 0 0 0 0 0 0 0 0 3 84965 0 0 19 0 0 327 52 0 75076818 0 0 0 0 0 29772003 0 0 2094 0 
0 0 0 0 0 0 0 0 0 0 0 0 0 0 0 0 0 0 0 0 0 0 0 3 85077 0 0 19 0 0 327 52 0 75129068 0 0 0 0 0 29796254 0 0 2094 0 
0 0 0 0 0 0 0 0 0 0 0 0 0 0 0 0 0 0 0 0 0 0 0 3 85189 0 0 19 0 0 327 52 0 75202649 0 0 0 0 0 29825312 0 0 2094 0 
0 0 0 0 0 0 0 0 0 0 0 0 0 0 0 0 0 0 0 0 0 0 0 3 85221 0 0 19 0 0 327 52 0 75263970 0 0 0 0 0 29848445 0 0 2094 0 
0 0 0 0 0 0 0 0 0 0 0 0 0 0 0 0 0 0 0 0 0 0 0 3 85325 0 0 19 0 0 327 52 0 75307971 0 0 0 0 0 29870422 0 0 2094 0 
0 0 0 0 0 0 0 0 0 0 0 0 0 0 0 0 0 0 0 0 0 0 0 3 85437 0 0 19 0 0 327 52 0 75370055 0 0 0 0 0 29897968 0 0 2094 0 
0 0 0 0 0 0 0 0 0 0 0 0 0 0 0 0 0 0 0 0 0 0 0 3 85549 0 0 19 0 0 327 52 0 75443038 0 0 0 0 0 29927400 0 0 2094 0 
0 0 0 0 0 0 0 0 0 0 0 0 0 0 0 0 0 0 0 0 0 0 0 3 85565 0 0 19 0 0 327 52 0 75493523 0 0 0 0 0 29946464 0 0 2094 0 
0 0 0 0 0 0 0 0 0 0 0 0 0 0 0 0 0 0 0 0 0 0 0 3 85677 0 0 19 0 0 327 52 0 75539792 0 0 0 0 0 29971416 0 0 2094 0 
0 0 0 0 0 0 0 0 0 0 0 0 0 0 0 0 0 0 0 0 0 0 0 3 85789 0 0 19 0 0 327 52 0 75616031 0 0 0 0 0 30004284 0 0 2094 0 
0 0 0 0 0 0 0 0 0 0 0 0 0 0 0 0 0 0 0 0 0 0 0 3 85805 0 0 19 0 0 327 52 0 75664089 0 0 0 0 0 30022245 0 0 2094 0 
0 0 0 0 0 0 0 0 0 0 0 0 0 0 0 0 0 0 0 0 0 0 0 3 85925 0 0 19 0 0 327 52 0 75719510 0 0 0 0 0 30048304 0 0 2094 0 
0 0 0 0 0 0 0 0 0 0 0 0 0 0 0 0 0 0 0 0 0 0 0 3 86037 0 0 19 0 0 327 52 0 75783771 0 0 0 0 0 30076613 0 0 2094 0 
0 0 0 0 0 0 0 0 0 0 0 0 0 0 0 0 0 0 0 0 0 0 0 3 86069 0 0 19 0 0 327 52 0 75855616 0 0 0 0 0 30109322 0 0 2094 0 
0 0 0 0 0 0 0 0 0 0 0 0 0 0 0 0 0 0 0 0 0 0 0 3 86165 0 0 19 0 0 327 52 0 75894935 0 0 0 0 0 30126410 0 0 2094 0 
0 0 0 0 0 0 0 0 0 0 0 0 0 0 0 0 0 0 0 0 0 0 0 3 86277 0 0 19 0 0 327 52 0 75956059 0 0 0 0 0 30151670 0 0 2094 0 
0 0 0 0 0 0 0 0 0 0 0 0 0 0 0 0 0 0 0 0 0 0 0 3 86389 0 0 19 0 0 327 52 0 76027375 0 0 0 0 0 30180342 0 0 2094 0 
0 0 0 0 0 0 0 0 0 0 0 0 0 0 0 0 0 0 0 0 0 0 0 3 86405 0 0 19 0 0 327 52 0 76065189 0 0 0 0 0 30199456 0 0 2094 0 
0 0 0 0 0 0 0 0 0 0 0 0 0 0 0 0 0 0 0 0 0 0 0 3 86517 0 0 19 0 0 327 52 0 76124997 0 0 0 0 0 30224881 0 0 2094 0 
0 0 0 0 0 0 0 0 0 0 0 0 0 0 0 0 0 0 0 0 0 0 0 3 86629 0 0 19 0 0 327 52 0 76198124 0 0 0 0 0 30254255 0 0 2094 0 
0 0 0 0 0 0 0 0 0 0 0 0 0 0 0 0 0 0 0 0 0 0 0 3 86645 0 0 19 0 0 327 52 0 76246524 0 0 0 0 0 30272631 0 0 2094 0 
0 0 0 0 0 0 0 0 0 0 0 0 0 0 0 0 0 0 0 0 0 0 0 3 86757 0 0 19 0 0 327 52 0 76295046 0 0 0 0 0 30299883 0 0 2094 0 
0 0 0 0 0 0 0 0 0 0 0 0 0 0 0 0 0 0 0 0 0 0 0 3 86869 0 0 19 0 0 327 52 0 76368203 0 0 0 0 0 30329284 0 0 2094 0 
0 0 0 0 0 0 0 0 0 0 0 0 0 0 0 0 0 0 0 0 0 0 0 3 86893 0 0 19 0 0 327 52 0 76429883 0 0 0 0 0 30351363 0 0 2094 0 
0 0 0 0 0 0 0 0 0 0 0 0 0 0 0 0 0 0 0 0 0 0 0 3 87005 0 0 19 0 0 327 52 0 76475313 0 0 0 0 0 30374640 0 0 2094 0 
0 0 0 0 0 0 0 0 0 0 0 0 0 0 0 0 0 0 0 0 0 0 0 3 87117 0 0 19 0 0 327 52 0 76539834 0 0 0 0 0 30401864 0 0 2094 0 
0 0 0 0 0 0 0 0 0 0 0 0 0 0 0 0 0 0 0 0 0 0 0 3 87197 0 0 19 0 0 327 52 0 76610823 0 0 0 0 0 30431465 0 0 2094 0 
0 0 0 0 0 0 0 0 0 0 0 0 0 0 0 0 0 0 0 0 0 0 0 3 87245 0 0 19 0 0 327 52 0 76653096 0 0 0 0 0 30452535 0 0 2094 0 
0 0 0 0 0 0 0 0 0 0 0 0 0 0 0 0 0 0 0 0 0 0 0 3 87357 0 0 19 0 0 327 52 0 76712381 0 0 0 0 0 30478148 0 0 2094 0 
0 0 0 0 0 0 0 0 0 0 0 0 0 0 0 0 0 0 0 0 0 0 0 3 87469 0 0 19 0 0 327 52 0 76785765 0 0 0 0 0 30507539 0 0 2094 0 
0 0 0 0 0 0 0 0 0 0 0 0 0 0 0 0 0 0 0 0 0 0 0 3 87485 0 0 19 0 0 327 52 0 76824286 0 0 0 0 0 30528654 0 0 2094 0 
0 0 0 0 0 0 0 0 0 0 0 0 0 0 0 0 0 0 0 0 0 0 0 3 87597 0 0 19 0 0 327 52 0 76885104 0 0 0 0 0 30553757 0 0 2094 0 
0 0 0 0 0 0 0 0 0 0 0 0 0 0 0 0 0 0 0 0 0 0 0 3 87709 0 0 19 0 0 327 52 0 76956572 0 0 0 0 0 30582119 0 0 2094 0 
0 0 0 0 0 0 0 0 0 0 0 0 0 0 0 0 0 0 0 0 0 0 0 3 87725 0 0 19 0 0 327 52 0 76990847 0 0 0 0 0 30599979 0 0 2094 0 
0 0 0 0 0 0 0 0 0 0 0 0 0 0 0 0 0 0 0 0 0 0 0 3 87837 0 0 19 0 0 327 52 0 77052080 0 0 0 0 0 30626590 0 0 2094 0 
0 0 0 0 0 0 0 0 0 0 0 0 0 0 0 0 0 0 0 0 0 0 0 3 87949 0 0 19 0 0 327 52 0 77124794 0 0 0 0 0 30656283 0 0 2094 0 
0 0 0 0 0 0 0 0 0 0 0 0 0 0 0 0 0 0 0 0 0 0 0 3 87965 0 0 19 0 0 327 52 0 77173997 0 0 0 0 0 30674522 0 0 2094 0 
0 0 0 0 0 0 0 0 0 0 0 0 0 0 0 0 0 0 0 0 0 0 0 3 88085 0 0 19 0 0 327 52 0 77229630 0 0 0 0 0 30700051 0 0 2094 0 
0 0 0 0 0 0 0 0 0 0 0 0 0 0 0 0 0 0 0 0 0 0 0 3 88197 0 0 19 0 0 327 52 0 77292158 0 0 0 0 0 30725753 0 0 2094 0 
0 0 0 0 0 0 0 0 0 0 0 0 0 0 0 0 0 0 0 0 0 0 0 3 88309 0 0 19 0 0 327 52 0 77366144 0 0 0 0 0 30755669 0 0 2094 0 
0 0 0 0 0 0 0 0 0 0 0 0 0 0 0 0 0 0 0 0 0 0 0 3 88325 0 0 19 0 0 327 52 0 77416120 0 0 0 0 0 30773886 0 0 2094 0 
0 0 0 0 0 0 0 0 0 0 0 0 0 0 0 0 0 0 0 0 0 0 0 3 88437 0 0 19 0 0 327 52 0 77464535 0 0 0 0 0 30799486 0 0 2094 0 
0 0 0 0 0 0 0 0 0 0 0 0 0 0 0 0 0 0 0 0 0 0 0 3 88549 0 0 19 0 0 327 52 0 77538316 0 0 0 0 0 30829244 0 0 2094 0 
0 0 0 0 0 0 0 0 0 0 0 0 0 0 0 0 0 0 0 0 0 0 0 3 88581 0 0 19 0 0 327 52 0 77601747 0 0 0 0 0 30853094 0 0 2094 0 
0 0 0 0 0 0 0 0 0 0 0 0 0 0 0 0 0 0 0 0 0 0 0 3 88685 0 0 19 0 0 327 52 0 77646376 0 0 0 0 0 30874726 0 0 2094 0 
0 0 0 0 0 0 0 0 0 0 0 0 0 0 0 0 0 0 0 0 0 0 0 3 88797 0 0 19 0 0 327 52 0 77708383 0 0 0 0 0 30901287 0 0 2094 0 
0 0 0 0 0 0 0 0 0 0 0 0 0 0 0 0 0 0 0 0 0 0 0 3 88909 0 0 19 0 0 327 52 0 77781375 0 0 0 0 0 30930520 0 0 2094 0 
0 0 0 0 0 0 0 0 0 0 0 0 0 0 0 0 0 0 0 0 0 0 0 3 88925 0 0 19 0 0 327 52 0 77829046 0 0 0 0 0 30948783 0 0 2094 0 
0 0 0 0 0 0 0 0 0 0 0 0 0 0 0 0 0 0 0 0 0 0 0 3 89037 0 0 19 0 0 327 52 0 77879412 0 0 0 0 0 30976927 0 0 2094 0 
0 0 0 0 0 0 0 0 0 0 0 0 0 0 0 0 0 0 0 0 0 0 0 3 89149 0 0 19 0 0 327 52 0 77952680 0 0 0 0 0 31006427 0 0 2094 0 
0 0 0 0 0 0 0 0 0 0 0 0 0 0 0 0 0 0 0 0 0 0 0 3 89173 0 0 19 0 0 327 52 0 78013666 0 0 0 0 0 31028586 0 0 2094 0 
0 0 0 0 0 0 0 0 0 0 0 0 0 0 0 0 0 0 0 0 0 0 0 3 89285 0 0 19 0 0 327 52 0 78058911 0 0 0 0 0 31051973 0 0 2094 0 
0 0 0 0 0 0 0 0 0 0 0 0 0 0 0 0 0 0 0 0 0 0 0 3 89397 0 0 19 0 0 327 52 0 78121141 0 0 0 0 0 31077790 0 0 2094 0 
0 0 0 0 0 0 0 0 0 0 0 0 0 0 0 0 0 0 0 0 0 0 0 3 89509 0 0 19 0 0 327 52 0 78194219 0 0 0 0 0 31106820 0 0 2094 0 
0 0 0 0 0 0 0 0 0 0 0 0 0 0 0 0 0 0 0 0 0 0 0 3 89541 0 0 19 0 0 327 52 0 78255980 0 0 0 0 0 31129262 0 0 2094 0 
0 0 0 0 0 0 0 0 0 0 0 0 0 0 0 0 0 0 0 0 0 0 0 3 89645 0 0 19 0 0 327 52 0 78294524 0 0 0 0 0 31149506 0 0 2094 0 
0 0 0 0 0 0 0 0 0 0 0 0 0 0 0 0 0 0 0 0 0 0 0 3 89757 0 0 19 0 0 327 52 0 78361959 0 0 0 0 0 31177989 0 0 2094 0 
0 0 0 0 0 0 0 0 0 0 0 0 0 0 0 0 0 0 0 0 0 0 0 3 89805 0 0 19 0 0 327 52 0 78429898 0 0 0 0 0 31206823 0 0 2094 0 
0 0 0 0 0 0 0 0 0 0 0 0 0 0 0 0 0 0 0 0 0 0 0 3 89885 0 0 19 0 0 327 52 0 78470066 0 0 0 0 0 31225753 0 0 2094 0 
0 0 0 0 0 0 0 0 0 0 0 0 0 0 0 0 0 0 0 0 0 0 0 3 89997 0 0 19 0 0 327 52 0 78530683 0 0 0 0 0 31250893 0 0 2094 0 
0 0 0 0 0 0 0 0 0 0 0 0 0 0 0 0 0 0 0 0 0 0 0 3 90037 0 0 19 0 0 327 52 0 78601644 0 0 0 0 0 31281912 0 0 2094 0 
0 0 0 0 0 0 0 0 0 0 0 0 0 0 0 0 0 0 0 0 0 0 0 3 90125 0 0 19 0 0 327 52 0 78646870 0 0 0 0 0 31301358 0 0 2094 0 
0 0 0 0 0 0 0 0 0 0 0 0 0 0 0 0 0 0 0 0 0 0 0 3 90237 0 0 19 0 0 327 52 0 78703271 0 0 0 0 0 31325418 0 0 2094 0 
0 0 0 0 0 0 0 0 0 0 0 0 0 0 0 0 0 0 0 0 0 0 0 3 90349 0 0 19 0 0 327 52 0 78777281 0 0 0 0 0 31355115 0 0 2094 0 
0 0 0 0 0 0 0 0 0 0 0 0 0 0 0 0 0 0 0 0 0 0 0 3 90381 0 0 19 0 0 327 52 0 78839966 0 0 0 0 0 31378506 0 0 2094 0 
0 0 0 0 0 0 0 0 0 0 0 0 0 0 0 0 0 0 0 0 0 0 0 3 90485 0 0 19 0 0 327 52 0 78885667 0 0 0 0 0 31400637 0 0 2094 0 
0 0 0 0 0 0 0 0 0 0 0 0 0 0 0 0 0 0 0 0 0 0 0 3 90597 0 0 19 0 0 327 52 0 78946341 0 0 0 0 0 31425389 0 0 2094 0 
0 0 0 0 0 0 0 0 0 0 0 0 0 0 0 0 0 0 0 0 0 0 0 3 90709 0 0 19 0 0 327 52 0 79017143 0 0 0 0 0 31453015 0 0 2094 0 
0 0 0 0 0 0 0 0 0 0 0 0 0 0 0 0 0 0 0 0 0 0 0 3 90733 0 0 19 0 0 327 52 0 79077623 0 0 0 0 0 31475274 0 0 2094 0 
0 0 0 0 0 0 0 0 0 0 0 0 0 0 0 0 0 0 0 0 0 0 0 3 90845 0 0 19 0 0 327 52 0 79114446 0 0 0 0 0 31494829 0 0 2094 0 
0 0 0 0 0 0 0 0 0 0 0 0 0 0 0 0 0 0 0 0 0 0 0 3 90949 0 0 19 0 0 327 52 0 79183834 0 0 0 0 0 31523867 0 0 2094 0 
0 0 0 0 0 0 0 0 0 0 0 0 0 0 0 0 0 0 0 0 0 0 0 3 91005 0 0 19 0 0 327 52 0 79253398 0 0 0 0 0 31552913 0 0 2094 0 
0 0 0 0 0 0 0 0 0 0 0 0 0 0 0 0 0 0 0 0 0 0 0 3 91085 0 0 19 0 0 327 52 0 79291578 0 0 0 0 0 31570203 0 0 2094 0 
0 0 0 0 0 0 0 0 0 0 0 0 0 0 0 0 0 0 0 0 0 0 0 3 91197 0 0 19 0 0 327 52 0 79353757 0 0 0 0 0 31595803 0 0 2094 0 
0 0 0 0 0 0 0 0 0 0 0 0 0 0 0 0 0 0 0 0 0 0 0 3 91309 0 0 19 0 0 327 52 0 79426095 0 0 0 0 0 31625333 0 0 2094 0 
0 0 0 0 0 0 0 0 0 0 0 0 0 0 0 0 0 0 0 0 0 0 0 3 91325 0 0 19 0 0 327 52 0 79476778 0 0 0 0 0 31646082 0 0 2094 0 
0 0 0 0 0 0 0 0 0 0 0 0 0 0 0 0 0 0 0 0 0 0 0 3 91437 0 0 19 0 0 327 52 0 79520778 0 0 0 0 0 31668599 0 0 2094 0 
0 0 0 0 0 0 0 0 0 0 0 0 0 0 0 0 0 0 0 0 0 0 0 3 91549 0 0 19 0 0 327 52 0 79594176 0 0 0 0 0 31697883 0 0 2094 0 
0 0 0 0 0 0 0 0 0 0 0 0 0 0 0 0 0 0 0 0 0 0 0 3 91573 0 0 19 0 0 327 52 0 79648711 0 0 0 0 0 31717317 0 0 2094 0 
0 0 0 0 0 0 0 0 0 0 0 0 0 0 0 0 0 0 0 0 0 0 0 3 91685 0 0 19 0 0 327 52 0 79694528 0 0 0 0 0 31740222 0 0 2094 0 
0 0 0 0 0 0 0 0 0 0 0 0 0 0 0 0 0 0 0 0 0 0 0 3 91797 0 0 19 0 0 327 52 0 79761369 0 0 0 0 0 31768437 0 0 2094 0 
0 0 0 0 0 0 0 0 0 0 0 0 0 0 0 0 0 0 0 0 0 0 0 3 91901 0 0 19 0 0 327 52 0 79832962 0 0 0 0 0 31797611 0 0 2094 0 
0 0 0 0 0 0 0 0 0 0 0 0 0 0 0 0 0 0 0 0 0 0 0 3 91925 0 0 19 0 0 327 52 0 79873849 0 0 0 0 0 31815877 0 0 2094 0 
0 0 0 0 0 0 0 0 0 0 0 0 0 0 0 0 0 0 0 0 0 0 0 3 92037 0 0 19 0 0 327 52 0 79933867 0 0 0 0 0 31842995 0 0 2094 0 
0 0 0 0 0 0 0 0 0 0 0 0 0 0 0 0 0 0 0 0 0 0 0 3 92149 0 0 19 0 0 327 52 0 80006290 0 0 0 0 0 31872165 0 0 2094 0 
0 0 0 0 0 0 0 0 0 0 0 0 0 0 0 0 0 0 0 0 0 0 0 3 92165 0 0 19 0 0 327 52 0 80052398 0 0 0 0 0 31889981 0 0 2094 0 
0 0 0 0 0 0 0 0 0 0 0 0 0 0 0 0 0 0 0 0 0 0 0 3 92277 0 0 19 0 0 327 52 0 80102125 0 0 0 0 0 31914483 0 0 2094 0 
0 0 0 0 0 0 0 0 0 0 0 0 0 0 0 0 0 0 0 0 0 0 0 3 92389 0 0 19 0 0 327 52 0 80174939 0 0 0 0 0 31942966 0 0 2094 0 
0 0 0 0 0 0 0 0 0 0 0 0 0 0 0 0 0 0 0 0 0 0 0 3 92445 0 0 19 0 0 327 52 0 80242559 0 0 0 0 0 31970418 0 0 2094 0 
0 0 0 0 0 0 0 0 0 0 0 0 0 0 0 0 0 0 0 0 0 0 0 3 92525 0 0 19 0 0 327 52 0 80284549 0 0 0 0 0 31989132 0 0 2094 0 
0 0 0 0 0 0 0 0 0 0 0 0 0 0 0 0 0 0 0 0 0 0 0 3 92637 0 0 19 0 0 327 52 0 80345142 0 0 0 0 0 32015230 0 0 2094 0 
0 0 0 0 0 0 0 0 0 0 0 0 0 0 0 0 0 0 0 0 0 0 0 3 92749 0 0 19 0 0 327 52 0 80419041 0 0 0 0 0 32046154 0 0 2094 0 
0 0 0 0 0 0 0 0 0 0 0 0 0 0 0 0 0 0 0 0 0 0 0 3 92765 0 0 19 0 0 327 52 0 80466712 0 0 0 0 0 32065842 0 0 2094 0 
0 0 0 0 0 0 0 0 0 0 0 0 0 0 0 0 0 0 0 0 0 0 0 3 92877 0 0 19 0 0 327 52 0 80513418 0 0 0 0 0 32088942 0 0 2094 0 
0 0 0 0 0 0 0 0 0 0 0 0 0 0 0 0 0 0 0 0 0 0 0 3 92989 0 0 19 0 0 327 52 0 80588783 0 0 0 0 0 32120215 0 0 2094 0 
0 0 0 0 0 0 0 0 0 0 0 0 0 0 0 0 0 0 0 0 0 0 0 3 93013 0 0 19 0 0 327 52 0 80650057 0 0 0 0 0 32143818 0 0 2094 0 
0 0 0 0 0 0 0 0 0 0 0 0 0 0 0 0 0 0 0 0 0 0 0 3 93125 0 0 19 0 0 327 52 0 80695561 0 0 0 0 0 32166326 0 0 2094 0 
0 0 0 0 0 0 0 0 0 0 0 0 0 0 0 0 0 0 0 0 0 0 0 3 93237 0 0 19 0 0 327 52 0 80759315 0 0 0 0 0 32192745 0 0 2094 0 
0 0 0 0 0 0 0 0 0 0 0 0 0 0 0 0 0 0 0 0 0 0 0 3 93349 0 0 19 0 0 327 52 0 80832077 0 0 0 0 0 32222124 0 0 2094 0 
0 0 0 0 0 0 0 0 0 0 0 0 0 0 0 0 0 0 0 0 0 0 0 3 93365 0 0 19 0 0 327 52 0 80877225 0 0 0 0 0 32240258 0 0 2094 0 
0 0 0 0 0 0 0 0 0 0 0 0 0 0 0 0 0 0 0 0 0 0 0 3 93485 0 0 19 0 0 327 52 0 80930590 0 0 0 0 0 32263666 0 0 2094 0 
0 0 0 0 0 0 0 0 0 0 0 0 0 0 0 0 0 0 0 0 0 0 0 3 93589 0 0 19 0 0 327 52 0 80999405 0 0 0 0 0 32292670 0 0 2094 0 
0 0 0 0 0 0 0 0 0 0 0 0 0 0 0 0 0 0 0 0 0 0 0 3 93645 0 0 19 0 0 327 52 0 81067046 0 0 0 0 0 32320331 0 0 2094 0 
0 0 0 0 0 0 0 0 0 0 0 0 0 0 0 0 0 0 0 0 0 0 0 3 93725 0 0 19 0 0 327 52 0 81105601 0 0 0 0 0 32338920 0 0 2094 0 
0 0 0 0 0 0 0 0 0 0 0 0 0 0 0 0 0 0 0 0 0 0 0 3 93829 0 0 19 0 0 327 52 0 81166347 0 0 0 0 0 32364436 0 0 2094 0 
0 0 0 0 0 0 0 0 0 0 0 0 0 0 0 0 0 0 0 0 0 0 0 3 93885 0 0 19 0 0 327 52 0 81234279 0 0 0 0 0 32392593 0 0 2094 0 
0 0 0 0 0 0 0 0 0 0 0 0 0 0 0 0 0 0 0 0 0 0 0 3 93965 0 0 19 0 0 327 52 0 81274186 0 0 0 0 0 32411590 0 0 2094 0 
0 0 0 0 0 0 0 0 0 0 0 0 0 0 0 0 0 0 0 0 0 0 0 3 94077 0 0 19 0 0 327 52 0 81336126 0 0 0 0 0 32439164 0 0 2094 0 
0 0 0 0 0 0 0 0 0 0 0 0 0 0 0 0 0 0 0 0 0 0 0 3 94189 0 0 19 0 0 327 52 0 81409363 0 0 0 0 0 32469035 0 0 2094 0 
0 0 0 0 0 0 0 0 0 0 0 0 0 0 0 0 0 0 0 0 0 0 0 3 94205 0 0 19 0 0 327 52 0 81458231 0 0 0 0 0 32486574 0 0 2094 0 
0 0 0 0 0 0 0 0 0 0 0 0 0 0 0 0 0 0 0 0 0 0 0 3 94317 0 0 19 0 0 327 52 0 81505060 0 0 0 0 0 32512791 0 0 2094 0 
0 0 0 0 0 0 0 0 0 0 0 0 0 0 0 0 0 0 0 0 0 0 0 3 94429 0 0 19 0 0 327 52 0 81579527 0 0 0 0 0 32542910 0 0 2094 0 
0 0 0 0 0 0 0 0 0 0 0 0 0 0 0 0 0 0 0 0 0 0 0 3 94477 0 0 19 0 0 327 52 0 81646497 0 0 0 0 0 32570481 0 0 2094 0 
0 0 0 0 0 0 0 0 0 0 0 0 0 0 0 0 0 0 0 0 0 0 0 3 94565 0 0 19 0 0 327 52 0 81686029 0 0 0 0 0 32586565 0 0 2094 0 
0 0 0 0 0 0 0 0 0 0 0 0 0 0 0 0 0 0 0 0 0 0 0 3 94677 0 0 19 0 0 327 52 0 81745075 0 0 0 0 0 32611096 0 0 2094 0 
0 0 0 0 0 0 0 0 0 0 0 0 0 0 0 0 0 0 0 0 0 0 0 3 94789 0 0 19 0 0 327 52 0 81819244 0 0 0 0 0 32640529 0 0 2094 0 
0 0 0 0 0 0 0 0 0 0 0 0 0 0 0 0 0 0 0 0 0 0 0 3 94805 0 0 19 0 0 327 52 0 81868314 0 0 0 0 0 32658179 0 0 2094 0 
0 0 0 0 0 0 0 0 0 0 0 0 0 0 0 0 0 0 0 0 0 0 0 3 94925 0 0 19 0 0 327 52 0 81921826 0 0 0 0 0 32683472 0 0 2094 0 
0 0 0 0 0 0 0 0 0 0 0 0 0 0 0 0 0 0 0 0 0 0 0 3 95037 0 0 19 0 0 327 52 0 81989273 0 0 0 0 0 32712617 0 0 2094 0 
0 0 0 0 0 0 0 0 0 0 0 0 0 0 0 0 0 0 0 0 0 0 0 3 95077 0 0 19 0 0 327 52 0 82060195 0 0 0 0 0 32744336 0 0 2094 0 
0 0 0 0 0 0 0 0 0 0 0 0 0 0 0 0 0 0 0 0 0 0 0 3 95165 0 0 19 0 0 327 52 0 82102203 0 0 0 0 0 32762246 0 0 2094 0 
0 0 0 0 0 0 0 0 0 0 0 0 0 0 0 0 0 0 0 0 0 0 0 3 95277 0 0 19 0 0 327 52 0 82161673 0 0 0 0 0 32787559 0 0 2094 0 
0 0 0 0 0 0 0 0 0 0 0 0 0 0 0 0 0 0 0 0 0 0 0 3 95381 0 0 19 0 0 327 52 0 82234444 0 0 0 0 0 32817244 0 0 2094 0 
0 0 0 0 0 0 0 0 0 0 0 0 0 0 0 0 0 0 0 0 0 0 0 3 95405 0 0 19 0 0 327 52 0 82277220 0 0 0 0 0 32837658 0 0 2094 0 
0 0 0 0 0 0 0 0 0 0 0 0 0 0 0 0 0 0 0 0 0 0 0 3 95517 0 0 19 0 0 327 52 0 82331224 0 0 0 0 0 32860828 0 0 2094 0 
0 0 0 0 0 0 0 0 0 0 0 0 0 0 0 0 0 0 0 0 0 0 0 3 95629 0 0 19 0 0 327 52 0 82403647 0 0 0 0 0 32889238 0 0 2094 0 
0 0 0 0 0 0 0 0 0 0 0 0 0 0 0 0 0 0 0 0 0 0 0 3 95645 0 0 19 0 0 327 52 0 82451866 0 0 0 0 0 32910277 0 0 2094 0 
0 0 0 0 0 0 0 0 0 0 0 0 0 0 0 0 0 0 0 0 0 0 0 3 95757 0 0 19 0 0 327 52 0 82504899 0 0 0 0 0 32934652 0 0 2094 0 
0 0 0 0 0 0 0 0 0 0 0 0 0 0 0 0 0 0 0 0 0 0 0 3 95869 0 0 19 0 0 327 52 0 82578372 0 0 0 0 0 32964026 0 0 2094 0 
0 0 0 0 0 0 0 0 0 0 0 0 0 0 0 0 0 0 0 0 0 0 0 3 95885 0 0 19 0 0 327 52 0 82628343 0 0 0 0 0 32983027 0 0 2094 0 
0 0 0 0 0 0 0 0 0 0 0 0 0 0 0 0 0 0 0 0 0 0 0 3 95997 0 0 19 0 0 327 52 0 82671690 0 0 0 0 0 33005123 0 0 2094 0 
0 0 0 0 0 0 0 0 0 0 0 0 0 0 0 0 0 0 0 0 0 0 0 3 96109 0 0 19 0 0 327 52 0 82746344 0 0 0 0 0 33035343 0 0 2094 0 
0 0 0 0 0 0 0 0 0 0 0 0 0 0 0 0 0 0 0 0 0 0 0 3 96157 0 0 19 0 0 327 52 0 82814631 0 0 0 0 0 33064039 0 0 2094 0 
0 0 0 0 0 0 0 0 0 0 0 0 0 0 0 0 0 0 0 0 0 0 0 3 96245 0 0 19 0 0 327 52 0 82849901 0 0 0 0 0 33079492 0 0 2094 0 
0 0 0 0 0 0 0 0 0 0 0 0 0 0 0 0 0 0 0 0 0 0 0 3 96357 0 0 19 0 0 327 52 0 82916050 0 0 0 0 0 33107127 0 0 2094 0 
0 0 0 0 0 0 0 0 0 0 0 0 0 0 0 0 0 0 0 0 0 0 0 3 96469 0 0 19 0 0 327 52 0 82989766 0 0 0 0 0 33136735 0 0 2094 0 
0 0 0 0 0 0 0 0 0 0 0 0 0 0 0 0 0 0 0 0 0 0 0 3 96485 0 0 19 0 0 327 52 0 83031873 0 0 0 0 0 33156160 0 0 2094 0 
0 0 0 0 0 0 0 0 0 0 0 0 0 0 0 0 0 0 0 0 0 0 0 3 96597 0 0 19 0 0 327 52 0 83083681 0 0 0 0 0 33177942 0 0 2094 0 
0 0 0 0 0 0 0 0 0 0 0 0 0 0 0 0 0 0 0 0 0 0 0 3 96709 0 0 19 0 0 327 52 0 83159046 0 0 0 0 0 33208522 0 0 2094 0 
0 0 0 0 0 0 0 0 0 0 0 0 0 0 0 0 0 0 0 0 0 0 0 3 96725 0 0 19 0 0 327 52 0 83206526 0 0 0 0 0 33227480 0 0 2094 0 
0 0 0 0 0 0 0 0 0 0 0 0 0 0 0 0 0 0 0 0 0 0 0 3 96837 0 0 19 0 0 327 52 0 83253955 0 0 0 0 0 33251624 0 0 2094 0 
0 0 0 0 0 0 0 0 0 0 0 0 0 0 0 0 0 0 0 0 0 0 0 3 96949 0 0 19 0 0 327 52 0 83328492 0 0 0 0 0 33281922 0 0 2094 0 
0 0 0 0 0 0 0 0 0 0 0 0 0 0 0 0 0 0 0 0 0 0 0 3 96981 0 0 19 0 0 327 52 0 83391842 0 0 0 0 0 33306093 0 0 2094 0 
0 0 0 0 0 0 0 0 0 0 0 0 0 0 0 0 0 0 0 0 0 0 0 3 97085 0 0 19 0 0 327 52 0 83432205 0 0 0 0 0 33328025 0 0 2094 0 
0 0 0 0 0 0 0 0 0 0 0 0 0 0 0 0 0 0 0 0 0 0 0 3 97197 0 0 19 0 0 327 52 0 83497763 0 0 0 0 0 33354904 0 0 2094 0 
0 0 0 0 0 0 0 0 0 0 0 0 0 0 0 0 0 0 0 0 0 0 0 3 97309 0 0 19 0 0 327 52 0 83569808 0 0 0 0 0 33383176 0 0 2094 0 
0 0 0 0 0 0 0 0 0 0 0 0 0 0 0 0 0 0 0 0 0 0 0 3 97325 0 0 19 0 0 327 52 0 83607694 0 0 0 0 0 33403563 0 0 2094 0 
0 0 0 0 0 0 0 0 0 0 0 0 0 0 0 0 0 0 0 0 0 0 0 3 97437 0 0 19 0 0 327 52 0 83667885 0 0 0 0 0 33430230 0 0 2094 0 
0 0 0 0 0 0 0 0 0 0 0 0 0 0 0 0 0 0 0 0 0 0 0 3 97517 0 0 19 0 0 327 52 0 83738443 0 0 0 0 0 33459967 0 0 2094 0 
0 0 0 0 0 0 0 0 0 0 0 0 0 0 0 0 0 0 0 0 0 0 0 3 97565 0 0 19 0 0 327 52 0 83778081 0 0 0 0 0 33478448 0 0 2094 0 
0 0 0 0 0 0 0 0 0 0 0 0 0 0 0 0 0 0 0 0 0 0 0 3 97677 0 0 19 0 0 327 52 0 83839027 0 0 0 0 0 33505841 0 0 2094 0 
0 0 0 0 0 0 0 0 0 0 0 0 0 0 0 0 0 0 0 0 0 0 0 3 97789 0 0 19 0 0 327 52 0 83912756 0 0 0 0 0 33535201 0 0 2094 0 
0 0 0 0 0 0 0 0 0 0 0 0 0 0 0 0 0 0 0 0 0 0 0 3 97805 0 0 19 0 0 327 52 0 83948805 0 0 0 0 0 33552965 0 0 2094 0 
0 0 0 0 0 0 0 0 0 0 0 0 0 0 0 0 0 0 0 0 0 0 0 3 97917 0 0 19 0 0 327 52 0 84005893 0 0 0 0 0 33574996 0 0 2094 0 
0 0 0 0 0 0 0 0 0 0 0 0 0 0 0 0 0 0 0 0 0 0 0 3 98029 0 0 19 0 0 327 52 0 84079193 0 0 0 0 0 33604440 0 0 2094 0 
0 0 0 0 0 0 0 0 0 0 0 0 0 0 0 0 0 0 0 0 0 0 0 3 98077 0 0 19 0 0 327 52 0 84148610 0 0 0 0 0 33634828 0 0 2094 0 
0 0 0 0 0 0 0 0 0 0 0 0 0 0 0 0 0 0 0 0 0 0 0 3 98165 0 0 19 0 0 327 52 0 84190978 0 0 0 0 0 33652431 0 0 2094 0 
0 0 0 0 0 0 0 0 0 0 0 0 0 0 0 0 0 0 0 0 0 0 0 3 98285 0 0 19 0 0 327 52 0 84253406 0 0 0 0 0 33676425 0 0 2094 0 
0 0 0 0 0 0 0 0 0 0 0 0 0 0 0 0 0 0 0 0 0 0 0 3 98389 0 0 19 0 0 327 52 0 84325537 0 0 0 0 0 33707860 0 0 2094 0 
0 0 0 0 0 0 0 0 0 0 0 0 0 0 0 0 0 0 0 0 0 0 0 3 98413 0 0 19 0 0 327 52 0 84379537 0 0 0 0 0 33727120 0 0 2094 0 
0 0 0 0 0 0 0 0 0 0 0 0 0 0 0 0 0 0 0 0 0 0 0 3 98525 0 0 19 0 0 327 52 0 84430955 0 0 0 0 0 33752231 0 0 2094 0 
0 0 0 0 0 0 0 0 0 0 0 0 0 0 0 0 0 0 0 0 0 0 0 3 98637 0 0 19 0 0 327 52 0 84494387 0 0 0 0 0 33778497 0 0 2094 0 
0 0 0 0 0 0 0 0 0 0 0 0 0 0 0 0 0 0 0 0 0 0 0 3 98749 0 0 19 0 0 327 52 0 84566896 0 0 0 0 0 33807452 0 0 2094 0 
0 0 0 0 0 0 0 0 0 0 0 0 0 0 0 0 0 0 0 0 0 0 0 3 98765 0 0 19 0 0 327 52 0 84613387 0 0 0 0 0 33828445 0 0 2094 0 
0 0 0 0 0 0 0 0 0 0 0 0 0 0 0 0 0 0 0 0 0 0 0 3 98877 0 0 19 0 0 327 52 0 84664381 0 0 0 0 0 33851190 0 0 2094 0 
0 0 0 0 0 0 0 0 0 0 0 0 0 0 0 0 0 0 0 0 0 0 0 3 98989 0 0 19 0 0 327 52 0 84740379 0 0 0 0 0 33881538 0 0 2094 0 
0 0 0 0 0 0 0 0 0 0 0 0 0 0 0 0 0 0 0 0 0 0 0 3 99021 0 0 19 0 0 327 52 0 84802281 0 0 0 0 0 33904593 0 0 2094 0 
0 0 0 0 0 0 0 0 0 0 0 0 0 0 0 0 0 0 0 0 0 0 0 3 99125 0 0 19 0 0 327 52 0 84844467 0 0 0 0 0 33928083 0 0 2094 0 
0 0 0 0 0 0 0 0 0 0 0 0 0 0 0 0 0 0 0 0 0 0 0 3 99229 0 0 19 0 0 327 52 0 84909693 0 0 0 0 0 33956276 0 0 2094 0 
0 0 0 0 0 0 0 0 0 0 0 0 0 0 0 0 0 0 0 0 0 0 0 3 99277 0 0 19 0 0 327 52 0 84980098 0 0 0 0 0 33986355 0 0 2094 0 
0 0 0 0 0 0 0 0 0 0 0 0 0 0 0 0 0 0 0 0 0 0 0 3 99365 0 0 19 0 0 327 52 0 85017471 0 0 0 0 0 34004373 0 0 2094 0 
0 0 0 0 0 0 0 0 0 0 0 0 0 0 0 0 0 0 0 0 0 0 0 3 99477 0 0 19 0 0 327 52 0 85079849 0 0 0 0 0 34030438 0 0 2094 0 
0 0 0 0 0 0 0 0 0 0 0 0 0 0 0 0 0 0 0 0 0 0 0 3 99517 0 0 19 0 0 327 52 0 85149370 0 0 0 0 0 34061550 0 0 2094 0 
0 0 0 0 0 0 0 0 0 0 0 0 0 0 0 0 0 0 0 0 0 0 0 3 99605 0 0 19 0 0 327 52 0 85190918 0 0 0 0 0 34080445 0 0 2094 0 
0 0 0 0 0 0 0 0 0 0 0 0 0 0 0 0 0 0 0 0 0 0 0 3 99717 0 0 19 0 0 327 52 0 85253120 0 0 0 0 0 34108418 0 0 2094 0 
0 0 0 0 0 0 0 0 0 0 0 0 0 0 0 0 0 0 0 0 0 0 0 3 99829 0 0 19 0 0 327 52 0 85327224 0 0 0 0 0 34139215 0 0 2094 0 
0 0 0 0 0 0 0 0 0 0 0 0 0 0 0 0 0 0 0 0 0 0 0 3 99845 0 0 19 0 0 327 52 0 85375123 0 0 0 0 0 34156755 0 0 2094 0 
0 0 0 0 0 0 0 0 0 0 0 0 0 0 0 0 0 0 0 0 0 0 0 3 99965 0 0 19 0 0 327 52 0 85431353 0 0 0 0 0 34184840 0 0 2094 0 
0 0 0 0 0 0 0 0 0 0 0 0 0 0 0 0 0 0 0 0 0 0 0 3 100077 0 0 19 0 0 327 52 0 85496853 0 0 0 0 0 34213940 0 0 2094 0 
0 0 0 0 0 0 0 0 0 0 0 0 0 0 0 0 0 0 0 0 0 0 0 3 100109 0 0 19 0 0 327 52 0 85568477 0 0 0 0 0 34246794 0 0 2094 0 
0 0 0 0 0 0 0 0 0 0 0 0 0 0 0 0 0 0 0 0 0 0 0 3 100205 0 0 19 0 0 327 52 0 85608172 0 0 0 0 0 34263317 0 0 2094 0 
0 0 0 0 0 0 0 0 0 0 0 0 0 0 0 0 0 0 0 0 0 0 0 3 100317 0 0 19 0 0 327 52 0 85668101 0 0 0 0 0 34289129 0 0 2094 0 
0 0 0 0 0 0 0 0 0 0 0 0 0 0 0 0 0 0 0 0 0 0 0 3 100397 0 0 19 0 0 327 52 0 85737707 0 0 0 0 0 34318134 0 0 2094 0 
0 0 0 0 0 0 0 0 0 0 0 0 0 0 0 0 0 0 0 0 0 0 0 3 100445 0 0 19 0 0 327 52 0 85776433 0 0 0 0 0 34338389 0 0 2094 0 
0 0 0 0 0 0 0 0 0 0 0 0 0 0 0 0 0 0 0 0 0 0 0 3 100557 0 0 19 0 0 327 52 0 85837201 0 0 0 0 0 34362709 0 0 2094 0 
0 0 0 0 0 0 0 0 0 0 0 0 0 0 0 0 0 0 0 0 0 0 0 3 100637 0 0 19 0 0 327 52 0 85906439 0 0 0 0 0 34390157 0 0 2094 0 
0 0 0 0 0 0 0 0 0 0 0 0 0 0 0 0 0 0 0 0 0 0 0 3 100685 0 0 19 0 0 327 52 0 85947190 0 0 0 0 0 34411503 0 0 2094 0 
0 0 0 0 0 0 0 0 0 0 0 0 0 0 0 0 0 0 0 0 0 0 0 3 100797 0 0 19 0 0 327 52 0 86010559 0 0 0 0 0 34438781 0 0 2094 0 
0 0 0 0 0 0 0 0 0 0 0 0 0 0 0 0 0 0 0 0 0 0 0 3 100909 0 0 19 0 0 327 52 0 86083807 0 0 0 0 0 34468387 0 0 2094 0 
0 0 0 0 0 0 0 0 0 0 0 0 0 0 0 0 0 0 0 0 0 0 0 3 100925 0 0 19 0 0 327 52 0 86132550 0 0 0 0 0 34486090 0 0 2094 0 
0 0 0 0 0 0 0 0 0 0 0 0 0 0 0 0 0 0 0 0 0 0 0 3 101037 0 0 19 0 0 327 52 0 86179924 0 0 0 0 0 34512397 0 0 2094 0 
0 0 0 0 0 0 0 0 0 0 0 0 0 0 0 0 0 0 0 0 0 0 0 3 101149 0 0 19 0 0 327 52 0 86253353 0 0 0 0 0 34541519 0 0 2094 0 
0 0 0 0 0 0 0 0 0 0 0 0 0 0 0 0 0 0 0 0 0 0 0 3 101221 0 0 19 0 0 327 52 0 86321578 0 0 0 0 0 34568336 0 0 2094 0 
0 0 0 0 0 0 0 0 0 0 0 0 0 0 0 0 0 0 0 0 0 0 0 3 101285 0 0 19 0 0 327 52 0 86363613 0 0 0 0 0 34589222 0 0 2094 0 
0 0 0 0 0 0 0 0 0 0 0 0 0 0 0 0 0 0 0 0 0 0 0 3 101397 0 0 19 0 0 327 52 0 86424693 0 0 0 0 0 34615112 0 0 2094 0 
0 0 0 0 0 0 0 0 0 0 0 0 0 0 0 0 0 0 0 0 0 0 0 3 101509 0 0 19 0 0 327 52 0 86497896 0 0 0 0 0 34644267 0 0 2094 0 
0 0 0 0 0 0 0 0 0 0 0 0 0 0 0 0 0 0 0 0 0 0 0 3 101533 0 0 19 0 0 327 52 0 86556918 0 0 0 0 0 34665937 0 0 2094 0 
0 0 0 0 0 0 0 0 0 0 0 0 0 0 0 0 0 0 0 0 0 0 0 3 101645 0 0 19 0 0 327 52 0 86601200 0 0 0 0 0 34687647 0 0 2094 0 
0 0 0 0 0 0 0 0 0 0 0 0 0 0 0 0 0 0 0 0 0 0 0 3 101749 0 0 19 0 0 327 52 0 86666136 0 0 0 0 0 34715046 0 0 2094 0 
0 0 0 0 0 0 0 0 0 0 0 0 0 0 0 0 0 0 0 0 0 0 0 3 101797 0 0 19 0 0 327 52 0 86738073 0 0 0 0 0 34748300 0 0 2094 0 
0 0 0 0 0 0 0 0 0 0 0 0 0 0 0 0 0 0 0 0 0 0 0 3 101885 0 0 19 0 0 327 52 0 86778777 0 0 0 0 0 34766508 0 0 2094 0 
0 0 0 0 0 0 0 0 0 0 0 0 0 0 0 0 0 0 0 0 0 0 0 3 101997 0 0 19 0 0 327 52 0 86839744 0 0 0 0 0 34792428 0 0 2094 0 
0 0 0 0 0 0 0 0 0 0 0 0 0 0 0 0 0 0 0 0 0 0 0 3 102109 0 0 19 0 0 327 52 0 86909194 0 0 0 0 0 34819186 0 0 2094 0 
0 0 0 0 0 0 0 0 0 0 0 0 0 0 0 0 0 0 0 0 0 0 0 3 102125 0 0 19 0 0 327 52 0 86949248 0 0 0 0 0 34839917 0 0 2094 0 
0 0 0 0 0 0 0 0 0 0 0 0 0 0 0 0 0 0 0 0 0 0 0 3 102237 0 0 19 0 0 327 52 0 87007235 0 0 0 0 0 34862876 0 0 2094 0 
0 0 0 0 0 0 0 0 0 0 0 0 0 0 0 0 0 0 0 0 0 0 0 3 102349 0 0 19 0 0 327 52 0 87081270 0 0 0 0 0 34892941 0 0 2094 0 
0 0 0 0 0 0 0 0 0 0 0 0 0 0 0 0 0 0 0 0 0 0 0 3 102381 0 0 19 0 0 327 52 0 87143093 0 0 0 0 0 34916368 0 0 2094 0 
0 0 0 0 0 0 0 0 0 0 0 0 0 0 0 0 0 0 0 0 0 0 0 3 102485 0 0 19 0 0 327 52 0 87188308 0 0 0 0 0 34941439 0 0 2094 0 
0 0 0 0 0 0 0 0 0 0 0 0 0 0 0 0 0 0 0 0 0 0 0 3 102597 0 0 19 0 0 327 52 0 87250785 0 0 0 0 0 34967604 0 0 2094 0 
0 0 0 0 0 0 0 0 0 0 0 0 0 0 0 0 0 0 0 0 0 0 0 3 102709 0 0 19 0 0 327 52 0 87324427 0 0 0 0 0 34997035 0 0 2094 0 
0 0 0 0 0 0 0 0 0 0 0 0 0 0 0 0 0 0 0 0 0 0 0 3 102725 0 0 19 0 0 327 52 0 87360273 0 0 0 0 0 35016054 0 0 2094 0 
0 0 0 0 0 0 0 0 0 0 0 0 0 0 0 0 0 0 0 0 0 0 0 3 102837 0 0 19 0 0 327 52 0 87420500 0 0 0 0 0 35042578 0 0 2094 0 
0 0 0 0 0 0 0 0 0 0 0 0 0 0 0 0 0 0 0 0 0 0 0 3 102949 0 0 19 0 0 327 52 0 87493545 0 0 0 0 0 35071350 0 0 2094 0 
0 0 0 0 0 0 0 0 0 0 0 0 0 0 0 0 0 0 0 0 0 0 0 3 102997 0 0 19 0 0 327 52 0 87560527 0 0 0 0 0 35098156 0 0 2094 0 
0 0 0 0 0 0 0 0 0 0 0 0 0 0 0 0 0 0 0 0 0 0 0 3 103085 0 0 19 0 0 327 52 0 87601339 0 0 0 0 0 35117750 0 0 2094 0 
0 0 0 0 0 0 0 0 0 0 0 0 0 0 0 0 0 0 0 0 0 0 0 3 103197 0 0 19 0 0 327 52 0 87664521 0 0 0 0 0 35143628 0 0 2094 0 
0 0 0 0 0 0 0 0 0 0 0 0 0 0 0 0 0 0 0 0 0 0 0 3 103309 0 0 19 0 0 327 52 0 87734476 0 0 0 0 0 35171121 0 0 2094 0 
0 0 0 0 0 0 0 0 0 0 0 0 0 0 0 0 0 0 0 0 0 0 0 3 103325 0 0 19 0 0 327 52 0 87781161 0 0 0 0 0 35193845 0 0 2094 0 
0 0 0 0 0 0 0 0 0 0 0 0 0 0 0 0 0 0 0 0 0 0 0 3 103437 0 0 19 0 0 327 52 0 87830360 0 0 0 0 0 35215532 0 0 2094 0 
0 0 0 0 0 0 0 0 0 0 0 0 0 0 0 0 0 0 0 0 0 0 0 3 103549 0 0 19 0 0 327 52 0 87907345 0 0 0 0 0 35245931 0 0 2094 0 
0 0 0 0 0 0 0 0 0 0 0 0 0 0 0 0 0 0 0 0 0 0 0 3 103565 0 0 19 0 0 327 52 0 87955363 0 0 0 0 0 35263679 0 0 2094 0 
0 0 0 0 0 0 0 0 0 0 0 0 0 0 0 0 0 0 0 0 0 0 0 3 103685 0 0 19 0 0 327 52 0 88007161 0 0 0 0 0 35287977 0 0 2094 0 
0 0 0 0 0 0 0 0 0 0 0 0 0 0 0 0 0 0 0 0 0 0 0 3 103797 0 0 19 0 0 327 52 0 88074166 0 0 0 0 0 35316169 0 0 2094 0 
0 0 0 0 0 0 0 0 0 0 0 0 0 0 0 0 0 0 0 0 0 0 0 3 103909 0 0 19 0 0 327 52 0 88147542 0 0 0 0 0 35345741 0 0 2094 0 
0 0 0 0 0 0 0 0 0 0 0 0 0 0 0 0 0 0 0 0 0 0 0 3 103925 0 0 19 0 0 327 52 0 88193520 0 0 0 0 0 35364963 0 0 2094 0 
0 0 0 0 0 0 0 0 0 0 0 0 0 0 0 0 0 0 0 0 0 0 0 3 104037 0 0 19 0 0 327 52 0 88241812 0 0 0 0 0 35387470 0 0 2094 0 
0 0 0 0 0 0 0 0 0 0 0 0 0 0 0 0 0 0 0 0 0 0 0 3 104149 0 0 19 0 0 327 52 0 88315126 0 0 0 0 0 35416681 0 0 2094 0 
0 0 0 0 0 0 0 0 0 0 0 0 0 0 0 0 0 0 0 0 0 0 0 3 104181 0 0 19 0 0 327 52 0 88376656 0 0 0 0 0 35439282 0 0 2094 0 
0 0 0 0 0 0 0 0 0 0 0 0 0 0 0 0 0 0 0 0 0 0 0 3 104285 0 0 19 0 0 327 52 0 88418110 0 0 0 0 0 35461605 0 0 2094 0 
0 0 0 0 0 0 0 0 0 0 0 0 0 0 0 0 0 0 0 0 0 0 0 3 104389 0 0 19 0 0 327 52 0 88483971 0 0 0 0 0 35490907 0 0 2094 0 
0 0 0 0 0 0 0 0 0 0 0 0 0 0 0 0 0 0 0 0 0 0 0 3 104445 0 0 19 0 0 327 52 0 88552561 0 0 0 0 0 35519658 0 0 2094 0 
0 0 0 0 0 0 0 0 0 0 0 0 0 0 0 0 0 0 0 0 0 0 0 3 104525 0 0 19 0 0 327 52 0 88591827 0 0 0 0 0 35537894 0 0 2094 0 
0 0 0 0 0 0 0 0 0 0 0 0 0 0 0 0 0 0 0 0 0 0 0 3 104637 0 0 19 0 0 327 52 0 88653891 0 0 0 0 0 35565012 0 0 2094 0 
0 0 0 0 0 0 0 0 0 0 0 0 0 0 0 0 0 0 0 0 0 0 0 3 104741 0 0 19 0 0 327 52 0 88726347 0 0 0 0 0 35594248 0 0 2094 0 
0 0 0 0 0 0 0 0 0 0 0 0 0 0 0 0 0 0 0 0 0 0 0 3 104765 0 0 19 0 0 327 52 0 88769709 0 0 0 0 0 35613727 0 0 2094 0 
0 0 0 0 0 0 0 0 0 0 0 0 0 0 0 0 0 0 0 0 0 0 0 3 104877 0 0 19 0 0 327 52 0 88823672 0 0 0 0 0 35637530 0 0 2094 0 
0 0 0 0 0 0 0 0 0 0 0 0 0 0 0 0 0 0 0 0 0 0 0 3 104989 0 0 19 0 0 327 52 0 88898138 0 0 0 0 0 35667584 0 0 2094 0 
0 0 0 0 0 0 0 0 0 0 0 0 0 0 0 0 0 0 0 0 0 0 0 3 105005 0 0 19 0 0 327 52 0 88948585 0 0 0 0 0 35686957 0 0 2094 0 
0 0 0 0 0 0 0 0 0 0 0 0 0 0 0 0 0 0 0 0 0 0 0 3 105125 0 0 19 0 0 327 52 0 89000242 0 0 0 0 0 35712807 0 0 2094 0 
0 0 0 0 0 0 0 0 0 0 0 0 0 0 0 0 0 0 0 0 0 0 0 3 105229 0 0 19 0 0 327 52 0 89066491 0 0 0 0 0 35739799 0 0 2094 0 
0 0 0 0 0 0 0 0 0 0 0 0 0 0 0 0 0 0 0 0 0 0 0 3 105293 0 0 19 0 0 327 52 0 89133247 0 0 0 0 0 35766615 0 0 2094 0 
0 0 0 0 0 0 0 0 0 0 0 0 0 0 0 0 0 0 0 0 0 0 0 3 105365 0 0 19 0 0 327 52 0 89176297 0 0 0 0 0 35788462 0 0 2094 0 
0 0 0 0 0 0 0 0 0 0 0 0 0 0 0 0 0 0 0 0 0 0 0 3 105477 0 0 19 0 0 327 52 0 89238391 0 0 0 0 0 35814283 0 0 2094 0 
0 0 0 0 0 0 0 0 0 0 0 0 0 0 0 0 0 0 0 0 0 0 0 3 105589 0 0 19 0 0 327 52 0 89310297 0 0 0 0 0 35842612 0 0 2094 0 
0 0 0 0 0 0 0 0 0 0 0 0 0 0 0 0 0 0 0 0 0 0 0 3 105605 0 0 19 0 0 327 52 0 89359505 0 0 0 0 0 35860672 0 0 2094 0 
0 0 0 0 0 0 0 0 0 0 0 0 0 0 0 0 0 0 0 0 0 0 0 3 105717 0 0 19 0 0 327 52 0 89406731 0 0 0 0 0 35886253 0 0 2094 0 
0 0 0 0 0 0 0 0 0 0 0 0 0 0 0 0 0 0 0 0 0 0 0 3 105829 0 0 19 0 0 327 52 0 89479909 0 0 0 0 0 35915358 0 0 2094 0 
0 0 0 0 0 0 0 0 0 0 0 0 0 0 0 0 0 0 0 0 0 0 0 3 105885 0 0 19 0 0 327 52 0 89548140 0 0 0 0 0 35943592 0 0 2094 0 
0 0 0 0 0 0 0 0 0 0 0 0 0 0 0 0 0 0 0 0 0 0 0 3 105965 0 0 19 0 0 327 52 0 89585145 0 0 0 0 0 35960370 0 0 2094 0 
0 0 0 0 0 0 0 0 0 0 0 0 0 0 0 0 0 0 0 0 0 0 0 3 106077 0 0 19 0 0 327 52 0 89647766 0 0 0 0 0 35988076 0 0 2094 0 
0 0 0 0 0 0 0 0 0 0 0 0 0 0 0 0 0 0 0 0 0 0 0 3 106189 0 0 19 0 0 327 52 0 89721643 0 0 0 0 0 36018530 0 0 2094 0 
0 0 0 0 0 0 0 0 0 0 0 0 0 0 0 0 0 0 0 0 0 0 0 3 106205 0 0 19 0 0 327 52 0 89770575 0 0 0 0 0 36036153 0 0 2094 0 
0 0 0 0 0 0 0 0 0 0 0 0 0 0 0 0 0 0 0 0 0 0 0 3 106317 0 0 19 0 0 327 52 0 89816803 0 0 0 0 0 36061292 0 0 2094 0 
0 0 0 0 0 0 0 0 0 0 0 0 0 0 0 0 0 0 0 0 0 0 0 3 106429 0 0 19 0 0 327 52 0 89892337 0 0 0 0 0 36092707 0 0 2094 0 
0 0 0 0 0 0 0 0 0 0 0 0 0 0 0 0 0 0 0 0 0 0 0 3 106477 0 0 19 0 0 327 52 0 89961031 0 0 0 0 0 36121460 0 0 2094 0 
0 0 0 0 0 0 0 0 0 0 0 0 0 0 0 0 0 0 0 0 0 0 0 3 106565 0 0 19 0 0 327 52 0 90000258 0 0 0 0 0 36139188 0 0 2094 0 
0 0 0 0 0 0 0 0 0 0 0 0 0 0 0 0 0 0 0 0 0 0 0 3 106677 0 0 19 0 0 327 52 0 90062772 0 0 0 0 0 36166064 0 0 2094 0 
0 0 0 0 0 0 0 0 0 0 0 0 0 0 0 0 0 0 0 0 0 0 0 3 106789 0 0 19 0 0 327 52 0 90135652 0 0 0 0 0 36194854 0 0 2094 0 
0 0 0 0 0 0 0 0 0 0 0 0 0 0 0 0 0 0 0 0 0 0 0 3 106805 0 0 19 0 0 327 52 0 90178961 0 0 0 0 0 36213463 0 0 2094 0 
0 0 0 0 0 0 0 0 0 0 0 0 0 0 0 0 0 0 0 0 0 0 0 3 106917 0 0 19 0 0 327 52 0 90230352 0 0 0 0 0 36237286 0 0 2094 0 
0 0 0 0 0 0 0 0 0 0 0 0 0 0 0 0 0 0 0 0 0 0 0 3 107029 0 0 19 0 0 327 52 0 90305990 0 0 0 0 0 36268787 0 0 2094 0 
0 0 0 0 0 0 0 0 0 0 0 0 0 0 0 0 0 0 0 0 0 0 0 3 107053 0 0 19 0 0 327 52 0 90358689 0 0 0 0 0 36288573 0 0 2094 0 
0 0 0 0 0 0 0 0 0 0 0 0 0 0 0 0 0 0 0 0 0 0 0 3 107165 0 0 19 0 0 327 52 0 90408873 0 0 0 0 0 36313828 0 0 2094 0 
0 0 0 0 0 0 0 0 0 0 0 0 0 0 0 0 0 0 0 0 0 0 0 3 107269 0 0 19 0 0 327 52 0 90474355 0 0 0 0 0 36341077 0 0 2094 0 
0 0 0 0 0 0 0 0 0 0 0 0 0 0 0 0 0 0 0 0 0 0 0 3 107317 0 0 19 0 0 327 52 0 90543228 0 0 0 0 0 36369934 0 0 2094 0 
0 0 0 0 0 0 0 0 0 0 0 0 0 0 0 0 0 0 0 0 0 0 0 3 107405 0 0 19 0 0 327 52 0 90585161 0 0 0 0 0 36390066 0 0 2094 0 
0 0 0 0 0 0 0 0 0 0 0 0 0 0 0 0 0 0 0 0 0 0 0 3 107517 0 0 19 0 0 327 52 0 90646595 0 0 0 0 0 36416995 0 0 2094 0 
0 0 0 0 0 0 0 0 0 0 0 0 0 0 0 0 0 0 0 0 0 0 0 3 107629 0 0 19 0 0 327 52 0 90718554 0 0 0 0 0 36445221 0 0 2094 0 
0 0 0 0 0 0 0 0 0 0 0 0 0 0 0 0 0 0 0 0 0 0 0 3 107645 0 0 19 0 0 327 52 0 90760886 0 0 0 0 0 36465340 0 0 2094 0 
0 0 0 0 0 0 0 0 0 0 0 0 0 0 0 0 0 0 0 0 0 0 0 3 107757 0 0 19 0 0 327 52 0 90816252 0 0 0 0 0 36489143 0 0 2094 0 
0 0 0 0 0 0 0 0 0 0 0 0 0 0 0 0 0 0 0 0 0 0 0 3 107869 0 0 19 0 0 327 52 0 90890821 0 0 0 0 0 36519516 0 0 2094 0 
0 0 0 0 0 0 0 0 0 0 0 0 0 0 0 0 0 0 0 0 0 0 0 3 107885 0 0 19 0 0 327 52 0 90935898 0 0 0 0 0 36535794 0 0 2094 0 
0 0 0 0 0 0 0 0 0 0 0 0 0 0 0 0 0 0 0 0 0 0 0 3 108005 0 0 19 0 0 327 52 0 90991793 0 0 0 0 0 36563168 0 0 2094 0 
0 0 0 0 0 0 0 0 0 0 0 0 0 0 0 0 0 0 0 0 0 0 0 3 108109 0 0 19 0 0 327 52 0 91055292 0 0 0 0 0 36589855 0 0 2094 0 
0 0 0 0 0 0 0 0 0 0 0 0 0 0 0 0 0 0 0 0 0 0 0 3 108133 0 0 19 0 0 327 52 0 91124920 0 0 0 0 0 36615631 0 0 2094 0 
0 0 0 0 0 0 0 0 0 0 0 0 0 0 0 0 0 0 0 0 0 0 0 3 108221 0 0 19 0 0 327 52 0 91146219 0 0 0 0 0 36623710 0 0 2094 0 
0 0 0 0 0 0 0 0 0 0 0 0 0 0 0 0 0 0 0 0 0 0 0 3 108221 0 0 19 0 0 327 52 0 91146219 0 0 0 0 0 36623710 0 0 2094 0 
0 0 0 0 0 0 0 0 0 0 0 0 0 0 0 0 0 0 0 0 0 0 0 3 108221 0 0 19 0 0 327 52 0 91146219 0 0 0 0 0 36623710 0 0 2094 0 
0 0 0 0 0 0 0 0 0 0 0 0 0 0 0 0 0 0 0 0 0 0 0 3 108221 0 0 19 0 0 327 52 0 91146219 0 0 0 0 0 36623710 0 0 2094 0 
0 0 0 0 0 0 0 0 0 0 0 0 0 0 0 0 0 0 0 0 0 0 0 3 108221 0 0 19 0 0 327 52 0 91146219 0 0 0 0 0 36623710 0 0 2094 0 
0 0 0 0 0 0 0 0 0 0 0 0 0 0 0 0 0 0 0 0 0 0 0 3 108221 0 0 19 0 0 327 52 0 91146219 0 0 0 0 0 36623710 0 0 2094 0 
0 0 0 0 0 0 0 0 0 0 0 0 0 0 0 0 0 0 0 0 0 0 0 3 108221 0 0 19 0 0 327 52 0 91146219 0 0 0 0 0 36623710 0 0 2094 0 
0 0 0 0 0 0 0 0 0 0 0 0 0 0 0 0 0 0 0 0 0 0 0 3 108221 0 0 19 0 0 327 52 0 91146219 0 0 0 0 0 36623710 0 0 2094 0 
0 0 0 0 0 0 0 0 0 0 0 0 0 0 0 0 0 0 0 0 0 0 0 3 108221 0 0 19 0 0 327 52 0 91146219 0 0 0 0 0 36623710 0 0 2094 0 
0 0 0 0 0 0 0 0 0 0 0 0 0 0 0 0 0 0 0 0 0 0 0 3 108221 0 0 19 0 0 327 52 0 91146219 0 0 0 0 0 36623710 0 0 2094 0 
0 0 0 0 0 0 0 0 0 0 0 0 0 0 0 0 0 0 0 0 0 0 0 3 108221 0 0 19 0 0 327 52 0 91146219 0 0 0 0 0 36623710 0 0 2094 0 
0 0 0 0 0 0 0 0 0 0 0 0 0 0 0 0 0 0 0 0 0 0 0 3 108221 0 0 19 0 0 327 52 0 91146219 0 0 0 0 0 36623710 0 0 2094 0 
0 0 0 0 0 0 0 0 0 0 0 0 0 0 0 0 0 0 0 0 0 0 0 3 108221 0 0 19 0 0 327 52 0 91146219 0 0 0 0 0 36623710 0 0 2094 0 
0 0 0 0 0 0 0 0 0 0 0 0 0 0 0 0 0 0 0 0 0 0 0 3 108221 0 0 19 0 0 327 52 0 91146219 0 0 0 0 0 36623710 0 0 2094 0 
0 0 0 0 0 0 0 0 0 0 0 0 0 0 0 0 0 0 0 0 0 0 0 3 108221 0 0 19 0 0 327 52 0 91146219 0 0 0 0 0 36623710 0 0 2094 0 
0 0 0 0 0 0 0 0 0 0 0 0 0 0 0 0 0 0 0 0 0 0 0 3 108221 0 0 19 0 0 327 52 0 91146219 0 0 0 0 0 36623710 0 0 2094 0 
0 0 0 0 0 0 0 0 0 0 0 0 0 0 0 0 0 0 0 0 0 0 0 3 108221 0 0 19 0 0 327 52 0 91146219 0 0 0 0 0 36623710 0 0 2094 0 
0 0 0 0 0 0 0 0 0 0 0 0 0 0 0 0 0 0 0 0 0 0 0 3 108221 0 0 19 0 0 327 52 0 91146219 0 0 0 0 0 36623710 0 0 2094 0 
0 0 0 0 0 0 0 0 0 0 0 0 0 0 0 0 0 0 0 0 0 0 0 3 108221 0 0 19 0 0 327 52 0 91146219 0 0 0 0 0 36623710 0 0 2094 0 
0 0 0 0 0 0 0 0 0 0 0 0 0 0 0 0 0 0 0 0 0 0 0 3 108221 0 0 19 0 0 327 52 0 91146219 0 0 0 0 0 36623710 0 0 2094 0 
0 0 0 0 0 0 0 0 0 0 0 0 0 0 0 0 0 0 0 0 0 0 0 3 108221 0 0 19 0 0 327 52 0 91146219 0 0 0 0 0 36623710 0 0 2094 0 
0 0 0 0 0 0 0 0 0 0 0 0 0 0 0 0 0 0 0 0 0 0 0 3 108221 0 0 19 0 0 327 52 0 91146219 0 0 0 0 0 36623710 0 0 2094 0 
0 0 0 0 0 0 0 0 0 0 0 0 0 0 0 0 0 0 0 0 0 0 0 3 108221 0 0 19 0 0 327 52 0 91146219 0 0 0 0 0 36623710 0 0 2094 0 
0 0 0 0 0 0 0 0 0 0 0 0 0 0 0 0 0 0 0 0 0 0 0 3 108221 0 0 19 0 0 327 52 0 91146219 0 0 0 0 0 36623710 0 0 2094 0 
0 0 0 0 0 0 0 0 0 0 0 0 0 0 0 0 0 0 0 0 0 0 0 3 108221 0 0 19 0 0 327 52 0 91146219 0 0 0 0 0 36623710 0 0 2094 0 
0 0 0 0 0 0 0 0 0 0 0 0 0 0 0 0 0 0 0 0 0 0 0 3 108221 0 0 19 0 0 327 52 0 91146219 0 0 0 0 0 36623710 0 0 2094 0 
0 0 0 0 0 0 0 0 0 0 0 0 0 0 0 0 0 0 0 0 0 0 0 3 108221 0 0 19 0 0 327 52 0 91146219 0 0 0 0 0 36623710 0 0 2094 0 
0 0 0 0 0 0 0 0 0 0 0 0 0 0 0 0 0 0 0 0 0 0 0 3 108221 0 0 19 0 0 327 52 0 91146219 0 0 0 0 0 36623710 0 0 2094 0 
0 0 0 0 0 0 0 0 0 0 0 0 0 0 0 0 0 0 0 0 0 0 0 3 108221 0 0 19 0 0 327 52 0 91146219 0 0 0 0 0 36623710 0 0 2094 0 
0 0 0 0 0 0 0 0 0 0 0 0 0 0 0 0 0 0 0 0 0 0 0 3 108221 0 0 19 0 0 327 52 0 91146219 0 0 0 0 0 36623710 0 0 2094 0 
0 0 0 0 0 0 0 0 0 0 0 0 0 0 0 0 0 0 0 0 0 0 0 3 108221 0 0 19 0 0 327 52 0 91146219 0 0 0 0 0 36623710 0 0 2094 0 
0 0 0 0 0 0 0 0 0 0 0 0 0 0 0 0 0 0 0 0 0 0 0 3 108221 0 0 19 0 0 327 52 0 91146219 0 0 0 0 0 36623710 0 0 2094 0 
0 0 0 0 0 0 0 0 0 0 0 0 0 0 0 0 0 0 0 0 0 0 0 3 108221 0 0 19 0 0 327 52 0 91146219 0 0 0 0 0 36623710 0 0 2094 0 
0 0 0 0 0 0 0 0 0 0 0 0 0 0 0 0 0 0 0 0 0 0 0 3 108221 0 0 19 0 0 327 52 0 91146219 0 0 0 0 0 36623710 0 0 2094 0 
0 0 0 0 0 0 0 0 0 0 0 0 0 0 0 0 0 0 0 0 0 0 0 3 108221 0 0 19 0 0 327 52 0 91146219 0 0 0 0 0 36623710 0 0 2094 0 
0 0 0 0 0 0 0 0 0 0 0 0 0 0 0 0 0 0 0 0 0 0 0 3 108221 0 0 19 0 0 327 52 0 91146219 0 0 0 0 0 36623710 0 0 2094 0 
0 0 0 0 0 0 0 0 0 0 0 0 0 0 0 0 0 0 0 0 0 0 0 3 108221 0 0 19 0 0 327 52 0 91146219 0 0 0 0 0 36623710 0 0 2094 0 
0 0 0 0 0 0 0 0 0 0 0 0 0 0 0 0 0 0 0 0 0 0 0 3 108221 0 0 19 0 0 327 52 0 91146219 0 0 0 0 0 36623710 0 0 2094 0 
