0 0 0 0 0 0 0 0 0 0 0 0 0 0 0 0 0 0 0 0 0 0 0 3 0 28001 27999 0 0 104 0 0 15 24603826 0 0 0 0 0 0 9898073 712 0 0 
0 0 0 0 0 0 0 0 0 0 0 0 0 0 0 0 0 0 0 0 0 0 0 3 28001 0 0 6 0 0 104 15 0 5398418 11111371 8093347 0 0 0 9899319 0 0 712 0 
0 0 0 0 0 0 0 0 0 0 0 0 0 0 0 0 0 0 0 0 0 0 0 3 0 28001 27999 0 0 104 0 0 15 24603826 0 0 0 0 0 0 9898073 712 0 0 
0 0 0 0 0 0 0 0 0 0 0 0 0 0 0 0 0 0 0 0 0 0 0 3 28001 0 0 6 0 0 104 15 0 5398418 11111371 8093347 0 0 0 9899319 0 0 712 0 
0 0 0 0 0 0 0 0 0 0 0 0 0 0 0 0 0 0 0 0 0 0 0 3 0 28001 27999 0 0 104 0 0 15 24603826 0 0 0 0 0 0 9898073 712 0 0 
0 0 0 0 0 0 0 0 0 0 0 0 0 0 0 0 0 0 0 0 0 0 0 3 28001 0 0 6 0 0 104 15 0 5398418 11111371 8093347 0 0 0 9899319 0 0 712 0 
0 0 0 0 0 0 0 0 0 0 0 0 0 0 0 0 0 0 0 0 0 0 0 3 0 28001 27999 0 0 104 0 0 15 24603826 0 0 0 0 0 0 9898073 712 0 0 
0 0 0 0 0 0 0 0 0 0 0 0 0 0 0 0 0 0 0 0 0 0 0 3 28001 0 0 6 0 0 104 15 0 5398418 11111371 8093347 0 0 0 9899319 0 0 712 0 
0 0 0 0 0 0 0 0 0 0 0 0 0 0 0 0 0 0 0 0 0 0 0 3 0 28001 27999 0 0 104 0 0 15 24603826 0 0 0 0 0 0 9898073 712 0 0 
0 0 0 0 0 0 0 0 0 0 0 0 0 0 0 0 0 0 0 0 0 0 0 3 28001 0 0 6 0 0 104 15 0 5398418 11111371 8093347 0 0 0 9899319 0 0 712 0 
0 0 0 0 0 0 0 0 0 0 0 0 0 0 0 0 0 0 0 0 0 0 0 3 0 28001 27999 0 0 104 0 0 15 24603826 0 0 0 0 0 0 9898073 712 0 0 
0 0 0 0 0 0 0 0 0 0 0 0 0 0 0 0 0 0 0 0 0 0 0 3 28001 0 0 6 0 0 104 15 0 5398418 11111371 8093347 0 0 0 9899319 0 0 712 0 
====>
0 0 0 0 0 0 0 0 0 0 0 0 0 0 0 0 0 0 0 0 0 0 0 3 0 28048 28047 0 0 111 0 0 15 24626585 0 0 0 0 0 0 9901220 712 0 0 
0 0 0 0 0 0 0 0 0 0 0 0 0 0 0 0 0 0 0 0 0 0 0 3 28049 0 0 6 0 0 111 15 0 5399233 11131209 8095463 0 0 0 9902466 0 0 712 0 
0 0 0 0 0 0 0 0 0 0 0 0 0 0 0 0 0 0 0 0 0 0 0 3 0 28061 28059 0 0 111 0 0 15 24659755 0 0 0 0 0 0 9911946 712 0 0 
0 0 0 0 0 0 0 0 0 0 0 0 0 0 0 0 0 0 0 0 0 0 0 3 28061 0 0 6 0 0 111 15 0 5408707 11144845 8105543 0 0 0 9913190 0 0 712 0 
0 0 0 0 0 0 0 0 0 0 0 0 0 0 0 0 0 0 0 0 0 0 0 3 0 28113 28115 0 0 111 0 0 15 24683573 0 0 0 0 0 0 9924340 712 0 0 
0 0 0 0 0 0 0 0 0 0 0 0 0 0 0 0 0 0 0 0 0 0 0 3 28117 0 0 6 0 0 111 15 0 5411215 11158302 8113394 0 0 0 9925586 0 0 712 0 
0 0 0 0 0 0 0 0 0 0 0 0 0 0 0 0 0 0 0 0 0 0 0 3 0 28169 28171 0 0 111 0 0 15 24716717 0 0 0 0 0 0 9938812 712 0 0 
0 0 0 0 0 0 0 0 0 0 0 0 0 0 0 0 0 0 0 0 0 0 0 3 28173 0 0 6 0 0 111 15 0 5416897 11172583 8126570 0 0 0 9940058 0 0 712 0 
0 0 0 0 0 0 0 0 0 0 0 0 0 0 0 0 0 0 0 0 0 0 0 3 0 28225 28227 0 0 111 0 0 15 24754575 0 0 0 0 0 0 9954813 712 0 0 
0 0 0 0 0 0 0 0 0 0 0 0 0 0 0 0 0 0 0 0 0 0 0 3 28229 0 0 6 0 0 111 15 0 5426055 11188624 8139224 0 0 0 9956058 0 0 712 0 
0 0 0 0 0 0 0 0 0 0 0 0 0 0 0 0 0 0 0 0 0 0 0 3 0 28233 28235 0 0 111 0 0 15 24775689 0 0 0 0 0 0 9963811 712 0 0 
0 0 0 0 0 0 0 0 0 0 0 0 0 0 0 0 0 0 0 0 0 0 0 3 28237 0 0 6 0 0 111 15 0 5430252 11198716 8146048 0 0 0 9965056 0 0 712 0 
0 0 0 0 0 0 0 0 0 0 0 0 0 0 0 0 0 0 0 0 0 0 0 3 0 28291 28291 0 0 111 0 0 15 24800773 0 0 0 0 0 0 9973837 712 0 0 
0 0 0 0 0 0 0 0 0 0 0 0 0 0 0 0 0 0 0 0 0 0 0 3 28293 0 0 6 0 0 111 15 0 5435234 11207686 8157180 0 0 0 9975081 0 0 712 0 
0 0 0 0 0 0 0 0 0 0 0 0 0 0 0 0 0 0 0 0 0 0 0 3 0 28345 28347 0 0 111 0 0 15 24838097 0 0 0 0 0 0 9989586 712 0 0 
0 0 0 0 0 0 0 0 0 0 0 0 0 0 0 0 0 0 0 0 0 0 0 3 28349 0 0 6 0 0 111 15 0 5444385 11223481 8169554 0 0 0 9990834 0 0 712 0 
0 0 0 0 0 0 0 0 0 0 0 0 0 0 0 0 0 0 0 0 0 0 0 3 0 28353 28355 0 0 111 0 0 15 24865623 0 0 0 0 0 0 10008457 712 0 0 
0 0 0 0 0 0 0 0 0 0 0 0 0 0 0 0 0 0 0 0 0 0 0 3 28357 0 0 6 0 0 111 15 0 5447885 11242858 8174201 0 0 0 10009704 0 0 712 0 
0 0 0 0 0 0 0 0 0 0 0 0 0 0 0 0 0 0 0 0 0 0 0 3 0 28409 28411 0 0 111 0 0 15 24892265 0 0 0 0 0 0 10018948 712 0 0 
0 0 0 0 0 0 0 0 0 0 0 0 0 0 0 0 0 0 0 0 0 0 0 3 28413 0 0 6 0 0 111 15 0 5453556 11252883 8185140 0 0 0 10020194 0 0 712 0 
0 0 0 0 0 0 0 0 0 0 0 0 0 0 0 0 0 0 0 0 0 0 0 3 0 28465 28467 0 0 111 0 0 15 24928335 0 0 0 0 0 0 10032669 712 0 0 
0 0 0 0 0 0 0 0 0 0 0 0 0 0 0 0 0 0 0 0 0 0 0 3 28469 0 0 6 0 0 111 15 0 5462715 11266650 8198282 0 0 0 10033917 0 0 712 0 
0 0 0 0 0 0 0 0 0 0 0 0 0 0 0 0 0 0 0 0 0 0 0 3 0 28477 28479 0 0 111 0 0 15 24953735 0 0 0 0 0 0 10042053 712 0 0 
0 0 0 0 0 0 0 0 0 0 0 0 0 0 0 0 0 0 0 0 0 0 0 3 28481 0 0 6 0 0 111 15 0 5468190 11279251 8205604 0 0 0 10043301 0 0 712 0 
0 0 0 0 0 0 0 0 0 0 0 0 0 0 0 0 0 0 0 0 0 0 0 3 0 28533 28535 0 0 111 0 0 15 24981780 0 0 0 0 0 0 10056472 712 0 0 
0 0 0 0 0 0 0 0 0 0 0 0 0 0 0 0 0 0 0 0 0 0 0 3 28537 0 0 6 0 0 111 15 0 5474328 11290745 8216008 0 0 0 10057719 0 0 712 0 
0 0 0 0 0 0 0 0 0 0 0 0 0 0 0 0 0 0 0 0 0 0 0 3 0 28589 28591 0 0 111 0 0 15 25013130 0 0 0 0 0 0 10069076 712 0 0 
0 0 0 0 0 0 0 0 0 0 0 0 0 0 0 0 0 0 0 0 0 0 0 3 28593 0 0 6 0 0 111 15 0 5481056 11303141 8228224 0 0 0 10070326 0 0 712 0 
0 0 0 0 0 0 0 0 0 0 0 0 0 0 0 0 0 0 0 0 0 0 0 3 0 28620 28619 0 0 111 0 0 15 25045712 0 0 0 0 0 0 10081645 712 0 0 
0 0 0 0 0 0 0 0 0 0 0 0 0 0 0 0 0 0 0 0 0 0 0 3 28621 0 0 6 0 0 111 15 0 5489142 11315604 8240252 0 0 0 10082900 0 0 712 0 
0 0 0 0 0 0 0 0 0 0 0 0 0 0 0 0 0 0 0 0 0 0 0 3 0 28653 28655 0 0 111 0 0 15 25069201 0 0 0 0 0 0 10092346 712 0 0 
0 0 0 0 0 0 0 0 0 0 0 0 0 0 0 0 0 0 0 0 0 0 0 3 28657 0 0 6 0 0 111 15 0 5494159 11327289 8247037 0 0 0 10093601 0 0 712 0 
0 0 0 0 0 0 0 0 0 0 0 0 0 0 0 0 0 0 0 0 0 0 0 3 0 28709 28711 0 0 111 0 0 15 25098375 0 0 0 0 0 0 10106260 712 0 0 
0 0 0 0 0 0 0 0 0 0 0 0 0 0 0 0 0 0 0 0 0 0 0 3 28713 0 0 6 0 0 111 15 0 5499388 11340413 8257850 0 0 0 10107517 0 0 712 0 
0 0 0 0 0 0 0 0 0 0 0 0 0 0 0 0 0 0 0 0 0 0 0 3 0 28765 28767 0 0 111 0 0 15 25135113 0 0 0 0 0 0 10120900 712 0 0 
0 0 0 0 0 0 0 0 0 0 0 0 0 0 0 0 0 0 0 0 0 0 0 3 28769 0 0 6 0 0 111 15 0 5508545 11355094 8270745 0 0 0 10122156 0 0 712 0 
0 0 0 0 0 0 0 0 0 0 0 0 0 0 0 0 0 0 0 0 0 0 0 3 0 28782 28783 0 0 111 0 0 15 25166293 0 0 0 0 0 0 10132113 712 0 0 
0 0 0 0 0 0 0 0 0 0 0 0 0 0 0 0 0 0 0 0 0 0 0 3 28785 0 0 6 0 0 111 15 0 5516205 11368636 8280722 0 0 0 10133369 0 0 712 0 
0 0 0 0 0 0 0 0 0 0 0 0 0 0 0 0 0 0 0 0 0 0 0 3 0 28833 28835 0 0 111 0 0 15 25187118 0 0 0 0 0 0 10143804 712 0 0 
0 0 0 0 0 0 0 0 0 0 0 0 0 0 0 0 0 0 0 0 0 0 0 3 28837 0 0 6 0 0 111 15 0 5520155 11378280 8287952 0 0 0 10145062 0 0 712 0 
0 0 0 0 0 0 0 0 0 0 0 0 0 0 0 0 0 0 0 0 0 0 0 3 0 28889 28891 0 0 111 0 0 15 25222410 0 0 0 0 0 0 10160664 712 0 0 
0 0 0 0 0 0 0 0 0 0 0 0 0 0 0 0 0 0 0 0 0 0 0 3 28893 0 0 6 0 0 111 15 0 5526886 11394941 8299849 0 0 0 10161921 0 0 712 0 
0 0 0 0 0 0 0 0 0 0 0 0 0 0 0 0 0 0 0 0 0 0 0 3 0 28913 28911 0 0 111 0 0 15 25258694 0 0 0 0 0 0 10176273 712 0 0 
0 0 0 0 0 0 0 0 0 0 0 0 0 0 0 0 0 0 0 0 0 0 0 3 28913 0 0 6 0 0 111 15 0 5534812 11410437 8312712 0 0 0 10177532 0 0 712 0 
0 0 0 0 0 0 0 0 0 0 0 0 0 0 0 0 0 0 0 0 0 0 0 3 0 28953 28955 0 0 111 0 0 15 25278470 0 0 0 0 0 0 10185020 712 0 0 
0 0 0 0 0 0 0 0 0 0 0 0 0 0 0 0 0 0 0 0 0 0 0 3 28957 0 0 6 0 0 111 15 0 5539439 11419462 8318836 0 0 0 10186281 0 0 712 0 
0 0 0 0 0 0 0 0 0 0 0 0 0 0 0 0 0 0 0 0 0 0 0 3 0 29009 29011 0 0 111 0 0 15 25308145 0 0 0 0 0 0 10198226 712 0 0 
0 0 0 0 0 0 0 0 0 0 0 0 0 0 0 0 0 0 0 0 0 0 0 3 29012 0 0 6 0 0 111 15 0 5545217 11432590 8329602 0 0 0 10199488 0 0 712 0 
0 0 0 0 0 0 0 0 0 0 0 0 0 0 0 0 0 0 0 0 0 0 0 3 0 29065 29067 0 0 111 0 0 15 25346434 0 0 0 0 0 0 10214702 712 0 0 
0 0 0 0 0 0 0 0 0 0 0 0 0 0 0 0 0 0 0 0 0 0 0 3 29068 0 0 6 0 0 111 15 0 5554375 11449107 8342213 0 0 0 10215964 0 0 712 0 
0 0 0 0 0 0 0 0 0 0 0 0 0 0 0 0 0 0 0 0 0 0 0 3 0 29073 29075 0 0 111 0 0 15 25367197 0 0 0 0 0 0 10225137 712 0 0 
0 0 0 0 0 0 0 0 0 0 0 0 0 0 0 0 0 0 0 0 0 0 0 3 29076 0 0 6 0 0 111 15 0 5557797 11459635 8349026 0 0 0 10226399 0 0 712 0 
0 0 0 0 0 0 0 0 0 0 0 0 0 0 0 0 0 0 0 0 0 0 0 3 0 29129 29131 0 0 111 0 0 15 25394671 0 0 0 0 0 0 10235891 712 0 0 
0 0 0 0 0 0 0 0 0 0 0 0 0 0 0 0 0 0 0 0 0 0 0 3 29132 0 0 6 0 0 111 15 0 5563550 11470342 8360036 0 0 0 10237156 0 0 712 0 
0 0 0 0 0 0 0 0 0 0 0 0 0 0 0 0 0 0 0 0 0 0 0 3 0 29185 29186 0 0 111 0 0 15 25430615 0 0 0 0 0 0 10250342 712 0 0 
0 0 0 0 0 0 0 0 0 0 0 0 0 0 0 0 0 0 0 0 0 0 0 3 29188 0 0 6 0 0 111 15 0 5572707 11484835 8372328 0 0 0 10251610 0 0 712 0 
0 0 0 0 0 0 0 0 0 0 0 0 0 0 0 0 0 0 0 0 0 0 0 3 0 29193 29194 0 0 111 0 0 15 25456113 0 0 0 0 0 0 10261340 712 0 0 
0 0 0 0 0 0 0 0 0 0 0 0 0 0 0 0 0 0 0 0 0 0 0 3 29196 0 0 6 0 0 111 15 0 5577756 11498456 8379154 0 0 0 10262609 0 0 712 0 
0 0 0 0 0 0 0 0 0 0 0 0 0 0 0 0 0 0 0 0 0 0 0 3 0 29252 29250 0 0 111 0 0 15 25479090 0 0 0 0 0 0 10272683 712 0 0 
0 0 0 0 0 0 0 0 0 0 0 0 0 0 0 0 0 0 0 0 0 0 0 3 29252 0 0 6 0 0 111 15 0 5581890 11507217 8389230 0 0 0 10273955 0 0 712 0 
0 0 0 0 0 0 0 0 0 0 0 0 0 0 0 0 0 0 0 0 0 0 0 3 0 29305 29306 0 0 111 0 0 15 25514883 0 0 0 0 0 0 10286445 712 0 0 
0 0 0 0 0 0 0 0 0 0 0 0 0 0 0 0 0 0 0 0 0 0 0 3 29308 0 0 6 0 0 111 15 0 5591041 11521024 8402058 0 0 0 10287716 0 0 712 0 
0 0 0 0 0 0 0 0 0 0 0 0 0 0 0 0 0 0 0 0 0 0 0 3 0 29326 29326 0 0 111 0 0 15 25548358 0 0 0 0 0 0 10299929 712 0 0 
0 0 0 0 0 0 0 0 0 0 0 0 0 0 0 0 0 0 0 0 0 0 0 3 29328 0 0 6 0 0 111 15 0 5598742 11534509 8414342 0 0 0 10301205 0 0 712 0 
0 0 0 0 0 0 0 0 0 0 0 0 0 0 0 0 0 0 0 0 0 0 0 3 0 29373 29374 0 0 111 0 0 15 25572099 0 0 0 0 0 0 10314038 712 0 0 
0 0 0 0 0 0 0 0 0 0 0 0 0 0 0 0 0 0 0 0 0 0 0 3 29376 0 0 6 0 0 111 15 0 5603037 11548734 8419565 0 0 0 10315315 0 0 712 0 
0 0 0 0 0 0 0 0 0 0 0 0 0 0 0 0 0 0 0 0 0 0 0 3 0 29429 29430 0 0 111 0 0 15 25601897 0 0 0 0 0 0 10325771 712 0 0 
0 0 0 0 0 0 0 0 0 0 0 0 0 0 0 0 0 0 0 0 0 0 0 3 29432 0 0 6 0 0 111 15 0 5609383 11560438 8431310 0 0 0 10327049 0 0 712 0 
0 0 0 0 0 0 0 0 0 0 0 0 0 0 0 0 0 0 0 0 0 0 0 3 0 29473 29470 0 0 111 0 0 15 25636828 0 0 0 0 0 0 10339139 712 0 0 
0 0 0 0 0 0 0 0 0 0 0 0 0 0 0 0 0 0 0 0 0 0 0 3 29472 0 0 6 0 0 111 15 0 5618022 11573735 8444293 0 0 0 10340417 0 0 712 0 
0 0 0 0 0 0 0 0 0 0 0 0 0 0 0 0 0 0 0 0 0 0 0 3 0 29493 29494 0 0 111 0 0 15 25659911 0 0 0 0 0 0 10351258 712 0 0 
0 0 0 0 0 0 0 0 0 0 0 0 0 0 0 0 0 0 0 0 0 0 0 3 29496 0 0 6 0 0 111 15 0 5621899 11586524 8450708 0 0 0 10352537 0 0 712 0 
0 0 0 0 0 0 0 0 0 0 0 0 0 0 0 0 0 0 0 0 0 0 0 3 0 29549 29550 0 0 111 0 0 15 25691624 0 0 0 0 0 0 10365472 712 0 0 
0 0 0 0 0 0 0 0 0 0 0 0 0 0 0 0 0 0 0 0 0 0 0 3 29552 0 0 6 0 0 111 15 0 5627712 11600222 8462906 0 0 0 10366751 0 0 712 0 
0 0 0 0 0 0 0 0 0 0 0 0 0 0 0 0 0 0 0 0 0 0 0 3 0 29605 29606 0 0 111 0 0 15 25728448 0 0 0 0 0 0 10380099 712 0 0 
0 0 0 0 0 0 0 0 0 0 0 0 0 0 0 0 0 0 0 0 0 0 0 3 29608 0 0 6 0 0 111 15 0 5636871 11614892 8475898 0 0 0 10381380 0 0 712 0 
0 0 0 0 0 0 0 0 0 0 0 0 0 0 0 0 0 0 0 0 0 0 0 3 0 29613 29614 0 0 111 0 0 15 25751189 0 0 0 0 0 0 10389130 712 0 0 
0 0 0 0 0 0 0 0 0 0 0 0 0 0 0 0 0 0 0 0 0 0 0 3 29616 0 0 6 0 0 111 15 0 5641712 11626031 8482658 0 0 0 10390411 0 0 712 0 
0 0 0 0 0 0 0 0 0 0 0 0 0 0 0 0 0 0 0 0 0 0 0 3 0 29669 29670 0 0 111 0 0 15 25779380 0 0 0 0 0 0 10404471 712 0 0 
0 0 0 0 0 0 0 0 0 0 0 0 0 0 0 0 0 0 0 0 0 0 0 3 29672 0 0 6 0 0 111 15 0 5646046 11639309 8493237 0 0 0 10405755 0 0 712 0 
0 0 0 0 0 0 0 0 0 0 0 0 0 0 0 0 0 0 0 0 0 0 0 3 0 29725 29726 0 0 111 0 0 15 25815251 0 0 0 0 0 0 10418808 712 0 0 
0 0 0 0 0 0 0 0 0 0 0 0 0 0 0 0 0 0 0 0 0 0 0 3 29728 0 0 6 0 0 111 15 0 5655204 11653687 8505567 0 0 0 10420094 0 0 712 0 
0 0 0 0 0 0 0 0 0 0 0 0 0 0 0 0 0 0 0 0 0 0 0 3 0 29733 29733 0 0 111 0 0 15 25838434 0 0 0 0 0 0 10429298 712 0 0 
0 0 0 0 0 0 0 0 0 0 0 0 0 0 0 0 0 0 0 0 0 0 0 3 29736 0 0 6 0 0 111 15 0 5659824 11666048 8511769 0 0 0 10430582 0 0 712 0 
0 0 0 0 0 0 0 0 0 0 0 0 0 0 0 0 0 0 0 0 0 0 0 3 0 29792 29789 0 0 111 0 0 15 25862588 0 0 0 0 0 0 10439908 712 0 0 
0 0 0 0 0 0 0 0 0 0 0 0 0 0 0 0 0 0 0 0 0 0 0 3 29792 0 0 6 0 0 111 15 0 5664386 11674825 8522583 0 0 0 10441194 0 0 712 0 
0 0 0 0 0 0 0 0 0 0 0 0 0 0 0 0 0 0 0 0 0 0 0 3 0 29845 29845 0 0 111 0 0 15 25902688 0 0 0 0 0 0 10457905 712 0 0 
0 0 0 0 0 0 0 0 0 0 0 0 0 0 0 0 0 0 0 0 0 0 0 3 29848 0 0 6 0 0 111 15 0 5673537 11692868 8535484 0 0 0 10459192 0 0 712 0 
0 0 0 0 0 0 0 0 0 0 0 0 0 0 0 0 0 0 0 0 0 0 0 3 0 29853 29853 0 0 111 0 0 15 25926037 0 0 0 0 0 0 10468198 712 0 0 
0 0 0 0 0 0 0 0 0 0 0 0 0 0 0 0 0 0 0 0 0 0 0 3 29856 0 0 6 0 0 111 15 0 5678228 11705566 8541444 0 0 0 10469485 0 0 712 0 
0 0 0 0 0 0 0 0 0 0 0 0 0 0 0 0 0 0 0 0 0 0 0 3 0 29911 29909 0 0 111 0 0 15 25951219 0 0 0 0 0 0 10481074 712 0 0 
0 0 0 0 0 0 0 0 0 0 0 0 0 0 0 0 0 0 0 0 0 0 0 3 29912 0 0 6 0 0 111 15 0 5682720 11716076 8551620 0 0 0 10482363 0 0 712 0 
0 0 0 0 0 0 0 0 0 0 0 0 0 0 0 0 0 0 0 0 0 0 0 3 0 29964 29965 0 0 111 0 0 15 25988096 0 0 0 0 0 0 10495757 712 0 0 
0 0 0 0 0 0 0 0 0 0 0 0 0 0 0 0 0 0 0 0 0 0 0 3 29968 0 0 6 0 0 111 15 0 5691871 11730807 8564613 0 0 0 10497046 0 0 712 0 
0 0 0 0 0 0 0 0 0 0 0 0 0 0 0 0 0 0 0 0 0 0 0 3 0 29988 29989 0 0 111 0 0 15 26022275 0 0 0 0 0 0 10509828 712 0 0 
0 0 0 0 0 0 0 0 0 0 0 0 0 0 0 0 0 0 0 0 0 0 0 3 29992 0 0 6 0 0 111 15 0 5699614 11744854 8576991 0 0 0 10511115 0 0 712 0 
0 0 0 0 0 0 0 0 0 0 0 0 0 0 0 0 0 0 0 0 0 0 0 3 0 30032 30033 0 0 111 0 0 15 26043034 0 0 0 0 0 0 10519195 712 0 0 
0 0 0 0 0 0 0 0 0 0 0 0 0 0 0 0 0 0 0 0 0 0 0 3 30036 0 0 6 0 0 111 15 0 5704381 11754527 8583308 0 0 0 10520482 0 0 712 0 
0 0 0 0 0 0 0 0 0 0 0 0 0 0 0 0 0 0 0 0 0 0 0 3 0 30088 30089 0 0 111 0 0 15 26074278 0 0 0 0 0 0 10532599 712 0 0 
0 0 0 0 0 0 0 0 0 0 0 0 0 0 0 0 0 0 0 0 0 0 0 3 30092 0 0 6 0 0 111 15 0 5710210 11767732 8595517 0 0 0 10533885 0 0 712 0 
0 0 0 0 0 0 0 0 0 0 0 0 0 0 0 0 0 0 0 0 0 0 0 3 0 30144 30145 0 0 111 0 0 15 26110748 0 0 0 0 0 0 10546860 712 0 0 
0 0 0 0 0 0 0 0 0 0 0 0 0 0 0 0 0 0 0 0 0 0 0 3 30148 0 0 6 0 0 111 15 0 5719368 11782037 8608520 0 0 0 10548149 0 0 712 0 
0 0 0 0 0 0 0 0 0 0 0 0 0 0 0 0 0 0 0 0 0 0 0 3 0 30164 30165 0 0 111 0 0 15 26143978 0 0 0 0 0 0 10559775 712 0 0 
0 0 0 0 0 0 0 0 0 0 0 0 0 0 0 0 0 0 0 0 0 0 0 3 30168 0 0 6 0 0 111 15 0 5727068 11795494 8620589 0 0 0 10561065 0 0 712 0 
0 0 0 0 0 0 0 0 0 0 0 0 0 0 0 0 0 0 0 0 0 0 0 3 0 30212 30213 0 0 111 0 0 15 26160848 0 0 0 0 0 0 10568245 712 0 0 
0 0 0 0 0 0 0 0 0 0 0 0 0 0 0 0 0 0 0 0 0 0 0 3 30216 0 0 6 0 0 111 15 0 5729978 11804059 8625986 0 0 0 10569538 0 0 712 0 
0 0 0 0 0 0 0 0 0 0 0 0 0 0 0 0 0 0 0 0 0 0 0 3 0 30267 30265 0 0 111 0 0 15 26195356 0 0 0 0 0 0 10582748 712 0 0 
0 0 0 0 0 0 0 0 0 0 0 0 0 0 0 0 0 0 0 0 0 0 0 3 30268 0 0 6 0 0 111 15 0 5737707 11818007 8638809 0 0 0 10584042 0 0 712 0 
0 0 0 0 0 0 0 0 0 0 0 0 0 0 0 0 0 0 0 0 0 0 0 3 0 30322 30321 0 0 111 0 0 15 26231663 0 0 0 0 0 0 10596867 712 0 0 
0 0 0 0 0 0 0 0 0 0 0 0 0 0 0 0 0 0 0 0 0 0 0 3 30324 0 0 6 0 0 111 15 0 5746864 11832125 8651835 0 0 0 10598163 0 0 712 0 
0 0 0 0 0 0 0 0 0 0 0 0 0 0 0 0 0 0 0 0 0 0 0 3 0 30332 30333 0 0 111 0 0 15 26252567 0 0 0 0 0 0 10606059 712 0 0 
0 0 0 0 0 0 0 0 0 0 0 0 0 0 0 0 0 0 0 0 0 0 0 3 30336 0 0 6 0 0 111 15 0 5750770 11842358 8658600 0 0 0 10607355 0 0 712 0 
0 0 0 0 0 0 0 0 0 0 0 0 0 0 0 0 0 0 0 0 0 0 0 3 0 30390 30389 0 0 111 0 0 15 26281879 0 0 0 0 0 0 10620088 712 0 0 
0 0 0 0 0 0 0 0 0 0 0 0 0 0 0 0 0 0 0 0 0 0 0 3 30392 0 0 6 0 0 111 15 0 5756044 11855434 8669557 0 0 0 10621382 0 0 712 0 
0 0 0 0 0 0 0 0 0 0 0 0 0 0 0 0 0 0 0 0 0 0 0 3 0 30444 30445 0 0 111 0 0 15 26318621 0 0 0 0 0 0 10634654 712 0 0 
0 0 0 0 0 0 0 0 0 0 0 0 0 0 0 0 0 0 0 0 0 0 0 3 30448 0 0 6 0 0 111 15 0 5765197 11870042 8682532 0 0 0 10635947 0 0 712 0 
0 0 0 0 0 0 0 0 0 0 0 0 0 0 0 0 0 0 0 0 0 0 0 3 0 30459 30457 0 0 111 0 0 15 26348407 0 0 0 0 0 0 10644931 712 0 0 
0 0 0 0 0 0 0 0 0 0 0 0 0 0 0 0 0 0 0 0 0 0 0 3 30460 0 0 6 0 0 111 15 0 5772850 11883319 8691390 0 0 0 10646225 0 0 712 0 
0 0 0 0 0 0 0 0 0 0 0 0 0 0 0 0 0 0 0 0 0 0 0 3 0 30512 30513 0 0 111 0 0 15 26366340 0 0 0 0 0 0 10655117 712 0 0 
0 0 0 0 0 0 0 0 0 0 0 0 0 0 0 0 0 0 0 0 0 0 0 3 30516 0 0 6 0 0 111 15 0 5775783 11891142 8698567 0 0 0 10656411 0 0 712 0 
0 0 0 0 0 0 0 0 0 0 0 0 0 0 0 0 0 0 0 0 0 0 0 3 0 30566 30565 0 0 111 0 0 15 26402157 0 0 0 0 0 0 10671208 712 0 0 
0 0 0 0 0 0 0 0 0 0 0 0 0 0 0 0 0 0 0 0 0 0 0 3 30568 0 0 6 0 0 111 15 0 5783535 11906678 8711091 0 0 0 10672502 0 0 712 0 
0 0 0 0 0 0 0 0 0 0 0 0 0 0 0 0 0 0 0 0 0 0 0 3 0 30599 30597 0 0 111 0 0 15 26435993 0 0 0 0 0 0 10684650 712 0 0 
0 0 0 0 0 0 0 0 0 0 0 0 0 0 0 0 0 0 0 0 0 0 0 3 30600 0 0 6 0 0 111 15 0 5791701 11920014 8723420 0 0 0 10685948 0 0 712 0 
0 0 0 0 0 0 0 0 0 0 0 0 0 0 0 0 0 0 0 0 0 0 0 3 0 30632 30633 0 0 111 0 0 15 26455202 0 0 0 0 0 0 10692697 712 0 0 
0 0 0 0 0 0 0 0 0 0 0 0 0 0 0 0 0 0 0 0 0 0 0 3 30636 0 0 6 0 0 111 15 0 5796233 11928364 8729746 0 0 0 10693996 0 0 712 0 
0 0 0 0 0 0 0 0 0 0 0 0 0 0 0 0 0 0 0 0 0 0 0 3 0 30691 30689 0 0 111 0 0 15 26484455 0 0 0 0 0 0 10705056 712 0 0 
0 0 0 0 0 0 0 0 0 0 0 0 0 0 0 0 0 0 0 0 0 0 0 3 30692 0 0 6 0 0 111 15 0 5801879 11940611 8741102 0 0 0 10706355 0 0 712 0 
0 0 0 0 0 0 0 0 0 0 0 0 0 0 0 0 0 0 0 0 0 0 0 3 0 30747 30745 0 0 111 0 0 15 26521321 0 0 0 0 0 0 10719604 712 0 0 
0 0 0 0 0 0 0 0 0 0 0 0 0 0 0 0 0 0 0 0 0 0 0 3 30748 0 0 6 0 0 111 15 0 5811035 11955203 8754217 0 0 0 10720906 0 0 712 0 
0 0 0 0 0 0 0 0 0 0 0 0 0 0 0 0 0 0 0 0 0 0 0 3 0 30788 30789 0 0 111 0 0 15 26555549 0 0 0 0 0 0 10732981 712 0 0 
0 0 0 0 0 0 0 0 0 0 0 0 0 0 0 0 0 0 0 0 0 0 0 3 30792 0 0 6 0 0 111 15 0 5819269 11968696 8766722 0 0 0 10734282 0 0 712 0 
0 0 0 0 0 0 0 0 0 0 0 0 0 0 0 0 0 0 0 0 0 0 0 3 0 30812 30813 0 0 111 0 0 15 26573921 0 0 0 0 0 0 10741212 712 0 0 
0 0 0 0 0 0 0 0 0 0 0 0 0 0 0 0 0 0 0 0 0 0 0 3 30816 0 0 6 0 0 111 15 0 5823382 11976958 8772719 0 0 0 10742513 0 0 712 0 
0 0 0 0 0 0 0 0 0 0 0 0 0 0 0 0 0 0 0 0 0 0 0 3 0 30868 30869 0 0 111 0 0 15 26607548 0 0 0 0 0 0 10756761 712 0 0 
0 0 0 0 0 0 0 0 0 0 0 0 0 0 0 0 0 0 0 0 0 0 0 3 30872 0 0 6 0 0 111 15 0 5829371 11992447 8784862 0 0 0 10758065 0 0 712 0 
0 0 0 0 0 0 0 0 0 0 0 0 0 0 0 0 0 0 0 0 0 0 0 3 0 30924 30925 0 0 111 0 0 15 26643174 0 0 0 0 0 0 10770934 712 0 0 
0 0 0 0 0 0 0 0 0 0 0 0 0 0 0 0 0 0 0 0 0 0 0 3 30928 0 0 6 0 0 111 15 0 5838529 12006662 8797109 0 0 0 10772240 0 0 712 0 
0 0 0 0 0 0 0 0 0 0 0 0 0 0 0 0 0 0 0 0 0 0 0 3 0 30932 30933 0 0 111 0 0 15 26661049 0 0 0 0 0 0 10778197 712 0 0 
0 0 0 0 0 0 0 0 0 0 0 0 0 0 0 0 0 0 0 0 0 0 0 3 30936 0 0 6 0 0 111 15 0 5842467 12014455 8803254 0 0 0 10779501 0 0 712 0 
0 0 0 0 0 0 0 0 0 0 0 0 0 0 0 0 0 0 0 0 0 0 0 3 0 30988 30989 0 0 111 0 0 15 26689430 0 0 0 0 0 0 10790772 712 0 0 
0 0 0 0 0 0 0 0 0 0 0 0 0 0 0 0 0 0 0 0 0 0 0 3 30992 0 0 6 0 0 111 15 0 5847703 12026544 8814307 0 0 0 10792078 0 0 712 0 
0 0 0 0 0 0 0 0 0 0 0 0 0 0 0 0 0 0 0 0 0 0 0 3 0 31044 31045 0 0 111 0 0 15 26725781 0 0 0 0 0 0 10805146 712 0 0 
0 0 0 0 0 0 0 0 0 0 0 0 0 0 0 0 0 0 0 0 0 0 0 3 31048 0 0 6 0 0 111 15 0 5856862 12040960 8827083 0 0 0 10806452 0 0 712 0 
0 0 0 0 0 0 0 0 0 0 0 0 0 0 0 0 0 0 0 0 0 0 0 3 0 31055 31052 0 0 111 0 0 15 26752153 0 0 0 0 0 0 10815844 712 0 0 
0 0 0 0 0 0 0 0 0 0 0 0 0 0 0 0 0 0 0 0 0 0 0 3 31056 0 0 6 0 0 111 15 0 5862193 12054579 8834506 0 0 0 10817149 0 0 712 0 
0 0 0 0 0 0 0 0 0 0 0 0 0 0 0 0 0 0 0 0 0 0 0 3 0 31112 31112 0 0 111 0 0 15 26775603 0 0 0 0 0 0 10826010 712 0 0 
0 0 0 0 0 0 0 0 0 0 0 0 0 0 0 0 0 0 0 0 0 0 0 3 31115 0 0 6 0 0 111 15 0 5867540 12062431 8844742 0 0 0 10827315 0 0 712 0 
0 0 0 0 0 0 0 0 0 0 0 0 0 0 0 0 0 0 0 0 0 0 0 3 0 31167 31164 0 0 111 0 0 15 26808956 0 0 0 0 0 0 10839563 712 0 0 
0 0 0 0 0 0 0 0 0 0 0 0 0 0 0 0 0 0 0 0 0 0 0 3 31167 0 0 6 0 0 111 15 0 5875198 12075458 8857409 0 0 0 10840871 0 0 712 0 
0 0 0 0 0 0 0 0 0 0 0 0 0 0 0 0 0 0 0 0 0 0 0 3 0 31212 31207 0 0 111 0 0 15 26845197 0 0 0 0 0 0 10854457 712 0 0 
0 0 0 0 0 0 0 0 0 0 0 0 0 0 0 0 0 0 0 0 0 0 0 3 31211 0 0 6 0 0 111 15 0 5883668 12090373 8870263 0 0 0 10855769 0 0 712 0 
0 0 0 0 0 0 0 0 0 0 0 0 0 0 0 0 0 0 0 0 0 0 0 3 0 31232 31231 0 0 111 0 0 15 26868268 0 0 0 0 0 0 10864026 712 0 0 
0 0 0 0 0 0 0 0 0 0 0 0 0 0 0 0 0 0 0 0 0 0 0 3 31235 0 0 6 0 0 111 15 0 5888565 12101165 8877643 0 0 0 10865338 0 0 712 0 
0 0 0 0 0 0 0 0 0 0 0 0 0 0 0 0 0 0 0 0 0 0 0 3 0 31292 31291 0 0 111 0 0 15 26896851 0 0 0 0 0 0 10875179 712 0 0 
0 0 0 0 0 0 0 0 0 0 0 0 0 0 0 0 0 0 0 0 0 0 0 3 31295 0 0 6 0 0 111 15 0 5895042 12111732 8889175 0 0 0 10876490 0 0 712 0 
0 0 0 0 0 0 0 0 0 0 0 0 0 0 0 0 0 0 0 0 0 0 0 3 0 31347 31343 0 0 111 0 0 15 26929825 0 0 0 0 0 0 10888932 712 0 0 
0 0 0 0 0 0 0 0 0 0 0 0 0 0 0 0 0 0 0 0 0 0 0 3 31347 0 0 6 0 0 111 15 0 5902697 12124956 8901268 0 0 0 10890244 0 0 712 0 
0 0 0 0 0 0 0 0 0 0 0 0 0 0 0 0 0 0 0 0 0 0 0 3 0 31375 31371 0 0 111 0 0 15 26965493 0 0 0 0 0 0 10904204 712 0 0 
0 0 0 0 0 0 0 0 0 0 0 0 0 0 0 0 0 0 0 0 0 0 0 3 31375 0 0 6 0 0 111 15 0 5910629 12140119 8913840 0 0 0 10905515 0 0 712 0 
0 0 0 0 0 0 0 0 0 0 0 0 0 0 0 0 0 0 0 0 0 0 0 3 0 31412 31411 0 0 111 0 0 15 26982762 0 0 0 0 0 0 10911668 712 0 0 
0 0 0 0 0 0 0 0 0 0 0 0 0 0 0 0 0 0 0 0 0 0 0 3 31415 0 0 6 0 0 111 15 0 5914866 12147790 8919201 0 0 0 10912979 0 0 712 0 
0 0 0 0 0 0 0 0 0 0 0 0 0 0 0 0 0 0 0 0 0 0 0 3 0 31468 31467 0 0 111 0 0 15 27014093 0 0 0 0 0 0 10924683 712 0 0 
0 0 0 0 0 0 0 0 0 0 0 0 0 0 0 0 0 0 0 0 0 0 0 3 31471 0 0 6 0 0 111 15 0 5921031 12160794 8931361 0 0 0 10925996 0 0 712 0 
0 0 0 0 0 0 0 0 0 0 0 0 0 0 0 0 0 0 0 0 0 0 0 3 0 31524 31523 0 0 111 0 0 15 27050948 0 0 0 0 0 0 10939391 712 0 0 
0 0 0 0 0 0 0 0 0 0 0 0 0 0 0 0 0 0 0 0 0 0 0 3 31527 0 0 6 0 0 111 15 0 5930189 12175546 8944307 0 0 0 10940706 0 0 712 0 
0 0 0 0 0 0 0 0 0 0 0 0 0 0 0 0 0 0 0 0 0 0 0 3 0 31532 31531 0 0 111 0 0 15 27070884 0 0 0 0 0 0 10948509 712 0 0 
0 0 0 0 0 0 0 0 0 0 0 0 0 0 0 0 0 0 0 0 0 0 0 3 31535 0 0 6 0 0 111 15 0 5934114 12185511 8950353 0 0 0 10949824 0 0 712 0 
0 0 0 0 0 0 0 0 0 0 0 0 0 0 0 0 0 0 0 0 0 0 0 3 0 31590 31587 0 0 111 0 0 15 27096653 0 0 0 0 0 0 10958800 712 0 0 
0 0 0 0 0 0 0 0 0 0 0 0 0 0 0 0 0 0 0 0 0 0 0 3 31591 0 0 6 0 0 111 15 0 5939368 12194994 8961376 0 0 0 10960116 0 0 712 0 
0 0 0 0 0 0 0 0 0 0 0 0 0 0 0 0 0 0 0 0 0 0 0 3 0 31644 31643 0 0 111 0 0 15 27136874 0 0 0 0 0 0 10977041 712 0 0 
0 0 0 0 0 0 0 0 0 0 0 0 0 0 0 0 0 0 0 0 0 0 0 3 31647 0 0 6 0 0 111 15 0 5948520 12213279 8974150 0 0 0 10978358 0 0 712 0 
0 0 0 0 0 0 0 0 0 0 0 0 0 0 0 0 0 0 0 0 0 0 0 3 0 31660 31659 0 0 111 0 0 15 27169296 0 0 0 0 0 0 10989496 712 0 0 
0 0 0 0 0 0 0 0 0 0 0 0 0 0 0 0 0 0 0 0 0 0 0 3 31663 0 0 6 0 0 111 15 0 5956174 12228312 8983884 0 0 0 10990812 0 0 712 0 
0 0 0 0 0 0 0 0 0 0 0 0 0 0 0 0 0 0 0 0 0 0 0 3 0 31712 31711 0 0 111 0 0 15 27189377 0 0 0 0 0 0 11000352 712 0 0 
0 0 0 0 0 0 0 0 0 0 0 0 0 0 0 0 0 0 0 0 0 0 0 3 31715 0 0 6 0 0 111 15 0 5959874 12237018 8991553 0 0 0 11001672 0 0 712 0 
0 0 0 0 0 0 0 0 0 0 0 0 0 0 0 0 0 0 0 0 0 0 0 3 0 31767 31763 0 0 111 0 0 15 27220526 0 0 0 0 0 0 11013141 712 0 0 
0 0 0 0 0 0 0 0 0 0 0 0 0 0 0 0 0 0 0 0 0 0 0 3 31767 0 0 6 0 0 111 15 0 5966858 12249464 9003267 0 0 0 11014463 0 0 712 0 
0 0 0 0 0 0 0 0 0 0 0 0 0 0 0 0 0 0 0 0 0 0 0 3 0 31796 31795 0 0 111 0 0 15 27256112 0 0 0 0 0 0 11027901 712 0 0 
0 0 0 0 0 0 0 0 0 0 0 0 0 0 0 0 0 0 0 0 0 0 0 3 31799 0 0 6 0 0 111 15 0 5974792 12264120 9016261 0 0 0 11029225 0 0 712 0 
0 0 0 0 0 0 0 0 0 0 0 0 0 0 0 0 0 0 0 0 0 0 0 3 0 31832 31831 0 0 111 0 0 15 27277305 0 0 0 0 0 0 11038380 712 0 0 
0 0 0 0 0 0 0 0 0 0 0 0 0 0 0 0 0 0 0 0 0 0 0 3 31835 0 0 6 0 0 111 15 0 5979160 12274937 9022268 0 0 0 11039704 0 0 712 0 
0 0 0 0 0 0 0 0 0 0 0 0 0 0 0 0 0 0 0 0 0 0 0 3 0 31888 31887 0 0 111 0 0 15 27309407 0 0 0 0 0 0 11052599 712 0 0 
0 0 0 0 0 0 0 0 0 0 0 0 0 0 0 0 0 0 0 0 0 0 0 3 31891 0 0 6 0 0 111 15 0 5985192 12289013 9034257 0 0 0 11053928 0 0 712 0 
0 0 0 0 0 0 0 0 0 0 0 0 0 0 0 0 0 0 0 0 0 0 0 3 0 31944 31943 0 0 111 0 0 15 27346303 0 0 0 0 0 0 11067256 712 0 0 
0 0 0 0 0 0 0 0 0 0 0 0 0 0 0 0 0 0 0 0 0 0 0 3 31947 0 0 6 0 0 111 15 0 5994349 12303714 9047287 0 0 0 11068590 0 0 712 0 
0 0 0 0 0 0 0 0 0 0 0 0 0 0 0 0 0 0 0 0 0 0 0 3 0 31952 31951 0 0 111 0 0 15 27370603 0 0 0 0 0 0 11075947 712 0 0 
0 0 0 0 0 0 0 0 0 0 0 0 0 0 0 0 0 0 0 0 0 0 0 3 31955 0 0 6 0 0 111 15 0 5999574 12314933 9055143 0 0 0 11077280 0 0 712 0 
0 0 0 0 0 0 0 0 0 0 0 0 0 0 0 0 0 0 0 0 0 0 0 3 0 32008 32007 0 0 111 0 0 15 27395572 0 0 0 0 0 0 11089687 712 0 0 
0 0 0 0 0 0 0 0 0 0 0 0 0 0 0 0 0 0 0 0 0 0 0 3 32011 0 0 6 0 0 111 15 0 6003524 12326187 9064910 0 0 0 11091020 0 0 712 0 
0 0 0 0 0 0 0 0 0 0 0 0 0 0 0 0 0 0 0 0 0 0 0 3 0 32064 32063 0 0 111 0 0 15 27431750 0 0 0 0 0 0 11103763 712 0 0 
0 0 0 0 0 0 0 0 0 0 0 0 0 0 0 0 0 0 0 0 0 0 0 3 32067 0 0 6 0 0 111 15 0 6012683 12340306 9077802 0 0 0 11105099 0 0 712 0 
0 0 0 0 0 0 0 0 0 0 0 0 0 0 0 0 0 0 0 0 0 0 0 3 0 32076 32075 0 0 111 0 0 15 27456232 0 0 0 0 0 0 11112076 712 0 0 
0 0 0 0 0 0 0 0 0 0 0 0 0 0 0 0 0 0 0 0 0 0 0 3 32079 0 0 6 0 0 111 15 0 6018221 12351798 9085251 0 0 0 11113412 0 0 712 0 
0 0 0 0 0 0 0 0 0 0 0 0 0 0 0 0 0 0 0 0 0 0 0 3 0 32132 32131 0 0 111 0 0 15 27480821 0 0 0 0 0 0 11123450 712 0 0 
0 0 0 0 0 0 0 0 0 0 0 0 0 0 0 0 0 0 0 0 0 0 0 3 32135 0 0 6 0 0 111 15 0 6024089 12360381 9095392 0 0 0 11124790 0 0 712 0 
0 0 0 0 0 0 0 0 0 0 0 0 0 0 0 0 0 0 0 0 0 0 0 3 0 32188 32187 0 0 111 0 0 15 27513109 0 0 0 0 0 0 11136459 712 0 0 
0 0 0 0 0 0 0 0 0 0 0 0 0 0 0 0 0 0 0 0 0 0 0 3 32191 0 0 6 0 0 111 15 0 6031025 12373088 9108038 0 0 0 11137799 0 0 712 0 
0 0 0 0 0 0 0 0 0 0 0 0 0 0 0 0 0 0 0 0 0 0 0 3 0 32244 32243 0 0 111 0 0 15 27549550 0 0 0 0 0 0 11150988 712 0 0 
0 0 0 0 0 0 0 0 0 0 0 0 0 0 0 0 0 0 0 0 0 0 0 3 32247 0 0 6 0 0 111 15 0 6040183 12387659 9120748 0 0 0 11152329 0 0 712 0 
0 0 0 0 0 0 0 0 0 0 0 0 0 0 0 0 0 0 0 0 0 0 0 3 0 32255 32251 0 0 111 0 0 15 27574308 0 0 0 0 0 0 11160535 712 0 0 
0 0 0 0 0 0 0 0 0 0 0 0 0 0 0 0 0 0 0 0 0 0 0 3 32255 0 0 6 0 0 111 15 0 6045513 12399880 9127956 0 0 0 11161876 0 0 712 0 
0 0 0 0 0 0 0 0 0 0 0 0 0 0 0 0 0 0 0 0 0 0 0 3 0 32311 32307 0 0 111 0 0 15 27599424 0 0 0 0 0 0 11174028 712 0 0 
0 0 0 0 0 0 0 0 0 0 0 0 0 0 0 0 0 0 0 0 0 0 0 3 32311 0 0 6 0 0 111 15 0 6049362 12410740 9138361 0 0 0 11175372 0 0 712 0 
0 0 0 0 0 0 0 0 0 0 0 0 0 0 0 0 0 0 0 0 0 0 0 3 0 32364 32363 0 0 111 0 0 15 27636883 0 0 0 0 0 0 11189565 712 0 0 
0 0 0 0 0 0 0 0 0 0 0 0 0 0 0 0 0 0 0 0 0 0 0 3 32367 0 0 6 0 0 111 15 0 6058513 12426324 9151080 0 0 0 11190912 0 0 712 0 
0 0 0 0 0 0 0 0 0 0 0 0 0 0 0 0 0 0 0 0 0 0 0 3 0 32377 32375 0 0 111 0 0 15 27667689 0 0 0 0 0 0 11201304 712 0 0 
0 0 0 0 0 0 0 0 0 0 0 0 0 0 0 0 0 0 0 0 0 0 0 3 32379 0 0 6 0 0 111 15 0 6065982 12441015 9159728 0 0 0 11202653 0 0 712 0 
0 0 0 0 0 0 0 0 0 0 0 0 0 0 0 0 0 0 0 0 0 0 0 3 0 32432 32431 0 0 111 0 0 15 27687925 0 0 0 0 0 0 11211167 712 0 0 
0 0 0 0 0 0 0 0 0 0 0 0 0 0 0 0 0 0 0 0 0 0 0 3 32435 0 0 6 0 0 111 15 0 6070428 12448158 9168374 0 0 0 11212515 0 0 712 0 
0 0 0 0 0 0 0 0 0 0 0 0 0 0 0 0 0 0 0 0 0 0 0 3 0 32488 32487 0 0 111 0 0 15 27720340 0 0 0 0 0 0 11225341 712 0 0 
0 0 0 0 0 0 0 0 0 0 0 0 0 0 0 0 0 0 0 0 0 0 0 3 32491 0 0 6 0 0 111 15 0 6076854 12462185 9180336 0 0 0 11226692 0 0 712 0 
0 0 0 0 0 0 0 0 0 0 0 0 0 0 0 0 0 0 0 0 0 0 0 3 0 32520 32515 0 0 111 0 0 15 27756389 0 0 0 0 0 0 11241591 712 0 0 
0 0 0 0 0 0 0 0 0 0 0 0 0 0 0 0 0 0 0 0 0 0 0 3 32519 0 0 6 0 0 111 15 0 6084804 12478323 9192297 0 0 0 11242943 0 0 712 0 
0 0 0 0 0 0 0 0 0 0 0 0 0 0 0 0 0 0 0 0 0 0 0 3 0 32552 32551 0 0 111 0 0 15 27778491 0 0 0 0 0 0 11251573 712 0 0 
0 0 0 0 0 0 0 0 0 0 0 0 0 0 0 0 0 0 0 0 0 0 0 3 32555 0 0 6 0 0 111 15 0 6089492 12488485 9199550 0 0 0 11252925 0 0 712 0 
0 0 0 0 0 0 0 0 0 0 0 0 0 0 0 0 0 0 0 0 0 0 0 3 0 32608 32607 0 0 111 0 0 15 27806758 0 0 0 0 0 0 11262358 712 0 0 
0 0 0 0 0 0 0 0 0 0 0 0 0 0 0 0 0 0 0 0 0 0 0 3 32611 0 0 6 0 0 111 15 0 6095186 12499285 9211320 0 0 0 11263710 0 0 712 0 
0 0 0 0 0 0 0 0 0 0 0 0 0 0 0 0 0 0 0 0 0 0 0 3 0 32664 32663 0 0 111 0 0 15 27843187 0 0 0 0 0 0 11276741 712 0 0 
0 0 0 0 0 0 0 0 0 0 0 0 0 0 0 0 0 0 0 0 0 0 0 3 32667 0 0 6 0 0 111 15 0 6104343 12513710 9224163 0 0 0 11278096 0 0 712 0 
0 0 0 0 0 0 0 0 0 0 0 0 0 0 0 0 0 0 0 0 0 0 0 3 0 32676 32675 0 0 111 0 0 15 27872896 0 0 0 0 0 0 11288641 712 0 0 
0 0 0 0 0 0 0 0 0 0 0 0 0 0 0 0 0 0 0 0 0 0 0 3 32679 0 0 6 0 0 111 15 0 6111361 12528449 9232113 0 0 0 11289996 0 0 712 0 
0 0 0 0 0 0 0 0 0 0 0 0 0 0 0 0 0 0 0 0 0 0 0 3 0 32732 32731 0 0 111 0 0 15 27896214 0 0 0 0 0 0 11299500 712 0 0 
0 0 0 0 0 0 0 0 0 0 0 0 0 0 0 0 0 0 0 0 0 0 0 3 32735 0 0 6 0 0 111 15 0 6116561 12536526 9242155 0 0 0 11300855 0 0 712 0 
0 0 0 0 0 0 0 0 0 0 0 0 0 0 0 0 0 0 0 0 0 0 0 3 0 32788 32787 0 0 111 0 0 15 27928070 0 0 0 0 0 0 11313278 712 0 0 
0 0 0 0 0 0 0 0 0 0 0 0 0 0 0 0 0 0 0 0 0 0 0 3 32791 0 0 6 0 0 111 15 0 6122684 12550328 9254086 0 0 0 11314634 0 0 712 0 
0 0 0 0 0 0 0 0 0 0 0 0 0 0 0 0 0 0 0 0 0 0 0 3 0 32844 32843 0 0 111 0 0 15 27964842 0 0 0 0 0 0 11328069 712 0 0 
0 0 0 0 0 0 0 0 0 0 0 0 0 0 0 0 0 0 0 0 0 0 0 3 32847 0 0 6 0 0 111 15 0 6131841 12565161 9266867 0 0 0 11329426 0 0 712 0 
0 0 0 0 0 0 0 0 0 0 0 0 0 0 0 0 0 0 0 0 0 0 0 3 0 32852 32850 0 0 111 0 0 15 27986417 0 0 0 0 0 0 11340317 712 0 0 
0 0 0 0 0 0 0 0 0 0 0 0 0 0 0 0 0 0 0 0 0 0 0 3 32855 0 0 6 0 0 111 15 0 6135193 12577702 9272548 0 0 0 11341674 0 0 712 0 
0 0 0 0 0 0 0 0 0 0 0 0 0 0 0 0 0 0 0 0 0 0 0 3 0 32908 32906 0 0 111 0 0 15 28014643 0 0 0 0 0 0 11351947 712 0 0 
0 0 0 0 0 0 0 0 0 0 0 0 0 0 0 0 0 0 0 0 0 0 0 3 32911 0 0 6 0 0 111 15 0 6141015 12589083 9283568 0 0 0 11353307 0 0 712 0 
0 0 0 0 0 0 0 0 0 0 0 0 0 0 0 0 0 0 0 0 0 0 0 3 0 32964 32962 0 0 111 0 0 15 28050142 0 0 0 0 0 0 11365582 712 0 0 
0 0 0 0 0 0 0 0 0 0 0 0 0 0 0 0 0 0 0 0 0 0 0 3 32967 0 0 6 0 0 111 15 0 6150172 12602762 9296226 0 0 0 11366945 0 0 712 0 
0 0 0 0 0 0 0 0 0 0 0 0 0 0 0 0 0 0 0 0 0 0 0 3 0 32972 32970 0 0 111 0 0 15 28073628 0 0 0 0 0 0 11378102 712 0 0 
0 0 0 0 0 0 0 0 0 0 0 0 0 0 0 0 0 0 0 0 0 0 0 3 32975 0 0 6 0 0 111 15 0 6154113 12616395 9302137 0 0 0 11379468 0 0 712 0 
0 0 0 0 0 0 0 0 0 0 0 0 0 0 0 0 0 0 0 0 0 0 0 3 0 33028 33026 0 0 111 0 0 15 28101429 0 0 0 0 0 0 11391211 712 0 0 
0 0 0 0 0 0 0 0 0 0 0 0 0 0 0 0 0 0 0 0 0 0 0 3 33031 0 0 6 0 0 111 15 0 6159346 12628438 9312659 0 0 0 11392580 0 0 712 0 
0 0 0 0 0 0 0 0 0 0 0 0 0 0 0 0 0 0 0 0 0 0 0 3 0 33084 33082 0 0 111 0 0 15 28138493 0 0 0 0 0 0 11406236 712 0 0 
0 0 0 0 0 0 0 0 0 0 0 0 0 0 0 0 0 0 0 0 0 0 0 3 33087 0 0 6 0 0 111 15 0 6168504 12643509 9325499 0 0 0 11407610 0 0 712 0 
0 0 0 0 0 0 0 0 0 0 0 0 0 0 0 0 0 0 0 0 0 0 0 3 0 33111 33106 0 0 111 0 0 15 28171981 0 0 0 0 0 0 11419422 712 0 0 
0 0 0 0 0 0 0 0 0 0 0 0 0 0 0 0 0 0 0 0 0 0 0 3 33111 0 0 6 0 0 111 15 0 6176345 12656625 9338026 0 0 0 11420797 0 0 712 0 
0 0 0 0 0 0 0 0 0 0 0 0 0 0 0 0 0 0 0 0 0 0 0 3 0 33152 33150 0 0 111 0 0 15 28189541 0 0 0 0 0 0 11428974 712 0 0 
0 0 0 0 0 0 0 0 0 0 0 0 0 0 0 0 0 0 0 0 0 0 0 3 33155 0 0 6 0 0 111 15 0 6179753 12666659 9342144 0 0 0 11430349 0 0 712 0 
0 0 0 0 0 0 0 0 0 0 0 0 0 0 0 0 0 0 0 0 0 0 0 3 0 33208 33206 0 0 111 0 0 15 28222609 0 0 0 0 0 0 11442902 712 0 0 
0 0 0 0 0 0 0 0 0 0 0 0 0 0 0 0 0 0 0 0 0 0 0 3 33211 0 0 6 0 0 111 15 0 6186845 12680259 9354519 0 0 0 11444278 0 0 712 0 
0 0 0 0 0 0 0 0 0 0 0 0 0 0 0 0 0 0 0 0 0 0 0 3 0 33264 33262 0 0 111 0 0 15 28259757 0 0 0 0 0 0 11457701 712 0 0 
0 0 0 0 0 0 0 0 0 0 0 0 0 0 0 0 0 0 0 0 0 0 0 3 33267 0 0 6 0 0 111 15 0 6196004 12695100 9367669 0 0 0 11459079 0 0 712 0 
0 0 0 0 0 0 0 0 0 0 0 0 0 0 0 0 0 0 0 0 0 0 0 3 0 33274 33270 0 0 111 0 0 15 28283413 0 0 0 0 0 0 11466232 712 0 0 
0 0 0 0 0 0 0 0 0 0 0 0 0 0 0 0 0 0 0 0 0 0 0 3 33275 0 0 6 0 0 111 15 0 6201217 12706183 9375026 0 0 0 11467610 0 0 712 0 
0 0 0 0 0 0 0 0 0 0 0 0 0 0 0 0 0 0 0 0 0 0 0 3 0 33332 33330 0 0 111 0 0 15 28310731 0 0 0 0 0 0 11478962 712 0 0 
0 0 0 0 0 0 0 0 0 0 0 0 0 0 0 0 0 0 0 0 0 0 0 3 33335 0 0 6 0 0 111 15 0 6207198 12716801 9385742 0 0 0 11480342 0 0 712 0 
0 0 0 0 0 0 0 0 0 0 0 0 0 0 0 0 0 0 0 0 0 0 0 3 0 33387 33382 0 0 111 0 0 15 28342809 0 0 0 0 0 0 11491807 712 0 0 
0 0 0 0 0 0 0 0 0 0 0 0 0 0 0 0 0 0 0 0 0 0 0 3 33387 0 0 6 0 0 111 15 0 6214343 12729287 9398186 0 0 0 11493185 0 0 712 0 
0 0 0 0 0 0 0 0 0 0 0 0 0 0 0 0 0 0 0 0 0 0 0 3 0 33412 33406 0 0 111 0 0 15 28378884 0 0 0 0 0 0 11506581 712 0 0 
0 0 0 0 0 0 0 0 0 0 0 0 0 0 0 0 0 0 0 0 0 0 0 3 33411 0 0 6 0 0 111 15 0 6222272 12743953 9411661 0 0 0 11507964 0 0 712 0 
0 0 0 0 0 0 0 0 0 0 0 0 0 0 0 0 0 0 0 0 0 0 0 3 0 33452 33450 0 0 111 0 0 15 28397957 0 0 0 0 0 0 11514521 712 0 0 
0 0 0 0 0 0 0 0 0 0 0 0 0 0 0 0 0 0 0 0 0 0 0 3 33455 0 0 6 0 0 111 15 0 6226689 12752233 9418036 0 0 0 11515905 0 0 712 0 
0 0 0 0 0 0 0 0 0 0 0 0 0 0 0 0 0 0 0 0 0 0 0 3 0 33508 33506 0 0 111 0 0 15 28430300 0 0 0 0 0 0 11529477 712 0 0 
0 0 0 0 0 0 0 0 0 0 0 0 0 0 0 0 0 0 0 0 0 0 0 3 33511 0 0 6 0 0 111 15 0 6232678 12767048 9429573 0 0 0 11530864 0 0 712 0 
0 0 0 0 0 0 0 0 0 0 0 0 0 0 0 0 0 0 0 0 0 0 0 3 0 33564 33562 0 0 111 0 0 15 28467020 0 0 0 0 0 0 11544528 712 0 0 
0 0 0 0 0 0 0 0 0 0 0 0 0 0 0 0 0 0 0 0 0 0 0 3 33567 0 0 6 0 0 111 15 0 6241837 12782140 9442038 0 0 0 11545916 0 0 712 0 
0 0 0 0 0 0 0 0 0 0 0 0 0 0 0 0 0 0 0 0 0 0 0 3 0 33572 33570 0 0 111 0 0 15 28489833 0 0 0 0 0 0 11553509 712 0 0 
0 0 0 0 0 0 0 0 0 0 0 0 0 0 0 0 0 0 0 0 0 0 0 3 33575 0 0 6 0 0 111 15 0 6246429 12792681 9449718 0 0 0 11554897 0 0 712 0 
0 0 0 0 0 0 0 0 0 0 0 0 0 0 0 0 0 0 0 0 0 0 0 3 0 33628 33626 0 0 111 0 0 15 28516564 0 0 0 0 0 0 11566453 712 0 0 
0 0 0 0 0 0 0 0 0 0 0 0 0 0 0 0 0 0 0 0 0 0 0 3 33631 0 0 6 0 0 111 15 0 6251011 12804109 9460436 0 0 0 11567844 0 0 712 0 
0 0 0 0 0 0 0 0 0 0 0 0 0 0 0 0 0 0 0 0 0 0 0 3 0 33684 33682 0 0 111 0 0 15 28553764 0 0 0 0 0 0 11581647 712 0 0 
0 0 0 0 0 0 0 0 0 0 0 0 0 0 0 0 0 0 0 0 0 0 0 3 33687 0 0 6 0 0 111 15 0 6260170 12819344 9473239 0 0 0 11583040 0 0 712 0 
0 0 0 0 0 0 0 0 0 0 0 0 0 0 0 0 0 0 0 0 0 0 0 3 0 33695 33690 0 0 111 0 0 15 28579278 0 0 0 0 0 0 11592707 712 0 0 
0 0 0 0 0 0 0 0 0 0 0 0 0 0 0 0 0 0 0 0 0 0 0 3 33695 0 0 6 0 0 111 15 0 6265500 12833291 9479476 0 0 0 11594102 0 0 712 0 
0 0 0 0 0 0 0 0 0 0 0 0 0 0 0 0 0 0 0 0 0 0 0 3 0 33752 33750 0 0 111 0 0 15 28600892 0 0 0 0 0 0 11602488 712 0 0 
0 0 0 0 0 0 0 0 0 0 0 0 0 0 0 0 0 0 0 0 0 0 0 3 33755 0 0 6 0 0 111 15 0 6269775 12840721 9489374 0 0 0 11603884 0 0 712 0 
0 0 0 0 0 0 0 0 0 0 0 0 0 0 0 0 0 0 0 0 0 0 0 3 0 33804 33802 0 0 111 0 0 15 28639943 0 0 0 0 0 0 11619885 712 0 0 
0 0 0 0 0 0 0 0 0 0 0 0 0 0 0 0 0 0 0 0 0 0 0 3 33807 0 0 6 0 0 111 15 0 6278500 12857669 9502749 0 0 0 11621282 0 0 712 0 
0 0 0 0 0 0 0 0 0 0 0 0 0 0 0 0 0 0 0 0 0 0 0 3 0 33816 33814 0 0 111 0 0 15 28667739 0 0 0 0 0 0 11630274 712 0 0 
0 0 0 0 0 0 0 0 0 0 0 0 0 0 0 0 0 0 0 0 0 0 0 3 33819 0 0 6 0 0 111 15 0 6285162 12870960 9510588 0 0 0 11631671 0 0 712 0 
0 0 0 0 0 0 0 0 0 0 0 0 0 0 0 0 0 0 0 0 0 0 0 3 0 33872 33870 0 0 111 0 0 15 28692577 0 0 0 0 0 0 11642534 712 0 0 
0 0 0 0 0 0 0 0 0 0 0 0 0 0 0 0 0 0 0 0 0 0 0 3 33875 0 0 6 0 0 111 15 0 6289220 12880898 9521424 0 0 0 11643936 0 0 712 0 
0 0 0 0 0 0 0 0 0 0 0 0 0 0 0 0 0 0 0 0 0 0 0 3 0 33924 33922 0 0 111 0 0 15 28726661 0 0 0 0 0 0 11656386 712 0 0 
0 0 0 0 0 0 0 0 0 0 0 0 0 0 0 0 0 0 0 0 0 0 0 3 33927 0 0 6 0 0 111 15 0 6296832 12894258 9534532 0 0 0 11657791 0 0 712 0 
0 0 0 0 0 0 0 0 0 0 0 0 0 0 0 0 0 0 0 0 0 0 0 3 0 33940 33938 0 0 111 0 0 15 28757457 0 0 0 0 0 0 11666730 712 0 0 
0 0 0 0 0 0 0 0 0 0 0 0 0 0 0 0 0 0 0 0 0 0 0 3 33943 0 0 6 0 0 111 15 0 6304487 12907324 9544601 0 0 0 11668140 0 0 712 0 
0 0 0 0 0 0 0 0 0 0 0 0 0 0 0 0 0 0 0 0 0 0 0 3 0 33992 33990 0 0 111 0 0 15 28778483 0 0 0 0 0 0 11678585 712 0 0 
0 0 0 0 0 0 0 0 0 0 0 0 0 0 0 0 0 0 0 0 0 0 0 3 33995 0 0 6 0 0 111 15 0 6308536 12916731 9552165 0 0 0 11679996 0 0 712 0 
0 0 0 0 0 0 0 0 0 0 0 0 0 0 0 0 0 0 0 0 0 0 0 3 0 34048 34046 0 0 111 0 0 15 28810224 0 0 0 0 0 0 11691861 712 0 0 
0 0 0 0 0 0 0 0 0 0 0 0 0 0 0 0 0 0 0 0 0 0 0 3 34051 0 0 6 0 0 111 15 0 6315173 12929820 9564173 0 0 0 11693274 0 0 712 0 
0 0 0 0 0 0 0 0 0 0 0 0 0 0 0 0 0 0 0 0 0 0 0 3 0 34104 34102 0 0 111 0 0 15 28846737 0 0 0 0 0 0 11706427 712 0 0 
0 0 0 0 0 0 0 0 0 0 0 0 0 0 0 0 0 0 0 0 0 0 0 3 34107 0 0 6 0 0 111 15 0 6324331 12944429 9576914 0 0 0 11707844 0 0 712 0 
0 0 0 0 0 0 0 0 0 0 0 0 0 0 0 0 0 0 0 0 0 0 0 3 0 34112 34110 0 0 111 0 0 15 28864682 0 0 0 0 0 0 11714570 712 0 0 
0 0 0 0 0 0 0 0 0 0 0 0 0 0 0 0 0 0 0 0 0 0 0 3 34115 0 0 6 0 0 111 15 0 6327529 12952801 9583293 0 0 0 11715987 0 0 712 0 
0 0 0 0 0 0 0 0 0 0 0 0 0 0 0 0 0 0 0 0 0 0 0 3 0 34168 34166 0 0 111 0 0 15 28897202 0 0 0 0 0 0 11728887 712 0 0 
0 0 0 0 0 0 0 0 0 0 0 0 0 0 0 0 0 0 0 0 0 0 0 3 34171 0 0 6 0 0 111 15 0 6333504 12966933 9595691 0 0 0 11730306 0 0 712 0 
0 0 0 0 0 0 0 0 0 0 0 0 0 0 0 0 0 0 0 0 0 0 0 3 0 34224 34222 0 0 111 0 0 15 28933685 0 0 0 0 0 0 11743489 712 0 0 
0 0 0 0 0 0 0 0 0 0 0 0 0 0 0 0 0 0 0 0 0 0 0 3 34227 0 0 6 0 0 111 15 0 6342662 12981577 9608362 0 0 0 11744911 0 0 712 0 
0 0 0 0 0 0 0 0 0 0 0 0 0 0 0 0 0 0 0 0 0 0 0 3 0 34235 34230 0 0 111 0 0 15 28956682 0 0 0 0 0 0 11751259 712 0 0 
0 0 0 0 0 0 0 0 0 0 0 0 0 0 0 0 0 0 0 0 0 0 0 3 34235 0 0 6 0 0 111 15 0 6347993 12992329 9615275 0 0 0 11752681 0 0 712 0 
0 0 0 0 0 0 0 0 0 0 0 0 0 0 0 0 0 0 0 0 0 0 0 3 0 34292 34290 0 0 111 0 0 15 28983637 0 0 0 0 0 0 11763629 712 0 0 
0 0 0 0 0 0 0 0 0 0 0 0 0 0 0 0 0 0 0 0 0 0 0 3 34295 0 0 6 0 0 111 15 0 6354306 13001974 9626270 0 0 0 11765053 0 0 712 0 
0 0 0 0 0 0 0 0 0 0 0 0 0 0 0 0 0 0 0 0 0 0 0 3 0 34347 34342 0 0 111 0 0 15 29017117 0 0 0 0 0 0 11778183 712 0 0 
0 0 0 0 0 0 0 0 0 0 0 0 0 0 0 0 0 0 0 0 0 0 0 3 34347 0 0 6 0 0 111 15 0 6361001 13016356 9638670 0 0 0 11779609 0 0 712 0 
0 0 0 0 0 0 0 0 0 0 0 0 0 0 0 0 0 0 0 0 0 0 0 3 0 34360 34354 0 0 111 0 0 15 29049371 0 0 0 0 0 0 11790864 712 0 0 
0 0 0 0 0 0 0 0 0 0 0 0 0 0 0 0 0 0 0 0 0 0 0 3 34359 0 0 6 0 0 111 15 0 6368648 13032126 9647506 0 0 0 11792292 0 0 712 0 
0 0 0 0 0 0 0 0 0 0 0 0 0 0 0 0 0 0 0 0 0 0 0 3 0 34412 34410 0 0 111 0 0 15 29068399 0 0 0 0 0 0 11800235 712 0 0 
0 0 0 0 0 0 0 0 0 0 0 0 0 0 0 0 0 0 0 0 0 0 0 3 34415 0 0 6 0 0 111 15 0 6372289 13038838 9656182 0 0 0 11801663 0 0 712 0 
0 0 0 0 0 0 0 0 0 0 0 0 0 0 0 0 0 0 0 0 0 0 0 3 0 34468 34466 0 0 111 0 0 15 29101851 0 0 0 0 0 0 11814828 712 0 0 
0 0 0 0 0 0 0 0 0 0 0 0 0 0 0 0 0 0 0 0 0 0 0 3 34471 0 0 6 0 0 111 15 0 6379335 13053086 9668334 0 0 0 11816253 0 0 712 0 
0 0 0 0 0 0 0 0 0 0 0 0 0 0 0 0 0 0 0 0 0 0 0 3 0 34523 34518 0 0 111 0 0 15 29139753 0 0 0 0 0 0 11830520 712 0 0 
0 0 0 0 0 0 0 0 0 0 0 0 0 0 0 0 0 0 0 0 0 0 0 3 34523 0 0 6 0 0 111 15 0 6388493 13068818 9681343 0 0 0 11831947 0 0 712 0 
0 0 0 0 0 0 0 0 0 0 0 0 0 0 0 0 0 0 0 0 0 0 0 3 0 34532 34530 0 0 111 0 0 15 29158771 0 0 0 0 0 0 11841063 712 0 0 
0 0 0 0 0 0 0 0 0 0 0 0 0 0 0 0 0 0 0 0 0 0 0 3 34535 0 0 6 0 0 111 15 0 6391808 13079393 9686470 0 0 0 11842490 0 0 712 0 
0 0 0 0 0 0 0 0 0 0 0 0 0 0 0 0 0 0 0 0 0 0 0 3 0 34588 34586 0 0 111 0 0 15 29188797 0 0 0 0 0 0 11853126 712 0 0 
0 0 0 0 0 0 0 0 0 0 0 0 0 0 0 0 0 0 0 0 0 0 0 3 34591 0 0 6 0 0 111 15 0 6397667 13091470 9698553 0 0 0 11854554 0 0 712 0 
0 0 0 0 0 0 0 0 0 0 0 0 0 0 0 0 0 0 0 0 0 0 0 3 0 34644 34642 0 0 111 0 0 15 29225577 0 0 0 0 0 0 11867670 712 0 0 
0 0 0 0 0 0 0 0 0 0 0 0 0 0 0 0 0 0 0 0 0 0 0 3 34647 0 0 6 0 0 111 15 0 6406826 13106055 9711580 0 0 0 11869099 0 0 712 0 
0 0 0 0 0 0 0 0 0 0 0 0 0 0 0 0 0 0 0 0 0 0 0 3 0 34652 34650 0 0 111 0 0 15 29246697 0 0 0 0 0 0 11877601 712 0 0 
0 0 0 0 0 0 0 0 0 0 0 0 0 0 0 0 0 0 0 0 0 0 0 3 34655 0 0 6 0 0 111 15 0 6411016 13117335 9717230 0 0 0 11879029 0 0 712 0 
0 0 0 0 0 0 0 0 0 0 0 0 0 0 0 0 0 0 0 0 0 0 0 3 0 34708 34706 0 0 111 0 0 15 29272894 0 0 0 0 0 0 11889907 712 0 0 
0 0 0 0 0 0 0 0 0 0 0 0 0 0 0 0 0 0 0 0 0 0 0 3 34711 0 0 6 0 0 111 15 0 6416001 13128334 9727441 0 0 0 11891336 0 0 712 0 
0 0 0 0 0 0 0 0 0 0 0 0 0 0 0 0 0 0 0 0 0 0 0 3 0 34764 34762 0 0 111 0 0 15 29309482 0 0 0 0 0 0 11904753 712 0 0 
0 0 0 0 0 0 0 0 0 0 0 0 0 0 0 0 0 0 0 0 0 0 0 3 34767 0 0 6 0 0 111 15 0 6425158 13143221 9739984 0 0 0 11906183 0 0 712 0 
0 0 0 0 0 0 0 0 0 0 0 0 0 0 0 0 0 0 0 0 0 0 0 3 0 34772 34770 0 0 111 0 0 15 29332817 0 0 0 0 0 0 11913945 712 0 0 
0 0 0 0 0 0 0 0 0 0 0 0 0 0 0 0 0 0 0 0 0 0 0 3 34775 0 0 6 0 0 111 15 0 6429635 13154685 9747376 0 0 0 11915376 0 0 712 0 
0 0 0 0 0 0 0 0 0 0 0 0 0 0 0 0 0 0 0 0 0 0 0 3 0 34828 34826 0 0 111 0 0 15 29359467 0 0 0 0 0 0 11928312 712 0 0 
0 0 0 0 0 0 0 0 0 0 0 0 0 0 0 0 0 0 0 0 0 0 0 3 34831 0 0 6 0 0 111 15 0 6434333 13166823 9757186 0 0 0 11929743 0 0 712 0 
0 0 0 0 0 0 0 0 0 0 0 0 0 0 0 0 0 0 0 0 0 0 0 3 0 34884 34882 0 0 111 0 0 15 29396346 0 0 0 0 0 0 11942823 712 0 0 
0 0 0 0 0 0 0 0 0 0 0 0 0 0 0 0 0 0 0 0 0 0 0 3 34887 0 0 6 0 0 111 15 0 6443492 13181375 9770349 0 0 0 11944256 0 0 712 0 
0 0 0 0 0 0 0 0 0 0 0 0 0 0 0 0 0 0 0 0 0 0 0 3 0 34894 34890 0 0 111 0 0 15 29419876 0 0 0 0 0 0 11952152 712 0 0 
0 0 0 0 0 0 0 0 0 0 0 0 0 0 0 0 0 0 0 0 0 0 0 3 34895 0 0 6 0 0 111 15 0 6448776 13193280 9776692 0 0 0 11953586 0 0 712 0 
0 0 0 0 0 0 0 0 0 0 0 0 0 0 0 0 0 0 0 0 0 0 0 3 0 34952 34950 0 0 111 0 0 15 29447292 0 0 0 0 0 0 11964057 712 0 0 
0 0 0 0 0 0 0 0 0 0 0 0 0 0 0 0 0 0 0 0 0 0 0 3 34955 0 0 6 0 0 111 15 0 6455230 13202855 9788075 0 0 0 11965490 0 0 712 0 
0 0 0 0 0 0 0 0 0 0 0 0 0 0 0 0 0 0 0 0 0 0 0 3 0 35008 35006 0 0 111 0 0 15 29478260 0 0 0 0 0 0 11976532 712 0 0 
0 0 0 0 0 0 0 0 0 0 0 0 0 0 0 0 0 0 0 0 0 0 0 3 35011 0 0 6 0 0 111 15 0 6461834 13215166 9800122 0 0 0 11977965 0 0 712 0 
0 0 0 0 0 0 0 0 0 0 0 0 0 0 0 0 0 0 0 0 0 0 0 3 0 35064 35062 0 0 111 0 0 15 29516123 0 0 0 0 0 0 11992693 712 0 0 
0 0 0 0 0 0 0 0 0 0 0 0 0 0 0 0 0 0 0 0 0 0 0 3 35067 0 0 6 0 0 111 15 0 6470993 13231369 9812622 0 0 0 11994127 0 0 712 0 
0 0 0 0 0 0 0 0 0 0 0 0 0 0 0 0 0 0 0 0 0 0 0 3 0 35075 35070 0 0 111 0 0 15 29541095 0 0 0 0 0 0 12001910 712 0 0 
0 0 0 0 0 0 0 0 0 0 0 0 0 0 0 0 0 0 0 0 0 0 0 3 35075 0 0 6 0 0 111 15 0 6476324 13243337 9820294 0 0 0 12003344 0 0 712 0 
0 0 0 0 0 0 0 0 0 0 0 0 0 0 0 0 0 0 0 0 0 0 0 3 0 35132 35130 0 0 111 0 0 15 29570546 0 0 0 0 0 0 12015466 712 0 0 
0 0 0 0 0 0 0 0 0 0 0 0 0 0 0 0 0 0 0 0 0 0 0 3 35135 0 0 6 0 0 111 15 0 6483199 13254334 9831868 0 0 0 12016903 0 0 712 0 
0 0 0 0 0 0 0 0 0 0 0 0 0 0 0 0 0 0 0 0 0 0 0 3 0 35188 35186 0 0 111 0 0 15 29603007 0 0 0 0 0 0 12030012 712 0 0 
0 0 0 0 0 0 0 0 0 0 0 0 0 0 0 0 0 0 0 0 0 0 0 3 35191 0 0 6 0 0 111 15 0 6489334 13268776 9843748 0 0 0 12031451 0 0 712 0 
0 0 0 0 0 0 0 0 0 0 0 0 0 0 0 0 0 0 0 0 0 0 0 3 0 35219 35214 0 0 111 0 0 15 29639690 0 0 0 0 0 0 12045427 712 0 0 
0 0 0 0 0 0 0 0 0 0 0 0 0 0 0 0 0 0 0 0 0 0 0 3 35219 0 0 6 0 0 111 15 0 6497439 13284080 9857012 0 0 0 12046864 0 0 712 0 
0 0 0 0 0 0 0 0 0 0 0 0 0 0 0 0 0 0 0 0 0 0 0 3 0 35252 35250 0 0 111 0 0 15 29658580 0 0 0 0 0 0 12053152 712 0 0 
0 0 0 0 0 0 0 0 0 0 0 0 0 0 0 0 0 0 0 0 0 0 0 3 35255 0 0 6 0 0 111 15 0 6501911 13292090 9863420 0 0 0 12054589 0 0 712 0 
0 0 0 0 0 0 0 0 0 0 0 0 0 0 0 0 0 0 0 0 0 0 0 3 0 35308 35306 0 0 111 0 0 15 29688797 0 0 0 0 0 0 12065561 712 0 0 
0 0 0 0 0 0 0 0 0 0 0 0 0 0 0 0 0 0 0 0 0 0 0 3 35311 0 0 6 0 0 111 15 0 6507668 13304409 9875558 0 0 0 12067000 0 0 712 0 
0 0 0 0 0 0 0 0 0 0 0 0 0 0 0 0 0 0 0 0 0 0 0 3 0 35364 35362 0 0 111 0 0 15 29726623 0 0 0 0 0 0 12081337 712 0 0 
0 0 0 0 0 0 0 0 0 0 0 0 0 0 0 0 0 0 0 0 0 0 0 3 35367 0 0 6 0 0 111 15 0 6516826 13320227 9888398 0 0 0 12082778 0 0 712 0 
0 0 0 0 0 0 0 0 0 0 0 0 0 0 0 0 0 0 0 0 0 0 0 3 0 35375 35370 0 0 111 0 0 15 29752747 0 0 0 0 0 0 12091950 712 0 0 
0 0 0 0 0 0 0 0 0 0 0 0 0 0 0 0 0 0 0 0 0 0 0 3 35375 0 0 6 0 0 111 15 0 6522157 13334020 9895404 0 0 0 12093392 0 0 712 0 
0 0 0 0 0 0 0 0 0 0 0 0 0 0 0 0 0 0 0 0 0 0 0 3 0 35432 35430 0 0 111 0 0 15 29779121 0 0 0 0 0 0 12104011 712 0 0 
0 0 0 0 0 0 0 0 0 0 0 0 0 0 0 0 0 0 0 0 0 0 0 3 35435 0 0 6 0 0 111 15 0 6528477 13343198 9906277 0 0 0 12105455 0 0 712 0 
0 0 0 0 0 0 0 0 0 0 0 0 0 0 0 0 0 0 0 0 0 0 0 3 0 35487 35482 0 0 111 0 0 15 29810969 0 0 0 0 0 0 12116941 712 0 0 
0 0 0 0 0 0 0 0 0 0 0 0 0 0 0 0 0 0 0 0 0 0 0 3 35487 0 0 6 0 0 111 15 0 6535166 13355915 9918715 0 0 0 12118386 0 0 712 0 
0 0 0 0 0 0 0 0 0 0 0 0 0 0 0 0 0 0 0 0 0 0 0 3 0 35528 35526 0 0 111 0 0 15 29848428 0 0 0 0 0 0 12133500 712 0 0 
0 0 0 0 0 0 0 0 0 0 0 0 0 0 0 0 0 0 0 0 0 0 0 3 35531 0 0 6 0 0 111 15 0 6543352 13372593 9931312 0 0 0 12134948 0 0 712 0 
0 0 0 0 0 0 0 0 0 0 0 0 0 0 0 0 0 0 0 0 0 0 0 3 0 35552 35550 0 0 111 0 0 15 29866241 0 0 0 0 0 0 12141383 712 0 0 
0 0 0 0 0 0 0 0 0 0 0 0 0 0 0 0 0 0 0 0 0 0 0 3 35555 0 0 6 0 0 111 15 0 6547648 13380465 9936957 0 0 0 12142831 0 0 712 0 
0 0 0 0 0 0 0 0 0 0 0 0 0 0 0 0 0 0 0 0 0 0 0 3 0 35608 35606 0 0 111 0 0 15 29894324 0 0 0 0 0 0 12151859 712 0 0 
0 0 0 0 0 0 0 0 0 0 0 0 0 0 0 0 0 0 0 0 0 0 0 3 35611 0 0 6 0 0 111 15 0 6553497 13390921 9948723 0 0 0 12153307 0 0 712 0 
0 0 0 0 0 0 0 0 0 0 0 0 0 0 0 0 0 0 0 0 0 0 0 3 0 35664 35662 0 0 111 0 0 15 29930659 0 0 0 0 0 0 12166336 712 0 0 
0 0 0 0 0 0 0 0 0 0 0 0 0 0 0 0 0 0 0 0 0 0 0 3 35667 0 0 6 0 0 111 15 0 6562656 13405440 9961375 0 0 0 12167785 0 0 712 0 
0 0 0 0 0 0 0 0 0 0 0 0 0 0 0 0 0 0 0 0 0 0 0 3 0 35672 35670 0 0 111 0 0 15 29952394 0 0 0 0 0 0 12179049 712 0 0 
0 0 0 0 0 0 0 0 0 0 0 0 0 0 0 0 0 0 0 0 0 0 0 3 35675 0 0 6 0 0 111 15 0 6565949 13418462 9966795 0 0 0 12180498 0 0 712 0 
0 0 0 0 0 0 0 0 0 0 0 0 0 0 0 0 0 0 0 0 0 0 0 3 0 35728 35726 0 0 111 0 0 15 29979772 0 0 0 0 0 0 12189874 712 0 0 
0 0 0 0 0 0 0 0 0 0 0 0 0 0 0 0 0 0 0 0 0 0 0 3 35731 0 0 6 0 0 111 15 0 6571830 13429020 9977731 0 0 0 12191324 0 0 712 0 
0 0 0 0 0 0 0 0 0 0 0 0 0 0 0 0 0 0 0 0 0 0 0 3 0 35784 35782 0 0 111 0 0 15 30013671 0 0 0 0 0 0 12202565 712 0 0 
0 0 0 0 0 0 0 0 0 0 0 0 0 0 0 0 0 0 0 0 0 0 0 3 35787 0 0 6 0 0 111 15 0 6580986 13441754 9989728 0 0 0 12204017 0 0 712 0 
0 0 0 0 0 0 0 0 0 0 0 0 0 0 0 0 0 0 0 0 0 0 0 3 0 35792 35790 0 0 111 0 0 15 30040400 0 0 0 0 0 0 12214778 712 0 0 
0 0 0 0 0 0 0 0 0 0 0 0 0 0 0 0 0 0 0 0 0 0 0 3 35795 0 0 6 0 0 111 15 0 6585775 13456468 9996954 0 0 0 12216230 0 0 712 0 
0 0 0 0 0 0 0 0 0 0 0 0 0 0 0 0 0 0 0 0 0 0 0 3 0 35851 35846 0 0 111 0 0 15 30067158 0 0 0 0 0 0 12229829 712 0 0 
0 0 0 0 0 0 0 0 0 0 0 0 0 0 0 0 0 0 0 0 0 0 0 3 35851 0 0 6 0 0 111 15 0 6590168 13469059 10006725 0 0 0 12231282 0 0 712 0 
0 0 0 0 0 0 0 0 0 0 0 0 0 0 0 0 0 0 0 0 0 0 0 3 0 35904 35902 0 0 111 0 0 15 30103390 0 0 0 0 0 0 12244021 712 0 0 
0 0 0 0 0 0 0 0 0 0 0 0 0 0 0 0 0 0 0 0 0 0 0 3 35907 0 0 6 0 0 111 15 0 6599319 13483298 10019564 0 0 0 12245476 0 0 712 0 
0 0 0 0 0 0 0 0 0 0 0 0 0 0 0 0 0 0 0 0 0 0 0 3 0 35932 35930 0 0 111 0 0 15 30136491 0 0 0 0 0 0 12256794 712 0 0 
0 0 0 0 0 0 0 0 0 0 0 0 0 0 0 0 0 0 0 0 0 0 0 3 35935 0 0 6 0 0 111 15 0 6607253 13495960 10032067 0 0 0 12258247 0 0 712 0 
0 0 0 0 0 0 0 0 0 0 0 0 0 0 0 0 0 0 0 0 0 0 0 3 0 35972 35970 0 0 111 0 0 15 30159792 0 0 0 0 0 0 12269716 712 0 0 
0 0 0 0 0 0 0 0 0 0 0 0 0 0 0 0 0 0 0 0 0 0 0 3 35975 0 0 6 0 0 111 15 0 6611856 13509243 10037480 0 0 0 12271170 0 0 712 0 
0 0 0 0 0 0 0 0 0 0 0 0 0 0 0 0 0 0 0 0 0 0 0 3 0 36028 36026 0 0 111 0 0 15 30192272 0 0 0 0 0 0 12285684 712 0 0 
0 0 0 0 0 0 0 0 0 0 0 0 0 0 0 0 0 0 0 0 0 0 0 3 36031 0 0 6 0 0 111 15 0 6617658 13525047 10048349 0 0 0 12287142 0 0 712 0 
0 0 0 0 0 0 0 0 0 0 0 0 0 0 0 0 0 0 0 0 0 0 0 3 0 36084 36082 0 0 111 0 0 15 30229108 0 0 0 0 0 0 12300706 712 0 0 
0 0 0 0 0 0 0 0 0 0 0 0 0 0 0 0 0 0 0 0 0 0 0 3 36087 0 0 6 0 0 111 15 0 6626817 13540111 10060959 0 0 0 12302166 0 0 712 0 
0 0 0 0 0 0 0 0 0 0 0 0 0 0 0 0 0 0 0 0 0 0 0 3 0 36092 36090 0 0 111 0 0 15 30250681 0 0 0 0 0 0 12309491 712 0 0 
0 0 0 0 0 0 0 0 0 0 0 0 0 0 0 0 0 0 0 0 0 0 0 3 36095 0 0 6 0 0 111 15 0 6631242 13550394 10067824 0 0 0 12310952 0 0 712 0 
0 0 0 0 0 0 0 0 0 0 0 0 0 0 0 0 0 0 0 0 0 0 0 3 0 36148 36146 0 0 111 0 0 15 30279657 0 0 0 0 0 0 12324900 712 0 0 
0 0 0 0 0 0 0 0 0 0 0 0 0 0 0 0 0 0 0 0 0 0 0 3 36151 0 0 6 0 0 111 15 0 6635991 13564349 10078088 0 0 0 12326361 0 0 712 0 
0 0 0 0 0 0 0 0 0 0 0 0 0 0 0 0 0 0 0 0 0 0 0 3 0 36204 36202 0 0 111 0 0 15 30315142 0 0 0 0 0 0 12339003 712 0 0 
0 0 0 0 0 0 0 0 0 0 0 0 0 0 0 0 0 0 0 0 0 0 0 3 36207 0 0 6 0 0 111 15 0 6645150 13578496 10090266 0 0 0 12340469 0 0 712 0 
0 0 0 0 0 0 0 0 0 0 0 0 0 0 0 0 0 0 0 0 0 0 0 3 0 36212 36210 0 0 111 0 0 15 30336522 0 0 0 0 0 0 12350830 712 0 0 
0 0 0 0 0 0 0 0 0 0 0 0 0 0 0 0 0 0 0 0 0 0 0 3 36215 0 0 6 0 0 111 15 0 6648594 13590576 10096124 0 0 0 12352296 0 0 712 0 
0 0 0 0 0 0 0 0 0 0 0 0 0 0 0 0 0 0 0 0 0 0 0 3 0 36268 36266 0 0 111 0 0 15 30364971 0 0 0 0 0 0 12361813 712 0 0 
0 0 0 0 0 0 0 0 0 0 0 0 0 0 0 0 0 0 0 0 0 0 0 3 36271 0 0 6 0 0 111 15 0 6654324 13601347 10108076 0 0 0 12363279 0 0 712 0 
0 0 0 0 0 0 0 0 0 0 0 0 0 0 0 0 0 0 0 0 0 0 0 3 0 36324 36322 0 0 111 0 0 15 30400438 0 0 0 0 0 0 12375502 712 0 0 
0 0 0 0 0 0 0 0 0 0 0 0 0 0 0 0 0 0 0 0 0 0 0 3 36327 0 0 6 0 0 111 15 0 6663482 13615077 10120653 0 0 0 12376968 0 0 712 0 
0 0 0 0 0 0 0 0 0 0 0 0 0 0 0 0 0 0 0 0 0 0 0 3 0 36332 36330 0 0 111 0 0 15 30421332 0 0 0 0 0 0 12386837 712 0 0 
0 0 0 0 0 0 0 0 0 0 0 0 0 0 0 0 0 0 0 0 0 0 0 3 36335 0 0 6 0 0 111 15 0 6666965 13626869 10126271 0 0 0 12388304 0 0 712 0 
0 0 0 0 0 0 0 0 0 0 0 0 0 0 0 0 0 0 0 0 0 0 0 3 0 36388 36386 0 0 111 0 0 15 30453015 0 0 0 0 0 0 12401956 712 0 0 
0 0 0 0 0 0 0 0 0 0 0 0 0 0 0 0 0 0 0 0 0 0 0 3 36391 0 0 6 0 0 111 15 0 6672655 13641579 10137550 0 0 0 12403428 0 0 712 0 
0 0 0 0 0 0 0 0 0 0 0 0 0 0 0 0 0 0 0 0 0 0 0 3 0 36444 36442 0 0 111 0 0 15 30488879 0 0 0 0 0 0 12415779 712 0 0 
0 0 0 0 0 0 0 0 0 0 0 0 0 0 0 0 0 0 0 0 0 0 0 3 36447 0 0 6 0 0 111 15 0 6681814 13655444 10150386 0 0 0 12417252 0 0 712 0 
0 0 0 0 0 0 0 0 0 0 0 0 0 0 0 0 0 0 0 0 0 0 0 3 0 36464 36462 0 0 111 0 0 15 30521361 0 0 0 0 0 0 12428193 712 0 0 
0 0 0 0 0 0 0 0 0 0 0 0 0 0 0 0 0 0 0 0 0 0 0 3 36467 0 0 6 0 0 111 15 0 6689514 13668347 10162263 0 0 0 12429668 0 0 712 0 
0 0 0 0 0 0 0 0 0 0 0 0 0 0 0 0 0 0 0 0 0 0 0 3 0 36512 36510 0 0 111 0 0 15 30540085 0 0 0 0 0 0 12437957 712 0 0 
0 0 0 0 0 0 0 0 0 0 0 0 0 0 0 0 0 0 0 0 0 0 0 3 36515 0 0 6 0 0 111 15 0 6693663 13677814 10167373 0 0 0 12439431 0 0 712 0 
0 0 0 0 0 0 0 0 0 0 0 0 0 0 0 0 0 0 0 0 0 0 0 3 0 36568 36566 0 0 111 0 0 15 30571863 0 0 0 0 0 0 12450657 712 0 0 
0 0 0 0 0 0 0 0 0 0 0 0 0 0 0 0 0 0 0 0 0 0 0 3 36571 0 0 6 0 0 111 15 0 6700156 13690403 10180067 0 0 0 12452130 0 0 712 0 
0 0 0 0 0 0 0 0 0 0 0 0 0 0 0 0 0 0 0 0 0 0 0 3 0 36624 36622 0 0 111 0 0 15 30607489 0 0 0 0 0 0 12464200 712 0 0 
0 0 0 0 0 0 0 0 0 0 0 0 0 0 0 0 0 0 0 0 0 0 0 3 36627 0 0 6 0 0 111 15 0 6709314 13703989 10192947 0 0 0 12465676 0 0 712 0 
0 0 0 0 0 0 0 0 0 0 0 0 0 0 0 0 0 0 0 0 0 0 0 3 0 36632 36630 0 0 111 0 0 15 30629246 0 0 0 0 0 0 12473677 712 0 0 
0 0 0 0 0 0 0 0 0 0 0 0 0 0 0 0 0 0 0 0 0 0 0 3 36635 0 0 6 0 0 111 15 0 6713779 13715016 10199213 0 0 0 12475152 0 0 712 0 
0 0 0 0 0 0 0 0 0 0 0 0 0 0 0 0 0 0 0 0 0 0 0 3 0 36691 36686 0 0 111 0 0 15 30656743 0 0 0 0 0 0 12487255 712 0 0 
0 0 0 0 0 0 0 0 0 0 0 0 0 0 0 0 0 0 0 0 0 0 0 3 36691 0 0 6 0 0 111 15 0 6718495 13727082 10209924 0 0 0 12488730 0 0 712 0 
0 0 0 0 0 0 0 0 0 0 0 0 0 0 0 0 0 0 0 0 0 0 0 3 0 36747 36742 0 0 111 0 0 15 30693466 0 0 0 0 0 0 12501999 712 0 0 
0 0 0 0 0 0 0 0 0 0 0 0 0 0 0 0 0 0 0 0 0 0 0 3 36747 0 0 6 0 0 111 15 0 6727650 13741871 10222701 0 0 0 12503476 0 0 712 0 
0 0 0 0 0 0 0 0 0 0 0 0 0 0 0 0 0 0 0 0 0 0 0 3 0 36779 36774 0 0 111 0 0 15 30727324 0 0 0 0 0 0 12515337 712 0 0 
0 0 0 0 0 0 0 0 0 0 0 0 0 0 0 0 0 0 0 0 0 0 0 3 36779 0 0 6 0 0 111 15 0 6735656 13755104 10235326 0 0 0 12516817 0 0 712 0 
0 0 0 0 0 0 0 0 0 0 0 0 0 0 0 0 0 0 0 0 0 0 0 3 0 36812 36809 0 0 111 0 0 15 30748214 0 0 0 0 0 0 12524828 712 0 0 
0 0 0 0 0 0 0 0 0 0 0 0 0 0 0 0 0 0 0 0 0 0 0 3 36815 0 0 6 0 0 111 15 0 6739950 13764921 10242103 0 0 0 12526310 0 0 712 0 
0 0 0 0 0 0 0 0 0 0 0 0 0 0 0 0 0 0 0 0 0 0 0 3 0 36868 36865 0 0 111 0 0 15 30781507 0 0 0 0 0 0 12541064 712 0 0 
0 0 0 0 0 0 0 0 0 0 0 0 0 0 0 0 0 0 0 0 0 0 0 3 36871 0 0 6 0 0 111 15 0 6745983 13781028 10253247 0 0 0 12542546 0 0 712 0 
0 0 0 0 0 0 0 0 0 0 0 0 0 0 0 0 0 0 0 0 0 0 0 3 0 36924 36921 0 0 111 0 0 15 30820039 0 0 0 0 0 0 12557894 712 0 0 
0 0 0 0 0 0 0 0 0 0 0 0 0 0 0 0 0 0 0 0 0 0 0 3 36927 0 0 6 0 0 111 15 0 6755142 13797899 10265748 0 0 0 12559377 0 0 712 0 
0 0 0 0 0 0 0 0 0 0 0 0 0 0 0 0 0 0 0 0 0 0 0 3 0 36932 36929 0 0 111 0 0 15 30839682 0 0 0 0 0 0 12565950 712 0 0 
0 0 0 0 0 0 0 0 0 0 0 0 0 0 0 0 0 0 0 0 0 0 0 3 36935 0 0 6 0 0 111 15 0 6759340 13807065 10272023 0 0 0 12567433 0 0 712 0 
0 0 0 0 0 0 0 0 0 0 0 0 0 0 0 0 0 0 0 0 0 0 0 3 0 36991 36985 0 0 111 0 0 15 30867124 0 0 0 0 0 0 12578560 712 0 0 
0 0 0 0 0 0 0 0 0 0 0 0 0 0 0 0 0 0 0 0 0 0 0 3 36991 0 0 6 0 0 111 15 0 6764320 13818602 10282932 0 0 0 12580044 0 0 712 0 
0 0 0 0 0 0 0 0 0 0 0 0 0 0 0 0 0 0 0 0 0 0 0 3 0 37044 37041 0 0 111 0 0 15 30903704 0 0 0 0 0 0 12593146 712 0 0 
0 0 0 0 0 0 0 0 0 0 0 0 0 0 0 0 0 0 0 0 0 0 0 3 37047 0 0 6 0 0 111 15 0 6773471 13833234 10295725 0 0 0 12594631 0 0 712 0 
0 0 0 0 0 0 0 0 0 0 0 0 0 0 0 0 0 0 0 0 0 0 0 3 0 37052 37049 0 0 111 0 0 15 30929575 0 0 0 0 0 0 12605397 712 0 0 
0 0 0 0 0 0 0 0 0 0 0 0 0 0 0 0 0 0 0 0 0 0 0 3 37055 0 0 6 0 0 111 15 0 6778276 13847573 10302453 0 0 0 12606881 0 0 712 0 
0 0 0 0 0 0 0 0 0 0 0 0 0 0 0 0 0 0 0 0 0 0 0 3 0 37112 37109 0 0 111 0 0 15 30955509 0 0 0 0 0 0 12616011 712 0 0 
0 0 0 0 0 0 0 0 0 0 0 0 0 0 0 0 0 0 0 0 0 0 0 3 37115 0 0 6 0 0 111 15 0 6784284 13856679 10313265 0 0 0 12617495 0 0 712 0 
0 0 0 0 0 0 0 0 0 0 0 0 0 0 0 0 0 0 0 0 0 0 0 3 0 37168 37165 0 0 111 0 0 15 30989887 0 0 0 0 0 0 12630916 712 0 0 
0 0 0 0 0 0 0 0 0 0 0 0 0 0 0 0 0 0 0 0 0 0 0 3 37171 0 0 6 0 0 111 15 0 6791812 13871091 10325698 0 0 0 12632405 0 0 712 0 
0 0 0 0 0 0 0 0 0 0 0 0 0 0 0 0 0 0 0 0 0 0 0 3 0 37207 37201 0 0 111 0 0 15 31027573 0 0 0 0 0 0 12648178 712 0 0 
0 0 0 0 0 0 0 0 0 0 0 0 0 0 0 0 0 0 0 0 0 0 0 3 37207 0 0 6 0 0 111 15 0 6799982 13888453 10337850 0 0 0 12649668 0 0 712 0 
0 0 0 0 0 0 0 0 0 0 0 0 0 0 0 0 0 0 0 0 0 0 0 3 0 37232 37229 0 0 111 0 0 15 31049876 0 0 0 0 0 0 12660122 712 0 0 
0 0 0 0 0 0 0 0 0 0 0 0 0 0 0 0 0 0 0 0 0 0 0 3 37235 0 0 6 0 0 111 15 0 6804396 13900535 10343657 0 0 0 12661612 0 0 712 0 
0 0 0 0 0 0 0 0 0 0 0 0 0 0 0 0 0 0 0 0 0 0 0 3 0 37288 37285 0 0 111 0 0 15 31080581 0 0 0 0 0 0 12673205 712 0 0 
0 0 0 0 0 0 0 0 0 0 0 0 0 0 0 0 0 0 0 0 0 0 0 3 37291 0 0 6 0 0 111 15 0 6810143 13913465 10355678 0 0 0 12674696 0 0 712 0 
0 0 0 0 0 0 0 0 0 0 0 0 0 0 0 0 0 0 0 0 0 0 0 3 0 37344 37341 0 0 111 0 0 15 31116942 0 0 0 0 0 0 12687849 712 0 0 
0 0 0 0 0 0 0 0 0 0 0 0 0 0 0 0 0 0 0 0 0 0 0 3 37347 0 0 6 0 0 111 15 0 6819301 13928153 10368181 0 0 0 12689345 0 0 712 0 
0 0 0 0 0 0 0 0 0 0 0 0 0 0 0 0 0 0 0 0 0 0 0 3 0 37352 37349 0 0 111 0 0 15 31138751 0 0 0 0 0 0 12697296 712 0 0 
0 0 0 0 0 0 0 0 0 0 0 0 0 0 0 0 0 0 0 0 0 0 0 3 37355 0 0 6 0 0 111 15 0 6824175 13939584 10373683 0 0 0 12698792 0 0 712 0 
0 0 0 0 0 0 0 0 0 0 0 0 0 0 0 0 0 0 0 0 0 0 0 3 0 37408 37405 0 0 111 0 0 15 31161786 0 0 0 0 0 0 12707659 712 0 0 
0 0 0 0 0 0 0 0 0 0 0 0 0 0 0 0 0 0 0 0 0 0 0 3 37411 0 0 6 0 0 111 15 0 6828476 13948005 10383981 0 0 0 12709157 0 0 712 0 
0 0 0 0 0 0 0 0 0 0 0 0 0 0 0 0 0 0 0 0 0 0 0 3 0 37467 37461 0 0 111 0 0 15 31197860 0 0 0 0 0 0 12721414 712 0 0 
0 0 0 0 0 0 0 0 0 0 0 0 0 0 0 0 0 0 0 0 0 0 0 3 37467 0 0 6 0 0 111 15 0 6837638 13961805 10397084 0 0 0 12722917 0 0 712 0 
0 0 0 0 0 0 0 0 0 0 0 0 0 0 0 0 0 0 0 0 0 0 0 3 0 37524 37521 0 0 111 0 0 15 31233766 0 0 0 0 0 0 12735067 712 0 0 
0 0 0 0 0 0 0 0 0 0 0 0 0 0 0 0 0 0 0 0 0 0 0 3 37527 0 0 6 0 0 111 15 0 6846797 13975503 10410130 0 0 0 12736574 0 0 712 0 
0 0 0 0 0 0 0 0 0 0 0 0 0 0 0 0 0 0 0 0 0 0 0 3 0 37532 37529 0 0 111 0 0 15 31254752 0 0 0 0 0 0 12746231 712 0 0 
0 0 0 0 0 0 0 0 0 0 0 0 0 0 0 0 0 0 0 0 0 0 0 3 37535 0 0 6 0 0 111 15 0 6850304 13986998 10416115 0 0 0 12747738 0 0 712 0 
0 0 0 0 0 0 0 0 0 0 0 0 0 0 0 0 0 0 0 0 0 0 0 3 0 37592 37589 0 0 111 0 0 15 31284211 0 0 0 0 0 0 12757201 712 0 0 
0 0 0 0 0 0 0 0 0 0 0 0 0 0 0 0 0 0 0 0 0 0 0 3 37595 0 0 6 0 0 111 15 0 6856840 13998371 10427656 0 0 0 12758710 0 0 712 0 
0 0 0 0 0 0 0 0 0 0 0 0 0 0 0 0 0 0 0 0 0 0 0 3 0 37644 37641 0 0 111 0 0 15 31319064 0 0 0 0 0 0 12771936 712 0 0 
0 0 0 0 0 0 0 0 0 0 0 0 0 0 0 0 0 0 0 0 0 0 0 3 37646 0 0 6 0 0 111 15 0 6865130 14012460 10440132 0 0 0 12773448 0 0 712 0 
0 0 0 0 0 0 0 0 0 0 0 0 0 0 0 0 0 0 0 0 0 0 0 3 0 37655 37649 0 0 111 0 0 15 31345263 0 0 0 0 0 0 12783263 712 0 0 
0 0 0 0 0 0 0 0 0 0 0 0 0 0 0 0 0 0 0 0 0 0 0 3 37654 0 0 6 0 0 111 15 0 6870461 14026920 10446541 0 0 0 12784775 0 0 712 0 
0 0 0 0 0 0 0 0 0 0 0 0 0 0 0 0 0 0 0 0 0 0 0 3 0 37712 37709 0 0 111 0 0 15 31372748 0 0 0 0 0 0 12796215 712 0 0 
0 0 0 0 0 0 0 0 0 0 0 0 0 0 0 0 0 0 0 0 0 0 0 3 37714 0 0 6 0 0 111 15 0 6877054 14036953 10457410 0 0 0 12797728 0 0 712 0 
0 0 0 0 0 0 0 0 0 0 0 0 0 0 0 0 0 0 0 0 0 0 0 3 0 37767 37761 0 0 111 0 0 15 31404872 0 0 0 0 0 0 12809192 712 0 0 
0 0 0 0 0 0 0 0 0 0 0 0 0 0 0 0 0 0 0 0 0 0 0 3 37766 0 0 6 0 0 111 15 0 6883470 14049803 10470268 0 0 0 12810712 0 0 712 0 
0 0 0 0 0 0 0 0 0 0 0 0 0 0 0 0 0 0 0 0 0 0 0 3 0 37788 37785 0 0 111 0 0 15 31440389 0 0 0 0 0 0 12823947 712 0 0 
0 0 0 0 0 0 0 0 0 0 0 0 0 0 0 0 0 0 0 0 0 0 0 3 37790 0 0 6 0 0 111 15 0 6891166 14064555 10483333 0 0 0 12825471 0 0 712 0 
0 0 0 0 0 0 0 0 0 0 0 0 0 0 0 0 0 0 0 0 0 0 0 3 0 37832 37829 0 0 111 0 0 15 31460298 0 0 0 0 0 0 12833370 712 0 0 
0 0 0 0 0 0 0 0 0 0 0 0 0 0 0 0 0 0 0 0 0 0 0 3 37834 0 0 6 0 0 111 15 0 6895817 14074205 10488942 0 0 0 12834894 0 0 712 0 
0 0 0 0 0 0 0 0 0 0 0 0 0 0 0 0 0 0 0 0 0 0 0 3 0 37888 37885 0 0 111 0 0 15 31492859 0 0 0 0 0 0 12848028 712 0 0 
0 0 0 0 0 0 0 0 0 0 0 0 0 0 0 0 0 0 0 0 0 0 0 3 37890 0 0 6 0 0 111 15 0 6901804 14088728 10500995 0 0 0 12849554 0 0 712 0 
0 0 0 0 0 0 0 0 0 0 0 0 0 0 0 0 0 0 0 0 0 0 0 3 0 37944 37941 0 0 111 0 0 15 31528925 0 0 0 0 0 0 12861833 712 0 0 
0 0 0 0 0 0 0 0 0 0 0 0 0 0 0 0 0 0 0 0 0 0 0 3 37946 0 0 6 0 0 111 15 0 6910962 14102573 10514058 0 0 0 12863356 0 0 712 0 
0 0 0 0 0 0 0 0 0 0 0 0 0 0 0 0 0 0 0 0 0 0 0 3 0 37956 37953 0 0 111 0 0 15 31553134 0 0 0 0 0 0 12869587 712 0 0 
0 0 0 0 0 0 0 0 0 0 0 0 0 0 0 0 0 0 0 0 0 0 0 3 37958 0 0 6 0 0 111 15 0 6916993 14113404 10521400 0 0 0 12871111 0 0 712 0 
0 0 0 0 0 0 0 0 0 0 0 0 0 0 0 0 0 0 0 0 0 0 0 3 0 38012 38008 0 0 111 0 0 15 31577010 0 0 0 0 0 0 12881954 712 0 0 
0 0 0 0 0 0 0 0 0 0 0 0 0 0 0 0 0 0 0 0 0 0 0 3 38014 0 0 6 0 0 111 15 0 6921623 14123324 10530733 0 0 0 12883480 0 0 712 0 
0 0 0 0 0 0 0 0 0 0 0 0 0 0 0 0 0 0 0 0 0 0 0 3 0 38067 38060 0 0 111 0 0 15 31610913 0 0 0 0 0 0 12896215 712 0 0 
0 0 0 0 0 0 0 0 0 0 0 0 0 0 0 0 0 0 0 0 0 0 0 3 38066 0 0 6 0 0 111 15 0 6929301 14137041 10543232 0 0 0 12897745 0 0 712 0 
0 0 0 0 0 0 0 0 0 0 0 0 0 0 0 0 0 0 0 0 0 0 0 3 0 38112 38104 0 0 111 0 0 15 31645749 0 0 0 0 0 0 12909957 712 0 0 
0 0 0 0 0 0 0 0 0 0 0 0 0 0 0 0 0 0 0 0 0 0 0 3 38110 0 0 6 0 0 111 15 0 6937626 14150872 10555911 0 0 0 12911486 0 0 712 0 
0 0 0 0 0 0 0 0 0 0 0 0 0 0 0 0 0 0 0 0 0 0 0 3 0 38132 38128 0 0 111 0 0 15 31663555 0 0 0 0 0 0 12917911 712 0 0 
0 0 0 0 0 0 0 0 0 0 0 0 0 0 0 0 0 0 0 0 0 0 0 3 38134 0 0 6 0 0 111 15 0 6941761 14158932 10561522 0 0 0 12919440 0 0 712 0 
0 0 0 0 0 0 0 0 0 0 0 0 0 0 0 0 0 0 0 0 0 0 0 3 0 38188 38184 0 0 111 0 0 15 31695939 0 0 0 0 0 0 12933211 712 0 0 
0 0 0 0 0 0 0 0 0 0 0 0 0 0 0 0 0 0 0 0 0 0 0 3 38190 0 0 6 0 0 111 15 0 6947635 14174124 10572836 0 0 0 12934743 0 0 712 0 
0 0 0 0 0 0 0 0 0 0 0 0 0 0 0 0 0 0 0 0 0 0 0 3 0 38244 38240 0 0 111 0 0 15 31732941 0 0 0 0 0 0 12948313 712 0 0 
0 0 0 0 0 0 0 0 0 0 0 0 0 0 0 0 0 0 0 0 0 0 0 3 38246 0 0 6 0 0 111 15 0 6956794 14189268 10585527 0 0 0 12949847 0 0 712 0 
0 0 0 0 0 0 0 0 0 0 0 0 0 0 0 0 0 0 0 0 0 0 0 3 0 38252 38248 0 0 111 0 0 15 31751116 0 0 0 0 0 0 12956771 712 0 0 
0 0 0 0 0 0 0 0 0 0 0 0 0 0 0 0 0 0 0 0 0 0 0 3 38254 0 0 6 0 0 111 15 0 6960258 14197955 10591552 0 0 0 12958305 0 0 712 0 
0 0 0 0 0 0 0 0 0 0 0 0 0 0 0 0 0 0 0 0 0 0 0 3 0 38308 38304 0 0 111 0 0 15 31782404 0 0 0 0 0 0 12971452 712 0 0 
0 0 0 0 0 0 0 0 0 0 0 0 0 0 0 0 0 0 0 0 0 0 0 3 38310 0 0 6 0 0 111 15 0 6965968 14212448 10602635 0 0 0 12972987 0 0 712 0 
0 0 0 0 0 0 0 0 0 0 0 0 0 0 0 0 0 0 0 0 0 0 0 3 0 38364 38360 0 0 111 0 0 15 31819001 0 0 0 0 0 0 12986172 712 0 0 
0 0 0 0 0 0 0 0 0 0 0 0 0 0 0 0 0 0 0 0 0 0 0 3 38366 0 0 6 0 0 111 15 0 6975125 14227211 10615307 0 0 0 12987708 0 0 712 0 
0 0 0 0 0 0 0 0 0 0 0 0 0 0 0 0 0 0 0 0 0 0 0 3 0 38375 38368 0 0 111 0 0 15 31844063 0 0 0 0 0 0 12995840 712 0 0 
0 0 0 0 0 0 0 0 0 0 0 0 0 0 0 0 0 0 0 0 0 0 0 3 38374 0 0 6 0 0 111 15 0 6980456 14239881 10622369 0 0 0 12997375 0 0 712 0 
0 0 0 0 0 0 0 0 0 0 0 0 0 0 0 0 0 0 0 0 0 0 0 3 0 38432 38427 0 0 111 0 0 15 31870212 0 0 0 0 0 0 13007511 712 0 0 
0 0 0 0 0 0 0 0 0 0 0 0 0 0 0 0 0 0 0 0 0 0 0 3 38434 0 0 6 0 0 111 15 0 6986697 14248860 10633291 0 0 0 13009051 0 0 712 0 
0 0 0 0 0 0 0 0 0 0 0 0 0 0 0 0 0 0 0 0 0 0 0 3 0 38485 38479 0 0 111 0 0 15 31903549 0 0 0 0 0 0 13021917 712 0 0 
0 0 0 0 0 0 0 0 0 0 0 0 0 0 0 0 0 0 0 0 0 0 0 3 38486 0 0 6 0 0 111 15 0 6993458 14263044 10645678 0 0 0 13023459 0 0 712 0 
0 0 0 0 0 0 0 0 0 0 0 0 0 0 0 0 0 0 0 0 0 0 0 3 0 38505 38499 0 0 111 0 0 15 31939785 0 0 0 0 0 0 13037713 712 0 0 
0 0 0 0 0 0 0 0 0 0 0 0 0 0 0 0 0 0 0 0 0 0 0 3 38506 0 0 6 0 0 111 15 0 7001156 14279001 10658244 0 0 0 13039261 0 0 712 0 
0 0 0 0 0 0 0 0 0 0 0 0 0 0 0 0 0 0 0 0 0 0 0 3 0 38552 38547 0 0 111 0 0 15 31959138 0 0 0 0 0 0 13047314 712 0 0 
0 0 0 0 0 0 0 0 0 0 0 0 0 0 0 0 0 0 0 0 0 0 0 3 38554 0 0 6 0 0 111 15 0 7005740 14288513 10663499 0 0 0 13048860 0 0 712 0 
0 0 0 0 0 0 0 0 0 0 0 0 0 0 0 0 0 0 0 0 0 0 0 3 0 38608 38603 0 0 111 0 0 15 31988091 0 0 0 0 0 0 13058336 712 0 0 
0 0 0 0 0 0 0 0 0 0 0 0 0 0 0 0 0 0 0 0 0 0 0 3 38610 0 0 6 0 0 111 15 0 7011796 14299548 10675359 0 0 0 13059882 0 0 712 0 
0 0 0 0 0 0 0 0 0 0 0 0 0 0 0 0 0 0 0 0 0 0 0 3 0 38664 38659 0 0 111 0 0 15 32024580 0 0 0 0 0 0 13072783 712 0 0 
0 0 0 0 0 0 0 0 0 0 0 0 0 0 0 0 0 0 0 0 0 0 0 3 38666 0 0 6 0 0 111 15 0 7020954 14314037 10688199 0 0 0 13074330 0 0 712 0 
0 0 0 0 0 0 0 0 0 0 0 0 0 0 0 0 0 0 0 0 0 0 0 3 0 38672 38667 0 0 111 0 0 15 32048639 0 0 0 0 0 0 13086882 712 0 0 
0 0 0 0 0 0 0 0 0 0 0 0 0 0 0 0 0 0 0 0 0 0 0 3 38674 0 0 6 0 0 111 15 0 7024686 14328710 10693855 0 0 0 13088429 0 0 712 0 
0 0 0 0 0 0 0 0 0 0 0 0 0 0 0 0 0 0 0 0 0 0 0 3 0 38731 38723 0 0 111 0 0 15 32076201 0 0 0 0 0 0 13098130 712 0 0 
0 0 0 0 0 0 0 0 0 0 0 0 0 0 0 0 0 0 0 0 0 0 0 3 38729 0 0 6 0 0 111 15 0 7030137 14339423 10705252 0 0 0 13099679 0 0 712 0 
0 0 0 0 0 0 0 0 0 0 0 0 0 0 0 0 0 0 0 0 0 0 0 3 0 38784 38779 0 0 111 0 0 15 32112321 0 0 0 0 0 0 13112109 712 0 0 
0 0 0 0 0 0 0 0 0 0 0 0 0 0 0 0 0 0 0 0 0 0 0 3 38785 0 0 6 0 0 111 15 0 7039288 14353451 10718190 0 0 0 13113662 0 0 712 0 
0 0 0 0 0 0 0 0 0 0 0 0 0 0 0 0 0 0 0 0 0 0 0 3 0 38811 38803 0 0 111 0 0 15 32147300 0 0 0 0 0 0 13126505 712 0 0 
0 0 0 0 0 0 0 0 0 0 0 0 0 0 0 0 0 0 0 0 0 0 0 3 38809 0 0 6 0 0 111 15 0 7047060 14367807 10731036 0 0 0 13128059 0 0 712 0 
0 0 0 0 0 0 0 0 0 0 0 0 0 0 0 0 0 0 0 0 0 0 0 3 0 38852 38847 0 0 111 0 0 15 32166878 0 0 0 0 0 0 13136473 712 0 0 
0 0 0 0 0 0 0 0 0 0 0 0 0 0 0 0 0 0 0 0 0 0 0 3 38853 0 0 6 0 0 111 15 0 7051245 14377949 10736289 0 0 0 13138027 0 0 712 0 
0 0 0 0 0 0 0 0 0 0 0 0 0 0 0 0 0 0 0 0 0 0 0 3 0 38908 38903 0 0 111 0 0 15 32197444 0 0 0 0 0 0 13148586 712 0 0 
0 0 0 0 0 0 0 0 0 0 0 0 0 0 0 0 0 0 0 0 0 0 0 3 38909 0 0 6 0 0 111 15 0 7057629 14390014 10748397 0 0 0 13150144 0 0 712 0 
0 0 0 0 0 0 0 0 0 0 0 0 0 0 0 0 0 0 0 0 0 0 0 3 0 38964 38959 0 0 111 0 0 15 32233675 0 0 0 0 0 0 13162895 712 0 0 
0 0 0 0 0 0 0 0 0 0 0 0 0 0 0 0 0 0 0 0 0 0 0 3 38965 0 0 6 0 0 111 15 0 7066786 14404365 10761105 0 0 0 13164454 0 0 712 0 
0 0 0 0 0 0 0 0 0 0 0 0 0 0 0 0 0 0 0 0 0 0 0 3 0 38972 38967 0 0 111 0 0 15 32252272 0 0 0 0 0 0 13172165 712 0 0 
0 0 0 0 0 0 0 0 0 0 0 0 0 0 0 0 0 0 0 0 0 0 0 3 38973 0 0 6 0 0 111 15 0 7070305 14413873 10766676 0 0 0 13173724 0 0 712 0 
0 0 0 0 0 0 0 0 0 0 0 0 0 0 0 0 0 0 0 0 0 0 0 3 0 39028 39023 0 0 111 0 0 15 32283151 0 0 0 0 0 0 13186349 712 0 0 
0 0 0 0 0 0 0 0 0 0 0 0 0 0 0 0 0 0 0 0 0 0 0 3 39029 0 0 6 0 0 111 15 0 7075959 14427864 10777909 0 0 0 13187912 0 0 712 0 
0 0 0 0 0 0 0 0 0 0 0 0 0 0 0 0 0 0 0 0 0 0 0 3 0 39084 39079 0 0 111 0 0 15 32320680 0 0 0 0 0 0 13201552 712 0 0 
0 0 0 0 0 0 0 0 0 0 0 0 0 0 0 0 0 0 0 0 0 0 0 3 39085 0 0 6 0 0 111 15 0 7085118 14443109 10791031 0 0 0 13203118 0 0 712 0 
0 0 0 0 0 0 0 0 0 0 0 0 0 0 0 0 0 0 0 0 0 0 0 3 0 39100 39095 0 0 111 0 0 15 32351126 0 0 0 0 0 0 13211917 712 0 0 
0 0 0 0 0 0 0 0 0 0 0 0 0 0 0 0 0 0 0 0 0 0 0 3 39101 0 0 6 0 0 111 15 0 7092773 14456392 10800540 0 0 0 13213483 0 0 712 0 
0 0 0 0 0 0 0 0 0 0 0 0 0 0 0 0 0 0 0 0 0 0 0 3 0 39152 39147 0 0 111 0 0 15 32374108 0 0 0 0 0 0 13225470 712 0 0 
0 0 0 0 0 0 0 0 0 0 0 0 0 0 0 0 0 0 0 0 0 0 0 3 39153 0 0 6 0 0 111 15 0 7096943 14467222 10808523 0 0 0 13227038 0 0 712 0 
0 0 0 0 0 0 0 0 0 0 0 0 0 0 0 0 0 0 0 0 0 0 0 3 0 39208 39203 0 0 111 0 0 15 32408387 0 0 0 0 0 0 13241322 712 0 0 
0 0 0 0 0 0 0 0 0 0 0 0 0 0 0 0 0 0 0 0 0 0 0 3 39209 0 0 6 0 0 111 15 0 7103460 14482960 10820542 0 0 0 13242888 0 0 712 0 
0 0 0 0 0 0 0 0 0 0 0 0 0 0 0 0 0 0 0 0 0 0 0 3 0 39264 39259 0 0 111 0 0 15 32445841 0 0 0 0 0 0 13256634 712 0 0 
0 0 0 0 0 0 0 0 0 0 0 0 0 0 0 0 0 0 0 0 0 0 0 3 39265 0 0 6 0 0 111 15 0 7112619 14498316 10833477 0 0 0 13258202 0 0 712 0 
0 0 0 0 0 0 0 0 0 0 0 0 0 0 0 0 0 0 0 0 0 0 0 3 0 39272 39267 0 0 111 0 0 15 32464842 0 0 0 0 0 0 13264682 712 0 0 
0 0 0 0 0 0 0 0 0 0 0 0 0 0 0 0 0 0 0 0 0 0 0 3 39273 0 0 6 0 0 111 15 0 7116358 14506880 10840176 0 0 0 13266250 0 0 712 0 
0 0 0 0 0 0 0 0 0 0 0 0 0 0 0 0 0 0 0 0 0 0 0 3 0 39328 39323 0 0 111 0 0 15 32494080 0 0 0 0 0 0 13277836 712 0 0 
0 0 0 0 0 0 0 0 0 0 0 0 0 0 0 0 0 0 0 0 0 0 0 3 39329 0 0 6 0 0 111 15 0 7121793 14519563 10851294 0 0 0 13279406 0 0 712 0 
0 0 0 0 0 0 0 0 0 0 0 0 0 0 0 0 0 0 0 0 0 0 0 3 0 39384 39379 0 0 111 0 0 15 32531884 0 0 0 0 0 0 13293423 712 0 0 
0 0 0 0 0 0 0 0 0 0 0 0 0 0 0 0 0 0 0 0 0 0 0 3 39385 0 0 6 0 0 111 15 0 7130951 14535193 10864308 0 0 0 13294996 0 0 712 0 
0 0 0 0 0 0 0 0 0 0 0 0 0 0 0 0 0 0 0 0 0 0 0 3 0 39396 39391 0 0 111 0 0 15 32556076 0 0 0 0 0 0 13302403 712 0 0 
0 0 0 0 0 0 0 0 0 0 0 0 0 0 0 0 0 0 0 0 0 0 0 3 39397 0 0 6 0 0 111 15 0 7136283 14547413 10870945 0 0 0 13303975 0 0 712 0 
0 0 0 0 0 0 0 0 0 0 0 0 0 0 0 0 0 0 0 0 0 0 0 3 0 39452 39447 0 0 111 0 0 15 32581699 0 0 0 0 0 0 13313989 712 0 0 
0 0 0 0 0 0 0 0 0 0 0 0 0 0 0 0 0 0 0 0 0 0 0 3 39453 0 0 6 0 0 111 15 0 7142508 14556049 10881709 0 0 0 13315563 0 0 712 0 
0 0 0 0 0 0 0 0 0 0 0 0 0 0 0 0 0 0 0 0 0 0 0 3 0 39507 39499 0 0 111 0 0 15 32615983 0 0 0 0 0 0 13329807 712 0 0 
0 0 0 0 0 0 0 0 0 0 0 0 0 0 0 0 0 0 0 0 0 0 0 3 39505 0 0 6 0 0 111 15 0 7149289 14571657 10893596 0 0 0 13331382 0 0 712 0 
0 0 0 0 0 0 0 0 0 0 0 0 0 0 0 0 0 0 0 0 0 0 0 3 0 39536 39531 0 0 111 0 0 15 32653053 0 0 0 0 0 0 13345863 712 0 0 
0 0 0 0 0 0 0 0 0 0 0 0 0 0 0 0 0 0 0 0 0 0 0 3 39537 0 0 6 0 0 111 15 0 7157223 14587607 10906771 0 0 0 13347439 0 0 712 0 
0 0 0 0 0 0 0 0 0 0 0 0 0 0 0 0 0 0 0 0 0 0 0 3 0 39572 39567 0 0 111 0 0 15 32670379 0 0 0 0 0 0 13353054 712 0 0 
0 0 0 0 0 0 0 0 0 0 0 0 0 0 0 0 0 0 0 0 0 0 0 3 39573 0 0 6 0 0 111 15 0 7161588 14594996 10912342 0 0 0 13354631 0 0 712 0 
0 0 0 0 0 0 0 0 0 0 0 0 0 0 0 0 0 0 0 0 0 0 0 3 0 39628 39623 0 0 111 0 0 15 32698321 0 0 0 0 0 0 13363653 712 0 0 
0 0 0 0 0 0 0 0 0 0 0 0 0 0 0 0 0 0 0 0 0 0 0 3 39629 0 0 6 0 0 111 15 0 7167622 14605590 10923645 0 0 0 13365233 0 0 712 0 
0 0 0 0 0 0 0 0 0 0 0 0 0 0 0 0 0 0 0 0 0 0 0 3 0 39684 39679 0 0 111 0 0 15 32735537 0 0 0 0 0 0 13378633 712 0 0 
0 0 0 0 0 0 0 0 0 0 0 0 0 0 0 0 0 0 0 0 0 0 0 3 39685 0 0 6 0 0 111 15 0 7176781 14620611 10936677 0 0 0 13380214 0 0 712 0 
0 0 0 0 0 0 0 0 0 0 0 0 0 0 0 0 0 0 0 0 0 0 0 3 0 39692 39687 0 0 111 0 0 15 32762375 0 0 0 0 0 0 13391716 712 0 0 
0 0 0 0 0 0 0 0 0 0 0 0 0 0 0 0 0 0 0 0 0 0 0 3 39693 0 0 6 0 0 111 15 0 7181543 14635802 10943560 0 0 0 13393298 0 0 712 0 
0 0 0 0 0 0 0 0 0 0 0 0 0 0 0 0 0 0 0 0 0 0 0 3 0 39748 39743 0 0 111 0 0 15 32784082 0 0 0 0 0 0 13400974 712 0 0 
0 0 0 0 0 0 0 0 0 0 0 0 0 0 0 0 0 0 0 0 0 0 0 3 39749 0 0 6 0 0 111 15 0 7185955 14642993 10953662 0 0 0 13402557 0 0 712 0 
0 0 0 0 0 0 0 0 0 0 0 0 0 0 0 0 0 0 0 0 0 0 0 3 0 39804 39799 0 0 111 0 0 15 32821166 0 0 0 0 0 0 13415530 712 0 0 
0 0 0 0 0 0 0 0 0 0 0 0 0 0 0 0 0 0 0 0 0 0 0 3 39805 0 0 6 0 0 111 15 0 7195108 14657597 10966983 0 0 0 13417120 0 0 712 0 
0 0 0 0 0 0 0 0 0 0 0 0 0 0 0 0 0 0 0 0 0 0 0 3 0 39815 39807 0 0 111 0 0 15 32847707 0 0 0 0 0 0 13426702 712 0 0 
0 0 0 0 0 0 0 0 0 0 0 0 0 0 0 0 0 0 0 0 0 0 0 3 39813 0 0 6 0 0 111 15 0 7200439 14671810 10973980 0 0 0 13428291 0 0 712 0 
0 0 0 0 0 0 0 0 0 0 0 0 0 0 0 0 0 0 0 0 0 0 0 3 0 39872 39867 0 0 111 0 0 15 32875586 0 0 0 0 0 0 13440190 712 0 0 
0 0 0 0 0 0 0 0 0 0 0 0 0 0 0 0 0 0 0 0 0 0 0 3 39873 0 0 6 0 0 111 15 0 7206787 14682487 10984830 0 0 0 13441784 0 0 712 0 
0 0 0 0 0 0 0 0 0 0 0 0 0 0 0 0 0 0 0 0 0 0 0 3 0 39927 39919 0 0 111 0 0 15 32905808 0 0 0 0 0 0 13452104 712 0 0 
0 0 0 0 0 0 0 0 0 0 0 0 0 0 0 0 0 0 0 0 0 0 0 3 39925 0 0 6 0 0 111 15 0 7213448 14694257 10996623 0 0 0 13453700 0 0 712 0 
0 0 0 0 0 0 0 0 0 0 0 0 0 0 0 0 0 0 0 0 0 0 0 3 0 39948 39943 0 0 111 0 0 15 32939322 0 0 0 0 0 0 13465349 712 0 0 
0 0 0 0 0 0 0 0 0 0 0 0 0 0 0 0 0 0 0 0 0 0 0 3 39949 0 0 6 0 0 111 15 0 7221146 14707497 11009196 0 0 0 13466946 0 0 712 0 
0 0 0 0 0 0 0 0 0 0 0 0 0 0 0 0 0 0 0 0 0 0 0 3 0 39991 39987 0 0 111 0 0 15 32962398 0 0 0 0 0 0 13478143 712 0 0 
0 0 0 0 0 0 0 0 0 0 0 0 0 0 0 0 0 0 0 0 0 0 0 3 39993 0 0 6 0 0 111 15 0 7225811 14720491 11014615 0 0 0 13479742 0 0 712 0 
0 0 0 0 0 0 0 0 0 0 0 0 0 0 0 0 0 0 0 0 0 0 0 3 0 40046 40043 0 0 111 0 0 15 32992718 0 0 0 0 0 0 13491385 712 0 0 
0 0 0 0 0 0 0 0 0 0 0 0 0 0 0 0 0 0 0 0 0 0 0 3 40049 0 0 6 0 0 111 15 0 7231782 14733628 11025821 0 0 0 13492988 0 0 712 0 
0 0 0 0 0 0 0 0 0 0 0 0 0 0 0 0 0 0 0 0 0 0 0 3 0 40090 40083 0 0 111 0 0 15 33032635 0 0 0 0 0 0 13507113 712 0 0 
0 0 0 0 0 0 0 0 0 0 0 0 0 0 0 0 0 0 0 0 0 0 0 3 40089 0 0 6 0 0 111 15 0 7243587 14749391 11038174 0 0 0 13508715 0 0 712 0 
<====
0 0 0 0 0 0 0 0 0 0 0 0 0 0 0 0 0 0 0 0 0 0 0 3 0 40102 40095 0 0 111 0 0 15 33037324 0 0 0 0 0 0 13507458 712 0 0 
0 0 0 0 0 0 0 0 0 0 0 0 0 0 0 0 0 0 0 0 0 0 0 3 40101 0 0 6 0 0 111 15 0 7247585 14749736 11038519 0 0 0 13509060 0 0 712 0 
0 0 0 0 0 0 0 0 0 0 0 0 0 0 0 0 0 0 0 0 0 0 0 3 0 40102 40095 0 0 111 0 0 15 33037324 0 0 0 0 0 0 13507458 712 0 0 
0 0 0 0 0 0 0 0 0 0 0 0 0 0 0 0 0 0 0 0 0 0 0 3 40101 0 0 6 0 0 111 15 0 7247585 14749736 11038519 0 0 0 13509060 0 0 712 0 
0 0 0 0 0 0 0 0 0 0 0 0 0 0 0 0 0 0 0 0 0 0 0 3 0 40102 40095 0 0 111 0 0 15 33037324 0 0 0 0 0 0 13507458 712 0 0 
0 0 0 0 0 0 0 0 0 0 0 0 0 0 0 0 0 0 0 0 0 0 0 3 40101 0 0 6 0 0 111 15 0 7247585 14749736 11038519 0 0 0 13509060 0 0 712 0 
0 0 0 0 0 0 0 0 0 0 0 0 0 0 0 0 0 0 0 0 0 0 0 3 0 40102 40095 0 0 111 0 0 15 33037324 0 0 0 0 0 0 13507458 712 0 0 
0 0 0 0 0 0 0 0 0 0 0 0 0 0 0 0 0 0 0 0 0 0 0 3 40101 0 0 6 0 0 111 15 0 7247585 14749736 11038519 0 0 0 13509060 0 0 712 0 
0 0 0 0 0 0 0 0 0 0 0 0 0 0 0 0 0 0 0 0 0 0 0 3 0 40102 40095 0 0 111 0 0 15 33037324 0 0 0 0 0 0 13507458 712 0 0 
0 0 0 0 0 0 0 0 0 0 0 0 0 0 0 0 0 0 0 0 0 0 0 3 40101 0 0 6 0 0 111 15 0 7247585 14749736 11038519 0 0 0 13509060 0 0 712 0 
0 0 0 0 0 0 0 0 0 0 0 0 0 0 0 0 0 0 0 0 0 0 0 3 0 40102 40095 0 0 111 0 0 15 33037324 0 0 0 0 0 0 13507458 712 0 0 
0 0 0 0 0 0 0 0 0 0 0 0 0 0 0 0 0 0 0 0 0 0 0 3 40101 0 0 6 0 0 111 15 0 7247585 14749736 11038519 0 0 0 13509060 0 0 712 0 
0 0 0 0 0 0 0 0 0 0 0 0 0 0 0 0 0 0 0 0 0 0 0 3 0 40102 40095 0 0 111 0 0 15 33037324 0 0 0 0 0 0 13507458 712 0 0 
0 0 0 0 0 0 0 0 0 0 0 0 0 0 0 0 0 0 0 0 0 0 0 3 40101 0 0 6 0 0 111 15 0 7247585 14749736 11038519 0 0 0 13509060 0 0 712 0 
0 0 0 0 0 0 0 0 0 0 0 0 0 0 0 0 0 0 0 0 0 0 0 3 0 40102 40095 0 0 111 0 0 15 33037324 0 0 0 0 0 0 13507458 712 0 0 
0 0 0 0 0 0 0 0 0 0 0 0 0 0 0 0 0 0 0 0 0 0 0 3 40101 0 0 6 0 0 111 15 0 7247585 14749736 11038519 0 0 0 13509060 0 0 712 0 
0 0 0 0 0 0 0 0 0 0 0 0 0 0 0 0 0 0 0 0 0 0 0 3 0 40102 40095 0 0 111 0 0 15 33037324 0 0 0 0 0 0 13507458 712 0 0 
0 0 0 0 0 0 0 0 0 0 0 0 0 0 0 0 0 0 0 0 0 0 0 3 40101 0 0 6 0 0 111 15 0 7247585 14749736 11038519 0 0 0 13509060 0 0 712 0 
0 0 0 0 0 0 0 0 0 0 0 0 0 0 0 0 0 0 0 0 0 0 0 3 0 40102 40095 0 0 111 0 0 15 33037324 0 0 0 0 0 0 13507458 712 0 0 
0 0 0 0 0 0 0 0 0 0 0 0 0 0 0 0 0 0 0 0 0 0 0 3 40101 0 0 6 0 0 111 15 0 7247585 14749736 11038519 0 0 0 13509060 0 0 712 0 
0 0 0 0 0 0 0 0 0 0 0 0 0 0 0 0 0 0 0 0 0 0 0 3 0 40102 40095 0 0 111 0 0 15 33037324 0 0 0 0 0 0 13507458 712 0 0 
0 0 0 0 0 0 0 0 0 0 0 0 0 0 0 0 0 0 0 0 0 0 0 3 40101 0 0 6 0 0 111 15 0 7247585 14749736 11038519 0 0 0 13509060 0 0 712 0 
0 0 0 0 0 0 0 0 0 0 0 0 0 0 0 0 0 0 0 0 0 0 0 3 0 40102 40095 0 0 111 0 0 15 33037324 0 0 0 0 0 0 13507458 712 0 0 
0 0 0 0 0 0 0 0 0 0 0 0 0 0 0 0 0 0 0 0 0 0 0 3 40101 0 0 6 0 0 111 15 0 7247585 14749736 11038519 0 0 0 13509060 0 0 712 0 
0 0 0 0 0 0 0 0 0 0 0 0 0 0 0 0 0 0 0 0 0 0 0 3 0 40102 40095 0 0 111 0 0 15 33037324 0 0 0 0 0 0 13507458 712 0 0 
0 0 0 0 0 0 0 0 0 0 0 0 0 0 0 0 0 0 0 0 0 0 0 3 40101 0 0 6 0 0 111 15 0 7247585 14749736 11038519 0 0 0 13509060 0 0 712 0 
0 0 0 0 0 0 0 0 0 0 0 0 0 0 0 0 0 0 0 0 0 0 0 3 0 40102 40095 0 0 111 0 0 15 33037324 0 0 0 0 0 0 13507458 712 0 0 
0 0 0 0 0 0 0 0 0 0 0 0 0 0 0 0 0 0 0 0 0 0 0 3 40101 0 0 6 0 0 111 15 0 7247585 14749736 11038519 0 0 0 13509060 0 0 712 0 
0 0 0 0 0 0 0 0 0 0 0 0 0 0 0 0 0 0 0 0 0 0 0 3 0 40102 40095 0 0 111 0 0 15 33037324 0 0 0 0 0 0 13507458 712 0 0 
0 0 0 0 0 0 0 0 0 0 0 0 0 0 0 0 0 0 0 0 0 0 0 3 40101 0 0 6 0 0 111 15 0 7247585 14749736 11038519 0 0 0 13509060 0 0 712 0 
0 0 0 0 0 0 0 0 0 0 0 0 0 0 0 0 0 0 0 0 0 0 0 3 0 40102 40095 0 0 111 0 0 15 33037324 0 0 0 0 0 0 13507458 712 0 0 
0 0 0 0 0 0 0 0 0 0 0 0 0 0 0 0 0 0 0 0 0 0 0 3 40101 0 0 6 0 0 111 15 0 7247585 14749736 11038519 0 0 0 13509060 0 0 712 0 
0 0 0 0 0 0 0 0 0 0 0 0 0 0 0 0 0 0 0 0 0 0 0 3 0 40102 40095 0 0 111 0 0 15 33037324 0 0 0 0 0 0 13507458 712 0 0 
0 0 0 0 0 0 0 0 0 0 0 0 0 0 0 0 0 0 0 0 0 0 0 3 40101 0 0 6 0 0 111 15 0 7247585 14749736 11038519 0 0 0 13509060 0 0 712 0 
0 0 0 0 0 0 0 0 0 0 0 0 0 0 0 0 0 0 0 0 0 0 0 3 0 40102 40095 0 0 111 0 0 15 33037324 0 0 0 0 0 0 13507458 712 0 0 
0 0 0 0 0 0 0 0 0 0 0 0 0 0 0 0 0 0 0 0 0 0 0 3 40101 0 0 6 0 0 111 15 0 7247585 14749736 11038519 0 0 0 13509060 0 0 712 0 
0 0 0 0 0 0 0 0 0 0 0 0 0 0 0 0 0 0 0 0 0 0 0 3 0 40102 40095 0 0 111 0 0 15 33037324 0 0 0 0 0 0 13507458 712 0 0 
0 0 0 0 0 0 0 0 0 0 0 0 0 0 0 0 0 0 0 0 0 0 0 3 40101 0 0 6 0 0 111 15 0 7247585 14749736 11038519 0 0 0 13509060 0 0 712 0 
0 0 0 0 0 0 0 0 0 0 0 0 0 0 0 0 0 0 0 0 0 0 0 3 0 40102 40095 0 0 111 0 0 15 33037324 0 0 0 0 0 0 13507458 712 0 0 
0 0 0 0 0 0 0 0 0 0 0 0 0 0 0 0 0 0 0 0 0 0 0 3 40101 0 0 6 0 0 111 15 0 7247585 14749736 11038519 0 0 0 13509060 0 0 712 0 
0 0 0 0 0 0 0 0 0 0 0 0 0 0 0 0 0 0 0 0 0 0 0 3 0 40102 40095 0 0 111 0 0 15 33037324 0 0 0 0 0 0 13507458 712 0 0 
0 0 0 0 0 0 0 0 0 0 0 0 0 0 0 0 0 0 0 0 0 0 0 3 40101 0 0 6 0 0 111 15 0 7247585 14749736 11038519 0 0 0 13509060 0 0 712 0 
0 0 0 0 0 0 0 0 0 0 0 0 0 0 0 0 0 0 0 0 0 0 0 3 0 40102 40095 0 0 111 0 0 15 33037324 0 0 0 0 0 0 13507458 712 0 0 
0 0 0 0 0 0 0 0 0 0 0 0 0 0 0 0 0 0 0 0 0 0 0 3 40101 0 0 6 0 0 111 15 0 7247585 14749736 11038519 0 0 0 13509060 0 0 712 0 
0 0 0 0 0 0 0 0 0 0 0 0 0 0 0 0 0 0 0 0 0 0 0 3 0 40102 40095 0 0 111 0 0 15 33037324 0 0 0 0 0 0 13507458 712 0 0 
0 0 0 0 0 0 0 0 0 0 0 0 0 0 0 0 0 0 0 0 0 0 0 3 40101 0 0 6 0 0 111 15 0 7247585 14749736 11038519 0 0 0 13509060 0 0 712 0 
0 0 0 0 0 0 0 0 0 0 0 0 0 0 0 0 0 0 0 0 0 0 0 3 0 40102 40095 0 0 111 0 0 15 33037324 0 0 0 0 0 0 13507458 712 0 0 
0 0 0 0 0 0 0 0 0 0 0 0 0 0 0 0 0 0 0 0 0 0 0 3 40101 0 0 6 0 0 111 15 0 7247585 14749736 11038519 0 0 0 13509060 0 0 712 0 
0 0 0 0 0 0 0 0 0 0 0 0 0 0 0 0 0 0 0 0 0 0 0 3 0 40102 40095 0 0 111 0 0 15 33037324 0 0 0 0 0 0 13507458 712 0 0 
0 0 0 0 0 0 0 0 0 0 0 0 0 0 0 0 0 0 0 0 0 0 0 3 40101 0 0 6 0 0 111 15 0 7247585 14749736 11038519 0 0 0 13509060 0 0 712 0 
0 0 0 0 0 0 0 0 0 0 0 0 0 0 0 0 0 0 0 0 0 0 0 3 0 40102 40095 0 0 111 0 0 15 33037324 0 0 0 0 0 0 13507458 712 0 0 
0 0 0 0 0 0 0 0 0 0 0 0 0 0 0 0 0 0 0 0 0 0 0 3 40101 0 0 6 0 0 111 15 0 7247585 14749736 11038519 0 0 0 13509060 0 0 712 0 
0 0 0 0 0 0 0 0 0 0 0 0 0 0 0 0 0 0 0 0 0 0 0 3 0 40102 40095 0 0 111 0 0 15 33037324 0 0 0 0 0 0 13507458 712 0 0 
0 0 0 0 0 0 0 0 0 0 0 0 0 0 0 0 0 0 0 0 0 0 0 3 40101 0 0 6 0 0 111 15 0 7247585 14749736 11038519 0 0 0 13509060 0 0 712 0 
0 0 0 0 0 0 0 0 0 0 0 0 0 0 0 0 0 0 0 0 0 0 0 3 0 40102 40095 0 0 111 0 0 15 33037324 0 0 0 0 0 0 13507458 712 0 0 
0 0 0 0 0 0 0 0 0 0 0 0 0 0 0 0 0 0 0 0 0 0 0 3 40101 0 0 6 0 0 111 15 0 7247585 14749736 11038519 0 0 0 13509060 0 0 712 0 
0 0 0 0 0 0 0 0 0 0 0 0 0 0 0 0 0 0 0 0 0 0 0 3 0 40102 40095 0 0 111 0 0 15 33037324 0 0 0 0 0 0 13507458 712 0 0 
0 0 0 0 0 0 0 0 0 0 0 0 0 0 0 0 0 0 0 0 0 0 0 3 40101 0 0 6 0 0 111 15 0 7247585 14749736 11038519 0 0 0 13509060 0 0 712 0 
0 0 0 0 0 0 0 0 0 0 0 0 0 0 0 0 0 0 0 0 0 0 0 3 0 40102 40095 0 0 111 0 0 15 33037324 0 0 0 0 0 0 13507458 712 0 0 
0 0 0 0 0 0 0 0 0 0 0 0 0 0 0 0 0 0 0 0 0 0 0 3 40101 0 0 6 0 0 111 15 0 7247585 14749736 11038519 0 0 0 13509060 0 0 712 0 
0 0 0 0 0 0 0 0 0 0 0 0 0 0 0 0 0 0 0 0 0 0 0 3 0 40102 40095 0 0 111 0 0 15 33037324 0 0 0 0 0 0 13507458 712 0 0 
0 0 0 0 0 0 0 0 0 0 0 0 0 0 0 0 0 0 0 0 0 0 0 3 40101 0 0 6 0 0 111 15 0 7247585 14749736 11038519 0 0 0 13509060 0 0 712 0 
0 0 0 0 0 0 0 0 0 0 0 0 0 0 0 0 0 0 0 0 0 0 0 3 0 40102 40095 0 0 111 0 0 15 33037324 0 0 0 0 0 0 13507458 712 0 0 
0 0 0 0 0 0 0 0 0 0 0 0 0 0 0 0 0 0 0 0 0 0 0 3 40101 0 0 6 0 0 111 15 0 7247585 14749736 11038519 0 0 0 13509060 0 0 712 0 
0 0 0 0 0 0 0 0 0 0 0 0 0 0 0 0 0 0 0 0 0 0 0 3 0 40102 40095 0 0 111 0 0 15 33037324 0 0 0 0 0 0 13507458 712 0 0 
0 0 0 0 0 0 0 0 0 0 0 0 0 0 0 0 0 0 0 0 0 0 0 3 40101 0 0 6 0 0 111 15 0 7247585 14749736 11038519 0 0 0 13509060 0 0 712 0 
0 0 0 0 0 0 0 0 0 0 0 0 0 0 0 0 0 0 0 0 0 0 0 3 0 40102 40095 0 0 111 0 0 15 33037324 0 0 0 0 0 0 13507458 712 0 0 
0 0 0 0 0 0 0 0 0 0 0 0 0 0 0 0 0 0 0 0 0 0 0 3 40101 0 0 6 0 0 111 15 0 7247585 14749736 11038519 0 0 0 13509060 0 0 712 0 
0 0 0 0 0 0 0 0 0 0 0 0 0 0 0 0 0 0 0 0 0 0 0 3 0 40102 40095 0 0 111 0 0 15 33037324 0 0 0 0 0 0 13507458 712 0 0 
0 0 0 0 0 0 0 0 0 0 0 0 0 0 0 0 0 0 0 0 0 0 0 3 40101 0 0 6 0 0 111 15 0 7247585 14749736 11038519 0 0 0 13509060 0 0 712 0 
0 0 0 0 0 0 0 0 0 0 0 0 0 0 0 0 0 0 0 0 0 0 0 3 0 40102 40095 0 0 111 0 0 15 33037324 0 0 0 0 0 0 13507458 712 0 0 
0 0 0 0 0 0 0 0 0 0 0 0 0 0 0 0 0 0 0 0 0 0 0 3 40101 0 0 6 0 0 111 15 0 7247585 14749736 11038519 0 0 0 13509060 0 0 712 0 
0 0 0 0 0 0 0 0 0 0 0 0 0 0 0 0 0 0 0 0 0 0 0 3 0 40102 40095 0 0 111 0 0 15 33037324 0 0 0 0 0 0 13507458 712 0 0 
0 0 0 0 0 0 0 0 0 0 0 0 0 0 0 0 0 0 0 0 0 0 0 3 40101 0 0 6 0 0 111 15 0 7247585 14749736 11038519 0 0 0 13509060 0 0 712 0 
0 0 0 0 0 0 0 0 0 0 0 0 0 0 0 0 0 0 0 0 0 0 0 3 0 40102 40095 0 0 111 0 0 15 33037324 0 0 0 0 0 0 13507458 712 0 0 
0 0 0 0 0 0 0 0 0 0 0 0 0 0 0 0 0 0 0 0 0 0 0 3 40101 0 0 6 0 0 111 15 0 7247585 14749736 11038519 0 0 0 13509060 0 0 712 0 
