0 0 0 0 0 0 0 0 0 0 0 0 0 0 0 0 0 0 0 0 0 0 0 3 84013 0 0 19 0 0 313 52 0 74404010 0 0 0 0 0 29498903 0 0 2094 0 
0 0 0 0 0 0 0 0 0 0 0 0 0 0 0 0 0 0 0 0 0 0 0 3 0 84013 83991 0 0 316 0 0 52 57944282 16659569 0 0 0 0 0 29526974 2119 0 0 
0 0 0 0 0 0 0 0 0 0 0 0 0 0 0 0 0 0 0 0 0 0 0 3 84013 0 0 19 0 0 313 52 0 74404010 0 0 0 0 0 29498903 0 0 2094 0 
0 0 0 0 0 0 0 0 0 0 0 0 0 0 0 0 0 0 0 0 0 0 0 3 0 84013 83991 0 0 316 0 0 52 57944282 16659569 0 0 0 0 0 29526974 2119 0 0 
0 0 0 0 0 0 0 0 0 0 0 0 0 0 0 0 0 0 0 0 0 0 0 3 84013 0 0 19 0 0 313 52 0 74404010 0 0 0 0 0 29498903 0 0 2094 0 
0 0 0 0 0 0 0 0 0 0 0 0 0 0 0 0 0 0 0 0 0 0 0 3 0 84013 83991 0 0 316 0 0 52 57944282 16659569 0 0 0 0 0 29526974 2119 0 0 
0 0 0 0 0 0 0 0 0 0 0 0 0 0 0 0 0 0 0 0 0 0 0 3 84013 0 0 19 0 0 313 52 0 74404010 0 0 0 0 0 29498903 0 0 2094 0 
0 0 0 0 0 0 0 0 0 0 0 0 0 0 0 0 0 0 0 0 0 0 0 3 0 84013 83991 0 0 316 0 0 52 57944282 16659569 0 0 0 0 0 29526974 2119 0 0 
0 0 0 0 0 0 0 0 0 0 0 0 0 0 0 0 0 0 0 0 0 0 0 3 84013 0 0 19 0 0 313 52 0 74404010 0 0 0 0 0 29498903 0 0 2094 0 
0 0 0 0 0 0 0 0 0 0 0 0 0 0 0 0 0 0 0 0 0 0 0 3 0 84013 83991 0 0 316 0 0 52 57944282 16659569 0 0 0 0 0 29526974 2119 0 0 
0 0 0 0 0 0 0 0 0 0 0 0 0 0 0 0 0 0 0 0 0 0 0 3 84013 0 0 19 0 0 313 52 0 74404010 0 0 0 0 0 29498903 0 0 2094 0 
0 0 0 0 0 0 0 0 0 0 0 0 0 0 0 0 0 0 0 0 0 0 0 3 0 84013 83991 0 0 316 0 0 52 57944282 16659569 0 0 0 0 0 29526974 2119 0 0 
0 0 0 0 0 0 0 0 0 0 0 0 0 0 0 0 0 0 0 0 0 0 0 3 84109 0 0 19 0 0 327 52 0 74445412 0 0 0 0 0 29503068 0 0 2094 0 
0 0 0 0 0 0 0 0 0 0 0 0 0 0 0 0 0 0 0 0 0 0 0 3 0 84101 84087 0 0 330 0 0 52 57983970 16661316 0 0 0 0 0 29531139 2119 0 0 
0 0 0 0 0 0 0 0 0 0 0 0 0 0 0 0 0 0 0 0 0 0 0 3 84133 0 0 19 0 0 327 52 0 74494346 0 0 0 0 0 29522018 0 0 2094 0 
0 0 0 0 0 0 0 0 0 0 0 0 0 0 0 0 0 0 0 0 0 0 0 3 0 84125 84111 0 0 330 0 0 52 58024706 16669579 0 0 0 0 0 29550092 2119 0 0 
0 0 0 0 0 0 0 0 0 0 0 0 0 0 0 0 0 0 0 0 0 0 0 3 84237 0 0 19 0 0 327 52 0 74547973 0 0 0 0 0 29543489 0 0 2094 0 
0 0 0 0 0 0 0 0 0 0 0 0 0 0 0 0 0 0 0 0 0 0 0 3 0 84231 84215 0 0 330 0 0 52 58066513 16681437 0 0 0 0 0 29571569 2119 0 0 
0 0 0 0 0 0 0 0 0 0 0 0 0 0 0 0 0 0 0 0 0 0 0 3 84349 0 0 19 0 0 327 52 0 74620216 0 0 0 0 0 29573537 0 0 2094 0 
0 0 0 0 0 0 0 0 0 0 0 0 0 0 0 0 0 0 0 0 0 0 0 3 0 84341 84327 0 0 330 0 0 52 58124463 16695888 0 0 0 0 0 29601612 2119 0 0 
0 0 0 0 0 0 0 0 0 0 0 0 0 0 0 0 0 0 0 0 0 0 0 3 84389 0 0 19 0 0 327 52 0 74688385 0 0 0 0 0 29602598 0 0 2094 0 
0 0 0 0 0 0 0 0 0 0 0 0 0 0 0 0 0 0 0 0 0 0 0 3 0 84386 84367 0 0 330 0 0 52 58177426 16711212 0 0 0 0 0 29630680 2119 0 0 
0 0 0 0 0 0 0 0 0 0 0 0 0 0 0 0 0 0 0 0 0 0 0 3 84485 0 0 19 0 0 327 52 0 74729461 0 0 0 0 0 29621450 0 0 2094 0 
0 0 0 0 0 0 0 0 0 0 0 0 0 0 0 0 0 0 0 0 0 0 0 3 0 84477 84463 0 0 330 0 0 52 58209394 16720357 0 0 0 0 0 29649532 2119 0 0 
0 0 0 0 0 0 0 0 0 0 0 0 0 0 0 0 0 0 0 0 0 0 0 3 84597 0 0 19 0 0 327 52 0 74791214 0 0 0 0 0 29647050 0 0 2094 0 
0 0 0 0 0 0 0 0 0 0 0 0 0 0 0 0 0 0 0 0 0 0 0 3 0 84589 84575 0 0 330 0 0 52 58259358 16732236 0 0 0 0 0 29675138 2119 0 0 
0 0 0 0 0 0 0 0 0 0 0 0 0 0 0 0 0 0 0 0 0 0 0 3 84709 0 0 19 0 0 327 52 0 74860197 0 0 0 0 0 29673842 0 0 2094 0 
0 0 0 0 0 0 0 0 0 0 0 0 0 0 0 0 0 0 0 0 0 0 0 3 0 84701 84687 0 0 330 0 0 52 58310284 16750419 0 0 0 0 0 29701932 2119 0 0 
0 0 0 0 0 0 0 0 0 0 0 0 0 0 0 0 0 0 0 0 0 0 0 3 84725 0 0 19 0 0 327 52 0 74900070 0 0 0 0 0 29698452 0 0 2094 0 
0 0 0 0 0 0 0 0 0 0 0 0 0 0 0 0 0 0 0 0 0 0 0 3 0 84717 84703 0 0 330 0 0 52 58343916 16756694 0 0 0 0 0 29726542 2119 0 0 
0 0 0 0 0 0 0 0 0 0 0 0 0 0 0 0 0 0 0 0 0 0 0 3 84837 0 0 19 0 0 327 52 0 74959294 0 0 0 0 0 29723792 0 0 2094 0 
0 0 0 0 0 0 0 0 0 0 0 0 0 0 0 0 0 0 0 0 0 0 0 3 0 84829 84815 0 0 330 0 0 52 58391349 16768595 0 0 0 0 0 29751883 2119 0 0 
0 0 0 0 0 0 0 0 0 0 0 0 0 0 0 0 0 0 0 0 0 0 0 3 84925 0 0 19 0 0 327 52 0 75030831 0 0 0 0 0 29752861 0 0 2094 0 
0 0 0 0 0 0 0 0 0 0 0 0 0 0 0 0 0 0 0 0 0 0 0 3 0 84921 84903 0 0 330 0 0 52 58445613 16786004 0 0 0 0 0 29780949 2119 0 0 
0 0 0 0 0 0 0 0 0 0 0 0 0 0 0 0 0 0 0 0 0 0 0 3 84965 0 0 19 0 0 327 52 0 75076818 0 0 0 0 0 29772003 0 0 2094 0 
0 0 0 0 0 0 0 0 0 0 0 0 0 0 0 0 0 0 0 0 0 0 0 3 0 84957 84943 0 0 330 0 0 52 58482496 16795150 0 0 0 0 0 29800093 2119 0 0 
0 0 0 0 0 0 0 0 0 0 0 0 0 0 0 0 0 0 0 0 0 0 0 3 85077 0 0 19 0 0 327 52 0 75129068 0 0 0 0 0 29796254 0 0 2094 0 
0 0 0 0 0 0 0 0 0 0 0 0 0 0 0 0 0 0 0 0 0 0 0 3 0 85072 85055 0 0 330 0 0 52 58525101 16804904 0 0 0 0 0 29824343 2119 0 0 
0 0 0 0 0 0 0 0 0 0 0 0 0 0 0 0 0 0 0 0 0 0 0 3 85189 0 0 19 0 0 327 52 0 75202649 0 0 0 0 0 29825312 0 0 2094 0 
0 0 0 0 0 0 0 0 0 0 0 0 0 0 0 0 0 0 0 0 0 0 0 3 0 85181 85167 0 0 330 0 0 52 58580671 16823073 0 0 0 0 0 29853402 2119 0 0 
0 0 0 0 0 0 0 0 0 0 0 0 0 0 0 0 0 0 0 0 0 0 0 3 85221 0 0 19 0 0 327 52 0 75263970 0 0 0 0 0 29848445 0 0 2094 0 
0 0 0 0 0 0 0 0 0 0 0 0 0 0 0 0 0 0 0 0 0 0 0 3 0 85213 85199 0 0 330 0 0 52 58627018 16838162 0 0 0 0 0 29876534 2119 0 0 
0 0 0 0 0 0 0 0 0 0 0 0 0 0 0 0 0 0 0 0 0 0 0 3 85325 0 0 19 0 0 327 52 0 75307971 0 0 0 0 0 29870422 0 0 2094 0 
0 0 0 0 0 0 0 0 0 0 0 0 0 0 0 0 0 0 0 0 0 0 0 3 0 85317 85302 0 0 330 0 0 52 58661918 16847328 0 0 0 0 0 29898512 2119 0 0 
0 0 0 0 0 0 0 0 0 0 0 0 0 0 0 0 0 0 0 0 0 0 0 3 85437 0 0 19 0 0 327 52 0 75370055 0 0 0 0 0 29897968 0 0 2094 0 
0 0 0 0 0 0 0 0 0 0 0 0 0 0 0 0 0 0 0 0 0 0 0 3 0 85429 85414 0 0 330 0 0 52 58712112 16859332 0 0 0 0 0 29926055 2119 0 0 
0 0 0 0 0 0 0 0 0 0 0 0 0 0 0 0 0 0 0 0 0 0 0 3 85549 0 0 19 0 0 327 52 0 75443038 0 0 0 0 0 29927400 0 0 2094 0 
0 0 0 0 0 0 0 0 0 0 0 0 0 0 0 0 0 0 0 0 0 0 0 3 0 85541 85526 0 0 330 0 0 52 58767064 16877496 0 0 0 0 0 29955492 2119 0 0 
0 0 0 0 0 0 0 0 0 0 0 0 0 0 0 0 0 0 0 0 0 0 0 3 85565 0 0 19 0 0 327 52 0 75493523 0 0 0 0 0 29946464 0 0 2094 0 
0 0 0 0 0 0 0 0 0 0 0 0 0 0 0 0 0 0 0 0 0 0 0 3 0 85561 85542 0 0 330 0 0 52 58807322 16887763 0 0 0 0 0 29974556 2119 0 0 
0 0 0 0 0 0 0 0 0 0 0 0 0 0 0 0 0 0 0 0 0 0 0 3 85677 0 0 19 0 0 327 52 0 75539792 0 0 0 0 0 29971416 0 0 2094 0 
0 0 0 0 0 0 0 0 0 0 0 0 0 0 0 0 0 0 0 0 0 0 0 3 0 85670 85654 0 0 330 0 0 52 58845723 16895734 0 0 0 0 0 29999514 2119 0 0 
0 0 0 0 0 0 0 0 0 0 0 0 0 0 0 0 0 0 0 0 0 0 0 3 85789 0 0 19 0 0 327 52 0 75616031 0 0 0 0 0 30004284 0 0 2094 0 
0 0 0 0 0 0 0 0 0 0 0 0 0 0 0 0 0 0 0 0 0 0 0 3 0 85781 85766 0 0 330 0 0 52 58904020 16913830 0 0 0 0 0 30032381 2119 0 0 
0 0 0 0 0 0 0 0 0 0 0 0 0 0 0 0 0 0 0 0 0 0 0 3 85805 0 0 19 0 0 327 52 0 75664089 0 0 0 0 0 30022245 0 0 2094 0 
0 0 0 0 0 0 0 0 0 0 0 0 0 0 0 0 0 0 0 0 0 0 0 3 0 85804 85782 0 0 330 0 0 52 58941614 16924330 0 0 0 0 0 30050342 2119 0 0 
0 0 0 0 0 0 0 0 0 0 0 0 0 0 0 0 0 0 0 0 0 0 0 3 85925 0 0 19 0 0 327 52 0 75719510 0 0 0 0 0 30048304 0 0 2094 0 
0 0 0 0 0 0 0 0 0 0 0 0 0 0 0 0 0 0 0 0 0 0 0 3 0 85917 85902 0 0 330 0 0 52 58984302 16937208 0 0 0 0 0 30076401 2119 0 0 
0 0 0 0 0 0 0 0 0 0 0 0 0 0 0 0 0 0 0 0 0 0 0 3 86037 0 0 19 0 0 327 52 0 75783771 0 0 0 0 0 30076613 0 0 2094 0 
0 0 0 0 0 0 0 0 0 0 0 0 0 0 0 0 0 0 0 0 0 0 0 3 0 86029 86014 0 0 330 0 0 52 59035708 16950160 0 0 0 0 0 30104712 2119 0 0 
0 0 0 0 0 0 0 0 0 0 0 0 0 0 0 0 0 0 0 0 0 0 0 3 86069 0 0 19 0 0 327 52 0 75855616 0 0 0 0 0 30109322 0 0 2094 0 
0 0 0 0 0 0 0 0 0 0 0 0 0 0 0 0 0 0 0 0 0 0 0 3 0 86061 86046 0 0 330 0 0 52 59092359 16965503 0 0 0 0 0 30137424 2119 0 0 
0 0 0 0 0 0 0 0 0 0 0 0 0 0 0 0 0 0 0 0 0 0 0 3 86165 0 0 19 0 0 327 52 0 75894935 0 0 0 0 0 30126410 0 0 2094 0 
0 0 0 0 0 0 0 0 0 0 0 0 0 0 0 0 0 0 0 0 0 0 0 3 0 86157 86142 0 0 330 0 0 52 59123067 16974154 0 0 0 0 0 30154512 2119 0 0 
0 0 0 0 0 0 0 0 0 0 0 0 0 0 0 0 0 0 0 0 0 0 0 3 86277 0 0 19 0 0 327 52 0 75956059 0 0 0 0 0 30151670 0 0 2094 0 
0 0 0 0 0 0 0 0 0 0 0 0 0 0 0 0 0 0 0 0 0 0 0 3 0 86269 86254 0 0 330 0 0 52 59171976 16986475 0 0 0 0 0 30179774 2119 0 0 
0 0 0 0 0 0 0 0 0 0 0 0 0 0 0 0 0 0 0 0 0 0 0 3 86389 0 0 19 0 0 327 52 0 76027375 0 0 0 0 0 30180342 0 0 2094 0 
0 0 0 0 0 0 0 0 0 0 0 0 0 0 0 0 0 0 0 0 0 0 0 3 0 86381 86366 0 0 330 0 0 52 59225312 17004634 0 0 0 0 0 30208446 2119 0 0 
0 0 0 0 0 0 0 0 0 0 0 0 0 0 0 0 0 0 0 0 0 0 0 3 86405 0 0 19 0 0 327 52 0 76065189 0 0 0 0 0 30199456 0 0 2094 0 
0 0 0 0 0 0 0 0 0 0 0 0 0 0 0 0 0 0 0 0 0 0 0 3 0 86397 86382 0 0 330 0 0 52 59256503 17011299 0 0 0 0 0 30227561 2119 0 0 
0 0 0 0 0 0 0 0 0 0 0 0 0 0 0 0 0 0 0 0 0 0 0 3 86517 0 0 19 0 0 327 52 0 76124997 0 0 0 0 0 30224881 0 0 2094 0 
0 0 0 0 0 0 0 0 0 0 0 0 0 0 0 0 0 0 0 0 0 0 0 3 0 86509 86494 0 0 330 0 0 52 59304890 17022796 0 0 0 0 0 30252989 2119 0 0 
0 0 0 0 0 0 0 0 0 0 0 0 0 0 0 0 0 0 0 0 0 0 0 3 86629 0 0 19 0 0 327 52 0 76198124 0 0 0 0 0 30254255 0 0 2094 0 
0 0 0 0 0 0 0 0 0 0 0 0 0 0 0 0 0 0 0 0 0 0 0 3 0 86621 86606 0 0 330 0 0 52 59359956 17041020 0 0 0 0 0 30282371 2119 0 0 
0 0 0 0 0 0 0 0 0 0 0 0 0 0 0 0 0 0 0 0 0 0 0 3 86645 0 0 19 0 0 327 52 0 76246524 0 0 0 0 0 30272631 0 0 2094 0 
0 0 0 0 0 0 0 0 0 0 0 0 0 0 0 0 0 0 0 0 0 0 0 3 0 86644 86622 0 0 330 0 0 52 59398012 17051407 0 0 0 0 0 30300745 2119 0 0 
0 0 0 0 0 0 0 0 0 0 0 0 0 0 0 0 0 0 0 0 0 0 0 3 86757 0 0 19 0 0 327 52 0 76295046 0 0 0 0 0 30299883 0 0 2094 0 
0 0 0 0 0 0 0 0 0 0 0 0 0 0 0 0 0 0 0 0 0 0 0 3 0 86752 86734 0 0 330 0 0 52 59438864 17059192 0 0 0 0 0 30327999 2119 0 0 
0 0 0 0 0 0 0 0 0 0 0 0 0 0 0 0 0 0 0 0 0 0 0 3 86869 0 0 19 0 0 327 52 0 76368203 0 0 0 0 0 30329284 0 0 2094 0 
0 0 0 0 0 0 0 0 0 0 0 0 0 0 0 0 0 0 0 0 0 0 0 3 0 86861 86846 0 0 330 0 0 52 59494046 17077339 0 0 0 0 0 30357401 2119 0 0 
0 0 0 0 0 0 0 0 0 0 0 0 0 0 0 0 0 0 0 0 0 0 0 3 86893 0 0 19 0 0 327 52 0 76429883 0 0 0 0 0 30351363 0 0 2094 0 
0 0 0 0 0 0 0 0 0 0 0 0 0 0 0 0 0 0 0 0 0 0 0 3 0 86888 86870 0 0 330 0 0 52 59540950 17092237 0 0 0 0 0 30379479 2119 0 0 
0 0 0 0 0 0 0 0 0 0 0 0 0 0 0 0 0 0 0 0 0 0 0 3 87005 0 0 19 0 0 327 52 0 76475313 0 0 0 0 0 30374640 0 0 2094 0 
0 0 0 0 0 0 0 0 0 0 0 0 0 0 0 0 0 0 0 0 0 0 0 3 0 86997 86982 0 0 330 0 0 52 59577073 17101621 0 0 0 0 0 30402758 2119 0 0 
0 0 0 0 0 0 0 0 0 0 0 0 0 0 0 0 0 0 0 0 0 0 0 3 87117 0 0 19 0 0 327 52 0 76539834 0 0 0 0 0 30401864 0 0 2094 0 
0 0 0 0 0 0 0 0 0 0 0 0 0 0 0 0 0 0 0 0 0 0 0 3 0 87109 87094 0 0 330 0 0 52 59629623 17113725 0 0 0 0 0 30429987 2119 0 0 
0 0 0 0 0 0 0 0 0 0 0 0 0 0 0 0 0 0 0 0 0 0 0 3 87197 0 0 19 0 0 327 52 0 76610823 0 0 0 0 0 30431465 0 0 2094 0 
0 0 0 0 0 0 0 0 0 0 0 0 0 0 0 0 0 0 0 0 0 0 0 3 0 87196 87174 0 0 330 0 0 52 59683602 17130884 0 0 0 0 0 30459599 2119 0 0 
0 0 0 0 0 0 0 0 0 0 0 0 0 0 0 0 0 0 0 0 0 0 0 3 87245 0 0 19 0 0 327 52 0 76653096 0 0 0 0 0 30452535 0 0 2094 0 
0 0 0 0 0 0 0 0 0 0 0 0 0 0 0 0 0 0 0 0 0 0 0 3 0 87237 87222 0 0 330 0 0 52 59718220 17138565 0 0 0 0 0 30480668 2119 0 0 
0 0 0 0 0 0 0 0 0 0 0 0 0 0 0 0 0 0 0 0 0 0 0 3 87357 0 0 19 0 0 327 52 0 76712381 0 0 0 0 0 30478148 0 0 2094 0 
0 0 0 0 0 0 0 0 0 0 0 0 0 0 0 0 0 0 0 0 0 0 0 3 0 87349 87334 0 0 330 0 0 52 59766057 17150127 0 0 0 0 0 30506283 2119 0 0 
0 0 0 0 0 0 0 0 0 0 0 0 0 0 0 0 0 0 0 0 0 0 0 3 87469 0 0 19 0 0 327 52 0 76785765 0 0 0 0 0 30507539 0 0 2094 0 
0 0 0 0 0 0 0 0 0 0 0 0 0 0 0 0 0 0 0 0 0 0 0 3 0 87461 87445 0 0 330 0 0 52 59821429 17168311 0 0 0 0 0 30535676 2119 0 0 
0 0 0 0 0 0 0 0 0 0 0 0 0 0 0 0 0 0 0 0 0 0 0 3 87485 0 0 19 0 0 327 52 0 76824286 0 0 0 0 0 30528654 0 0 2094 0 
0 0 0 0 0 0 0 0 0 0 0 0 0 0 0 0 0 0 0 0 0 0 0 3 0 87477 87461 0 0 330 0 0 52 59853409 17174890 0 0 0 0 0 30556791 2119 0 0 
0 0 0 0 0 0 0 0 0 0 0 0 0 0 0 0 0 0 0 0 0 0 0 3 87597 0 0 19 0 0 327 52 0 76885104 0 0 0 0 0 30553757 0 0 2094 0 
0 0 0 0 0 0 0 0 0 0 0 0 0 0 0 0 0 0 0 0 0 0 0 3 0 87589 87573 0 0 330 0 0 52 59902695 17186532 0 0 0 0 0 30581900 2119 0 0 
0 0 0 0 0 0 0 0 0 0 0 0 0 0 0 0 0 0 0 0 0 0 0 3 87709 0 0 19 0 0 327 52 0 76956572 0 0 0 0 0 30582119 0 0 2094 0 
0 0 0 0 0 0 0 0 0 0 0 0 0 0 0 0 0 0 0 0 0 0 0 3 0 87701 87685 0 0 330 0 0 52 59956148 17204685 0 0 0 0 0 30610265 2119 0 0 
0 0 0 0 0 0 0 0 0 0 0 0 0 0 0 0 0 0 0 0 0 0 0 3 87725 0 0 19 0 0 327 52 0 76990847 0 0 0 0 0 30599979 0 0 2094 0 
0 0 0 0 0 0 0 0 0 0 0 0 0 0 0 0 0 0 0 0 0 0 0 3 0 87717 87701 0 0 330 0 0 52 59983852 17211288 0 0 0 0 0 30628127 2119 0 0 
0 0 0 0 0 0 0 0 0 0 0 0 0 0 0 0 0 0 0 0 0 0 0 3 87837 0 0 19 0 0 327 52 0 77052080 0 0 0 0 0 30626590 0 0 2094 0 
0 0 0 0 0 0 0 0 0 0 0 0 0 0 0 0 0 0 0 0 0 0 0 3 0 87829 87813 0 0 330 0 0 52 60033606 17222876 0 0 0 0 0 30654737 2119 0 0 
0 0 0 0 0 0 0 0 0 0 0 0 0 0 0 0 0 0 0 0 0 0 0 3 87949 0 0 19 0 0 327 52 0 77124794 0 0 0 0 0 30656283 0 0 2094 0 
0 0 0 0 0 0 0 0 0 0 0 0 0 0 0 0 0 0 0 0 0 0 0 3 0 87941 87925 0 0 330 0 0 52 60088261 17241091 0 0 0 0 0 30684434 2119 0 0 
0 0 0 0 0 0 0 0 0 0 0 0 0 0 0 0 0 0 0 0 0 0 0 3 87965 0 0 19 0 0 327 52 0 77173997 0 0 0 0 0 30674522 0 0 2094 0 
0 0 0 0 0 0 0 0 0 0 0 0 0 0 0 0 0 0 0 0 0 0 0 3 0 87964 87941 0 0 330 0 0 52 60127041 17251543 0 0 0 0 0 30702673 2119 0 0 
0 0 0 0 0 0 0 0 0 0 0 0 0 0 0 0 0 0 0 0 0 0 0 3 88085 0 0 19 0 0 327 52 0 77229630 0 0 0 0 0 30700051 0 0 2094 0 
0 0 0 0 0 0 0 0 0 0 0 0 0 0 0 0 0 0 0 0 0 0 0 3 0 88077 88061 0 0 330 0 0 52 60169917 17264452 0 0 0 0 0 30728210 2119 0 0 
0 0 0 0 0 0 0 0 0 0 0 0 0 0 0 0 0 0 0 0 0 0 0 3 88197 0 0 19 0 0 327 52 0 77292158 0 0 0 0 0 30725753 0 0 2094 0 
0 0 0 0 0 0 0 0 0 0 0 0 0 0 0 0 0 0 0 0 0 0 0 3 0 88189 88172 0 0 330 0 0 52 60219588 17277419 0 0 0 0 0 30753918 2119 0 0 
0 0 0 0 0 0 0 0 0 0 0 0 0 0 0 0 0 0 0 0 0 0 0 3 88309 0 0 19 0 0 327 52 0 77366144 0 0 0 0 0 30755669 0 0 2094 0 
0 0 0 0 0 0 0 0 0 0 0 0 0 0 0 0 0 0 0 0 0 0 0 3 0 88301 88284 0 0 330 0 0 52 60275578 17295585 0 0 0 0 0 30783830 2119 0 0 
0 0 0 0 0 0 0 0 0 0 0 0 0 0 0 0 0 0 0 0 0 0 0 3 88325 0 0 19 0 0 327 52 0 77416120 0 0 0 0 0 30773886 0 0 2094 0 
0 0 0 0 0 0 0 0 0 0 0 0 0 0 0 0 0 0 0 0 0 0 0 3 0 88324 88300 0 0 330 0 0 52 60315271 17305923 0 0 0 0 0 30802047 2119 0 0 
0 0 0 0 0 0 0 0 0 0 0 0 0 0 0 0 0 0 0 0 0 0 0 3 88437 0 0 19 0 0 327 52 0 77464535 0 0 0 0 0 30799486 0 0 2094 0 
0 0 0 0 0 0 0 0 0 0 0 0 0 0 0 0 0 0 0 0 0 0 0 3 0 88429 88412 0 0 330 0 0 52 60355950 17313760 0 0 0 0 0 30827655 2119 0 0 
0 0 0 0 0 0 0 0 0 0 0 0 0 0 0 0 0 0 0 0 0 0 0 3 88549 0 0 19 0 0 327 52 0 77538316 0 0 0 0 0 30829244 0 0 2094 0 
0 0 0 0 0 0 0 0 0 0 0 0 0 0 0 0 0 0 0 0 0 0 0 3 0 88541 88524 0 0 330 0 0 52 60411791 17331853 0 0 0 0 0 30857419 2119 0 0 
0 0 0 0 0 0 0 0 0 0 0 0 0 0 0 0 0 0 0 0 0 0 0 3 88581 0 0 19 0 0 327 52 0 77601747 0 0 0 0 0 30853094 0 0 2094 0 
0 0 0 0 0 0 0 0 0 0 0 0 0 0 0 0 0 0 0 0 0 0 0 3 0 88578 88556 0 0 330 0 0 52 60460137 17347053 0 0 0 0 0 30881271 2119 0 0 
0 0 0 0 0 0 0 0 0 0 0 0 0 0 0 0 0 0 0 0 0 0 0 3 88685 0 0 19 0 0 327 52 0 77646376 0 0 0 0 0 30874726 0 0 2094 0 
0 0 0 0 0 0 0 0 0 0 0 0 0 0 0 0 0 0 0 0 0 0 0 3 0 88677 88660 0 0 330 0 0 52 60495443 17356447 0 0 0 0 0 30902900 2119 0 0 
0 0 0 0 0 0 0 0 0 0 0 0 0 0 0 0 0 0 0 0 0 0 0 3 88797 0 0 19 0 0 327 52 0 77708383 0 0 0 0 0 30901287 0 0 2094 0 
0 0 0 0 0 0 0 0 0 0 0 0 0 0 0 0 0 0 0 0 0 0 0 3 0 88789 88771 0 0 330 0 0 52 60545701 17368293 0 0 0 0 0 30929466 2119 0 0 
0 0 0 0 0 0 0 0 0 0 0 0 0 0 0 0 0 0 0 0 0 0 0 3 88909 0 0 19 0 0 327 52 0 77781375 0 0 0 0 0 30930520 0 0 2094 0 
0 0 0 0 0 0 0 0 0 0 0 0 0 0 0 0 0 0 0 0 0 0 0 3 0 88901 88883 0 0 330 0 0 52 60600651 17386476 0 0 0 0 0 30958705 2119 0 0 
0 0 0 0 0 0 0 0 0 0 0 0 0 0 0 0 0 0 0 0 0 0 0 3 88925 0 0 19 0 0 327 52 0 77829046 0 0 0 0 0 30948783 0 0 2094 0 
0 0 0 0 0 0 0 0 0 0 0 0 0 0 0 0 0 0 0 0 0 0 0 3 0 88917 88899 0 0 330 0 0 52 60638496 17396344 0 0 0 0 0 30976967 2119 0 0 
0 0 0 0 0 0 0 0 0 0 0 0 0 0 0 0 0 0 0 0 0 0 0 3 89037 0 0 19 0 0 327 52 0 77879412 0 0 0 0 0 30976927 0 0 2094 0 
0 0 0 0 0 0 0 0 0 0 0 0 0 0 0 0 0 0 0 0 0 0 0 3 0 89029 89011 0 0 330 0 0 52 60680597 17404720 0 0 0 0 0 31005109 2119 0 0 
0 0 0 0 0 0 0 0 0 0 0 0 0 0 0 0 0 0 0 0 0 0 0 3 89149 0 0 19 0 0 327 52 0 77952680 0 0 0 0 0 31006427 0 0 2094 0 
0 0 0 0 0 0 0 0 0 0 0 0 0 0 0 0 0 0 0 0 0 0 0 3 0 89141 89123 0 0 330 0 0 52 60735834 17422904 0 0 0 0 0 31034612 2119 0 0 
0 0 0 0 0 0 0 0 0 0 0 0 0 0 0 0 0 0 0 0 0 0 0 3 89173 0 0 19 0 0 327 52 0 78013666 0 0 0 0 0 31028586 0 0 2094 0 
0 0 0 0 0 0 0 0 0 0 0 0 0 0 0 0 0 0 0 0 0 0 0 3 0 89172 89147 0 0 330 0 0 52 60781844 17437980 0 0 0 0 0 31056772 2119 0 0 
0 0 0 0 0 0 0 0 0 0 0 0 0 0 0 0 0 0 0 0 0 0 0 3 89285 0 0 19 0 0 327 52 0 78058911 0 0 0 0 0 31051973 0 0 2094 0 
0 0 0 0 0 0 0 0 0 0 0 0 0 0 0 0 0 0 0 0 0 0 0 3 0 89277 89259 0 0 330 0 0 52 60817967 17447156 0 0 0 0 0 31080164 2119 0 0 
0 0 0 0 0 0 0 0 0 0 0 0 0 0 0 0 0 0 0 0 0 0 0 3 89397 0 0 19 0 0 327 52 0 78121141 0 0 0 0 0 31077790 0 0 2094 0 
0 0 0 0 0 0 0 0 0 0 0 0 0 0 0 0 0 0 0 0 0 0 0 3 0 89389 89371 0 0 330 0 0 52 60868155 17459315 0 0 0 0 0 31105978 2119 0 0 
0 0 0 0 0 0 0 0 0 0 0 0 0 0 0 0 0 0 0 0 0 0 0 3 89509 0 0 19 0 0 327 52 0 78194219 0 0 0 0 0 31106820 0 0 2094 0 
0 0 0 0 0 0 0 0 0 0 0 0 0 0 0 0 0 0 0 0 0 0 0 3 0 89501 89483 0 0 330 0 0 52 60923263 17477439 0 0 0 0 0 31135009 2119 0 0 
0 0 0 0 0 0 0 0 0 0 0 0 0 0 0 0 0 0 0 0 0 0 0 3 89541 0 0 19 0 0 327 52 0 78255980 0 0 0 0 0 31129262 0 0 2094 0 
0 0 0 0 0 0 0 0 0 0 0 0 0 0 0 0 0 0 0 0 0 0 0 3 0 89533 89515 0 0 330 0 0 52 60970018 17492570 0 0 0 0 0 31157450 2119 0 0 
0 0 0 0 0 0 0 0 0 0 0 0 0 0 0 0 0 0 0 0 0 0 0 3 89645 0 0 19 0 0 327 52 0 78294524 0 0 0 0 0 31149506 0 0 2094 0 
0 0 0 0 0 0 0 0 0 0 0 0 0 0 0 0 0 0 0 0 0 0 0 3 0 89637 89619 0 0 330 0 0 52 61001752 17499442 0 0 0 0 0 31177699 2119 0 0 
0 0 0 0 0 0 0 0 0 0 0 0 0 0 0 0 0 0 0 0 0 0 0 3 89757 0 0 19 0 0 327 52 0 78361959 0 0 0 0 0 31177989 0 0 2094 0 
0 0 0 0 0 0 0 0 0 0 0 0 0 0 0 0 0 0 0 0 0 0 0 3 0 89749 89731 0 0 330 0 0 52 61054929 17513818 0 0 0 0 0 31206181 2119 0 0 
0 0 0 0 0 0 0 0 0 0 0 0 0 0 0 0 0 0 0 0 0 0 0 3 89805 0 0 19 0 0 327 52 0 78429898 0 0 0 0 0 31206823 0 0 2094 0 
0 0 0 0 0 0 0 0 0 0 0 0 0 0 0 0 0 0 0 0 0 0 0 3 0 89802 89779 0 0 330 0 0 52 61107214 17529630 0 0 0 0 0 31235019 2119 0 0 
0 0 0 0 0 0 0 0 0 0 0 0 0 0 0 0 0 0 0 0 0 0 0 3 89885 0 0 19 0 0 327 52 0 78470066 0 0 0 0 0 31225753 0 0 2094 0 
0 0 0 0 0 0 0 0 0 0 0 0 0 0 0 0 0 0 0 0 0 0 0 3 0 89877 89858 0 0 330 0 0 52 61138785 17538263 0 0 0 0 0 31253948 2119 0 0 
0 0 0 0 0 0 0 0 0 0 0 0 0 0 0 0 0 0 0 0 0 0 0 3 89997 0 0 19 0 0 327 52 0 78530683 0 0 0 0 0 31250893 0 0 2094 0 
0 0 0 0 0 0 0 0 0 0 0 0 0 0 0 0 0 0 0 0 0 0 0 3 0 89989 89969 0 0 330 0 0 52 61187519 17550248 0 0 0 0 0 31279095 2119 0 0 
0 0 0 0 0 0 0 0 0 0 0 0 0 0 0 0 0 0 0 0 0 0 0 3 90037 0 0 19 0 0 327 52 0 78601644 0 0 0 0 0 31281912 0 0 2094 0 
0 0 0 0 0 0 0 0 0 0 0 0 0 0 0 0 0 0 0 0 0 0 0 3 0 90037 90009 0 0 330 0 0 52 61242757 17566120 0 0 0 0 0 31310123 2119 0 0 
0 0 0 0 0 0 0 0 0 0 0 0 0 0 0 0 0 0 0 0 0 0 0 3 90125 0 0 19 0 0 327 52 0 78646870 0 0 0 0 0 31301358 0 0 2094 0 
0 0 0 0 0 0 0 0 0 0 0 0 0 0 0 0 0 0 0 0 0 0 0 3 0 90117 90097 0 0 330 0 0 52 61278508 17575645 0 0 0 0 0 31329570 2119 0 0 
0 0 0 0 0 0 0 0 0 0 0 0 0 0 0 0 0 0 0 0 0 0 0 3 90237 0 0 19 0 0 327 52 0 78703271 0 0 0 0 0 31325418 0 0 2094 0 
0 0 0 0 0 0 0 0 0 0 0 0 0 0 0 0 0 0 0 0 0 0 0 3 0 90229 90209 0 0 330 0 0 52 61324031 17586642 0 0 0 0 0 31353628 2119 0 0 
0 0 0 0 0 0 0 0 0 0 0 0 0 0 0 0 0 0 0 0 0 0 0 3 90349 0 0 19 0 0 327 52 0 78777281 0 0 0 0 0 31355115 0 0 2094 0 
0 0 0 0 0 0 0 0 0 0 0 0 0 0 0 0 0 0 0 0 0 0 0 3 0 90341 90321 0 0 330 0 0 52 61380023 17604835 0 0 0 0 0 31383331 2119 0 0 
0 0 0 0 0 0 0 0 0 0 0 0 0 0 0 0 0 0 0 0 0 0 0 3 90381 0 0 19 0 0 327 52 0 78839966 0 0 0 0 0 31378506 0 0 2094 0 
0 0 0 0 0 0 0 0 0 0 0 0 0 0 0 0 0 0 0 0 0 0 0 3 0 90377 90353 0 0 330 0 0 52 61427651 17620009 0 0 0 0 0 31406720 2119 0 0 
0 0 0 0 0 0 0 0 0 0 0 0 0 0 0 0 0 0 0 0 0 0 0 3 90485 0 0 19 0 0 327 52 0 78885667 0 0 0 0 0 31400637 0 0 2094 0 
0 0 0 0 0 0 0 0 0 0 0 0 0 0 0 0 0 0 0 0 0 0 0 3 0 90477 90457 0 0 330 0 0 52 61463976 17629452 0 0 0 0 0 31428854 2119 0 0 
0 0 0 0 0 0 0 0 0 0 0 0 0 0 0 0 0 0 0 0 0 0 0 3 90597 0 0 19 0 0 327 52 0 78946341 0 0 0 0 0 31425389 0 0 2094 0 
0 0 0 0 0 0 0 0 0 0 0 0 0 0 0 0 0 0 0 0 0 0 0 3 0 90589 90569 0 0 330 0 0 52 61513000 17641206 0 0 0 0 0 31453604 2119 0 0 
0 0 0 0 0 0 0 0 0 0 0 0 0 0 0 0 0 0 0 0 0 0 0 3 90709 0 0 19 0 0 327 52 0 79017143 0 0 0 0 0 31453015 0 0 2094 0 
0 0 0 0 0 0 0 0 0 0 0 0 0 0 0 0 0 0 0 0 0 0 0 3 0 90701 90681 0 0 330 0 0 52 61565751 17659388 0 0 0 0 0 31481233 2119 0 0 
0 0 0 0 0 0 0 0 0 0 0 0 0 0 0 0 0 0 0 0 0 0 0 3 90733 0 0 19 0 0 327 52 0 79077623 0 0 0 0 0 31475274 0 0 2094 0 
0 0 0 0 0 0 0 0 0 0 0 0 0 0 0 0 0 0 0 0 0 0 0 3 0 90725 90705 0 0 330 0 0 52 61611600 17674134 0 0 0 0 0 31503493 2119 0 0 
0 0 0 0 0 0 0 0 0 0 0 0 0 0 0 0 0 0 0 0 0 0 0 3 90845 0 0 19 0 0 327 52 0 79114446 0 0 0 0 0 31494829 0 0 2094 0 
0 0 0 0 0 0 0 0 0 0 0 0 0 0 0 0 0 0 0 0 0 0 0 3 0 90837 90817 0 0 330 0 0 52 61642917 17679689 0 0 0 0 0 31523050 2119 0 0 
0 0 0 0 0 0 0 0 0 0 0 0 0 0 0 0 0 0 0 0 0 0 0 3 90949 0 0 19 0 0 327 52 0 79183834 0 0 0 0 0 31523867 0 0 2094 0 
0 0 0 0 0 0 0 0 0 0 0 0 0 0 0 0 0 0 0 0 0 0 0 3 0 90948 90921 0 0 330 0 0 52 61696379 17695738 0 0 0 0 0 31552092 2119 0 0 
0 0 0 0 0 0 0 0 0 0 0 0 0 0 0 0 0 0 0 0 0 0 0 3 91005 0 0 19 0 0 327 52 0 79253398 0 0 0 0 0 31552913 0 0 2094 0 
0 0 0 0 0 0 0 0 0 0 0 0 0 0 0 0 0 0 0 0 0 0 0 3 0 91004 90977 0 0 330 0 0 52 61750301 17711539 0 0 0 0 0 31581134 2119 0 0 
0 0 0 0 0 0 0 0 0 0 0 0 0 0 0 0 0 0 0 0 0 0 0 3 91085 0 0 19 0 0 327 52 0 79291578 0 0 0 0 0 31570203 0 0 2094 0 
0 0 0 0 0 0 0 0 0 0 0 0 0 0 0 0 0 0 0 0 0 0 0 3 0 91077 91057 0 0 330 0 0 52 61779972 17720086 0 0 0 0 0 31598422 2119 0 0 
0 0 0 0 0 0 0 0 0 0 0 0 0 0 0 0 0 0 0 0 0 0 0 3 91197 0 0 19 0 0 327 52 0 79353757 0 0 0 0 0 31595803 0 0 2094 0 
0 0 0 0 0 0 0 0 0 0 0 0 0 0 0 0 0 0 0 0 0 0 0 3 0 91189 91169 0 0 330 0 0 52 61830283 17732053 0 0 0 0 0 31624025 2119 0 0 
0 0 0 0 0 0 0 0 0 0 0 0 0 0 0 0 0 0 0 0 0 0 0 3 91309 0 0 19 0 0 327 52 0 79426095 0 0 0 0 0 31625333 0 0 2094 0 
0 0 0 0 0 0 0 0 0 0 0 0 0 0 0 0 0 0 0 0 0 0 0 3 0 91301 91281 0 0 330 0 0 52 61884621 17750203 0 0 0 0 0 31653558 2119 0 0 
0 0 0 0 0 0 0 0 0 0 0 0 0 0 0 0 0 0 0 0 0 0 0 3 91325 0 0 19 0 0 327 52 0 79476778 0 0 0 0 0 31646082 0 0 2094 0 
0 0 0 0 0 0 0 0 0 0 0 0 0 0 0 0 0 0 0 0 0 0 0 3 0 91320 91297 0 0 330 0 0 52 61925110 17760451 0 0 0 0 0 31674308 2119 0 0 
0 0 0 0 0 0 0 0 0 0 0 0 0 0 0 0 0 0 0 0 0 0 0 3 91437 0 0 19 0 0 327 52 0 79520778 0 0 0 0 0 31668599 0 0 2094 0 
0 0 0 0 0 0 0 0 0 0 0 0 0 0 0 0 0 0 0 0 0 0 0 3 0 91435 91409 0 0 330 0 0 52 61961200 17768461 0 0 0 0 0 31696829 2119 0 0 
0 0 0 0 0 0 0 0 0 0 0 0 0 0 0 0 0 0 0 0 0 0 0 3 91549 0 0 19 0 0 327 52 0 79594176 0 0 0 0 0 31697883 0 0 2094 0 
0 0 0 0 0 0 0 0 0 0 0 0 0 0 0 0 0 0 0 0 0 0 0 3 0 91541 91521 0 0 330 0 0 52 62016577 17786637 0 0 0 0 0 31726113 2119 0 0 
0 0 0 0 0 0 0 0 0 0 0 0 0 0 0 0 0 0 0 0 0 0 0 3 91573 0 0 19 0 0 327 52 0 79648711 0 0 0 0 0 31717317 0 0 2094 0 
0 0 0 0 0 0 0 0 0 0 0 0 0 0 0 0 0 0 0 0 0 0 0 3 0 91565 91545 0 0 330 0 0 52 62057930 17799927 0 0 0 0 0 31745545 2119 0 0 
0 0 0 0 0 0 0 0 0 0 0 0 0 0 0 0 0 0 0 0 0 0 0 3 91685 0 0 19 0 0 327 52 0 79694528 0 0 0 0 0 31740222 0 0 2094 0 
0 0 0 0 0 0 0 0 0 0 0 0 0 0 0 0 0 0 0 0 0 0 0 3 0 91677 91657 0 0 330 0 0 52 62095109 17808653 0 0 0 0 0 31768459 2119 0 0 
0 0 0 0 0 0 0 0 0 0 0 0 0 0 0 0 0 0 0 0 0 0 0 3 91797 0 0 19 0 0 327 52 0 79761369 0 0 0 0 0 31768437 0 0 2094 0 
0 0 0 0 0 0 0 0 0 0 0 0 0 0 0 0 0 0 0 0 0 0 0 3 0 91789 91769 0 0 330 0 0 52 62147649 17823068 0 0 0 0 0 31796674 2119 0 0 
0 0 0 0 0 0 0 0 0 0 0 0 0 0 0 0 0 0 0 0 0 0 0 3 91901 0 0 19 0 0 327 52 0 79832962 0 0 0 0 0 31797611 0 0 2094 0 
0 0 0 0 0 0 0 0 0 0 0 0 0 0 0 0 0 0 0 0 0 0 0 3 0 91893 91873 0 0 330 0 0 52 62201626 17840822 0 0 0 0 0 31825853 2119 0 0 
0 0 0 0 0 0 0 0 0 0 0 0 0 0 0 0 0 0 0 0 0 0 0 3 91925 0 0 19 0 0 327 52 0 79873849 0 0 0 0 0 31815877 0 0 2094 0 
0 0 0 0 0 0 0 0 0 0 0 0 0 0 0 0 0 0 0 0 0 0 0 3 0 91917 91897 0 0 330 0 0 52 62235452 17847925 0 0 0 0 0 31844118 2119 0 0 
0 0 0 0 0 0 0 0 0 0 0 0 0 0 0 0 0 0 0 0 0 0 0 3 92037 0 0 19 0 0 327 52 0 79933867 0 0 0 0 0 31842995 0 0 2094 0 
0 0 0 0 0 0 0 0 0 0 0 0 0 0 0 0 0 0 0 0 0 0 0 3 0 92029 92009 0 0 330 0 0 52 62284105 17859402 0 0 0 0 0 31871238 2119 0 0 
0 0 0 0 0 0 0 0 0 0 0 0 0 0 0 0 0 0 0 0 0 0 0 3 92149 0 0 19 0 0 327 52 0 80006290 0 0 0 0 0 31872165 0 0 2094 0 
0 0 0 0 0 0 0 0 0 0 0 0 0 0 0 0 0 0 0 0 0 0 0 3 0 92141 92121 0 0 330 0 0 52 62338543 17877546 0 0 0 0 0 31900410 2119 0 0 
0 0 0 0 0 0 0 0 0 0 0 0 0 0 0 0 0 0 0 0 0 0 0 3 92165 0 0 19 0 0 327 52 0 80052398 0 0 0 0 0 31889981 0 0 2094 0 
0 0 0 0 0 0 0 0 0 0 0 0 0 0 0 0 0 0 0 0 0 0 0 3 0 92157 92137 0 0 330 0 0 52 62375487 17886772 0 0 0 0 0 31918227 2119 0 0 
0 0 0 0 0 0 0 0 0 0 0 0 0 0 0 0 0 0 0 0 0 0 0 3 92277 0 0 19 0 0 327 52 0 80102125 0 0 0 0 0 31914483 0 0 2094 0 
0 0 0 0 0 0 0 0 0 0 0 0 0 0 0 0 0 0 0 0 0 0 0 3 0 92271 92249 0 0 330 0 0 52 62416280 17895791 0 0 0 0 0 31942733 2119 0 0 
0 0 0 0 0 0 0 0 0 0 0 0 0 0 0 0 0 0 0 0 0 0 0 3 92389 0 0 19 0 0 327 52 0 80174939 0 0 0 0 0 31942966 0 0 2094 0 
0 0 0 0 0 0 0 0 0 0 0 0 0 0 0 0 0 0 0 0 0 0 0 3 0 92381 92361 0 0 330 0 0 52 62471090 17913946 0 0 0 0 0 31971218 2119 0 0 
0 0 0 0 0 0 0 0 0 0 0 0 0 0 0 0 0 0 0 0 0 0 0 3 92445 0 0 19 0 0 327 52 0 80242559 0 0 0 0 0 31970418 0 0 2094 0 
0 0 0 0 0 0 0 0 0 0 0 0 0 0 0 0 0 0 0 0 0 0 0 3 0 92437 92417 0 0 330 0 0 52 62523002 17929780 0 0 0 0 0 31998668 2119 0 0 
0 0 0 0 0 0 0 0 0 0 0 0 0 0 0 0 0 0 0 0 0 0 0 3 92525 0 0 19 0 0 327 52 0 80284549 0 0 0 0 0 31989132 0 0 2094 0 
0 0 0 0 0 0 0 0 0 0 0 0 0 0 0 0 0 0 0 0 0 0 0 3 0 92517 92497 0 0 330 0 0 52 62555843 17938964 0 0 0 0 0 32017381 2119 0 0 
0 0 0 0 0 0 0 0 0 0 0 0 0 0 0 0 0 0 0 0 0 0 0 3 92637 0 0 19 0 0 327 52 0 80345142 0 0 0 0 0 32015230 0 0 2094 0 
0 0 0 0 0 0 0 0 0 0 0 0 0 0 0 0 0 0 0 0 0 0 0 3 0 92629 92609 0 0 330 0 0 52 62605225 17950264 0 0 0 0 0 32043474 2119 0 0 
0 0 0 0 0 0 0 0 0 0 0 0 0 0 0 0 0 0 0 0 0 0 0 3 92749 0 0 19 0 0 327 52 0 80419041 0 0 0 0 0 32046154 0 0 2094 0 
0 0 0 0 0 0 0 0 0 0 0 0 0 0 0 0 0 0 0 0 0 0 0 3 0 92741 92721 0 0 330 0 0 52 62661073 17968481 0 0 0 0 0 32074402 2119 0 0 
0 0 0 0 0 0 0 0 0 0 0 0 0 0 0 0 0 0 0 0 0 0 0 3 92765 0 0 19 0 0 327 52 0 80466712 0 0 0 0 0 32065842 0 0 2094 0 
0 0 0 0 0 0 0 0 0 0 0 0 0 0 0 0 0 0 0 0 0 0 0 3 0 92757 92737 0 0 330 0 0 52 62699197 17978090 0 0 0 0 0 32094091 2119 0 0 
0 0 0 0 0 0 0 0 0 0 0 0 0 0 0 0 0 0 0 0 0 0 0 3 92877 0 0 19 0 0 327 52 0 80513418 0 0 0 0 0 32088942 0 0 2094 0 
0 0 0 0 0 0 0 0 0 0 0 0 0 0 0 0 0 0 0 0 0 0 0 3 0 92876 92848 0 0 330 0 0 52 62737440 17986642 0 0 0 0 0 32117193 2119 0 0 
0 0 0 0 0 0 0 0 0 0 0 0 0 0 0 0 0 0 0 0 0 0 0 3 92989 0 0 19 0 0 327 52 0 80588783 0 0 0 0 0 32120215 0 0 2094 0 
0 0 0 0 0 0 0 0 0 0 0 0 0 0 0 0 0 0 0 0 0 0 0 3 0 92981 92959 0 0 330 0 0 52 62794748 18004866 0 0 0 0 0 32148471 2119 0 0 
0 0 0 0 0 0 0 0 0 0 0 0 0 0 0 0 0 0 0 0 0 0 0 3 93013 0 0 19 0 0 327 52 0 80650057 0 0 0 0 0 32143818 0 0 2094 0 
0 0 0 0 0 0 0 0 0 0 0 0 0 0 0 0 0 0 0 0 0 0 0 3 0 93009 92983 0 0 330 0 0 52 62841251 18019771 0 0 0 0 0 32172076 2119 0 0 
0 0 0 0 0 0 0 0 0 0 0 0 0 0 0 0 0 0 0 0 0 0 0 3 93125 0 0 19 0 0 327 52 0 80695561 0 0 0 0 0 32166326 0 0 2094 0 
0 0 0 0 0 0 0 0 0 0 0 0 0 0 0 0 0 0 0 0 0 0 0 3 0 93117 93095 0 0 330 0 0 52 62877894 18028691 0 0 0 0 0 32194585 2119 0 0 
0 0 0 0 0 0 0 0 0 0 0 0 0 0 0 0 0 0 0 0 0 0 0 3 93237 0 0 19 0 0 327 52 0 80759315 0 0 0 0 0 32192745 0 0 2094 0 
0 0 0 0 0 0 0 0 0 0 0 0 0 0 0 0 0 0 0 0 0 0 0 3 0 93229 93207 0 0 330 0 0 52 62929267 18041175 0 0 0 0 0 32221004 2119 0 0 
0 0 0 0 0 0 0 0 0 0 0 0 0 0 0 0 0 0 0 0 0 0 0 3 93349 0 0 19 0 0 327 52 0 80832077 0 0 0 0 0 32222124 0 0 2094 0 
0 0 0 0 0 0 0 0 0 0 0 0 0 0 0 0 0 0 0 0 0 0 0 3 0 93341 93319 0 0 330 0 0 52 62983995 18059336 0 0 0 0 0 32250387 2119 0 0 
0 0 0 0 0 0 0 0 0 0 0 0 0 0 0 0 0 0 0 0 0 0 0 3 93365 0 0 19 0 0 327 52 0 80877225 0 0 0 0 0 32240258 0 0 2094 0 
0 0 0 0 0 0 0 0 0 0 0 0 0 0 0 0 0 0 0 0 0 0 0 3 0 93357 93335 0 0 330 0 0 52 63019864 18068657 0 0 0 0 0 32268523 2119 0 0 
0 0 0 0 0 0 0 0 0 0 0 0 0 0 0 0 0 0 0 0 0 0 0 3 93485 0 0 19 0 0 327 52 0 80930590 0 0 0 0 0 32263666 0 0 2094 0 
0 0 0 0 0 0 0 0 0 0 0 0 0 0 0 0 0 0 0 0 0 0 0 3 0 93477 93454 0 0 330 0 0 52 63061871 18080136 0 0 0 0 0 32291930 2119 0 0 
0 0 0 0 0 0 0 0 0 0 0 0 0 0 0 0 0 0 0 0 0 0 0 3 93589 0 0 19 0 0 327 52 0 80999405 0 0 0 0 0 32292670 0 0 2094 0 
0 0 0 0 0 0 0 0 0 0 0 0 0 0 0 0 0 0 0 0 0 0 0 3 0 93582 93558 0 0 330 0 0 52 63115273 18095659 0 0 0 0 0 32320937 2119 0 0 
0 0 0 0 0 0 0 0 0 0 0 0 0 0 0 0 0 0 0 0 0 0 0 3 93645 0 0 19 0 0 327 52 0 81067046 0 0 0 0 0 32320331 0 0 2094 0 
0 0 0 0 0 0 0 0 0 0 0 0 0 0 0 0 0 0 0 0 0 0 0 3 0 93644 93614 0 0 330 0 0 52 63167196 18111511 0 0 0 0 0 32348605 2119 0 0 
0 0 0 0 0 0 0 0 0 0 0 0 0 0 0 0 0 0 0 0 0 0 0 3 93725 0 0 19 0 0 327 52 0 81105601 0 0 0 0 0 32338920 0 0 2094 0 
0 0 0 0 0 0 0 0 0 0 0 0 0 0 0 0 0 0 0 0 0 0 0 3 0 93717 93694 0 0 330 0 0 52 63197875 18119434 0 0 0 0 0 32367195 2119 0 0 
0 0 0 0 0 0 0 0 0 0 0 0 0 0 0 0 0 0 0 0 0 0 0 3 93829 0 0 19 0 0 327 52 0 81166347 0 0 0 0 0 32364436 0 0 2094 0 
0 0 0 0 0 0 0 0 0 0 0 0 0 0 0 0 0 0 0 0 0 0 0 3 0 93828 93798 0 0 330 0 0 52 63246146 18132035 0 0 0 0 0 32392709 2119 0 0 
0 0 0 0 0 0 0 0 0 0 0 0 0 0 0 0 0 0 0 0 0 0 0 3 93885 0 0 19 0 0 327 52 0 81234279 0 0 0 0 0 32392593 0 0 2094 0 
0 0 0 0 0 0 0 0 0 0 0 0 0 0 0 0 0 0 0 0 0 0 0 3 0 93883 93854 0 0 330 0 0 52 63298410 18147852 0 0 0 0 0 32420865 2119 0 0 
0 0 0 0 0 0 0 0 0 0 0 0 0 0 0 0 0 0 0 0 0 0 0 3 93965 0 0 19 0 0 327 52 0 81274186 0 0 0 0 0 32411590 0 0 2094 0 
0 0 0 0 0 0 0 0 0 0 0 0 0 0 0 0 0 0 0 0 0 0 0 3 0 93957 93934 0 0 330 0 0 52 63329744 18156464 0 0 0 0 0 32439863 2119 0 0 
0 0 0 0 0 0 0 0 0 0 0 0 0 0 0 0 0 0 0 0 0 0 0 3 94077 0 0 19 0 0 327 52 0 81336126 0 0 0 0 0 32439164 0 0 2094 0 
0 0 0 0 0 0 0 0 0 0 0 0 0 0 0 0 0 0 0 0 0 0 0 3 0 94069 94046 0 0 330 0 0 52 63379919 18168341 0 0 0 0 0 32467435 2119 0 0 
0 0 0 0 0 0 0 0 0 0 0 0 0 0 0 0 0 0 0 0 0 0 0 3 94189 0 0 19 0 0 327 52 0 81409363 0 0 0 0 0 32469035 0 0 2094 0 
0 0 0 0 0 0 0 0 0 0 0 0 0 0 0 0 0 0 0 0 0 0 0 3 0 94181 94158 0 0 330 0 0 52 63435142 18186495 0 0 0 0 0 32497304 2119 0 0 
0 0 0 0 0 0 0 0 0 0 0 0 0 0 0 0 0 0 0 0 0 0 0 3 94205 0 0 19 0 0 327 52 0 81458231 0 0 0 0 0 32486574 0 0 2094 0 
0 0 0 0 0 0 0 0 0 0 0 0 0 0 0 0 0 0 0 0 0 0 0 3 0 94204 94174 0 0 330 0 0 52 63473537 18197007 0 0 0 0 0 32514843 2119 0 0 
0 0 0 0 0 0 0 0 0 0 0 0 0 0 0 0 0 0 0 0 0 0 0 3 94317 0 0 19 0 0 327 52 0 81505060 0 0 0 0 0 32512791 0 0 2094 0 
0 0 0 0 0 0 0 0 0 0 0 0 0 0 0 0 0 0 0 0 0 0 0 3 0 94309 94286 0 0 330 0 0 52 63512782 18204686 0 0 0 0 0 32541063 2119 0 0 
0 0 0 0 0 0 0 0 0 0 0 0 0 0 0 0 0 0 0 0 0 0 0 3 94429 0 0 19 0 0 327 52 0 81579527 0 0 0 0 0 32542910 0 0 2094 0 
0 0 0 0 0 0 0 0 0 0 0 0 0 0 0 0 0 0 0 0 0 0 0 3 0 94421 94398 0 0 330 0 0 52 63569276 18222825 0 0 0 0 0 32571186 2119 0 0 
0 0 0 0 0 0 0 0 0 0 0 0 0 0 0 0 0 0 0 0 0 0 0 3 94477 0 0 19 0 0 327 52 0 81646497 0 0 0 0 0 32570481 0 0 2094 0 
0 0 0 0 0 0 0 0 0 0 0 0 0 0 0 0 0 0 0 0 0 0 0 3 0 94473 94446 0 0 330 0 0 52 63620777 18238419 0 0 0 0 0 32598753 2119 0 0 
0 0 0 0 0 0 0 0 0 0 0 0 0 0 0 0 0 0 0 0 0 0 0 3 94565 0 0 19 0 0 327 52 0 81686029 0 0 0 0 0 32586565 0 0 2094 0 
0 0 0 0 0 0 0 0 0 0 0 0 0 0 0 0 0 0 0 0 0 0 0 3 0 94557 94534 0 0 330 0 0 52 63651114 18247661 0 0 0 0 0 32614835 2119 0 0 
0 0 0 0 0 0 0 0 0 0 0 0 0 0 0 0 0 0 0 0 0 0 0 3 94677 0 0 19 0 0 327 52 0 81745075 0 0 0 0 0 32611096 0 0 2094 0 
0 0 0 0 0 0 0 0 0 0 0 0 0 0 0 0 0 0 0 0 0 0 0 3 0 94669 94646 0 0 330 0 0 52 63698722 18259206 0 0 0 0 0 32639366 2119 0 0 
0 0 0 0 0 0 0 0 0 0 0 0 0 0 0 0 0 0 0 0 0 0 0 3 94789 0 0 19 0 0 327 52 0 81819244 0 0 0 0 0 32640529 0 0 2094 0 
0 0 0 0 0 0 0 0 0 0 0 0 0 0 0 0 0 0 0 0 0 0 0 3 0 94781 94758 0 0 330 0 0 52 63754871 18277373 0 0 0 0 0 32668795 2119 0 0 
0 0 0 0 0 0 0 0 0 0 0 0 0 0 0 0 0 0 0 0 0 0 0 3 94805 0 0 19 0 0 327 52 0 81868314 0 0 0 0 0 32658179 0 0 2094 0 
0 0 0 0 0 0 0 0 0 0 0 0 0 0 0 0 0 0 0 0 0 0 0 3 0 94804 94774 0 0 330 0 0 52 63793462 18287908 0 0 0 0 0 32686445 2119 0 0 
0 0 0 0 0 0 0 0 0 0 0 0 0 0 0 0 0 0 0 0 0 0 0 3 94925 0 0 19 0 0 327 52 0 81921826 0 0 0 0 0 32683472 0 0 2094 0 
0 0 0 0 0 0 0 0 0 0 0 0 0 0 0 0 0 0 0 0 0 0 0 3 0 94917 94894 0 0 330 0 0 52 63835888 18299081 0 0 0 0 0 32711740 2119 0 0 
0 0 0 0 0 0 0 0 0 0 0 0 0 0 0 0 0 0 0 0 0 0 0 3 95037 0 0 19 0 0 327 52 0 81989273 0 0 0 0 0 32712617 0 0 2094 0 
0 0 0 0 0 0 0 0 0 0 0 0 0 0 0 0 0 0 0 0 0 0 0 3 0 95029 95006 0 0 330 0 0 52 63888810 18313720 0 0 0 0 0 32740884 2119 0 0 
0 0 0 0 0 0 0 0 0 0 0 0 0 0 0 0 0 0 0 0 0 0 0 3 95077 0 0 19 0 0 327 52 0 82060195 0 0 0 0 0 32744336 0 0 2094 0 
0 0 0 0 0 0 0 0 0 0 0 0 0 0 0 0 0 0 0 0 0 0 0 3 0 95077 95046 0 0 330 0 0 52 63944162 18329444 0 0 0 0 0 32772602 2119 0 0 
0 0 0 0 0 0 0 0 0 0 0 0 0 0 0 0 0 0 0 0 0 0 0 3 95165 0 0 19 0 0 327 52 0 82102203 0 0 0 0 0 32762246 0 0 2094 0 
0 0 0 0 0 0 0 0 0 0 0 0 0 0 0 0 0 0 0 0 0 0 0 3 0 95157 95134 0 0 330 0 0 52 63977382 18338264 0 0 0 0 0 32790509 2119 0 0 
0 0 0 0 0 0 0 0 0 0 0 0 0 0 0 0 0 0 0 0 0 0 0 3 95277 0 0 19 0 0 327 52 0 82161673 0 0 0 0 0 32787559 0 0 2094 0 
0 0 0 0 0 0 0 0 0 0 0 0 0 0 0 0 0 0 0 0 0 0 0 3 0 95269 95246 0 0 330 0 0 52 64025238 18349981 0 0 0 0 0 32815825 2119 0 0 
0 0 0 0 0 0 0 0 0 0 0 0 0 0 0 0 0 0 0 0 0 0 0 3 95381 0 0 19 0 0 327 52 0 82234444 0 0 0 0 0 32817244 0 0 2094 0 
0 0 0 0 0 0 0 0 0 0 0 0 0 0 0 0 0 0 0 0 0 0 0 3 0 95378 95350 0 0 330 0 0 52 64080200 18367968 0 0 0 0 0 32845518 2119 0 0 
0 0 0 0 0 0 0 0 0 0 0 0 0 0 0 0 0 0 0 0 0 0 0 3 95405 0 0 19 0 0 327 52 0 82277220 0 0 0 0 0 32837658 0 0 2094 0 
0 0 0 0 0 0 0 0 0 0 0 0 0 0 0 0 0 0 0 0 0 0 0 3 0 95397 95374 0 0 330 0 0 52 64115258 18375735 0 0 0 0 0 32865931 2119 0 0 
0 0 0 0 0 0 0 0 0 0 0 0 0 0 0 0 0 0 0 0 0 0 0 3 95517 0 0 19 0 0 327 52 0 82331224 0 0 0 0 0 32860828 0 0 2094 0 
0 0 0 0 0 0 0 0 0 0 0 0 0 0 0 0 0 0 0 0 0 0 0 3 0 95515 95486 0 0 330 0 0 52 64158847 18386257 0 0 0 0 0 32889096 2119 0 0 
0 0 0 0 0 0 0 0 0 0 0 0 0 0 0 0 0 0 0 0 0 0 0 3 95629 0 0 19 0 0 327 52 0 82403647 0 0 0 0 0 32889238 0 0 2094 0 
0 0 0 0 0 0 0 0 0 0 0 0 0 0 0 0 0 0 0 0 0 0 0 3 0 95621 95598 0 0 330 0 0 52 64213215 18404450 0 0 0 0 0 32917505 2119 0 0 
0 0 0 0 0 0 0 0 0 0 0 0 0 0 0 0 0 0 0 0 0 0 0 3 95645 0 0 19 0 0 327 52 0 82451866 0 0 0 0 0 32910277 0 0 2094 0 
0 0 0 0 0 0 0 0 0 0 0 0 0 0 0 0 0 0 0 0 0 0 0 3 0 95637 95614 0 0 330 0 0 52 64252152 18413771 0 0 0 0 0 32938544 2119 0 0 
0 0 0 0 0 0 0 0 0 0 0 0 0 0 0 0 0 0 0 0 0 0 0 3 95757 0 0 19 0 0 327 52 0 82504899 0 0 0 0 0 32934652 0 0 2094 0 
0 0 0 0 0 0 0 0 0 0 0 0 0 0 0 0 0 0 0 0 0 0 0 3 0 95749 95726 0 0 330 0 0 52 64296422 18422621 0 0 0 0 0 32962920 2119 0 0 
0 0 0 0 0 0 0 0 0 0 0 0 0 0 0 0 0 0 0 0 0 0 0 3 95869 0 0 19 0 0 327 52 0 82578372 0 0 0 0 0 32964026 0 0 2094 0 
0 0 0 0 0 0 0 0 0 0 0 0 0 0 0 0 0 0 0 0 0 0 0 3 0 95861 95838 0 0 330 0 0 52 64351840 18440804 0 0 0 0 0 32992290 2119 0 0 
0 0 0 0 0 0 0 0 0 0 0 0 0 0 0 0 0 0 0 0 0 0 0 3 95885 0 0 19 0 0 327 52 0 82628343 0 0 0 0 0 32983027 0 0 2094 0 
0 0 0 0 0 0 0 0 0 0 0 0 0 0 0 0 0 0 0 0 0 0 0 3 0 95877 95854 0 0 330 0 0 52 64391697 18450966 0 0 0 0 0 33011291 2119 0 0 
0 0 0 0 0 0 0 0 0 0 0 0 0 0 0 0 0 0 0 0 0 0 0 3 95997 0 0 19 0 0 327 52 0 82671690 0 0 0 0 0 33005123 0 0 2094 0 
0 0 0 0 0 0 0 0 0 0 0 0 0 0 0 0 0 0 0 0 0 0 0 3 0 95996 95966 0 0 330 0 0 52 64427072 18459038 0 0 0 0 0 33033393 2119 0 0 
0 0 0 0 0 0 0 0 0 0 0 0 0 0 0 0 0 0 0 0 0 0 0 3 96109 0 0 19 0 0 327 52 0 82746344 0 0 0 0 0 33035343 0 0 2094 0 
0 0 0 0 0 0 0 0 0 0 0 0 0 0 0 0 0 0 0 0 0 0 0 3 0 96101 96078 0 0 330 0 0 52 64483706 18477208 0 0 0 0 0 33063613 2119 0 0 
0 0 0 0 0 0 0 0 0 0 0 0 0 0 0 0 0 0 0 0 0 0 0 3 96157 0 0 19 0 0 327 52 0 82814631 0 0 0 0 0 33064039 0 0 2094 0 
0 0 0 0 0 0 0 0 0 0 0 0 0 0 0 0 0 0 0 0 0 0 0 3 0 96155 96126 0 0 330 0 0 52 64536562 18492796 0 0 0 0 0 33092320 2119 0 0 
0 0 0 0 0 0 0 0 0 0 0 0 0 0 0 0 0 0 0 0 0 0 0 3 96245 0 0 19 0 0 327 52 0 82849901 0 0 0 0 0 33079492 0 0 2094 0 
0 0 0 0 0 0 0 0 0 0 0 0 0 0 0 0 0 0 0 0 0 0 0 3 0 96237 96214 0 0 330 0 0 52 64564991 18499669 0 0 0 0 0 33107773 2119 0 0 
0 0 0 0 0 0 0 0 0 0 0 0 0 0 0 0 0 0 0 0 0 0 0 3 96357 0 0 19 0 0 327 52 0 82916050 0 0 0 0 0 33107127 0 0 2094 0 
0 0 0 0 0 0 0 0 0 0 0 0 0 0 0 0 0 0 0 0 0 0 0 3 0 96349 96326 0 0 330 0 0 52 64617382 18513538 0 0 0 0 0 33135411 2119 0 0 
0 0 0 0 0 0 0 0 0 0 0 0 0 0 0 0 0 0 0 0 0 0 0 3 96469 0 0 19 0 0 327 52 0 82989766 0 0 0 0 0 33136735 0 0 2094 0 
0 0 0 0 0 0 0 0 0 0 0 0 0 0 0 0 0 0 0 0 0 0 0 3 0 96461 96438 0 0 330 0 0 52 64673082 18531685 0 0 0 0 0 33165019 2119 0 0 
0 0 0 0 0 0 0 0 0 0 0 0 0 0 0 0 0 0 0 0 0 0 0 3 96485 0 0 19 0 0 327 52 0 83031873 0 0 0 0 0 33156160 0 0 2094 0 
0 0 0 0 0 0 0 0 0 0 0 0 0 0 0 0 0 0 0 0 0 0 0 3 0 96477 96454 0 0 330 0 0 52 64707317 18539602 0 0 0 0 0 33184446 2119 0 0 
0 0 0 0 0 0 0 0 0 0 0 0 0 0 0 0 0 0 0 0 0 0 0 3 96597 0 0 19 0 0 327 52 0 83083681 0 0 0 0 0 33177942 0 0 2094 0 
0 0 0 0 0 0 0 0 0 0 0 0 0 0 0 0 0 0 0 0 0 0 0 3 0 96595 96566 0 0 330 0 0 52 64748894 18549948 0 0 0 0 0 33206229 2119 0 0 
0 0 0 0 0 0 0 0 0 0 0 0 0 0 0 0 0 0 0 0 0 0 0 3 96709 0 0 19 0 0 327 52 0 83159046 0 0 0 0 0 33208522 0 0 2094 0 
0 0 0 0 0 0 0 0 0 0 0 0 0 0 0 0 0 0 0 0 0 0 0 3 0 96701 96678 0 0 330 0 0 52 64806291 18568061 0 0 0 0 0 33236812 2119 0 0 
0 0 0 0 0 0 0 0 0 0 0 0 0 0 0 0 0 0 0 0 0 0 0 3 96725 0 0 19 0 0 327 52 0 83206526 0 0 0 0 0 33227480 0 0 2094 0 
0 0 0 0 0 0 0 0 0 0 0 0 0 0 0 0 0 0 0 0 0 0 0 3 0 96718 96694 0 0 330 0 0 52 64843652 18578226 0 0 0 0 0 33255770 2119 0 0 
0 0 0 0 0 0 0 0 0 0 0 0 0 0 0 0 0 0 0 0 0 0 0 3 96837 0 0 19 0 0 327 52 0 83253955 0 0 0 0 0 33251624 0 0 2094 0 
0 0 0 0 0 0 0 0 0 0 0 0 0 0 0 0 0 0 0 0 0 0 0 3 0 96830 96806 0 0 330 0 0 52 64883054 18586330 0 0 0 0 0 33279916 2119 0 0 
0 0 0 0 0 0 0 0 0 0 0 0 0 0 0 0 0 0 0 0 0 0 0 3 96949 0 0 19 0 0 327 52 0 83328492 0 0 0 0 0 33281922 0 0 2094 0 
0 0 0 0 0 0 0 0 0 0 0 0 0 0 0 0 0 0 0 0 0 0 0 3 0 96941 96918 0 0 330 0 0 52 64939572 18604486 0 0 0 0 0 33310212 2119 0 0 
0 0 0 0 0 0 0 0 0 0 0 0 0 0 0 0 0 0 0 0 0 0 0 3 96981 0 0 19 0 0 327 52 0 83391842 0 0 0 0 0 33306093 0 0 2094 0 
0 0 0 0 0 0 0 0 0 0 0 0 0 0 0 0 0 0 0 0 0 0 0 3 0 96980 96950 0 0 330 0 0 52 64987785 18619749 0 0 0 0 0 33334384 2119 0 0 
0 0 0 0 0 0 0 0 0 0 0 0 0 0 0 0 0 0 0 0 0 0 0 3 97085 0 0 19 0 0 327 52 0 83432205 0 0 0 0 0 33328025 0 0 2094 0 
0 0 0 0 0 0 0 0 0 0 0 0 0 0 0 0 0 0 0 0 0 0 0 3 0 97077 97054 0 0 330 0 0 52 65020642 18627309 0 0 0 0 0 33356317 2119 0 0 
0 0 0 0 0 0 0 0 0 0 0 0 0 0 0 0 0 0 0 0 0 0 0 3 97197 0 0 19 0 0 327 52 0 83497763 0 0 0 0 0 33354904 0 0 2094 0 
0 0 0 0 0 0 0 0 0 0 0 0 0 0 0 0 0 0 0 0 0 0 0 3 0 97189 97166 0 0 330 0 0 52 65072784 18640863 0 0 0 0 0 33383197 2119 0 0 
0 0 0 0 0 0 0 0 0 0 0 0 0 0 0 0 0 0 0 0 0 0 0 3 97309 0 0 19 0 0 327 52 0 83569808 0 0 0 0 0 33383176 0 0 2094 0 
0 0 0 0 0 0 0 0 0 0 0 0 0 0 0 0 0 0 0 0 0 0 0 3 0 97301 97278 0 0 330 0 0 52 65126825 18659021 0 0 0 0 0 33411478 2119 0 0 
0 0 0 0 0 0 0 0 0 0 0 0 0 0 0 0 0 0 0 0 0 0 0 3 97325 0 0 19 0 0 327 52 0 83607694 0 0 0 0 0 33403563 0 0 2094 0 
0 0 0 0 0 0 0 0 0 0 0 0 0 0 0 0 0 0 0 0 0 0 0 3 0 97317 97294 0 0 330 0 0 52 65158268 18665501 0 0 0 0 0 33431865 2119 0 0 
0 0 0 0 0 0 0 0 0 0 0 0 0 0 0 0 0 0 0 0 0 0 0 3 97437 0 0 19 0 0 327 52 0 83667885 0 0 0 0 0 33430230 0 0 2094 0 
0 0 0 0 0 0 0 0 0 0 0 0 0 0 0 0 0 0 0 0 0 0 0 3 0 97429 97405 0 0 330 0 0 52 65206831 18677251 0 0 0 0 0 33458535 2119 0 0 
0 0 0 0 0 0 0 0 0 0 0 0 0 0 0 0 0 0 0 0 0 0 0 3 97517 0 0 19 0 0 327 52 0 83738443 0 0 0 0 0 33459967 0 0 2094 0 
0 0 0 0 0 0 0 0 0 0 0 0 0 0 0 0 0 0 0 0 0 0 0 3 0 97516 97485 0 0 330 0 0 52 65260329 18694441 0 0 0 0 0 33488271 2119 0 0 
0 0 0 0 0 0 0 0 0 0 0 0 0 0 0 0 0 0 0 0 0 0 0 3 97565 0 0 19 0 0 327 52 0 83778081 0 0 0 0 0 33478448 0 0 2094 0 
0 0 0 0 0 0 0 0 0 0 0 0 0 0 0 0 0 0 0 0 0 0 0 3 0 97557 97533 0 0 330 0 0 52 65292595 18701853 0 0 0 0 0 33506753 2119 0 0 
0 0 0 0 0 0 0 0 0 0 0 0 0 0 0 0 0 0 0 0 0 0 0 3 97677 0 0 19 0 0 327 52 0 83839027 0 0 0 0 0 33505841 0 0 2094 0 
0 0 0 0 0 0 0 0 0 0 0 0 0 0 0 0 0 0 0 0 0 0 0 3 0 97669 97645 0 0 330 0 0 52 65341958 18713544 0 0 0 0 0 33534143 2119 0 0 
0 0 0 0 0 0 0 0 0 0 0 0 0 0 0 0 0 0 0 0 0 0 0 3 97789 0 0 19 0 0 327 52 0 83912756 0 0 0 0 0 33535201 0 0 2094 0 
0 0 0 0 0 0 0 0 0 0 0 0 0 0 0 0 0 0 0 0 0 0 0 3 0 97781 97757 0 0 330 0 0 52 65397581 18731797 0 0 0 0 0 33563508 2119 0 0 
0 0 0 0 0 0 0 0 0 0 0 0 0 0 0 0 0 0 0 0 0 0 0 3 97805 0 0 19 0 0 327 52 0 83948805 0 0 0 0 0 33552965 0 0 2094 0 
0 0 0 0 0 0 0 0 0 0 0 0 0 0 0 0 0 0 0 0 0 0 0 3 0 97797 97773 0 0 330 0 0 52 65427048 18738420 0 0 0 0 0 33581271 2119 0 0 
0 0 0 0 0 0 0 0 0 0 0 0 0 0 0 0 0 0 0 0 0 0 0 3 97917 0 0 19 0 0 327 52 0 84005893 0 0 0 0 0 33574996 0 0 2094 0 
0 0 0 0 0 0 0 0 0 0 0 0 0 0 0 0 0 0 0 0 0 0 0 3 0 97916 97885 0 0 330 0 0 52 65472618 18750038 0 0 0 0 0 33603309 2119 0 0 
0 0 0 0 0 0 0 0 0 0 0 0 0 0 0 0 0 0 0 0 0 0 0 3 98029 0 0 19 0 0 327 52 0 84079193 0 0 0 0 0 33604440 0 0 2094 0 
0 0 0 0 0 0 0 0 0 0 0 0 0 0 0 0 0 0 0 0 0 0 0 3 0 98021 97997 0 0 330 0 0 52 65527954 18768156 0 0 0 0 0 33632767 2119 0 0 
0 0 0 0 0 0 0 0 0 0 0 0 0 0 0 0 0 0 0 0 0 0 0 3 98077 0 0 19 0 0 327 52 0 84148610 0 0 0 0 0 33634828 0 0 2094 0 
0 0 0 0 0 0 0 0 0 0 0 0 0 0 0 0 0 0 0 0 0 0 0 3 0 98069 98045 0 0 330 0 0 52 65582188 18783492 0 0 0 0 0 33663157 2119 0 0 
0 0 0 0 0 0 0 0 0 0 0 0 0 0 0 0 0 0 0 0 0 0 0 3 98165 0 0 19 0 0 327 52 0 84190978 0 0 0 0 0 33652431 0 0 2094 0 
0 0 0 0 0 0 0 0 0 0 0 0 0 0 0 0 0 0 0 0 0 0 0 3 0 98157 98133 0 0 330 0 0 52 65614984 18793118 0 0 0 0 0 33680763 2119 0 0 
0 0 0 0 0 0 0 0 0 0 0 0 0 0 0 0 0 0 0 0 0 0 0 3 98285 0 0 19 0 0 327 52 0 84253406 0 0 0 0 0 33676425 0 0 2094 0 
0 0 0 0 0 0 0 0 0 0 0 0 0 0 0 0 0 0 0 0 0 0 0 3 0 98277 98253 0 0 330 0 0 52 65663777 18806868 0 0 0 0 0 33704763 2119 0 0 
0 0 0 0 0 0 0 0 0 0 0 0 0 0 0 0 0 0 0 0 0 0 0 3 98389 0 0 19 0 0 327 52 0 84325537 0 0 0 0 0 33707860 0 0 2094 0 
0 0 0 0 0 0 0 0 0 0 0 0 0 0 0 0 0 0 0 0 0 0 0 3 0 98381 98357 0 0 330 0 0 52 65720253 18822658 0 0 0 0 0 33736203 2119 0 0 
0 0 0 0 0 0 0 0 0 0 0 0 0 0 0 0 0 0 0 0 0 0 0 3 98413 0 0 19 0 0 327 52 0 84379537 0 0 0 0 0 33727120 0 0 2094 0 
0 0 0 0 0 0 0 0 0 0 0 0 0 0 0 0 0 0 0 0 0 0 0 3 0 98405 98381 0 0 330 0 0 52 65761665 18835343 0 0 0 0 0 33755463 2119 0 0 
0 0 0 0 0 0 0 0 0 0 0 0 0 0 0 0 0 0 0 0 0 0 0 3 98525 0 0 19 0 0 327 52 0 84430955 0 0 0 0 0 33752231 0 0 2094 0 
0 0 0 0 0 0 0 0 0 0 0 0 0 0 0 0 0 0 0 0 0 0 0 3 0 98517 98493 0 0 330 0 0 52 65802127 18846404 0 0 0 0 0 33780580 2119 0 0 
0 0 0 0 0 0 0 0 0 0 0 0 0 0 0 0 0 0 0 0 0 0 0 3 98637 0 0 19 0 0 327 52 0 84494387 0 0 0 0 0 33778497 0 0 2094 0 
0 0 0 0 0 0 0 0 0 0 0 0 0 0 0 0 0 0 0 0 0 0 0 3 0 98629 98605 0 0 330 0 0 52 65853088 18858995 0 0 0 0 0 33806847 2119 0 0 
0 0 0 0 0 0 0 0 0 0 0 0 0 0 0 0 0 0 0 0 0 0 0 3 98749 0 0 19 0 0 327 52 0 84566896 0 0 0 0 0 33807452 0 0 2094 0 
0 0 0 0 0 0 0 0 0 0 0 0 0 0 0 0 0 0 0 0 0 0 0 3 0 98741 98717 0 0 330 0 0 52 65907635 18877124 0 0 0 0 0 33835803 2119 0 0 
0 0 0 0 0 0 0 0 0 0 0 0 0 0 0 0 0 0 0 0 0 0 0 3 98765 0 0 19 0 0 327 52 0 84613387 0 0 0 0 0 33828445 0 0 2094 0 
0 0 0 0 0 0 0 0 0 0 0 0 0 0 0 0 0 0 0 0 0 0 0 3 0 98757 98733 0 0 330 0 0 52 65945813 18885481 0 0 0 0 0 33856798 2119 0 0 
0 0 0 0 0 0 0 0 0 0 0 0 0 0 0 0 0 0 0 0 0 0 0 3 98877 0 0 19 0 0 327 52 0 84664381 0 0 0 0 0 33851190 0 0 2094 0 
0 0 0 0 0 0 0 0 0 0 0 0 0 0 0 0 0 0 0 0 0 0 0 3 0 98874 98845 0 0 330 0 0 52 65987082 18895296 0 0 0 0 0 33879543 2119 0 0 
0 0 0 0 0 0 0 0 0 0 0 0 0 0 0 0 0 0 0 0 0 0 0 3 98989 0 0 19 0 0 327 52 0 84740379 0 0 0 0 0 33881538 0 0 2094 0 
0 0 0 0 0 0 0 0 0 0 0 0 0 0 0 0 0 0 0 0 0 0 0 3 0 98981 98957 0 0 330 0 0 52 66045040 18913472 0 0 0 0 0 33909895 2119 0 0 
0 0 0 0 0 0 0 0 0 0 0 0 0 0 0 0 0 0 0 0 0 0 0 3 99021 0 0 19 0 0 327 52 0 84802281 0 0 0 0 0 33904593 0 0 2094 0 
0 0 0 0 0 0 0 0 0 0 0 0 0 0 0 0 0 0 0 0 0 0 0 3 0 99013 98989 0 0 330 0 0 52 66091946 18928611 0 0 0 0 0 33932947 2119 0 0 
0 0 0 0 0 0 0 0 0 0 0 0 0 0 0 0 0 0 0 0 0 0 0 3 99125 0 0 19 0 0 327 52 0 84844467 0 0 0 0 0 33928083 0 0 2094 0 
0 0 0 0 0 0 0 0 0 0 0 0 0 0 0 0 0 0 0 0 0 0 0 3 0 99117 99092 0 0 330 0 0 52 66126404 18936395 0 0 0 0 0 33956437 2119 0 0 
0 0 0 0 0 0 0 0 0 0 0 0 0 0 0 0 0 0 0 0 0 0 0 3 99229 0 0 19 0 0 327 52 0 84909693 0 0 0 0 0 33956276 0 0 2094 0 
0 0 0 0 0 0 0 0 0 0 0 0 0 0 0 0 0 0 0 0 0 0 0 3 0 99228 99196 0 0 330 0 0 52 66178310 18949833 0 0 0 0 0 33984637 2119 0 0 
0 0 0 0 0 0 0 0 0 0 0 0 0 0 0 0 0 0 0 0 0 0 0 3 99277 0 0 19 0 0 327 52 0 84980098 0 0 0 0 0 33986355 0 0 2094 0 
0 0 0 0 0 0 0 0 0 0 0 0 0 0 0 0 0 0 0 0 0 0 0 3 0 99274 99244 0 0 330 0 0 52 66233246 18965433 0 0 0 0 0 34014712 2119 0 0 
0 0 0 0 0 0 0 0 0 0 0 0 0 0 0 0 0 0 0 0 0 0 0 3 99365 0 0 19 0 0 327 52 0 85017471 0 0 0 0 0 34004373 0 0 2094 0 
0 0 0 0 0 0 0 0 0 0 0 0 0 0 0 0 0 0 0 0 0 0 0 3 0 99357 99332 0 0 330 0 0 52 66262739 18973344 0 0 0 0 0 34032729 2119 0 0 
0 0 0 0 0 0 0 0 0 0 0 0 0 0 0 0 0 0 0 0 0 0 0 3 99477 0 0 19 0 0 327 52 0 85079849 0 0 0 0 0 34030438 0 0 2094 0 
0 0 0 0 0 0 0 0 0 0 0 0 0 0 0 0 0 0 0 0 0 0 0 3 0 99469 99444 0 0 330 0 0 52 66312405 18986170 0 0 0 0 0 34058797 2119 0 0 
0 0 0 0 0 0 0 0 0 0 0 0 0 0 0 0 0 0 0 0 0 0 0 3 99517 0 0 19 0 0 327 52 0 85149370 0 0 0 0 0 34061550 0 0 2094 0 
0 0 0 0 0 0 0 0 0 0 0 0 0 0 0 0 0 0 0 0 0 0 0 3 0 99515 99484 0 0 330 0 0 52 66366586 19001652 0 0 0 0 0 34089914 2119 0 0 
0 0 0 0 0 0 0 0 0 0 0 0 0 0 0 0 0 0 0 0 0 0 0 3 99605 0 0 19 0 0 327 52 0 85190918 0 0 0 0 0 34080445 0 0 2094 0 
0 0 0 0 0 0 0 0 0 0 0 0 0 0 0 0 0 0 0 0 0 0 0 3 0 99597 99572 0 0 330 0 0 52 66398887 19010944 0 0 0 0 0 34108810 2119 0 0 
0 0 0 0 0 0 0 0 0 0 0 0 0 0 0 0 0 0 0 0 0 0 0 3 99717 0 0 19 0 0 327 52 0 85253120 0 0 0 0 0 34108418 0 0 2094 0 
0 0 0 0 0 0 0 0 0 0 0 0 0 0 0 0 0 0 0 0 0 0 0 3 0 99709 99684 0 0 330 0 0 52 66449605 19022553 0 0 0 0 0 34136783 2119 0 0 
0 0 0 0 0 0 0 0 0 0 0 0 0 0 0 0 0 0 0 0 0 0 0 3 99829 0 0 19 0 0 327 52 0 85327224 0 0 0 0 0 34139215 0 0 2094 0 
0 0 0 0 0 0 0 0 0 0 0 0 0 0 0 0 0 0 0 0 0 0 0 3 0 99821 99796 0 0 330 0 0 52 66505708 19040689 0 0 0 0 0 34167583 2119 0 0 
0 0 0 0 0 0 0 0 0 0 0 0 0 0 0 0 0 0 0 0 0 0 0 3 99845 0 0 19 0 0 327 52 0 85375123 0 0 0 0 0 34156755 0 0 2094 0 
0 0 0 0 0 0 0 0 0 0 0 0 0 0 0 0 0 0 0 0 0 0 0 3 0 99844 99812 0 0 330 0 0 52 66543102 19051240 0 0 0 0 0 34185124 2119 0 0 
0 0 0 0 0 0 0 0 0 0 0 0 0 0 0 0 0 0 0 0 0 0 0 3 99965 0 0 19 0 0 327 52 0 85431353 0 0 0 0 0 34184840 0 0 2094 0 
0 0 0 0 0 0 0 0 0 0 0 0 0 0 0 0 0 0 0 0 0 0 0 3 0 99957 99932 0 0 330 0 0 52 66587544 19063141 0 0 0 0 0 34213209 2119 0 0 
0 0 0 0 0 0 0 0 0 0 0 0 0 0 0 0 0 0 0 0 0 0 0 3 100077 0 0 19 0 0 327 52 0 85496853 0 0 0 0 0 34213940 0 0 2094 0 
0 0 0 0 0 0 0 0 0 0 0 0 0 0 0 0 0 0 0 0 0 0 0 3 0 100069 100043 0 0 330 0 0 52 66639309 19077006 0 0 0 0 0 34242309 2119 0 0 
0 0 0 0 0 0 0 0 0 0 0 0 0 0 0 0 0 0 0 0 0 0 0 3 100109 0 0 19 0 0 327 52 0 85568477 0 0 0 0 0 34246794 0 0 2094 0 
0 0 0 0 0 0 0 0 0 0 0 0 0 0 0 0 0 0 0 0 0 0 0 3 0 100107 100075 0 0 330 0 0 52 66695770 19092341 0 0 0 0 0 34275163 2119 0 0 
0 0 0 0 0 0 0 0 0 0 0 0 0 0 0 0 0 0 0 0 0 0 0 3 100205 0 0 19 0 0 327 52 0 85608172 0 0 0 0 0 34263317 0 0 2094 0 
0 0 0 0 0 0 0 0 0 0 0 0 0 0 0 0 0 0 0 0 0 0 0 3 0 100197 100171 0 0 330 0 0 52 66726115 19101731 0 0 0 0 0 34291688 2119 0 0 
0 0 0 0 0 0 0 0 0 0 0 0 0 0 0 0 0 0 0 0 0 0 0 3 100317 0 0 19 0 0 327 52 0 85668101 0 0 0 0 0 34289129 0 0 2094 0 
0 0 0 0 0 0 0 0 0 0 0 0 0 0 0 0 0 0 0 0 0 0 0 3 0 100309 100283 0 0 330 0 0 52 66774502 19113376 0 0 0 0 0 34317506 2119 0 0 
0 0 0 0 0 0 0 0 0 0 0 0 0 0 0 0 0 0 0 0 0 0 0 3 100397 0 0 19 0 0 327 52 0 85737707 0 0 0 0 0 34318134 0 0 2094 0 
0 0 0 0 0 0 0 0 0 0 0 0 0 0 0 0 0 0 0 0 0 0 0 3 0 100396 100363 0 0 330 0 0 52 66826990 19130648 0 0 0 0 0 34346521 2119 0 0 
0 0 0 0 0 0 0 0 0 0 0 0 0 0 0 0 0 0 0 0 0 0 0 3 100445 0 0 19 0 0 327 52 0 85776433 0 0 0 0 0 34338389 0 0 2094 0 
0 0 0 0 0 0 0 0 0 0 0 0 0 0 0 0 0 0 0 0 0 0 0 3 0 100437 100411 0 0 330 0 0 52 66858975 19137427 0 0 0 0 0 34366776 2119 0 0 
0 0 0 0 0 0 0 0 0 0 0 0 0 0 0 0 0 0 0 0 0 0 0 3 100557 0 0 19 0 0 327 52 0 85837201 0 0 0 0 0 34362709 0 0 2094 0 
0 0 0 0 0 0 0 0 0 0 0 0 0 0 0 0 0 0 0 0 0 0 0 3 0 100549 100523 0 0 330 0 0 52 66907544 19149753 0 0 0 0 0 34391096 2119 0 0 
0 0 0 0 0 0 0 0 0 0 0 0 0 0 0 0 0 0 0 0 0 0 0 3 100637 0 0 19 0 0 327 52 0 85906439 0 0 0 0 0 34390157 0 0 2094 0 
0 0 0 0 0 0 0 0 0 0 0 0 0 0 0 0 0 0 0 0 0 0 0 3 0 100636 100603 0 0 330 0 0 52 66959831 19166856 0 0 0 0 0 34418542 2119 0 0 
0 0 0 0 0 0 0 0 0 0 0 0 0 0 0 0 0 0 0 0 0 0 0 3 100685 0 0 19 0 0 327 52 0 85947190 0 0 0 0 0 34411503 0 0 2094 0 
0 0 0 0 0 0 0 0 0 0 0 0 0 0 0 0 0 0 0 0 0 0 0 3 0 100677 100651 0 0 330 0 0 52 66993481 19174003 0 0 0 0 0 34439889 2119 0 0 
0 0 0 0 0 0 0 0 0 0 0 0 0 0 0 0 0 0 0 0 0 0 0 3 100797 0 0 19 0 0 327 52 0 86010559 0 0 0 0 0 34438781 0 0 2094 0 
0 0 0 0 0 0 0 0 0 0 0 0 0 0 0 0 0 0 0 0 0 0 0 3 0 100789 100763 0 0 330 0 0 52 67044892 19186083 0 0 0 0 0 34467168 2119 0 0 
0 0 0 0 0 0 0 0 0 0 0 0 0 0 0 0 0 0 0 0 0 0 0 3 100909 0 0 19 0 0 327 52 0 86083807 0 0 0 0 0 34468387 0 0 2094 0 
0 0 0 0 0 0 0 0 0 0 0 0 0 0 0 0 0 0 0 0 0 0 0 3 0 100901 100875 0 0 330 0 0 52 67100122 19204245 0 0 0 0 0 34496777 2119 0 0 
0 0 0 0 0 0 0 0 0 0 0 0 0 0 0 0 0 0 0 0 0 0 0 3 100925 0 0 19 0 0 327 52 0 86132550 0 0 0 0 0 34486090 0 0 2094 0 
0 0 0 0 0 0 0 0 0 0 0 0 0 0 0 0 0 0 0 0 0 0 0 3 0 100924 100891 0 0 330 0 0 52 67138512 19214648 0 0 0 0 0 34514480 2119 0 0 
0 0 0 0 0 0 0 0 0 0 0 0 0 0 0 0 0 0 0 0 0 0 0 3 101037 0 0 19 0 0 327 52 0 86179924 0 0 0 0 0 34512397 0 0 2094 0 
0 0 0 0 0 0 0 0 0 0 0 0 0 0 0 0 0 0 0 0 0 0 0 3 0 101036 101003 0 0 330 0 0 52 67178148 19222505 0 0 0 0 0 34540789 2119 0 0 
0 0 0 0 0 0 0 0 0 0 0 0 0 0 0 0 0 0 0 0 0 0 0 3 101149 0 0 19 0 0 327 52 0 86253353 0 0 0 0 0 34541519 0 0 2094 0 
0 0 0 0 0 0 0 0 0 0 0 0 0 0 0 0 0 0 0 0 0 0 0 3 0 101148 101115 0 0 330 0 0 52 67233631 19240633 0 0 0 0 0 34569903 2119 0 0 
0 0 0 0 0 0 0 0 0 0 0 0 0 0 0 0 0 0 0 0 0 0 0 3 101221 0 0 19 0 0 327 52 0 86321578 0 0 0 0 0 34568336 0 0 2094 0 
0 0 0 0 0 0 0 0 0 0 0 0 0 0 0 0 0 0 0 0 0 0 0 3 0 101220 101187 0 0 330 0 0 52 67285640 19256969 0 0 0 0 0 34596728 2119 0 0 
0 0 0 0 0 0 0 0 0 0 0 0 0 0 0 0 0 0 0 0 0 0 0 3 101285 0 0 19 0 0 327 52 0 86363613 0 0 0 0 0 34589222 0 0 2094 0 
0 0 0 0 0 0 0 0 0 0 0 0 0 0 0 0 0 0 0 0 0 0 0 3 0 101277 101251 0 0 330 0 0 52 67319278 19265406 0 0 0 0 0 34617612 2119 0 0 
0 0 0 0 0 0 0 0 0 0 0 0 0 0 0 0 0 0 0 0 0 0 0 3 101397 0 0 19 0 0 327 52 0 86424693 0 0 0 0 0 34615112 0 0 2094 0 
0 0 0 0 0 0 0 0 0 0 0 0 0 0 0 0 0 0 0 0 0 0 0 3 0 101389 101363 0 0 330 0 0 52 67368831 19277040 0 0 0 0 0 34643508 2119 0 0 
0 0 0 0 0 0 0 0 0 0 0 0 0 0 0 0 0 0 0 0 0 0 0 3 101509 0 0 19 0 0 327 52 0 86497896 0 0 0 0 0 34644267 0 0 2094 0 
0 0 0 0 0 0 0 0 0 0 0 0 0 0 0 0 0 0 0 0 0 0 0 3 0 101501 101474 0 0 330 0 0 52 67424006 19295229 0 0 0 0 0 34672669 2119 0 0 
0 0 0 0 0 0 0 0 0 0 0 0 0 0 0 0 0 0 0 0 0 0 0 3 101533 0 0 19 0 0 327 52 0 86556918 0 0 0 0 0 34665937 0 0 2094 0 
0 0 0 0 0 0 0 0 0 0 0 0 0 0 0 0 0 0 0 0 0 0 0 3 0 101525 101498 0 0 330 0 0 52 67468547 19309818 0 0 0 0 0 34694338 2119 0 0 
0 0 0 0 0 0 0 0 0 0 0 0 0 0 0 0 0 0 0 0 0 0 0 3 101645 0 0 19 0 0 327 52 0 86601200 0 0 0 0 0 34687647 0 0 2094 0 
0 0 0 0 0 0 0 0 0 0 0 0 0 0 0 0 0 0 0 0 0 0 0 3 0 101637 101610 0 0 330 0 0 52 67505335 19317385 0 0 0 0 0 34716047 2119 0 0 
0 0 0 0 0 0 0 0 0 0 0 0 0 0 0 0 0 0 0 0 0 0 0 3 101749 0 0 19 0 0 327 52 0 86666136 0 0 0 0 0 34715046 0 0 2094 0 
0 0 0 0 0 0 0 0 0 0 0 0 0 0 0 0 0 0 0 0 0 0 0 3 0 101747 101714 0 0 330 0 0 52 67556081 19331690 0 0 0 0 0 34743449 2119 0 0 
0 0 0 0 0 0 0 0 0 0 0 0 0 0 0 0 0 0 0 0 0 0 0 3 101797 0 0 19 0 0 327 52 0 86738073 0 0 0 0 0 34748300 0 0 2094 0 
0 0 0 0 0 0 0 0 0 0 0 0 0 0 0 0 0 0 0 0 0 0 0 3 0 101789 101762 0 0 330 0 0 52 67612801 19347054 0 0 0 0 0 34776708 2119 0 0 
0 0 0 0 0 0 0 0 0 0 0 0 0 0 0 0 0 0 0 0 0 0 0 3 101885 0 0 19 0 0 327 52 0 86778777 0 0 0 0 0 34766508 0 0 2094 0 
0 0 0 0 0 0 0 0 0 0 0 0 0 0 0 0 0 0 0 0 0 0 0 3 0 101877 101850 0 0 330 0 0 52 67644292 19356320 0 0 0 0 0 34794916 2119 0 0 
0 0 0 0 0 0 0 0 0 0 0 0 0 0 0 0 0 0 0 0 0 0 0 3 101997 0 0 19 0 0 327 52 0 86839744 0 0 0 0 0 34792428 0 0 2094 0 
0 0 0 0 0 0 0 0 0 0 0 0 0 0 0 0 0 0 0 0 0 0 0 3 0 101989 101962 0 0 330 0 0 52 67693579 19368113 0 0 0 0 0 34820837 2119 0 0 
0 0 0 0 0 0 0 0 0 0 0 0 0 0 0 0 0 0 0 0 0 0 0 3 102109 0 0 19 0 0 327 52 0 86909194 0 0 0 0 0 34819186 0 0 2094 0 
0 0 0 0 0 0 0 0 0 0 0 0 0 0 0 0 0 0 0 0 0 0 0 3 0 102101 102074 0 0 330 0 0 52 67745051 19386248 0 0 0 0 0 34847598 2119 0 0 
0 0 0 0 0 0 0 0 0 0 0 0 0 0 0 0 0 0 0 0 0 0 0 3 102125 0 0 19 0 0 327 52 0 86949248 0 0 0 0 0 34839917 0 0 2094 0 
0 0 0 0 0 0 0 0 0 0 0 0 0 0 0 0 0 0 0 0 0 0 0 3 0 102117 102090 0 0 330 0 0 52 67778597 19392799 0 0 0 0 0 34868331 2119 0 0 
0 0 0 0 0 0 0 0 0 0 0 0 0 0 0 0 0 0 0 0 0 0 0 3 102237 0 0 19 0 0 327 52 0 87007235 0 0 0 0 0 34862876 0 0 2094 0 
0 0 0 0 0 0 0 0 0 0 0 0 0 0 0 0 0 0 0 0 0 0 0 3 0 102229 102202 0 0 330 0 0 52 67825109 19404405 0 0 0 0 0 34891290 2119 0 0 
0 0 0 0 0 0 0 0 0 0 0 0 0 0 0 0 0 0 0 0 0 0 0 3 102349 0 0 19 0 0 327 52 0 87081270 0 0 0 0 0 34892941 0 0 2094 0 
0 0 0 0 0 0 0 0 0 0 0 0 0 0 0 0 0 0 0 0 0 0 0 3 0 102341 102314 0 0 330 0 0 52 67881104 19422560 0 0 0 0 0 34921361 2119 0 0 
0 0 0 0 0 0 0 0 0 0 0 0 0 0 0 0 0 0 0 0 0 0 0 3 102381 0 0 19 0 0 327 52 0 87143093 0 0 0 0 0 34916368 0 0 2094 0 
0 0 0 0 0 0 0 0 0 0 0 0 0 0 0 0 0 0 0 0 0 0 0 3 0 102373 102346 0 0 330 0 0 52 67927961 19437651 0 0 0 0 0 34944781 2119 0 0 
0 0 0 0 0 0 0 0 0 0 0 0 0 0 0 0 0 0 0 0 0 0 0 3 102485 0 0 19 0 0 327 52 0 87188308 0 0 0 0 0 34941439 0 0 2094 0 
0 0 0 0 0 0 0 0 0 0 0 0 0 0 0 0 0 0 0 0 0 0 0 3 0 102477 102450 0 0 330 0 0 52 67964503 19446373 0 0 0 0 0 34969857 2119 0 0 
0 0 0 0 0 0 0 0 0 0 0 0 0 0 0 0 0 0 0 0 0 0 0 3 102597 0 0 19 0 0 327 52 0 87250785 0 0 0 0 0 34967604 0 0 2094 0 
0 0 0 0 0 0 0 0 0 0 0 0 0 0 0 0 0 0 0 0 0 0 0 3 0 102589 102562 0 0 330 0 0 52 68014646 19458813 0 0 0 0 0 34996020 2119 0 0 
0 0 0 0 0 0 0 0 0 0 0 0 0 0 0 0 0 0 0 0 0 0 0 3 102709 0 0 19 0 0 327 52 0 87324427 0 0 0 0 0 34997035 0 0 2094 0 
0 0 0 0 0 0 0 0 0 0 0 0 0 0 0 0 0 0 0 0 0 0 0 3 0 102701 102674 0 0 330 0 0 52 68070248 19477021 0 0 0 0 0 35025450 2119 0 0 
0 0 0 0 0 0 0 0 0 0 0 0 0 0 0 0 0 0 0 0 0 0 0 3 102725 0 0 19 0 0 327 52 0 87360273 0 0 0 0 0 35016054 0 0 2094 0 
0 0 0 0 0 0 0 0 0 0 0 0 0 0 0 0 0 0 0 0 0 0 0 3 0 102717 102690 0 0 330 0 0 52 68099521 19483638 0 0 0 0 0 35044468 2119 0 0 
0 0 0 0 0 0 0 0 0 0 0 0 0 0 0 0 0 0 0 0 0 0 0 3 102837 0 0 19 0 0 327 52 0 87420500 0 0 0 0 0 35042578 0 0 2094 0 
0 0 0 0 0 0 0 0 0 0 0 0 0 0 0 0 0 0 0 0 0 0 0 3 0 102829 102802 0 0 330 0 0 52 68148325 19495163 0 0 0 0 0 35070996 2119 0 0 
0 0 0 0 0 0 0 0 0 0 0 0 0 0 0 0 0 0 0 0 0 0 0 3 102949 0 0 19 0 0 327 52 0 87493545 0 0 0 0 0 35071350 0 0 2094 0 
0 0 0 0 0 0 0 0 0 0 0 0 0 0 0 0 0 0 0 0 0 0 0 3 0 102941 102913 0 0 330 0 0 52 68203308 19513354 0 0 0 0 0 35099767 2119 0 0 
0 0 0 0 0 0 0 0 0 0 0 0 0 0 0 0 0 0 0 0 0 0 0 3 102997 0 0 19 0 0 327 52 0 87560527 0 0 0 0 0 35098156 0 0 2094 0 
0 0 0 0 0 0 0 0 0 0 0 0 0 0 0 0 0 0 0 0 0 0 0 3 0 102989 102961 0 0 330 0 0 52 68255103 19528656 0 0 0 0 0 35126575 2119 0 0 
0 0 0 0 0 0 0 0 0 0 0 0 0 0 0 0 0 0 0 0 0 0 0 3 103085 0 0 19 0 0 327 52 0 87601339 0 0 0 0 0 35117750 0 0 2094 0 
0 0 0 0 0 0 0 0 0 0 0 0 0 0 0 0 0 0 0 0 0 0 0 3 0 103077 103049 0 0 330 0 0 52 68286994 19537609 0 0 0 0 0 35146169 2119 0 0 
0 0 0 0 0 0 0 0 0 0 0 0 0 0 0 0 0 0 0 0 0 0 0 3 103197 0 0 19 0 0 327 52 0 87664521 0 0 0 0 0 35143628 0 0 2094 0 
0 0 0 0 0 0 0 0 0 0 0 0 0 0 0 0 0 0 0 0 0 0 0 3 0 103189 103161 0 0 330 0 0 52 68338235 19549657 0 0 0 0 0 35172050 2119 0 0 
0 0 0 0 0 0 0 0 0 0 0 0 0 0 0 0 0 0 0 0 0 0 0 3 103309 0 0 19 0 0 327 52 0 87734476 0 0 0 0 0 35171121 0 0 2094 0 
0 0 0 0 0 0 0 0 0 0 0 0 0 0 0 0 0 0 0 0 0 0 0 3 0 103301 103272 0 0 330 0 0 52 68390124 19567851 0 0 0 0 0 35199544 2119 0 0 
0 0 0 0 0 0 0 0 0 0 0 0 0 0 0 0 0 0 0 0 0 0 0 3 103325 0 0 19 0 0 327 52 0 87781161 0 0 0 0 0 35193845 0 0 2094 0 
0 0 0 0 0 0 0 0 0 0 0 0 0 0 0 0 0 0 0 0 0 0 0 3 0 103317 103288 0 0 330 0 0 52 68428397 19576309 0 0 0 0 0 35222267 2119 0 0 
0 0 0 0 0 0 0 0 0 0 0 0 0 0 0 0 0 0 0 0 0 0 0 3 103437 0 0 19 0 0 327 52 0 87830360 0 0 0 0 0 35215532 0 0 2094 0 
0 0 0 0 0 0 0 0 0 0 0 0 0 0 0 0 0 0 0 0 0 0 0 3 0 103436 103400 0 0 330 0 0 52 68467976 19586020 0 0 0 0 0 35243961 2119 0 0 
0 0 0 0 0 0 0 0 0 0 0 0 0 0 0 0 0 0 0 0 0 0 0 3 103549 0 0 19 0 0 327 52 0 87907345 0 0 0 0 0 35245931 0 0 2094 0 
0 0 0 0 0 0 0 0 0 0 0 0 0 0 0 0 0 0 0 0 0 0 0 3 0 103541 103512 0 0 330 0 0 52 68527015 19604099 0 0 0 0 0 35274365 2119 0 0 
0 0 0 0 0 0 0 0 0 0 0 0 0 0 0 0 0 0 0 0 0 0 0 3 103565 0 0 19 0 0 327 52 0 87955363 0 0 0 0 0 35263679 0 0 2094 0 
0 0 0 0 0 0 0 0 0 0 0 0 0 0 0 0 0 0 0 0 0 0 0 3 0 103564 103528 0 0 330 0 0 52 68564639 19614543 0 0 0 0 0 35292113 2119 0 0 
0 0 0 0 0 0 0 0 0 0 0 0 0 0 0 0 0 0 0 0 0 0 0 3 103685 0 0 19 0 0 327 52 0 88007161 0 0 0 0 0 35287977 0 0 2094 0 
0 0 0 0 0 0 0 0 0 0 0 0 0 0 0 0 0 0 0 0 0 0 0 3 0 103677 103648 0 0 330 0 0 52 68605010 19626079 0 0 0 0 0 35316412 2119 0 0 
0 0 0 0 0 0 0 0 0 0 0 0 0 0 0 0 0 0 0 0 0 0 0 3 103797 0 0 19 0 0 327 52 0 88074166 0 0 0 0 0 35316169 0 0 2094 0 
0 0 0 0 0 0 0 0 0 0 0 0 0 0 0 0 0 0 0 0 0 0 0 3 0 103789 103760 0 0 330 0 0 52 68657830 19640374 0 0 0 0 0 35344610 2119 0 0 
0 0 0 0 0 0 0 0 0 0 0 0 0 0 0 0 0 0 0 0 0 0 0 3 103909 0 0 19 0 0 327 52 0 88147542 0 0 0 0 0 35345741 0 0 2094 0 
0 0 0 0 0 0 0 0 0 0 0 0 0 0 0 0 0 0 0 0 0 0 0 3 0 103901 103872 0 0 330 0 0 52 68713254 19658473 0 0 0 0 0 35374178 2119 0 0 
0 0 0 0 0 0 0 0 0 0 0 0 0 0 0 0 0 0 0 0 0 0 0 3 103925 0 0 19 0 0 327 52 0 88193520 0 0 0 0 0 35364963 0 0 2094 0 
0 0 0 0 0 0 0 0 0 0 0 0 0 0 0 0 0 0 0 0 0 0 0 3 0 103917 103888 0 0 330 0 0 52 68750278 19667466 0 0 0 0 0 35393400 2119 0 0 
0 0 0 0 0 0 0 0 0 0 0 0 0 0 0 0 0 0 0 0 0 0 0 3 104037 0 0 19 0 0 327 52 0 88241812 0 0 0 0 0 35387470 0 0 2094 0 
0 0 0 0 0 0 0 0 0 0 0 0 0 0 0 0 0 0 0 0 0 0 0 3 0 104029 104000 0 0 330 0 0 52 68789478 19676646 0 0 0 0 0 35415910 2119 0 0 
0 0 0 0 0 0 0 0 0 0 0 0 0 0 0 0 0 0 0 0 0 0 0 3 104149 0 0 19 0 0 327 52 0 88315126 0 0 0 0 0 35416681 0 0 2094 0 
0 0 0 0 0 0 0 0 0 0 0 0 0 0 0 0 0 0 0 0 0 0 0 3 0 104141 104112 0 0 330 0 0 52 68844805 19694783 0 0 0 0 0 35445126 2119 0 0 
0 0 0 0 0 0 0 0 0 0 0 0 0 0 0 0 0 0 0 0 0 0 0 3 104181 0 0 19 0 0 327 52 0 88376656 0 0 0 0 0 35439282 0 0 2094 0 
0 0 0 0 0 0 0 0 0 0 0 0 0 0 0 0 0 0 0 0 0 0 0 3 0 104173 104144 0 0 330 0 0 52 68891255 19710003 0 0 0 0 0 35467725 2119 0 0 
0 0 0 0 0 0 0 0 0 0 0 0 0 0 0 0 0 0 0 0 0 0 0 3 104285 0 0 19 0 0 327 52 0 88418110 0 0 0 0 0 35461605 0 0 2094 0 
0 0 0 0 0 0 0 0 0 0 0 0 0 0 0 0 0 0 0 0 0 0 0 3 0 104277 104247 0 0 330 0 0 52 68924898 19717869 0 0 0 0 0 35490050 2119 0 0 
0 0 0 0 0 0 0 0 0 0 0 0 0 0 0 0 0 0 0 0 0 0 0 3 104389 0 0 19 0 0 327 52 0 88483971 0 0 0 0 0 35490907 0 0 2094 0 
0 0 0 0 0 0 0 0 0 0 0 0 0 0 0 0 0 0 0 0 0 0 0 3 0 104384 104351 0 0 330 0 0 52 68977633 19731110 0 0 0 0 0 35519351 2119 0 0 
0 0 0 0 0 0 0 0 0 0 0 0 0 0 0 0 0 0 0 0 0 0 0 3 104445 0 0 19 0 0 327 52 0 88552561 0 0 0 0 0 35519658 0 0 2094 0 
0 0 0 0 0 0 0 0 0 0 0 0 0 0 0 0 0 0 0 0 0 0 0 3 0 104437 104407 0 0 330 0 0 52 69030576 19746893 0 0 0 0 0 35548100 2119 0 0 
0 0 0 0 0 0 0 0 0 0 0 0 0 0 0 0 0 0 0 0 0 0 0 3 104525 0 0 19 0 0 327 52 0 88591827 0 0 0 0 0 35537894 0 0 2094 0 
0 0 0 0 0 0 0 0 0 0 0 0 0 0 0 0 0 0 0 0 0 0 0 3 0 104517 104487 0 0 330 0 0 52 69061420 19755371 0 0 0 0 0 35566336 2119 0 0 
0 0 0 0 0 0 0 0 0 0 0 0 0 0 0 0 0 0 0 0 0 0 0 3 104637 0 0 19 0 0 327 52 0 88653891 0 0 0 0 0 35565012 0 0 2094 0 
0 0 0 0 0 0 0 0 0 0 0 0 0 0 0 0 0 0 0 0 0 0 0 3 0 104629 104599 0 0 330 0 0 52 69111551 19767437 0 0 0 0 0 35593452 2119 0 0 
0 0 0 0 0 0 0 0 0 0 0 0 0 0 0 0 0 0 0 0 0 0 0 3 104741 0 0 19 0 0 327 52 0 88726347 0 0 0 0 0 35594248 0 0 2094 0 
0 0 0 0 0 0 0 0 0 0 0 0 0 0 0 0 0 0 0 0 0 0 0 3 0 104738 104703 0 0 330 0 0 52 69166156 19785423 0 0 0 0 0 35622688 2119 0 0 
0 0 0 0 0 0 0 0 0 0 0 0 0 0 0 0 0 0 0 0 0 0 0 3 104765 0 0 19 0 0 327 52 0 88769709 0 0 0 0 0 35613727 0 0 2094 0 
0 0 0 0 0 0 0 0 0 0 0 0 0 0 0 0 0 0 0 0 0 0 0 3 0 104757 104727 0 0 330 0 0 52 69201586 19793418 0 0 0 0 0 35642168 2119 0 0 
0 0 0 0 0 0 0 0 0 0 0 0 0 0 0 0 0 0 0 0 0 0 0 3 104877 0 0 19 0 0 327 52 0 88823672 0 0 0 0 0 35637530 0 0 2094 0 
0 0 0 0 0 0 0 0 0 0 0 0 0 0 0 0 0 0 0 0 0 0 0 3 0 104874 104839 0 0 330 0 0 52 69245345 19803734 0 0 0 0 0 35665971 2119 0 0 
0 0 0 0 0 0 0 0 0 0 0 0 0 0 0 0 0 0 0 0 0 0 0 3 104989 0 0 19 0 0 327 52 0 88898138 0 0 0 0 0 35667584 0 0 2094 0 
0 0 0 0 0 0 0 0 0 0 0 0 0 0 0 0 0 0 0 0 0 0 0 3 0 104981 104951 0 0 330 0 0 52 69301838 19821866 0 0 0 0 0 35696021 2119 0 0 
0 0 0 0 0 0 0 0 0 0 0 0 0 0 0 0 0 0 0 0 0 0 0 3 105005 0 0 19 0 0 327 52 0 88948585 0 0 0 0 0 35686957 0 0 2094 0 
0 0 0 0 0 0 0 0 0 0 0 0 0 0 0 0 0 0 0 0 0 0 0 3 0 105004 104967 0 0 330 0 0 52 69341907 19832278 0 0 0 0 0 35715395 2119 0 0 
0 0 0 0 0 0 0 0 0 0 0 0 0 0 0 0 0 0 0 0 0 0 0 3 105125 0 0 19 0 0 327 52 0 89000242 0 0 0 0 0 35712807 0 0 2094 0 
0 0 0 0 0 0 0 0 0 0 0 0 0 0 0 0 0 0 0 0 0 0 0 3 0 105117 105087 0 0 330 0 0 52 69383191 19842775 0 0 0 0 0 35741245 2119 0 0 
0 0 0 0 0 0 0 0 0 0 0 0 0 0 0 0 0 0 0 0 0 0 0 3 105229 0 0 19 0 0 327 52 0 89066491 0 0 0 0 0 35739799 0 0 2094 0 
0 0 0 0 0 0 0 0 0 0 0 0 0 0 0 0 0 0 0 0 0 0 0 3 0 105228 105191 0 0 330 0 0 52 69434130 19858214 0 0 0 0 0 35768239 2119 0 0 
0 0 0 0 0 0 0 0 0 0 0 0 0 0 0 0 0 0 0 0 0 0 0 3 105293 0 0 19 0 0 327 52 0 89133247 0 0 0 0 0 35766615 0 0 2094 0 
0 0 0 0 0 0 0 0 0 0 0 0 0 0 0 0 0 0 0 0 0 0 0 3 0 105285 105255 0 0 330 0 0 52 69485156 19874075 0 0 0 0 0 35795056 2119 0 0 
0 0 0 0 0 0 0 0 0 0 0 0 0 0 0 0 0 0 0 0 0 0 0 3 105365 0 0 19 0 0 327 52 0 89176297 0 0 0 0 0 35788462 0 0 2094 0 
0 0 0 0 0 0 0 0 0 0 0 0 0 0 0 0 0 0 0 0 0 0 0 3 0 105357 105327 0 0 330 0 0 52 69519661 19882682 0 0 0 0 0 35816903 2119 0 0 
0 0 0 0 0 0 0 0 0 0 0 0 0 0 0 0 0 0 0 0 0 0 0 3 105477 0 0 19 0 0 327 52 0 89238391 0 0 0 0 0 35814283 0 0 2094 0 
0 0 0 0 0 0 0 0 0 0 0 0 0 0 0 0 0 0 0 0 0 0 0 3 0 105469 105439 0 0 330 0 0 52 69569959 19894588 0 0 0 0 0 35842725 2119 0 0 
0 0 0 0 0 0 0 0 0 0 0 0 0 0 0 0 0 0 0 0 0 0 0 3 105589 0 0 19 0 0 327 52 0 89310297 0 0 0 0 0 35842612 0 0 2094 0 
0 0 0 0 0 0 0 0 0 0 0 0 0 0 0 0 0 0 0 0 0 0 0 3 0 105581 105551 0 0 330 0 0 52 69623760 19912824 0 0 0 0 0 35871057 2119 0 0 
0 0 0 0 0 0 0 0 0 0 0 0 0 0 0 0 0 0 0 0 0 0 0 3 105605 0 0 19 0 0 327 52 0 89359505 0 0 0 0 0 35860672 0 0 2094 0 
0 0 0 0 0 0 0 0 0 0 0 0 0 0 0 0 0 0 0 0 0 0 0 3 0 105604 105567 0 0 330 0 0 52 69662489 19923348 0 0 0 0 0 35889118 2119 0 0 
0 0 0 0 0 0 0 0 0 0 0 0 0 0 0 0 0 0 0 0 0 0 0 3 105717 0 0 19 0 0 327 52 0 89406731 0 0 0 0 0 35886253 0 0 2094 0 
0 0 0 0 0 0 0 0 0 0 0 0 0 0 0 0 0 0 0 0 0 0 0 3 0 105716 105679 0 0 330 0 0 52 69702177 19931015 0 0 0 0 0 35914699 2119 0 0 
0 0 0 0 0 0 0 0 0 0 0 0 0 0 0 0 0 0 0 0 0 0 0 3 105829 0 0 19 0 0 327 52 0 89479909 0 0 0 0 0 35915358 0 0 2094 0 
0 0 0 0 0 0 0 0 0 0 0 0 0 0 0 0 0 0 0 0 0 0 0 3 0 105826 105791 0 0 330 0 0 52 69757360 19949161 0 0 0 0 0 35943801 2119 0 0 
0 0 0 0 0 0 0 0 0 0 0 0 0 0 0 0 0 0 0 0 0 0 0 3 105885 0 0 19 0 0 327 52 0 89548140 0 0 0 0 0 35943592 0 0 2094 0 
0 0 0 0 0 0 0 0 0 0 0 0 0 0 0 0 0 0 0 0 0 0 0 3 0 105877 105847 0 0 330 0 0 52 69809926 19964959 0 0 0 0 0 35972040 2119 0 0 
0 0 0 0 0 0 0 0 0 0 0 0 0 0 0 0 0 0 0 0 0 0 0 3 105965 0 0 19 0 0 327 52 0 89585145 0 0 0 0 0 35960370 0 0 2094 0 
0 0 0 0 0 0 0 0 0 0 0 0 0 0 0 0 0 0 0 0 0 0 0 3 0 105957 105927 0 0 330 0 0 52 69838519 19973418 0 0 0 0 0 35988819 2119 0 0 
0 0 0 0 0 0 0 0 0 0 0 0 0 0 0 0 0 0 0 0 0 0 0 3 106077 0 0 19 0 0 327 52 0 89647766 0 0 0 0 0 35988076 0 0 2094 0 
0 0 0 0 0 0 0 0 0 0 0 0 0 0 0 0 0 0 0 0 0 0 0 3 0 106069 106039 0 0 330 0 0 52 69889181 19985486 0 0 0 0 0 36016532 2119 0 0 
0 0 0 0 0 0 0 0 0 0 0 0 0 0 0 0 0 0 0 0 0 0 0 3 106189 0 0 19 0 0 327 52 0 89721643 0 0 0 0 0 36018530 0 0 2094 0 
0 0 0 0 0 0 0 0 0 0 0 0 0 0 0 0 0 0 0 0 0 0 0 3 0 106181 106151 0 0 330 0 0 52 69945034 20003646 0 0 0 0 0 36046985 2119 0 0 
0 0 0 0 0 0 0 0 0 0 0 0 0 0 0 0 0 0 0 0 0 0 0 3 106205 0 0 19 0 0 327 52 0 89770575 0 0 0 0 0 36036153 0 0 2094 0 
0 0 0 0 0 0 0 0 0 0 0 0 0 0 0 0 0 0 0 0 0 0 0 3 0 106197 106167 0 0 330 0 0 52 69983870 20013801 0 0 0 0 0 36064607 2119 0 0 
0 0 0 0 0 0 0 0 0 0 0 0 0 0 0 0 0 0 0 0 0 0 0 3 106317 0 0 19 0 0 327 52 0 89816803 0 0 0 0 0 36061292 0 0 2094 0 
0 0 0 0 0 0 0 0 0 0 0 0 0 0 0 0 0 0 0 0 0 0 0 3 0 106316 106279 0 0 330 0 0 52 70022172 20021860 0 0 0 0 0 36089749 2119 0 0 
0 0 0 0 0 0 0 0 0 0 0 0 0 0 0 0 0 0 0 0 0 0 0 3 106429 0 0 19 0 0 327 52 0 89892337 0 0 0 0 0 36092707 0 0 2094 0 
0 0 0 0 0 0 0 0 0 0 0 0 0 0 0 0 0 0 0 0 0 0 0 3 0 106421 106391 0 0 330 0 0 52 70079765 20039956 0 0 0 0 0 36121164 2119 0 0 
0 0 0 0 0 0 0 0 0 0 0 0 0 0 0 0 0 0 0 0 0 0 0 3 106477 0 0 19 0 0 327 52 0 89961031 0 0 0 0 0 36121460 0 0 2094 0 
0 0 0 0 0 0 0 0 0 0 0 0 0 0 0 0 0 0 0 0 0 0 0 3 0 106473 106439 0 0 330 0 0 52 70132839 20055727 0 0 0 0 0 36149924 2119 0 0 
0 0 0 0 0 0 0 0 0 0 0 0 0 0 0 0 0 0 0 0 0 0 0 3 106565 0 0 19 0 0 327 52 0 90000258 0 0 0 0 0 36139188 0 0 2094 0 
0 0 0 0 0 0 0 0 0 0 0 0 0 0 0 0 0 0 0 0 0 0 0 3 0 106557 106527 0 0 330 0 0 52 70163636 20064196 0 0 0 0 0 36167651 2119 0 0 
0 0 0 0 0 0 0 0 0 0 0 0 0 0 0 0 0 0 0 0 0 0 0 3 106677 0 0 19 0 0 327 52 0 90062772 0 0 0 0 0 36166064 0 0 2094 0 
0 0 0 0 0 0 0 0 0 0 0 0 0 0 0 0 0 0 0 0 0 0 0 3 0 106669 106639 0 0 330 0 0 52 70214116 20076334 0 0 0 0 0 36194529 2119 0 0 
0 0 0 0 0 0 0 0 0 0 0 0 0 0 0 0 0 0 0 0 0 0 0 3 106789 0 0 19 0 0 327 52 0 90135652 0 0 0 0 0 36194854 0 0 2094 0 
0 0 0 0 0 0 0 0 0 0 0 0 0 0 0 0 0 0 0 0 0 0 0 3 0 106781 106751 0 0 330 0 0 52 70268987 20094461 0 0 0 0 0 36223321 2119 0 0 
0 0 0 0 0 0 0 0 0 0 0 0 0 0 0 0 0 0 0 0 0 0 0 3 106805 0 0 19 0 0 327 52 0 90178961 0 0 0 0 0 36213463 0 0 2094 0 
0 0 0 0 0 0 0 0 0 0 0 0 0 0 0 0 0 0 0 0 0 0 0 3 0 106797 106767 0 0 330 0 0 52 70303810 20103000 0 0 0 0 0 36241929 2119 0 0 
0 0 0 0 0 0 0 0 0 0 0 0 0 0 0 0 0 0 0 0 0 0 0 3 106917 0 0 19 0 0 327 52 0 90230352 0 0 0 0 0 36237286 0 0 2094 0 
0 0 0 0 0 0 0 0 0 0 0 0 0 0 0 0 0 0 0 0 0 0 0 3 0 106916 106879 0 0 330 0 0 52 70345661 20112653 0 0 0 0 0 36265759 2119 0 0 
0 0 0 0 0 0 0 0 0 0 0 0 0 0 0 0 0 0 0 0 0 0 0 3 107029 0 0 19 0 0 327 52 0 90305990 0 0 0 0 0 36268787 0 0 2094 0 
0 0 0 0 0 0 0 0 0 0 0 0 0 0 0 0 0 0 0 0 0 0 0 3 0 107021 106991 0 0 330 0 0 52 70403334 20130768 0 0 0 0 0 36297255 2119 0 0 
0 0 0 0 0 0 0 0 0 0 0 0 0 0 0 0 0 0 0 0 0 0 0 3 107053 0 0 19 0 0 327 52 0 90358689 0 0 0 0 0 36288573 0 0 2094 0 
0 0 0 0 0 0 0 0 0 0 0 0 0 0 0 0 0 0 0 0 0 0 0 3 0 107045 107015 0 0 330 0 0 52 70444621 20142269 0 0 0 0 0 36317038 2119 0 0 
0 0 0 0 0 0 0 0 0 0 0 0 0 0 0 0 0 0 0 0 0 0 0 3 107165 0 0 19 0 0 327 52 0 90408873 0 0 0 0 0 36313828 0 0 2094 0 
0 0 0 0 0 0 0 0 0 0 0 0 0 0 0 0 0 0 0 0 0 0 0 3 0 107157 107127 0 0 330 0 0 52 70484808 20152396 0 0 0 0 0 36342297 2119 0 0 
0 0 0 0 0 0 0 0 0 0 0 0 0 0 0 0 0 0 0 0 0 0 0 3 107269 0 0 19 0 0 327 52 0 90474355 0 0 0 0 0 36341077 0 0 2094 0 
0 0 0 0 0 0 0 0 0 0 0 0 0 0 0 0 0 0 0 0 0 0 0 3 0 107267 107231 0 0 330 0 0 52 70535683 20167139 0 0 0 0 0 36369550 2119 0 0 
0 0 0 0 0 0 0 0 0 0 0 0 0 0 0 0 0 0 0 0 0 0 0 3 107317 0 0 19 0 0 327 52 0 90543228 0 0 0 0 0 36369934 0 0 2094 0 
0 0 0 0 0 0 0 0 0 0 0 0 0 0 0 0 0 0 0 0 0 0 0 3 0 107315 107279 0 0 330 0 0 52 70588915 20182919 0 0 0 0 0 36398409 2119 0 0 
0 0 0 0 0 0 0 0 0 0 0 0 0 0 0 0 0 0 0 0 0 0 0 3 107405 0 0 19 0 0 327 52 0 90585161 0 0 0 0 0 36390066 0 0 2094 0 
0 0 0 0 0 0 0 0 0 0 0 0 0 0 0 0 0 0 0 0 0 0 0 3 0 107397 107367 0 0 330 0 0 52 70622151 20191662 0 0 0 0 0 36418541 2119 0 0 
0 0 0 0 0 0 0 0 0 0 0 0 0 0 0 0 0 0 0 0 0 0 0 3 107517 0 0 19 0 0 327 52 0 90646595 0 0 0 0 0 36416995 0 0 2094 0 
0 0 0 0 0 0 0 0 0 0 0 0 0 0 0 0 0 0 0 0 0 0 0 3 0 107509 107479 0 0 330 0 0 52 70671950 20203431 0 0 0 0 0 36445473 2119 0 0 
0 0 0 0 0 0 0 0 0 0 0 0 0 0 0 0 0 0 0 0 0 0 0 3 107629 0 0 19 0 0 327 52 0 90718554 0 0 0 0 0 36445221 0 0 2094 0 
0 0 0 0 0 0 0 0 0 0 0 0 0 0 0 0 0 0 0 0 0 0 0 3 0 107621 107591 0 0 330 0 0 52 70725853 20221618 0 0 0 0 0 36473709 2119 0 0 
0 0 0 0 0 0 0 0 0 0 0 0 0 0 0 0 0 0 0 0 0 0 0 3 107645 0 0 19 0 0 327 52 0 90760886 0 0 0 0 0 36465340 0 0 2094 0 
0 0 0 0 0 0 0 0 0 0 0 0 0 0 0 0 0 0 0 0 0 0 0 3 0 107637 107607 0 0 330 0 0 52 70760814 20229028 0 0 0 0 0 36493826 2119 0 0 
0 0 0 0 0 0 0 0 0 0 0 0 0 0 0 0 0 0 0 0 0 0 0 3 107757 0 0 19 0 0 327 52 0 90816252 0 0 0 0 0 36489143 0 0 2094 0 
0 0 0 0 0 0 0 0 0 0 0 0 0 0 0 0 0 0 0 0 0 0 0 3 0 107756 107719 0 0 330 0 0 52 70805496 20239807 0 0 0 0 0 36517629 2119 0 0 
0 0 0 0 0 0 0 0 0 0 0 0 0 0 0 0 0 0 0 0 0 0 0 3 107869 0 0 19 0 0 327 52 0 90890821 0 0 0 0 0 36519516 0 0 2094 0 
0 0 0 0 0 0 0 0 0 0 0 0 0 0 0 0 0 0 0 0 0 0 0 3 0 107861 107831 0 0 330 0 0 52 70862059 20257965 0 0 0 0 0 36548004 2119 0 0 
0 0 0 0 0 0 0 0 0 0 0 0 0 0 0 0 0 0 0 0 0 0 0 3 107885 0 0 19 0 0 327 52 0 90935898 0 0 0 0 0 36535794 0 0 2094 0 
0 0 0 0 0 0 0 0 0 0 0 0 0 0 0 0 0 0 0 0 0 0 0 3 0 107884 107847 0 0 330 0 0 52 70896824 20268340 0 0 0 0 0 36564283 2119 0 0 
0 0 0 0 0 0 0 0 0 0 0 0 0 0 0 0 0 0 0 0 0 0 0 3 108005 0 0 19 0 0 327 52 0 90991793 0 0 0 0 0 36563168 0 0 2094 0 
0 0 0 0 0 0 0 0 0 0 0 0 0 0 0 0 0 0 0 0 0 0 0 3 0 107997 107967 0 0 330 0 0 52 70940609 20280582 0 0 0 0 0 36591655 2119 0 0 
0 0 0 0 0 0 0 0 0 0 0 0 0 0 0 0 0 0 0 0 0 0 0 3 108109 0 0 19 0 0 327 52 0 91055292 0 0 0 0 0 36589855 0 0 2094 0 
0 0 0 0 0 0 0 0 0 0 0 0 0 0 0 0 0 0 0 0 0 0 0 3 0 108107 108071 0 0 330 0 0 52 70990488 20294320 0 0 0 0 0 36618341 2119 0 0 
0 0 0 0 0 0 0 0 0 0 0 0 0 0 0 0 0 0 0 0 0 0 0 3 108133 0 0 19 0 0 327 52 0 91124920 0 0 0 0 0 36615631 0 0 2094 0 
0 0 0 0 0 0 0 0 0 0 0 0 0 0 0 0 0 0 0 0 0 0 0 3 0 108133 108095 0 0 330 0 0 52 71040083 20314485 0 0 0 0 0 36644117 2119 0 0 
0 0 0 0 0 0 0 0 0 0 0 0 0 0 0 0 0 0 0 0 0 0 0 3 108221 0 0 19 0 0 327 52 0 91146219 0 0 0 0 0 36623710 0 0 2094 0 
0 0 0 0 0 0 0 0 0 0 0 0 0 0 0 0 0 0 0 0 0 0 0 3 0 108221 108183 0 0 330 0 0 52 71050820 20325065 0 0 0 0 0 36652200 2119 0 0 
0 0 0 0 0 0 0 0 0 0 0 0 0 0 0 0 0 0 0 0 0 0 0 3 108221 0 0 19 0 0 327 52 0 91146219 0 0 0 0 0 36623710 0 0 2094 0 
0 0 0 0 0 0 0 0 0 0 0 0 0 0 0 0 0 0 0 0 0 0 0 3 0 108221 108183 0 0 330 0 0 52 71050820 20325065 0 0 0 0 0 36652200 2119 0 0 
0 0 0 0 0 0 0 0 0 0 0 0 0 0 0 0 0 0 0 0 0 0 0 3 108221 0 0 19 0 0 327 52 0 91146219 0 0 0 0 0 36623710 0 0 2094 0 
0 0 0 0 0 0 0 0 0 0 0 0 0 0 0 0 0 0 0 0 0 0 0 3 0 108221 108183 0 0 330 0 0 52 71050820 20325065 0 0 0 0 0 36652200 2119 0 0 
0 0 0 0 0 0 0 0 0 0 0 0 0 0 0 0 0 0 0 0 0 0 0 3 108221 0 0 19 0 0 327 52 0 91146219 0 0 0 0 0 36623710 0 0 2094 0 
0 0 0 0 0 0 0 0 0 0 0 0 0 0 0 0 0 0 0 0 0 0 0 3 0 108221 108183 0 0 330 0 0 52 71050820 20325065 0 0 0 0 0 36652200 2119 0 0 
0 0 0 0 0 0 0 0 0 0 0 0 0 0 0 0 0 0 0 0 0 0 0 3 108221 0 0 19 0 0 327 52 0 91146219 0 0 0 0 0 36623710 0 0 2094 0 
0 0 0 0 0 0 0 0 0 0 0 0 0 0 0 0 0 0 0 0 0 0 0 3 0 108221 108183 0 0 330 0 0 52 71050820 20325065 0 0 0 0 0 36652200 2119 0 0 
0 0 0 0 0 0 0 0 0 0 0 0 0 0 0 0 0 0 0 0 0 0 0 3 108221 0 0 19 0 0 327 52 0 91146219 0 0 0 0 0 36623710 0 0 2094 0 
0 0 0 0 0 0 0 0 0 0 0 0 0 0 0 0 0 0 0 0 0 0 0 3 0 108221 108183 0 0 330 0 0 52 71050820 20325065 0 0 0 0 0 36652200 2119 0 0 
0 0 0 0 0 0 0 0 0 0 0 0 0 0 0 0 0 0 0 0 0 0 0 3 108221 0 0 19 0 0 327 52 0 91146219 0 0 0 0 0 36623710 0 0 2094 0 
0 0 0 0 0 0 0 0 0 0 0 0 0 0 0 0 0 0 0 0 0 0 0 3 0 108221 108183 0 0 330 0 0 52 71050820 20325065 0 0 0 0 0 36652200 2119 0 0 
0 0 0 0 0 0 0 0 0 0 0 0 0 0 0 0 0 0 0 0 0 0 0 3 108221 0 0 19 0 0 327 52 0 91146219 0 0 0 0 0 36623710 0 0 2094 0 
0 0 0 0 0 0 0 0 0 0 0 0 0 0 0 0 0 0 0 0 0 0 0 3 0 108221 108183 0 0 330 0 0 52 71050820 20325065 0 0 0 0 0 36652200 2119 0 0 
0 0 0 0 0 0 0 0 0 0 0 0 0 0 0 0 0 0 0 0 0 0 0 3 108221 0 0 19 0 0 327 52 0 91146219 0 0 0 0 0 36623710 0 0 2094 0 
0 0 0 0 0 0 0 0 0 0 0 0 0 0 0 0 0 0 0 0 0 0 0 3 0 108221 108183 0 0 330 0 0 52 71050820 20325065 0 0 0 0 0 36652200 2119 0 0 
0 0 0 0 0 0 0 0 0 0 0 0 0 0 0 0 0 0 0 0 0 0 0 3 108221 0 0 19 0 0 327 52 0 91146219 0 0 0 0 0 36623710 0 0 2094 0 
0 0 0 0 0 0 0 0 0 0 0 0 0 0 0 0 0 0 0 0 0 0 0 3 0 108221 108183 0 0 330 0 0 52 71050820 20325065 0 0 0 0 0 36652200 2119 0 0 
0 0 0 0 0 0 0 0 0 0 0 0 0 0 0 0 0 0 0 0 0 0 0 3 108221 0 0 19 0 0 327 52 0 91146219 0 0 0 0 0 36623710 0 0 2094 0 
0 0 0 0 0 0 0 0 0 0 0 0 0 0 0 0 0 0 0 0 0 0 0 3 0 108221 108183 0 0 330 0 0 52 71050820 20325065 0 0 0 0 0 36652200 2119 0 0 
0 0 0 0 0 0 0 0 0 0 0 0 0 0 0 0 0 0 0 0 0 0 0 3 108221 0 0 19 0 0 327 52 0 91146219 0 0 0 0 0 36623710 0 0 2094 0 
0 0 0 0 0 0 0 0 0 0 0 0 0 0 0 0 0 0 0 0 0 0 0 3 0 108221 108183 0 0 330 0 0 52 71050820 20325065 0 0 0 0 0 36652200 2119 0 0 
0 0 0 0 0 0 0 0 0 0 0 0 0 0 0 0 0 0 0 0 0 0 0 3 108221 0 0 19 0 0 327 52 0 91146219 0 0 0 0 0 36623710 0 0 2094 0 
0 0 0 0 0 0 0 0 0 0 0 0 0 0 0 0 0 0 0 0 0 0 0 3 0 108221 108183 0 0 330 0 0 52 71050820 20325065 0 0 0 0 0 36652200 2119 0 0 
0 0 0 0 0 0 0 0 0 0 0 0 0 0 0 0 0 0 0 0 0 0 0 3 108221 0 0 19 0 0 327 52 0 91146219 0 0 0 0 0 36623710 0 0 2094 0 
0 0 0 0 0 0 0 0 0 0 0 0 0 0 0 0 0 0 0 0 0 0 0 3 0 108221 108183 0 0 330 0 0 52 71050820 20325065 0 0 0 0 0 36652200 2119 0 0 
0 0 0 0 0 0 0 0 0 0 0 0 0 0 0 0 0 0 0 0 0 0 0 3 108221 0 0 19 0 0 327 52 0 91146219 0 0 0 0 0 36623710 0 0 2094 0 
0 0 0 0 0 0 0 0 0 0 0 0 0 0 0 0 0 0 0 0 0 0 0 3 0 108221 108183 0 0 330 0 0 52 71050820 20325065 0 0 0 0 0 36652200 2119 0 0 
0 0 0 0 0 0 0 0 0 0 0 0 0 0 0 0 0 0 0 0 0 0 0 3 108221 0 0 19 0 0 327 52 0 91146219 0 0 0 0 0 36623710 0 0 2094 0 
0 0 0 0 0 0 0 0 0 0 0 0 0 0 0 0 0 0 0 0 0 0 0 3 0 108221 108183 0 0 330 0 0 52 71050820 20325065 0 0 0 0 0 36652200 2119 0 0 
0 0 0 0 0 0 0 0 0 0 0 0 0 0 0 0 0 0 0 0 0 0 0 3 108221 0 0 19 0 0 327 52 0 91146219 0 0 0 0 0 36623710 0 0 2094 0 
0 0 0 0 0 0 0 0 0 0 0 0 0 0 0 0 0 0 0 0 0 0 0 3 0 108221 108183 0 0 330 0 0 52 71050820 20325065 0 0 0 0 0 36652200 2119 0 0 
0 0 0 0 0 0 0 0 0 0 0 0 0 0 0 0 0 0 0 0 0 0 0 3 108221 0 0 19 0 0 327 52 0 91146219 0 0 0 0 0 36623710 0 0 2094 0 
0 0 0 0 0 0 0 0 0 0 0 0 0 0 0 0 0 0 0 0 0 0 0 3 0 108221 108183 0 0 330 0 0 52 71050820 20325065 0 0 0 0 0 36652200 2119 0 0 
0 0 0 0 0 0 0 0 0 0 0 0 0 0 0 0 0 0 0 0 0 0 0 3 108221 0 0 19 0 0 327 52 0 91146219 0 0 0 0 0 36623710 0 0 2094 0 
0 0 0 0 0 0 0 0 0 0 0 0 0 0 0 0 0 0 0 0 0 0 0 3 0 108221 108183 0 0 330 0 0 52 71050820 20325065 0 0 0 0 0 36652200 2119 0 0 
0 0 0 0 0 0 0 0 0 0 0 0 0 0 0 0 0 0 0 0 0 0 0 3 108221 0 0 19 0 0 327 52 0 91146219 0 0 0 0 0 36623710 0 0 2094 0 
0 0 0 0 0 0 0 0 0 0 0 0 0 0 0 0 0 0 0 0 0 0 0 3 0 108221 108183 0 0 330 0 0 52 71050820 20325065 0 0 0 0 0 36652200 2119 0 0 
0 0 0 0 0 0 0 0 0 0 0 0 0 0 0 0 0 0 0 0 0 0 0 3 108221 0 0 19 0 0 327 52 0 91146219 0 0 0 0 0 36623710 0 0 2094 0 
0 0 0 0 0 0 0 0 0 0 0 0 0 0 0 0 0 0 0 0 0 0 0 3 0 108221 108183 0 0 330 0 0 52 71050820 20325065 0 0 0 0 0 36652200 2119 0 0 
0 0 0 0 0 0 0 0 0 0 0 0 0 0 0 0 0 0 0 0 0 0 0 3 108221 0 0 19 0 0 327 52 0 91146219 0 0 0 0 0 36623710 0 0 2094 0 
0 0 0 0 0 0 0 0 0 0 0 0 0 0 0 0 0 0 0 0 0 0 0 3 0 108221 108183 0 0 330 0 0 52 71050820 20325065 0 0 0 0 0 36652200 2119 0 0 
0 0 0 0 0 0 0 0 0 0 0 0 0 0 0 0 0 0 0 0 0 0 0 3 108221 0 0 19 0 0 327 52 0 91146219 0 0 0 0 0 36623710 0 0 2094 0 
0 0 0 0 0 0 0 0 0 0 0 0 0 0 0 0 0 0 0 0 0 0 0 3 0 108221 108183 0 0 330 0 0 52 71050820 20325065 0 0 0 0 0 36652200 2119 0 0 
0 0 0 0 0 0 0 0 0 0 0 0 0 0 0 0 0 0 0 0 0 0 0 3 108221 0 0 19 0 0 327 52 0 91146219 0 0 0 0 0 36623710 0 0 2094 0 
0 0 0 0 0 0 0 0 0 0 0 0 0 0 0 0 0 0 0 0 0 0 0 3 0 108221 108183 0 0 330 0 0 52 71050820 20325065 0 0 0 0 0 36652200 2119 0 0 
0 0 0 0 0 0 0 0 0 0 0 0 0 0 0 0 0 0 0 0 0 0 0 3 108221 0 0 19 0 0 327 52 0 91146219 0 0 0 0 0 36623710 0 0 2094 0 
0 0 0 0 0 0 0 0 0 0 0 0 0 0 0 0 0 0 0 0 0 0 0 3 0 108221 108183 0 0 330 0 0 52 71050820 20325065 0 0 0 0 0 36652200 2119 0 0 
0 0 0 0 0 0 0 0 0 0 0 0 0 0 0 0 0 0 0 0 0 0 0 3 108221 0 0 19 0 0 327 52 0 91146219 0 0 0 0 0 36623710 0 0 2094 0 
0 0 0 0 0 0 0 0 0 0 0 0 0 0 0 0 0 0 0 0 0 0 0 3 0 108221 108183 0 0 330 0 0 52 71050820 20325065 0 0 0 0 0 36652200 2119 0 0 
0 0 0 0 0 0 0 0 0 0 0 0 0 0 0 0 0 0 0 0 0 0 0 3 108221 0 0 19 0 0 327 52 0 91146219 0 0 0 0 0 36623710 0 0 2094 0 
0 0 0 0 0 0 0 0 0 0 0 0 0 0 0 0 0 0 0 0 0 0 0 3 0 108221 108183 0 0 330 0 0 52 71050820 20325065 0 0 0 0 0 36652200 2119 0 0 
0 0 0 0 0 0 0 0 0 0 0 0 0 0 0 0 0 0 0 0 0 0 0 3 108221 0 0 19 0 0 327 52 0 91146219 0 0 0 0 0 36623710 0 0 2094 0 
0 0 0 0 0 0 0 0 0 0 0 0 0 0 0 0 0 0 0 0 0 0 0 3 0 108221 108183 0 0 330 0 0 52 71050820 20325065 0 0 0 0 0 36652200 2119 0 0 
0 0 0 0 0 0 0 0 0 0 0 0 0 0 0 0 0 0 0 0 0 0 0 3 108221 0 0 19 0 0 327 52 0 91146219 0 0 0 0 0 36623710 0 0 2094 0 
0 0 0 0 0 0 0 0 0 0 0 0 0 0 0 0 0 0 0 0 0 0 0 3 0 108221 108183 0 0 330 0 0 52 71050820 20325065 0 0 0 0 0 36652200 2119 0 0 
0 0 0 0 0 0 0 0 0 0 0 0 0 0 0 0 0 0 0 0 0 0 0 3 108221 0 0 19 0 0 327 52 0 91146219 0 0 0 0 0 36623710 0 0 2094 0 
0 0 0 0 0 0 0 0 0 0 0 0 0 0 0 0 0 0 0 0 0 0 0 3 0 108221 108183 0 0 330 0 0 52 71050820 20325065 0 0 0 0 0 36652200 2119 0 0 
0 0 0 0 0 0 0 0 0 0 0 0 0 0 0 0 0 0 0 0 0 0 0 3 108221 0 0 19 0 0 327 52 0 91146219 0 0 0 0 0 36623710 0 0 2094 0 
0 0 0 0 0 0 0 0 0 0 0 0 0 0 0 0 0 0 0 0 0 0 0 3 0 108221 108183 0 0 330 0 0 52 71050820 20325065 0 0 0 0 0 36652200 2119 0 0 
0 0 0 0 0 0 0 0 0 0 0 0 0 0 0 0 0 0 0 0 0 0 0 3 108221 0 0 19 0 0 327 52 0 91146219 0 0 0 0 0 36623710 0 0 2094 0 
0 0 0 0 0 0 0 0 0 0 0 0 0 0 0 0 0 0 0 0 0 0 0 3 0 108221 108183 0 0 330 0 0 52 71050820 20325065 0 0 0 0 0 36652200 2119 0 0 
0 0 0 0 0 0 0 0 0 0 0 0 0 0 0 0 0 0 0 0 0 0 0 3 108221 0 0 19 0 0 327 52 0 91146219 0 0 0 0 0 36623710 0 0 2094 0 
0 0 0 0 0 0 0 0 0 0 0 0 0 0 0 0 0 0 0 0 0 0 0 3 0 108221 108183 0 0 330 0 0 52 71050820 20325065 0 0 0 0 0 36652200 2119 0 0 
0 0 0 0 0 0 0 0 0 0 0 0 0 0 0 0 0 0 0 0 0 0 0 3 108221 0 0 19 0 0 327 52 0 91146219 0 0 0 0 0 36623710 0 0 2094 0 
0 0 0 0 0 0 0 0 0 0 0 0 0 0 0 0 0 0 0 0 0 0 0 3 0 108221 108183 0 0 330 0 0 52 71050820 20325065 0 0 0 0 0 36652200 2119 0 0 
0 0 0 0 0 0 0 0 0 0 0 0 0 0 0 0 0 0 0 0 0 0 0 3 108221 0 0 19 0 0 327 52 0 91146219 0 0 0 0 0 36623710 0 0 2094 0 
0 0 0 0 0 0 0 0 0 0 0 0 0 0 0 0 0 0 0 0 0 0 0 3 0 108221 108183 0 0 330 0 0 52 71050820 20325065 0 0 0 0 0 36652200 2119 0 0 
0 0 0 0 0 0 0 0 0 0 0 0 0 0 0 0 0 0 0 0 0 0 0 3 108221 0 0 19 0 0 327 52 0 91146219 0 0 0 0 0 36623710 0 0 2094 0 
0 0 0 0 0 0 0 0 0 0 0 0 0 0 0 0 0 0 0 0 0 0 0 3 0 108221 108183 0 0 330 0 0 52 71050820 20325065 0 0 0 0 0 36652200 2119 0 0 
0 0 0 0 0 0 0 0 0 0 0 0 0 0 0 0 0 0 0 0 0 0 0 3 108221 0 0 19 0 0 327 52 0 91146219 0 0 0 0 0 36623710 0 0 2094 0 
0 0 0 0 0 0 0 0 0 0 0 0 0 0 0 0 0 0 0 0 0 0 0 3 0 108221 108183 0 0 330 0 0 52 71050820 20325065 0 0 0 0 0 36652200 2119 0 0 
0 0 0 0 0 0 0 0 0 0 0 0 0 0 0 0 0 0 0 0 0 0 0 3 108221 0 0 19 0 0 327 52 0 91146219 0 0 0 0 0 36623710 0 0 2094 0 
0 0 0 0 0 0 0 0 0 0 0 0 0 0 0 0 0 0 0 0 0 0 0 3 0 108221 108183 0 0 330 0 0 52 71050820 20325065 0 0 0 0 0 36652200 2119 0 0 
