0 0 0 0 0 0 0 0 0 0 0 0 0 0 0 0 0 0 0 0 0 0 0 3 108221 0 0 19 0 0 327 52 0 91146219 0 0 0 0 0 36623710 0 0 2094 0 
0 0 0 0 0 0 0 0 0 0 0 0 0 0 0 0 0 0 0 0 0 0 0 3 0 108221 108183 0 0 330 0 0 52 71050820 20325065 0 0 0 0 0 36652200 2119 0 0 
0 0 0 0 0 0 0 0 0 0 0 0 0 0 0 0 0 0 0 0 0 0 0 3 108221 0 0 19 0 0 327 52 0 91146219 0 0 0 0 0 36623710 0 0 2094 0 
0 0 0 0 0 0 0 0 0 0 0 0 0 0 0 0 0 0 0 0 0 0 0 3 0 108221 108183 0 0 330 0 0 52 71050820 20325065 0 0 0 0 0 36652200 2119 0 0 
0 0 0 0 0 0 0 0 0 0 0 0 0 0 0 0 0 0 0 0 0 0 0 3 108221 0 0 19 0 0 327 52 0 91146219 0 0 0 0 0 36623710 0 0 2094 0 
0 0 0 0 0 0 0 0 0 0 0 0 0 0 0 0 0 0 0 0 0 0 0 3 0 108221 108183 0 0 330 0 0 52 71050820 20325065 0 0 0 0 0 36652200 2119 0 0 
0 0 0 0 0 0 0 0 0 0 0 0 0 0 0 0 0 0 0 0 0 0 0 3 108221 0 0 19 0 0 327 52 0 91146219 0 0 0 0 0 36623710 0 0 2094 0 
0 0 0 0 0 0 0 0 0 0 0 0 0 0 0 0 0 0 0 0 0 0 0 3 0 108221 108183 0 0 330 0 0 52 71050820 20325065 0 0 0 0 0 36652200 2119 0 0 
0 0 0 0 0 0 0 0 0 0 0 0 0 0 0 0 0 0 0 0 0 0 0 3 108221 0 0 19 0 0 327 52 0 91146219 0 0 0 0 0 36623710 0 0 2094 0 
0 0 0 0 0 0 0 0 0 0 0 0 0 0 0 0 0 0 0 0 0 0 0 3 0 108221 108183 0 0 330 0 0 52 71050820 20325065 0 0 0 0 0 36652200 2119 0 0 
0 0 0 0 0 0 0 0 0 0 0 0 0 0 0 0 0 0 0 0 0 0 0 3 108221 0 0 19 0 0 327 52 0 91146219 0 0 0 0 0 36623710 0 0 2094 0 
0 0 0 0 0 0 0 0 0 0 0 0 0 0 0 0 0 0 0 0 0 0 0 3 0 108221 108183 0 0 330 0 0 52 71050820 20325065 0 0 0 0 0 36652200 2119 0 0 
0 0 0 0 0 0 0 0 0 0 0 0 0 0 0 0 0 0 0 0 0 0 0 3 108221 0 0 19 0 0 327 52 0 91146219 0 0 0 0 0 36623710 0 0 2094 0 
0 0 0 0 0 0 0 0 0 0 0 0 0 0 0 0 0 0 0 0 0 0 0 3 0 108221 108183 0 0 330 0 0 52 71050820 20325065 0 0 0 0 0 36652200 2119 0 0 
0 0 0 0 0 0 0 0 0 0 0 0 0 0 0 0 0 0 0 0 0 0 0 3 108269 0 0 19 0 0 333 52 0 91177059 0 0 0 0 0 36627297 0 0 2094 0 
0 0 0 0 0 0 0 0 0 0 0 0 0 0 0 0 0 0 0 0 0 0 0 3 0 108265 108231 0 0 337 0 0 52 71080841 20325874 0 0 0 0 0 36655787 2119 0 0 
0 0 0 0 0 0 0 0 0 0 0 0 0 0 0 0 0 0 0 0 0 0 0 3 108277 0 0 19 0 0 333 52 0 91201971 0 0 0 0 0 36640300 0 0 2094 0 
0 0 0 0 0 0 0 0 0 0 0 0 0 0 0 0 0 0 0 0 0 0 0 3 0 108273 108239 0 0 337 0 0 52 71101983 20329656 0 0 0 0 0 36668788 2119 0 0 
0 0 0 0 0 0 0 0 0 0 0 0 0 0 0 0 0 0 0 0 0 0 0 3 108329 0 0 19 0 0 333 52 0 91243679 0 0 0 0 0 36655927 0 0 2094 0 
0 0 0 0 0 0 0 0 0 0 0 0 0 0 0 0 0 0 0 0 0 0 0 3 0 108325 108291 0 0 337 0 0 52 71135037 20338323 0 0 0 0 0 36684421 2119 0 0 
0 0 0 0 0 0 0 0 0 0 0 0 0 0 0 0 0 0 0 0 0 0 0 3 108337 0 0 19 0 0 333 52 0 91272275 0 0 0 0 0 36671709 0 0 2094 0 
0 0 0 0 0 0 0 0 0 0 0 0 0 0 0 0 0 0 0 0 0 0 0 3 0 108333 108299 0 0 337 0 0 52 71159856 20342107 0 0 0 0 0 36700203 2119 0 0 
0 0 0 0 0 0 0 0 0 0 0 0 0 0 0 0 0 0 0 0 0 0 0 3 108393 0 0 19 0 0 333 52 0 91304174 0 0 0 0 0 36685467 0 0 2094 0 
0 0 0 0 0 0 0 0 0 0 0 0 0 0 0 0 0 0 0 0 0 0 0 3 0 108389 108355 0 0 337 0 0 52 71187774 20346107 0 0 0 0 0 36713963 2119 0 0 
0 0 0 0 0 0 0 0 0 0 0 0 0 0 0 0 0 0 0 0 0 0 0 3 108449 0 0 19 0 0 333 52 0 91347164 0 0 0 0 0 36704557 0 0 2094 0 
0 0 0 0 0 0 0 0 0 0 0 0 0 0 0 0 0 0 0 0 0 0 0 3 0 108445 108411 0 0 337 0 0 52 71220854 20356036 0 0 0 0 0 36733054 2119 0 0 
0 0 0 0 0 0 0 0 0 0 0 0 0 0 0 0 0 0 0 0 0 0 0 3 108457 0 0 19 0 0 333 52 0 91373566 0 0 0 0 0 36719574 0 0 2094 0 
0 0 0 0 0 0 0 0 0 0 0 0 0 0 0 0 0 0 0 0 0 0 0 3 0 108453 108419 0 0 337 0 0 52 71241606 20361706 0 0 0 0 0 36748071 2119 0 0 
0 0 0 0 0 0 0 0 0 0 0 0 0 0 0 0 0 0 0 0 0 0 0 3 108513 0 0 19 0 0 333 52 0 91406605 0 0 0 0 0 36733953 0 0 2094 0 
0 0 0 0 0 0 0 0 0 0 0 0 0 0 0 0 0 0 0 0 0 0 0 3 0 108509 108475 0 0 337 0 0 52 71270386 20365983 0 0 0 0 0 36762450 2119 0 0 
0 0 0 0 0 0 0 0 0 0 0 0 0 0 0 0 0 0 0 0 0 0 0 3 108533 0 0 19 0 0 333 52 0 91448432 0 0 0 0 0 36753062 0 0 2094 0 
0 0 0 0 0 0 0 0 0 0 0 0 0 0 0 0 0 0 0 0 0 0 0 3 0 108533 108495 0 0 337 0 0 52 71303484 20374742 0 0 0 0 0 36781562 2119 0 0 
0 0 0 0 0 0 0 0 0 0 0 0 0 0 0 0 0 0 0 0 0 0 0 3 108577 0 0 19 0 0 333 52 0 91469788 0 0 0 0 0 36763264 0 0 2094 0 
0 0 0 0 0 0 0 0 0 0 0 0 0 0 0 0 0 0 0 0 0 0 0 3 0 108573 108539 0 0 337 0 0 52 71320117 20379472 0 0 0 0 0 36791764 2119 0 0 
0 0 0 0 0 0 0 0 0 0 0 0 0 0 0 0 0 0 0 0 0 0 0 3 108629 0 0 19 0 0 333 52 0 91510324 0 0 0 0 0 36781744 0 0 2094 0 
0 0 0 0 0 0 0 0 0 0 0 0 0 0 0 0 0 0 0 0 0 0 0 3 0 108625 108591 0 0 337 0 0 52 71354292 20385853 0 0 0 0 0 36810243 2119 0 0 
0 0 0 0 0 0 0 0 0 0 0 0 0 0 0 0 0 0 0 0 0 0 0 3 108637 0 0 19 0 0 333 52 0 91538123 0 0 0 0 0 36797410 0 0 2094 0 
0 0 0 0 0 0 0 0 0 0 0 0 0 0 0 0 0 0 0 0 0 0 0 3 0 108633 108599 0 0 337 0 0 52 71376151 20391803 0 0 0 0 0 36825909 2119 0 0 
0 0 0 0 0 0 0 0 0 0 0 0 0 0 0 0 0 0 0 0 0 0 0 3 108693 0 0 19 0 0 333 52 0 91570126 0 0 0 0 0 36811373 0 0 2094 0 
0 0 0 0 0 0 0 0 0 0 0 0 0 0 0 0 0 0 0 0 0 0 0 3 0 108689 108655 0 0 337 0 0 52 71404175 20395802 0 0 0 0 0 36839875 2119 0 0 
0 0 0 0 0 0 0 0 0 0 0 0 0 0 0 0 0 0 0 0 0 0 0 3 108749 0 0 19 0 0 333 52 0 91610939 0 0 0 0 0 36829005 0 0 2094 0 
0 0 0 0 0 0 0 0 0 0 0 0 0 0 0 0 0 0 0 0 0 0 0 3 0 108745 108711 0 0 337 0 0 52 71435091 20405730 0 0 0 0 0 36857509 2119 0 0 
0 0 0 0 0 0 0 0 0 0 0 0 0 0 0 0 0 0 0 0 0 0 0 3 108757 0 0 19 0 0 333 52 0 91634073 0 0 0 0 0 36842863 0 0 2094 0 
0 0 0 0 0 0 0 0 0 0 0 0 0 0 0 0 0 0 0 0 0 0 0 3 0 108753 108719 0 0 337 0 0 52 71455373 20408589 0 0 0 0 0 36871367 2119 0 0 
0 0 0 0 0 0 0 0 0 0 0 0 0 0 0 0 0 0 0 0 0 0 0 3 108809 0 0 19 0 0 333 52 0 91675168 0 0 0 0 0 36862360 0 0 2094 0 
0 0 0 0 0 0 0 0 0 0 0 0 0 0 0 0 0 0 0 0 0 0 0 3 0 108805 108771 0 0 337 0 0 52 71489406 20415669 0 0 0 0 0 36890864 2119 0 0 
0 0 0 0 0 0 0 0 0 0 0 0 0 0 0 0 0 0 0 0 0 0 0 3 108817 0 0 19 0 0 333 52 0 91702874 0 0 0 0 0 36877829 0 0 2094 0 
0 0 0 0 0 0 0 0 0 0 0 0 0 0 0 0 0 0 0 0 0 0 0 3 0 108813 108779 0 0 337 0 0 52 71511175 20421619 0 0 0 0 0 36906334 2119 0 0 
0 0 0 0 0 0 0 0 0 0 0 0 0 0 0 0 0 0 0 0 0 0 0 3 108873 0 0 19 0 0 333 52 0 91737798 0 0 0 0 0 36895340 0 0 2094 0 
0 0 0 0 0 0 0 0 0 0 0 0 0 0 0 0 0 0 0 0 0 0 0 3 0 108869 108835 0 0 337 0 0 52 71542125 20425616 0 0 0 0 0 36923845 2119 0 0 
0 0 0 0 0 0 0 0 0 0 0 0 0 0 0 0 0 0 0 0 0 0 0 3 108897 0 0 19 0 0 333 52 0 91779758 0 0 0 0 0 36914571 0 0 2094 0 
0 0 0 0 0 0 0 0 0 0 0 0 0 0 0 0 0 0 0 0 0 0 0 3 0 108895 108859 0 0 337 0 0 52 71575344 20434382 0 0 0 0 0 36943078 2119 0 0 
0 0 0 0 0 0 0 0 0 0 0 0 0 0 0 0 0 0 0 0 0 0 0 3 108937 0 0 19 0 0 333 52 0 91800819 0 0 0 0 0 36925772 0 0 2094 0 
0 0 0 0 0 0 0 0 0 0 0 0 0 0 0 0 0 0 0 0 0 0 0 3 0 108933 108899 0 0 337 0 0 52 71592623 20438174 0 0 0 0 0 36954279 2119 0 0 
0 0 0 0 0 0 0 0 0 0 0 0 0 0 0 0 0 0 0 0 0 0 0 3 108989 0 0 19 0 0 333 52 0 91842698 0 0 0 0 0 36946178 0 0 2094 0 
0 0 0 0 0 0 0 0 0 0 0 0 0 0 0 0 0 0 0 0 0 0 0 3 0 108985 108951 0 0 337 0 0 52 71627209 20445489 0 0 0 0 0 36974687 2119 0 0 
0 0 0 0 0 0 0 0 0 0 0 0 0 0 0 0 0 0 0 0 0 0 0 3 108997 0 0 19 0 0 333 52 0 91867646 0 0 0 0 0 36960106 0 0 2094 0 
0 0 0 0 0 0 0 0 0 0 0 0 0 0 0 0 0 0 0 0 0 0 0 3 0 108993 108959 0 0 337 0 0 52 71646286 20451369 0 0 0 0 0 36988615 2119 0 0 
0 0 0 0 0 0 0 0 0 0 0 0 0 0 0 0 0 0 0 0 0 0 0 3 109049 0 0 19 0 0 333 52 0 91900032 0 0 0 0 0 36973532 0 0 2094 0 
0 0 0 0 0 0 0 0 0 0 0 0 0 0 0 0 0 0 0 0 0 0 0 3 0 109045 109011 0 0 337 0 0 52 71674618 20455429 0 0 0 0 0 37002044 2119 0 0 
0 0 0 0 0 0 0 0 0 0 0 0 0 0 0 0 0 0 0 0 0 0 0 3 109057 0 0 19 0 0 333 52 0 91931051 0 0 0 0 0 36987963 0 0 2094 0 
0 0 0 0 0 0 0 0 0 0 0 0 0 0 0 0 0 0 0 0 0 0 0 3 0 109053 109019 0 0 337 0 0 52 71699708 20461379 0 0 0 0 0 37016475 2119 0 0 
0 0 0 0 0 0 0 0 0 0 0 0 0 0 0 0 0 0 0 0 0 0 0 3 109113 0 0 19 0 0 333 52 0 91961896 0 0 0 0 0 37006296 0 0 2094 0 
0 0 0 0 0 0 0 0 0 0 0 0 0 0 0 0 0 0 0 0 0 0 0 3 0 109109 109075 0 0 337 0 0 52 71726570 20465378 0 0 0 0 0 37034812 2119 0 0 
0 0 0 0 0 0 0 0 0 0 0 0 0 0 0 0 0 0 0 0 0 0 0 3 109141 0 0 19 0 0 333 52 0 92001558 0 0 0 0 0 37023928 0 0 2094 0 
0 0 0 0 0 0 0 0 0 0 0 0 0 0 0 0 0 0 0 0 0 0 0 3 0 109139 109103 0 0 337 0 0 52 71757288 20474371 0 0 0 0 0 37052446 2119 0 0 
0 0 0 0 0 0 0 0 0 0 0 0 0 0 0 0 0 0 0 0 0 0 0 3 109177 0 0 19 0 0 333 52 0 92025764 0 0 0 0 0 37039741 0 0 2094 0 
0 0 0 0 0 0 0 0 0 0 0 0 0 0 0 0 0 0 0 0 0 0 0 3 0 109173 109139 0 0 337 0 0 52 71779043 20476826 0 0 0 0 0 37068259 2119 0 0 
0 0 0 0 0 0 0 0 0 0 0 0 0 0 0 0 0 0 0 0 0 0 0 3 109229 0 0 19 0 0 333 52 0 92070284 0 0 0 0 0 37061588 0 0 2094 0 
0 0 0 0 0 0 0 0 0 0 0 0 0 0 0 0 0 0 0 0 0 0 0 3 0 109225 109191 0 0 337 0 0 52 71815164 20485248 0 0 0 0 0 37090111 2119 0 0 
0 0 0 0 0 0 0 0 0 0 0 0 0 0 0 0 0 0 0 0 0 0 0 3 109237 0 0 19 0 0 333 52 0 92099632 0 0 0 0 0 37078191 0 0 2094 0 
0 0 0 0 0 0 0 0 0 0 0 0 0 0 0 0 0 0 0 0 0 0 0 3 0 109233 109199 0 0 337 0 0 52 71838571 20491200 0 0 0 0 0 37106715 2119 0 0 
0 0 0 0 0 0 0 0 0 0 0 0 0 0 0 0 0 0 0 0 0 0 0 3 109293 0 0 19 0 0 333 52 0 92133840 0 0 0 0 0 37096121 0 0 2094 0 
0 0 0 0 0 0 0 0 0 0 0 0 0 0 0 0 0 0 0 0 0 0 0 3 0 109289 109255 0 0 337 0 0 52 71868794 20495197 0 0 0 0 0 37124652 2119 0 0 
0 0 0 0 0 0 0 0 0 0 0 0 0 0 0 0 0 0 0 0 0 0 0 3 109317 0 0 19 0 0 333 52 0 92175391 0 0 0 0 0 37115006 0 0 2094 0 
0 0 0 0 0 0 0 0 0 0 0 0 0 0 0 0 0 0 0 0 0 0 0 3 0 109316 109279 0 0 337 0 0 52 71901606 20503961 0 0 0 0 0 37143536 2119 0 0 
0 0 0 0 0 0 0 0 0 0 0 0 0 0 0 0 0 0 0 0 0 0 0 3 109353 0 0 19 0 0 333 52 0 92197382 0 0 0 0 0 37130881 0 0 2094 0 
0 0 0 0 0 0 0 0 0 0 0 0 0 0 0 0 0 0 0 0 0 0 0 3 0 109352 109315 0 0 337 0 0 52 71922415 20505144 0 0 0 0 0 37159411 2119 0 0 
0 0 0 0 0 0 0 0 0 0 0 0 0 0 0 0 0 0 0 0 0 0 0 3 109409 0 0 19 0 0 333 52 0 92241331 0 0 0 0 0 37150817 0 0 2094 0 
0 0 0 0 0 0 0 0 0 0 0 0 0 0 0 0 0 0 0 0 0 0 0 3 0 109405 109371 0 0 337 0 0 52 71956467 20515067 0 0 0 0 0 37179348 2119 0 0 
0 0 0 0 0 0 0 0 0 0 0 0 0 0 0 0 0 0 0 0 0 0 0 3 109417 0 0 19 0 0 333 52 0 92264482 0 0 0 0 0 37165049 0 0 2094 0 
0 0 0 0 0 0 0 0 0 0 0 0 0 0 0 0 0 0 0 0 0 0 0 3 0 109413 109379 0 0 337 0 0 52 71975817 20518885 0 0 0 0 0 37193580 2119 0 0 
0 0 0 0 0 0 0 0 0 0 0 0 0 0 0 0 0 0 0 0 0 0 0 3 109469 0 0 19 0 0 333 52 0 92301573 0 0 0 0 0 37181789 0 0 2094 0 
0 0 0 0 0 0 0 0 0 0 0 0 0 0 0 0 0 0 0 0 0 0 0 3 0 109468 109431 0 0 337 0 0 52 72006799 20525013 0 0 0 0 0 37210322 2119 0 0 
0 0 0 0 0 0 0 0 0 0 0 0 0 0 0 0 0 0 0 0 0 0 0 3 109481 0 0 19 0 0 333 52 0 92336753 0 0 0 0 0 37198582 0 0 2094 0 
0 0 0 0 0 0 0 0 0 0 0 0 0 0 0 0 0 0 0 0 0 0 0 3 0 109477 109443 0 0 337 0 0 52 72035427 20531578 0 0 0 0 0 37227115 2119 0 0 
0 0 0 0 0 0 0 0 0 0 0 0 0 0 0 0 0 0 0 0 0 0 0 3 109533 0 0 19 0 0 333 52 0 92366556 0 0 0 0 0 37217435 0 0 2094 0 
0 0 0 0 0 0 0 0 0 0 0 0 0 0 0 0 0 0 0 0 0 0 0 3 0 109529 109495 0 0 337 0 0 52 72061861 20534956 0 0 0 0 0 37245967 2119 0 0 
0 0 0 0 0 0 0 0 0 0 0 0 0 0 0 0 0 0 0 0 0 0 0 3 109589 0 0 19 0 0 333 52 0 92409283 0 0 0 0 0 37235740 0 0 2094 0 
0 0 0 0 0 0 0 0 0 0 0 0 0 0 0 0 0 0 0 0 0 0 0 3 0 109585 109551 0 0 337 0 0 52 72094693 20544885 0 0 0 0 0 37264268 2119 0 0 
0 0 0 0 0 0 0 0 0 0 0 0 0 0 0 0 0 0 0 0 0 0 0 3 109597 0 0 19 0 0 333 52 0 92435537 0 0 0 0 0 37251507 0 0 2094 0 
0 0 0 0 0 0 0 0 0 0 0 0 0 0 0 0 0 0 0 0 0 0 0 3 0 109593 109559 0 0 337 0 0 52 72115546 20550299 0 0 0 0 0 37280036 2119 0 0 
0 0 0 0 0 0 0 0 0 0 0 0 0 0 0 0 0 0 0 0 0 0 0 3 109653 0 0 19 0 0 333 52 0 92470714 0 0 0 0 0 37267858 0 0 2094 0 
0 0 0 0 0 0 0 0 0 0 0 0 0 0 0 0 0 0 0 0 0 0 0 3 0 109649 109615 0 0 337 0 0 52 72146205 20554832 0 0 0 0 0 37296392 2119 0 0 
0 0 0 0 0 0 0 0 0 0 0 0 0 0 0 0 0 0 0 0 0 0 0 3 109657 0 0 19 0 0 333 52 0 92499223 0 0 0 0 0 37280699 0 0 2094 0 
0 0 0 0 0 0 0 0 0 0 0 0 0 0 0 0 0 0 0 0 0 0 0 3 0 109654 109619 0 0 337 0 0 52 72168787 20560776 0 0 0 0 0 37309233 2119 0 0 
0 0 0 0 0 0 0 0 0 0 0 0 0 0 0 0 0 0 0 0 0 0 0 3 109713 0 0 19 0 0 333 52 0 92533286 0 0 0 0 0 37302380 0 0 2094 0 
0 0 0 0 0 0 0 0 0 0 0 0 0 0 0 0 0 0 0 0 0 0 0 3 0 109709 109675 0 0 337 0 0 52 72198874 20564774 0 0 0 0 0 37330916 2119 0 0 
0 0 0 0 0 0 0 0 0 0 0 0 0 0 0 0 0 0 0 0 0 0 0 3 109745 0 0 19 0 0 333 52 0 92571376 0 0 0 0 0 37318605 0 0 2094 0 
0 0 0 0 0 0 0 0 0 0 0 0 0 0 0 0 0 0 0 0 0 0 0 3 0 109744 109707 0 0 337 0 0 52 72227991 20573773 0 0 0 0 0 37347136 2119 0 0 
0 0 0 0 0 0 0 0 0 0 0 0 0 0 0 0 0 0 0 0 0 0 0 3 109773 0 0 19 0 0 333 52 0 92590271 0 0 0 0 0 37331920 0 0 2094 0 
0 0 0 0 0 0 0 0 0 0 0 0 0 0 0 0 0 0 0 0 0 0 0 3 0 109772 109735 0 0 337 0 0 52 72245938 20574720 0 0 0 0 0 37360451 2119 0 0 
0 0 0 0 0 0 0 0 0 0 0 0 0 0 0 0 0 0 0 0 0 0 0 3 109829 0 0 19 0 0 333 52 0 92635253 0 0 0 0 0 37351993 0 0 2094 0 
0 0 0 0 0 0 0 0 0 0 0 0 0 0 0 0 0 0 0 0 0 0 0 3 0 109825 109791 0 0 337 0 0 52 72281023 20584643 0 0 0 0 0 37380528 2119 0 0 
0 0 0 0 0 0 0 0 0 0 0 0 0 0 0 0 0 0 0 0 0 0 0 3 109837 0 0 19 0 0 333 52 0 92663086 0 0 0 0 0 37366847 0 0 2094 0 
0 0 0 0 0 0 0 0 0 0 0 0 0 0 0 0 0 0 0 0 0 0 0 3 0 109833 109799 0 0 337 0 0 52 72302923 20590593 0 0 0 0 0 37395383 2119 0 0 
0 0 0 0 0 0 0 0 0 0 0 0 0 0 0 0 0 0 0 0 0 0 0 3 109893 0 0 19 0 0 333 52 0 92695790 0 0 0 0 0 37384273 0 0 2094 0 
0 0 0 0 0 0 0 0 0 0 0 0 0 0 0 0 0 0 0 0 0 0 0 3 0 109889 109855 0 0 337 0 0 52 72331646 20594590 0 0 0 0 0 37412811 2119 0 0 
0 0 0 0 0 0 0 0 0 0 0 0 0 0 0 0 0 0 0 0 0 0 0 3 109905 0 0 19 0 0 333 52 0 92738756 0 0 0 0 0 37405396 0 0 2094 0 
0 0 0 0 0 0 0 0 0 0 0 0 0 0 0 0 0 0 0 0 0 0 0 3 0 109903 109867 0 0 337 0 0 52 72366173 20603062 0 0 0 0 0 37433936 2119 0 0 
0 0 0 0 0 0 0 0 0 0 0 0 0 0 0 0 0 0 0 0 0 0 0 3 109953 0 0 19 0 0 333 52 0 92764944 0 0 0 0 0 37424828 0 0 2094 0 
0 0 0 0 0 0 0 0 0 0 0 0 0 0 0 0 0 0 0 0 0 0 0 3 0 109949 109915 0 0 337 0 0 52 72390895 20604530 0 0 0 0 0 37453368 2119 0 0 
0 0 0 0 0 0 0 0 0 0 0 0 0 0 0 0 0 0 0 0 0 0 0 3 110009 0 0 19 0 0 333 52 0 92807880 0 0 0 0 0 37444124 0 0 2094 0 
0 0 0 0 0 0 0 0 0 0 0 0 0 0 0 0 0 0 0 0 0 0 0 3 0 110005 109971 0 0 337 0 0 52 72423943 20614460 0 0 0 0 0 37472666 2119 0 0 
0 0 0 0 0 0 0 0 0 0 0 0 0 0 0 0 0 0 0 0 0 0 0 3 110017 0 0 19 0 0 333 52 0 92833310 0 0 0 0 0 37461059 0 0 2094 0 
0 0 0 0 0 0 0 0 0 0 0 0 0 0 0 0 0 0 0 0 0 0 0 3 0 110013 109979 0 0 337 0 0 52 72445235 20618611 0 0 0 0 0 37489601 2119 0 0 
0 0 0 0 0 0 0 0 0 0 0 0 0 0 0 0 0 0 0 0 0 0 0 3 110069 0 0 19 0 0 333 52 0 92872865 0 0 0 0 0 37479107 0 0 2094 0 
0 0 0 0 0 0 0 0 0 0 0 0 0 0 0 0 0 0 0 0 0 0 0 3 0 110065 110031 0 0 337 0 0 52 72479020 20624399 0 0 0 0 0 37507651 2119 0 0 
0 0 0 0 0 0 0 0 0 0 0 0 0 0 0 0 0 0 0 0 0 0 0 3 110077 0 0 19 0 0 333 52 0 92903598 0 0 0 0 0 37497738 0 0 2094 0 
0 0 0 0 0 0 0 0 0 0 0 0 0 0 0 0 0 0 0 0 0 0 0 3 0 110073 110039 0 0 337 0 0 52 72503824 20630348 0 0 0 0 0 37526282 2119 0 0 
0 0 0 0 0 0 0 0 0 0 0 0 0 0 0 0 0 0 0 0 0 0 0 3 110133 0 0 19 0 0 333 52 0 92935488 0 0 0 0 0 37512363 0 0 2094 0 
0 0 0 0 0 0 0 0 0 0 0 0 0 0 0 0 0 0 0 0 0 0 0 3 0 110129 110095 0 0 337 0 0 52 72531737 20634345 0 0 0 0 0 37540911 2119 0 0 
0 0 0 0 0 0 0 0 0 0 0 0 0 0 0 0 0 0 0 0 0 0 0 3 110141 0 0 19 0 0 333 52 0 92974244 0 0 0 0 0 37529233 0 0 2094 0 
0 0 0 0 0 0 0 0 0 0 0 0 0 0 0 0 0 0 0 0 0 0 0 3 0 110140 110103 0 0 337 0 0 52 72562058 20642809 0 0 0 0 0 37557780 2119 0 0 
0 0 0 0 0 0 0 0 0 0 0 0 0 0 0 0 0 0 0 0 0 0 0 3 110193 0 0 19 0 0 333 52 0 93000095 0 0 0 0 0 37545444 0 0 2094 0 
0 0 0 0 0 0 0 0 0 0 0 0 0 0 0 0 0 0 0 0 0 0 0 3 0 110189 110155 0 0 337 0 0 52 72586432 20644288 0 0 0 0 0 37573993 2119 0 0 
0 0 0 0 0 0 0 0 0 0 0 0 0 0 0 0 0 0 0 0 0 0 0 3 110249 0 0 19 0 0 333 52 0 93039872 0 0 0 0 0 37562050 0 0 2094 0 
0 0 0 0 0 0 0 0 0 0 0 0 0 0 0 0 0 0 0 0 0 0 0 3 0 110245 110211 0 0 337 0 0 52 72616266 20654255 0 0 0 0 0 37590600 2119 0 0 
0 0 0 0 0 0 0 0 0 0 0 0 0 0 0 0 0 0 0 0 0 0 0 3 110257 0 0 19 0 0 333 52 0 93065116 0 0 0 0 0 37577019 0 0 2094 0 
0 0 0 0 0 0 0 0 0 0 0 0 0 0 0 0 0 0 0 0 0 0 0 3 0 110253 110219 0 0 337 0 0 52 72637060 20658720 0 0 0 0 0 37605569 2119 0 0 
0 0 0 0 0 0 0 0 0 0 0 0 0 0 0 0 0 0 0 0 0 0 0 3 110309 0 0 19 0 0 333 52 0 93103059 0 0 0 0 0 37595424 0 0 2094 0 
0 0 0 0 0 0 0 0 0 0 0 0 0 0 0 0 0 0 0 0 0 0 0 3 0 110305 110271 0 0 337 0 0 52 72669546 20664194 0 0 0 0 0 37623978 2119 0 0 
0 0 0 0 0 0 0 0 0 0 0 0 0 0 0 0 0 0 0 0 0 0 0 3 110317 0 0 19 0 0 333 52 0 93136409 0 0 0 0 0 37614468 0 0 2094 0 
0 0 0 0 0 0 0 0 0 0 0 0 0 0 0 0 0 0 0 0 0 0 0 3 0 110313 110279 0 0 337 0 0 52 72696963 20670144 0 0 0 0 0 37643023 2119 0 0 
0 0 0 0 0 0 0 0 0 0 0 0 0 0 0 0 0 0 0 0 0 0 0 3 110373 0 0 19 0 0 333 52 0 93168475 0 0 0 0 0 37632239 0 0 2094 0 
0 0 0 0 0 0 0 0 0 0 0 0 0 0 0 0 0 0 0 0 0 0 0 3 0 110369 110335 0 0 337 0 0 52 72725054 20674143 0 0 0 0 0 37660798 2119 0 0 
0 0 0 0 0 0 0 0 0 0 0 0 0 0 0 0 0 0 0 0 0 0 0 3 110413 0 0 19 0 0 333 52 0 93207102 0 0 0 0 0 37648178 0 0 2094 0 
0 0 0 0 0 0 0 0 0 0 0 0 0 0 0 0 0 0 0 0 0 0 0 3 0 110409 110375 0 0 337 0 0 52 72754651 20683197 0 0 0 0 0 37676737 2119 0 0 
0 0 0 0 0 0 0 0 0 0 0 0 0 0 0 0 0 0 0 0 0 0 0 3 110433 0 0 19 0 0 333 52 0 93225759 0 0 0 0 0 37661456 0 0 2094 0 
0 0 0 0 0 0 0 0 0 0 0 0 0 0 0 0 0 0 0 0 0 0 0 3 0 110431 110395 0 0 337 0 0 52 72772419 20684086 0 0 0 0 0 37690015 2119 0 0 
0 0 0 0 0 0 0 0 0 0 0 0 0 0 0 0 0 0 0 0 0 0 0 3 110489 0 0 19 0 0 333 52 0 93270316 0 0 0 0 0 37681041 0 0 2094 0 
0 0 0 0 0 0 0 0 0 0 0 0 0 0 0 0 0 0 0 0 0 0 0 3 0 110485 110451 0 0 337 0 0 52 72807073 20694012 0 0 0 0 0 37709598 2119 0 0 
0 0 0 0 0 0 0 0 0 0 0 0 0 0 0 0 0 0 0 0 0 0 0 3 110497 0 0 19 0 0 333 52 0 93297523 0 0 0 0 0 37697153 0 0 2094 0 
0 0 0 0 0 0 0 0 0 0 0 0 0 0 0 0 0 0 0 0 0 0 0 3 0 110493 110459 0 0 337 0 0 52 72828348 20699962 0 0 0 0 0 37725709 2119 0 0 
0 0 0 0 0 0 0 0 0 0 0 0 0 0 0 0 0 0 0 0 0 0 0 3 110553 0 0 19 0 0 333 52 0 93330879 0 0 0 0 0 37712429 0 0 2094 0 
0 0 0 0 0 0 0 0 0 0 0 0 0 0 0 0 0 0 0 0 0 0 0 3 0 110549 110515 0 0 337 0 0 52 72857716 20703961 0 0 0 0 0 37740985 2119 0 0 
0 0 0 0 0 0 0 0 0 0 0 0 0 0 0 0 0 0 0 0 0 0 0 3 110573 0 0 19 0 0 333 52 0 93373569 0 0 0 0 0 37733218 0 0 2094 0 
0 0 0 0 0 0 0 0 0 0 0 0 0 0 0 0 0 0 0 0 0 0 0 3 0 110569 110535 0 0 337 0 0 52 72891909 20712491 0 0 0 0 0 37761778 2119 0 0 
0 0 0 0 0 0 0 0 0 0 0 0 0 0 0 0 0 0 0 0 0 0 0 3 110617 0 0 19 0 0 333 52 0 93396859 0 0 0 0 0 37747543 0 0 2094 0 
0 0 0 0 0 0 0 0 0 0 0 0 0 0 0 0 0 0 0 0 0 0 0 3 0 110613 110579 0 0 337 0 0 52 72912012 20715683 0 0 0 0 0 37776103 2119 0 0 
0 0 0 0 0 0 0 0 0 0 0 0 0 0 0 0 0 0 0 0 0 0 0 3 110669 0 0 19 0 0 333 52 0 93437771 0 0 0 0 0 37765921 0 0 2094 0 
0 0 0 0 0 0 0 0 0 0 0 0 0 0 0 0 0 0 0 0 0 0 0 3 0 110665 110631 0 0 337 0 0 52 72944801 20723829 0 0 0 0 0 37794485 2119 0 0 
0 0 0 0 0 0 0 0 0 0 0 0 0 0 0 0 0 0 0 0 0 0 0 3 110677 0 0 19 0 0 333 52 0 93465901 0 0 0 0 0 37779434 0 0 2094 0 
0 0 0 0 0 0 0 0 0 0 0 0 0 0 0 0 0 0 0 0 0 0 0 3 0 110673 110639 0 0 337 0 0 52 72966998 20729779 0 0 0 0 0 37807997 2119 0 0 
0 0 0 0 0 0 0 0 0 0 0 0 0 0 0 0 0 0 0 0 0 0 0 3 110733 0 0 19 0 0 333 52 0 93493703 0 0 0 0 0 37792415 0 0 2094 0 
0 0 0 0 0 0 0 0 0 0 0 0 0 0 0 0 0 0 0 0 0 0 0 3 0 110729 110695 0 0 337 0 0 52 72990819 20733778 0 0 0 0 0 37820980 2119 0 0 
0 0 0 0 0 0 0 0 0 0 0 0 0 0 0 0 0 0 0 0 0 0 0 3 110789 0 0 19 0 0 333 52 0 93534601 0 0 0 0 0 37809748 0 0 2094 0 
0 0 0 0 0 0 0 0 0 0 0 0 0 0 0 0 0 0 0 0 0 0 0 3 0 110785 110751 0 0 337 0 0 52 73021819 20743707 0 0 0 0 0 37838314 2119 0 0 
0 0 0 0 0 0 0 0 0 0 0 0 0 0 0 0 0 0 0 0 0 0 0 3 110797 0 0 19 0 0 333 52 0 93555991 0 0 0 0 0 37823498 0 0 2094 0 
0 0 0 0 0 0 0 0 0 0 0 0 0 0 0 0 0 0 0 0 0 0 0 3 0 110793 110759 0 0 337 0 0 52 73040984 20745943 0 0 0 0 0 37852064 2119 0 0 
0 0 0 0 0 0 0 0 0 0 0 0 0 0 0 0 0 0 0 0 0 0 0 3 110849 0 0 19 0 0 333 52 0 93596584 0 0 0 0 0 37841997 0 0 2094 0 
0 0 0 0 0 0 0 0 0 0 0 0 0 0 0 0 0 0 0 0 0 0 0 3 0 110845 110811 0 0 337 0 0 52 73073889 20753646 0 0 0 0 0 37870567 2119 0 0 
0 0 0 0 0 0 0 0 0 0 0 0 0 0 0 0 0 0 0 0 0 0 0 3 110857 0 0 19 0 0 333 52 0 93626750 0 0 0 0 0 37855849 0 0 2094 0 
0 0 0 0 0 0 0 0 0 0 0 0 0 0 0 0 0 0 0 0 0 0 0 3 0 110854 110819 0 0 337 0 0 52 73098114 20759598 0 0 0 0 0 37884418 2119 0 0 
0 0 0 0 0 0 0 0 0 0 0 0 0 0 0 0 0 0 0 0 0 0 0 3 110913 0 0 19 0 0 333 52 0 93654681 0 0 0 0 0 37870419 0 0 2094 0 
0 0 0 0 0 0 0 0 0 0 0 0 0 0 0 0 0 0 0 0 0 0 0 3 0 110909 110875 0 0 337 0 0 52 73122066 20763595 0 0 0 0 0 37898990 2119 0 0 
0 0 0 0 0 0 0 0 0 0 0 0 0 0 0 0 0 0 0 0 0 0 0 3 110969 0 0 19 0 0 333 52 0 93697891 0 0 0 0 0 37889105 0 0 2094 0 
0 0 0 0 0 0 0 0 0 0 0 0 0 0 0 0 0 0 0 0 0 0 0 3 0 110965 110931 0 0 337 0 0 52 73155380 20773525 0 0 0 0 0 37917673 2119 0 0 
0 0 0 0 0 0 0 0 0 0 0 0 0 0 0 0 0 0 0 0 0 0 0 3 110977 0 0 19 0 0 333 52 0 93723910 0 0 0 0 0 37903429 0 0 2094 0 
0 0 0 0 0 0 0 0 0 0 0 0 0 0 0 0 0 0 0 0 0 0 0 3 0 110973 110939 0 0 337 0 0 52 73175742 20779194 0 0 0 0 0 37931997 2119 0 0 
0 0 0 0 0 0 0 0 0 0 0 0 0 0 0 0 0 0 0 0 0 0 0 3 111029 0 0 19 0 0 333 52 0 93758667 0 0 0 0 0 37919187 0 0 2094 0 
0 0 0 0 0 0 0 0 0 0 0 0 0 0 0 0 0 0 0 0 0 0 0 3 0 111028 110991 0 0 337 0 0 52 73206240 20783470 0 0 0 0 0 37947755 2119 0 0 
0 0 0 0 0 0 0 0 0 0 0 0 0 0 0 0 0 0 0 0 0 0 0 3 111037 0 0 19 0 0 333 52 0 93790438 0 0 0 0 0 37934110 0 0 2094 0 
0 0 0 0 0 0 0 0 0 0 0 0 0 0 0 0 0 0 0 0 0 0 0 3 0 111035 110999 0 0 337 0 0 52 73232077 20789418 0 0 0 0 0 37962678 2119 0 0 
0 0 0 0 0 0 0 0 0 0 0 0 0 0 0 0 0 0 0 0 0 0 0 3 111093 0 0 19 0 0 333 52 0 93817317 0 0 0 0 0 37947167 0 0 2094 0 
0 0 0 0 0 0 0 0 0 0 0 0 0 0 0 0 0 0 0 0 0 0 0 3 0 111089 111055 0 0 337 0 0 52 73254982 20793413 0 0 0 0 0 37975739 2119 0 0 
0 0 0 0 0 0 0 0 0 0 0 0 0 0 0 0 0 0 0 0 0 0 0 3 111149 0 0 19 0 0 333 52 0 93860732 0 0 0 0 0 37966606 0 0 2094 0 
0 0 0 0 0 0 0 0 0 0 0 0 0 0 0 0 0 0 0 0 0 0 0 3 0 111145 111111 0 0 337 0 0 52 73288493 20803343 0 0 0 0 0 37995178 2119 0 0 
0 0 0 0 0 0 0 0 0 0 0 0 0 0 0 0 0 0 0 0 0 0 0 3 111157 0 0 19 0 0 333 52 0 93886305 0 0 0 0 0 37980257 0 0 2094 0 
0 0 0 0 0 0 0 0 0 0 0 0 0 0 0 0 0 0 0 0 0 0 0 3 0 111153 111119 0 0 337 0 0 52 73308317 20809105 0 0 0 0 0 38008829 2119 0 0 
0 0 0 0 0 0 0 0 0 0 0 0 0 0 0 0 0 0 0 0 0 0 0 3 111213 0 0 19 0 0 333 52 0 93921105 0 0 0 0 0 37996636 0 0 2094 0 
0 0 0 0 0 0 0 0 0 0 0 0 0 0 0 0 0 0 0 0 0 0 0 3 0 111209 111175 0 0 337 0 0 52 73338954 20813290 0 0 0 0 0 38025215 2119 0 0 
0 0 0 0 0 0 0 0 0 0 0 0 0 0 0 0 0 0 0 0 0 0 0 3 111237 0 0 19 0 0 333 52 0 93962610 0 0 0 0 0 38015051 0 0 2094 0 
0 0 0 0 0 0 0 0 0 0 0 0 0 0 0 0 0 0 0 0 0 0 0 3 0 111236 111199 0 0 337 0 0 52 73371722 20822055 0 0 0 0 0 38043629 2119 0 0 
0 0 0 0 0 0 0 0 0 0 0 0 0 0 0 0 0 0 0 0 0 0 0 3 111277 0 0 19 0 0 333 52 0 93986353 0 0 0 0 0 38027143 0 0 2094 0 
0 0 0 0 0 0 0 0 0 0 0 0 0 0 0 0 0 0 0 0 0 0 0 3 0 111273 111239 0 0 337 0 0 52 73390044 20827493 0 0 0 0 0 38055721 2119 0 0 
0 0 0 0 0 0 0 0 0 0 0 0 0 0 0 0 0 0 0 0 0 0 0 3 111329 0 0 19 0 0 333 52 0 94023021 0 0 0 0 0 38043778 0 0 2094 0 
0 0 0 0 0 0 0 0 0 0 0 0 0 0 0 0 0 0 0 0 0 0 0 3 0 111325 111291 0 0 337 0 0 52 73421062 20833161 0 0 0 0 0 38072357 2119 0 0 
0 0 0 0 0 0 0 0 0 0 0 0 0 0 0 0 0 0 0 0 0 0 0 3 111337 0 0 19 0 0 333 52 0 94052368 0 0 0 0 0 38057324 0 0 2094 0 
0 0 0 0 0 0 0 0 0 0 0 0 0 0 0 0 0 0 0 0 0 0 0 3 0 111335 111299 0 0 337 0 0 52 73444476 20839115 0 0 0 0 0 38085903 2119 0 0 
0 0 0 0 0 0 0 0 0 0 0 0 0 0 0 0 0 0 0 0 0 0 0 3 111393 0 0 19 0 0 333 52 0 94081618 0 0 0 0 0 38072764 0 0 2094 0 
0 0 0 0 0 0 0 0 0 0 0 0 0 0 0 0 0 0 0 0 0 0 0 3 0 111389 111355 0 0 337 0 0 52 73469748 20843110 0 0 0 0 0 38101344 2119 0 0 
0 0 0 0 0 0 0 0 0 0 0 0 0 0 0 0 0 0 0 0 0 0 0 3 111449 0 0 19 0 0 333 52 0 94123793 0 0 0 0 0 38091068 0 0 2094 0 
0 0 0 0 0 0 0 0 0 0 0 0 0 0 0 0 0 0 0 0 0 0 0 3 0 111445 111411 0 0 337 0 0 52 73502015 20853039 0 0 0 0 0 38119652 2119 0 0 
0 0 0 0 0 0 0 0 0 0 0 0 0 0 0 0 0 0 0 0 0 0 0 3 111457 0 0 19 0 0 333 52 0 94149810 0 0 0 0 0 38105755 0 0 2094 0 
0 0 0 0 0 0 0 0 0 0 0 0 0 0 0 0 0 0 0 0 0 0 0 3 0 111453 111419 0 0 337 0 0 52 73522345 20858741 0 0 0 0 0 38134339 2119 0 0 
0 0 0 0 0 0 0 0 0 0 0 0 0 0 0 0 0 0 0 0 0 0 0 3 111513 0 0 19 0 0 333 52 0 94181933 0 0 0 0 0 38119880 0 0 2094 0 
0 0 0 0 0 0 0 0 0 0 0 0 0 0 0 0 0 0 0 0 0 0 0 3 0 111509 111475 0 0 337 0 0 52 73550238 20862986 0 0 0 0 0 38148464 2119 0 0 
0 0 0 0 0 0 0 0 0 0 0 0 0 0 0 0 0 0 0 0 0 0 0 3 111517 0 0 19 0 0 333 52 0 94216116 0 0 0 0 0 38137152 0 0 2094 0 
0 0 0 0 0 0 0 0 0 0 0 0 0 0 0 0 0 0 0 0 0 0 0 3 0 111516 111479 0 0 337 0 0 52 73578485 20868934 0 0 0 0 0 38165737 2119 0 0 
0 0 0 0 0 0 0 0 0 0 0 0 0 0 0 0 0 0 0 0 0 0 0 3 111573 0 0 19 0 0 333 52 0 94243948 0 0 0 0 0 38152439 0 0 2094 0 
0 0 0 0 0 0 0 0 0 0 0 0 0 0 0 0 0 0 0 0 0 0 0 3 0 111572 111535 0 0 337 0 0 52 73602328 20872933 0 0 0 0 0 38181026 2119 0 0 
0 0 0 0 0 0 0 0 0 0 0 0 0 0 0 0 0 0 0 0 0 0 0 3 111629 0 0 19 0 0 333 52 0 94290214 0 0 0 0 0 38174697 0 0 2094 0 
0 0 0 0 0 0 0 0 0 0 0 0 0 0 0 0 0 0 0 0 0 0 0 3 0 111625 111591 0 0 337 0 0 52 73638691 20882856 0 0 0 0 0 38203287 2119 0 0 
0 0 0 0 0 0 0 0 0 0 0 0 0 0 0 0 0 0 0 0 0 0 0 3 111637 0 0 19 0 0 333 52 0 94318266 0 0 0 0 0 38191686 0 0 2094 0 
0 0 0 0 0 0 0 0 0 0 0 0 0 0 0 0 0 0 0 0 0 0 0 3 0 111633 111599 0 0 337 0 0 52 73660843 20888768 0 0 0 0 0 38220276 2119 0 0 
0 0 0 0 0 0 0 0 0 0 0 0 0 0 0 0 0 0 0 0 0 0 0 3 111693 0 0 19 0 0 333 52 0 94352838 0 0 0 0 0 38209130 0 0 2094 0 
0 0 0 0 0 0 0 0 0 0 0 0 0 0 0 0 0 0 0 0 0 0 0 3 0 111689 111655 0 0 337 0 0 52 73691401 20892803 0 0 0 0 0 38237721 2119 0 0 
0 0 0 0 0 0 0 0 0 0 0 0 0 0 0 0 0 0 0 0 0 0 0 3 111713 0 0 19 0 0 333 52 0 94395287 0 0 0 0 0 38228882 0 0 2094 0 
0 0 0 0 0 0 0 0 0 0 0 0 0 0 0 0 0 0 0 0 0 0 0 3 0 111712 111675 0 0 337 0 0 52 73725101 20901593 0 0 0 0 0 38257480 2119 0 0 
0 0 0 0 0 0 0 0 0 0 0 0 0 0 0 0 0 0 0 0 0 0 0 3 111753 0 0 19 0 0 333 52 0 94414018 0 0 0 0 0 38241502 0 0 2094 0 
0 0 0 0 0 0 0 0 0 0 0 0 0 0 0 0 0 0 0 0 0 0 0 3 0 111749 111715 0 0 337 0 0 52 73742650 20902777 0 0 0 0 0 38270100 2119 0 0 
0 0 0 0 0 0 0 0 0 0 0 0 0 0 0 0 0 0 0 0 0 0 0 3 111809 0 0 19 0 0 333 52 0 94456886 0 0 0 0 0 38259781 0 0 2094 0 
0 0 0 0 0 0 0 0 0 0 0 0 0 0 0 0 0 0 0 0 0 0 0 3 0 111805 111771 0 0 337 0 0 52 73775620 20912706 0 0 0 0 0 38288378 2119 0 0 
0 0 0 0 0 0 0 0 0 0 0 0 0 0 0 0 0 0 0 0 0 0 0 3 111817 0 0 19 0 0 333 52 0 94484851 0 0 0 0 0 38276357 0 0 2094 0 
0 0 0 0 0 0 0 0 0 0 0 0 0 0 0 0 0 0 0 0 0 0 0 3 0 111813 111779 0 0 337 0 0 52 73797644 20918656 0 0 0 0 0 38304954 2119 0 0 
0 0 0 0 0 0 0 0 0 0 0 0 0 0 0 0 0 0 0 0 0 0 0 3 111873 0 0 19 0 0 333 52 0 94518601 0 0 0 0 0 38291855 0 0 2094 0 
0 0 0 0 0 0 0 0 0 0 0 0 0 0 0 0 0 0 0 0 0 0 0 3 0 111869 111835 0 0 337 0 0 52 73827408 20922656 0 0 0 0 0 38320454 2119 0 0 
0 0 0 0 0 0 0 0 0 0 0 0 0 0 0 0 0 0 0 0 0 0 0 3 111897 0 0 19 0 0 333 52 0 94558402 0 0 0 0 0 38310080 0 0 2094 0 
0 0 0 0 0 0 0 0 0 0 0 0 0 0 0 0 0 0 0 0 0 0 0 3 0 111893 111859 0 0 337 0 0 52 73858485 20931413 0 0 0 0 0 38338677 2119 0 0 
0 0 0 0 0 0 0 0 0 0 0 0 0 0 0 0 0 0 0 0 0 0 0 3 111937 0 0 19 0 0 333 52 0 94579014 0 0 0 0 0 38320103 0 0 2094 0 
0 0 0 0 0 0 0 0 0 0 0 0 0 0 0 0 0 0 0 0 0 0 0 3 0 111933 111899 0 0 337 0 0 52 73876022 20934493 0 0 0 0 0 38348700 2119 0 0 
0 0 0 0 0 0 0 0 0 0 0 0 0 0 0 0 0 0 0 0 0 0 0 3 111989 0 0 19 0 0 333 52 0 94621024 0 0 0 0 0 38339845 0 0 2094 0 
0 0 0 0 0 0 0 0 0 0 0 0 0 0 0 0 0 0 0 0 0 0 0 3 0 111985 111951 0 0 337 0 0 52 73910025 20942524 0 0 0 0 0 38368443 2119 0 0 
0 0 0 0 0 0 0 0 0 0 0 0 0 0 0 0 0 0 0 0 0 0 0 3 111997 0 0 19 0 0 333 52 0 94645698 0 0 0 0 0 38352248 0 0 2094 0 
0 0 0 0 0 0 0 0 0 0 0 0 0 0 0 0 0 0 0 0 0 0 0 3 0 111993 111959 0 0 337 0 0 52 73928761 20948474 0 0 0 0 0 38380846 2119 0 0 
0 0 0 0 0 0 0 0 0 0 0 0 0 0 0 0 0 0 0 0 0 0 0 3 112053 0 0 19 0 0 333 52 0 94676501 0 0 0 0 0 38365535 0 0 2094 0 
0 0 0 0 0 0 0 0 0 0 0 0 0 0 0 0 0 0 0 0 0 0 0 3 0 112049 112015 0 0 337 0 0 52 73955583 20952473 0 0 0 0 0 38394135 2119 0 0 
0 0 0 0 0 0 0 0 0 0 0 0 0 0 0 0 0 0 0 0 0 0 0 3 112093 0 0 19 0 0 333 52 0 94716610 0 0 0 0 0 38383120 0 0 2094 0 
0 0 0 0 0 0 0 0 0 0 0 0 0 0 0 0 0 0 0 0 0 0 0 3 0 112091 112055 0 0 337 0 0 52 73986347 20961849 0 0 0 0 0 38411722 2119 0 0 
0 0 0 0 0 0 0 0 0 0 0 0 0 0 0 0 0 0 0 0 0 0 0 3 112117 0 0 19 0 0 333 52 0 94741983 0 0 0 0 0 38396541 0 0 2094 0 
0 0 0 0 0 0 0 0 0 0 0 0 0 0 0 0 0 0 0 0 0 0 0 3 0 112113 112079 0 0 337 0 0 52 74006144 20967443 0 0 0 0 0 38425143 2119 0 0 
0 0 0 0 0 0 0 0 0 0 0 0 0 0 0 0 0 0 0 0 0 0 0 3 112169 0 0 19 0 0 333 52 0 94780957 0 0 0 0 0 38415393 0 0 2094 0 
0 0 0 0 0 0 0 0 0 0 0 0 0 0 0 0 0 0 0 0 0 0 0 3 0 112165 112131 0 0 337 0 0 52 74040237 20972341 0 0 0 0 0 38443995 2119 0 0 
0 0 0 0 0 0 0 0 0 0 0 0 0 0 0 0 0 0 0 0 0 0 0 3 112177 0 0 19 0 0 333 52 0 94804516 0 0 0 0 0 38428383 0 0 2094 0 
0 0 0 0 0 0 0 0 0 0 0 0 0 0 0 0 0 0 0 0 0 0 0 3 0 112173 112139 0 0 337 0 0 52 74057933 20978217 0 0 0 0 0 38456985 2119 0 0 
0 0 0 0 0 0 0 0 0 0 0 0 0 0 0 0 0 0 0 0 0 0 0 3 112233 0 0 19 0 0 333 52 0 94837271 0 0 0 0 0 38442988 0 0 2094 0 
0 0 0 0 0 0 0 0 0 0 0 0 0 0 0 0 0 0 0 0 0 0 0 3 0 112229 112195 0 0 337 0 0 52 74086641 20982288 0 0 0 0 0 38471589 2119 0 0 
0 0 0 0 0 0 0 0 0 0 0 0 0 0 0 0 0 0 0 0 0 0 0 3 112273 0 0 19 0 0 333 52 0 94877681 0 0 0 0 0 38460492 0 0 2094 0 
0 0 0 0 0 0 0 0 0 0 0 0 0 0 0 0 0 0 0 0 0 0 0 3 0 112269 112235 0 0 337 0 0 52 74118081 20991295 0 0 0 0 0 38489093 2119 0 0 
0 0 0 0 0 0 0 0 0 0 0 0 0 0 0 0 0 0 0 0 0 0 0 3 112297 0 0 19 0 0 333 52 0 94894635 0 0 0 0 0 38469808 0 0 2094 0 
0 0 0 0 0 0 0 0 0 0 0 0 0 0 0 0 0 0 0 0 0 0 0 3 0 112293 112259 0 0 337 0 0 52 74132912 20993433 0 0 0 0 0 38498409 2119 0 0 
0 0 0 0 0 0 0 0 0 0 0 0 0 0 0 0 0 0 0 0 0 0 0 3 112349 0 0 19 0 0 333 52 0 94937107 0 0 0 0 0 38489458 0 0 2094 0 
0 0 0 0 0 0 0 0 0 0 0 0 0 0 0 0 0 0 0 0 0 0 0 3 0 112345 112311 0 0 337 0 0 52 74166693 21002158 0 0 0 0 0 38518059 2119 0 0 
0 0 0 0 0 0 0 0 0 0 0 0 0 0 0 0 0 0 0 0 0 0 0 3 112357 0 0 19 0 0 333 52 0 94964858 0 0 0 0 0 38504695 0 0 2094 0 
0 0 0 0 0 0 0 0 0 0 0 0 0 0 0 0 0 0 0 0 0 0 0 3 0 112353 112319 0 0 337 0 0 52 74188529 21008108 0 0 0 0 0 38533296 2119 0 0 
0 0 0 0 0 0 0 0 0 0 0 0 0 0 0 0 0 0 0 0 0 0 0 3 112413 0 0 19 0 0 333 52 0 94995877 0 0 0 0 0 38518871 0 0 2094 0 
0 0 0 0 0 0 0 0 0 0 0 0 0 0 0 0 0 0 0 0 0 0 0 3 0 112409 112375 0 0 337 0 0 52 74215564 21012107 0 0 0 0 0 38547472 2119 0 0 
0 0 0 0 0 0 0 0 0 0 0 0 0 0 0 0 0 0 0 0 0 0 0 3 112469 0 0 19 0 0 333 52 0 95037921 0 0 0 0 0 38537107 0 0 2094 0 
0 0 0 0 0 0 0 0 0 0 0 0 0 0 0 0 0 0 0 0 0 0 0 3 0 112465 112431 0 0 337 0 0 52 74247722 21022036 0 0 0 0 0 38565712 2119 0 0 
0 0 0 0 0 0 0 0 0 0 0 0 0 0 0 0 0 0 0 0 0 0 0 3 112477 0 0 19 0 0 333 52 0 95063213 0 0 0 0 0 38553140 0 0 2094 0 
0 0 0 0 0 0 0 0 0 0 0 0 0 0 0 0 0 0 0 0 0 0 0 3 0 112473 112439 0 0 337 0 0 52 74268636 21026430 0 0 0 0 0 38581745 2119 0 0 
0 0 0 0 0 0 0 0 0 0 0 0 0 0 0 0 0 0 0 0 0 0 0 3 112529 0 0 19 0 0 333 52 0 95100596 0 0 0 0 0 38570829 0 0 2094 0 
0 0 0 0 0 0 0 0 0 0 0 0 0 0 0 0 0 0 0 0 0 0 0 3 0 112525 112491 0 0 337 0 0 52 74300481 21031975 0 0 0 0 0 38599436 2119 0 0 
0 0 0 0 0 0 0 0 0 0 0 0 0 0 0 0 0 0 0 0 0 0 0 3 112537 0 0 19 0 0 333 52 0 95130334 0 0 0 0 0 38589834 0 0 2094 0 
0 0 0 0 0 0 0 0 0 0 0 0 0 0 0 0 0 0 0 0 0 0 0 3 0 112533 112499 0 0 337 0 0 52 74324283 21037925 0 0 0 0 0 38618442 2119 0 0 
0 0 0 0 0 0 0 0 0 0 0 0 0 0 0 0 0 0 0 0 0 0 0 3 112593 0 0 19 0 0 333 52 0 95164394 0 0 0 0 0 38606292 0 0 2094 0 
0 0 0 0 0 0 0 0 0 0 0 0 0 0 0 0 0 0 0 0 0 0 0 3 0 112589 112555 0 0 337 0 0 52 74354356 21041925 0 0 0 0 0 38634901 2119 0 0 
0 0 0 0 0 0 0 0 0 0 0 0 0 0 0 0 0 0 0 0 0 0 0 3 112617 0 0 19 0 0 333 52 0 95207154 0 0 0 0 0 38625971 0 0 2094 0 
0 0 0 0 0 0 0 0 0 0 0 0 0 0 0 0 0 0 0 0 0 0 0 3 0 112613 112579 0 0 337 0 0 52 74388226 21050842 0 0 0 0 0 38654579 2119 0 0 
0 0 0 0 0 0 0 0 0 0 0 0 0 0 0 0 0 0 0 0 0 0 0 3 112657 0 0 19 0 0 333 52 0 95231368 0 0 0 0 0 38638516 0 0 2094 0 
0 0 0 0 0 0 0 0 0 0 0 0 0 0 0 0 0 0 0 0 0 0 0 3 0 112653 112619 0 0 337 0 0 52 74407297 21056007 0 0 0 0 0 38667124 2119 0 0 
0 0 0 0 0 0 0 0 0 0 0 0 0 0 0 0 0 0 0 0 0 0 0 3 112709 0 0 19 0 0 333 52 0 95270136 0 0 0 0 0 38657123 0 0 2094 0 
0 0 0 0 0 0 0 0 0 0 0 0 0 0 0 0 0 0 0 0 0 0 0 3 0 112705 112671 0 0 337 0 0 52 74440145 21061954 0 0 0 0 0 38685738 2119 0 0 
0 0 0 0 0 0 0 0 0 0 0 0 0 0 0 0 0 0 0 0 0 0 0 3 112717 0 0 19 0 0 333 52 0 95299113 0 0 0 0 0 38675346 0 0 2094 0 
0 0 0 0 0 0 0 0 0 0 0 0 0 0 0 0 0 0 0 0 0 0 0 3 0 112713 112679 0 0 337 0 0 52 74463276 21067812 0 0 0 0 0 38703960 2119 0 0 
0 0 0 0 0 0 0 0 0 0 0 0 0 0 0 0 0 0 0 0 0 0 0 3 112773 0 0 19 0 0 333 52 0 95333772 0 0 0 0 0 38691855 0 0 2094 0 
0 0 0 0 0 0 0 0 0 0 0 0 0 0 0 0 0 0 0 0 0 0 0 3 0 112769 112735 0 0 337 0 0 52 74493841 21071925 0 0 0 0 0 38720472 2119 0 0 
0 0 0 0 0 0 0 0 0 0 0 0 0 0 0 0 0 0 0 0 0 0 0 3 112793 0 0 19 0 0 333 52 0 95377927 0 0 0 0 0 38713943 0 0 2094 0 
0 0 0 0 0 0 0 0 0 0 0 0 0 0 0 0 0 0 0 0 0 0 0 3 0 112789 112755 0 0 337 0 0 52 74529499 21080456 0 0 0 0 0 38742563 2119 0 0 
0 0 0 0 0 0 0 0 0 0 0 0 0 0 0 0 0 0 0 0 0 0 0 3 112837 0 0 19 0 0 333 52 0 95399220 0 0 0 0 0 38725142 0 0 2094 0 
0 0 0 0 0 0 0 0 0 0 0 0 0 0 0 0 0 0 0 0 0 0 0 3 0 112833 112799 0 0 337 0 0 52 74546672 21084586 0 0 0 0 0 38753762 2119 0 0 
0 0 0 0 0 0 0 0 0 0 0 0 0 0 0 0 0 0 0 0 0 0 0 3 112889 0 0 19 0 0 333 52 0 95440917 0 0 0 0 0 38745953 0 0 2094 0 
0 0 0 0 0 0 0 0 0 0 0 0 0 0 0 0 0 0 0 0 0 0 0 3 0 112885 112851 0 0 337 0 0 52 74581182 21091794 0 0 0 0 0 38774573 2119 0 0 
0 0 0 0 0 0 0 0 0 0 0 0 0 0 0 0 0 0 0 0 0 0 0 3 112897 0 0 19 0 0 333 52 0 95472468 0 0 0 0 0 38767565 0 0 2094 0 
0 0 0 0 0 0 0 0 0 0 0 0 0 0 0 0 0 0 0 0 0 0 0 3 0 112893 112859 0 0 337 0 0 52 74607069 21097465 0 0 0 0 0 38796186 2119 0 0 
0 0 0 0 0 0 0 0 0 0 0 0 0 0 0 0 0 0 0 0 0 0 0 3 112953 0 0 19 0 0 333 52 0 95506244 0 0 0 0 0 38782432 0 0 2094 0 
0 0 0 0 0 0 0 0 0 0 0 0 0 0 0 0 0 0 0 0 0 0 0 3 0 112949 112915 0 0 337 0 0 52 74636584 21101741 0 0 0 0 0 38811055 2119 0 0 
0 0 0 0 0 0 0 0 0 0 0 0 0 0 0 0 0 0 0 0 0 0 0 3 112977 0 0 19 0 0 333 52 0 95546168 0 0 0 0 0 38799996 0 0 2094 0 
0 0 0 0 0 0 0 0 0 0 0 0 0 0 0 0 0 0 0 0 0 0 0 3 0 112973 112939 0 0 337 0 0 52 74667772 21110500 0 0 0 0 0 38828620 2119 0 0 
0 0 0 0 0 0 0 0 0 0 0 0 0 0 0 0 0 0 0 0 0 0 0 3 113013 0 0 19 0 0 333 52 0 95569664 0 0 0 0 0 38816780 0 0 2094 0 
0 0 0 0 0 0 0 0 0 0 0 0 0 0 0 0 0 0 0 0 0 0 0 3 0 113009 112975 0 0 337 0 0 52 74690086 21111682 0 0 0 0 0 38845404 2119 0 0 
0 0 0 0 0 0 0 0 0 0 0 0 0 0 0 0 0 0 0 0 0 0 0 3 113069 0 0 19 0 0 333 52 0 95612832 0 0 0 0 0 38836069 0 0 2094 0 
0 0 0 0 0 0 0 0 0 0 0 0 0 0 0 0 0 0 0 0 0 0 0 3 0 113065 113031 0 0 337 0 0 52 74723359 21121611 0 0 0 0 0 38864693 2119 0 0 
0 0 0 0 0 0 0 0 0 0 0 0 0 0 0 0 0 0 0 0 0 0 0 3 113077 0 0 19 0 0 333 52 0 95641498 0 0 0 0 0 38854420 0 0 2094 0 
0 0 0 0 0 0 0 0 0 0 0 0 0 0 0 0 0 0 0 0 0 0 0 3 0 113073 113039 0 0 337 0 0 52 74746386 21127270 0 0 0 0 0 38883045 2119 0 0 
0 0 0 0 0 0 0 0 0 0 0 0 0 0 0 0 0 0 0 0 0 0 0 3 113129 0 0 19 0 0 333 52 0 95676293 0 0 0 0 0 38871307 0 0 2094 0 
0 0 0 0 0 0 0 0 0 0 0 0 0 0 0 0 0 0 0 0 0 0 0 3 0 113126 113091 0 0 337 0 0 52 74776920 21131552 0 0 0 0 0 38899935 2119 0 0 
0 0 0 0 0 0 0 0 0 0 0 0 0 0 0 0 0 0 0 0 0 0 0 3 113137 0 0 19 0 0 333 52 0 95708197 0 0 0 0 0 38887618 0 0 2094 0 
0 0 0 0 0 0 0 0 0 0 0 0 0 0 0 0 0 0 0 0 0 0 0 3 0 113133 113099 0 0 337 0 0 52 74802882 21137502 0 0 0 0 0 38916246 2119 0 0 
0 0 0 0 0 0 0 0 0 0 0 0 0 0 0 0 0 0 0 0 0 0 0 3 113193 0 0 19 0 0 333 52 0 95740145 0 0 0 0 0 38905999 0 0 2094 0 
0 0 0 0 0 0 0 0 0 0 0 0 0 0 0 0 0 0 0 0 0 0 0 3 0 113189 113155 0 0 337 0 0 52 74830855 21141503 0 0 0 0 0 38934628 2119 0 0 
0 0 0 0 0 0 0 0 0 0 0 0 0 0 0 0 0 0 0 0 0 0 0 3 113245 0 0 19 0 0 333 52 0 95781329 0 0 0 0 0 38924493 0 0 2094 0 
0 0 0 0 0 0 0 0 0 0 0 0 0 0 0 0 0 0 0 0 0 0 0 3 0 113242 113207 0 0 337 0 0 52 74862138 21151429 0 0 0 0 0 38953123 2119 0 0 
0 0 0 0 0 0 0 0 0 0 0 0 0 0 0 0 0 0 0 0 0 0 0 3 113257 0 0 19 0 0 333 52 0 95806164 0 0 0 0 0 38942178 0 0 2094 0 
0 0 0 0 0 0 0 0 0 0 0 0 0 0 0 0 0 0 0 0 0 0 0 3 0 113253 113219 0 0 337 0 0 52 74885066 21153342 0 0 0 0 0 38970807 2119 0 0 
0 0 0 0 0 0 0 0 0 0 0 0 0 0 0 0 0 0 0 0 0 0 0 3 113309 0 0 19 0 0 333 52 0 95849477 0 0 0 0 0 38963651 0 0 2094 0 
0 0 0 0 0 0 0 0 0 0 0 0 0 0 0 0 0 0 0 0 0 0 0 3 0 113305 113271 0 0 337 0 0 52 74920378 21161372 0 0 0 0 0 38992284 2119 0 0 
0 0 0 0 0 0 0 0 0 0 0 0 0 0 0 0 0 0 0 0 0 0 0 3 113317 0 0 19 0 0 333 52 0 95877649 0 0 0 0 0 38980731 0 0 2094 0 
0 0 0 0 0 0 0 0 0 0 0 0 0 0 0 0 0 0 0 0 0 0 0 3 0 113313 113279 0 0 337 0 0 52 74942871 21167063 0 0 0 0 0 39009364 2119 0 0 
0 0 0 0 0 0 0 0 0 0 0 0 0 0 0 0 0 0 0 0 0 0 0 3 113369 0 0 19 0 0 333 52 0 95912406 0 0 0 0 0 38998060 0 0 2094 0 
0 0 0 0 0 0 0 0 0 0 0 0 0 0 0 0 0 0 0 0 0 0 0 3 0 113367 113331 0 0 337 0 0 52 74973394 21171315 0 0 0 0 0 39026696 2119 0 0 
0 0 0 0 0 0 0 0 0 0 0 0 0 0 0 0 0 0 0 0 0 0 0 3 113377 0 0 19 0 0 333 52 0 95943092 0 0 0 0 0 39014993 0 0 2094 0 
0 0 0 0 0 0 0 0 0 0 0 0 0 0 0 0 0 0 0 0 0 0 0 3 0 113373 113339 0 0 337 0 0 52 74998143 21177261 0 0 0 0 0 39043629 2119 0 0 
0 0 0 0 0 0 0 0 0 0 0 0 0 0 0 0 0 0 0 0 0 0 0 3 113433 0 0 19 0 0 333 52 0 95976023 0 0 0 0 0 39032950 0 0 2094 0 
0 0 0 0 0 0 0 0 0 0 0 0 0 0 0 0 0 0 0 0 0 0 0 3 0 113429 113395 0 0 337 0 0 52 75027093 21181259 0 0 0 0 0 39061589 2119 0 0 
0 0 0 0 0 0 0 0 0 0 0 0 0 0 0 0 0 0 0 0 0 0 0 3 113489 0 0 19 0 0 333 52 0 96018460 0 0 0 0 0 39051779 0 0 2094 0 
0 0 0 0 0 0 0 0 0 0 0 0 0 0 0 0 0 0 0 0 0 0 0 3 0 113485 113451 0 0 337 0 0 52 75059636 21191193 0 0 0 0 0 39080414 2119 0 0 
0 0 0 0 0 0 0 0 0 0 0 0 0 0 0 0 0 0 0 0 0 0 0 3 113497 0 0 19 0 0 333 52 0 96044423 0 0 0 0 0 39068598 0 0 2094 0 
0 0 0 0 0 0 0 0 0 0 0 0 0 0 0 0 0 0 0 0 0 0 0 3 0 113493 113459 0 0 337 0 0 52 75081796 21195007 0 0 0 0 0 39097234 2119 0 0 
0 0 0 0 0 0 0 0 0 0 0 0 0 0 0 0 0 0 0 0 0 0 0 3 113549 0 0 19 0 0 333 52 0 96083185 0 0 0 0 0 39087037 0 0 2094 0 
0 0 0 0 0 0 0 0 0 0 0 0 0 0 0 0 0 0 0 0 0 0 0 3 0 113546 113511 0 0 337 0 0 52 75114443 21201144 0 0 0 0 0 39115677 2119 0 0 
0 0 0 0 0 0 0 0 0 0 0 0 0 0 0 0 0 0 0 0 0 0 0 3 113561 0 0 19 0 0 333 52 0 96118795 0 0 0 0 0 39101642 0 0 2094 0 
0 0 0 0 0 0 0 0 0 0 0 0 0 0 0 0 0 0 0 0 0 0 0 3 0 113557 113523 0 0 337 0 0 52 75142733 21208497 0 0 0 0 0 39130281 2119 0 0 
0 0 0 0 0 0 0 0 0 0 0 0 0 0 0 0 0 0 0 0 0 0 0 3 113613 0 0 19 0 0 333 52 0 96146803 0 0 0 0 0 39119615 0 0 2094 0 
0 0 0 0 0 0 0 0 0 0 0 0 0 0 0 0 0 0 0 0 0 0 0 3 0 113609 113575 0 0 337 0 0 52 75168149 21211092 0 0 0 0 0 39148259 2119 0 0 
0 0 0 0 0 0 0 0 0 0 0 0 0 0 0 0 0 0 0 0 0 0 0 3 113669 0 0 19 0 0 333 52 0 96187145 0 0 0 0 0 39136334 0 0 2094 0 
0 0 0 0 0 0 0 0 0 0 0 0 0 0 0 0 0 0 0 0 0 0 0 3 0 113665 113631 0 0 337 0 0 52 75198597 21221021 0 0 0 0 0 39164980 2119 0 0 
0 0 0 0 0 0 0 0 0 0 0 0 0 0 0 0 0 0 0 0 0 0 0 3 113677 0 0 19 0 0 333 52 0 96213823 0 0 0 0 0 39151917 0 0 2094 0 
0 0 0 0 0 0 0 0 0 0 0 0 0 0 0 0 0 0 0 0 0 0 0 3 0 113673 113639 0 0 337 0 0 52 75219585 21226726 0 0 0 0 0 39180563 2119 0 0 
0 0 0 0 0 0 0 0 0 0 0 0 0 0 0 0 0 0 0 0 0 0 0 3 113733 0 0 19 0 0 333 52 0 96247690 0 0 0 0 0 39167965 0 0 2094 0 
0 0 0 0 0 0 0 0 0 0 0 0 0 0 0 0 0 0 0 0 0 0 0 3 0 113729 113695 0 0 337 0 0 52 75249227 21230968 0 0 0 0 0 39196614 2119 0 0 
0 0 0 0 0 0 0 0 0 0 0 0 0 0 0 0 0 0 0 0 0 0 0 3 113741 0 0 19 0 0 333 52 0 96281926 0 0 0 0 0 39184658 0 0 2094 0 
0 0 0 0 0 0 0 0 0 0 0 0 0 0 0 0 0 0 0 0 0 0 0 3 0 113737 113703 0 0 337 0 0 52 75277278 21237170 0 0 0 0 0 39213306 2119 0 0 
0 0 0 0 0 0 0 0 0 0 0 0 0 0 0 0 0 0 0 0 0 0 0 3 113793 0 0 19 0 0 333 52 0 96311576 0 0 0 0 0 39202551 0 0 2094 0 
0 0 0 0 0 0 0 0 0 0 0 0 0 0 0 0 0 0 0 0 0 0 0 3 0 113789 113755 0 0 337 0 0 52 75303207 21240909 0 0 0 0 0 39231202 2119 0 0 
0 0 0 0 0 0 0 0 0 0 0 0 0 0 0 0 0 0 0 0 0 0 0 3 113849 0 0 19 0 0 333 52 0 96353302 0 0 0 0 0 39219856 0 0 2094 0 
0 0 0 0 0 0 0 0 0 0 0 0 0 0 0 0 0 0 0 0 0 0 0 3 0 113845 113811 0 0 337 0 0 52 75335015 21250855 0 0 0 0 0 39248507 2119 0 0 
0 0 0 0 0 0 0 0 0 0 0 0 0 0 0 0 0 0 0 0 0 0 0 3 113857 0 0 19 0 0 333 52 0 96380197 0 0 0 0 0 39233993 0 0 2094 0 
0 0 0 0 0 0 0 0 0 0 0 0 0 0 0 0 0 0 0 0 0 0 0 3 0 113853 113819 0 0 337 0 0 52 75355977 21256805 0 0 0 0 0 39262644 2119 0 0 
0 0 0 0 0 0 0 0 0 0 0 0 0 0 0 0 0 0 0 0 0 0 0 3 113913 0 0 19 0 0 333 52 0 96413601 0 0 0 0 0 39249776 0 0 2094 0 
0 0 0 0 0 0 0 0 0 0 0 0 0 0 0 0 0 0 0 0 0 0 0 3 0 113909 113875 0 0 337 0 0 52 75385413 21260804 0 0 0 0 0 39278429 2119 0 0 
0 0 0 0 0 0 0 0 0 0 0 0 0 0 0 0 0 0 0 0 0 0 0 3 113969 0 0 19 0 0 333 52 0 96454352 0 0 0 0 0 39266648 0 0 2094 0 
0 0 0 0 0 0 0 0 0 0 0 0 0 0 0 0 0 0 0 0 0 0 0 3 0 113965 113931 0 0 337 0 0 52 75416265 21270732 0 0 0 0 0 39295304 2119 0 0 
0 0 0 0 0 0 0 0 0 0 0 0 0 0 0 0 0 0 0 0 0 0 0 3 113977 0 0 19 0 0 333 52 0 96481062 0 0 0 0 0 39282140 0 0 2094 0 
0 0 0 0 0 0 0 0 0 0 0 0 0 0 0 0 0 0 0 0 0 0 0 3 0 113973 113939 0 0 337 0 0 52 75437284 21276436 0 0 0 0 0 39310796 2119 0 0 
0 0 0 0 0 0 0 0 0 0 0 0 0 0 0 0 0 0 0 0 0 0 0 3 114033 0 0 19 0 0 333 52 0 96516045 0 0 0 0 0 39297913 0 0 2094 0 
0 0 0 0 0 0 0 0 0 0 0 0 0 0 0 0 0 0 0 0 0 0 0 3 0 114029 113995 0 0 337 0 0 52 75468040 21280680 0 0 0 0 0 39326573 2119 0 0 
0 0 0 0 0 0 0 0 0 0 0 0 0 0 0 0 0 0 0 0 0 0 0 3 114041 0 0 19 0 0 333 52 0 96554618 0 0 0 0 0 39315026 0 0 2094 0 
0 0 0 0 0 0 0 0 0 0 0 0 0 0 0 0 0 0 0 0 0 0 0 3 0 114037 114003 0 0 337 0 0 52 75498591 21288741 0 0 0 0 0 39343685 2119 0 0 
0 0 0 0 0 0 0 0 0 0 0 0 0 0 0 0 0 0 0 0 0 0 0 3 114097 0 0 19 0 0 333 52 0 96578599 0 0 0 0 0 39328441 0 0 2094 0 
0 0 0 0 0 0 0 0 0 0 0 0 0 0 0 0 0 0 0 0 0 0 0 3 0 114093 114059 0 0 337 0 0 52 75519187 21292136 0 0 0 0 0 39357107 2119 0 0 
0 0 0 0 0 0 0 0 0 0 0 0 0 0 0 0 0 0 0 0 0 0 0 3 114149 0 0 19 0 0 333 52 0 96622035 0 0 0 0 0 39347887 0 0 2094 0 
0 0 0 0 0 0 0 0 0 0 0 0 0 0 0 0 0 0 0 0 0 0 0 3 0 114145 114111 0 0 337 0 0 52 75554226 21300550 0 0 0 0 0 39376554 2119 0 0 
0 0 0 0 0 0 0 0 0 0 0 0 0 0 0 0 0 0 0 0 0 0 0 3 114157 0 0 19 0 0 333 52 0 96650434 0 0 0 0 0 39361469 0 0 2094 0 
0 0 0 0 0 0 0 0 0 0 0 0 0 0 0 0 0 0 0 0 0 0 0 3 0 114153 114119 0 0 337 0 0 52 75576686 21306500 0 0 0 0 0 39390136 2119 0 0 
0 0 0 0 0 0 0 0 0 0 0 0 0 0 0 0 0 0 0 0 0 0 0 3 114213 0 0 19 0 0 333 52 0 96680554 0 0 0 0 0 39376268 0 0 2094 0 
0 0 0 0 0 0 0 0 0 0 0 0 0 0 0 0 0 0 0 0 0 0 0 3 0 114209 114175 0 0 337 0 0 52 75602823 21310499 0 0 0 0 0 39404941 2119 0 0 
0 0 0 0 0 0 0 0 0 0 0 0 0 0 0 0 0 0 0 0 0 0 0 3 114269 0 0 19 0 0 333 52 0 96722379 0 0 0 0 0 39394663 0 0 2094 0 
0 0 0 0 0 0 0 0 0 0 0 0 0 0 0 0 0 0 0 0 0 0 0 3 0 114265 114231 0 0 337 0 0 52 75634750 21320429 0 0 0 0 0 39423335 2119 0 0 
0 0 0 0 0 0 0 0 0 0 0 0 0 0 0 0 0 0 0 0 0 0 0 3 114277 0 0 19 0 0 333 52 0 96748568 0 0 0 0 0 39409420 0 0 2094 0 
0 0 0 0 0 0 0 0 0 0 0 0 0 0 0 0 0 0 0 0 0 0 0 3 0 114273 114239 0 0 337 0 0 52 75655429 21325956 0 0 0 0 0 39438093 2119 0 0 
0 0 0 0 0 0 0 0 0 0 0 0 0 0 0 0 0 0 0 0 0 0 0 3 114329 0 0 19 0 0 333 52 0 96782197 0 0 0 0 0 39424648 0 0 2094 0 
0 0 0 0 0 0 0 0 0 0 0 0 0 0 0 0 0 0 0 0 0 0 0 3 0 114327 114291 0 0 337 0 0 52 75684652 21330373 0 0 0 0 0 39453324 2119 0 0 
0 0 0 0 0 0 0 0 0 0 0 0 0 0 0 0 0 0 0 0 0 0 0 3 114337 0 0 19 0 0 333 52 0 96813398 0 0 0 0 0 39438469 0 0 2094 0 
0 0 0 0 0 0 0 0 0 0 0 0 0 0 0 0 0 0 0 0 0 0 0 3 0 114333 114299 0 0 337 0 0 52 75709915 21336319 0 0 0 0 0 39467145 2119 0 0 
0 0 0 0 0 0 0 0 0 0 0 0 0 0 0 0 0 0 0 0 0 0 0 3 114393 0 0 19 0 0 333 52 0 96840196 0 0 0 0 0 39451808 0 0 2094 0 
0 0 0 0 0 0 0 0 0 0 0 0 0 0 0 0 0 0 0 0 0 0 0 3 0 114389 114355 0 0 337 0 0 52 75732738 21340318 0 0 0 0 0 39480484 2119 0 0 
0 0 0 0 0 0 0 0 0 0 0 0 0 0 0 0 0 0 0 0 0 0 0 3 114449 0 0 19 0 0 333 52 0 96884707 0 0 0 0 0 39472400 0 0 2094 0 
0 0 0 0 0 0 0 0 0 0 0 0 0 0 0 0 0 0 0 0 0 0 0 3 0 114445 114411 0 0 337 0 0 52 75767345 21350248 0 0 0 0 0 39501077 2119 0 0 
0 0 0 0 0 0 0 0 0 0 0 0 0 0 0 0 0 0 0 0 0 0 0 3 114457 0 0 19 0 0 333 52 0 96910661 0 0 0 0 0 39486575 0 0 2094 0 
0 0 0 0 0 0 0 0 0 0 0 0 0 0 0 0 0 0 0 0 0 0 0 3 0 114453 114419 0 0 337 0 0 52 75787341 21356223 0 0 0 0 0 39515253 2119 0 0 
0 0 0 0 0 0 0 0 0 0 0 0 0 0 0 0 0 0 0 0 0 0 0 3 114513 0 0 19 0 0 333 52 0 96944133 0 0 0 0 0 39501705 0 0 2094 0 
0 0 0 0 0 0 0 0 0 0 0 0 0 0 0 0 0 0 0 0 0 0 0 3 0 114509 114475 0 0 337 0 0 52 75816804 21360242 0 0 0 0 0 39530384 2119 0 0 
0 0 0 0 0 0 0 0 0 0 0 0 0 0 0 0 0 0 0 0 0 0 0 3 114553 0 0 19 0 0 333 52 0 96984626 0 0 0 0 0 39519578 0 0 2094 0 
0 0 0 0 0 0 0 0 0 0 0 0 0 0 0 0 0 0 0 0 0 0 0 3 0 114549 114515 0 0 337 0 0 52 75848322 21369246 0 0 0 0 0 39548255 2119 0 0 
0 0 0 0 0 0 0 0 0 0 0 0 0 0 0 0 0 0 0 0 0 0 0 3 114577 0 0 19 0 0 333 52 0 97009297 0 0 0 0 0 39534092 0 0 2094 0 
0 0 0 0 0 0 0 0 0 0 0 0 0 0 0 0 0 0 0 0 0 0 0 3 0 114573 114539 0 0 337 0 0 52 75868484 21373769 0 0 0 0 0 39562769 2119 0 0 
0 0 0 0 0 0 0 0 0 0 0 0 0 0 0 0 0 0 0 0 0 0 0 3 114629 0 0 19 0 0 333 52 0 97048104 0 0 0 0 0 39552565 0 0 2094 0 
0 0 0 0 0 0 0 0 0 0 0 0 0 0 0 0 0 0 0 0 0 0 0 3 0 114626 114591 0 0 337 0 0 52 75900966 21380112 0 0 0 0 0 39581245 2119 0 0 
0 0 0 0 0 0 0 0 0 0 0 0 0 0 0 0 0 0 0 0 0 0 0 3 114637 0 0 19 0 0 333 52 0 97077999 0 0 0 0 0 39565558 0 0 2094 0 
0 0 0 0 0 0 0 0 0 0 0 0 0 0 0 0 0 0 0 0 0 0 0 3 0 114636 114599 0 0 337 0 0 52 75924931 21386066 0 0 0 0 0 39594237 2119 0 0 
0 0 0 0 0 0 0 0 0 0 0 0 0 0 0 0 0 0 0 0 0 0 0 3 114693 0 0 19 0 0 333 52 0 97109122 0 0 0 0 0 39582780 0 0 2094 0 
0 0 0 0 0 0 0 0 0 0 0 0 0 0 0 0 0 0 0 0 0 0 0 3 0 114689 114655 0 0 337 0 0 52 75952077 21390059 0 0 0 0 0 39611460 2119 0 0 
0 0 0 0 0 0 0 0 0 0 0 0 0 0 0 0 0 0 0 0 0 0 0 3 114749 0 0 19 0 0 333 52 0 97151168 0 0 0 0 0 39601096 0 0 2094 0 
0 0 0 0 0 0 0 0 0 0 0 0 0 0 0 0 0 0 0 0 0 0 0 3 0 114745 114711 0 0 337 0 0 52 75984228 21399988 0 0 0 0 0 39629776 2119 0 0 
0 0 0 0 0 0 0 0 0 0 0 0 0 0 0 0 0 0 0 0 0 0 0 3 114757 0 0 19 0 0 333 52 0 97176354 0 0 0 0 0 39617179 0 0 2094 0 
0 0 0 0 0 0 0 0 0 0 0 0 0 0 0 0 0 0 0 0 0 0 0 3 0 114753 114719 0 0 337 0 0 52 76005767 21403644 0 0 0 0 0 39645859 2119 0 0 
0 0 0 0 0 0 0 0 0 0 0 0 0 0 0 0 0 0 0 0 0 0 0 3 114809 0 0 19 0 0 333 52 0 97216635 0 0 0 0 0 39636508 0 0 2094 0 
0 0 0 0 0 0 0 0 0 0 0 0 0 0 0 0 0 0 0 0 0 0 0 3 0 114805 114771 0 0 337 0 0 52 76039776 21409928 0 0 0 0 0 39665189 2119 0 0 
0 0 0 0 0 0 0 0 0 0 0 0 0 0 0 0 0 0 0 0 0 0 0 3 114817 0 0 19 0 0 333 52 0 97243224 0 0 0 0 0 39653115 0 0 2094 0 
0 0 0 0 0 0 0 0 0 0 0 0 0 0 0 0 0 0 0 0 0 0 0 3 0 114813 114779 0 0 337 0 0 52 76060536 21415768 0 0 0 0 0 39681797 2119 0 0 
0 0 0 0 0 0 0 0 0 0 0 0 0 0 0 0 0 0 0 0 0 0 0 3 114873 0 0 19 0 0 333 52 0 97276630 0 0 0 0 0 39667945 0 0 2094 0 
0 0 0 0 0 0 0 0 0 0 0 0 0 0 0 0 0 0 0 0 0 0 0 3 0 114869 114835 0 0 337 0 0 52 76089852 21419875 0 0 0 0 0 39696629 2119 0 0 
0 0 0 0 0 0 0 0 0 0 0 0 0 0 0 0 0 0 0 0 0 0 0 3 114889 0 0 19 0 0 333 52 0 97320758 0 0 0 0 0 39689164 0 0 2094 0 
0 0 0 0 0 0 0 0 0 0 0 0 0 0 0 0 0 0 0 0 0 0 0 3 0 114885 114851 0 0 337 0 0 52 76125453 21428432 0 0 0 0 0 39717852 2119 0 0 
0 0 0 0 0 0 0 0 0 0 0 0 0 0 0 0 0 0 0 0 0 0 0 3 114933 0 0 19 0 0 333 52 0 97342393 0 0 0 0 0 39703992 0 0 2094 0 
0 0 0 0 0 0 0 0 0 0 0 0 0 0 0 0 0 0 0 0 0 0 0 3 0 114929 114895 0 0 337 0 0 52 76145674 21429846 0 0 0 0 0 39732680 2119 0 0 
0 0 0 0 0 0 0 0 0 0 0 0 0 0 0 0 0 0 0 0 0 0 0 3 114989 0 0 19 0 0 333 52 0 97383410 0 0 0 0 0 39721677 0 0 2094 0 
0 0 0 0 0 0 0 0 0 0 0 0 0 0 0 0 0 0 0 0 0 0 0 3 0 114985 114951 0 0 337 0 0 52 76176798 21439775 0 0 0 0 0 39750365 2119 0 0 
0 0 0 0 0 0 0 0 0 0 0 0 0 0 0 0 0 0 0 0 0 0 0 3 114997 0 0 19 0 0 333 52 0 97408951 0 0 0 0 0 39738319 0 0 2094 0 
0 0 0 0 0 0 0 0 0 0 0 0 0 0 0 0 0 0 0 0 0 0 0 3 0 114993 114959 0 0 337 0 0 52 76198393 21443737 0 0 0 0 0 39767008 2119 0 0 
0 0 0 0 0 0 0 0 0 0 0 0 0 0 0 0 0 0 0 0 0 0 0 3 115049 0 0 19 0 0 333 52 0 97447457 0 0 0 0 0 39756913 0 0 2094 0 
0 0 0 0 0 0 0 0 0 0 0 0 0 0 0 0 0 0 0 0 0 0 0 3 0 115045 115011 0 0 337 0 0 52 76230949 21449714 0 0 0 0 0 39785605 2119 0 0 
0 0 0 0 0 0 0 0 0 0 0 0 0 0 0 0 0 0 0 0 0 0 0 3 115057 0 0 19 0 0 333 52 0 97477755 0 0 0 0 0 39770628 0 0 2094 0 
0 0 0 0 0 0 0 0 0 0 0 0 0 0 0 0 0 0 0 0 0 0 0 3 0 115056 115019 0 0 337 0 0 52 76255308 21455670 0 0 0 0 0 39799320 2119 0 0 
0 0 0 0 0 0 0 0 0 0 0 0 0 0 0 0 0 0 0 0 0 0 0 3 115113 0 0 19 0 0 333 52 0 97507178 0 0 0 0 0 39787882 0 0 2094 0 
0 0 0 0 0 0 0 0 0 0 0 0 0 0 0 0 0 0 0 0 0 0 0 3 0 115109 115075 0 0 337 0 0 52 76280748 21459664 0 0 0 0 0 39816576 2119 0 0 
0 0 0 0 0 0 0 0 0 0 0 0 0 0 0 0 0 0 0 0 0 0 0 3 115169 0 0 19 0 0 333 52 0 97548801 0 0 0 0 0 39806216 0 0 2094 0 
0 0 0 0 0 0 0 0 0 0 0 0 0 0 0 0 0 0 0 0 0 0 0 3 0 115165 115131 0 0 337 0 0 52 76312472 21469593 0 0 0 0 0 39834908 2119 0 0 
0 0 0 0 0 0 0 0 0 0 0 0 0 0 0 0 0 0 0 0 0 0 0 3 115177 0 0 19 0 0 333 52 0 97572110 0 0 0 0 0 39822281 0 0 2094 0 
0 0 0 0 0 0 0 0 0 0 0 0 0 0 0 0 0 0 0 0 0 0 0 3 0 115173 115139 0 0 337 0 0 52 76333587 21471798 0 0 0 0 0 39850973 2119 0 0 
0 0 0 0 0 0 0 0 0 0 0 0 0 0 0 0 0 0 0 0 0 0 0 3 115229 0 0 19 0 0 333 52 0 97615137 0 0 0 0 0 39843224 0 0 2094 0 
0 0 0 0 0 0 0 0 0 0 0 0 0 0 0 0 0 0 0 0 0 0 0 3 0 115225 115191 0 0 337 0 0 52 76368896 21479532 0 0 0 0 0 39871917 2119 0 0 
0 0 0 0 0 0 0 0 0 0 0 0 0 0 0 0 0 0 0 0 0 0 0 3 115237 0 0 19 0 0 333 52 0 97643064 0 0 0 0 0 39861019 0 0 2094 0 
0 0 0 0 0 0 0 0 0 0 0 0 0 0 0 0 0 0 0 0 0 0 0 3 0 115233 115199 0 0 337 0 0 52 76391042 21485326 0 0 0 0 0 39889713 2119 0 0 
0 0 0 0 0 0 0 0 0 0 0 0 0 0 0 0 0 0 0 0 0 0 0 3 115293 0 0 19 0 0 333 52 0 97676240 0 0 0 0 0 39876714 0 0 2094 0 
0 0 0 0 0 0 0 0 0 0 0 0 0 0 0 0 0 0 0 0 0 0 0 3 0 115289 115255 0 0 337 0 0 52 76420079 21489486 0 0 0 0 0 39905408 2119 0 0 
0 0 0 0 0 0 0 0 0 0 0 0 0 0 0 0 0 0 0 0 0 0 0 3 115297 0 0 19 0 0 333 52 0 97709032 0 0 0 0 0 39892117 0 0 2094 0 
0 0 0 0 0 0 0 0 0 0 0 0 0 0 0 0 0 0 0 0 0 0 0 3 0 115296 115259 0 0 337 0 0 52 76446933 21495437 0 0 0 0 0 39920810 2119 0 0 
0 0 0 0 0 0 0 0 0 0 0 0 0 0 0 0 0 0 0 0 0 0 0 3 115353 0 0 19 0 0 333 52 0 97742085 0 0 0 0 0 39911818 0 0 2094 0 
0 0 0 0 0 0 0 0 0 0 0 0 0 0 0 0 0 0 0 0 0 0 0 3 0 115349 115315 0 0 337 0 0 52 76476007 21499432 0 0 0 0 0 39940510 2119 0 0 
0 0 0 0 0 0 0 0 0 0 0 0 0 0 0 0 0 0 0 0 0 0 0 3 115409 0 0 19 0 0 333 52 0 97784413 0 0 0 0 0 39930367 0 0 2094 0 
0 0 0 0 0 0 0 0 0 0 0 0 0 0 0 0 0 0 0 0 0 0 0 3 0 115405 115371 0 0 337 0 0 52 76508433 21509362 0 0 0 0 0 39959058 2119 0 0 
0 0 0 0 0 0 0 0 0 0 0 0 0 0 0 0 0 0 0 0 0 0 0 3 115417 0 0 19 0 0 333 52 0 97812276 0 0 0 0 0 39947962 0 0 2094 0 
0 0 0 0 0 0 0 0 0 0 0 0 0 0 0 0 0 0 0 0 0 0 0 3 0 115413 115379 0 0 337 0 0 52 76530705 21514966 0 0 0 0 0 39976652 2119 0 0 
0 0 0 0 0 0 0 0 0 0 0 0 0 0 0 0 0 0 0 0 0 0 0 3 115473 0 0 19 0 0 333 52 0 97847178 0 0 0 0 0 39964311 0 0 2094 0 
0 0 0 0 0 0 0 0 0 0 0 0 0 0 0 0 0 0 0 0 0 0 0 3 0 115469 115435 0 0 337 0 0 52 76561277 21519309 0 0 0 0 0 39993005 2119 0 0 
0 0 0 0 0 0 0 0 0 0 0 0 0 0 0 0 0 0 0 0 0 0 0 3 115481 0 0 19 0 0 333 52 0 97884166 0 0 0 0 0 39982017 0 0 2094 0 
0 0 0 0 0 0 0 0 0 0 0 0 0 0 0 0 0 0 0 0 0 0 0 3 0 115477 115443 0 0 337 0 0 52 76591227 21526367 0 0 0 0 0 40010711 2119 0 0 
0 0 0 0 0 0 0 0 0 0 0 0 0 0 0 0 0 0 0 0 0 0 0 3 115533 0 0 19 0 0 333 52 0 97909988 0 0 0 0 0 39997841 0 0 2094 0 
0 0 0 0 0 0 0 0 0 0 0 0 0 0 0 0 0 0 0 0 0 0 0 3 0 115529 115495 0 0 337 0 0 52 76614163 21529255 0 0 0 0 0 40026535 2119 0 0 
0 0 0 0 0 0 0 0 0 0 0 0 0 0 0 0 0 0 0 0 0 0 0 3 115589 0 0 19 0 0 333 52 0 97949824 0 0 0 0 0 40014277 0 0 2094 0 
0 0 0 0 0 0 0 0 0 0 0 0 0 0 0 0 0 0 0 0 0 0 0 3 0 115585 115551 0 0 337 0 0 52 76644093 21539184 0 0 0 0 0 40042975 2119 0 0 
0 0 0 0 0 0 0 0 0 0 0 0 0 0 0 0 0 0 0 0 0 0 0 3 115597 0 0 19 0 0 333 52 0 97971930 0 0 0 0 0 40029406 0 0 2094 0 
0 0 0 0 0 0 0 0 0 0 0 0 0 0 0 0 0 0 0 0 0 0 0 3 0 115593 115559 0 0 337 0 0 52 76663739 21541650 0 0 0 0 0 40058105 2119 0 0 
0 0 0 0 0 0 0 0 0 0 0 0 0 0 0 0 0 0 0 0 0 0 0 3 115649 0 0 19 0 0 333 52 0 98012826 0 0 0 0 0 40048434 0 0 2094 0 
0 0 0 0 0 0 0 0 0 0 0 0 0 0 0 0 0 0 0 0 0 0 0 3 0 115645 115611 0 0 337 0 0 52 76697182 21549122 0 0 0 0 0 40077133 2119 0 0 
0 0 0 0 0 0 0 0 0 0 0 0 0 0 0 0 0 0 0 0 0 0 0 3 115657 0 0 19 0 0 333 52 0 98041159 0 0 0 0 0 40063720 0 0 2094 0 
0 0 0 0 0 0 0 0 0 0 0 0 0 0 0 0 0 0 0 0 0 0 0 3 0 115653 115619 0 0 337 0 0 52 76719583 21555072 0 0 0 0 0 40092419 2119 0 0 
0 0 0 0 0 0 0 0 0 0 0 0 0 0 0 0 0 0 0 0 0 0 0 3 115713 0 0 19 0 0 333 52 0 98072823 0 0 0 0 0 40079598 0 0 2094 0 
0 0 0 0 0 0 0 0 0 0 0 0 0 0 0 0 0 0 0 0 0 0 0 3 0 115709 115675 0 0 337 0 0 52 76747269 21559069 0 0 0 0 0 40108296 2119 0 0 
0 0 0 0 0 0 0 0 0 0 0 0 0 0 0 0 0 0 0 0 0 0 0 3 115733 0 0 19 0 0 333 52 0 98112450 0 0 0 0 0 40097458 0 0 2094 0 
0 0 0 0 0 0 0 0 0 0 0 0 0 0 0 0 0 0 0 0 0 0 0 3 0 115729 115695 0 0 337 0 0 52 76778389 21567601 0 0 0 0 0 40126153 2119 0 0 
0 0 0 0 0 0 0 0 0 0 0 0 0 0 0 0 0 0 0 0 0 0 0 3 115773 0 0 19 0 0 333 52 0 98130632 0 0 0 0 0 40108965 0 0 2094 0 
0 0 0 0 0 0 0 0 0 0 0 0 0 0 0 0 0 0 0 0 0 0 0 3 0 115772 115735 0 0 337 0 0 52 76795156 21569016 0 0 0 0 0 40137660 2119 0 0 
0 0 0 0 0 0 0 0 0 0 0 0 0 0 0 0 0 0 0 0 0 0 0 3 115829 0 0 19 0 0 333 52 0 98176186 0 0 0 0 0 40128832 0 0 2094 0 
0 0 0 0 0 0 0 0 0 0 0 0 0 0 0 0 0 0 0 0 0 0 0 3 0 115825 115791 0 0 337 0 0 52 76830810 21578939 0 0 0 0 0 40157524 2119 0 0 
0 0 0 0 0 0 0 0 0 0 0 0 0 0 0 0 0 0 0 0 0 0 0 3 115837 0 0 19 0 0 333 52 0 98205578 0 0 0 0 0 40143843 0 0 2094 0 
0 0 0 0 0 0 0 0 0 0 0 0 0 0 0 0 0 0 0 0 0 0 0 3 0 115833 115799 0 0 337 0 0 52 76854261 21584890 0 0 0 0 0 40172535 2119 0 0 
0 0 0 0 0 0 0 0 0 0 0 0 0 0 0 0 0 0 0 0 0 0 0 3 115893 0 0 19 0 0 333 52 0 98235094 0 0 0 0 0 40157591 0 0 2094 0 
0 0 0 0 0 0 0 0 0 0 0 0 0 0 0 0 0 0 0 0 0 0 0 3 0 115889 115855 0 0 337 0 0 52 76879787 21588890 0 0 0 0 0 40186284 2119 0 0 
0 0 0 0 0 0 0 0 0 0 0 0 0 0 0 0 0 0 0 0 0 0 0 3 115949 0 0 19 0 0 333 52 0 98276300 0 0 0 0 0 40174998 0 0 2094 0 
0 0 0 0 0 0 0 0 0 0 0 0 0 0 0 0 0 0 0 0 0 0 0 3 0 115945 115911 0 0 337 0 0 52 76911079 21598819 0 0 0 0 0 40203693 2119 0 0 
0 0 0 0 0 0 0 0 0 0 0 0 0 0 0 0 0 0 0 0 0 0 0 3 115957 0 0 19 0 0 333 52 0 98302506 0 0 0 0 0 40189693 0 0 2094 0 
0 0 0 0 0 0 0 0 0 0 0 0 0 0 0 0 0 0 0 0 0 0 0 3 0 115953 115919 0 0 337 0 0 52 76931595 21604524 0 0 0 0 0 40218386 2119 0 0 
0 0 0 0 0 0 0 0 0 0 0 0 0 0 0 0 0 0 0 0 0 0 0 3 116013 0 0 19 0 0 333 52 0 98335689 0 0 0 0 0 40204316 0 0 2094 0 
0 0 0 0 0 0 0 0 0 0 0 0 0 0 0 0 0 0 0 0 0 0 0 3 0 116009 115975 0 0 337 0 0 52 76960548 21608766 0 0 0 0 0 40233009 2119 0 0 
0 0 0 0 0 0 0 0 0 0 0 0 0 0 0 0 0 0 0 0 0 0 0 3 116033 0 0 19 0 0 333 52 0 98378627 0 0 0 0 0 40224948 0 0 2094 0 
0 0 0 0 0 0 0 0 0 0 0 0 0 0 0 0 0 0 0 0 0 0 0 3 0 116029 115995 0 0 337 0 0 52 76994975 21617298 0 0 0 0 0 40253644 2119 0 0 
0 0 0 0 0 0 0 0 0 0 0 0 0 0 0 0 0 0 0 0 0 0 0 3 116073 0 0 19 0 0 333 52 0 98397535 0 0 0 0 0 40235287 0 0 2094 0 
0 0 0 0 0 0 0 0 0 0 0 0 0 0 0 0 0 0 0 0 0 0 0 3 0 116069 116035 0 0 337 0 0 52 77012477 21618707 0 0 0 0 0 40263983 2119 0 0 
0 0 0 0 0 0 0 0 0 0 0 0 0 0 0 0 0 0 0 0 0 0 0 3 116129 0 0 19 0 0 333 52 0 98440040 0 0 0 0 0 40253341 0 0 2094 0 
0 0 0 0 0 0 0 0 0 0 0 0 0 0 0 0 0 0 0 0 0 0 0 3 0 116125 116091 0 0 337 0 0 52 77045080 21628636 0 0 0 0 0 40282037 2119 0 0 
0 0 0 0 0 0 0 0 0 0 0 0 0 0 0 0 0 0 0 0 0 0 0 3 116137 0 0 19 0 0 333 52 0 98465938 0 0 0 0 0 40267345 0 0 2094 0 
0 0 0 0 0 0 0 0 0 0 0 0 0 0 0 0 0 0 0 0 0 0 0 3 0 116133 116099 0 0 337 0 0 52 77065198 21634423 0 0 0 0 0 40296040 2119 0 0 
0 0 0 0 0 0 0 0 0 0 0 0 0 0 0 0 0 0 0 0 0 0 0 3 116193 0 0 19 0 0 333 52 0 98498174 0 0 0 0 0 40281101 0 0 2094 0 
0 0 0 0 0 0 0 0 0 0 0 0 0 0 0 0 0 0 0 0 0 0 0 3 0 116189 116155 0 0 337 0 0 52 77093301 21638582 0 0 0 0 0 40309797 2119 0 0 
0 0 0 0 0 0 0 0 0 0 0 0 0 0 0 0 0 0 0 0 0 0 0 3 116217 0 0 19 0 0 333 52 0 98539675 0 0 0 0 0 40300000 0 0 2094 0 
0 0 0 0 0 0 0 0 0 0 0 0 0 0 0 0 0 0 0 0 0 0 0 3 0 116213 116179 0 0 337 0 0 52 77126078 21647340 0 0 0 0 0 40328698 2119 0 0 
0 0 0 0 0 0 0 0 0 0 0 0 0 0 0 0 0 0 0 0 0 0 0 3 116257 0 0 19 0 0 333 52 0 98564551 0 0 0 0 0 40312686 0 0 2094 0 
0 0 0 0 0 0 0 0 0 0 0 0 0 0 0 0 0 0 0 0 0 0 0 3 0 116253 116219 0 0 337 0 0 52 77145421 21652884 0 0 0 0 0 40341383 2119 0 0 
0 0 0 0 0 0 0 0 0 0 0 0 0 0 0 0 0 0 0 0 0 0 0 3 116309 0 0 19 0 0 333 52 0 98600599 0 0 0 0 0 40329129 0 0 2094 0 
0 0 0 0 0 0 0 0 0 0 0 0 0 0 0 0 0 0 0 0 0 0 0 3 0 116308 116271 0 0 337 0 0 52 77175910 21658456 0 0 0 0 0 40357829 2119 0 0 
0 0 0 0 0 0 0 0 0 0 0 0 0 0 0 0 0 0 0 0 0 0 0 3 116329 0 0 19 0 0 333 52 0 98641246 0 0 0 0 0 40346967 0 0 2094 0 
0 0 0 0 0 0 0 0 0 0 0 0 0 0 0 0 0 0 0 0 0 0 0 3 0 116327 116291 0 0 337 0 0 52 77208060 21666988 0 0 0 0 0 40375667 2119 0 0 
0 0 0 0 0 0 0 0 0 0 0 0 0 0 0 0 0 0 0 0 0 0 0 3 116377 0 0 19 0 0 333 52 0 98662906 0 0 0 0 0 40360155 0 0 2094 0 
0 0 0 0 0 0 0 0 0 0 0 0 0 0 0 0 0 0 0 0 0 0 0 3 0 116373 116339 0 0 337 0 0 52 77227434 21669277 0 0 0 0 0 40388855 2119 0 0 
0 0 0 0 0 0 0 0 0 0 0 0 0 0 0 0 0 0 0 0 0 0 0 3 116429 0 0 19 0 0 333 52 0 98706825 0 0 0 0 0 40381306 0 0 2094 0 
0 0 0 0 0 0 0 0 0 0 0 0 0 0 0 0 0 0 0 0 0 0 0 3 0 116425 116391 0 0 337 0 0 52 77262322 21678328 0 0 0 0 0 40410005 2119 0 0 
0 0 0 0 0 0 0 0 0 0 0 0 0 0 0 0 0 0 0 0 0 0 0 3 116437 0 0 19 0 0 333 52 0 98734471 0 0 0 0 0 40397912 0 0 2094 0 
0 0 0 0 0 0 0 0 0 0 0 0 0 0 0 0 0 0 0 0 0 0 0 3 0 116433 116399 0 0 337 0 0 52 77284173 21684140 0 0 0 0 0 40426612 2119 0 0 
0 0 0 0 0 0 0 0 0 0 0 0 0 0 0 0 0 0 0 0 0 0 0 3 116489 0 0 19 0 0 333 52 0 98768063 0 0 0 0 0 40413478 0 0 2094 0 
0 0 0 0 0 0 0 0 0 0 0 0 0 0 0 0 0 0 0 0 0 0 0 3 0 116488 116451 0 0 337 0 0 52 77313650 21688273 0 0 0 0 0 40442178 2119 0 0 
0 0 0 0 0 0 0 0 0 0 0 0 0 0 0 0 0 0 0 0 0 0 0 3 116497 0 0 19 0 0 333 52 0 98800434 0 0 0 0 0 40431115 0 0 2094 0 
0 0 0 0 0 0 0 0 0 0 0 0 0 0 0 0 0 0 0 0 0 0 0 3 0 116493 116459 0 0 337 0 0 52 77340088 21694219 0 0 0 0 0 40459815 2119 0 0 
0 0 0 0 0 0 0 0 0 0 0 0 0 0 0 0 0 0 0 0 0 0 0 3 116553 0 0 19 0 0 333 52 0 98834749 0 0 0 0 0 40451246 0 0 2094 0 
0 0 0 0 0 0 0 0 0 0 0 0 0 0 0 0 0 0 0 0 0 0 0 3 0 116549 116515 0 0 337 0 0 52 77370422 21698219 0 0 0 0 0 40479948 2119 0 0 
0 0 0 0 0 0 0 0 0 0 0 0 0 0 0 0 0 0 0 0 0 0 0 3 116573 0 0 19 0 0 333 52 0 98876218 0 0 0 0 0 40469903 0 0 2094 0 
0 0 0 0 0 0 0 0 0 0 0 0 0 0 0 0 0 0 0 0 0 0 0 3 0 116571 116535 0 0 337 0 0 52 77403170 21706974 0 0 0 0 0 40498607 2119 0 0 
0 0 0 0 0 0 0 0 0 0 0 0 0 0 0 0 0 0 0 0 0 0 0 3 116617 0 0 19 0 0 333 52 0 98899128 0 0 0 0 0 40482307 0 0 2094 0 
0 0 0 0 0 0 0 0 0 0 0 0 0 0 0 0 0 0 0 0 0 0 0 3 0 116613 116579 0 0 337 0 0 52 77421966 21711101 0 0 0 0 0 40511011 2119 0 0 
0 0 0 0 0 0 0 0 0 0 0 0 0 0 0 0 0 0 0 0 0 0 0 3 116669 0 0 19 0 0 333 52 0 98941722 0 0 0 0 0 40503338 0 0 2094 0 
0 0 0 0 0 0 0 0 0 0 0 0 0 0 0 0 0 0 0 0 0 0 0 3 0 116665 116631 0 0 337 0 0 52 77457594 21718086 0 0 0 0 0 40532042 2119 0 0 
0 0 0 0 0 0 0 0 0 0 0 0 0 0 0 0 0 0 0 0 0 0 0 3 116677 0 0 19 0 0 333 52 0 98966487 0 0 0 0 0 40518924 0 0 2094 0 
0 0 0 0 0 0 0 0 0 0 0 0 0 0 0 0 0 0 0 0 0 0 0 3 0 116673 116639 0 0 337 0 0 52 77477124 21723336 0 0 0 0 0 40547627 2119 0 0 
0 0 0 0 0 0 0 0 0 0 0 0 0 0 0 0 0 0 0 0 0 0 0 3 116729 0 0 19 0 0 333 52 0 99002449 0 0 0 0 0 40535936 0 0 2094 0 
0 0 0 0 0 0 0 0 0 0 0 0 0 0 0 0 0 0 0 0 0 0 0 3 0 116728 116691 0 0 337 0 0 52 77508407 21728031 0 0 0 0 0 40564644 2119 0 0 
0 0 0 0 0 0 0 0 0 0 0 0 0 0 0 0 0 0 0 0 0 0 0 3 116737 0 0 19 0 0 333 52 0 99036950 0 0 0 0 0 40557426 0 0 2094 0 
0 0 0 0 0 0 0 0 0 0 0 0 0 0 0 0 0 0 0 0 0 0 0 3 0 116733 116699 0 0 337 0 0 52 77536978 21733975 0 0 0 0 0 40586134 2119 0 0 
0 0 0 0 0 0 0 0 0 0 0 0 0 0 0 0 0 0 0 0 0 0 0 3 116793 0 0 19 0 0 333 52 0 99072939 0 0 0 0 0 40578280 0 0 2094 0 
0 0 0 0 0 0 0 0 0 0 0 0 0 0 0 0 0 0 0 0 0 0 0 3 0 116789 116755 0 0 337 0 0 52 77568984 21737972 0 0 0 0 0 40606991 2119 0 0 
0 0 0 0 0 0 0 0 0 0 0 0 0 0 0 0 0 0 0 0 0 0 0 3 116801 0 0 19 0 0 333 52 0 99107532 0 0 0 0 0 40594715 0 0 2094 0 
0 0 0 0 0 0 0 0 0 0 0 0 0 0 0 0 0 0 0 0 0 0 0 3 0 116797 116763 0 0 337 0 0 52 77597341 21744220 0 0 0 0 0 40623426 2119 0 0 
0 0 0 0 0 0 0 0 0 0 0 0 0 0 0 0 0 0 0 0 0 0 0 3 116853 0 0 19 0 0 333 52 0 99134802 0 0 0 0 0 40609948 0 0 2094 0 
0 0 0 0 0 0 0 0 0 0 0 0 0 0 0 0 0 0 0 0 0 0 0 3 0 116852 116815 0 0 337 0 0 52 77620924 21747919 0 0 0 0 0 40638665 2119 0 0 
0 0 0 0 0 0 0 0 0 0 0 0 0 0 0 0 0 0 0 0 0 0 0 3 116909 0 0 19 0 0 333 52 0 99180675 0 0 0 0 0 40630833 0 0 2094 0 
0 0 0 0 0 0 0 0 0 0 0 0 0 0 0 0 0 0 0 0 0 0 0 3 0 116905 116871 0 0 337 0 0 52 77656906 21757851 0 0 0 0 0 40659551 2119 0 0 
0 0 0 0 0 0 0 0 0 0 0 0 0 0 0 0 0 0 0 0 0 0 0 3 116917 0 0 19 0 0 333 52 0 99209796 0 0 0 0 0 40646269 0 0 2094 0 
0 0 0 0 0 0 0 0 0 0 0 0 0 0 0 0 0 0 0 0 0 0 0 3 0 116913 116879 0 0 337 0 0 52 77680088 21763801 0 0 0 0 0 40674988 2119 0 0 
0 0 0 0 0 0 0 0 0 0 0 0 0 0 0 0 0 0 0 0 0 0 0 3 116973 0 0 19 0 0 333 52 0 99240180 0 0 0 0 0 40660560 0 0 2094 0 
0 0 0 0 0 0 0 0 0 0 0 0 0 0 0 0 0 0 0 0 0 0 0 3 0 116969 116935 0 0 337 0 0 52 77706497 21767800 0 0 0 0 0 40689280 2119 0 0 
0 0 0 0 0 0 0 0 0 0 0 0 0 0 0 0 0 0 0 0 0 0 0 3 117029 0 0 19 0 0 333 52 0 99282043 0 0 0 0 0 40678732 0 0 2094 0 
0 0 0 0 0 0 0 0 0 0 0 0 0 0 0 0 0 0 0 0 0 0 0 3 0 117025 116991 0 0 337 0 0 52 77738461 21777729 0 0 0 0 0 40707451 2119 0 0 
0 0 0 0 0 0 0 0 0 0 0 0 0 0 0 0 0 0 0 0 0 0 0 3 117037 0 0 19 0 0 333 52 0 99306587 0 0 0 0 0 40691916 0 0 2094 0 
0 0 0 0 0 0 0 0 0 0 0 0 0 0 0 0 0 0 0 0 0 0 0 3 0 117033 116999 0 0 337 0 0 52 77757261 21783493 0 0 0 0 0 40720635 2119 0 0 
0 0 0 0 0 0 0 0 0 0 0 0 0 0 0 0 0 0 0 0 0 0 0 3 117089 0 0 19 0 0 333 52 0 99340549 0 0 0 0 0 40708216 0 0 2094 0 
0 0 0 0 0 0 0 0 0 0 0 0 0 0 0 0 0 0 0 0 0 0 0 3 0 117088 117051 0 0 337 0 0 52 77787056 21787674 0 0 0 0 0 40736936 2119 0 0 
0 0 0 0 0 0 0 0 0 0 0 0 0 0 0 0 0 0 0 0 0 0 0 3 117105 0 0 19 0 0 333 52 0 99379574 0 0 0 0 0 40724674 0 0 2094 0 
0 0 0 0 0 0 0 0 0 0 0 0 0 0 0 0 0 0 0 0 0 0 0 3 0 117101 117067 0 0 337 0 0 52 77817652 21796142 0 0 0 0 0 40753394 2119 0 0 
0 0 0 0 0 0 0 0 0 0 0 0 0 0 0 0 0 0 0 0 0 0 0 3 117153 0 0 19 0 0 333 52 0 99402322 0 0 0 0 0 40740451 0 0 2094 0 
0 0 0 0 0 0 0 0 0 0 0 0 0 0 0 0 0 0 0 0 0 0 0 3 0 117152 117115 0 0 337 0 0 52 77838916 21797623 0 0 0 0 0 40769171 2119 0 0 
0 0 0 0 0 0 0 0 0 0 0 0 0 0 0 0 0 0 0 0 0 0 0 3 117209 0 0 19 0 0 333 52 0 99447286 0 0 0 0 0 40760413 0 0 2094 0 
0 0 0 0 0 0 0 0 0 0 0 0 0 0 0 0 0 0 0 0 0 0 0 3 0 117205 117171 0 0 337 0 0 52 77873990 21807548 0 0 0 0 0 40789133 2119 0 0 
0 0 0 0 0 0 0 0 0 0 0 0 0 0 0 0 0 0 0 0 0 0 0 3 117217 0 0 19 0 0 333 52 0 99475807 0 0 0 0 0 40775305 0 0 2094 0 
0 0 0 0 0 0 0 0 0 0 0 0 0 0 0 0 0 0 0 0 0 0 0 3 0 117213 117179 0 0 337 0 0 52 77896571 21813498 0 0 0 0 0 40804025 2119 0 0 
0 0 0 0 0 0 0 0 0 0 0 0 0 0 0 0 0 0 0 0 0 0 0 3 117273 0 0 19 0 0 333 52 0 99509039 0 0 0 0 0 40793339 0 0 2094 0 
0 0 0 0 0 0 0 0 0 0 0 0 0 0 0 0 0 0 0 0 0 0 0 3 0 117269 117235 0 0 337 0 0 52 77925825 21817498 0 0 0 0 0 40822058 2119 0 0 
0 0 0 0 0 0 0 0 0 0 0 0 0 0 0 0 0 0 0 0 0 0 0 3 117301 0 0 19 0 0 333 52 0 99549006 0 0 0 0 0 40811365 0 0 2094 0 
0 0 0 0 0 0 0 0 0 0 0 0 0 0 0 0 0 0 0 0 0 0 0 3 0 117297 117263 0 0 337 0 0 52 77957066 21826264 0 0 0 0 0 40840084 2119 0 0 
0 0 0 0 0 0 0 0 0 0 0 0 0 0 0 0 0 0 0 0 0 0 0 3 117337 0 0 19 0 0 333 52 0 99573566 0 0 0 0 0 40825875 0 0 2094 0 
0 0 0 0 0 0 0 0 0 0 0 0 0 0 0 0 0 0 0 0 0 0 0 3 0 117333 117299 0 0 337 0 0 52 77977571 21830325 0 0 0 0 0 40854595 2119 0 0 
0 0 0 0 0 0 0 0 0 0 0 0 0 0 0 0 0 0 0 0 0 0 0 3 117389 0 0 19 0 0 333 52 0 99615211 0 0 0 0 0 40846881 0 0 2094 0 
0 0 0 0 0 0 0 0 0 0 0 0 0 0 0 0 0 0 0 0 0 0 0 3 0 117385 117351 0 0 337 0 0 52 78012201 21837366 0 0 0 0 0 40875602 2119 0 0 
0 0 0 0 0 0 0 0 0 0 0 0 0 0 0 0 0 0 0 0 0 0 0 3 117397 0 0 19 0 0 333 52 0 99641266 0 0 0 0 0 40862476 0 0 2094 0 
0 0 0 0 0 0 0 0 0 0 0 0 0 0 0 0 0 0 0 0 0 0 0 3 0 117393 117359 0 0 337 0 0 52 78032486 21843147 0 0 0 0 0 40891198 2119 0 0 
0 0 0 0 0 0 0 0 0 0 0 0 0 0 0 0 0 0 0 0 0 0 0 3 117453 0 0 19 0 0 333 52 0 99675870 0 0 0 0 0 40879244 0 0 2094 0 
0 0 0 0 0 0 0 0 0 0 0 0 0 0 0 0 0 0 0 0 0 0 0 3 0 117449 117415 0 0 337 0 0 52 78062929 21847315 0 0 0 0 0 40907967 2119 0 0 
0 0 0 0 0 0 0 0 0 0 0 0 0 0 0 0 0 0 0 0 0 0 0 3 117457 0 0 19 0 0 333 52 0 99706776 0 0 0 0 0 40893704 0 0 2094 0 
0 0 0 0 0 0 0 0 0 0 0 0 0 0 0 0 0 0 0 0 0 0 0 3 0 117456 117419 0 0 337 0 0 52 78087903 21853263 0 0 0 0 0 40922428 2119 0 0 
0 0 0 0 0 0 0 0 0 0 0 0 0 0 0 0 0 0 0 0 0 0 0 3 117513 0 0 19 0 0 333 52 0 99738560 0 0 0 0 0 40912881 0 0 2094 0 
0 0 0 0 0 0 0 0 0 0 0 0 0 0 0 0 0 0 0 0 0 0 0 3 0 117509 117475 0 0 337 0 0 52 78115725 21857255 0 0 0 0 0 40941610 2119 0 0 
0 0 0 0 0 0 0 0 0 0 0 0 0 0 0 0 0 0 0 0 0 0 0 3 117569 0 0 19 0 0 333 52 0 99779644 0 0 0 0 0 40929969 0 0 2094 0 
0 0 0 0 0 0 0 0 0 0 0 0 0 0 0 0 0 0 0 0 0 0 0 3 0 117565 117531 0 0 337 0 0 52 78146896 21867184 0 0 0 0 0 40958702 2119 0 0 
0 0 0 0 0 0 0 0 0 0 0 0 0 0 0 0 0 0 0 0 0 0 0 3 117577 0 0 19 0 0 333 52 0 99807094 0 0 0 0 0 40946246 0 0 2094 0 
0 0 0 0 0 0 0 0 0 0 0 0 0 0 0 0 0 0 0 0 0 0 0 3 0 117573 117539 0 0 337 0 0 52 78168497 21873043 0 0 0 0 0 40974979 2119 0 0 
0 0 0 0 0 0 0 0 0 0 0 0 0 0 0 0 0 0 0 0 0 0 0 3 117629 0 0 19 0 0 333 52 0 99837097 0 0 0 0 0 40958805 0 0 2094 0 
0 0 0 0 0 0 0 0 0 0 0 0 0 0 0 0 0 0 0 0 0 0 0 3 0 117628 117591 0 0 337 0 0 52 78194388 21877169 0 0 0 0 0 40987540 2119 0 0 
0 0 0 0 0 0 0 0 0 0 0 0 0 0 0 0 0 0 0 0 0 0 0 3 117641 0 0 19 0 0 333 52 0 99872874 0 0 0 0 0 40974898 0 0 2094 0 
0 0 0 0 0 0 0 0 0 0 0 0 0 0 0 0 0 0 0 0 0 0 0 3 0 117637 117603 0 0 337 0 0 52 78222974 21884391 0 0 0 0 0 41003633 2119 0 0 
0 0 0 0 0 0 0 0 0 0 0 0 0 0 0 0 0 0 0 0 0 0 0 3 117697 0 0 19 0 0 333 52 0 99898867 0 0 0 0 0 40987938 0 0 2094 0 
0 0 0 0 0 0 0 0 0 0 0 0 0 0 0 0 0 0 0 0 0 0 0 3 0 117693 117659 0 0 337 0 0 52 78244235 21889133 0 0 0 0 0 41016674 2119 0 0 
0 0 0 0 0 0 0 0 0 0 0 0 0 0 0 0 0 0 0 0 0 0 0 3 117749 0 0 19 0 0 333 52 0 99938575 0 0 0 0 0 41005097 0 0 2094 0 
0 0 0 0 0 0 0 0 0 0 0 0 0 0 0 0 0 0 0 0 0 0 0 3 0 117745 117711 0 0 337 0 0 52 78276049 21897041 0 0 0 0 0 41033833 2119 0 0 
0 0 0 0 0 0 0 0 0 0 0 0 0 0 0 0 0 0 0 0 0 0 0 3 117757 0 0 19 0 0 333 52 0 99963411 0 0 0 0 0 41017421 0 0 2094 0 
0 0 0 0 0 0 0 0 0 0 0 0 0 0 0 0 0 0 0 0 0 0 0 3 0 117753 117719 0 0 337 0 0 52 78294949 21902991 0 0 0 0 0 41046156 2119 0 0 
0 0 0 0 0 0 0 0 0 0 0 0 0 0 0 0 0 0 0 0 0 0 0 3 117813 0 0 19 0 0 333 52 0 99994474 0 0 0 0 0 41030862 0 0 2094 0 
0 0 0 0 0 0 0 0 0 0 0 0 0 0 0 0 0 0 0 0 0 0 0 3 0 117809 117775 0 0 337 0 0 52 78322037 21906990 0 0 0 0 0 41059599 2119 0 0 
0 0 0 0 0 0 0 0 0 0 0 0 0 0 0 0 0 0 0 0 0 0 0 3 117869 0 0 19 0 0 333 52 0 100037305 0 0 0 0 0 41050063 0 0 2094 0 
0 0 0 0 0 0 0 0 0 0 0 0 0 0 0 0 0 0 0 0 0 0 0 3 0 117865 117831 0 0 337 0 0 52 78354963 21916922 0 0 0 0 0 41078806 2119 0 0 
0 0 0 0 0 0 0 0 0 0 0 0 0 0 0 0 0 0 0 0 0 0 0 3 117877 0 0 19 0 0 333 52 0 100064223 0 0 0 0 0 41065629 0 0 2094 0 
0 0 0 0 0 0 0 0 0 0 0 0 0 0 0 0 0 0 0 0 0 0 0 3 0 117873 117839 0 0 337 0 0 52 78376299 21922512 0 0 0 0 0 41094373 2119 0 0 
0 0 0 0 0 0 0 0 0 0 0 0 0 0 0 0 0 0 0 0 0 0 0 3 117933 0 0 19 0 0 333 52 0 100098385 0 0 0 0 0 41081437 0 0 2094 0 
0 0 0 0 0 0 0 0 0 0 0 0 0 0 0 0 0 0 0 0 0 0 0 3 0 117929 117895 0 0 337 0 0 52 78406120 21926869 0 0 0 0 0 41110181 2119 0 0 
0 0 0 0 0 0 0 0 0 0 0 0 0 0 0 0 0 0 0 0 0 0 0 3 117945 0 0 19 0 0 333 52 0 100140445 0 0 0 0 0 41101037 0 0 2094 0 
0 0 0 0 0 0 0 0 0 0 0 0 0 0 0 0 0 0 0 0 0 0 0 3 0 117943 117907 0 0 337 0 0 52 78439739 21935342 0 0 0 0 0 41129781 2119 0 0 
0 0 0 0 0 0 0 0 0 0 0 0 0 0 0 0 0 0 0 0 0 0 0 3 117993 0 0 19 0 0 333 52 0 100158074 0 0 0 0 0 41111653 0 0 2094 0 
0 0 0 0 0 0 0 0 0 0 0 0 0 0 0 0 0 0 0 0 0 0 0 3 0 117992 117955 0 0 337 0 0 52 78455894 21936817 0 0 0 0 0 41140399 2119 0 0 
0 0 0 0 0 0 0 0 0 0 0 0 0 0 0 0 0 0 0 0 0 0 0 3 118049 0 0 19 0 0 333 52 0 100204247 0 0 0 0 0 41132143 0 0 2094 0 
0 0 0 0 0 0 0 0 0 0 0 0 0 0 0 0 0 0 0 0 0 0 0 3 0 118045 118011 0 0 337 0 0 52 78492172 21946740 0 0 0 0 0 41160887 2119 0 0 
0 0 0 0 0 0 0 0 0 0 0 0 0 0 0 0 0 0 0 0 0 0 0 3 118057 0 0 19 0 0 333 52 0 100232552 0 0 0 0 0 41149325 0 0 2094 0 
0 0 0 0 0 0 0 0 0 0 0 0 0 0 0 0 0 0 0 0 0 0 0 3 0 118053 118019 0 0 337 0 0 52 78514555 21952685 0 0 0 0 0 41178070 2119 0 0 
0 0 0 0 0 0 0 0 0 0 0 0 0 0 0 0 0 0 0 0 0 0 0 3 118113 0 0 19 0 0 333 52 0 100265617 0 0 0 0 0 41163926 0 0 2094 0 
0 0 0 0 0 0 0 0 0 0 0 0 0 0 0 0 0 0 0 0 0 0 0 3 0 118109 118075 0 0 337 0 0 52 78543632 21956689 0 0 0 0 0 41192676 2119 0 0 
0 0 0 0 0 0 0 0 0 0 0 0 0 0 0 0 0 0 0 0 0 0 0 3 118141 0 0 19 0 0 333 52 0 100304627 0 0 0 0 0 41181168 0 0 2094 0 
0 0 0 0 0 0 0 0 0 0 0 0 0 0 0 0 0 0 0 0 0 0 0 3 0 118141 118103 0 0 337 0 0 52 78573717 21965652 0 0 0 0 0 41209920 2119 0 0 
0 0 0 0 0 0 0 0 0 0 0 0 0 0 0 0 0 0 0 0 0 0 0 3 118177 0 0 19 0 0 333 52 0 100328840 0 0 0 0 0 41195685 0 0 2094 0 
0 0 0 0 0 0 0 0 0 0 0 0 0 0 0 0 0 0 0 0 0 0 0 3 0 118173 118139 0 0 337 0 0 52 78594728 21968871 0 0 0 0 0 41224437 2119 0 0 
0 0 0 0 0 0 0 0 0 0 0 0 0 0 0 0 0 0 0 0 0 0 0 3 118229 0 0 19 0 0 333 52 0 100371404 0 0 0 0 0 41215656 0 0 2094 0 
0 0 0 0 0 0 0 0 0 0 0 0 0 0 0 0 0 0 0 0 0 0 0 3 0 118225 118191 0 0 337 0 0 52 78629636 21976559 0 0 0 0 0 41244408 2119 0 0 
0 0 0 0 0 0 0 0 0 0 0 0 0 0 0 0 0 0 0 0 0 0 0 3 118237 0 0 19 0 0 333 52 0 100400636 0 0 0 0 0 41231714 0 0 2094 0 
0 0 0 0 0 0 0 0 0 0 0 0 0 0 0 0 0 0 0 0 0 0 0 3 0 118233 118199 0 0 337 0 0 52 78652934 21982509 0 0 0 0 0 41260466 2119 0 0 
0 0 0 0 0 0 0 0 0 0 0 0 0 0 0 0 0 0 0 0 0 0 0 3 118293 0 0 19 0 0 333 52 0 100436030 0 0 0 0 0 41250890 0 0 2094 0 
0 0 0 0 0 0 0 0 0 0 0 0 0 0 0 0 0 0 0 0 0 0 0 3 0 118289 118255 0 0 337 0 0 52 78684344 21986508 0 0 0 0 0 41279644 2119 0 0 
0 0 0 0 0 0 0 0 0 0 0 0 0 0 0 0 0 0 0 0 0 0 0 3 118349 0 0 19 0 0 333 52 0 100477107 0 0 0 0 0 41268273 0 0 2094 0 
0 0 0 0 0 0 0 0 0 0 0 0 0 0 0 0 0 0 0 0 0 0 0 3 0 118345 118311 0 0 337 0 0 52 78715462 21996489 0 0 0 0 0 41297030 2119 0 0 
0 0 0 0 0 0 0 0 0 0 0 0 0 0 0 0 0 0 0 0 0 0 0 3 118357 0 0 19 0 0 333 52 0 100502954 0 0 0 0 0 41285035 0 0 2094 0 
0 0 0 0 0 0 0 0 0 0 0 0 0 0 0 0 0 0 0 0 0 0 0 3 0 118353 118319 0 0 337 0 0 52 78737364 22000450 0 0 0 0 0 41313793 2119 0 0 
0 0 0 0 0 0 0 0 0 0 0 0 0 0 0 0 0 0 0 0 0 0 0 3 118409 0 0 19 0 0 333 52 0 100545895 0 0 0 0 0 41308739 0 0 2094 0 
0 0 0 0 0 0 0 0 0 0 0 0 0 0 0 0 0 0 0 0 0 0 0 3 0 118405 118371 0 0 337 0 0 52 78774349 22006430 0 0 0 0 0 41337496 2119 0 0 
0 0 0 0 0 0 0 0 0 0 0 0 0 0 0 0 0 0 0 0 0 0 0 3 118417 0 0 19 0 0 333 52 0 100575717 0 0 0 0 0 41327324 0 0 2094 0 
0 0 0 0 0 0 0 0 0 0 0 0 0 0 0 0 0 0 0 0 0 0 0 3 0 118413 118379 0 0 337 0 0 52 78798238 22012380 0 0 0 0 0 41356081 2119 0 0 
0 0 0 0 0 0 0 0 0 0 0 0 0 0 0 0 0 0 0 0 0 0 0 3 118473 0 0 19 0 0 333 52 0 100609839 0 0 0 0 0 41344424 0 0 2094 0 
0 0 0 0 0 0 0 0 0 0 0 0 0 0 0 0 0 0 0 0 0 0 0 3 0 118469 118435 0 0 337 0 0 52 78828377 22016378 0 0 0 0 0 41373186 2119 0 0 
0 0 0 0 0 0 0 0 0 0 0 0 0 0 0 0 0 0 0 0 0 0 0 3 118489 0 0 19 0 0 333 52 0 100653061 0 0 0 0 0 41365084 0 0 2094 0 
0 0 0 0 0 0 0 0 0 0 0 0 0 0 0 0 0 0 0 0 0 0 0 3 0 118488 118451 0 0 337 0 0 52 78863110 22024909 0 0 0 0 0 41393845 2119 0 0 
0 0 0 0 0 0 0 0 0 0 0 0 0 0 0 0 0 0 0 0 0 0 0 3 118537 0 0 19 0 0 333 52 0 100671684 0 0 0 0 0 41374759 0 0 2094 0 
0 0 0 0 0 0 0 0 0 0 0 0 0 0 0 0 0 0 0 0 0 0 0 3 0 118533 118499 0 0 337 0 0 52 78878978 22027675 0 0 0 0 0 41403520 2119 0 0 
0 0 0 0 0 0 0 0 0 0 0 0 0 0 0 0 0 0 0 0 0 0 0 3 118589 0 0 19 0 0 333 52 0 100712975 0 0 0 0 0 41393101 0 0 2094 0 
0 0 0 0 0 0 0 0 0 0 0 0 0 0 0 0 0 0 0 0 0 0 0 3 0 118585 118551 0 0 337 0 0 52 78911725 22036248 0 0 0 0 0 41421864 2119 0 0 
0 0 0 0 0 0 0 0 0 0 0 0 0 0 0 0 0 0 0 0 0 0 0 3 118597 0 0 19 0 0 333 52 0 100743027 0 0 0 0 0 41408581 0 0 2094 0 
0 0 0 0 0 0 0 0 0 0 0 0 0 0 0 0 0 0 0 0 0 0 0 3 0 118593 118559 0 0 337 0 0 52 78935848 22042198 0 0 0 0 0 41437344 2119 0 0 
0 0 0 0 0 0 0 0 0 0 0 0 0 0 0 0 0 0 0 0 0 0 0 3 118653 0 0 19 0 0 333 52 0 100775301 0 0 0 0 0 41426015 0 0 2094 0 
0 0 0 0 0 0 0 0 0 0 0 0 0 0 0 0 0 0 0 0 0 0 0 3 0 118649 118615 0 0 337 0 0 52 78964134 22046198 0 0 0 0 0 41454787 2119 0 0 
0 0 0 0 0 0 0 0 0 0 0 0 0 0 0 0 0 0 0 0 0 0 0 3 118709 0 0 19 0 0 333 52 0 100815223 0 0 0 0 0 41442683 0 0 2094 0 
0 0 0 0 0 0 0 0 0 0 0 0 0 0 0 0 0 0 0 0 0 0 0 3 0 118705 118671 0 0 337 0 0 52 78994162 22056127 0 0 0 0 0 41471455 2119 0 0 
0 0 0 0 0 0 0 0 0 0 0 0 0 0 0 0 0 0 0 0 0 0 0 3 118717 0 0 19 0 0 333 52 0 100840157 0 0 0 0 0 41456924 0 0 2094 0 
0 0 0 0 0 0 0 0 0 0 0 0 0 0 0 0 0 0 0 0 0 0 0 3 0 118713 118679 0 0 337 0 0 52 79013742 22061497 0 0 0 0 0 41485696 2119 0 0 
0 0 0 0 0 0 0 0 0 0 0 0 0 0 0 0 0 0 0 0 0 0 0 3 118773 0 0 19 0 0 333 52 0 100875696 0 0 0 0 0 41473863 0 0 2094 0 
0 0 0 0 0 0 0 0 0 0 0 0 0 0 0 0 0 0 0 0 0 0 0 3 0 118769 118735 0 0 337 0 0 52 79044717 22066074 0 0 0 0 0 41502638 2119 0 0 
0 0 0 0 0 0 0 0 0 0 0 0 0 0 0 0 0 0 0 0 0 0 0 3 118777 0 0 19 0 0 333 52 0 100909599 0 0 0 0 0 41491086 0 0 2094 0 
0 0 0 0 0 0 0 0 0 0 0 0 0 0 0 0 0 0 0 0 0 0 0 3 0 118776 118739 0 0 337 0 0 52 79072682 22072022 0 0 0 0 0 41519861 2119 0 0 
0 0 0 0 0 0 0 0 0 0 0 0 0 0 0 0 0 0 0 0 0 0 0 3 118833 0 0 19 0 0 333 52 0 100941496 0 0 0 0 0 41508835 0 0 2094 0 
0 0 0 0 0 0 0 0 0 0 0 0 0 0 0 0 0 0 0 0 0 0 0 3 0 118829 118795 0 0 337 0 0 52 79100609 22076015 0 0 0 0 0 41537613 2119 0 0 
0 0 0 0 0 0 0 0 0 0 0 0 0 0 0 0 0 0 0 0 0 0 0 3 118889 0 0 19 0 0 333 52 0 100982161 0 0 0 0 0 41525757 0 0 2094 0 
0 0 0 0 0 0 0 0 0 0 0 0 0 0 0 0 0 0 0 0 0 0 0 3 0 118885 118851 0 0 337 0 0 52 79131375 22085944 0 0 0 0 0 41554533 2119 0 0 
0 0 0 0 0 0 0 0 0 0 0 0 0 0 0 0 0 0 0 0 0 0 0 3 118897 0 0 19 0 0 333 52 0 101007677 0 0 0 0 0 41539850 0 0 2094 0 
0 0 0 0 0 0 0 0 0 0 0 0 0 0 0 0 0 0 0 0 0 0 0 3 0 118893 118859 0 0 337 0 0 52 79151313 22091540 0 0 0 0 0 41568626 2119 0 0 
0 0 0 0 0 0 0 0 0 0 0 0 0 0 0 0 0 0 0 0 0 0 0 3 118953 0 0 19 0 0 333 52 0 101040110 0 0 0 0 0 41553376 0 0 2094 0 
0 0 0 0 0 0 0 0 0 0 0 0 0 0 0 0 0 0 0 0 0 0 0 3 0 118949 118915 0 0 337 0 0 52 79179425 22095891 0 0 0 0 0 41582156 2119 0 0 
0 0 0 0 0 0 0 0 0 0 0 0 0 0 0 0 0 0 0 0 0 0 0 3 118973 0 0 19 0 0 333 52 0 101079710 0 0 0 0 0 41570849 0 0 2094 0 
0 0 0 0 0 0 0 0 0 0 0 0 0 0 0 0 0 0 0 0 0 0 0 3 0 118972 118935 0 0 337 0 0 52 79210301 22104648 0 0 0 0 0 41599633 2119 0 0 
0 0 0 0 0 0 0 0 0 0 0 0 0 0 0 0 0 0 0 0 0 0 0 3 119013 0 0 19 0 0 333 52 0 101099532 0 0 0 0 0 41584237 0 0 2094 0 
0 0 0 0 0 0 0 0 0 0 0 0 0 0 0 0 0 0 0 0 0 0 0 3 0 119012 118975 0 0 337 0 0 52 79228933 22105838 0 0 0 0 0 41613021 2119 0 0 
0 0 0 0 0 0 0 0 0 0 0 0 0 0 0 0 0 0 0 0 0 0 0 3 119069 0 0 19 0 0 333 52 0 101145330 0 0 0 0 0 41604951 0 0 2094 0 
0 0 0 0 0 0 0 0 0 0 0 0 0 0 0 0 0 0 0 0 0 0 0 3 0 119065 119031 0 0 337 0 0 52 79264837 22115760 0 0 0 0 0 41633744 2119 0 0 
0 0 0 0 0 0 0 0 0 0 0 0 0 0 0 0 0 0 0 0 0 0 0 3 119077 0 0 19 0 0 333 52 0 101174794 0 0 0 0 0 41621023 0 0 2094 0 
0 0 0 0 0 0 0 0 0 0 0 0 0 0 0 0 0 0 0 0 0 0 0 3 0 119073 119039 0 0 337 0 0 52 79288363 22121710 0 0 0 0 0 41649816 2119 0 0 
0 0 0 0 0 0 0 0 0 0 0 0 0 0 0 0 0 0 0 0 0 0 0 3 119133 0 0 19 0 0 333 52 0 101206273 0 0 0 0 0 41635866 0 0 2094 0 
0 0 0 0 0 0 0 0 0 0 0 0 0 0 0 0 0 0 0 0 0 0 0 3 0 119129 119095 0 0 337 0 0 52 79315863 22125711 0 0 0 0 0 41664658 2119 0 0 
0 0 0 0 0 0 0 0 0 0 0 0 0 0 0 0 0 0 0 0 0 0 0 3 119189 0 0 19 0 0 333 52 0 101248087 0 0 0 0 0 41653621 0 0 2094 0 
0 0 0 0 0 0 0 0 0 0 0 0 0 0 0 0 0 0 0 0 0 0 0 3 0 119185 119151 0 0 337 0 0 52 79347785 22135640 0 0 0 0 0 41682416 2119 0 0 
0 0 0 0 0 0 0 0 0 0 0 0 0 0 0 0 0 0 0 0 0 0 0 3 119197 0 0 19 0 0 333 52 0 101273177 0 0 0 0 0 41666549 0 0 2094 0 
0 0 0 0 0 0 0 0 0 0 0 0 0 0 0 0 0 0 0 0 0 0 0 3 0 119193 119159 0 0 337 0 0 52 79367028 22141501 0 0 0 0 0 41695343 2119 0 0 
0 0 0 0 0 0 0 0 0 0 0 0 0 0 0 0 0 0 0 0 0 0 0 3 119253 0 0 19 0 0 333 52 0 101302650 0 0 0 0 0 41678454 0 0 2094 0 
0 0 0 0 0 0 0 0 0 0 0 0 0 0 0 0 0 0 0 0 0 0 0 3 0 119249 119215 0 0 337 0 0 52 79392434 22145587 0 0 0 0 0 41707252 2119 0 0 
0 0 0 0 0 0 0 0 0 0 0 0 0 0 0 0 0 0 0 0 0 0 0 3 119269 0 0 19 0 0 333 52 0 101345333 0 0 0 0 0 41698149 0 0 2094 0 
0 0 0 0 0 0 0 0 0 0 0 0 0 0 0 0 0 0 0 0 0 0 0 3 0 119265 119231 0 0 337 0 0 52 79426631 22154115 0 0 0 0 0 41726941 2119 0 0 
0 0 0 0 0 0 0 0 0 0 0 0 0 0 0 0 0 0 0 0 0 0 0 3 119317 0 0 19 0 0 333 52 0 101365548 0 0 0 0 0 41708654 0 0 2094 0 
0 0 0 0 0 0 0 0 0 0 0 0 0 0 0 0 0 0 0 0 0 0 0 3 0 119313 119279 0 0 337 0 0 52 79443433 22157535 0 0 0 0 0 41737449 2119 0 0 
0 0 0 0 0 0 0 0 0 0 0 0 0 0 0 0 0 0 0 0 0 0 0 3 119369 0 0 19 0 0 333 52 0 101407009 0 0 0 0 0 41727735 0 0 2094 0 
0 0 0 0 0 0 0 0 0 0 0 0 0 0 0 0 0 0 0 0 0 0 0 3 0 119365 119331 0 0 337 0 0 52 79477004 22165457 0 0 0 0 0 41756533 2119 0 0 
0 0 0 0 0 0 0 0 0 0 0 0 0 0 0 0 0 0 0 0 0 0 0 3 119377 0 0 19 0 0 333 52 0 101436770 0 0 0 0 0 41740557 0 0 2094 0 
0 0 0 0 0 0 0 0 0 0 0 0 0 0 0 0 0 0 0 0 0 0 0 3 0 119376 119339 0 0 337 0 0 52 79500825 22171413 0 0 0 0 0 41769355 2119 0 0 
0 0 0 0 0 0 0 0 0 0 0 0 0 0 0 0 0 0 0 0 0 0 0 3 119433 0 0 19 0 0 333 52 0 101466414 0 0 0 0 0 41755131 0 0 2094 0 
0 0 0 0 0 0 0 0 0 0 0 0 0 0 0 0 0 0 0 0 0 0 0 3 0 119429 119395 0 0 337 0 0 52 79526495 22175406 0 0 0 0 0 41783930 2119 0 0 
0 0 0 0 0 0 0 0 0 0 0 0 0 0 0 0 0 0 0 0 0 0 0 3 119485 0 0 19 0 0 333 52 0 101507864 0 0 0 0 0 41773631 0 0 2094 0 
0 0 0 0 0 0 0 0 0 0 0 0 0 0 0 0 0 0 0 0 0 0 0 3 0 119481 119447 0 0 337 0 0 52 79558087 22185298 0 0 0 0 0 41802434 2119 0 0 
0 0 0 0 0 0 0 0 0 0 0 0 0 0 0 0 0 0 0 0 0 0 0 3 119497 0 0 19 0 0 333 52 0 101532289 0 0 0 0 0 41785793 0 0 2094 0 
0 0 0 0 0 0 0 0 0 0 0 0 0 0 0 0 0 0 0 0 0 0 0 3 0 119493 119459 0 0 337 0 0 52 79576802 22191022 0 0 0 0 0 41814597 2119 0 0 
0 0 0 0 0 0 0 0 0 0 0 0 0 0 0 0 0 0 0 0 0 0 0 3 119549 0 0 19 0 0 333 52 0 101567250 0 0 0 0 0 41801902 0 0 2094 0 
0 0 0 0 0 0 0 0 0 0 0 0 0 0 0 0 0 0 0 0 0 0 0 3 0 119546 119511 0 0 337 0 0 52 79607523 22195276 0 0 0 0 0 41830709 2119 0 0 
0 0 0 0 0 0 0 0 0 0 0 0 0 0 0 0 0 0 0 0 0 0 0 3 119561 0 0 19 0 0 333 52 0 101598474 0 0 0 0 0 41815163 0 0 2094 0 
0 0 0 0 0 0 0 0 0 0 0 0 0 0 0 0 0 0 0 0 0 0 0 3 0 119557 119523 0 0 337 0 0 52 79632663 22201378 0 0 0 0 0 41843969 2119 0 0 
0 0 0 0 0 0 0 0 0 0 0 0 0 0 0 0 0 0 0 0 0 0 0 3 119613 0 0 19 0 0 333 52 0 101629238 0 0 0 0 0 41834097 0 0 2094 0 
0 0 0 0 0 0 0 0 0 0 0 0 0 0 0 0 0 0 0 0 0 0 0 3 0 119609 119575 0 0 337 0 0 52 79659592 22205225 0 0 0 0 0 41862908 2119 0 0 
0 0 0 0 0 0 0 0 0 0 0 0 0 0 0 0 0 0 0 0 0 0 0 3 119669 0 0 19 0 0 333 52 0 101670926 0 0 0 0 0 41852182 0 0 2094 0 
0 0 0 0 0 0 0 0 0 0 0 0 0 0 0 0 0 0 0 0 0 0 0 3 0 119665 119631 0 0 337 0 0 52 79691384 22215154 0 0 0 0 0 41880999 2119 0 0 
0 0 0 0 0 0 0 0 0 0 0 0 0 0 0 0 0 0 0 0 0 0 0 3 119677 0 0 19 0 0 333 52 0 101698535 0 0 0 0 0 41869975 0 0 2094 0 
0 0 0 0 0 0 0 0 0 0 0 0 0 0 0 0 0 0 0 0 0 0 0 3 0 119673 119639 0 0 337 0 0 52 79714006 22220148 0 0 0 0 0 41898792 2119 0 0 
0 0 0 0 0 0 0 0 0 0 0 0 0 0 0 0 0 0 0 0 0 0 0 3 119729 0 0 19 0 0 333 52 0 101736752 0 0 0 0 0 41887699 0 0 2094 0 
0 0 0 0 0 0 0 0 0 0 0 0 0 0 0 0 0 0 0 0 0 0 0 3 0 119725 119691 0 0 337 0 0 52 79747289 22225093 0 0 0 0 0 41916514 2119 0 0 
0 0 0 0 0 0 0 0 0 0 0 0 0 0 0 0 0 0 0 0 0 0 0 3 119737 0 0 19 0 0 333 52 0 101764643 0 0 0 0 0 41901536 0 0 2094 0 
0 0 0 0 0 0 0 0 0 0 0 0 0 0 0 0 0 0 0 0 0 0 0 3 0 119733 119699 0 0 337 0 0 52 79769220 22231068 0 0 0 0 0 41930351 2119 0 0 
0 0 0 0 0 0 0 0 0 0 0 0 0 0 0 0 0 0 0 0 0 0 0 3 119793 0 0 19 0 0 333 52 0 101798033 0 0 0 0 0 41919463 0 0 2094 0 
0 0 0 0 0 0 0 0 0 0 0 0 0 0 0 0 0 0 0 0 0 0 0 3 0 119789 119755 0 0 337 0 0 52 79798619 22235078 0 0 0 0 0 41948284 2119 0 0 
0 0 0 0 0 0 0 0 0 0 0 0 0 0 0 0 0 0 0 0 0 0 0 3 119809 0 0 19 0 0 333 52 0 101839829 0 0 0 0 0 41938186 0 0 2094 0 
0 0 0 0 0 0 0 0 0 0 0 0 0 0 0 0 0 0 0 0 0 0 0 3 0 119805 119771 0 0 337 0 0 52 79831895 22243624 0 0 0 0 0 41967009 2119 0 0 
0 0 0 0 0 0 0 0 0 0 0 0 0 0 0 0 0 0 0 0 0 0 0 3 119853 0 0 19 0 0 333 52 0 101861856 0 0 0 0 0 41953733 0 0 2094 0 
0 0 0 0 0 0 0 0 0 0 0 0 0 0 0 0 0 0 0 0 0 0 0 3 0 119850 119815 0 0 337 0 0 52 79852504 22245040 0 0 0 0 0 41982558 2119 0 0 
0 0 0 0 0 0 0 0 0 0 0 0 0 0 0 0 0 0 0 0 0 0 0 3 119909 0 0 19 0 0 333 52 0 101905884 0 0 0 0 0 41973616 0 0 2094 0 
0 0 0 0 0 0 0 0 0 0 0 0 0 0 0 0 0 0 0 0 0 0 0 3 0 119905 119871 0 0 337 0 0 52 79886643 22254968 0 0 0 0 0 42002448 2119 0 0 
0 0 0 0 0 0 0 0 0 0 0 0 0 0 0 0 0 0 0 0 0 0 0 3 119917 0 0 19 0 0 333 52 0 101932680 0 0 0 0 0 41989020 0 0 2094 0 
0 0 0 0 0 0 0 0 0 0 0 0 0 0 0 0 0 0 0 0 0 0 0 3 0 119913 119879 0 0 337 0 0 52 79907673 22260751 0 0 0 0 0 42017853 2119 0 0 
0 0 0 0 0 0 0 0 0 0 0 0 0 0 0 0 0 0 0 0 0 0 0 3 119973 0 0 19 0 0 333 52 0 101965622 0 0 0 0 0 42003006 0 0 2094 0 
0 0 0 0 0 0 0 0 0 0 0 0 0 0 0 0 0 0 0 0 0 0 0 3 0 119969 119935 0 0 337 0 0 52 79936466 22264915 0 0 0 0 0 42031840 2119 0 0 
0 0 0 0 0 0 0 0 0 0 0 0 0 0 0 0 0 0 0 0 0 0 0 3 119985 0 0 19 0 0 333 52 0 102005642 0 0 0 0 0 42020564 0 0 2094 0 
0 0 0 0 0 0 0 0 0 0 0 0 0 0 0 0 0 0 0 0 0 0 0 3 0 119983 119947 0 0 337 0 0 52 79968039 22273388 0 0 0 0 0 42049395 2119 0 0 
0 0 0 0 0 0 0 0 0 0 0 0 0 0 0 0 0 0 0 0 0 0 0 3 120033 0 0 19 0 0 333 52 0 102024659 0 0 0 0 0 42032515 0 0 2094 0 
0 0 0 0 0 0 0 0 0 0 0 0 0 0 0 0 0 0 0 0 0 0 0 3 0 120032 119995 0 0 337 0 0 52 79985583 22274862 0 0 0 0 0 42061352 2119 0 0 
0 0 0 0 0 0 0 0 0 0 0 0 0 0 0 0 0 0 0 0 0 0 0 3 120089 0 0 19 0 0 333 52 0 102070260 0 0 0 0 0 42053052 0 0 2094 0 
0 0 0 0 0 0 0 0 0 0 0 0 0 0 0 0 0 0 0 0 0 0 0 3 0 120085 120051 0 0 337 0 0 52 80021291 22284785 0 0 0 0 0 42081889 2119 0 0 
0 0 0 0 0 0 0 0 0 0 0 0 0 0 0 0 0 0 0 0 0 0 0 3 120097 0 0 19 0 0 333 52 0 102099405 0 0 0 0 0 42067583 0 0 2094 0 
0 0 0 0 0 0 0 0 0 0 0 0 0 0 0 0 0 0 0 0 0 0 0 3 0 120093 120059 0 0 337 0 0 52 80044501 22290735 0 0 0 0 0 42096420 2119 0 0 
0 0 0 0 0 0 0 0 0 0 0 0 0 0 0 0 0 0 0 0 0 0 0 3 120153 0 0 19 0 0 333 52 0 102128901 0 0 0 0 0 42081809 0 0 2094 0 
0 0 0 0 0 0 0 0 0 0 0 0 0 0 0 0 0 0 0 0 0 0 0 3 0 120149 120115 0 0 337 0 0 52 80070012 22294735 0 0 0 0 0 42110650 2119 0 0 
0 0 0 0 0 0 0 0 0 0 0 0 0 0 0 0 0 0 0 0 0 0 0 3 120209 0 0 19 0 0 333 52 0 102168759 0 0 0 0 0 42098003 0 0 2094 0 
0 0 0 0 0 0 0 0 0 0 0 0 0 0 0 0 0 0 0 0 0 0 0 3 0 120205 120171 0 0 337 0 0 52 80099980 22304664 0 0 0 0 0 42126842 2119 0 0 
0 0 0 0 0 0 0 0 0 0 0 0 0 0 0 0 0 0 0 0 0 0 0 3 120217 0 0 19 0 0 333 52 0 102195603 0 0 0 0 0 42114795 0 0 2094 0 
0 0 0 0 0 0 0 0 0 0 0 0 0 0 0 0 0 0 0 0 0 0 0 3 0 120213 120179 0 0 337 0 0 52 80121867 22309640 0 0 0 0 0 42143635 2119 0 0 
0 0 0 0 0 0 0 0 0 0 0 0 0 0 0 0 0 0 0 0 0 0 0 3 120273 0 0 19 0 0 333 52 0 102230878 0 0 0 0 0 42130773 0 0 2094 0 
0 0 0 0 0 0 0 0 0 0 0 0 0 0 0 0 0 0 0 0 0 0 0 3 0 120269 120235 0 0 337 0 0 52 80152185 22314611 0 0 0 0 0 42159614 2119 0 0 
0 0 0 0 0 0 0 0 0 0 0 0 0 0 0 0 0 0 0 0 0 0 0 3 120281 0 0 19 0 0 333 52 0 102270581 0 0 0 0 0 42146859 0 0 2094 0 
0 0 0 0 0 0 0 0 0 0 0 0 0 0 0 0 0 0 0 0 0 0 0 3 0 120281 120243 0 0 337 0 0 52 80182762 22323774 0 0 0 0 0 42175701 2119 0 0 
0 0 0 0 0 0 0 0 0 0 0 0 0 0 0 0 0 0 0 0 0 0 0 3 120325 0 0 19 0 0 333 52 0 102286606 0 0 0 0 0 42150977 0 0 2094 0 
0 0 0 0 0 0 0 0 0 0 0 0 0 0 0 0 0 0 0 0 0 0 0 3 0 120325 120287 0 0 337 0 0 52 80188055 22334515 0 0 0 0 0 42179821 2119 0 0 
0 0 0 0 0 0 0 0 0 0 0 0 0 0 0 0 0 0 0 0 0 0 0 3 120325 0 0 19 0 0 333 52 0 102286606 0 0 0 0 0 42150977 0 0 2094 0 
0 0 0 0 0 0 0 0 0 0 0 0 0 0 0 0 0 0 0 0 0 0 0 3 0 120325 120287 0 0 337 0 0 52 80188055 22334515 0 0 0 0 0 42179821 2119 0 0 
0 0 0 0 0 0 0 0 0 0 0 0 0 0 0 0 0 0 0 0 0 0 0 3 120325 0 0 19 0 0 333 52 0 102286606 0 0 0 0 0 42150977 0 0 2094 0 
0 0 0 0 0 0 0 0 0 0 0 0 0 0 0 0 0 0 0 0 0 0 0 3 0 120325 120287 0 0 337 0 0 52 80188055 22334515 0 0 0 0 0 42179821 2119 0 0 
0 0 0 0 0 0 0 0 0 0 0 0 0 0 0 0 0 0 0 0 0 0 0 3 120325 0 0 19 0 0 333 52 0 102286606 0 0 0 0 0 42150977 0 0 2094 0 
0 0 0 0 0 0 0 0 0 0 0 0 0 0 0 0 0 0 0 0 0 0 0 3 0 120325 120287 0 0 337 0 0 52 80188055 22334515 0 0 0 0 0 42179821 2119 0 0 
