0 0 0 0 0 0 0 0 0 0 0 0 0 0 0 0 0 0 0 0 0 0 0 3 0 15903 15903 0 0 106 0 0 22 17167764 0 0 0 0 0 0 7641911 713 0 0 
0 0 0 0 0 0 0 0 0 0 0 0 0 0 0 0 0 0 0 0 0 0 0 3 15902 0 0 7 0 0 107 22 0 3413603 8595725 5158005 0 0 0 7642771 0 0 713 0 
0 0 0 0 0 0 0 0 0 0 0 0 0 0 0 0 0 0 0 0 0 0 0 3 0 15903 15903 0 0 106 0 0 22 17167764 0 0 0 0 0 0 7641911 713 0 0 
0 0 0 0 0 0 0 0 0 0 0 0 0 0 0 0 0 0 0 0 0 0 0 3 15902 0 0 7 0 0 107 22 0 3413603 8595725 5158005 0 0 0 7642771 0 0 713 0 
0 0 0 0 0 0 0 0 0 0 0 0 0 0 0 0 0 0 0 0 0 0 0 3 0 15903 15903 0 0 106 0 0 22 17167764 0 0 0 0 0 0 7641911 713 0 0 
0 0 0 0 0 0 0 0 0 0 0 0 0 0 0 0 0 0 0 0 0 0 0 3 15902 0 0 7 0 0 107 22 0 3413603 8595725 5158005 0 0 0 7642771 0 0 713 0 
0 0 0 0 0 0 0 0 0 0 0 0 0 0 0 0 0 0 0 0 0 0 0 3 0 15903 15903 0 0 106 0 0 22 17167764 0 0 0 0 0 0 7641911 713 0 0 
0 0 0 0 0 0 0 0 0 0 0 0 0 0 0 0 0 0 0 0 0 0 0 3 15902 0 0 7 0 0 107 22 0 3413603 8595725 5158005 0 0 0 7642771 0 0 713 0 
0 0 0 0 0 0 0 0 0 0 0 0 0 0 0 0 0 0 0 0 0 0 0 3 0 15903 15903 0 0 106 0 0 22 17167764 0 0 0 0 0 0 7641911 713 0 0 
0 0 0 0 0 0 0 0 0 0 0 0 0 0 0 0 0 0 0 0 0 0 0 3 15902 0 0 7 0 0 107 22 0 3413603 8595725 5158005 0 0 0 7642771 0 0 713 0 
0 0 0 0 0 0 0 0 0 0 0 0 0 0 0 0 0 0 0 0 0 0 0 3 0 15903 15903 0 0 106 0 0 22 17167764 0 0 0 0 0 0 7641911 713 0 0 
0 0 0 0 0 0 0 0 0 0 0 0 0 0 0 0 0 0 0 0 0 0 0 3 15902 0 0 7 0 0 107 22 0 3413603 8595725 5158005 0 0 0 7642771 0 0 713 0 
0 0 0 0 0 0 0 0 0 0 0 0 0 0 0 0 0 0 0 0 0 0 0 3 0 15903 15903 0 0 106 0 0 22 17167764 0 0 0 0 0 0 7641911 713 0 0 
0 0 0 0 0 0 0 0 0 0 0 0 0 0 0 0 0 0 0 0 0 0 0 3 15902 0 0 7 0 0 107 22 0 3413603 8595725 5158005 0 0 0 7642771 0 0 713 0 
0 0 0 0 0 0 0 0 0 0 0 0 0 0 0 0 0 0 0 0 0 0 0 3 0 15903 15903 0 0 106 0 0 22 17167764 0 0 0 0 0 0 7641911 713 0 0 
0 0 0 0 0 0 0 0 0 0 0 0 0 0 0 0 0 0 0 0 0 0 0 3 15902 0 0 7 0 0 107 22 0 3413603 8595725 5158005 0 0 0 7642771 0 0 713 0 
0 0 0 0 0 0 0 0 0 0 0 0 0 0 0 0 0 0 0 0 0 0 0 3 0 15903 15903 0 0 106 0 0 22 17167764 0 0 0 0 0 0 7641911 713 0 0 
0 0 0 0 0 0 0 0 0 0 0 0 0 0 0 0 0 0 0 0 0 0 0 3 15902 0 0 7 0 0 107 22 0 3413603 8595725 5158005 0 0 0 7642771 0 0 713 0 
0 0 0 0 0 0 0 0 0 0 0 0 0 0 0 0 0 0 0 0 0 0 0 3 0 15903 15903 0 0 106 0 0 22 17167764 0 0 0 0 0 0 7641911 713 0 0 
0 0 0 0 0 0 0 0 0 0 0 0 0 0 0 0 0 0 0 0 0 0 0 3 15902 0 0 7 0 0 107 22 0 3413603 8595725 5158005 0 0 0 7642771 0 0 713 0 
0 0 0 0 0 0 0 0 0 0 0 0 0 0 0 0 0 0 0 0 0 0 0 3 0 15903 15903 0 0 106 0 0 22 17167764 0 0 0 0 0 0 7641911 713 0 0 
0 0 0 0 0 0 0 0 0 0 0 0 0 0 0 0 0 0 0 0 0 0 0 3 15902 0 0 7 0 0 107 22 0 3413603 8595725 5158005 0 0 0 7642771 0 0 713 0 
0 0 0 0 0 0 0 0 0 0 0 0 0 0 0 0 0 0 0 0 0 0 0 3 0 15903 15903 0 0 106 0 0 22 17167764 0 0 0 0 0 0 7641911 713 0 0 
0 0 0 0 0 0 0 0 0 0 0 0 0 0 0 0 0 0 0 0 0 0 0 3 15902 0 0 7 0 0 107 22 0 3413603 8595725 5158005 0 0 0 7642771 0 0 713 0 
0 0 0 0 0 0 0 0 0 0 0 0 0 0 0 0 0 0 0 0 0 0 0 3 0 15903 15903 0 0 106 0 0 22 17167764 0 0 0 0 0 0 7641911 713 0 0 
0 0 0 0 0 0 0 0 0 0 0 0 0 0 0 0 0 0 0 0 0 0 0 3 15902 0 0 7 0 0 107 22 0 3413603 8595725 5158005 0 0 0 7642771 0 0 713 0 
0 0 0 0 0 0 0 0 0 0 0 0 0 0 0 0 0 0 0 0 0 0 0 3 0 15903 15903 0 0 106 0 0 22 17167764 0 0 0 0 0 0 7641911 713 0 0 
0 0 0 0 0 0 0 0 0 0 0 0 0 0 0 0 0 0 0 0 0 0 0 3 15902 0 0 7 0 0 107 22 0 3413603 8595725 5158005 0 0 0 7642771 0 0 713 0 
0 0 0 0 0 0 0 0 0 0 0 0 0 0 0 0 0 0 0 0 0 0 0 3 0 15903 15903 0 0 106 0 0 22 17167764 0 0 0 0 0 0 7641911 713 0 0 
0 0 0 0 0 0 0 0 0 0 0 0 0 0 0 0 0 0 0 0 0 0 0 3 15902 0 0 7 0 0 107 22 0 3413603 8595725 5158005 0 0 0 7642771 0 0 713 0 
0 0 0 0 0 0 0 0 0 0 0 0 0 0 0 0 0 0 0 0 0 0 0 3 0 15903 15903 0 0 106 0 0 22 17167764 0 0 0 0 0 0 7641911 713 0 0 
0 0 0 0 0 0 0 0 0 0 0 0 0 0 0 0 0 0 0 0 0 0 0 3 15902 0 0 7 0 0 107 22 0 3413603 8595725 5158005 0 0 0 7642771 0 0 713 0 
====>
0 0 0 0 0 0 0 0 0 0 0 0 0 0 0 0 0 0 0 0 0 0 0 3 0 15943 15943 0 0 112 0 0 22 17180665 0 0 0 0 0 0 7642258 713 0 0 
0 0 0 0 0 0 0 0 0 0 0 0 0 0 0 0 0 0 0 0 0 0 0 3 15942 0 0 7 0 0 113 22 0 3414206 8607579 5158450 0 0 0 7643118 0 0 713 0 
0 0 0 0 0 0 0 0 0 0 0 0 0 0 0 0 0 0 0 0 0 0 0 3 0 15959 15959 0 0 113 0 0 22 17201576 0 0 0 0 0 0 7650265 713 0 0 
0 0 0 0 0 0 0 0 0 0 0 0 0 0 0 0 0 0 0 0 0 0 0 3 15958 0 0 7 0 0 114 22 0 3417298 8618239 5165621 0 0 0 7651125 0 0 713 0 
0 0 0 0 0 0 0 0 0 0 0 0 0 0 0 0 0 0 0 0 0 0 0 3 0 16015 16019 0 0 113 0 0 22 17226760 0 0 0 0 0 0 7659384 713 0 0 
0 0 0 0 0 0 0 0 0 0 0 0 0 0 0 0 0 0 0 0 0 0 0 3 16018 0 0 7 0 0 114 22 0 3423663 8628005 5174673 0 0 0 7660245 0 0 713 0 
0 0 0 0 0 0 0 0 0 0 0 0 0 0 0 0 0 0 0 0 0 0 0 3 0 16071 16075 0 0 113 0 0 22 17254975 0 0 0 0 0 0 7671479 713 0 0 
0 0 0 0 0 0 0 0 0 0 0 0 0 0 0 0 0 0 0 0 0 0 0 3 16074 0 0 7 0 0 114 22 0 3428905 8639455 5186197 0 0 0 7672341 0 0 713 0 
0 0 0 0 0 0 0 0 0 0 0 0 0 0 0 0 0 0 0 0 0 0 0 3 0 16127 16131 0 0 113 0 0 22 17287089 0 0 0 0 0 0 7683994 713 0 0 
0 0 0 0 0 0 0 0 0 0 0 0 0 0 0 0 0 0 0 0 0 0 0 3 16130 0 0 7 0 0 114 22 0 3436670 8652055 5197951 0 0 0 7684855 0 0 713 0 
0 0 0 0 0 0 0 0 0 0 0 0 0 0 0 0 0 0 0 0 0 0 0 3 0 16171 16175 0 0 113 0 0 22 17315853 0 0 0 0 0 0 7695335 713 0 0 
0 0 0 0 0 0 0 0 0 0 0 0 0 0 0 0 0 0 0 0 0 0 0 3 16174 0 0 7 0 0 114 22 0 3443531 8663126 5208770 0 0 0 7696199 0 0 713 0 
0 0 0 0 0 0 0 0 0 0 0 0 0 0 0 0 0 0 0 0 0 0 0 3 0 16199 16199 0 0 113 0 0 22 17338990 0 0 0 0 0 0 7703171 713 0 0 
0 0 0 0 0 0 0 0 0 0 0 0 0 0 0 0 0 0 0 0 0 0 0 3 16198 0 0 7 0 0 114 22 0 3448593 8673927 5216044 0 0 0 7704034 0 0 713 0 
0 0 0 0 0 0 0 0 0 0 0 0 0 0 0 0 0 0 0 0 0 0 0 3 0 16255 16259 0 0 113 0 0 22 17363774 0 0 0 0 0 0 7714942 713 0 0 
0 0 0 0 0 0 0 0 0 0 0 0 0 0 0 0 0 0 0 0 0 0 0 3 16258 0 0 7 0 0 114 22 0 3454380 8683607 5225360 0 0 0 7715809 0 0 713 0 
0 0 0 0 0 0 0 0 0 0 0 0 0 0 0 0 0 0 0 0 0 0 0 3 0 16311 16315 0 0 113 0 0 22 17390868 0 0 0 0 0 0 7726254 713 0 0 
0 0 0 0 0 0 0 0 0 0 0 0 0 0 0 0 0 0 0 0 0 0 0 3 16314 0 0 7 0 0 114 22 0 3459842 8694566 5236031 0 0 0 7727121 0 0 713 0 
0 0 0 0 0 0 0 0 0 0 0 0 0 0 0 0 0 0 0 0 0 0 0 3 0 16367 16371 0 0 113 0 0 22 17422557 0 0 0 0 0 0 7738918 713 0 0 
0 0 0 0 0 0 0 0 0 0 0 0 0 0 0 0 0 0 0 0 0 0 0 3 16370 0 0 7 0 0 114 22 0 3467504 8707316 5247304 0 0 0 7739789 0 0 713 0 
0 0 0 0 0 0 0 0 0 0 0 0 0 0 0 0 0 0 0 0 0 0 0 3 0 16399 16399 0 0 113 0 0 22 17451448 0 0 0 0 0 0 7750886 713 0 0 
0 0 0 0 0 0 0 0 0 0 0 0 0 0 0 0 0 0 0 0 0 0 0 3 16398 0 0 7 0 0 114 22 0 3474095 8718630 5258289 0 0 0 7751760 0 0 713 0 
0 0 0 0 0 0 0 0 0 0 0 0 0 0 0 0 0 0 0 0 0 0 0 3 0 16435 16439 0 0 113 0 0 22 17473594 0 0 0 0 0 0 7758314 713 0 0 
0 0 0 0 0 0 0 0 0 0 0 0 0 0 0 0 0 0 0 0 0 0 0 3 16438 0 0 7 0 0 114 22 0 3478735 8728451 5265973 0 0 0 7759188 0 0 713 0 
0 0 0 0 0 0 0 0 0 0 0 0 0 0 0 0 0 0 0 0 0 0 0 3 0 16495 16499 0 0 113 0 0 22 17501112 0 0 0 0 0 0 7770090 713 0 0 
0 0 0 0 0 0 0 0 0 0 0 0 0 0 0 0 0 0 0 0 0 0 0 3 16498 0 0 7 0 0 114 22 0 3485294 8739191 5276191 0 0 0 7770969 0 0 713 0 
0 0 0 0 0 0 0 0 0 0 0 0 0 0 0 0 0 0 0 0 0 0 0 3 0 16551 16555 0 0 113 0 0 22 17527406 0 0 0 0 0 0 7781086 713 0 0 
0 0 0 0 0 0 0 0 0 0 0 0 0 0 0 0 0 0 0 0 0 0 0 3 16554 0 0 7 0 0 114 22 0 3490707 8749736 5286524 0 0 0 7781966 0 0 713 0 
0 0 0 0 0 0 0 0 0 0 0 0 0 0 0 0 0 0 0 0 0 0 0 3 0 16607 16611 0 0 113 0 0 22 17558720 0 0 0 0 0 0 7793129 713 0 0 
0 0 0 0 0 0 0 0 0 0 0 0 0 0 0 0 0 0 0 0 0 0 0 3 16610 0 0 7 0 0 114 22 0 3498421 8761863 5297995 0 0 0 7794009 0 0 713 0 
0 0 0 0 0 0 0 0 0 0 0 0 0 0 0 0 0 0 0 0 0 0 0 3 0 16631 16631 0 0 113 0 0 22 17586582 0 0 0 0 0 0 7804508 713 0 0 
0 0 0 0 0 0 0 0 0 0 0 0 0 0 0 0 0 0 0 0 0 0 0 3 16630 0 0 7 0 0 114 22 0 3504774 8772515 5308851 0 0 0 7805389 0 0 713 0 
0 0 0 0 0 0 0 0 0 0 0 0 0 0 0 0 0 0 0 0 0 0 0 3 0 16675 16679 0 0 113 0 0 22 17607445 0 0 0 0 0 0 7811977 713 0 0 
0 0 0 0 0 0 0 0 0 0 0 0 0 0 0 0 0 0 0 0 0 0 0 3 16678 0 0 7 0 0 114 22 0 3509236 8781945 5315819 0 0 0 7812858 0 0 713 0 
0 0 0 0 0 0 0 0 0 0 0 0 0 0 0 0 0 0 0 0 0 0 0 3 0 16735 16735 0 0 113 0 0 22 17629402 0 0 0 0 0 0 7820992 713 0 0 
0 0 0 0 0 0 0 0 0 0 0 0 0 0 0 0 0 0 0 0 0 0 0 3 16734 0 0 7 0 0 114 22 0 3513917 8789890 5325155 0 0 0 7821875 0 0 713 0 
0 0 0 0 0 0 0 0 0 0 0 0 0 0 0 0 0 0 0 0 0 0 0 3 0 16791 16791 0 0 113 0 0 22 17660628 0 0 0 0 0 0 7833312 713 0 0 
0 0 0 0 0 0 0 0 0 0 0 0 0 0 0 0 0 0 0 0 0 0 0 3 16790 0 0 7 0 0 114 22 0 3521576 8802296 5336313 0 0 0 7834196 0 0 713 0 
0 0 0 0 0 0 0 0 0 0 0 0 0 0 0 0 0 0 0 0 0 0 0 3 0 16847 16851 0 0 113 0 0 22 17692561 0 0 0 0 0 0 7845919 713 0 0 
0 0 0 0 0 0 0 0 0 0 0 0 0 0 0 0 0 0 0 0 0 0 0 3 16850 0 0 7 0 0 114 22 0 3529306 8814989 5347812 0 0 0 7846805 0 0 713 0 
0 0 0 0 0 0 0 0 0 0 0 0 0 0 0 0 0 0 0 0 0 0 0 3 0 16859 16859 0 0 113 0 0 22 17714603 0 0 0 0 0 0 7854005 713 0 0 
0 0 0 0 0 0 0 0 0 0 0 0 0 0 0 0 0 0 0 0 0 0 0 3 16858 0 0 7 0 0 114 22 0 3533546 8825663 5354942 0 0 0 7854891 0 0 713 0 
0 0 0 0 0 0 0 0 0 0 0 0 0 0 0 0 0 0 0 0 0 0 0 3 0 16915 16919 0 0 113 0 0 22 17740143 0 0 0 0 0 0 7865327 713 0 0 
0 0 0 0 0 0 0 0 0 0 0 0 0 0 0 0 0 0 0 0 0 0 0 3 16918 0 0 7 0 0 114 22 0 3539369 8835157 5365160 0 0 0 7866215 0 0 713 0 
0 0 0 0 0 0 0 0 0 0 0 0 0 0 0 0 0 0 0 0 0 0 0 3 0 16974 16975 0 0 113 0 0 22 17765548 0 0 0 0 0 0 7875679 713 0 0 
0 0 0 0 0 0 0 0 0 0 0 0 0 0 0 0 0 0 0 0 0 0 0 3 16974 0 0 7 0 0 114 22 0 3544717 8844914 5375458 0 0 0 7876569 0 0 713 0 
0 0 0 0 0 0 0 0 0 0 0 0 0 0 0 0 0 0 0 0 0 0 0 3 0 17031 17031 0 0 113 0 0 22 17795980 0 0 0 0 0 0 7887271 713 0 0 
0 0 0 0 0 0 0 0 0 0 0 0 0 0 0 0 0 0 0 0 0 0 0 3 17030 0 0 7 0 0 114 22 0 3552303 8856588 5386621 0 0 0 7888162 0 0 713 0 
0 0 0 0 0 0 0 0 0 0 0 0 0 0 0 0 0 0 0 0 0 0 0 3 0 17087 17091 0 0 113 0 0 22 17827120 0 0 0 0 0 0 7899183 713 0 0 
0 0 0 0 0 0 0 0 0 0 0 0 0 0 0 0 0 0 0 0 0 0 0 3 17090 0 0 7 0 0 114 22 0 3559983 8868589 5398073 0 0 0 7900077 0 0 713 0 
0 0 0 0 0 0 0 0 0 0 0 0 0 0 0 0 0 0 0 0 0 0 0 3 0 17095 17099 0 0 113 0 0 22 17847154 0 0 0 0 0 0 7908029 713 0 0 
0 0 0 0 0 0 0 0 0 0 0 0 0 0 0 0 0 0 0 0 0 0 0 3 17098 0 0 7 0 0 114 22 0 3563432 8879001 5404247 0 0 0 7908923 0 0 713 0 
0 0 0 0 0 0 0 0 0 0 0 0 0 0 0 0 0 0 0 0 0 0 0 3 0 17155 17159 0 0 113 0 0 22 17870570 0 0 0 0 0 0 7918310 713 0 0 
0 0 0 0 0 0 0 0 0 0 0 0 0 0 0 0 0 0 0 0 0 0 0 3 17158 0 0 7 0 0 114 22 0 3568583 8888453 5413054 0 0 0 7919204 0 0 713 0 
0 0 0 0 0 0 0 0 0 0 0 0 0 0 0 0 0 0 0 0 0 0 0 3 0 17211 17211 0 0 113 0 0 22 17900522 0 0 0 0 0 0 7930689 713 0 0 
0 0 0 0 0 0 0 0 0 0 0 0 0 0 0 0 0 0 0 0 0 0 0 3 17210 0 0 7 0 0 114 22 0 3575390 8900257 5424388 0 0 0 7931584 0 0 713 0 
0 0 0 0 0 0 0 0 0 0 0 0 0 0 0 0 0 0 0 0 0 0 0 3 0 17254 17255 0 0 113 0 0 22 17930417 0 0 0 0 0 0 7942418 713 0 0 
0 0 0 0 0 0 0 0 0 0 0 0 0 0 0 0 0 0 0 0 0 0 0 3 17254 0 0 7 0 0 114 22 0 3582704 8911948 5435274 0 0 0 7943317 0 0 713 0 
0 0 0 0 0 0 0 0 0 0 0 0 0 0 0 0 0 0 0 0 0 0 0 3 0 17279 17279 0 0 113 0 0 22 17952626 0 0 0 0 0 0 7950034 713 0 0 
0 0 0 0 0 0 0 0 0 0 0 0 0 0 0 0 0 0 0 0 0 0 0 3 17278 0 0 7 0 0 114 22 0 3587189 8922319 5442626 0 0 0 7950933 0 0 713 0 
0 0 0 0 0 0 0 0 0 0 0 0 0 0 0 0 0 0 0 0 0 0 0 3 0 17335 17339 0 0 113 0 0 22 17974479 0 0 0 0 0 0 7959665 713 0 0 
0 0 0 0 0 0 0 0 0 0 0 0 0 0 0 0 0 0 0 0 0 0 0 3 17338 0 0 7 0 0 114 22 0 3592268 8930134 5451579 0 0 0 7960566 0 0 713 0 
0 0 0 0 0 0 0 0 0 0 0 0 0 0 0 0 0 0 0 0 0 0 0 3 0 17391 17395 0 0 113 0 0 22 18003205 0 0 0 0 0 0 7971479 713 0 0 
0 0 0 0 0 0 0 0 0 0 0 0 0 0 0 0 0 0 0 0 0 0 0 3 17394 0 0 7 0 0 114 22 0 3598464 8941299 5462941 0 0 0 7972380 0 0 713 0 
0 0 0 0 0 0 0 0 0 0 0 0 0 0 0 0 0 0 0 0 0 0 0 3 0 17447 17451 0 0 113 0 0 22 18034292 0 0 0 0 0 0 7983538 713 0 0 
0 0 0 0 0 0 0 0 0 0 0 0 0 0 0 0 0 0 0 0 0 0 0 3 17450 0 0 7 0 0 114 22 0 3606132 8953441 5474214 0 0 0 7984438 0 0 713 0 
0 0 0 0 0 0 0 0 0 0 0 0 0 0 0 0 0 0 0 0 0 0 0 3 0 17473 17475 0 0 113 0 0 22 18063680 0 0 0 0 0 0 7995936 713 0 0 
0 0 0 0 0 0 0 0 0 0 0 0 0 0 0 0 0 0 0 0 0 0 0 3 17474 0 0 7 0 0 114 22 0 3612774 8964963 5485437 0 0 0 7996838 0 0 713 0 
0 0 0 0 0 0 0 0 0 0 0 0 0 0 0 0 0 0 0 0 0 0 0 3 0 17515 17519 0 0 113 0 0 22 18081918 0 0 0 0 0 0 8002716 713 0 0 
0 0 0 0 0 0 0 0 0 0 0 0 0 0 0 0 0 0 0 0 0 0 0 3 17518 0 0 7 0 0 114 22 0 3616325 8973453 5491634 0 0 0 8003619 0 0 713 0 
0 0 0 0 0 0 0 0 0 0 0 0 0 0 0 0 0 0 0 0 0 0 0 3 0 17575 17575 0 0 113 0 0 22 18106396 0 0 0 0 0 0 8012534 713 0 0 
0 0 0 0 0 0 0 0 0 0 0 0 0 0 0 0 0 0 0 0 0 0 0 3 17574 0 0 7 0 0 114 22 0 3621537 8982604 5501744 0 0 0 8013439 0 0 713 0 
0 0 0 0 0 0 0 0 0 0 0 0 0 0 0 0 0 0 0 0 0 0 0 3 0 17631 17631 0 0 113 0 0 22 18137560 0 0 0 0 0 0 8024704 713 0 0 
0 0 0 0 0 0 0 0 0 0 0 0 0 0 0 0 0 0 0 0 0 0 0 3 17630 0 0 7 0 0 114 22 0 3629249 8994857 5512937 0 0 0 8025611 0 0 713 0 
0 0 0 0 0 0 0 0 0 0 0 0 0 0 0 0 0 0 0 0 0 0 0 3 0 17687 17691 0 0 113 0 0 22 18168629 0 0 0 0 0 0 8036752 713 0 0 
0 0 0 0 0 0 0 0 0 0 0 0 0 0 0 0 0 0 0 0 0 0 0 3 17690 0 0 7 0 0 114 22 0 3636923 9006993 5524195 0 0 0 8037662 0 0 713 0 
0 0 0 0 0 0 0 0 0 0 0 0 0 0 0 0 0 0 0 0 0 0 0 3 0 17699 17699 0 0 113 0 0 22 18190027 0 0 0 0 0 0 8044398 713 0 0 
0 0 0 0 0 0 0 0 0 0 0 0 0 0 0 0 0 0 0 0 0 0 0 3 17698 0 0 7 0 0 114 22 0 3641160 9017245 5531107 0 0 0 8045309 0 0 713 0 
0 0 0 0 0 0 0 0 0 0 0 0 0 0 0 0 0 0 0 0 0 0 0 3 0 17755 17759 0 0 113 0 0 22 18215585 0 0 0 0 0 0 8055753 713 0 0 
0 0 0 0 0 0 0 0 0 0 0 0 0 0 0 0 0 0 0 0 0 0 0 3 17758 0 0 7 0 0 114 22 0 3647193 9026651 5541225 0 0 0 8056663 0 0 713 0 
0 0 0 0 0 0 0 0 0 0 0 0 0 0 0 0 0 0 0 0 0 0 0 3 0 17811 17815 0 0 113 0 0 22 18241559 0 0 0 0 0 0 8066565 713 0 0 
0 0 0 0 0 0 0 0 0 0 0 0 0 0 0 0 0 0 0 0 0 0 0 3 17814 0 0 7 0 0 114 22 0 3652404 9036973 5551668 0 0 0 8067478 0 0 713 0 
0 0 0 0 0 0 0 0 0 0 0 0 0 0 0 0 0 0 0 0 0 0 0 3 0 17867 17871 0 0 113 0 0 22 18272458 0 0 0 0 0 0 8078390 713 0 0 
0 0 0 0 0 0 0 0 0 0 0 0 0 0 0 0 0 0 0 0 0 0 0 3 17870 0 0 7 0 0 114 22 0 3660113 9048883 5562940 0 0 0 8079306 0 0 713 0 
0 0 0 0 0 0 0 0 0 0 0 0 0 0 0 0 0 0 0 0 0 0 0 3 0 17914 17915 0 0 113 0 0 22 18302621 0 0 0 0 0 0 8089797 713 0 0 
0 0 0 0 0 0 0 0 0 0 0 0 0 0 0 0 0 0 0 0 0 0 0 3 17914 0 0 7 0 0 114 22 0 3667582 9060233 5574283 0 0 0 8090715 0 0 713 0 
0 0 0 0 0 0 0 0 0 0 0 0 0 0 0 0 0 0 0 0 0 0 0 3 0 17939 17939 0 0 113 0 0 22 18324371 0 0 0 0 0 0 8097082 713 0 0 
0 0 0 0 0 0 0 0 0 0 0 0 0 0 0 0 0 0 0 0 0 0 0 3 17938 0 0 7 0 0 114 22 0 3672223 9070231 5581394 0 0 0 8098000 0 0 713 0 
0 0 0 0 0 0 0 0 0 0 0 0 0 0 0 0 0 0 0 0 0 0 0 3 0 17995 17999 0 0 113 0 0 22 18350919 0 0 0 0 0 0 8109361 713 0 0 
0 0 0 0 0 0 0 0 0 0 0 0 0 0 0 0 0 0 0 0 0 0 0 3 17998 0 0 7 0 0 114 22 0 3678052 9080604 5591744 0 0 0 8110286 0 0 713 0 
0 0 0 0 0 0 0 0 0 0 0 0 0 0 0 0 0 0 0 0 0 0 0 3 0 18051 18055 0 0 113 0 0 22 18377120 0 0 0 0 0 0 8121270 713 0 0 
0 0 0 0 0 0 0 0 0 0 0 0 0 0 0 0 0 0 0 0 0 0 0 3 18054 0 0 7 0 0 114 22 0 3683353 9092020 5601228 0 0 0 8122197 0 0 713 0 
0 0 0 0 0 0 0 0 0 0 0 0 0 0 0 0 0 0 0 0 0 0 0 3 0 18107 18110 0 0 113 0 0 22 18408597 0 0 0 0 0 0 8133308 713 0 0 
0 0 0 0 0 0 0 0 0 0 0 0 0 0 0 0 0 0 0 0 0 0 0 3 18110 0 0 7 0 0 114 22 0 3691078 9104142 5612855 0 0 0 8134234 0 0 713 0 
0 0 0 0 0 0 0 0 0 0 0 0 0 0 0 0 0 0 0 0 0 0 0 3 0 18151 18150 0 0 113 0 0 22 18437418 0 0 0 0 0 0 8144662 713 0 0 
0 0 0 0 0 0 0 0 0 0 0 0 0 0 0 0 0 0 0 0 0 0 0 3 18150 0 0 7 0 0 114 22 0 3697986 9115218 5623687 0 0 0 8145587 0 0 713 0 
0 0 0 0 0 0 0 0 0 0 0 0 0 0 0 0 0 0 0 0 0 0 0 3 0 18175 18178 0 0 113 0 0 22 18458368 0 0 0 0 0 0 8151935 713 0 0 
0 0 0 0 0 0 0 0 0 0 0 0 0 0 0 0 0 0 0 0 0 0 0 3 18178 0 0 7 0 0 114 22 0 3702528 9124546 5630770 0 0 0 8152860 0 0 713 0 
0 0 0 0 0 0 0 0 0 0 0 0 0 0 0 0 0 0 0 0 0 0 0 3 0 18235 18238 0 0 113 0 0 22 18484753 0 0 0 0 0 0 8163300 713 0 0 
0 0 0 0 0 0 0 0 0 0 0 0 0 0 0 0 0 0 0 0 0 0 0 3 18238 0 0 7 0 0 114 22 0 3708634 9134907 5640688 0 0 0 8164228 0 0 713 0 
0 0 0 0 0 0 0 0 0 0 0 0 0 0 0 0 0 0 0 0 0 0 0 3 0 18291 18294 0 0 113 0 0 22 18511909 0 0 0 0 0 0 8174761 713 0 0 
0 0 0 0 0 0 0 0 0 0 0 0 0 0 0 0 0 0 0 0 0 0 0 3 18294 0 0 7 0 0 114 22 0 3714161 9145841 5651388 0 0 0 8175690 0 0 713 0 
0 0 0 0 0 0 0 0 0 0 0 0 0 0 0 0 0 0 0 0 0 0 0 3 0 18347 18350 0 0 113 0 0 22 18542257 0 0 0 0 0 0 8186705 713 0 0 
0 0 0 0 0 0 0 0 0 0 0 0 0 0 0 0 0 0 0 0 0 0 0 3 18350 0 0 7 0 0 114 22 0 3721831 9157874 5662032 0 0 0 8187639 0 0 713 0 
0 0 0 0 0 0 0 0 0 0 0 0 0 0 0 0 0 0 0 0 0 0 0 3 0 18363 18362 0 0 113 0 0 22 18568419 0 0 0 0 0 0 8195967 713 0 0 
0 0 0 0 0 0 0 0 0 0 0 0 0 0 0 0 0 0 0 0 0 0 0 3 18362 0 0 7 0 0 114 22 0 3727984 9169271 5670651 0 0 0 8196901 0 0 713 0 
0 0 0 0 0 0 0 0 0 0 0 0 0 0 0 0 0 0 0 0 0 0 0 3 0 18415 18417 0 0 113 0 0 22 18589836 0 0 0 0 0 0 8205824 713 0 0 
0 0 0 0 0 0 0 0 0 0 0 0 0 0 0 0 0 0 0 0 0 0 0 3 18418 0 0 7 0 0 114 22 0 3732060 9177841 5679423 0 0 0 8206761 0 0 713 0 
0 0 0 0 0 0 0 0 0 0 0 0 0 0 0 0 0 0 0 0 0 0 0 3 0 18471 18473 0 0 113 0 0 22 18613056 0 0 0 0 0 0 8215009 713 0 0 
0 0 0 0 0 0 0 0 0 0 0 0 0 0 0 0 0 0 0 0 0 0 0 3 18474 0 0 7 0 0 114 22 0 3737218 9186346 5688980 0 0 0 8215947 0 0 713 0 
0 0 0 0 0 0 0 0 0 0 0 0 0 0 0 0 0 0 0 0 0 0 0 3 0 18529 18529 0 0 113 0 0 22 18644030 0 0 0 0 0 0 8227082 713 0 0 
0 0 0 0 0 0 0 0 0 0 0 0 0 0 0 0 0 0 0 0 0 0 0 3 18530 0 0 7 0 0 114 22 0 3744919 9198500 5700088 0 0 0 8228019 0 0 713 0 
0 0 0 0 0 0 0 0 0 0 0 0 0 0 0 0 0 0 0 0 0 0 0 3 0 18574 18573 0 0 113 0 0 22 18674929 0 0 0 0 0 0 8239644 713 0 0 
0 0 0 0 0 0 0 0 0 0 0 0 0 0 0 0 0 0 0 0 0 0 0 3 18574 0 0 7 0 0 114 22 0 3752229 9210921 5711252 0 0 0 8240581 0 0 713 0 
0 0 0 0 0 0 0 0 0 0 0 0 0 0 0 0 0 0 0 0 0 0 0 3 0 18595 18597 0 0 113 0 0 22 18695031 0 0 0 0 0 0 8247325 713 0 0 
0 0 0 0 0 0 0 0 0 0 0 0 0 0 0 0 0 0 0 0 0 0 0 3 18598 0 0 7 0 0 114 22 0 3756052 9220581 5717875 0 0 0 8248263 0 0 713 0 
0 0 0 0 0 0 0 0 0 0 0 0 0 0 0 0 0 0 0 0 0 0 0 3 0 18655 18657 0 0 113 0 0 22 18716976 0 0 0 0 0 0 8256376 713 0 0 
0 0 0 0 0 0 0 0 0 0 0 0 0 0 0 0 0 0 0 0 0 0 0 3 18658 0 0 7 0 0 114 22 0 3761240 9228762 5726451 0 0 0 8257316 0 0 713 0 
0 0 0 0 0 0 0 0 0 0 0 0 0 0 0 0 0 0 0 0 0 0 0 3 0 18711 18713 0 0 113 0 0 22 18744861 0 0 0 0 0 0 8267457 713 0 0 
0 0 0 0 0 0 0 0 0 0 0 0 0 0 0 0 0 0 0 0 0 0 0 3 18714 0 0 7 0 0 114 22 0 3767987 9239131 5737217 0 0 0 8268400 0 0 713 0 
0 0 0 0 0 0 0 0 0 0 0 0 0 0 0 0 0 0 0 0 0 0 0 3 0 18767 18769 0 0 113 0 0 22 18776914 0 0 0 0 0 0 8280199 713 0 0 
0 0 0 0 0 0 0 0 0 0 0 0 0 0 0 0 0 0 0 0 0 0 0 3 18770 0 0 7 0 0 114 22 0 3775665 9251957 5748766 0 0 0 8281144 0 0 713 0 
0 0 0 0 0 0 0 0 0 0 0 0 0 0 0 0 0 0 0 0 0 0 0 3 0 18779 18777 0 0 113 0 0 22 18798208 0 0 0 0 0 0 8287012 713 0 0 
0 0 0 0 0 0 0 0 0 0 0 0 0 0 0 0 0 0 0 0 0 0 0 3 18778 0 0 7 0 0 114 22 0 3779886 9261373 5756423 0 0 0 8287956 0 0 713 0 
0 0 0 0 0 0 0 0 0 0 0 0 0 0 0 0 0 0 0 0 0 0 0 3 0 18835 18837 0 0 113 0 0 22 18822997 0 0 0 0 0 0 8298145 713 0 0 
0 0 0 0 0 0 0 0 0 0 0 0 0 0 0 0 0 0 0 0 0 0 0 3 18838 0 0 7 0 0 114 22 0 3785634 9270559 5766281 0 0 0 8299091 0 0 713 0 
0 0 0 0 0 0 0 0 0 0 0 0 0 0 0 0 0 0 0 0 0 0 0 3 0 18891 18893 0 0 113 0 0 22 18850815 0 0 0 0 0 0 8310509 713 0 0 
0 0 0 0 0 0 0 0 0 0 0 0 0 0 0 0 0 0 0 0 0 0 0 3 18894 0 0 7 0 0 114 22 0 3791073 9282432 5776786 0 0 0 8311457 0 0 713 0 
0 0 0 0 0 0 0 0 0 0 0 0 0 0 0 0 0 0 0 0 0 0 0 3 0 18947 18949 0 0 113 0 0 22 18883569 0 0 0 0 0 0 8323524 713 0 0 
0 0 0 0 0 0 0 0 0 0 0 0 0 0 0 0 0 0 0 0 0 0 0 3 18950 0 0 7 0 0 114 22 0 3798793 9295533 5788722 0 0 0 8324473 0 0 713 0 
0 0 0 0 0 0 0 0 0 0 0 0 0 0 0 0 0 0 0 0 0 0 0 3 0 18991 18992 0 0 113 0 0 22 18912925 0 0 0 0 0 0 8335258 713 0 0 
0 0 0 0 0 0 0 0 0 0 0 0 0 0 0 0 0 0 0 0 0 0 0 3 18994 0 0 7 0 0 114 22 0 3805748 9306995 5799661 0 0 0 8336210 0 0 713 0 
0 0 0 0 0 0 0 0 0 0 0 0 0 0 0 0 0 0 0 0 0 0 0 3 0 19017 19017 0 0 113 0 0 22 18935413 0 0 0 0 0 0 8342681 713 0 0 
0 0 0 0 0 0 0 0 0 0 0 0 0 0 0 0 0 0 0 0 0 0 0 3 19018 0 0 7 0 0 114 22 0 3810661 9317382 5806851 0 0 0 8343634 0 0 713 0 
0 0 0 0 0 0 0 0 0 0 0 0 0 0 0 0 0 0 0 0 0 0 0 3 0 19075 19077 0 0 113 0 0 22 18959107 0 0 0 0 0 0 8353079 713 0 0 
0 0 0 0 0 0 0 0 0 0 0 0 0 0 0 0 0 0 0 0 0 0 0 3 19078 0 0 7 0 0 114 22 0 3816217 9325873 5816490 0 0 0 8354034 0 0 713 0 
0 0 0 0 0 0 0 0 0 0 0 0 0 0 0 0 0 0 0 0 0 0 0 3 0 19131 19133 0 0 113 0 0 22 18985687 0 0 0 0 0 0 8363820 713 0 0 
0 0 0 0 0 0 0 0 0 0 0 0 0 0 0 0 0 0 0 0 0 0 0 3 19134 0 0 7 0 0 114 22 0 3821967 9336080 5827109 0 0 0 8364776 0 0 713 0 
0 0 0 0 0 0 0 0 0 0 0 0 0 0 0 0 0 0 0 0 0 0 0 3 0 19187 19189 0 0 113 0 0 22 19016222 0 0 0 0 0 0 8375873 713 0 0 
0 0 0 0 0 0 0 0 0 0 0 0 0 0 0 0 0 0 0 0 0 0 0 3 19190 0 0 7 0 0 114 22 0 3829557 9348217 5837912 0 0 0 8376830 0 0 713 0 
0 0 0 0 0 0 0 0 0 0 0 0 0 0 0 0 0 0 0 0 0 0 0 3 0 19199 19197 0 0 113 0 0 22 19037329 0 0 0 0 0 0 8382885 713 0 0 
0 0 0 0 0 0 0 0 0 0 0 0 0 0 0 0 0 0 0 0 0 0 0 3 19198 0 0 7 0 0 114 22 0 3833928 9357802 5845063 0 0 0 8383842 0 0 713 0 
0 0 0 0 0 0 0 0 0 0 0 0 0 0 0 0 0 0 0 0 0 0 0 3 0 19255 19257 0 0 113 0 0 22 19063811 0 0 0 0 0 0 8394572 713 0 0 
0 0 0 0 0 0 0 0 0 0 0 0 0 0 0 0 0 0 0 0 0 0 0 3 19258 0 0 7 0 0 114 22 0 3839810 9367638 5855820 0 0 0 8395529 0 0 713 0 
0 0 0 0 0 0 0 0 0 0 0 0 0 0 0 0 0 0 0 0 0 0 0 3 0 19311 19313 0 0 113 0 0 22 19089349 0 0 0 0 0 0 8405438 713 0 0 
0 0 0 0 0 0 0 0 0 0 0 0 0 0 0 0 0 0 0 0 0 0 0 3 19314 0 0 7 0 0 114 22 0 3845071 9377944 5865793 0 0 0 8406397 0 0 713 0 
0 0 0 0 0 0 0 0 0 0 0 0 0 0 0 0 0 0 0 0 0 0 0 3 0 19367 19369 0 0 113 0 0 22 19120687 0 0 0 0 0 0 8417747 713 0 0 
0 0 0 0 0 0 0 0 0 0 0 0 0 0 0 0 0 0 0 0 0 0 0 3 19370 0 0 7 0 0 114 22 0 3852765 9390337 5877042 0 0 0 8418706 0 0 713 0 
0 0 0 0 0 0 0 0 0 0 0 0 0 0 0 0 0 0 0 0 0 0 0 3 0 19405 19404 0 0 113 0 0 22 19148766 0 0 0 0 0 0 8428621 713 0 0 
0 0 0 0 0 0 0 0 0 0 0 0 0 0 0 0 0 0 0 0 0 0 0 3 19405 0 0 7 0 0 114 22 0 3859572 9400850 5887796 0 0 0 8429583 0 0 713 0 
0 0 0 0 0 0 0 0 0 0 0 0 0 0 0 0 0 0 0 0 0 0 0 3 0 19435 19437 0 0 113 0 0 22 19167389 0 0 0 0 0 0 8436817 713 0 0 
0 0 0 0 0 0 0 0 0 0 0 0 0 0 0 0 0 0 0 0 0 0 0 3 19438 0 0 7 0 0 114 22 0 3862890 9410163 5893788 0 0 0 8437780 0 0 713 0 
0 0 0 0 0 0 0 0 0 0 0 0 0 0 0 0 0 0 0 0 0 0 0 3 0 19493 19493 0 0 113 0 0 22 19191266 0 0 0 0 0 0 8446634 713 0 0 
0 0 0 0 0 0 0 0 0 0 0 0 0 0 0 0 0 0 0 0 0 0 0 3 19494 0 0 7 0 0 114 22 0 3868078 9419390 5903246 0 0 0 8447599 0 0 713 0 
0 0 0 0 0 0 0 0 0 0 0 0 0 0 0 0 0 0 0 0 0 0 0 3 0 19551 19553 0 0 113 0 0 22 19222962 0 0 0 0 0 0 8458899 713 0 0 
0 0 0 0 0 0 0 0 0 0 0 0 0 0 0 0 0 0 0 0 0 0 0 3 19554 0 0 7 0 0 114 22 0 3875768 9431742 5914897 0 0 0 8459867 0 0 713 0 
0 0 0 0 0 0 0 0 0 0 0 0 0 0 0 0 0 0 0 0 0 0 0 3 0 19607 19609 0 0 113 0 0 22 19254249 0 0 0 0 0 0 8471359 713 0 0 
0 0 0 0 0 0 0 0 0 0 0 0 0 0 0 0 0 0 0 0 0 0 0 3 19610 0 0 7 0 0 114 22 0 3883455 9444282 5925953 0 0 0 8472326 0 0 713 0 
0 0 0 0 0 0 0 0 0 0 0 0 0 0 0 0 0 0 0 0 0 0 0 3 0 19619 19621 0 0 113 0 0 22 19278811 0 0 0 0 0 0 8479724 713 0 0 
0 0 0 0 0 0 0 0 0 0 0 0 0 0 0 0 0 0 0 0 0 0 0 3 19622 0 0 7 0 0 114 22 0 3889252 9454715 5934280 0 0 0 8480691 0 0 713 0 
0 0 0 0 0 0 0 0 0 0 0 0 0 0 0 0 0 0 0 0 0 0 0 3 0 19675 19677 0 0 113 0 0 22 19300560 0 0 0 0 0 0 8489418 713 0 0 
0 0 0 0 0 0 0 0 0 0 0 0 0 0 0 0 0 0 0 0 0 0 0 3 19678 0 0 7 0 0 114 22 0 3893605 9462984 5943408 0 0 0 8490385 0 0 713 0 
0 0 0 0 0 0 0 0 0 0 0 0 0 0 0 0 0 0 0 0 0 0 0 3 0 19734 19733 0 0 113 0 0 22 19326895 0 0 0 0 0 0 8500876 713 0 0 
0 0 0 0 0 0 0 0 0 0 0 0 0 0 0 0 0 0 0 0 0 0 0 3 19734 0 0 7 0 0 114 22 0 3898758 9473961 5953615 0 0 0 8501843 0 0 713 0 
0 0 0 0 0 0 0 0 0 0 0 0 0 0 0 0 0 0 0 0 0 0 0 3 0 19787 19789 0 0 113 0 0 22 19358074 0 0 0 0 0 0 8512910 713 0 0 
0 0 0 0 0 0 0 0 0 0 0 0 0 0 0 0 0 0 0 0 0 0 0 3 19790 0 0 7 0 0 114 22 0 3906405 9486083 5965028 0 0 0 8513879 0 0 713 0 
0 0 0 0 0 0 0 0 0 0 0 0 0 0 0 0 0 0 0 0 0 0 0 3 0 19834 19833 0 0 113 0 0 22 19388072 0 0 0 0 0 0 8524628 713 0 0 
0 0 0 0 0 0 0 0 0 0 0 0 0 0 0 0 0 0 0 0 0 0 0 3 19834 0 0 7 0 0 114 22 0 3913825 9497803 5975886 0 0 0 8525599 0 0 713 0 
0 0 0 0 0 0 0 0 0 0 0 0 0 0 0 0 0 0 0 0 0 0 0 3 0 19855 19857 0 0 113 0 0 22 19408249 0 0 0 0 0 0 8531841 713 0 0 
0 0 0 0 0 0 0 0 0 0 0 0 0 0 0 0 0 0 0 0 0 0 0 3 19858 0 0 7 0 0 114 22 0 3917715 9507071 5982908 0 0 0 8532812 0 0 713 0 
0 0 0 0 0 0 0 0 0 0 0 0 0 0 0 0 0 0 0 0 0 0 0 3 0 19915 19917 0 0 113 0 0 22 19433029 0 0 0 0 0 0 8542184 713 0 0 
0 0 0 0 0 0 0 0 0 0 0 0 0 0 0 0 0 0 0 0 0 0 0 3 19918 0 0 7 0 0 114 22 0 3923580 9516133 5992761 0 0 0 8543155 0 0 713 0 
0 0 0 0 0 0 0 0 0 0 0 0 0 0 0 0 0 0 0 0 0 0 0 3 0 19971 19973 0 0 113 0 0 22 19460782 0 0 0 0 0 0 8553348 713 0 0 
0 0 0 0 0 0 0 0 0 0 0 0 0 0 0 0 0 0 0 0 0 0 0 3 19974 0 0 7 0 0 114 22 0 3929450 9526766 6004009 0 0 0 8554321 0 0 713 0 
0 0 0 0 0 0 0 0 0 0 0 0 0 0 0 0 0 0 0 0 0 0 0 3 0 20027 20029 0 0 113 0 0 22 19492202 0 0 0 0 0 0 8565542 713 0 0 
0 0 0 0 0 0 0 0 0 0 0 0 0 0 0 0 0 0 0 0 0 0 0 3 20030 0 0 7 0 0 114 22 0 3937165 9539047 6015431 0 0 0 8566516 0 0 713 0 
0 0 0 0 0 0 0 0 0 0 0 0 0 0 0 0 0 0 0 0 0 0 0 3 0 20067 20064 0 0 113 0 0 22 19520935 0 0 0 0 0 0 8576659 713 0 0 
0 0 0 0 0 0 0 0 0 0 0 0 0 0 0 0 0 0 0 0 0 0 0 3 20066 0 0 7 0 0 114 22 0 3944000 9549837 6026537 0 0 0 8577633 0 0 713 0 
0 0 0 0 0 0 0 0 0 0 0 0 0 0 0 0 0 0 0 0 0 0 0 3 0 20095 20096 0 0 113 0 0 22 19544337 0 0 0 0 0 0 8585082 713 0 0 
0 0 0 0 0 0 0 0 0 0 0 0 0 0 0 0 0 0 0 0 0 0 0 3 20098 0 0 7 0 0 114 22 0 3948658 9561061 6034055 0 0 0 8586057 0 0 713 0 
0 0 0 0 0 0 0 0 0 0 0 0 0 0 0 0 0 0 0 0 0 0 0 3 0 20155 20156 0 0 113 0 0 22 19567970 0 0 0 0 0 0 8595388 713 0 0 
0 0 0 0 0 0 0 0 0 0 0 0 0 0 0 0 0 0 0 0 0 0 0 3 20158 0 0 7 0 0 114 22 0 3954432 9569672 6043297 0 0 0 8596365 0 0 713 0 
0 0 0 0 0 0 0 0 0 0 0 0 0 0 0 0 0 0 0 0 0 0 0 3 0 20211 20212 0 0 113 0 0 22 19594660 0 0 0 0 0 0 8606242 713 0 0 
0 0 0 0 0 0 0 0 0 0 0 0 0 0 0 0 0 0 0 0 0 0 0 3 20214 0 0 7 0 0 114 22 0 3960213 9579996 6053882 0 0 0 8607219 0 0 713 0 
0 0 0 0 0 0 0 0 0 0 0 0 0 0 0 0 0 0 0 0 0 0 0 3 0 20267 20268 0 0 113 0 0 22 19626354 0 0 0 0 0 0 8618618 713 0 0 
0 0 0 0 0 0 0 0 0 0 0 0 0 0 0 0 0 0 0 0 0 0 0 3 20270 0 0 7 0 0 114 22 0 3967918 9592461 6065405 0 0 0 8619600 0 0 713 0 
0 0 0 0 0 0 0 0 0 0 0 0 0 0 0 0 0 0 0 0 0 0 0 3 0 20291 20288 0 0 113 0 0 22 19654189 0 0 0 0 0 0 8630063 713 0 0 
0 0 0 0 0 0 0 0 0 0 0 0 0 0 0 0 0 0 0 0 0 0 0 3 20290 0 0 7 0 0 114 22 0 3974263 9603149 6076206 0 0 0 8631045 0 0 713 0 
0 0 0 0 0 0 0 0 0 0 0 0 0 0 0 0 0 0 0 0 0 0 0 3 0 20335 20336 0 0 113 0 0 22 19677964 0 0 0 0 0 0 8638550 713 0 0 
0 0 0 0 0 0 0 0 0 0 0 0 0 0 0 0 0 0 0 0 0 0 0 3 20338 0 0 7 0 0 114 22 0 3979366 9614530 6083495 0 0 0 8639532 0 0 713 0 
0 0 0 0 0 0 0 0 0 0 0 0 0 0 0 0 0 0 0 0 0 0 0 3 0 20395 20396 0 0 113 0 0 22 19701766 0 0 0 0 0 0 8649872 713 0 0 
0 0 0 0 0 0 0 0 0 0 0 0 0 0 0 0 0 0 0 0 0 0 0 3 20398 0 0 7 0 0 114 22 0 3984495 9624692 6092008 0 0 0 8650859 0 0 713 0 
0 0 0 0 0 0 0 0 0 0 0 0 0 0 0 0 0 0 0 0 0 0 0 3 0 20451 20448 0 0 113 0 0 22 19730314 0 0 0 0 0 0 8661571 713 0 0 
0 0 0 0 0 0 0 0 0 0 0 0 0 0 0 0 0 0 0 0 0 0 0 3 20450 0 0 7 0 0 114 22 0 3990888 9635664 6103190 0 0 0 8662560 0 0 713 0 
0 0 0 0 0 0 0 0 0 0 0 0 0 0 0 0 0 0 0 0 0 0 0 3 0 20507 20508 0 0 113 0 0 22 19761508 0 0 0 0 0 0 8673605 713 0 0 
0 0 0 0 0 0 0 0 0 0 0 0 0 0 0 0 0 0 0 0 0 0 0 3 20510 0 0 7 0 0 114 22 0 3998569 9647785 6114579 0 0 0 8674597 0 0 713 0 
0 0 0 0 0 0 0 0 0 0 0 0 0 0 0 0 0 0 0 0 0 0 0 3 0 20519 20520 0 0 113 0 0 22 19784153 0 0 0 0 0 0 8681283 713 0 0 
0 0 0 0 0 0 0 0 0 0 0 0 0 0 0 0 0 0 0 0 0 0 0 3 20522 0 0 7 0 0 114 22 0 4003604 9657792 6122182 0 0 0 8682276 0 0 713 0 
0 0 0 0 0 0 0 0 0 0 0 0 0 0 0 0 0 0 0 0 0 0 0 3 0 20575 20576 0 0 113 0 0 22 19807290 0 0 0 0 0 0 8691617 713 0 0 
0 0 0 0 0 0 0 0 0 0 0 0 0 0 0 0 0 0 0 0 0 0 0 3 20578 0 0 7 0 0 114 22 0 4008568 9666515 6131630 0 0 0 8692612 0 0 713 0 
0 0 0 0 0 0 0 0 0 0 0 0 0 0 0 0 0 0 0 0 0 0 0 3 0 20631 20632 0 0 113 0 0 22 19832942 0 0 0 0 0 0 8702114 713 0 0 
0 0 0 0 0 0 0 0 0 0 0 0 0 0 0 0 0 0 0 0 0 0 0 3 20634 0 0 7 0 0 114 22 0 4013961 9676463 6141942 0 0 0 8703112 0 0 713 0 
0 0 0 0 0 0 0 0 0 0 0 0 0 0 0 0 0 0 0 0 0 0 0 3 0 20687 20688 0 0 113 0 0 22 19864940 0 0 0 0 0 0 8714905 713 0 0 
0 0 0 0 0 0 0 0 0 0 0 0 0 0 0 0 0 0 0 0 0 0 0 3 20690 0 0 7 0 0 114 22 0 4021630 9689339 6153394 0 0 0 8715905 0 0 713 0 
0 0 0 0 0 0 0 0 0 0 0 0 0 0 0 0 0 0 0 0 0 0 0 3 0 20703 20700 0 0 113 0 0 22 19891428 0 0 0 0 0 0 8724938 713 0 0 
0 0 0 0 0 0 0 0 0 0 0 0 0 0 0 0 0 0 0 0 0 0 0 3 20702 0 0 7 0 0 114 22 0 4027808 9701485 6161558 0 0 0 8725939 0 0 713 0 
0 0 0 0 0 0 0 0 0 0 0 0 0 0 0 0 0 0 0 0 0 0 0 3 0 20755 20756 0 0 113 0 0 22 19911577 0 0 0 0 0 0 8734021 713 0 0 
0 0 0 0 0 0 0 0 0 0 0 0 0 0 0 0 0 0 0 0 0 0 0 3 20758 0 0 7 0 0 114 22 0 4031811 9709094 6170091 0 0 0 8735025 0 0 713 0 
0 0 0 0 0 0 0 0 0 0 0 0 0 0 0 0 0 0 0 0 0 0 0 3 0 20811 20812 0 0 113 0 0 22 19935906 0 0 0 0 0 0 8744191 713 0 0 
0 0 0 0 0 0 0 0 0 0 0 0 0 0 0 0 0 0 0 0 0 0 0 3 20814 0 0 7 0 0 114 22 0 4036980 9718794 6179547 0 0 0 8745200 0 0 713 0 
0 0 0 0 0 0 0 0 0 0 0 0 0 0 0 0 0 0 0 0 0 0 0 3 0 20867 20868 0 0 113 0 0 22 19967379 0 0 0 0 0 0 8756516 713 0 0 
0 0 0 0 0 0 0 0 0 0 0 0 0 0 0 0 0 0 0 0 0 0 0 3 20870 0 0 7 0 0 114 22 0 4044690 9731205 6190899 0 0 0 8757527 0 0 713 0 
0 0 0 0 0 0 0 0 0 0 0 0 0 0 0 0 0 0 0 0 0 0 0 3 0 20891 20888 0 0 113 0 0 22 19995205 0 0 0 0 0 0 8767735 713 0 0 
0 0 0 0 0 0 0 0 0 0 0 0 0 0 0 0 0 0 0 0 0 0 0 3 20890 0 0 7 0 0 114 22 0 4051044 9741700 6201878 0 0 0 8768752 0 0 713 0 
0 0 0 0 0 0 0 0 0 0 0 0 0 0 0 0 0 0 0 0 0 0 0 3 0 20935 20936 0 0 113 0 0 22 20010257 0 0 0 0 0 0 8773140 713 0 0 
0 0 0 0 0 0 0 0 0 0 0 0 0 0 0 0 0 0 0 0 0 0 0 3 20938 0 0 7 0 0 114 22 0 4054731 9748505 6206437 0 0 0 8774157 0 0 713 0 
0 0 0 0 0 0 0 0 0 0 0 0 0 0 0 0 0 0 0 0 0 0 0 3 0 20991 20992 0 0 113 0 0 22 20036132 0 0 0 0 0 0 8784023 713 0 0 
0 0 0 0 0 0 0 0 0 0 0 0 0 0 0 0 0 0 0 0 0 0 0 3 20994 0 0 7 0 0 114 22 0 4060113 9758880 6216556 0 0 0 8785041 0 0 713 0 
0 0 0 0 0 0 0 0 0 0 0 0 0 0 0 0 0 0 0 0 0 0 0 3 0 21047 21048 0 0 113 0 0 22 20068329 0 0 0 0 0 0 8796742 713 0 0 
0 0 0 0 0 0 0 0 0 0 0 0 0 0 0 0 0 0 0 0 0 0 0 3 21050 0 0 7 0 0 114 22 0 4067836 9771686 6228225 0 0 0 8797763 0 0 713 0 
0 0 0 0 0 0 0 0 0 0 0 0 0 0 0 0 0 0 0 0 0 0 0 3 0 21059 21060 0 0 113 0 0 22 20091589 0 0 0 0 0 0 8804596 713 0 0 
0 0 0 0 0 0 0 0 0 0 0 0 0 0 0 0 0 0 0 0 0 0 0 3 21062 0 0 7 0 0 114 22 0 4073289 9781786 6235926 0 0 0 8805618 0 0 713 0 
0 0 0 0 0 0 0 0 0 0 0 0 0 0 0 0 0 0 0 0 0 0 0 3 0 21115 21116 0 0 113 0 0 22 20114696 0 0 0 0 0 0 8814994 713 0 0 
0 0 0 0 0 0 0 0 0 0 0 0 0 0 0 0 0 0 0 0 0 0 0 3 21118 0 0 7 0 0 114 22 0 4078096 9790778 6245231 0 0 0 8816016 0 0 713 0 
0 0 0 0 0 0 0 0 0 0 0 0 0 0 0 0 0 0 0 0 0 0 0 3 0 21175 21171 0 0 113 0 0 22 20139593 0 0 0 0 0 0 8825064 713 0 0 
0 0 0 0 0 0 0 0 0 0 0 0 0 0 0 0 0 0 0 0 0 0 0 3 21174 0 0 7 0 0 114 22 0 4083382 9800175 6255438 0 0 0 8826089 0 0 713 0 
0 0 0 0 0 0 0 0 0 0 0 0 0 0 0 0 0 0 0 0 0 0 0 3 0 21231 21227 0 0 113 0 0 22 20172108 0 0 0 0 0 0 8838476 713 0 0 
0 0 0 0 0 0 0 0 0 0 0 0 0 0 0 0 0 0 0 0 0 0 0 3 21230 0 0 7 0 0 114 22 0 4091075 9813672 6266760 0 0 0 8839502 0 0 713 0 
0 0 0 0 0 0 0 0 0 0 0 0 0 0 0 0 0 0 0 0 0 0 0 3 0 21255 21255 0 0 113 0 0 22 20201973 0 0 0 0 0 0 8851837 713 0 0 
0 0 0 0 0 0 0 0 0 0 0 0 0 0 0 0 0 0 0 0 0 0 0 3 21258 0 0 7 0 0 114 22 0 4097708 9826388 6277268 0 0 0 8852869 0 0 713 0 
0 0 0 0 0 0 0 0 0 0 0 0 0 0 0 0 0 0 0 0 0 0 0 3 0 21295 21294 0 0 113 0 0 22 20222078 0 0 0 0 0 0 8859615 713 0 0 
0 0 0 0 0 0 0 0 0 0 0 0 0 0 0 0 0 0 0 0 0 0 0 3 21298 0 0 7 0 0 114 22 0 4101718 9836161 6283589 0 0 0 8860647 0 0 713 0 
0 0 0 0 0 0 0 0 0 0 0 0 0 0 0 0 0 0 0 0 0 0 0 3 0 21353 21350 0 0 113 0 0 22 20243712 0 0 0 0 0 0 8868678 713 0 0 
0 0 0 0 0 0 0 0 0 0 0 0 0 0 0 0 0 0 0 0 0 0 0 3 21354 0 0 7 0 0 114 22 0 4106493 9844049 6292561 0 0 0 8869714 0 0 713 0 
0 0 0 0 0 0 0 0 0 0 0 0 0 0 0 0 0 0 0 0 0 0 0 3 0 21411 21406 0 0 113 0 0 22 20275129 0 0 0 0 0 0 8880881 713 0 0 
0 0 0 0 0 0 0 0 0 0 0 0 0 0 0 0 0 0 0 0 0 0 0 3 21410 0 0 7 0 0 114 22 0 4114176 9856334 6304009 0 0 0 8881919 0 0 713 0 
0 0 0 0 0 0 0 0 0 0 0 0 0 0 0 0 0 0 0 0 0 0 0 3 0 21463 21462 0 0 113 0 0 22 20305614 0 0 0 0 0 0 8892587 713 0 0 
0 0 0 0 0 0 0 0 0 0 0 0 0 0 0 0 0 0 0 0 0 0 0 3 21466 0 0 7 0 0 114 22 0 4121531 9868209 6315262 0 0 0 8893629 0 0 713 0 
0 0 0 0 0 0 0 0 0 0 0 0 0 0 0 0 0 0 0 0 0 0 0 3 0 21475 21474 0 0 113 0 0 22 20327647 0 0 0 0 0 0 8901745 713 0 0 
0 0 0 0 0 0 0 0 0 0 0 0 0 0 0 0 0 0 0 0 0 0 0 3 21478 0 0 7 0 0 114 22 0 4125414 9879115 6322508 0 0 0 8902786 0 0 713 0 
0 0 0 0 0 0 0 0 0 0 0 0 0 0 0 0 0 0 0 0 0 0 0 3 0 21535 21530 0 0 113 0 0 22 20348646 0 0 0 0 0 0 8911807 713 0 0 
0 0 0 0 0 0 0 0 0 0 0 0 0 0 0 0 0 0 0 0 0 0 0 3 21534 0 0 7 0 0 114 22 0 4129527 9887428 6331080 0 0 0 8912848 0 0 713 0 
0 0 0 0 0 0 0 0 0 0 0 0 0 0 0 0 0 0 0 0 0 0 0 3 0 21591 21586 0 0 113 0 0 22 20380408 0 0 0 0 0 0 8924170 713 0 0 
0 0 0 0 0 0 0 0 0 0 0 0 0 0 0 0 0 0 0 0 0 0 0 3 21590 0 0 7 0 0 114 22 0 4137258 9899880 6342661 0 0 0 8925217 0 0 713 0 
0 0 0 0 0 0 0 0 0 0 0 0 0 0 0 0 0 0 0 0 0 0 0 3 0 21619 21618 0 0 113 0 0 22 20410438 0 0 0 0 0 0 8937042 713 0 0 
0 0 0 0 0 0 0 0 0 0 0 0 0 0 0 0 0 0 0 0 0 0 0 3 21622 0 0 7 0 0 114 22 0 4143927 9912106 6353790 0 0 0 8938089 0 0 713 0 
0 0 0 0 0 0 0 0 0 0 0 0 0 0 0 0 0 0 0 0 0 0 0 3 0 21655 21654 0 0 113 0 0 22 20429422 0 0 0 0 0 0 8944119 713 0 0 
0 0 0 0 0 0 0 0 0 0 0 0 0 0 0 0 0 0 0 0 0 0 0 3 21658 0 0 7 0 0 114 22 0 4147766 9921006 6360034 0 0 0 8945165 0 0 713 0 
0 0 0 0 0 0 0 0 0 0 0 0 0 0 0 0 0 0 0 0 0 0 0 3 0 21715 21710 0 0 113 0 0 22 20450768 0 0 0 0 0 0 8952721 713 0 0 
0 0 0 0 0 0 0 0 0 0 0 0 0 0 0 0 0 0 0 0 0 0 0 3 21714 0 0 7 0 0 114 22 0 4152696 9928596 6368859 0 0 0 8953768 0 0 713 0 
0 0 0 0 0 0 0 0 0 0 0 0 0 0 0 0 0 0 0 0 0 0 0 3 0 21771 21766 0 0 113 0 0 22 20481166 0 0 0 0 0 0 8964458 713 0 0 
0 0 0 0 0 0 0 0 0 0 0 0 0 0 0 0 0 0 0 0 0 0 0 3 21770 0 0 7 0 0 114 22 0 4160364 9940415 6379771 0 0 0 8965505 0 0 713 0 
0 0 0 0 0 0 0 0 0 0 0 0 0 0 0 0 0 0 0 0 0 0 0 3 0 21807 21802 0 0 113 0 0 22 20510323 0 0 0 0 0 0 8976123 713 0 0 
0 0 0 0 0 0 0 0 0 0 0 0 0 0 0 0 0 0 0 0 0 0 0 3 21806 0 0 7 0 0 114 22 0 4167262 9951758 6390689 0 0 0 8977171 0 0 713 0 
0 0 0 0 0 0 0 0 0 0 0 0 0 0 0 0 0 0 0 0 0 0 0 3 0 21835 21834 0 0 113 0 0 22 20529050 0 0 0 0 0 0 8984132 713 0 0 
0 0 0 0 0 0 0 0 0 0 0 0 0 0 0 0 0 0 0 0 0 0 0 3 21838 0 0 7 0 0 114 22 0 4170730 9960832 6396876 0 0 0 8985180 0 0 713 0 
0 0 0 0 0 0 0 0 0 0 0 0 0 0 0 0 0 0 0 0 0 0 0 3 0 21895 21894 0 0 113 0 0 22 20552965 0 0 0 0 0 0 8994323 713 0 0 
0 0 0 0 0 0 0 0 0 0 0 0 0 0 0 0 0 0 0 0 0 0 0 3 21898 0 0 7 0 0 114 22 0 4175964 9970465 6405926 0 0 0 8995371 0 0 713 0 
0 0 0 0 0 0 0 0 0 0 0 0 0 0 0 0 0 0 0 0 0 0 0 3 0 21947 21946 0 0 113 0 0 22 20584530 0 0 0 0 0 0 9006781 713 0 0 
0 0 0 0 0 0 0 0 0 0 0 0 0 0 0 0 0 0 0 0 0 0 0 3 21950 0 0 7 0 0 114 22 0 4183469 9982993 6417454 0 0 0 9007831 0 0 713 0 
0 0 0 0 0 0 0 0 0 0 0 0 0 0 0 0 0 0 0 0 0 0 0 3 0 21975 21974 0 0 113 0 0 22 20613021 0 0 0 0 0 0 9018490 713 0 0 
0 0 0 0 0 0 0 0 0 0 0 0 0 0 0 0 0 0 0 0 0 0 0 3 21978 0 0 7 0 0 114 22 0 4190128 9994050 6428231 0 0 0 9019542 0 0 713 0 
0 0 0 0 0 0 0 0 0 0 0 0 0 0 0 0 0 0 0 0 0 0 0 3 0 22015 22014 0 0 113 0 0 22 20631659 0 0 0 0 0 0 9025797 713 0 0 
0 0 0 0 0 0 0 0 0 0 0 0 0 0 0 0 0 0 0 0 0 0 0 3 22018 0 0 7 0 0 114 22 0 4193875 10002832 6434340 0 0 0 9026849 0 0 713 0 
0 0 0 0 0 0 0 0 0 0 0 0 0 0 0 0 0 0 0 0 0 0 0 3 0 22074 22070 0 0 113 0 0 22 20655439 0 0 0 0 0 0 9035748 713 0 0 
0 0 0 0 0 0 0 0 0 0 0 0 0 0 0 0 0 0 0 0 0 0 0 3 22074 0 0 7 0 0 114 22 0 4198941 10012125 6443759 0 0 0 9036799 0 0 713 0 
0 0 0 0 0 0 0 0 0 0 0 0 0 0 0 0 0 0 0 0 0 0 0 3 0 22130 22126 0 0 113 0 0 22 20687236 0 0 0 0 0 0 9048310 713 0 0 
0 0 0 0 0 0 0 0 0 0 0 0 0 0 0 0 0 0 0 0 0 0 0 3 22130 0 0 7 0 0 114 22 0 4206625 10024772 6455227 0 0 0 9049362 0 0 713 0 
0 0 0 0 0 0 0 0 0 0 0 0 0 0 0 0 0 0 0 0 0 0 0 3 0 22159 22158 0 0 113 0 0 22 20717314 0 0 0 0 0 0 9060611 713 0 0 
0 0 0 0 0 0 0 0 0 0 0 0 0 0 0 0 0 0 0 0 0 0 0 3 22162 0 0 7 0 0 114 22 0 4213501 10036636 6466565 0 0 0 9061665 0 0 713 0 
0 0 0 0 0 0 0 0 0 0 0 0 0 0 0 0 0 0 0 0 0 0 0 3 0 22194 22194 0 0 113 0 0 22 20737157 0 0 0 0 0 0 9068081 713 0 0 
0 0 0 0 0 0 0 0 0 0 0 0 0 0 0 0 0 0 0 0 0 0 0 3 22198 0 0 7 0 0 114 22 0 4217256 10045676 6473615 0 0 0 9069135 0 0 713 0 
0 0 0 0 0 0 0 0 0 0 0 0 0 0 0 0 0 0 0 0 0 0 0 3 0 22254 22254 0 0 113 0 0 22 20763915 0 0 0 0 0 0 9078464 713 0 0 
0 0 0 0 0 0 0 0 0 0 0 0 0 0 0 0 0 0 0 0 0 0 0 3 22258 0 0 7 0 0 114 22 0 4223753 10055757 6483793 0 0 0 9079519 0 0 713 0 
0 0 0 0 0 0 0 0 0 0 0 0 0 0 0 0 0 0 0 0 0 0 0 3 0 22310 22310 0 0 113 0 0 22 20791971 0 0 0 0 0 0 9089834 713 0 0 
0 0 0 0 0 0 0 0 0 0 0 0 0 0 0 0 0 0 0 0 0 0 0 3 22314 0 0 7 0 0 114 22 0 4229796 10066546 6495021 0 0 0 9090887 0 0 713 0 
0 0 0 0 0 0 0 0 0 0 0 0 0 0 0 0 0 0 0 0 0 0 0 3 0 22366 22366 0 0 113 0 0 22 20823917 0 0 0 0 0 0 9102540 713 0 0 
0 0 0 0 0 0 0 0 0 0 0 0 0 0 0 0 0 0 0 0 0 0 0 3 22370 0 0 7 0 0 114 22 0 4237511 10079340 6506458 0 0 0 9103595 0 0 713 0 
0 0 0 0 0 0 0 0 0 0 0 0 0 0 0 0 0 0 0 0 0 0 0 3 0 22378 22378 0 0 113 0 0 22 20848903 0 0 0 0 0 0 9111877 713 0 0 
0 0 0 0 0 0 0 0 0 0 0 0 0 0 0 0 0 0 0 0 0 0 0 3 22382 0 0 7 0 0 114 22 0 4243249 10090766 6514275 0 0 0 9112932 0 0 713 0 
0 0 0 0 0 0 0 0 0 0 0 0 0 0 0 0 0 0 0 0 0 0 0 3 0 22434 22434 0 0 113 0 0 22 20871818 0 0 0 0 0 0 9123373 713 0 0 
0 0 0 0 0 0 0 0 0 0 0 0 0 0 0 0 0 0 0 0 0 0 0 3 22438 0 0 7 0 0 114 22 0 4247507 10100958 6522740 0 0 0 9124429 0 0 713 0 
0 0 0 0 0 0 0 0 0 0 0 0 0 0 0 0 0 0 0 0 0 0 0 3 0 22490 22490 0 0 113 0 0 22 20897164 0 0 0 0 0 0 9133891 713 0 0 
0 0 0 0 0 0 0 0 0 0 0 0 0 0 0 0 0 0 0 0 0 0 0 3 22494 0 0 7 0 0 114 22 0 4252834 10110856 6532863 0 0 0 9134949 0 0 713 0 
0 0 0 0 0 0 0 0 0 0 0 0 0 0 0 0 0 0 0 0 0 0 0 3 0 22546 22546 0 0 113 0 0 22 20927608 0 0 0 0 0 0 9145718 713 0 0 
0 0 0 0 0 0 0 0 0 0 0 0 0 0 0 0 0 0 0 0 0 0 0 3 22550 0 0 7 0 0 114 22 0 4260496 10122767 6543735 0 0 0 9146776 0 0 713 0 
0 0 0 0 0 0 0 0 0 0 0 0 0 0 0 0 0 0 0 0 0 0 0 3 0 22558 22554 0 0 113 0 0 22 20947468 0 0 0 0 0 0 9152297 713 0 0 
0 0 0 0 0 0 0 0 0 0 0 0 0 0 0 0 0 0 0 0 0 0 0 3 22558 0 0 7 0 0 114 22 0 4264756 10131943 6550161 0 0 0 9153355 0 0 713 0 
0 0 0 0 0 0 0 0 0 0 0 0 0 0 0 0 0 0 0 0 0 0 0 3 0 22614 22614 0 0 113 0 0 22 20973513 0 0 0 0 0 0 9163943 713 0 0 
0 0 0 0 0 0 0 0 0 0 0 0 0 0 0 0 0 0 0 0 0 0 0 3 22617 0 0 7 0 0 114 22 0 4270556 10141724 6560613 0 0 0 9164998 0 0 713 0 
0 0 0 0 0 0 0 0 0 0 0 0 0 0 0 0 0 0 0 0 0 0 0 3 0 22670 22670 0 0 113 0 0 22 20998199 0 0 0 0 0 0 9174266 713 0 0 
0 0 0 0 0 0 0 0 0 0 0 0 0 0 0 0 0 0 0 0 0 0 0 3 22673 0 0 7 0 0 114 22 0 4275845 10151482 6570252 0 0 0 9175329 0 0 713 0 
0 0 0 0 0 0 0 0 0 0 0 0 0 0 0 0 0 0 0 0 0 0 0 3 0 22726 22726 0 0 113 0 0 22 21028636 0 0 0 0 0 0 9186243 713 0 0 
0 0 0 0 0 0 0 0 0 0 0 0 0 0 0 0 0 0 0 0 0 0 0 3 22729 0 0 7 0 0 114 22 0 4283537 10163543 6580934 0 0 0 9187307 0 0 713 0 
0 0 0 0 0 0 0 0 0 0 0 0 0 0 0 0 0 0 0 0 0 0 0 3 0 22738 22738 0 0 113 0 0 22 21052345 0 0 0 0 0 0 9194826 713 0 0 
0 0 0 0 0 0 0 0 0 0 0 0 0 0 0 0 0 0 0 0 0 0 0 3 22741 0 0 7 0 0 114 22 0 4288912 10174351 6588458 0 0 0 9195892 0 0 713 0 
0 0 0 0 0 0 0 0 0 0 0 0 0 0 0 0 0 0 0 0 0 0 0 3 0 22794 22794 0 0 113 0 0 22 21074351 0 0 0 0 0 0 9205061 713 0 0 
0 0 0 0 0 0 0 0 0 0 0 0 0 0 0 0 0 0 0 0 0 0 0 3 22797 0 0 7 0 0 114 22 0 4293483 10182985 6597264 0 0 0 9206127 0 0 713 0 
0 0 0 0 0 0 0 0 0 0 0 0 0 0 0 0 0 0 0 0 0 0 0 3 0 22850 22850 0 0 113 0 0 22 21101467 0 0 0 0 0 0 9216120 713 0 0 
0 0 0 0 0 0 0 0 0 0 0 0 0 0 0 0 0 0 0 0 0 0 0 3 22853 0 0 7 0 0 114 22 0 4299030 10193587 6608226 0 0 0 9217188 0 0 713 0 
0 0 0 0 0 0 0 0 0 0 0 0 0 0 0 0 0 0 0 0 0 0 0 3 0 22906 22906 0 0 113 0 0 22 21133359 0 0 0 0 0 0 9228768 713 0 0 
0 0 0 0 0 0 0 0 0 0 0 0 0 0 0 0 0 0 0 0 0 0 0 3 22909 0 0 7 0 0 114 22 0 4306675 10206320 6619742 0 0 0 9229837 0 0 713 0 
0 0 0 0 0 0 0 0 0 0 0 0 0 0 0 0 0 0 0 0 0 0 0 3 0 22933 22930 0 0 113 0 0 22 21161639 0 0 0 0 0 0 9240495 713 0 0 
0 0 0 0 0 0 0 0 0 0 0 0 0 0 0 0 0 0 0 0 0 0 0 3 22933 0 0 7 0 0 114 22 0 4313169 10217298 6630550 0 0 0 9241565 0 0 713 0 
0 0 0 0 0 0 0 0 0 0 0 0 0 0 0 0 0 0 0 0 0 0 0 3 0 22974 22974 0 0 113 0 0 22 21183409 0 0 0 0 0 0 9248202 713 0 0 
0 0 0 0 0 0 0 0 0 0 0 0 0 0 0 0 0 0 0 0 0 0 0 3 22977 0 0 7 0 0 114 22 0 4317800 10227434 6637550 0 0 0 9249272 0 0 713 0 
0 0 0 0 0 0 0 0 0 0 0 0 0 0 0 0 0 0 0 0 0 0 0 3 0 23034 23034 0 0 113 0 0 22 21208226 0 0 0 0 0 0 9258906 713 0 0 
0 0 0 0 0 0 0 0 0 0 0 0 0 0 0 0 0 0 0 0 0 0 0 3 23037 0 0 7 0 0 114 22 0 4323241 10237428 6646933 0 0 0 9259978 0 0 713 0 
0 0 0 0 0 0 0 0 0 0 0 0 0 0 0 0 0 0 0 0 0 0 0 3 0 23090 23090 0 0 113 0 0 22 21236345 0 0 0 0 0 0 9270144 713 0 0 
0 0 0 0 0 0 0 0 0 0 0 0 0 0 0 0 0 0 0 0 0 0 0 3 23093 0 0 7 0 0 114 22 0 4329695 10247940 6658070 0 0 0 9271215 0 0 713 0 
0 0 0 0 0 0 0 0 0 0 0 0 0 0 0 0 0 0 0 0 0 0 0 3 0 23146 23146 0 0 113 0 0 22 21267946 0 0 0 0 0 0 9282368 713 0 0 
0 0 0 0 0 0 0 0 0 0 0 0 0 0 0 0 0 0 0 0 0 0 0 3 23149 0 0 7 0 0 114 22 0 4337390 10260249 6669667 0 0 0 9283443 0 0 713 0 
0 0 0 0 0 0 0 0 0 0 0 0 0 0 0 0 0 0 0 0 0 0 0 3 0 23158 23154 0 0 113 0 0 22 21289254 0 0 0 0 0 0 9289245 713 0 0 
0 0 0 0 0 0 0 0 0 0 0 0 0 0 0 0 0 0 0 0 0 0 0 3 23157 0 0 7 0 0 114 22 0 4341638 10269734 6677242 0 0 0 9290320 0 0 713 0 
0 0 0 0 0 0 0 0 0 0 0 0 0 0 0 0 0 0 0 0 0 0 0 3 0 23214 23214 0 0 113 0 0 22 21315105 0 0 0 0 0 0 9300835 713 0 0 
0 0 0 0 0 0 0 0 0 0 0 0 0 0 0 0 0 0 0 0 0 0 0 3 23217 0 0 7 0 0 114 22 0 4347500 10279360 6687602 0 0 0 9301910 0 0 713 0 
0 0 0 0 0 0 0 0 0 0 0 0 0 0 0 0 0 0 0 0 0 0 0 3 0 23270 23270 0 0 113 0 0 22 21341855 0 0 0 0 0 0 9312014 713 0 0 
0 0 0 0 0 0 0 0 0 0 0 0 0 0 0 0 0 0 0 0 0 0 0 3 23273 0 0 7 0 0 114 22 0 4352795 10290063 6698349 0 0 0 9313092 0 0 713 0 
0 0 0 0 0 0 0 0 0 0 0 0 0 0 0 0 0 0 0 0 0 0 0 3 0 23326 23326 0 0 113 0 0 22 21373914 0 0 0 0 0 0 9325042 713 0 0 
0 0 0 0 0 0 0 0 0 0 0 0 0 0 0 0 0 0 0 0 0 0 0 3 23329 0 0 7 0 0 114 22 0 4360458 10303179 6709623 0 0 0 9326124 0 0 713 0 
0 0 0 0 0 0 0 0 0 0 0 0 0 0 0 0 0 0 0 0 0 0 0 3 0 23346 23346 0 0 113 0 0 22 21401441 0 0 0 0 0 0 9336208 713 0 0 
0 0 0 0 0 0 0 0 0 0 0 0 0 0 0 0 0 0 0 0 0 0 0 3 23349 0 0 7 0 0 114 22 0 4366815 10315208 6718762 0 0 0 9337293 0 0 713 0 
0 0 0 0 0 0 0 0 0 0 0 0 0 0 0 0 0 0 0 0 0 0 0 3 0 23394 23394 0 0 113 0 0 22 21422924 0 0 0 0 0 0 9345361 713 0 0 
0 0 0 0 0 0 0 0 0 0 0 0 0 0 0 0 0 0 0 0 0 0 0 3 23397 0 0 7 0 0 114 22 0 4370746 10324552 6726972 0 0 0 9346444 0 0 713 0 
0 0 0 0 0 0 0 0 0 0 0 0 0 0 0 0 0 0 0 0 0 0 0 3 0 23454 23450 0 0 113 0 0 22 21446590 0 0 0 0 0 0 9354919 713 0 0 
0 0 0 0 0 0 0 0 0 0 0 0 0 0 0 0 0 0 0 0 0 0 0 3 23453 0 0 7 0 0 114 22 0 4375876 10333221 6736841 0 0 0 9356003 0 0 713 0 
0 0 0 0 0 0 0 0 0 0 0 0 0 0 0 0 0 0 0 0 0 0 0 3 0 23510 23510 0 0 113 0 0 22 21478290 0 0 0 0 0 0 9367412 713 0 0 
0 0 0 0 0 0 0 0 0 0 0 0 0 0 0 0 0 0 0 0 0 0 0 3 23513 0 0 7 0 0 114 22 0 4383583 10345803 6748250 0 0 0 9368501 0 0 713 0 
0 0 0 0 0 0 0 0 0 0 0 0 0 0 0 0 0 0 0 0 0 0 0 3 0 23566 23566 0 0 113 0 0 22 21509769 0 0 0 0 0 0 9379819 713 0 0 
0 0 0 0 0 0 0 0 0 0 0 0 0 0 0 0 0 0 0 0 0 0 0 3 23569 0 0 7 0 0 114 22 0 4391295 10358293 6759522 0 0 0 9380910 0 0 713 0 
0 0 0 0 0 0 0 0 0 0 0 0 0 0 0 0 0 0 0 0 0 0 0 3 0 23578 23578 0 0 113 0 0 22 21531710 0 0 0 0 0 0 9387643 713 0 0 
0 0 0 0 0 0 0 0 0 0 0 0 0 0 0 0 0 0 0 0 0 0 0 3 23581 0 0 7 0 0 114 22 0 4396001 10368533 6766514 0 0 0 9388735 0 0 713 0 
0 0 0 0 0 0 0 0 0 0 0 0 0 0 0 0 0 0 0 0 0 0 0 3 0 23634 23634 0 0 113 0 0 22 21557153 0 0 0 0 0 0 9399469 713 0 0 
0 0 0 0 0 0 0 0 0 0 0 0 0 0 0 0 0 0 0 0 0 0 0 3 23637 0 0 7 0 0 114 22 0 4401422 10378737 6776334 0 0 0 9400559 0 0 713 0 
0 0 0 0 0 0 0 0 0 0 0 0 0 0 0 0 0 0 0 0 0 0 0 3 0 23690 23690 0 0 113 0 0 22 21582212 0 0 0 0 0 0 9409842 713 0 0 
0 0 0 0 0 0 0 0 0 0 0 0 0 0 0 0 0 0 0 0 0 0 0 3 23693 0 0 7 0 0 114 22 0 4406744 10388480 6786321 0 0 0 9410934 0 0 713 0 
0 0 0 0 0 0 0 0 0 0 0 0 0 0 0 0 0 0 0 0 0 0 0 3 0 23750 23746 0 0 113 0 0 22 21613399 0 0 0 0 0 0 9421969 713 0 0 
0 0 0 0 0 0 0 0 0 0 0 0 0 0 0 0 0 0 0 0 0 0 0 3 23749 0 0 7 0 0 114 22 0 4414456 10400690 6797582 0 0 0 9423064 0 0 713 0 
0 0 0 0 0 0 0 0 0 0 0 0 0 0 0 0 0 0 0 0 0 0 0 3 0 23781 23778 0 0 113 0 0 22 21641460 0 0 0 0 0 0 9433051 713 0 0 
0 0 0 0 0 0 0 0 0 0 0 0 0 0 0 0 0 0 0 0 0 0 0 3 23781 0 0 7 0 0 114 22 0 4421233 10411254 6808297 0 0 0 9434147 0 0 713 0 
0 0 0 0 0 0 0 0 0 0 0 0 0 0 0 0 0 0 0 0 0 0 0 3 0 23814 23814 0 0 113 0 0 22 21664729 0 0 0 0 0 0 9441247 713 0 0 
0 0 0 0 0 0 0 0 0 0 0 0 0 0 0 0 0 0 0 0 0 0 0 3 23817 0 0 7 0 0 114 22 0 4426062 10422211 6815782 0 0 0 9442343 0 0 713 0 
0 0 0 0 0 0 0 0 0 0 0 0 0 0 0 0 0 0 0 0 0 0 0 3 0 23874 23874 0 0 113 0 0 22 21688751 0 0 0 0 0 0 9452138 713 0 0 
0 0 0 0 0 0 0 0 0 0 0 0 0 0 0 0 0 0 0 0 0 0 0 3 23877 0 0 7 0 0 114 22 0 4431464 10431709 6824899 0 0 0 9453235 0 0 713 0 
0 0 0 0 0 0 0 0 0 0 0 0 0 0 0 0 0 0 0 0 0 0 0 3 0 23930 23930 0 0 113 0 0 22 21717524 0 0 0 0 0 0 9463971 713 0 0 
0 0 0 0 0 0 0 0 0 0 0 0 0 0 0 0 0 0 0 0 0 0 0 3 23933 0 0 7 0 0 114 22 0 4437562 10442945 6836330 0 0 0 9465074 0 0 713 0 
0 0 0 0 0 0 0 0 0 0 0 0 0 0 0 0 0 0 0 0 0 0 0 3 0 23986 23986 0 0 113 0 0 22 21747813 0 0 0 0 0 0 9475564 713 0 0 
0 0 0 0 0 0 0 0 0 0 0 0 0 0 0 0 0 0 0 0 0 0 0 3 23989 0 0 7 0 0 114 22 0 4445205 10454623 6847301 0 0 0 9476668 0 0 713 0 
0 0 0 0 0 0 0 0 0 0 0 0 0 0 0 0 0 0 0 0 0 0 0 3 0 24010 24010 0 0 113 0 0 22 21776247 0 0 0 0 0 0 9487390 713 0 0 
0 0 0 0 0 0 0 0 0 0 0 0 0 0 0 0 0 0 0 0 0 0 0 3 24013 0 0 7 0 0 114 22 0 4451598 10465677 6858290 0 0 0 9488495 0 0 713 0 
0 0 0 0 0 0 0 0 0 0 0 0 0 0 0 0 0 0 0 0 0 0 0 3 0 24054 24054 0 0 113 0 0 22 21797691 0 0 0 0 0 0 9494476 713 0 0 
0 0 0 0 0 0 0 0 0 0 0 0 0 0 0 0 0 0 0 0 0 0 0 3 24057 0 0 7 0 0 114 22 0 4456259 10475036 6865711 0 0 0 9495582 0 0 713 0 
0 0 0 0 0 0 0 0 0 0 0 0 0 0 0 0 0 0 0 0 0 0 0 3 0 24114 24110 0 0 113 0 0 22 21820294 0 0 0 0 0 0 9505212 713 0 0 
0 0 0 0 0 0 0 0 0 0 0 0 0 0 0 0 0 0 0 0 0 0 0 3 24113 0 0 7 0 0 114 22 0 4460650 10484436 6874521 0 0 0 9506319 0 0 713 0 
0 0 0 0 0 0 0 0 0 0 0 0 0 0 0 0 0 0 0 0 0 0 0 3 0 24170 24166 0 0 113 0 0 22 21851041 0 0 0 0 0 0 9517052 713 0 0 
0 0 0 0 0 0 0 0 0 0 0 0 0 0 0 0 0 0 0 0 0 0 0 3 24169 0 0 7 0 0 114 22 0 4468384 10496362 6885612 0 0 0 9518163 0 0 713 0 
0 0 0 0 0 0 0 0 0 0 0 0 0 0 0 0 0 0 0 0 0 0 0 3 0 24213 24210 0 0 113 0 0 22 21881583 0 0 0 0 0 0 9529673 713 0 0 
0 0 0 0 0 0 0 0 0 0 0 0 0 0 0 0 0 0 0 0 0 0 0 3 24213 0 0 7 0 0 114 22 0 4475707 10508815 6896373 0 0 0 9530784 0 0 713 0 
0 0 0 0 0 0 0 0 0 0 0 0 0 0 0 0 0 0 0 0 0 0 0 3 0 24236 24234 0 0 113 0 0 22 21903145 0 0 0 0 0 0 9536713 713 0 0 
0 0 0 0 0 0 0 0 0 0 0 0 0 0 0 0 0 0 0 0 0 0 0 3 24237 0 0 7 0 0 114 22 0 4480154 10518679 6903624 0 0 0 9537824 0 0 713 0 
0 0 0 0 0 0 0 0 0 0 0 0 0 0 0 0 0 0 0 0 0 0 0 3 0 24294 24294 0 0 113 0 0 22 21928645 0 0 0 0 0 0 9547814 713 0 0 
0 0 0 0 0 0 0 0 0 0 0 0 0 0 0 0 0 0 0 0 0 0 0 3 24297 0 0 7 0 0 114 22 0 4486138 10527865 6913953 0 0 0 9548928 0 0 713 0 
0 0 0 0 0 0 0 0 0 0 0 0 0 0 0 0 0 0 0 0 0 0 0 3 0 24354 24350 0 0 113 0 0 22 21953969 0 0 0 0 0 0 9557886 713 0 0 
0 0 0 0 0 0 0 0 0 0 0 0 0 0 0 0 0 0 0 0 0 0 0 3 24353 0 0 7 0 0 114 22 0 4491485 10537448 6924340 0 0 0 9559002 0 0 713 0 
0 0 0 0 0 0 0 0 0 0 0 0 0 0 0 0 0 0 0 0 0 0 0 3 0 24410 24406 0 0 113 0 0 22 21985254 0 0 0 0 0 0 9570022 713 0 0 
0 0 0 0 0 0 0 0 0 0 0 0 0 0 0 0 0 0 0 0 0 0 0 3 24409 0 0 7 0 0 114 22 0 4499171 10549668 6935721 0 0 0 9571142 0 0 713 0 
0 0 0 0 0 0 0 0 0 0 0 0 0 0 0 0 0 0 0 0 0 0 0 3 0 24465 24462 0 0 113 0 0 22 22015142 0 0 0 0 0 0 9581180 713 0 0 
0 0 0 0 0 0 0 0 0 0 0 0 0 0 0 0 0 0 0 0 0 0 0 3 24465 0 0 7 0 0 114 22 0 4506684 10560999 6946763 0 0 0 9582300 0 0 713 0 
0 0 0 0 0 0 0 0 0 0 0 0 0 0 0 0 0 0 0 0 0 0 0 3 0 24478 24478 0 0 113 0 0 22 22038883 0 0 0 0 0 0 9589785 713 0 0 
0 0 0 0 0 0 0 0 0 0 0 0 0 0 0 0 0 0 0 0 0 0 0 3 24481 0 0 7 0 0 114 22 0 4512047 10571719 6954419 0 0 0 9590906 0 0 713 0 
0 0 0 0 0 0 0 0 0 0 0 0 0 0 0 0 0 0 0 0 0 0 0 3 0 24534 24534 0 0 113 0 0 22 22060187 0 0 0 0 0 0 9599269 713 0 0 
0 0 0 0 0 0 0 0 0 0 0 0 0 0 0 0 0 0 0 0 0 0 0 3 24537 0 0 7 0 0 114 22 0 4516617 10579535 6963337 0 0 0 9600392 0 0 713 0 
0 0 0 0 0 0 0 0 0 0 0 0 0 0 0 0 0 0 0 0 0 0 0 3 0 24590 24590 0 0 113 0 0 22 22086049 0 0 0 0 0 0 9609597 713 0 0 
0 0 0 0 0 0 0 0 0 0 0 0 0 0 0 0 0 0 0 0 0 0 0 3 24593 0 0 7 0 0 114 22 0 4522101 10589498 6973751 0 0 0 9610724 0 0 713 0 
0 0 0 0 0 0 0 0 0 0 0 0 0 0 0 0 0 0 0 0 0 0 0 3 0 24646 24646 0 0 113 0 0 22 22117236 0 0 0 0 0 0 9621888 713 0 0 
0 0 0 0 0 0 0 0 0 0 0 0 0 0 0 0 0 0 0 0 0 0 0 3 24649 0 0 7 0 0 114 22 0 4529736 10601873 6984934 0 0 0 9623016 0 0 713 0 
0 0 0 0 0 0 0 0 0 0 0 0 0 0 0 0 0 0 0 0 0 0 0 3 0 24666 24666 0 0 113 0 0 22 22144525 0 0 0 0 0 0 9632577 713 0 0 
0 0 0 0 0 0 0 0 0 0 0 0 0 0 0 0 0 0 0 0 0 0 0 3 24669 0 0 7 0 0 114 22 0 4536163 10612217 6995449 0 0 0 9633707 0 0 713 0 
0 0 0 0 0 0 0 0 0 0 0 0 0 0 0 0 0 0 0 0 0 0 0 3 0 24714 24714 0 0 113 0 0 22 22164106 0 0 0 0 0 0 9640490 713 0 0 
0 0 0 0 0 0 0 0 0 0 0 0 0 0 0 0 0 0 0 0 0 0 0 3 24717 0 0 7 0 0 114 22 0 4540157 10621126 7002129 0 0 0 9641619 0 0 713 0 
0 0 0 0 0 0 0 0 0 0 0 0 0 0 0 0 0 0 0 0 0 0 0 3 0 24774 24774 0 0 113 0 0 22 22190323 0 0 0 0 0 0 9651243 713 0 0 
0 0 0 0 0 0 0 0 0 0 0 0 0 0 0 0 0 0 0 0 0 0 0 3 24777 0 0 7 0 0 114 22 0 4546084 10631949 7011596 0 0 0 9652374 0 0 713 0 
0 0 0 0 0 0 0 0 0 0 0 0 0 0 0 0 0 0 0 0 0 0 0 3 0 24830 24830 0 0 113 0 0 22 22219485 0 0 0 0 0 0 9663127 713 0 0 
0 0 0 0 0 0 0 0 0 0 0 0 0 0 0 0 0 0 0 0 0 0 0 3 24833 0 0 7 0 0 114 22 0 4552855 10643360 7022570 0 0 0 9664259 0 0 713 0 
0 0 0 0 0 0 0 0 0 0 0 0 0 0 0 0 0 0 0 0 0 0 0 3 0 24886 24886 0 0 113 0 0 22 22250675 0 0 0 0 0 0 9675200 713 0 0 
0 0 0 0 0 0 0 0 0 0 0 0 0 0 0 0 0 0 0 0 0 0 0 3 24889 0 0 7 0 0 114 22 0 4560539 10655516 7033918 0 0 0 9676334 0 0 713 0 
0 0 0 0 0 0 0 0 0 0 0 0 0 0 0 0 0 0 0 0 0 0 0 3 0 24898 24894 0 0 113 0 0 22 22272245 0 0 0 0 0 0 9682620 713 0 0 
0 0 0 0 0 0 0 0 0 0 0 0 0 0 0 0 0 0 0 0 0 0 0 3 24897 0 0 7 0 0 114 22 0 4564825 10665510 7041210 0 0 0 9683754 0 0 713 0 
0 0 0 0 0 0 0 0 0 0 0 0 0 0 0 0 0 0 0 0 0 0 0 3 0 24954 24954 0 0 113 0 0 22 22295055 0 0 0 0 0 0 9692745 713 0 0 
0 0 0 0 0 0 0 0 0 0 0 0 0 0 0 0 0 0 0 0 0 0 0 3 24957 0 0 7 0 0 114 22 0 4570059 10673803 7050489 0 0 0 9693881 0 0 713 0 
0 0 0 0 0 0 0 0 0 0 0 0 0 0 0 0 0 0 0 0 0 0 0 3 0 25010 25010 0 0 113 0 0 22 22323152 0 0 0 0 0 0 9704457 713 0 0 
0 0 0 0 0 0 0 0 0 0 0 0 0 0 0 0 0 0 0 0 0 0 0 3 25013 0 0 7 0 0 114 22 0 4575929 10684938 7061574 0 0 0 9705593 0 0 713 0 
0 0 0 0 0 0 0 0 0 0 0 0 0 0 0 0 0 0 0 0 0 0 0 3 0 25066 25066 0 0 113 0 0 22 22354956 0 0 0 0 0 0 9716837 713 0 0 
0 0 0 0 0 0 0 0 0 0 0 0 0 0 0 0 0 0 0 0 0 0 0 3 25069 0 0 7 0 0 114 22 0 4583649 10697407 7073192 0 0 0 9717977 0 0 713 0 
0 0 0 0 0 0 0 0 0 0 0 0 0 0 0 0 0 0 0 0 0 0 0 3 0 25093 25090 0 0 113 0 0 22 22383494 0 0 0 0 0 0 9728720 713 0 0 
0 0 0 0 0 0 0 0 0 0 0 0 0 0 0 0 0 0 0 0 0 0 0 3 25093 0 0 7 0 0 114 22 0 4590303 10708539 7083944 0 0 0 9729861 0 0 713 0 
0 0 0 0 0 0 0 0 0 0 0 0 0 0 0 0 0 0 0 0 0 0 0 3 0 25134 25134 0 0 113 0 0 22 22403830 0 0 0 0 0 0 9736403 713 0 0 
0 0 0 0 0 0 0 0 0 0 0 0 0 0 0 0 0 0 0 0 0 0 0 3 25137 0 0 7 0 0 114 22 0 4594376 10718205 7090541 0 0 0 9737545 0 0 713 0 
0 0 0 0 0 0 0 0 0 0 0 0 0 0 0 0 0 0 0 0 0 0 0 3 0 25194 25194 0 0 113 0 0 22 22426600 0 0 0 0 0 0 9745650 713 0 0 
0 0 0 0 0 0 0 0 0 0 0 0 0 0 0 0 0 0 0 0 0 0 0 3 25197 0 0 7 0 0 114 22 0 4599380 10726704 7099806 0 0 0 9746793 0 0 713 0 
0 0 0 0 0 0 0 0 0 0 0 0 0 0 0 0 0 0 0 0 0 0 0 3 0 25250 25246 0 0 113 0 0 22 22457630 0 0 0 0 0 0 9758084 713 0 0 
0 0 0 0 0 0 0 0 0 0 0 0 0 0 0 0 0 0 0 0 0 0 0 3 25249 0 0 7 0 0 114 22 0 4606797 10738904 7111216 0 0 0 9759231 0 0 713 0 
0 0 0 0 0 0 0 0 0 0 0 0 0 0 0 0 0 0 0 0 0 0 0 3 0 25293 25290 0 0 113 0 0 22 22486647 0 0 0 0 0 0 9769461 713 0 0 
0 0 0 0 0 0 0 0 0 0 0 0 0 0 0 0 0 0 0 0 0 0 0 3 25293 0 0 7 0 0 114 22 0 4613701 10750153 7122080 0 0 0 9770608 0 0 713 0 
0 0 0 0 0 0 0 0 0 0 0 0 0 0 0 0 0 0 0 0 0 0 0 3 0 25314 25314 0 0 113 0 0 22 22507694 0 0 0 0 0 0 9777790 713 0 0 
0 0 0 0 0 0 0 0 0 0 0 0 0 0 0 0 0 0 0 0 0 0 0 3 25317 0 0 7 0 0 114 22 0 4617762 10760224 7128996 0 0 0 9778937 0 0 713 0 
0 0 0 0 0 0 0 0 0 0 0 0 0 0 0 0 0 0 0 0 0 0 0 3 0 25370 25370 0 0 113 0 0 22 22531533 0 0 0 0 0 0 9790100 713 0 0 
0 0 0 0 0 0 0 0 0 0 0 0 0 0 0 0 0 0 0 0 0 0 0 3 25373 0 0 7 0 0 114 22 0 4622177 10771090 7137557 0 0 0 9791250 0 0 713 0 
0 0 0 0 0 0 0 0 0 0 0 0 0 0 0 0 0 0 0 0 0 0 0 3 0 25430 25426 0 0 113 0 0 22 22562849 0 0 0 0 0 0 9802234 713 0 0 
0 0 0 0 0 0 0 0 0 0 0 0 0 0 0 0 0 0 0 0 0 0 0 3 25429 0 0 7 0 0 114 22 0 4629852 10783305 7148981 0 0 0 9803387 0 0 713 0 
0 0 0 0 0 0 0 0 0 0 0 0 0 0 0 0 0 0 0 0 0 0 0 3 0 25486 25486 0 0 113 0 0 22 22594162 0 0 0 0 0 0 9814310 713 0 0 
0 0 0 0 0 0 0 0 0 0 0 0 0 0 0 0 0 0 0 0 0 0 0 3 25489 0 0 7 0 0 114 22 0 4637603 10795467 7160378 0 0 0 9815463 0 0 713 0 
0 0 0 0 0 0 0 0 0 0 0 0 0 0 0 0 0 0 0 0 0 0 0 3 0 25498 25494 0 0 113 0 0 22 22616108 0 0 0 0 0 0 9822307 713 0 0 
0 0 0 0 0 0 0 0 0 0 0 0 0 0 0 0 0 0 0 0 0 0 0 3 25497 0 0 7 0 0 114 22 0 4641772 10806125 7167498 0 0 0 9823460 0 0 713 0 
0 0 0 0 0 0 0 0 0 0 0 0 0 0 0 0 0 0 0 0 0 0 0 3 0 25554 25554 0 0 113 0 0 22 22638942 0 0 0 0 0 0 9832643 713 0 0 
0 0 0 0 0 0 0 0 0 0 0 0 0 0 0 0 0 0 0 0 0 0 0 3 25557 0 0 7 0 0 114 22 0 4647142 10814491 7176599 0 0 0 9833798 0 0 713 0 
0 0 0 0 0 0 0 0 0 0 0 0 0 0 0 0 0 0 0 0 0 0 0 3 0 25610 25610 0 0 113 0 0 22 22666535 0 0 0 0 0 0 9844150 713 0 0 
0 0 0 0 0 0 0 0 0 0 0 0 0 0 0 0 0 0 0 0 0 0 0 3 25613 0 0 7 0 0 114 22 0 4653131 10825476 7187212 0 0 0 9845307 0 0 713 0 
0 0 0 0 0 0 0 0 0 0 0 0 0 0 0 0 0 0 0 0 0 0 0 3 0 25666 25666 0 0 113 0 0 22 22697204 0 0 0 0 0 0 9856168 713 0 0 
0 0 0 0 0 0 0 0 0 0 0 0 0 0 0 0 0 0 0 0 0 0 0 3 25669 0 0 7 0 0 114 22 0 4660798 10837579 7198112 0 0 0 9857324 0 0 713 0 
0 0 0 0 0 0 0 0 0 0 0 0 0 0 0 0 0 0 0 0 0 0 0 3 0 25674 25674 0 0 113 0 0 22 22719665 0 0 0 0 0 0 9866519 713 0 0 
0 0 0 0 0 0 0 0 0 0 0 0 0 0 0 0 0 0 0 0 0 0 0 3 25677 0 0 7 0 0 114 22 0 4664295 10849869 7204786 0 0 0 9867675 0 0 713 0 
0 0 0 0 0 0 0 0 0 0 0 0 0 0 0 0 0 0 0 0 0 0 0 3 0 25734 25730 0 0 113 0 0 22 22738675 0 0 0 0 0 0 9874920 713 0 0 
0 0 0 0 0 0 0 0 0 0 0 0 0 0 0 0 0 0 0 0 0 0 0 3 25733 0 0 7 0 0 114 22 0 4668539 10856410 7213006 0 0 0 9876077 0 0 713 0 
0 0 0 0 0 0 0 0 0 0 0 0 0 0 0 0 0 0 0 0 0 0 0 3 0 25788 25786 0 0 113 0 0 22 22770281 0 0 0 0 0 0 9887439 713 0 0 
0 0 0 0 0 0 0 0 0 0 0 0 0 0 0 0 0 0 0 0 0 0 0 3 25789 0 0 7 0 0 114 22 0 4676177 10869014 7224367 0 0 0 9888598 0 0 713 0 
0 0 0 0 0 0 0 0 0 0 0 0 0 0 0 0 0 0 0 0 0 0 0 3 0 25846 25846 0 0 113 0 0 22 22800866 0 0 0 0 0 0 9898997 713 0 0 
0 0 0 0 0 0 0 0 0 0 0 0 0 0 0 0 0 0 0 0 0 0 0 3 25849 0 0 7 0 0 114 22 0 4683855 10880657 7235630 0 0 0 9900159 0 0 713 0 
0 0 0 0 0 0 0 0 0 0 0 0 0 0 0 0 0 0 0 0 0 0 0 3 0 25858 25854 0 0 113 0 0 22 22822617 0 0 0 0 0 0 9906808 713 0 0 
0 0 0 0 0 0 0 0 0 0 0 0 0 0 0 0 0 0 0 0 0 0 0 3 25857 0 0 7 0 0 114 22 0 4688138 10891048 7242710 0 0 0 9907970 0 0 713 0 
0 0 0 0 0 0 0 0 0 0 0 0 0 0 0 0 0 0 0 0 0 0 0 3 0 25914 25914 0 0 113 0 0 22 22848300 0 0 0 0 0 0 9918693 713 0 0 
0 0 0 0 0 0 0 0 0 0 0 0 0 0 0 0 0 0 0 0 0 0 0 3 25917 0 0 7 0 0 114 22 0 4693948 10901061 7252569 0 0 0 9919857 0 0 713 0 
0 0 0 0 0 0 0 0 0 0 0 0 0 0 0 0 0 0 0 0 0 0 0 3 0 25970 25970 0 0 113 0 0 22 22874169 0 0 0 0 0 0 9929434 713 0 0 
0 0 0 0 0 0 0 0 0 0 0 0 0 0 0 0 0 0 0 0 0 0 0 3 25973 0 0 7 0 0 114 22 0 4699300 10911258 7262889 0 0 0 9930597 0 0 713 0 
0 0 0 0 0 0 0 0 0 0 0 0 0 0 0 0 0 0 0 0 0 0 0 3 0 26026 26026 0 0 113 0 0 22 22905453 0 0 0 0 0 0 9941326 713 0 0 
0 0 0 0 0 0 0 0 0 0 0 0 0 0 0 0 0 0 0 0 0 0 0 3 26029 0 0 7 0 0 114 22 0 4707064 10923237 7274428 0 0 0 9942492 0 0 713 0 
0 0 0 0 0 0 0 0 0 0 0 0 0 0 0 0 0 0 0 0 0 0 0 3 0 26078 26078 0 0 113 0 0 22 22936031 0 0 0 0 0 0 9953181 713 0 0 
0 0 0 0 0 0 0 0 0 0 0 0 0 0 0 0 0 0 0 0 0 0 0 3 26081 0 0 7 0 0 114 22 0 4714498 10935260 7285535 0 0 0 9954350 0 0 713 0 
0 0 0 0 0 0 0 0 0 0 0 0 0 0 0 0 0 0 0 0 0 0 0 3 0 26094 26094 0 0 113 0 0 22 22952012 0 0 0 0 0 0 9959380 713 0 0 
0 0 0 0 0 0 0 0 0 0 0 0 0 0 0 0 0 0 0 0 0 0 0 3 26097 0 0 7 0 0 114 22 0 4717373 10942023 7291879 0 0 0 9960550 0 0 713 0 
0 0 0 0 0 0 0 0 0 0 0 0 0 0 0 0 0 0 0 0 0 0 0 3 0 26154 26154 0 0 113 0 0 22 22979021 0 0 0 0 0 0 9970068 713 0 0 
0 0 0 0 0 0 0 0 0 0 0 0 0 0 0 0 0 0 0 0 0 0 0 3 26157 0 0 7 0 0 114 22 0 4723713 10952901 7301662 0 0 0 9971238 0 0 713 0 
0 0 0 0 0 0 0 0 0 0 0 0 0 0 0 0 0 0 0 0 0 0 0 3 0 26210 26210 0 0 113 0 0 22 23008121 0 0 0 0 0 0 9982063 713 0 0 
0 0 0 0 0 0 0 0 0 0 0 0 0 0 0 0 0 0 0 0 0 0 0 3 26213 0 0 7 0 0 114 22 0 4730123 10964225 7313029 0 0 0 9983237 0 0 713 0 
0 0 0 0 0 0 0 0 0 0 0 0 0 0 0 0 0 0 0 0 0 0 0 3 0 26266 26266 0 0 113 0 0 22 23040174 0 0 0 0 0 0 9994894 713 0 0 
0 0 0 0 0 0 0 0 0 0 0 0 0 0 0 0 0 0 0 0 0 0 0 3 26269 0 0 7 0 0 114 22 0 4737823 10977142 7324464 0 0 0 9996073 0 0 713 0 
0 0 0 0 0 0 0 0 0 0 0 0 0 0 0 0 0 0 0 0 0 0 0 3 0 26294 26290 0 0 113 0 0 22 23069088 0 0 0 0 0 0 10006696 713 0 0 
0 0 0 0 0 0 0 0 0 0 0 0 0 0 0 0 0 0 0 0 0 0 0 3 26293 0 0 7 0 0 114 22 0 4744348 10988319 7335677 0 0 0 10007872 0 0 713 0 
0 0 0 0 0 0 0 0 0 0 0 0 0 0 0 0 0 0 0 0 0 0 0 3 0 26334 26334 0 0 113 0 0 22 23090351 0 0 0 0 0 0 10013704 713 0 0 
0 0 0 0 0 0 0 0 0 0 0 0 0 0 0 0 0 0 0 0 0 0 0 3 26337 0 0 7 0 0 114 22 0 4748998 10997836 7342772 0 0 0 10014882 0 0 713 0 
0 0 0 0 0 0 0 0 0 0 0 0 0 0 0 0 0 0 0 0 0 0 0 3 0 26394 26394 0 0 113 0 0 22 23114840 0 0 0 0 0 0 10023685 713 0 0 
0 0 0 0 0 0 0 0 0 0 0 0 0 0 0 0 0 0 0 0 0 0 0 3 26397 0 0 7 0 0 114 22 0 4755013 11006716 7352361 0 0 0 10024863 0 0 713 0 
0 0 0 0 0 0 0 0 0 0 0 0 0 0 0 0 0 0 0 0 0 0 0 3 0 26450 26450 0 0 113 0 0 22 23142535 0 0 0 0 0 0 10035119 713 0 0 
0 0 0 0 0 0 0 0 0 0 0 0 0 0 0 0 0 0 0 0 0 0 0 3 26453 0 0 7 0 0 114 22 0 4760894 11017613 7363281 0 0 0 10036299 0 0 713 0 
0 0 0 0 0 0 0 0 0 0 0 0 0 0 0 0 0 0 0 0 0 0 0 3 0 26506 26506 0 0 113 0 0 22 23173626 0 0 0 0 0 0 10047298 713 0 0 
0 0 0 0 0 0 0 0 0 0 0 0 0 0 0 0 0 0 0 0 0 0 0 3 26509 0 0 7 0 0 114 22 0 4768527 11029878 7374474 0 0 0 10048483 0 0 713 0 
0 0 0 0 0 0 0 0 0 0 0 0 0 0 0 0 0 0 0 0 0 0 0 3 0 26538 26534 0 0 113 0 0 22 23201755 0 0 0 0 0 0 10058646 713 0 0 
0 0 0 0 0 0 0 0 0 0 0 0 0 0 0 0 0 0 0 0 0 0 0 3 26537 0 0 7 0 0 114 22 0 4775053 11040573 7385382 0 0 0 10059834 0 0 713 0 
0 0 0 0 0 0 0 0 0 0 0 0 0 0 0 0 0 0 0 0 0 0 0 3 0 26574 26574 0 0 113 0 0 22 23225171 0 0 0 0 0 0 10066507 713 0 0 
0 0 0 0 0 0 0 0 0 0 0 0 0 0 0 0 0 0 0 0 0 0 0 3 26577 0 0 7 0 0 114 22 0 4780184 11051471 7392768 0 0 0 10067695 0 0 713 0 
0 0 0 0 0 0 0 0 0 0 0 0 0 0 0 0 0 0 0 0 0 0 0 3 0 26634 26634 0 0 113 0 0 22 23248926 0 0 0 0 0 0 10076652 713 0 0 
0 0 0 0 0 0 0 0 0 0 0 0 0 0 0 0 0 0 0 0 0 0 0 3 26637 0 0 7 0 0 114 22 0 4785783 11060022 7402374 0 0 0 10077841 0 0 713 0 
0 0 0 0 0 0 0 0 0 0 0 0 0 0 0 0 0 0 0 0 0 0 0 3 0 26690 26690 0 0 113 0 0 22 23276100 0 0 0 0 0 0 10087784 713 0 0 
0 0 0 0 0 0 0 0 0 0 0 0 0 0 0 0 0 0 0 0 0 0 0 3 26693 0 0 7 0 0 114 22 0 4791541 11070615 7413192 0 0 0 10088977 0 0 713 0 
0 0 0 0 0 0 0 0 0 0 0 0 0 0 0 0 0 0 0 0 0 0 0 3 0 26746 26746 0 0 113 0 0 22 23308123 0 0 0 0 0 0 10100276 713 0 0 
0 0 0 0 0 0 0 0 0 0 0 0 0 0 0 0 0 0 0 0 0 0 0 3 26749 0 0 7 0 0 114 22 0 4799310 11083193 7424867 0 0 0 10101472 0 0 713 0 
0 0 0 0 0 0 0 0 0 0 0 0 0 0 0 0 0 0 0 0 0 0 0 3 0 26758 26758 0 0 113 0 0 22 23331572 0 0 0 0 0 0 10108422 713 0 0 
0 0 0 0 0 0 0 0 0 0 0 0 0 0 0 0 0 0 0 0 0 0 0 3 26761 0 0 7 0 0 114 22 0 4804923 11093440 7432455 0 0 0 10109618 0 0 713 0 
0 0 0 0 0 0 0 0 0 0 0 0 0 0 0 0 0 0 0 0 0 0 0 3 0 26814 26814 0 0 113 0 0 22 23354318 0 0 0 0 0 0 10119054 713 0 0 
0 0 0 0 0 0 0 0 0 0 0 0 0 0 0 0 0 0 0 0 0 0 0 3 26817 0 0 7 0 0 114 22 0 4809414 11102714 7441437 0 0 0 10120252 0 0 713 0 
0 0 0 0 0 0 0 0 0 0 0 0 0 0 0 0 0 0 0 0 0 0 0 3 0 26870 26870 0 0 113 0 0 22 23380242 0 0 0 0 0 0 10129897 713 0 0 
0 0 0 0 0 0 0 0 0 0 0 0 0 0 0 0 0 0 0 0 0 0 0 3 26873 0 0 7 0 0 114 22 0 4814708 11112980 7451802 0 0 0 10131098 0 0 713 0 
0 0 0 0 0 0 0 0 0 0 0 0 0 0 0 0 0 0 0 0 0 0 0 3 0 26926 26926 0 0 113 0 0 22 23411128 0 0 0 0 0 0 10141854 713 0 0 
0 0 0 0 0 0 0 0 0 0 0 0 0 0 0 0 0 0 0 0 0 0 0 3 26929 0 0 7 0 0 114 22 0 4822373 11125023 7462976 0 0 0 10143053 0 0 713 0 
0 0 0 0 0 0 0 0 0 0 0 0 0 0 0 0 0 0 0 0 0 0 0 3 0 26953 26950 0 0 113 0 0 22 23439466 0 0 0 0 0 0 10153370 713 0 0 
0 0 0 0 0 0 0 0 0 0 0 0 0 0 0 0 0 0 0 0 0 0 0 3 26953 0 0 7 0 0 114 22 0 4828988 11135791 7473927 0 0 0 10154570 0 0 713 0 
0 0 0 0 0 0 0 0 0 0 0 0 0 0 0 0 0 0 0 0 0 0 0 3 0 26994 26994 0 0 113 0 0 22 23462626 0 0 0 0 0 0 10160978 713 0 0 
0 0 0 0 0 0 0 0 0 0 0 0 0 0 0 0 0 0 0 0 0 0 0 3 26997 0 0 7 0 0 114 22 0 4834086 11146412 7481370 0 0 0 10162179 0 0 713 0 
0 0 0 0 0 0 0 0 0 0 0 0 0 0 0 0 0 0 0 0 0 0 0 3 0 27054 27054 0 0 113 0 0 22 23486476 0 0 0 0 0 0 10171800 713 0 0 
0 0 0 0 0 0 0 0 0 0 0 0 0 0 0 0 0 0 0 0 0 0 0 3 27057 0 0 7 0 0 114 22 0 4839429 11155849 7490440 0 0 0 10172999 0 0 713 0 
0 0 0 0 0 0 0 0 0 0 0 0 0 0 0 0 0 0 0 0 0 0 0 3 0 27110 27110 0 0 113 0 0 22 23514867 0 0 0 0 0 0 10183585 713 0 0 
0 0 0 0 0 0 0 0 0 0 0 0 0 0 0 0 0 0 0 0 0 0 0 3 27113 0 0 7 0 0 114 22 0 4845669 11167001 7501436 0 0 0 10184785 0 0 713 0 
0 0 0 0 0 0 0 0 0 0 0 0 0 0 0 0 0 0 0 0 0 0 0 3 0 27166 27166 0 0 113 0 0 22 23546047 0 0 0 0 0 0 10195849 713 0 0 
0 0 0 0 0 0 0 0 0 0 0 0 0 0 0 0 0 0 0 0 0 0 0 3 27169 0 0 7 0 0 114 22 0 4853360 11179350 7512572 0 0 0 10197051 0 0 713 0 
0 0 0 0 0 0 0 0 0 0 0 0 0 0 0 0 0 0 0 0 0 0 0 3 0 27178 27174 0 0 113 0 0 22 23567992 0 0 0 0 0 0 10203116 713 0 0 
0 0 0 0 0 0 0 0 0 0 0 0 0 0 0 0 0 0 0 0 0 0 0 3 27177 0 0 7 0 0 114 22 0 4857615 11189217 7520394 0 0 0 10204318 0 0 713 0 
0 0 0 0 0 0 0 0 0 0 0 0 0 0 0 0 0 0 0 0 0 0 0 3 0 27234 27234 0 0 113 0 0 22 23592968 0 0 0 0 0 0 10214444 713 0 0 
0 0 0 0 0 0 0 0 0 0 0 0 0 0 0 0 0 0 0 0 0 0 0 3 27237 0 0 7 0 0 114 22 0 4863327 11198604 7530261 0 0 0 10215650 0 0 713 0 
0 0 0 0 0 0 0 0 0 0 0 0 0 0 0 0 0 0 0 0 0 0 0 3 0 27290 27290 0 0 113 0 0 22 23619086 0 0 0 0 0 0 10225276 713 0 0 
0 0 0 0 0 0 0 0 0 0 0 0 0 0 0 0 0 0 0 0 0 0 0 3 27293 0 0 7 0 0 114 22 0 4868677 11208942 7540690 0 0 0 10226482 0 0 713 0 
0 0 0 0 0 0 0 0 0 0 0 0 0 0 0 0 0 0 0 0 0 0 0 3 0 27346 27346 0 0 113 0 0 22 23650771 0 0 0 0 0 0 10237307 713 0 0 
0 0 0 0 0 0 0 0 0 0 0 0 0 0 0 0 0 0 0 0 0 0 0 3 27349 0 0 7 0 0 114 22 0 4876342 11221059 7552591 0 0 0 10238515 0 0 713 0 
0 0 0 0 0 0 0 0 0 0 0 0 0 0 0 0 0 0 0 0 0 0 0 3 0 27370 27366 0 0 113 0 0 22 23679743 0 0 0 0 0 0 10249380 713 0 0 
0 0 0 0 0 0 0 0 0 0 0 0 0 0 0 0 0 0 0 0 0 0 0 3 27369 0 0 7 0 0 114 22 0 4882736 11232451 7563777 0 0 0 10250588 0 0 713 0 
0 0 0 0 0 0 0 0 0 0 0 0 0 0 0 0 0 0 0 0 0 0 0 3 0 27414 27414 0 0 113 0 0 22 23699983 0 0 0 0 0 0 10257491 713 0 0 
0 0 0 0 0 0 0 0 0 0 0 0 0 0 0 0 0 0 0 0 0 0 0 3 27417 0 0 7 0 0 114 22 0 4886688 11242206 7570310 0 0 0 10258699 0 0 713 0 
0 0 0 0 0 0 0 0 0 0 0 0 0 0 0 0 0 0 0 0 0 0 0 3 0 27472 27470 0 0 113 0 0 22 23723267 0 0 0 0 0 0 10266854 713 0 0 
0 0 0 0 0 0 0 0 0 0 0 0 0 0 0 0 0 0 0 0 0 0 0 3 27473 0 0 7 0 0 114 22 0 4891802 11250773 7579907 0 0 0 10268067 0 0 713 0 
0 0 0 0 0 0 0 0 0 0 0 0 0 0 0 0 0 0 0 0 0 0 0 3 0 27530 27526 0 0 113 0 0 22 23754674 0 0 0 0 0 0 10279177 713 0 0 
0 0 0 0 0 0 0 0 0 0 0 0 0 0 0 0 0 0 0 0 0 0 0 3 27529 0 0 7 0 0 114 22 0 4899465 11263178 7591248 0 0 0 10280388 0 0 713 0 
0 0 0 0 0 0 0 0 0 0 0 0 0 0 0 0 0 0 0 0 0 0 0 3 0 27586 27586 0 0 113 0 0 22 23786065 0 0 0 0 0 0 10291221 713 0 0 
0 0 0 0 0 0 0 0 0 0 0 0 0 0 0 0 0 0 0 0 0 0 0 3 27589 0 0 7 0 0 114 22 0 4907141 11275306 7602834 0 0 0 10292431 0 0 713 0 
0 0 0 0 0 0 0 0 0 0 0 0 0 0 0 0 0 0 0 0 0 0 0 3 0 27598 27594 0 0 113 0 0 22 23807130 0 0 0 0 0 0 10298337 713 0 0 
0 0 0 0 0 0 0 0 0 0 0 0 0 0 0 0 0 0 0 0 0 0 0 3 27597 0 0 7 0 0 114 22 0 4911343 11285057 7609947 0 0 0 10299547 0 0 713 0 
0 0 0 0 0 0 0 0 0 0 0 0 0 0 0 0 0 0 0 0 0 0 0 3 0 27654 27654 0 0 113 0 0 22 23830550 0 0 0 0 0 0 10309053 713 0 0 
0 0 0 0 0 0 0 0 0 0 0 0 0 0 0 0 0 0 0 0 0 0 0 3 27657 0 0 7 0 0 114 22 0 4916710 11293840 7619215 0 0 0 10310262 0 0 713 0 
0 0 0 0 0 0 0 0 0 0 0 0 0 0 0 0 0 0 0 0 0 0 0 3 0 27710 27710 0 0 113 0 0 22 23858468 0 0 0 0 0 0 10320863 713 0 0 
0 0 0 0 0 0 0 0 0 0 0 0 0 0 0 0 0 0 0 0 0 0 0 3 27713 0 0 7 0 0 114 22 0 4922553 11305111 7630020 0 0 0 10322075 0 0 713 0 
0 0 0 0 0 0 0 0 0 0 0 0 0 0 0 0 0 0 0 0 0 0 0 3 0 27766 27766 0 0 113 0 0 22 23890552 0 0 0 0 0 0 10333617 713 0 0 
0 0 0 0 0 0 0 0 0 0 0 0 0 0 0 0 0 0 0 0 0 0 0 3 27769 0 0 7 0 0 114 22 0 4930289 11317950 7641532 0 0 0 10334830 0 0 713 0 
0 0 0 0 0 0 0 0 0 0 0 0 0 0 0 0 0 0 0 0 0 0 0 3 0 27798 27798 0 0 113 0 0 22 23919338 0 0 0 0 0 0 10345368 713 0 0 
0 0 0 0 0 0 0 0 0 0 0 0 0 0 0 0 0 0 0 0 0 0 0 3 27801 0 0 7 0 0 114 22 0 4936956 11329051 7652552 0 0 0 10346581 0 0 713 0 
0 0 0 0 0 0 0 0 0 0 0 0 0 0 0 0 0 0 0 0 0 0 0 3 0 27834 27834 0 0 113 0 0 22 23939247 0 0 0 0 0 0 10352724 713 0 0 
0 0 0 0 0 0 0 0 0 0 0 0 0 0 0 0 0 0 0 0 0 0 0 3 27837 0 0 7 0 0 114 22 0 4940909 11338274 7659286 0 0 0 10353940 0 0 713 0 
0 0 0 0 0 0 0 0 0 0 0 0 0 0 0 0 0 0 0 0 0 0 0 3 0 27894 27890 0 0 113 0 0 22 23962244 0 0 0 0 0 0 10362761 713 0 0 
0 0 0 0 0 0 0 0 0 0 0 0 0 0 0 0 0 0 0 0 0 0 0 3 27893 0 0 7 0 0 114 22 0 4945768 11347255 7668443 0 0 0 10363975 0 0 713 0 
0 0 0 0 0 0 0 0 0 0 0 0 0 0 0 0 0 0 0 0 0 0 0 3 0 27950 27950 0 0 113 0 0 22 23993440 0 0 0 0 0 0 10374824 713 0 0 
0 0 0 0 0 0 0 0 0 0 0 0 0 0 0 0 0 0 0 0 0 0 0 3 27953 0 0 7 0 0 114 22 0 4953411 11359403 7679840 0 0 0 10376039 0 0 713 0 
0 0 0 0 0 0 0 0 0 0 0 0 0 0 0 0 0 0 0 0 0 0 0 3 0 28006 28002 0 0 113 0 0 22 24026088 0 0 0 0 0 0 10386508 713 0 0 
0 0 0 0 0 0 0 0 0 0 0 0 0 0 0 0 0 0 0 0 0 0 0 3 28005 0 0 7 0 0 114 22 0 4963027 11371195 7691083 0 0 0 10387727 0 0 713 0 
<====
0 0 0 0 0 0 0 0 0 0 0 0 0 0 0 0 0 0 0 0 0 0 0 3 0 28006 28002 0 0 113 0 0 22 24028551 0 0 0 0 0 0 10386534 713 0 0 
0 0 0 0 0 0 0 0 0 0 0 0 0 0 0 0 0 0 0 0 0 0 0 3 28005 0 0 7 0 0 114 22 0 4965489 11371195 7691083 0 0 0 10387753 0 0 713 0 
0 0 0 0 0 0 0 0 0 0 0 0 0 0 0 0 0 0 0 0 0 0 0 3 0 28006 28002 0 0 113 0 0 22 24028551 0 0 0 0 0 0 10386534 713 0 0 
0 0 0 0 0 0 0 0 0 0 0 0 0 0 0 0 0 0 0 0 0 0 0 3 28005 0 0 7 0 0 114 22 0 4965489 11371195 7691083 0 0 0 10387753 0 0 713 0 
0 0 0 0 0 0 0 0 0 0 0 0 0 0 0 0 0 0 0 0 0 0 0 3 0 28006 28002 0 0 113 0 0 22 24028551 0 0 0 0 0 0 10386534 713 0 0 
0 0 0 0 0 0 0 0 0 0 0 0 0 0 0 0 0 0 0 0 0 0 0 3 28005 0 0 7 0 0 114 22 0 4965489 11371195 7691083 0 0 0 10387753 0 0 713 0 
0 0 0 0 0 0 0 0 0 0 0 0 0 0 0 0 0 0 0 0 0 0 0 3 0 28006 28002 0 0 113 0 0 22 24028551 0 0 0 0 0 0 10386534 713 0 0 
0 0 0 0 0 0 0 0 0 0 0 0 0 0 0 0 0 0 0 0 0 0 0 3 28005 0 0 7 0 0 114 22 0 4965489 11371195 7691083 0 0 0 10387753 0 0 713 0 
0 0 0 0 0 0 0 0 0 0 0 0 0 0 0 0 0 0 0 0 0 0 0 3 0 28006 28002 0 0 113 0 0 22 24028551 0 0 0 0 0 0 10386534 713 0 0 
0 0 0 0 0 0 0 0 0 0 0 0 0 0 0 0 0 0 0 0 0 0 0 3 28005 0 0 7 0 0 114 22 0 4965489 11371195 7691083 0 0 0 10387753 0 0 713 0 
0 0 0 0 0 0 0 0 0 0 0 0 0 0 0 0 0 0 0 0 0 0 0 3 0 28006 28002 0 0 113 0 0 22 24028551 0 0 0 0 0 0 10386534 713 0 0 
0 0 0 0 0 0 0 0 0 0 0 0 0 0 0 0 0 0 0 0 0 0 0 3 28005 0 0 7 0 0 114 22 0 4965489 11371195 7691083 0 0 0 10387753 0 0 713 0 
0 0 0 0 0 0 0 0 0 0 0 0 0 0 0 0 0 0 0 0 0 0 0 3 0 28006 28002 0 0 113 0 0 22 24028551 0 0 0 0 0 0 10386534 713 0 0 
0 0 0 0 0 0 0 0 0 0 0 0 0 0 0 0 0 0 0 0 0 0 0 3 28005 0 0 7 0 0 114 22 0 4965489 11371195 7691083 0 0 0 10387753 0 0 713 0 
0 0 0 0 0 0 0 0 0 0 0 0 0 0 0 0 0 0 0 0 0 0 0 3 0 28006 28002 0 0 113 0 0 22 24028551 0 0 0 0 0 0 10386534 713 0 0 
0 0 0 0 0 0 0 0 0 0 0 0 0 0 0 0 0 0 0 0 0 0 0 3 28005 0 0 7 0 0 114 22 0 4965489 11371195 7691083 0 0 0 10387753 0 0 713 0 
0 0 0 0 0 0 0 0 0 0 0 0 0 0 0 0 0 0 0 0 0 0 0 3 0 28006 28002 0 0 113 0 0 22 24028551 0 0 0 0 0 0 10386534 713 0 0 
0 0 0 0 0 0 0 0 0 0 0 0 0 0 0 0 0 0 0 0 0 0 0 3 28005 0 0 7 0 0 114 22 0 4965489 11371195 7691083 0 0 0 10387753 0 0 713 0 
0 0 0 0 0 0 0 0 0 0 0 0 0 0 0 0 0 0 0 0 0 0 0 3 0 28006 28002 0 0 113 0 0 22 24028551 0 0 0 0 0 0 10386534 713 0 0 
0 0 0 0 0 0 0 0 0 0 0 0 0 0 0 0 0 0 0 0 0 0 0 3 28005 0 0 7 0 0 114 22 0 4965489 11371195 7691083 0 0 0 10387753 0 0 713 0 
0 0 0 0 0 0 0 0 0 0 0 0 0 0 0 0 0 0 0 0 0 0 0 3 0 28006 28002 0 0 113 0 0 22 24028551 0 0 0 0 0 0 10386534 713 0 0 
0 0 0 0 0 0 0 0 0 0 0 0 0 0 0 0 0 0 0 0 0 0 0 3 28005 0 0 7 0 0 114 22 0 4965489 11371195 7691083 0 0 0 10387753 0 0 713 0 
0 0 0 0 0 0 0 0 0 0 0 0 0 0 0 0 0 0 0 0 0 0 0 3 0 28006 28002 0 0 113 0 0 22 24028551 0 0 0 0 0 0 10386534 713 0 0 
0 0 0 0 0 0 0 0 0 0 0 0 0 0 0 0 0 0 0 0 0 0 0 3 28005 0 0 7 0 0 114 22 0 4965489 11371195 7691083 0 0 0 10387753 0 0 713 0 
0 0 0 0 0 0 0 0 0 0 0 0 0 0 0 0 0 0 0 0 0 0 0 3 0 28006 28002 0 0 113 0 0 22 24028551 0 0 0 0 0 0 10386534 713 0 0 
0 0 0 0 0 0 0 0 0 0 0 0 0 0 0 0 0 0 0 0 0 0 0 3 28005 0 0 7 0 0 114 22 0 4965489 11371195 7691083 0 0 0 10387753 0 0 713 0 
0 0 0 0 0 0 0 0 0 0 0 0 0 0 0 0 0 0 0 0 0 0 0 3 0 28006 28002 0 0 113 0 0 22 24028551 0 0 0 0 0 0 10386534 713 0 0 
0 0 0 0 0 0 0 0 0 0 0 0 0 0 0 0 0 0 0 0 0 0 0 3 28005 0 0 7 0 0 114 22 0 4965489 11371195 7691083 0 0 0 10387753 0 0 713 0 
0 0 0 0 0 0 0 0 0 0 0 0 0 0 0 0 0 0 0 0 0 0 0 3 0 28006 28002 0 0 113 0 0 22 24028551 0 0 0 0 0 0 10386534 713 0 0 
0 0 0 0 0 0 0 0 0 0 0 0 0 0 0 0 0 0 0 0 0 0 0 3 28005 0 0 7 0 0 114 22 0 4965489 11371195 7691083 0 0 0 10387753 0 0 713 0 
0 0 0 0 0 0 0 0 0 0 0 0 0 0 0 0 0 0 0 0 0 0 0 3 0 28006 28002 0 0 113 0 0 22 24028551 0 0 0 0 0 0 10386534 713 0 0 
0 0 0 0 0 0 0 0 0 0 0 0 0 0 0 0 0 0 0 0 0 0 0 3 28005 0 0 7 0 0 114 22 0 4965489 11371195 7691083 0 0 0 10387753 0 0 713 0 
0 0 0 0 0 0 0 0 0 0 0 0 0 0 0 0 0 0 0 0 0 0 0 3 0 28006 28002 0 0 113 0 0 22 24028551 0 0 0 0 0 0 10386534 713 0 0 
0 0 0 0 0 0 0 0 0 0 0 0 0 0 0 0 0 0 0 0 0 0 0 3 28005 0 0 7 0 0 114 22 0 4965489 11371195 7691083 0 0 0 10387753 0 0 713 0 
0 0 0 0 0 0 0 0 0 0 0 0 0 0 0 0 0 0 0 0 0 0 0 3 0 28006 28002 0 0 113 0 0 22 24028551 0 0 0 0 0 0 10386534 713 0 0 
0 0 0 0 0 0 0 0 0 0 0 0 0 0 0 0 0 0 0 0 0 0 0 3 28005 0 0 7 0 0 114 22 0 4965489 11371195 7691083 0 0 0 10387753 0 0 713 0 
0 0 0 0 0 0 0 0 0 0 0 0 0 0 0 0 0 0 0 0 0 0 0 3 0 28006 28002 0 0 113 0 0 22 24028551 0 0 0 0 0 0 10386534 713 0 0 
0 0 0 0 0 0 0 0 0 0 0 0 0 0 0 0 0 0 0 0 0 0 0 3 28005 0 0 7 0 0 114 22 0 4965489 11371195 7691083 0 0 0 10387753 0 0 713 0 
0 0 0 0 0 0 0 0 0 0 0 0 0 0 0 0 0 0 0 0 0 0 0 3 0 28006 28002 0 0 113 0 0 22 24028551 0 0 0 0 0 0 10386534 713 0 0 
0 0 0 0 0 0 0 0 0 0 0 0 0 0 0 0 0 0 0 0 0 0 0 3 28005 0 0 7 0 0 114 22 0 4965489 11371195 7691083 0 0 0 10387753 0 0 713 0 
0 0 0 0 0 0 0 0 0 0 0 0 0 0 0 0 0 0 0 0 0 0 0 3 0 28006 28002 0 0 113 0 0 22 24028551 0 0 0 0 0 0 10386534 713 0 0 
0 0 0 0 0 0 0 0 0 0 0 0 0 0 0 0 0 0 0 0 0 0 0 3 28005 0 0 7 0 0 114 22 0 4965489 11371195 7691083 0 0 0 10387753 0 0 713 0 
0 0 0 0 0 0 0 0 0 0 0 0 0 0 0 0 0 0 0 0 0 0 0 3 0 28006 28002 0 0 113 0 0 22 24028551 0 0 0 0 0 0 10386534 713 0 0 
0 0 0 0 0 0 0 0 0 0 0 0 0 0 0 0 0 0 0 0 0 0 0 3 28005 0 0 7 0 0 114 22 0 4965489 11371195 7691083 0 0 0 10387753 0 0 713 0 
0 0 0 0 0 0 0 0 0 0 0 0 0 0 0 0 0 0 0 0 0 0 0 3 0 28006 28002 0 0 113 0 0 22 24028551 0 0 0 0 0 0 10386534 713 0 0 
0 0 0 0 0 0 0 0 0 0 0 0 0 0 0 0 0 0 0 0 0 0 0 3 28005 0 0 7 0 0 114 22 0 4965489 11371195 7691083 0 0 0 10387753 0 0 713 0 
0 0 0 0 0 0 0 0 0 0 0 0 0 0 0 0 0 0 0 0 0 0 0 3 0 28006 28002 0 0 113 0 0 22 24028551 0 0 0 0 0 0 10386534 713 0 0 
0 0 0 0 0 0 0 0 0 0 0 0 0 0 0 0 0 0 0 0 0 0 0 3 28005 0 0 7 0 0 114 22 0 4965489 11371195 7691083 0 0 0 10387753 0 0 713 0 
0 0 0 0 0 0 0 0 0 0 0 0 0 0 0 0 0 0 0 0 0 0 0 3 0 28006 28002 0 0 113 0 0 22 24028551 0 0 0 0 0 0 10386534 713 0 0 
0 0 0 0 0 0 0 0 0 0 0 0 0 0 0 0 0 0 0 0 0 0 0 3 28005 0 0 7 0 0 114 22 0 4965489 11371195 7691083 0 0 0 10387753 0 0 713 0 
0 0 0 0 0 0 0 0 0 0 0 0 0 0 0 0 0 0 0 0 0 0 0 3 0 28006 28002 0 0 113 0 0 22 24028551 0 0 0 0 0 0 10386534 713 0 0 
0 0 0 0 0 0 0 0 0 0 0 0 0 0 0 0 0 0 0 0 0 0 0 3 28005 0 0 7 0 0 114 22 0 4965489 11371195 7691083 0 0 0 10387753 0 0 713 0 
0 0 0 0 0 0 0 0 0 0 0 0 0 0 0 0 0 0 0 0 0 0 0 3 0 28006 28002 0 0 113 0 0 22 24028551 0 0 0 0 0 0 10386534 713 0 0 
0 0 0 0 0 0 0 0 0 0 0 0 0 0 0 0 0 0 0 0 0 0 0 3 28005 0 0 7 0 0 114 22 0 4965489 11371195 7691083 0 0 0 10387753 0 0 713 0 
0 0 0 0 0 0 0 0 0 0 0 0 0 0 0 0 0 0 0 0 0 0 0 3 0 28006 28002 0 0 113 0 0 22 24028551 0 0 0 0 0 0 10386534 713 0 0 
0 0 0 0 0 0 0 0 0 0 0 0 0 0 0 0 0 0 0 0 0 0 0 3 28005 0 0 7 0 0 114 22 0 4965489 11371195 7691083 0 0 0 10387753 0 0 713 0 
0 0 0 0 0 0 0 0 0 0 0 0 0 0 0 0 0 0 0 0 0 0 0 3 0 28006 28002 0 0 113 0 0 22 24028551 0 0 0 0 0 0 10386534 713 0 0 
0 0 0 0 0 0 0 0 0 0 0 0 0 0 0 0 0 0 0 0 0 0 0 3 28005 0 0 7 0 0 114 22 0 4965489 11371195 7691083 0 0 0 10387753 0 0 713 0 
0 0 0 0 0 0 0 0 0 0 0 0 0 0 0 0 0 0 0 0 0 0 0 3 0 28006 28002 0 0 113 0 0 22 24028551 0 0 0 0 0 0 10386534 713 0 0 
0 0 0 0 0 0 0 0 0 0 0 0 0 0 0 0 0 0 0 0 0 0 0 3 28005 0 0 7 0 0 114 22 0 4965489 11371195 7691083 0 0 0 10387753 0 0 713 0 
0 0 0 0 0 0 0 0 0 0 0 0 0 0 0 0 0 0 0 0 0 0 0 3 0 28006 28002 0 0 113 0 0 22 24028551 0 0 0 0 0 0 10386534 713 0 0 
0 0 0 0 0 0 0 0 0 0 0 0 0 0 0 0 0 0 0 0 0 0 0 3 28005 0 0 7 0 0 114 22 0 4965489 11371195 7691083 0 0 0 10387753 0 0 713 0 
0 0 0 0 0 0 0 0 0 0 0 0 0 0 0 0 0 0 0 0 0 0 0 3 0 28006 28002 0 0 113 0 0 22 24028551 0 0 0 0 0 0 10386534 713 0 0 
0 0 0 0 0 0 0 0 0 0 0 0 0 0 0 0 0 0 0 0 0 0 0 3 28005 0 0 7 0 0 114 22 0 4965489 11371195 7691083 0 0 0 10387753 0 0 713 0 
0 0 0 0 0 0 0 0 0 0 0 0 0 0 0 0 0 0 0 0 0 0 0 3 0 28006 28002 0 0 113 0 0 22 24028551 0 0 0 0 0 0 10386534 713 0 0 
0 0 0 0 0 0 0 0 0 0 0 0 0 0 0 0 0 0 0 0 0 0 0 3 28005 0 0 7 0 0 114 22 0 4965489 11371195 7691083 0 0 0 10387753 0 0 713 0 
0 0 0 0 0 0 0 0 0 0 0 0 0 0 0 0 0 0 0 0 0 0 0 3 0 28006 28002 0 0 113 0 0 22 24028551 0 0 0 0 0 0 10386534 713 0 0 
0 0 0 0 0 0 0 0 0 0 0 0 0 0 0 0 0 0 0 0 0 0 0 3 28005 0 0 7 0 0 114 22 0 4965489 11371195 7691083 0 0 0 10387753 0 0 713 0 
0 0 0 0 0 0 0 0 0 0 0 0 0 0 0 0 0 0 0 0 0 0 0 3 0 28006 28002 0 0 113 0 0 22 24028551 0 0 0 0 0 0 10386534 713 0 0 
0 0 0 0 0 0 0 0 0 0 0 0 0 0 0 0 0 0 0 0 0 0 0 3 28005 0 0 7 0 0 114 22 0 4965489 11371195 7691083 0 0 0 10387753 0 0 713 0 
0 0 0 0 0 0 0 0 0 0 0 0 0 0 0 0 0 0 0 0 0 0 0 3 0 28006 28002 0 0 113 0 0 22 24028551 0 0 0 0 0 0 10386534 713 0 0 
0 0 0 0 0 0 0 0 0 0 0 0 0 0 0 0 0 0 0 0 0 0 0 3 28005 0 0 7 0 0 114 22 0 4965489 11371195 7691083 0 0 0 10387753 0 0 713 0 
0 0 0 0 0 0 0 0 0 0 0 0 0 0 0 0 0 0 0 0 0 0 0 3 0 28006 28002 0 0 113 0 0 22 24028551 0 0 0 0 0 0 10386534 713 0 0 
0 0 0 0 0 0 0 0 0 0 0 0 0 0 0 0 0 0 0 0 0 0 0 3 28005 0 0 7 0 0 114 22 0 4965489 11371195 7691083 0 0 0 10387753 0 0 713 0 
0 0 0 0 0 0 0 0 0 0 0 0 0 0 0 0 0 0 0 0 0 0 0 3 0 28006 28002 0 0 113 0 0 22 24028551 0 0 0 0 0 0 10386534 713 0 0 
0 0 0 0 0 0 0 0 0 0 0 0 0 0 0 0 0 0 0 0 0 0 0 3 28005 0 0 7 0 0 114 22 0 4965489 11371195 7691083 0 0 0 10387753 0 0 713 0 
0 0 0 0 0 0 0 0 0 0 0 0 0 0 0 0 0 0 0 0 0 0 0 3 0 28006 28002 0 0 113 0 0 22 24028551 0 0 0 0 0 0 10386534 713 0 0 
0 0 0 0 0 0 0 0 0 0 0 0 0 0 0 0 0 0 0 0 0 0 0 3 28005 0 0 7 0 0 114 22 0 4965489 11371195 7691083 0 0 0 10387753 0 0 713 0 
0 0 0 0 0 0 0 0 0 0 0 0 0 0 0 0 0 0 0 0 0 0 0 3 0 28006 28002 0 0 113 0 0 22 24028551 0 0 0 0 0 0 10386534 713 0 0 
0 0 0 0 0 0 0 0 0 0 0 0 0 0 0 0 0 0 0 0 0 0 0 3 28005 0 0 7 0 0 114 22 0 4965489 11371195 7691083 0 0 0 10387753 0 0 713 0 
0 0 0 0 0 0 0 0 0 0 0 0 0 0 0 0 0 0 0 0 0 0 0 3 0 28006 28002 0 0 113 0 0 22 24028551 0 0 0 0 0 0 10386534 713 0 0 
0 0 0 0 0 0 0 0 0 0 0 0 0 0 0 0 0 0 0 0 0 0 0 3 28005 0 0 7 0 0 114 22 0 4965489 11371195 7691083 0 0 0 10387753 0 0 713 0 
0 0 0 0 0 0 0 0 0 0 0 0 0 0 0 0 0 0 0 0 0 0 0 3 0 28006 28002 0 0 113 0 0 22 24028551 0 0 0 0 0 0 10386534 713 0 0 
0 0 0 0 0 0 0 0 0 0 0 0 0 0 0 0 0 0 0 0 0 0 0 3 28005 0 0 7 0 0 114 22 0 4965489 11371195 7691083 0 0 0 10387753 0 0 713 0 
0 0 0 0 0 0 0 0 0 0 0 0 0 0 0 0 0 0 0 0 0 0 0 3 0 28006 28002 0 0 113 0 0 22 24028551 0 0 0 0 0 0 10386534 713 0 0 
0 0 0 0 0 0 0 0 0 0 0 0 0 0 0 0 0 0 0 0 0 0 0 3 28005 0 0 7 0 0 114 22 0 4965489 11371195 7691083 0 0 0 10387753 0 0 713 0 
0 0 0 0 0 0 0 0 0 0 0 0 0 0 0 0 0 0 0 0 0 0 0 3 0 28006 28002 0 0 113 0 0 22 24028551 0 0 0 0 0 0 10386534 713 0 0 
0 0 0 0 0 0 0 0 0 0 0 0 0 0 0 0 0 0 0 0 0 0 0 3 28005 0 0 7 0 0 114 22 0 4965489 11371195 7691083 0 0 0 10387753 0 0 713 0 
0 0 0 0 0 0 0 0 0 0 0 0 0 0 0 0 0 0 0 0 0 0 0 3 0 28006 28002 0 0 113 0 0 22 24028551 0 0 0 0 0 0 10386534 713 0 0 
0 0 0 0 0 0 0 0 0 0 0 0 0 0 0 0 0 0 0 0 0 0 0 3 28005 0 0 7 0 0 114 22 0 4965489 11371195 7691083 0 0 0 10387753 0 0 713 0 
0 0 0 0 0 0 0 0 0 0 0 0 0 0 0 0 0 0 0 0 0 0 0 3 0 28006 28002 0 0 113 0 0 22 24028551 0 0 0 0 0 0 10386534 713 0 0 
0 0 0 0 0 0 0 0 0 0 0 0 0 0 0 0 0 0 0 0 0 0 0 3 28005 0 0 7 0 0 114 22 0 4965489 11371195 7691083 0 0 0 10387753 0 0 713 0 
0 0 0 0 0 0 0 0 0 0 0 0 0 0 0 0 0 0 0 0 0 0 0 3 0 28006 28002 0 0 113 0 0 22 24028551 0 0 0 0 0 0 10386534 713 0 0 
0 0 0 0 0 0 0 0 0 0 0 0 0 0 0 0 0 0 0 0 0 0 0 3 28005 0 0 7 0 0 114 22 0 4965489 11371195 7691083 0 0 0 10387753 0 0 713 0 
0 0 0 0 0 0 0 0 0 0 0 0 0 0 0 0 0 0 0 0 0 0 0 3 0 28006 28002 0 0 113 0 0 22 24028551 0 0 0 0 0 0 10386534 713 0 0 
0 0 0 0 0 0 0 0 0 0 0 0 0 0 0 0 0 0 0 0 0 0 0 3 28005 0 0 7 0 0 114 22 0 4965489 11371195 7691083 0 0 0 10387753 0 0 713 0 
0 0 0 0 0 0 0 0 0 0 0 0 0 0 0 0 0 0 0 0 0 0 0 3 0 28006 28002 0 0 113 0 0 22 24028551 0 0 0 0 0 0 10386534 713 0 0 
0 0 0 0 0 0 0 0 0 0 0 0 0 0 0 0 0 0 0 0 0 0 0 3 28005 0 0 7 0 0 114 22 0 4965489 11371195 7691083 0 0 0 10387753 0 0 713 0 
0 0 0 0 0 0 0 0 0 0 0 0 0 0 0 0 0 0 0 0 0 0 0 3 0 28006 28002 0 0 113 0 0 22 24028551 0 0 0 0 0 0 10386534 713 0 0 
0 0 0 0 0 0 0 0 0 0 0 0 0 0 0 0 0 0 0 0 0 0 0 3 28005 0 0 7 0 0 114 22 0 4965489 11371195 7691083 0 0 0 10387753 0 0 713 0 
0 0 0 0 0 0 0 0 0 0 0 0 0 0 0 0 0 0 0 0 0 0 0 3 0 28006 28002 0 0 113 0 0 22 24028551 0 0 0 0 0 0 10386534 713 0 0 
0 0 0 0 0 0 0 0 0 0 0 0 0 0 0 0 0 0 0 0 0 0 0 3 28005 0 0 7 0 0 114 22 0 4965489 11371195 7691083 0 0 0 10387753 0 0 713 0 
0 0 0 0 0 0 0 0 0 0 0 0 0 0 0 0 0 0 0 0 0 0 0 3 0 28006 28002 0 0 113 0 0 22 24028551 0 0 0 0 0 0 10386534 713 0 0 
0 0 0 0 0 0 0 0 0 0 0 0 0 0 0 0 0 0 0 0 0 0 0 3 28005 0 0 7 0 0 114 22 0 4965489 11371195 7691083 0 0 0 10387753 0 0 713 0 
0 0 0 0 0 0 0 0 0 0 0 0 0 0 0 0 0 0 0 0 0 0 0 3 0 28006 28002 0 0 113 0 0 22 24028551 0 0 0 0 0 0 10386534 713 0 0 
0 0 0 0 0 0 0 0 0 0 0 0 0 0 0 0 0 0 0 0 0 0 0 3 28005 0 0 7 0 0 114 22 0 4965489 11371195 7691083 0 0 0 10387753 0 0 713 0 
0 0 0 0 0 0 0 0 0 0 0 0 0 0 0 0 0 0 0 0 0 0 0 3 0 28006 28002 0 0 113 0 0 22 24028551 0 0 0 0 0 0 10386534 713 0 0 
0 0 0 0 0 0 0 0 0 0 0 0 0 0 0 0 0 0 0 0 0 0 0 3 28005 0 0 7 0 0 114 22 0 4965489 11371195 7691083 0 0 0 10387753 0 0 713 0 
0 0 0 0 0 0 0 0 0 0 0 0 0 0 0 0 0 0 0 0 0 0 0 3 0 28006 28002 0 0 113 0 0 22 24028551 0 0 0 0 0 0 10386534 713 0 0 
0 0 0 0 0 0 0 0 0 0 0 0 0 0 0 0 0 0 0 0 0 0 0 3 28005 0 0 7 0 0 114 22 0 4965489 11371195 7691083 0 0 0 10387753 0 0 713 0 
0 0 0 0 0 0 0 0 0 0 0 0 0 0 0 0 0 0 0 0 0 0 0 3 0 28006 28002 0 0 113 0 0 22 24028551 0 0 0 0 0 0 10386534 713 0 0 
0 0 0 0 0 0 0 0 0 0 0 0 0 0 0 0 0 0 0 0 0 0 0 3 28005 0 0 7 0 0 114 22 0 4965489 11371195 7691083 0 0 0 10387753 0 0 713 0 
0 0 0 0 0 0 0 0 0 0 0 0 0 0 0 0 0 0 0 0 0 0 0 3 0 28006 28002 0 0 113 0 0 22 24028551 0 0 0 0 0 0 10386534 713 0 0 
0 0 0 0 0 0 0 0 0 0 0 0 0 0 0 0 0 0 0 0 0 0 0 3 28005 0 0 7 0 0 114 22 0 4965489 11371195 7691083 0 0 0 10387753 0 0 713 0 
0 0 0 0 0 0 0 0 0 0 0 0 0 0 0 0 0 0 0 0 0 0 0 3 0 28006 28002 0 0 113 0 0 22 24028551 0 0 0 0 0 0 10386534 713 0 0 
0 0 0 0 0 0 0 0 0 0 0 0 0 0 0 0 0 0 0 0 0 0 0 3 28005 0 0 7 0 0 114 22 0 4965489 11371195 7691083 0 0 0 10387753 0 0 713 0 
0 0 0 0 0 0 0 0 0 0 0 0 0 0 0 0 0 0 0 0 0 0 0 3 0 28006 28002 0 0 113 0 0 22 24028551 0 0 0 0 0 0 10386534 713 0 0 
0 0 0 0 0 0 0 0 0 0 0 0 0 0 0 0 0 0 0 0 0 0 0 3 28005 0 0 7 0 0 114 22 0 4965489 11371195 7691083 0 0 0 10387753 0 0 713 0 
0 0 0 0 0 0 0 0 0 0 0 0 0 0 0 0 0 0 0 0 0 0 0 3 0 28006 28002 0 0 113 0 0 22 24028551 0 0 0 0 0 0 10386534 713 0 0 
0 0 0 0 0 0 0 0 0 0 0 0 0 0 0 0 0 0 0 0 0 0 0 3 28005 0 0 7 0 0 114 22 0 4965489 11371195 7691083 0 0 0 10387753 0 0 713 0 
0 0 0 0 0 0 0 0 0 0 0 0 0 0 0 0 0 0 0 0 0 0 0 3 0 28006 28002 0 0 113 0 0 22 24028551 0 0 0 0 0 0 10386534 713 0 0 
0 0 0 0 0 0 0 0 0 0 0 0 0 0 0 0 0 0 0 0 0 0 0 3 28005 0 0 7 0 0 114 22 0 4965489 11371195 7691083 0 0 0 10387753 0 0 713 0 
0 0 0 0 0 0 0 0 0 0 0 0 0 0 0 0 0 0 0 0 0 0 0 3 0 28006 28002 0 0 113 0 0 22 24028551 0 0 0 0 0 0 10386534 713 0 0 
0 0 0 0 0 0 0 0 0 0 0 0 0 0 0 0 0 0 0 0 0 0 0 3 28005 0 0 7 0 0 114 22 0 4965489 11371195 7691083 0 0 0 10387753 0 0 713 0 
0 0 0 0 0 0 0 0 0 0 0 0 0 0 0 0 0 0 0 0 0 0 0 3 0 28006 28002 0 0 113 0 0 22 24028551 0 0 0 0 0 0 10386534 713 0 0 
0 0 0 0 0 0 0 0 0 0 0 0 0 0 0 0 0 0 0 0 0 0 0 3 28005 0 0 7 0 0 114 22 0 4965489 11371195 7691083 0 0 0 10387753 0 0 713 0 
0 0 0 0 0 0 0 0 0 0 0 0 0 0 0 0 0 0 0 0 0 0 0 3 0 28006 28002 0 0 113 0 0 22 24028551 0 0 0 0 0 0 10386534 713 0 0 
0 0 0 0 0 0 0 0 0 0 0 0 0 0 0 0 0 0 0 0 0 0 0 3 28005 0 0 7 0 0 114 22 0 4965489 11371195 7691083 0 0 0 10387753 0 0 713 0 
0 0 0 0 0 0 0 0 0 0 0 0 0 0 0 0 0 0 0 0 0 0 0 3 0 28006 28002 0 0 113 0 0 22 24028551 0 0 0 0 0 0 10386534 713 0 0 
0 0 0 0 0 0 0 0 0 0 0 0 0 0 0 0 0 0 0 0 0 0 0 3 28005 0 0 7 0 0 114 22 0 4965489 11371195 7691083 0 0 0 10387753 0 0 713 0 
0 0 0 0 0 0 0 0 0 0 0 0 0 0 0 0 0 0 0 0 0 0 0 3 0 28006 28002 0 0 113 0 0 22 24028551 0 0 0 0 0 0 10386534 713 0 0 
0 0 0 0 0 0 0 0 0 0 0 0 0 0 0 0 0 0 0 0 0 0 0 3 28005 0 0 7 0 0 114 22 0 4965489 11371195 7691083 0 0 0 10387753 0 0 713 0 
0 0 0 0 0 0 0 0 0 0 0 0 0 0 0 0 0 0 0 0 0 0 0 3 0 28006 28002 0 0 113 0 0 22 24028551 0 0 0 0 0 0 10386534 713 0 0 
0 0 0 0 0 0 0 0 0 0 0 0 0 0 0 0 0 0 0 0 0 0 0 3 28005 0 0 7 0 0 114 22 0 4965489 11371195 7691083 0 0 0 10387753 0 0 713 0 
0 0 0 0 0 0 0 0 0 0 0 0 0 0 0 0 0 0 0 0 0 0 0 3 0 28006 28002 0 0 113 0 0 22 24028551 0 0 0 0 0 0 10386534 713 0 0 
0 0 0 0 0 0 0 0 0 0 0 0 0 0 0 0 0 0 0 0 0 0 0 3 28005 0 0 7 0 0 114 22 0 4965489 11371195 7691083 0 0 0 10387753 0 0 713 0 
0 0 0 0 0 0 0 0 0 0 0 0 0 0 0 0 0 0 0 0 0 0 0 3 0 28006 28002 0 0 113 0 0 22 24028551 0 0 0 0 0 0 10386534 713 0 0 
0 0 0 0 0 0 0 0 0 0 0 0 0 0 0 0 0 0 0 0 0 0 0 3 28005 0 0 7 0 0 114 22 0 4965489 11371195 7691083 0 0 0 10387753 0 0 713 0 
0 0 0 0 0 0 0 0 0 0 0 0 0 0 0 0 0 0 0 0 0 0 0 3 0 28006 28002 0 0 113 0 0 22 24028551 0 0 0 0 0 0 10386534 713 0 0 
0 0 0 0 0 0 0 0 0 0 0 0 0 0 0 0 0 0 0 0 0 0 0 3 28005 0 0 7 0 0 114 22 0 4965489 11371195 7691083 0 0 0 10387753 0 0 713 0 
0 0 0 0 0 0 0 0 0 0 0 0 0 0 0 0 0 0 0 0 0 0 0 3 0 28006 28002 0 0 113 0 0 22 24028551 0 0 0 0 0 0 10386534 713 0 0 
0 0 0 0 0 0 0 0 0 0 0 0 0 0 0 0 0 0 0 0 0 0 0 3 28005 0 0 7 0 0 114 22 0 4965489 11371195 7691083 0 0 0 10387753 0 0 713 0 
0 0 0 0 0 0 0 0 0 0 0 0 0 0 0 0 0 0 0 0 0 0 0 3 0 28006 28002 0 0 113 0 0 22 24028551 0 0 0 0 0 0 10386534 713 0 0 
0 0 0 0 0 0 0 0 0 0 0 0 0 0 0 0 0 0 0 0 0 0 0 3 28005 0 0 7 0 0 114 22 0 4965489 11371195 7691083 0 0 0 10387753 0 0 713 0 
0 0 0 0 0 0 0 0 0 0 0 0 0 0 0 0 0 0 0 0 0 0 0 3 0 28006 28002 0 0 113 0 0 22 24028551 0 0 0 0 0 0 10386534 713 0 0 
0 0 0 0 0 0 0 0 0 0 0 0 0 0 0 0 0 0 0 0 0 0 0 3 28005 0 0 7 0 0 114 22 0 4965489 11371195 7691083 0 0 0 10387753 0 0 713 0 
0 0 0 0 0 0 0 0 0 0 0 0 0 0 0 0 0 0 0 0 0 0 0 3 0 28006 28002 0 0 113 0 0 22 24028551 0 0 0 0 0 0 10386534 713 0 0 
0 0 0 0 0 0 0 0 0 0 0 0 0 0 0 0 0 0 0 0 0 0 0 3 28005 0 0 7 0 0 114 22 0 4965489 11371195 7691083 0 0 0 10387753 0 0 713 0 
0 0 0 0 0 0 0 0 0 0 0 0 0 0 0 0 0 0 0 0 0 0 0 3 0 28006 28002 0 0 113 0 0 22 24028551 0 0 0 0 0 0 10386534 713 0 0 
0 0 0 0 0 0 0 0 0 0 0 0 0 0 0 0 0 0 0 0 0 0 0 3 28005 0 0 7 0 0 114 22 0 4965489 11371195 7691083 0 0 0 10387753 0 0 713 0 
0 0 0 0 0 0 0 0 0 0 0 0 0 0 0 0 0 0 0 0 0 0 0 3 0 28006 28002 0 0 113 0 0 22 24028551 0 0 0 0 0 0 10386534 713 0 0 
0 0 0 0 0 0 0 0 0 0 0 0 0 0 0 0 0 0 0 0 0 0 0 3 28005 0 0 7 0 0 114 22 0 4965489 11371195 7691083 0 0 0 10387753 0 0 713 0 
0 0 0 0 0 0 0 0 0 0 0 0 0 0 0 0 0 0 0 0 0 0 0 3 0 28006 28002 0 0 113 0 0 22 24028551 0 0 0 0 0 0 10386534 713 0 0 
0 0 0 0 0 0 0 0 0 0 0 0 0 0 0 0 0 0 0 0 0 0 0 3 28005 0 0 7 0 0 114 22 0 4965489 11371195 7691083 0 0 0 10387753 0 0 713 0 
0 0 0 0 0 0 0 0 0 0 0 0 0 0 0 0 0 0 0 0 0 0 0 3 0 28006 28002 0 0 113 0 0 22 24028551 0 0 0 0 0 0 10386534 713 0 0 
0 0 0 0 0 0 0 0 0 0 0 0 0 0 0 0 0 0 0 0 0 0 0 3 28005 0 0 7 0 0 114 22 0 4965489 11371195 7691083 0 0 0 10387753 0 0 713 0 
0 0 0 0 0 0 0 0 0 0 0 0 0 0 0 0 0 0 0 0 0 0 0 3 0 28006 28002 0 0 113 0 0 22 24028551 0 0 0 0 0 0 10386534 713 0 0 
0 0 0 0 0 0 0 0 0 0 0 0 0 0 0 0 0 0 0 0 0 0 0 3 28005 0 0 7 0 0 114 22 0 4965489 11371195 7691083 0 0 0 10387753 0 0 713 0 
0 0 0 0 0 0 0 0 0 0 0 0 0 0 0 0 0 0 0 0 0 0 0 3 0 28006 28002 0 0 113 0 0 22 24028551 0 0 0 0 0 0 10386534 713 0 0 
0 0 0 0 0 0 0 0 0 0 0 0 0 0 0 0 0 0 0 0 0 0 0 3 28005 0 0 7 0 0 114 22 0 4965489 11371195 7691083 0 0 0 10387753 0 0 713 0 
0 0 0 0 0 0 0 0 0 0 0 0 0 0 0 0 0 0 0 0 0 0 0 3 0 28006 28002 0 0 113 0 0 22 24028551 0 0 0 0 0 0 10386534 713 0 0 
0 0 0 0 0 0 0 0 0 0 0 0 0 0 0 0 0 0 0 0 0 0 0 3 28005 0 0 7 0 0 114 22 0 4965489 11371195 7691083 0 0 0 10387753 0 0 713 0 
0 0 0 0 0 0 0 0 0 0 0 0 0 0 0 0 0 0 0 0 0 0 0 3 0 28006 28002 0 0 113 0 0 22 24028551 0 0 0 0 0 0 10386534 713 0 0 
0 0 0 0 0 0 0 0 0 0 0 0 0 0 0 0 0 0 0 0 0 0 0 3 28005 0 0 7 0 0 114 22 0 4965489 11371195 7691083 0 0 0 10387753 0 0 713 0 
0 0 0 0 0 0 0 0 0 0 0 0 0 0 0 0 0 0 0 0 0 0 0 3 0 28006 28002 0 0 113 0 0 22 24028551 0 0 0 0 0 0 10386534 713 0 0 
0 0 0 0 0 0 0 0 0 0 0 0 0 0 0 0 0 0 0 0 0 0 0 3 28005 0 0 7 0 0 114 22 0 4965489 11371195 7691083 0 0 0 10387753 0 0 713 0 
0 0 0 0 0 0 0 0 0 0 0 0 0 0 0 0 0 0 0 0 0 0 0 3 0 28006 28002 0 0 113 0 0 22 24028551 0 0 0 0 0 0 10386534 713 0 0 
0 0 0 0 0 0 0 0 0 0 0 0 0 0 0 0 0 0 0 0 0 0 0 3 28005 0 0 7 0 0 114 22 0 4965489 11371195 7691083 0 0 0 10387753 0 0 713 0 
0 0 0 0 0 0 0 0 0 0 0 0 0 0 0 0 0 0 0 0 0 0 0 3 0 28006 28002 0 0 113 0 0 22 24028551 0 0 0 0 0 0 10386534 713 0 0 
0 0 0 0 0 0 0 0 0 0 0 0 0 0 0 0 0 0 0 0 0 0 0 3 28005 0 0 7 0 0 114 22 0 4965489 11371195 7691083 0 0 0 10387753 0 0 713 0 
0 0 0 0 0 0 0 0 0 0 0 0 0 0 0 0 0 0 0 0 0 0 0 3 0 28006 28002 0 0 113 0 0 22 24028551 0 0 0 0 0 0 10386534 713 0 0 
0 0 0 0 0 0 0 0 0 0 0 0 0 0 0 0 0 0 0 0 0 0 0 3 28005 0 0 7 0 0 114 22 0 4965489 11371195 7691083 0 0 0 10387753 0 0 713 0 
0 0 0 0 0 0 0 0 0 0 0 0 0 0 0 0 0 0 0 0 0 0 0 3 0 28006 28002 0 0 113 0 0 22 24028551 0 0 0 0 0 0 10386534 713 0 0 
0 0 0 0 0 0 0 0 0 0 0 0 0 0 0 0 0 0 0 0 0 0 0 3 28005 0 0 7 0 0 114 22 0 4965489 11371195 7691083 0 0 0 10387753 0 0 713 0 
0 0 0 0 0 0 0 0 0 0 0 0 0 0 0 0 0 0 0 0 0 0 0 3 0 28006 28002 0 0 113 0 0 22 24028551 0 0 0 0 0 0 10386534 713 0 0 
0 0 0 0 0 0 0 0 0 0 0 0 0 0 0 0 0 0 0 0 0 0 0 3 28005 0 0 7 0 0 114 22 0 4965489 11371195 7691083 0 0 0 10387753 0 0 713 0 
0 0 0 0 0 0 0 0 0 0 0 0 0 0 0 0 0 0 0 0 0 0 0 3 0 28006 28002 0 0 113 0 0 22 24028551 0 0 0 0 0 0 10386534 713 0 0 
0 0 0 0 0 0 0 0 0 0 0 0 0 0 0 0 0 0 0 0 0 0 0 3 28005 0 0 7 0 0 114 22 0 4965489 11371195 7691083 0 0 0 10387753 0 0 713 0 
