0 0 0 0 0 0 0 0 0 0 0 0 0 0 0 0 0 0 0 0 0 0 0 3 0 15898 15899 0 0 97 0 0 15 17831855 0 0 0 0 0 0 7153259 712 0 0 
0 0 0 0 0 0 0 0 0 0 0 0 0 0 0 0 0 0 0 0 0 0 0 3 15899 0 0 6 0 0 97 15 0 3876936 8335904 5618538 0 0 0 7154277 0 0 712 0 
0 0 0 0 0 0 0 0 0 0 0 0 0 0 0 0 0 0 0 0 0 0 0 3 0 15898 15899 0 0 97 0 0 15 17831855 0 0 0 0 0 0 7153259 712 0 0 
0 0 0 0 0 0 0 0 0 0 0 0 0 0 0 0 0 0 0 0 0 0 0 3 15899 0 0 6 0 0 97 15 0 3876936 8335904 5618538 0 0 0 7154277 0 0 712 0 
0 0 0 0 0 0 0 0 0 0 0 0 0 0 0 0 0 0 0 0 0 0 0 3 0 15898 15899 0 0 97 0 0 15 17831855 0 0 0 0 0 0 7153259 712 0 0 
0 0 0 0 0 0 0 0 0 0 0 0 0 0 0 0 0 0 0 0 0 0 0 3 15899 0 0 6 0 0 97 15 0 3876936 8335904 5618538 0 0 0 7154277 0 0 712 0 
0 0 0 0 0 0 0 0 0 0 0 0 0 0 0 0 0 0 0 0 0 0 0 3 0 15898 15899 0 0 97 0 0 15 17831855 0 0 0 0 0 0 7153259 712 0 0 
0 0 0 0 0 0 0 0 0 0 0 0 0 0 0 0 0 0 0 0 0 0 0 3 15899 0 0 6 0 0 97 15 0 3876936 8335904 5618538 0 0 0 7154277 0 0 712 0 
0 0 0 0 0 0 0 0 0 0 0 0 0 0 0 0 0 0 0 0 0 0 0 3 0 15898 15899 0 0 97 0 0 15 17831855 0 0 0 0 0 0 7153259 712 0 0 
0 0 0 0 0 0 0 0 0 0 0 0 0 0 0 0 0 0 0 0 0 0 0 3 15899 0 0 6 0 0 97 15 0 3876936 8335904 5618538 0 0 0 7154277 0 0 712 0 
0 0 0 0 0 0 0 0 0 0 0 0 0 0 0 0 0 0 0 0 0 0 0 3 0 15898 15899 0 0 97 0 0 15 17831855 0 0 0 0 0 0 7153259 712 0 0 
0 0 0 0 0 0 0 0 0 0 0 0 0 0 0 0 0 0 0 0 0 0 0 3 15899 0 0 6 0 0 97 15 0 3876936 8335904 5618538 0 0 0 7154277 0 0 712 0 
0 0 0 0 0 0 0 0 0 0 0 0 0 0 0 0 0 0 0 0 0 0 0 3 0 15898 15899 0 0 97 0 0 15 17831855 0 0 0 0 0 0 7153259 712 0 0 
0 0 0 0 0 0 0 0 0 0 0 0 0 0 0 0 0 0 0 0 0 0 0 3 15899 0 0 6 0 0 97 15 0 3876936 8335904 5618538 0 0 0 7154277 0 0 712 0 
0 0 0 0 0 0 0 0 0 0 0 0 0 0 0 0 0 0 0 0 0 0 0 3 0 15898 15899 0 0 97 0 0 15 17831855 0 0 0 0 0 0 7153259 712 0 0 
0 0 0 0 0 0 0 0 0 0 0 0 0 0 0 0 0 0 0 0 0 0 0 3 15899 0 0 6 0 0 97 15 0 3876936 8335904 5618538 0 0 0 7154277 0 0 712 0 
0 0 0 0 0 0 0 0 0 0 0 0 0 0 0 0 0 0 0 0 0 0 0 3 0 15898 15899 0 0 97 0 0 15 17831855 0 0 0 0 0 0 7153259 712 0 0 
0 0 0 0 0 0 0 0 0 0 0 0 0 0 0 0 0 0 0 0 0 0 0 3 15899 0 0 6 0 0 97 15 0 3876936 8335904 5618538 0 0 0 7154277 0 0 712 0 
0 0 0 0 0 0 0 0 0 0 0 0 0 0 0 0 0 0 0 0 0 0 0 3 0 15898 15899 0 0 97 0 0 15 17831855 0 0 0 0 0 0 7153259 712 0 0 
0 0 0 0 0 0 0 0 0 0 0 0 0 0 0 0 0 0 0 0 0 0 0 3 15899 0 0 6 0 0 97 15 0 3876936 8335904 5618538 0 0 0 7154277 0 0 712 0 
0 0 0 0 0 0 0 0 0 0 0 0 0 0 0 0 0 0 0 0 0 0 0 3 0 15898 15899 0 0 97 0 0 15 17831855 0 0 0 0 0 0 7153259 712 0 0 
0 0 0 0 0 0 0 0 0 0 0 0 0 0 0 0 0 0 0 0 0 0 0 3 15899 0 0 6 0 0 97 15 0 3876936 8335904 5618538 0 0 0 7154277 0 0 712 0 
0 0 0 0 0 0 0 0 0 0 0 0 0 0 0 0 0 0 0 0 0 0 0 3 0 15898 15899 0 0 97 0 0 15 17831855 0 0 0 0 0 0 7153259 712 0 0 
0 0 0 0 0 0 0 0 0 0 0 0 0 0 0 0 0 0 0 0 0 0 0 3 15899 0 0 6 0 0 97 15 0 3876936 8335904 5618538 0 0 0 7154277 0 0 712 0 
0 0 0 0 0 0 0 0 0 0 0 0 0 0 0 0 0 0 0 0 0 0 0 3 0 15898 15899 0 0 97 0 0 15 17831855 0 0 0 0 0 0 7153259 712 0 0 
0 0 0 0 0 0 0 0 0 0 0 0 0 0 0 0 0 0 0 0 0 0 0 3 15899 0 0 6 0 0 97 15 0 3876936 8335904 5618538 0 0 0 7154277 0 0 712 0 
0 0 0 0 0 0 0 0 0 0 0 0 0 0 0 0 0 0 0 0 0 0 0 3 0 15898 15899 0 0 97 0 0 15 17831855 0 0 0 0 0 0 7153259 712 0 0 
0 0 0 0 0 0 0 0 0 0 0 0 0 0 0 0 0 0 0 0 0 0 0 3 15899 0 0 6 0 0 97 15 0 3876936 8335904 5618538 0 0 0 7154277 0 0 712 0 
0 0 0 0 0 0 0 0 0 0 0 0 0 0 0 0 0 0 0 0 0 0 0 3 0 15898 15899 0 0 97 0 0 15 17831855 0 0 0 0 0 0 7153259 712 0 0 
0 0 0 0 0 0 0 0 0 0 0 0 0 0 0 0 0 0 0 0 0 0 0 3 15899 0 0 6 0 0 97 15 0 3876936 8335904 5618538 0 0 0 7154277 0 0 712 0 
0 0 0 0 0 0 0 0 0 0 0 0 0 0 0 0 0 0 0 0 0 0 0 3 0 15898 15899 0 0 97 0 0 15 17831855 0 0 0 0 0 0 7153259 712 0 0 
0 0 0 0 0 0 0 0 0 0 0 0 0 0 0 0 0 0 0 0 0 0 0 3 15899 0 0 6 0 0 97 15 0 3876936 8335904 5618538 0 0 0 7154277 0 0 712 0 
====>
0 0 0 0 0 0 0 0 0 0 0 0 0 0 0 0 0 0 0 0 0 0 0 3 0 15942 15947 0 0 104 0 0 15 17846080 0 0 0 0 0 0 7154172 712 0 0 
0 0 0 0 0 0 0 0 0 0 0 0 0 0 0 0 0 0 0 0 0 0 0 3 15947 0 0 6 0 0 104 15 0 3877842 8348332 5619438 0 0 0 7155190 0 0 712 0 
0 0 0 0 0 0 0 0 0 0 0 0 0 0 0 0 0 0 0 0 0 0 0 3 0 15957 15959 0 0 104 0 0 15 17870341 0 0 0 0 0 0 7163003 712 0 0 
0 0 0 0 0 0 0 0 0 0 0 0 0 0 0 0 0 0 0 0 0 0 0 3 15959 0 0 6 0 0 104 15 0 3882337 8359304 5628245 0 0 0 7164019 0 0 712 0 
0 0 0 0 0 0 0 0 0 0 0 0 0 0 0 0 0 0 0 0 0 0 0 3 0 16010 16015 0 0 104 0 0 15 17892242 0 0 0 0 0 0 7172026 712 0 0 
0 0 0 0 0 0 0 0 0 0 0 0 0 0 0 0 0 0 0 0 0 0 0 3 16015 0 0 6 0 0 104 15 0 3887162 8369276 5635349 0 0 0 7173042 0 0 712 0 
0 0 0 0 0 0 0 0 0 0 0 0 0 0 0 0 0 0 0 0 0 0 0 3 0 16066 16071 0 0 104 0 0 15 17918778 0 0 0 0 0 0 7182881 712 0 0 
0 0 0 0 0 0 0 0 0 0 0 0 0 0 0 0 0 0 0 0 0 0 0 3 16071 0 0 6 0 0 104 15 0 3891897 8379696 5646731 0 0 0 7183900 0 0 712 0 
0 0 0 0 0 0 0 0 0 0 0 0 0 0 0 0 0 0 0 0 0 0 0 3 0 16123 16127 0 0 104 0 0 15 17948972 0 0 0 0 0 0 7194714 712 0 0 
0 0 0 0 0 0 0 0 0 0 0 0 0 0 0 0 0 0 0 0 0 0 0 3 16127 0 0 6 0 0 104 15 0 3899440 8391611 5657469 0 0 0 7195733 0 0 712 0 
0 0 0 0 0 0 0 0 0 0 0 0 0 0 0 0 0 0 0 0 0 0 0 3 0 16182 16187 0 0 104 0 0 15 17979881 0 0 0 0 0 0 7206918 712 0 0 
0 0 0 0 0 0 0 0 0 0 0 0 0 0 0 0 0 0 0 0 0 0 0 3 16187 0 0 6 0 0 104 15 0 3906987 8403898 5668541 0 0 0 7207939 0 0 712 0 
0 0 0 0 0 0 0 0 0 0 0 0 0 0 0 0 0 0 0 0 0 0 0 3 0 16194 16199 0 0 104 0 0 15 18004714 0 0 0 0 0 0 7215681 712 0 0 
0 0 0 0 0 0 0 0 0 0 0 0 0 0 0 0 0 0 0 0 0 0 0 3 16199 0 0 6 0 0 104 15 0 3912727 8414711 5676817 0 0 0 7216703 0 0 712 0 
0 0 0 0 0 0 0 0 0 0 0 0 0 0 0 0 0 0 0 0 0 0 0 3 0 16250 16255 0 0 104 0 0 15 18026766 0 0 0 0 0 0 7226680 712 0 0 
0 0 0 0 0 0 0 0 0 0 0 0 0 0 0 0 0 0 0 0 0 0 0 3 16255 0 0 6 0 0 104 15 0 3916638 8424530 5685141 0 0 0 7227702 0 0 712 0 
0 0 0 0 0 0 0 0 0 0 0 0 0 0 0 0 0 0 0 0 0 0 0 3 0 16306 16311 0 0 104 0 0 15 18051886 0 0 0 0 0 0 7237189 712 0 0 
0 0 0 0 0 0 0 0 0 0 0 0 0 0 0 0 0 0 0 0 0 0 0 3 16311 0 0 6 0 0 104 15 0 3922093 8434336 5694996 0 0 0 7238212 0 0 712 0 
0 0 0 0 0 0 0 0 0 0 0 0 0 0 0 0 0 0 0 0 0 0 0 3 0 16362 16367 0 0 104 0 0 15 18082560 0 0 0 0 0 0 7249205 712 0 0 
0 0 0 0 0 0 0 0 0 0 0 0 0 0 0 0 0 0 0 0 0 0 0 3 16367 0 0 6 0 0 104 15 0 3929633 8446433 5706034 0 0 0 7250228 0 0 712 0 
0 0 0 0 0 0 0 0 0 0 0 0 0 0 0 0 0 0 0 0 0 0 0 3 0 16418 16423 0 0 104 0 0 15 18112069 0 0 0 0 0 0 7260599 712 0 0 
0 0 0 0 0 0 0 0 0 0 0 0 0 0 0 0 0 0 0 0 0 0 0 3 16423 0 0 6 0 0 104 15 0 3936907 8457998 5716703 0 0 0 7261623 0 0 712 0 
0 0 0 0 0 0 0 0 0 0 0 0 0 0 0 0 0 0 0 0 0 0 0 3 0 16434 16435 0 0 104 0 0 15 18133805 0 0 0 0 0 0 7267836 712 0 0 
0 0 0 0 0 0 0 0 0 0 0 0 0 0 0 0 0 0 0 0 0 0 0 3 16435 0 0 6 0 0 104 15 0 3941267 8467698 5724379 0 0 0 7268859 0 0 712 0 
0 0 0 0 0 0 0 0 0 0 0 0 0 0 0 0 0 0 0 0 0 0 0 3 0 16490 16494 0 0 104 0 0 15 18159861 0 0 0 0 0 0 7279853 712 0 0 
0 0 0 0 0 0 0 0 0 0 0 0 0 0 0 0 0 0 0 0 0 0 0 3 16495 0 0 6 0 0 104 15 0 3946931 8477933 5734536 0 0 0 7280879 0 0 712 0 
0 0 0 0 0 0 0 0 0 0 0 0 0 0 0 0 0 0 0 0 0 0 0 3 0 16546 16550 0 0 104 0 0 15 18185388 0 0 0 0 0 0 7290731 712 0 0 
0 0 0 0 0 0 0 0 0 0 0 0 0 0 0 0 0 0 0 0 0 0 0 3 16551 0 0 6 0 0 104 15 0 3952286 8488212 5744430 0 0 0 7291761 0 0 712 0 
0 0 0 0 0 0 0 0 0 0 0 0 0 0 0 0 0 0 0 0 0 0 0 3 0 16602 16606 0 0 104 0 0 15 18216756 0 0 0 0 0 0 7303488 712 0 0 
0 0 0 0 0 0 0 0 0 0 0 0 0 0 0 0 0 0 0 0 0 0 0 3 16607 0 0 6 0 0 104 15 0 3959827 8501050 5755417 0 0 0 7304518 0 0 712 0 
0 0 0 0 0 0 0 0 0 0 0 0 0 0 0 0 0 0 0 0 0 0 0 3 0 16662 16666 0 0 104 0 0 15 18249555 0 0 0 0 0 0 7317661 712 0 0 
0 0 0 0 0 0 0 0 0 0 0 0 0 0 0 0 0 0 0 0 0 0 0 3 16667 0 0 6 0 0 104 15 0 3967375 8515306 5766415 0 0 0 7318694 0 0 712 0 
0 0 0 0 0 0 0 0 0 0 0 0 0 0 0 0 0 0 0 0 0 0 0 3 0 16673 16674 0 0 104 0 0 15 18271327 0 0 0 0 0 0 7325463 712 0 0 
0 0 0 0 0 0 0 0 0 0 0 0 0 0 0 0 0 0 0 0 0 0 0 3 16675 0 0 6 0 0 104 15 0 3971302 8525665 5773903 0 0 0 7326495 0 0 712 0 
0 0 0 0 0 0 0 0 0 0 0 0 0 0 0 0 0 0 0 0 0 0 0 3 0 16730 16733 0 0 104 0 0 15 18291705 0 0 0 0 0 0 7334382 712 0 0 
0 0 0 0 0 0 0 0 0 0 0 0 0 0 0 0 0 0 0 0 0 0 0 3 16735 0 0 6 0 0 104 15 0 3975920 8532932 5782394 0 0 0 7335417 0 0 712 0 
0 0 0 0 0 0 0 0 0 0 0 0 0 0 0 0 0 0 0 0 0 0 0 3 0 16786 16789 0 0 104 0 0 15 18319638 0 0 0 0 0 0 7345743 712 0 0 
0 0 0 0 0 0 0 0 0 0 0 0 0 0 0 0 0 0 0 0 0 0 0 3 16791 0 0 6 0 0 104 15 0 3982481 8543552 5793140 0 0 0 7346778 0 0 712 0 
0 0 0 0 0 0 0 0 0 0 0 0 0 0 0 0 0 0 0 0 0 0 0 3 0 16842 16845 0 0 104 0 0 15 18349912 0 0 0 0 0 0 7357264 712 0 0 
0 0 0 0 0 0 0 0 0 0 0 0 0 0 0 0 0 0 0 0 0 0 0 3 16847 0 0 6 0 0 104 15 0 3990021 8555155 5804268 0 0 0 7358300 0 0 712 0 
0 0 0 0 0 0 0 0 0 0 0 0 0 0 0 0 0 0 0 0 0 0 0 3 0 16857 16857 0 0 104 0 0 15 18375977 0 0 0 0 0 0 7366901 712 0 0 
0 0 0 0 0 0 0 0 0 0 0 0 0 0 0 0 0 0 0 0 0 0 0 3 16859 0 0 6 0 0 104 15 0 3996002 8566927 5812581 0 0 0 7367939 0 0 712 0 
0 0 0 0 0 0 0 0 0 0 0 0 0 0 0 0 0 0 0 0 0 0 0 3 0 16910 16913 0 0 104 0 0 15 18396718 0 0 0 0 0 0 7376410 712 0 0 
0 0 0 0 0 0 0 0 0 0 0 0 0 0 0 0 0 0 0 0 0 0 0 3 16915 0 0 6 0 0 104 15 0 3999869 8575107 5821278 0 0 0 7377447 0 0 712 0 
0 0 0 0 0 0 0 0 0 0 0 0 0 0 0 0 0 0 0 0 0 0 0 3 0 16970 16973 0 0 104 0 0 15 18421402 0 0 0 0 0 0 7386444 712 0 0 
0 0 0 0 0 0 0 0 0 0 0 0 0 0 0 0 0 0 0 0 0 0 0 3 16975 0 0 6 0 0 104 15 0 4005288 8584805 5830845 0 0 0 7387485 0 0 712 0 
0 0 0 0 0 0 0 0 0 0 0 0 0 0 0 0 0 0 0 0 0 0 0 3 0 17026 17029 0 0 104 0 0 15 18451660 0 0 0 0 0 0 7398233 712 0 0 
0 0 0 0 0 0 0 0 0 0 0 0 0 0 0 0 0 0 0 0 0 0 0 3 17031 0 0 6 0 0 104 15 0 4012676 8596376 5842143 0 0 0 7399278 0 0 712 0 
0 0 0 0 0 0 0 0 0 0 0 0 0 0 0 0 0 0 0 0 0 0 0 3 0 17082 17085 0 0 104 0 0 15 18482684 0 0 0 0 0 0 7410368 712 0 0 
0 0 0 0 0 0 0 0 0 0 0 0 0 0 0 0 0 0 0 0 0 0 0 3 17087 0 0 6 0 0 104 15 0 4020217 8608593 5853408 0 0 0 7411413 0 0 712 0 
0 0 0 0 0 0 0 0 0 0 0 0 0 0 0 0 0 0 0 0 0 0 0 3 0 17094 17093 0 0 104 0 0 15 18503121 0 0 0 0 0 0 7417599 712 0 0 
0 0 0 0 0 0 0 0 0 0 0 0 0 0 0 0 0 0 0 0 0 0 0 3 17095 0 0 6 0 0 104 15 0 4024284 8618387 5859986 0 0 0 7418644 0 0 712 0 
0 0 0 0 0 0 0 0 0 0 0 0 0 0 0 0 0 0 0 0 0 0 0 3 0 17150 17153 0 0 104 0 0 15 18525514 0 0 0 0 0 0 7427489 712 0 0 
0 0 0 0 0 0 0 0 0 0 0 0 0 0 0 0 0 0 0 0 0 0 0 3 17155 0 0 6 0 0 104 15 0 4029384 8626527 5869134 0 0 0 7428535 0 0 712 0 
0 0 0 0 0 0 0 0 0 0 0 0 0 0 0 0 0 0 0 0 0 0 0 3 0 17206 17209 0 0 104 0 0 15 18553243 0 0 0 0 0 0 7439858 712 0 0 
0 0 0 0 0 0 0 0 0 0 0 0 0 0 0 0 0 0 0 0 0 0 0 3 17211 0 0 6 0 0 104 15 0 4035323 8638246 5879205 0 0 0 7440902 0 0 712 0 
0 0 0 0 0 0 0 0 0 0 0 0 0 0 0 0 0 0 0 0 0 0 0 3 0 17262 17265 0 0 104 0 0 15 18585132 0 0 0 0 0 0 7452760 712 0 0 
0 0 0 0 0 0 0 0 0 0 0 0 0 0 0 0 0 0 0 0 0 0 0 3 17267 0 0 6 0 0 104 15 0 4042864 8651229 5890572 0 0 0 7453804 0 0 712 0 
0 0 0 0 0 0 0 0 0 0 0 0 0 0 0 0 0 0 0 0 0 0 0 3 0 17274 17277 0 0 104 0 0 15 18608850 0 0 0 0 0 0 7462127 712 0 0 
0 0 0 0 0 0 0 0 0 0 0 0 0 0 0 0 0 0 0 0 0 0 0 3 17279 0 0 6 0 0 104 15 0 4047697 8662941 5897743 0 0 0 7463172 0 0 712 0 
0 0 0 0 0 0 0 0 0 0 0 0 0 0 0 0 0 0 0 0 0 0 0 3 0 17330 17333 0 0 104 0 0 15 18631845 0 0 0 0 0 0 7473467 712 0 0 
0 0 0 0 0 0 0 0 0 0 0 0 0 0 0 0 0 0 0 0 0 0 0 3 17335 0 0 6 0 0 104 15 0 4052402 8672635 5906338 0 0 0 7474511 0 0 712 0 
0 0 0 0 0 0 0 0 0 0 0 0 0 0 0 0 0 0 0 0 0 0 0 3 0 17386 17389 0 0 104 0 0 15 18658564 0 0 0 0 0 0 7484378 712 0 0 
0 0 0 0 0 0 0 0 0 0 0 0 0 0 0 0 0 0 0 0 0 0 0 3 17391 0 0 6 0 0 104 15 0 4057970 8683012 5917112 0 0 0 7485423 0 0 712 0 
0 0 0 0 0 0 0 0 0 0 0 0 0 0 0 0 0 0 0 0 0 0 0 3 0 17446 17445 0 0 104 0 0 15 18688495 0 0 0 0 0 0 7496220 712 0 0 
0 0 0 0 0 0 0 0 0 0 0 0 0 0 0 0 0 0 0 0 0 0 0 3 17447 0 0 6 0 0 104 15 0 4065519 8694932 5927576 0 0 0 7497263 0 0 712 0 
0 0 0 0 0 0 0 0 0 0 0 0 0 0 0 0 0 0 0 0 0 0 0 3 0 17486 17489 0 0 104 0 0 15 18716675 0 0 0 0 0 0 7507177 712 0 0 
0 0 0 0 0 0 0 0 0 0 0 0 0 0 0 0 0 0 0 0 0 0 0 3 17491 0 0 6 0 0 104 15 0 4072251 8705633 5938323 0 0 0 7508222 0 0 712 0 
0 0 0 0 0 0 0 0 0 0 0 0 0 0 0 0 0 0 0 0 0 0 0 3 0 17510 17513 0 0 104 0 0 15 18735725 0 0 0 0 0 0 7513817 712 0 0 
0 0 0 0 0 0 0 0 0 0 0 0 0 0 0 0 0 0 0 0 0 0 0 3 17515 0 0 6 0 0 104 15 0 4076195 8714294 5944768 0 0 0 7514863 0 0 712 0 
0 0 0 0 0 0 0 0 0 0 0 0 0 0 0 0 0 0 0 0 0 0 0 3 0 17570 17573 0 0 104 0 0 15 18760456 0 0 0 0 0 0 7524138 712 0 0 
0 0 0 0 0 0 0 0 0 0 0 0 0 0 0 0 0 0 0 0 0 0 0 3 17575 0 0 6 0 0 104 15 0 4081849 8723842 5954292 0 0 0 7525183 0 0 712 0 
0 0 0 0 0 0 0 0 0 0 0 0 0 0 0 0 0 0 0 0 0 0 0 3 0 17626 17629 0 0 104 0 0 15 18788370 0 0 0 0 0 0 7535763 712 0 0 
0 0 0 0 0 0 0 0 0 0 0 0 0 0 0 0 0 0 0 0 0 0 0 3 17631 0 0 6 0 0 104 15 0 4088165 8734727 5965003 0 0 0 7536811 0 0 712 0 
0 0 0 0 0 0 0 0 0 0 0 0 0 0 0 0 0 0 0 0 0 0 0 3 0 17682 17685 0 0 104 0 0 15 18819366 0 0 0 0 0 0 7547789 712 0 0 
0 0 0 0 0 0 0 0 0 0 0 0 0 0 0 0 0 0 0 0 0 0 0 3 17687 0 0 6 0 0 104 15 0 4095706 8746836 5976344 0 0 0 7548841 0 0 712 0 
0 0 0 0 0 0 0 0 0 0 0 0 0 0 0 0 0 0 0 0 0 0 0 3 0 17697 17697 0 0 104 0 0 15 18845864 0 0 0 0 0 0 7558135 712 0 0 
0 0 0 0 0 0 0 0 0 0 0 0 0 0 0 0 0 0 0 0 0 0 0 3 17699 0 0 6 0 0 104 15 0 4101665 8759303 5984415 0 0 0 7559185 0 0 712 0 
0 0 0 0 0 0 0 0 0 0 0 0 0 0 0 0 0 0 0 0 0 0 0 3 0 17750 17753 0 0 104 0 0 15 18867595 0 0 0 0 0 0 7568102 712 0 0 
0 0 0 0 0 0 0 0 0 0 0 0 0 0 0 0 0 0 0 0 0 0 0 3 17755 0 0 6 0 0 104 15 0 4105602 8768160 5993353 0 0 0 7569154 0 0 712 0 
0 0 0 0 0 0 0 0 0 0 0 0 0 0 0 0 0 0 0 0 0 0 0 3 0 17810 17809 0 0 104 0 0 15 18891611 0 0 0 0 0 0 7577984 712 0 0 
0 0 0 0 0 0 0 0 0 0 0 0 0 0 0 0 0 0 0 0 0 0 0 3 17811 0 0 6 0 0 104 15 0 4110820 8777195 6003114 0 0 0 7579037 0 0 712 0 
0 0 0 0 0 0 0 0 0 0 0 0 0 0 0 0 0 0 0 0 0 0 0 3 0 17866 17865 0 0 104 0 0 15 18922160 0 0 0 0 0 0 7589847 712 0 0 
0 0 0 0 0 0 0 0 0 0 0 0 0 0 0 0 0 0 0 0 0 0 0 3 17867 0 0 6 0 0 104 15 0 4118357 8789141 6014178 0 0 0 7590902 0 0 712 0 
0 0 0 0 0 0 0 0 0 0 0 0 0 0 0 0 0 0 0 0 0 0 0 3 0 17922 17925 0 0 104 0 0 15 18953206 0 0 0 0 0 0 7601948 712 0 0 
0 0 0 0 0 0 0 0 0 0 0 0 0 0 0 0 0 0 0 0 0 0 0 3 17927 0 0 6 0 0 104 15 0 4125898 8801329 6025498 0 0 0 7603005 0 0 712 0 
0 0 0 0 0 0 0 0 0 0 0 0 0 0 0 0 0 0 0 0 0 0 0 3 0 17938 17941 0 0 104 0 0 15 18979785 0 0 0 0 0 0 7611812 712 0 0 
0 0 0 0 0 0 0 0 0 0 0 0 0 0 0 0 0 0 0 0 0 0 0 3 17943 0 0 6 0 0 104 15 0 4131996 8812659 6034644 0 0 0 7612871 0 0 712 0 
0 0 0 0 0 0 0 0 0 0 0 0 0 0 0 0 0 0 0 0 0 0 0 3 0 17990 17993 0 0 104 0 0 15 18999534 0 0 0 0 0 0 7620266 712 0 0 
0 0 0 0 0 0 0 0 0 0 0 0 0 0 0 0 0 0 0 0 0 0 0 3 17995 0 0 6 0 0 104 15 0 4135733 8820414 6042904 0 0 0 7621328 0 0 712 0 
0 0 0 0 0 0 0 0 0 0 0 0 0 0 0 0 0 0 0 0 0 0 0 3 0 18046 18049 0 0 104 0 0 15 19024842 0 0 0 0 0 0 7631840 712 0 0 
0 0 0 0 0 0 0 0 0 0 0 0 0 0 0 0 0 0 0 0 0 0 0 3 18051 0 0 6 0 0 104 15 0 4141005 8831388 6051965 0 0 0 7632902 0 0 712 0 
0 0 0 0 0 0 0 0 0 0 0 0 0 0 0 0 0 0 0 0 0 0 0 3 0 18104 18105 0 0 104 0 0 15 19055178 0 0 0 0 0 0 7643384 712 0 0 
0 0 0 0 0 0 0 0 0 0 0 0 0 0 0 0 0 0 0 0 0 0 0 3 18107 0 0 6 0 0 104 15 0 4148547 8843014 6063127 0 0 0 7644446 0 0 712 0 
0 0 0 0 0 0 0 0 0 0 0 0 0 0 0 0 0 0 0 0 0 0 0 3 0 18162 18165 0 0 104 0 0 15 19085483 0 0 0 0 0 0 7654944 712 0 0 
0 0 0 0 0 0 0 0 0 0 0 0 0 0 0 0 0 0 0 0 0 0 0 3 18167 0 0 6 0 0 104 15 0 4156092 8854659 6074245 0 0 0 7656009 0 0 712 0 
0 0 0 0 0 0 0 0 0 0 0 0 0 0 0 0 0 0 0 0 0 0 0 3 0 18174 18173 0 0 104 0 0 15 19106357 0 0 0 0 0 0 7662526 712 0 0 
0 0 0 0 0 0 0 0 0 0 0 0 0 0 0 0 0 0 0 0 0 0 0 3 18175 0 0 6 0 0 104 15 0 4160214 8864777 6080880 0 0 0 7663590 0 0 712 0 
0 0 0 0 0 0 0 0 0 0 0 0 0 0 0 0 0 0 0 0 0 0 0 3 0 18230 18233 0 0 104 0 0 15 19131035 0 0 0 0 0 0 7673396 712 0 0 
0 0 0 0 0 0 0 0 0 0 0 0 0 0 0 0 0 0 0 0 0 0 0 3 18235 0 0 6 0 0 104 15 0 4165783 8874055 6090710 0 0 0 7674461 0 0 712 0 
0 0 0 0 0 0 0 0 0 0 0 0 0 0 0 0 0 0 0 0 0 0 0 3 0 18286 18289 0 0 104 0 0 15 19156534 0 0 0 0 0 0 7684123 712 0 0 
0 0 0 0 0 0 0 0 0 0 0 0 0 0 0 0 0 0 0 0 0 0 0 3 18291 0 0 6 0 0 104 15 0 4171196 8884005 6100846 0 0 0 7685192 0 0 712 0 
0 0 0 0 0 0 0 0 0 0 0 0 0 0 0 0 0 0 0 0 0 0 0 3 0 18342 18344 0 0 104 0 0 15 19186756 0 0 0 0 0 0 7696010 712 0 0 
0 0 0 0 0 0 0 0 0 0 0 0 0 0 0 0 0 0 0 0 0 0 0 3 18347 0 0 6 0 0 104 15 0 4178736 8895976 6111553 0 0 0 7697079 0 0 712 0 
0 0 0 0 0 0 0 0 0 0 0 0 0 0 0 0 0 0 0 0 0 0 0 3 0 18369 18368 0 0 104 0 0 15 19214644 0 0 0 0 0 0 7707595 712 0 0 
0 0 0 0 0 0 0 0 0 0 0 0 0 0 0 0 0 0 0 0 0 0 0 3 18371 0 0 6 0 0 104 15 0 4185104 8906846 6122204 0 0 0 7708665 0 0 712 0 
0 0 0 0 0 0 0 0 0 0 0 0 0 0 0 0 0 0 0 0 0 0 0 3 0 18410 18412 0 0 104 0 0 15 19235166 0 0 0 0 0 0 7714639 712 0 0 
0 0 0 0 0 0 0 0 0 0 0 0 0 0 0 0 0 0 0 0 0 0 0 3 18415 0 0 6 0 0 104 15 0 4189447 8916375 6128853 0 0 0 7715709 0 0 712 0 
0 0 0 0 0 0 0 0 0 0 0 0 0 0 0 0 0 0 0 0 0 0 0 3 0 18470 18472 0 0 104 0 0 15 19259315 0 0 0 0 0 0 7725606 712 0 0 
0 0 0 0 0 0 0 0 0 0 0 0 0 0 0 0 0 0 0 0 0 0 0 3 18475 0 0 6 0 0 104 15 0 4194742 8926564 6137519 0 0 0 7726678 0 0 712 0 
0 0 0 0 0 0 0 0 0 0 0 0 0 0 0 0 0 0 0 0 0 0 0 3 0 18526 18528 0 0 104 0 0 15 19288005 0 0 0 0 0 0 7737405 712 0 0 
0 0 0 0 0 0 0 0 0 0 0 0 0 0 0 0 0 0 0 0 0 0 0 3 18531 0 0 6 0 0 104 15 0 4201390 8937623 6148505 0 0 0 7738482 0 0 712 0 
0 0 0 0 0 0 0 0 0 0 0 0 0 0 0 0 0 0 0 0 0 0 0 3 0 18582 18584 0 0 104 0 0 15 19318959 0 0 0 0 0 0 7749583 712 0 0 
0 0 0 0 0 0 0 0 0 0 0 0 0 0 0 0 0 0 0 0 0 0 0 3 18587 0 0 6 0 0 104 15 0 4208931 8949883 6159660 0 0 0 7750660 0 0 712 0 
0 0 0 0 0 0 0 0 0 0 0 0 0 0 0 0 0 0 0 0 0 0 0 3 0 18594 18592 0 0 104 0 0 15 19339459 0 0 0 0 0 0 7756744 712 0 0 
0 0 0 0 0 0 0 0 0 0 0 0 0 0 0 0 0 0 0 0 0 0 0 3 18595 0 0 6 0 0 104 15 0 4212892 8959655 6166426 0 0 0 7757821 0 0 712 0 
0 0 0 0 0 0 0 0 0 0 0 0 0 0 0 0 0 0 0 0 0 0 0 3 0 18650 18652 0 0 104 0 0 15 19361375 0 0 0 0 0 0 7766318 712 0 0 
0 0 0 0 0 0 0 0 0 0 0 0 0 0 0 0 0 0 0 0 0 0 0 3 18655 0 0 6 0 0 104 15 0 4218102 8967450 6175335 0 0 0 7767396 0 0 712 0 
0 0 0 0 0 0 0 0 0 0 0 0 0 0 0 0 0 0 0 0 0 0 0 3 0 18706 18708 0 0 104 0 0 15 19389953 0 0 0 0 0 0 7779328 712 0 0 
0 0 0 0 0 0 0 0 0 0 0 0 0 0 0 0 0 0 0 0 0 0 0 3 18711 0 0 6 0 0 104 15 0 4224034 8979796 6185634 0 0 0 7780411 0 0 712 0 
0 0 0 0 0 0 0 0 0 0 0 0 0 0 0 0 0 0 0 0 0 0 0 3 0 18762 18764 0 0 104 0 0 15 19420949 0 0 0 0 0 0 7791328 712 0 0 
0 0 0 0 0 0 0 0 0 0 0 0 0 0 0 0 0 0 0 0 0 0 0 3 18767 0 0 6 0 0 104 15 0 4231575 8991878 6197007 0 0 0 7792411 0 0 712 0 
0 0 0 0 0 0 0 0 0 0 0 0 0 0 0 0 0 0 0 0 0 0 0 3 0 18774 18776 0 0 104 0 0 15 19445176 0 0 0 0 0 0 7800162 712 0 0 
0 0 0 0 0 0 0 0 0 0 0 0 0 0 0 0 0 0 0 0 0 0 0 3 18779 0 0 6 0 0 104 15 0 4236863 9002910 6204912 0 0 0 7801247 0 0 712 0 
0 0 0 0 0 0 0 0 0 0 0 0 0 0 0 0 0 0 0 0 0 0 0 3 0 18830 18832 0 0 104 0 0 15 19468314 0 0 0 0 0 0 7811019 712 0 0 
0 0 0 0 0 0 0 0 0 0 0 0 0 0 0 0 0 0 0 0 0 0 0 3 18835 0 0 6 0 0 104 15 0 4241266 9012535 6214026 0 0 0 7812102 0 0 712 0 
0 0 0 0 0 0 0 0 0 0 0 0 0 0 0 0 0 0 0 0 0 0 0 3 0 18886 18888 0 0 104 0 0 15 19492483 0 0 0 0 0 0 7820779 712 0 0 
0 0 0 0 0 0 0 0 0 0 0 0 0 0 0 0 0 0 0 0 0 0 0 3 18891 0 0 6 0 0 104 15 0 4246679 9021497 6223817 0 0 0 7821864 0 0 712 0 
0 0 0 0 0 0 0 0 0 0 0 0 0 0 0 0 0 0 0 0 0 0 0 3 0 18946 18944 0 0 104 0 0 15 19523275 0 0 0 0 0 0 7832719 712 0 0 
0 0 0 0 0 0 0 0 0 0 0 0 0 0 0 0 0 0 0 0 0 0 0 3 18947 0 0 6 0 0 104 15 0 4254228 9033515 6235035 0 0 0 7833803 0 0 712 0 
0 0 0 0 0 0 0 0 0 0 0 0 0 0 0 0 0 0 0 0 0 0 0 3 0 19002 19004 0 0 104 0 0 15 19553747 0 0 0 0 0 0 7844424 712 0 0 
0 0 0 0 0 0 0 0 0 0 0 0 0 0 0 0 0 0 0 0 0 0 0 3 19007 0 0 6 0 0 104 15 0 4261769 9045304 6246176 0 0 0 7845508 0 0 712 0 
0 0 0 0 0 0 0 0 0 0 0 0 0 0 0 0 0 0 0 0 0 0 0 3 0 19014 19012 0 0 104 0 0 15 19573998 0 0 0 0 0 0 7851265 712 0 0 
0 0 0 0 0 0 0 0 0 0 0 0 0 0 0 0 0 0 0 0 0 0 0 3 19015 0 0 6 0 0 104 15 0 4265955 9054647 6252897 0 0 0 7852349 0 0 712 0 
0 0 0 0 0 0 0 0 0 0 0 0 0 0 0 0 0 0 0 0 0 0 0 3 0 19070 19072 0 0 104 0 0 15 19599829 0 0 0 0 0 0 7863549 712 0 0 
0 0 0 0 0 0 0 0 0 0 0 0 0 0 0 0 0 0 0 0 0 0 0 3 19075 0 0 6 0 0 104 15 0 4271376 9065124 6262822 0 0 0 7864634 0 0 712 0 
0 0 0 0 0 0 0 0 0 0 0 0 0 0 0 0 0 0 0 0 0 0 0 3 0 19126 19128 0 0 104 0 0 15 19627708 0 0 0 0 0 0 7875899 712 0 0 
0 0 0 0 0 0 0 0 0 0 0 0 0 0 0 0 0 0 0 0 0 0 0 3 19131 0 0 6 0 0 104 15 0 4276872 9076943 6273387 0 0 0 7876984 0 0 712 0 
0 0 0 0 0 0 0 0 0 0 0 0 0 0 0 0 0 0 0 0 0 0 0 3 0 19182 19184 0 0 104 0 0 15 19658751 0 0 0 0 0 0 7888440 712 0 0 
0 0 0 0 0 0 0 0 0 0 0 0 0 0 0 0 0 0 0 0 0 0 0 3 19187 0 0 6 0 0 104 15 0 4284413 9089566 6284267 0 0 0 7889525 0 0 712 0 
0 0 0 0 0 0 0 0 0 0 0 0 0 0 0 0 0 0 0 0 0 0 0 3 0 19198 19196 0 0 104 0 0 15 19684192 0 0 0 0 0 0 7897628 712 0 0 
0 0 0 0 0 0 0 0 0 0 0 0 0 0 0 0 0 0 0 0 0 0 0 3 19199 0 0 6 0 0 104 15 0 4290471 9100811 6292404 0 0 0 7898715 0 0 712 0 
0 0 0 0 0 0 0 0 0 0 0 0 0 0 0 0 0 0 0 0 0 0 0 3 0 19250 19252 0 0 104 0 0 15 19705668 0 0 0 0 0 0 7907559 712 0 0 
0 0 0 0 0 0 0 0 0 0 0 0 0 0 0 0 0 0 0 0 0 0 0 3 19255 0 0 6 0 0 104 15 0 4294228 9109795 6301133 0 0 0 7908646 0 0 712 0 
0 0 0 0 0 0 0 0 0 0 0 0 0 0 0 0 0 0 0 0 0 0 0 3 0 19306 19308 0 0 104 0 0 15 19729181 0 0 0 0 0 0 7917317 712 0 0 
0 0 0 0 0 0 0 0 0 0 0 0 0 0 0 0 0 0 0 0 0 0 0 3 19311 0 0 6 0 0 104 15 0 4299519 9118612 6310535 0 0 0 7918407 0 0 712 0 
0 0 0 0 0 0 0 0 0 0 0 0 0 0 0 0 0 0 0 0 0 0 0 3 0 19362 19364 0 0 104 0 0 15 19760333 0 0 0 0 0 0 7929608 712 0 0 
0 0 0 0 0 0 0 0 0 0 0 0 0 0 0 0 0 0 0 0 0 0 0 3 19367 0 0 6 0 0 104 15 0 4307057 9130986 6321774 0 0 0 7930700 0 0 712 0 
0 0 0 0 0 0 0 0 0 0 0 0 0 0 0 0 0 0 0 0 0 0 0 3 0 19422 19424 0 0 104 0 0 15 19790666 0 0 0 0 0 0 7941144 712 0 0 
0 0 0 0 0 0 0 0 0 0 0 0 0 0 0 0 0 0 0 0 0 0 0 3 19427 0 0 6 0 0 104 15 0 4314606 9142605 6332936 0 0 0 7942238 0 0 712 0 
0 0 0 0 0 0 0 0 0 0 0 0 0 0 0 0 0 0 0 0 0 0 0 3 0 19430 19432 0 0 104 0 0 15 19809838 0 0 0 0 0 0 7948849 712 0 0 
0 0 0 0 0 0 0 0 0 0 0 0 0 0 0 0 0 0 0 0 0 0 0 3 19435 0 0 6 0 0 104 15 0 4318012 9152315 6338994 0 0 0 7949943 0 0 712 0 
0 0 0 0 0 0 0 0 0 0 0 0 0 0 0 0 0 0 0 0 0 0 0 3 0 19490 19492 0 0 104 0 0 15 19833843 0 0 0 0 0 0 7959499 712 0 0 
0 0 0 0 0 0 0 0 0 0 0 0 0 0 0 0 0 0 0 0 0 0 0 3 19495 0 0 6 0 0 104 15 0 4323559 9161814 6347951 0 0 0 7960592 0 0 712 0 
0 0 0 0 0 0 0 0 0 0 0 0 0 0 0 0 0 0 0 0 0 0 0 3 0 19546 19548 0 0 104 0 0 15 19862284 0 0 0 0 0 0 7971788 712 0 0 
0 0 0 0 0 0 0 0 0 0 0 0 0 0 0 0 0 0 0 0 0 0 0 3 19551 0 0 6 0 0 104 15 0 4329711 9173412 6358641 0 0 0 7972881 0 0 712 0 
0 0 0 0 0 0 0 0 0 0 0 0 0 0 0 0 0 0 0 0 0 0 0 3 0 19602 19604 0 0 104 0 0 15 19892407 0 0 0 0 0 0 7983810 712 0 0 
0 0 0 0 0 0 0 0 0 0 0 0 0 0 0 0 0 0 0 0 0 0 0 3 19607 0 0 6 0 0 104 15 0 4337250 9185515 6369120 0 0 0 7984901 0 0 712 0 
0 0 0 0 0 0 0 0 0 0 0 0 0 0 0 0 0 0 0 0 0 0 0 3 0 19626 19624 0 0 104 0 0 15 19920941 0 0 0 0 0 0 7995521 712 0 0 
0 0 0 0 0 0 0 0 0 0 0 0 0 0 0 0 0 0 0 0 0 0 0 3 19627 0 0 6 0 0 104 15 0 4343475 9196494 6380448 0 0 0 7996615 0 0 712 0 
0 0 0 0 0 0 0 0 0 0 0 0 0 0 0 0 0 0 0 0 0 0 0 3 0 19670 19672 0 0 104 0 0 15 19940846 0 0 0 0 0 0 8002366 712 0 0 
0 0 0 0 0 0 0 0 0 0 0 0 0 0 0 0 0 0 0 0 0 0 0 3 19675 0 0 6 0 0 104 15 0 4347822 9205785 6386713 0 0 0 8003460 0 0 712 0 
0 0 0 0 0 0 0 0 0 0 0 0 0 0 0 0 0 0 0 0 0 0 0 3 0 19730 19728 0 0 104 0 0 15 19962138 0 0 0 0 0 0 8011554 712 0 0 
0 0 0 0 0 0 0 0 0 0 0 0 0 0 0 0 0 0 0 0 0 0 0 3 19731 0 0 6 0 0 104 15 0 4352366 9213424 6395824 0 0 0 8012649 0 0 712 0 
0 0 0 0 0 0 0 0 0 0 0 0 0 0 0 0 0 0 0 0 0 0 0 3 0 19786 19788 0 0 104 0 0 15 19993667 0 0 0 0 0 0 8024077 712 0 0 
0 0 0 0 0 0 0 0 0 0 0 0 0 0 0 0 0 0 0 0 0 0 0 3 19791 0 0 6 0 0 104 15 0 4359905 9226033 6407209 0 0 0 8025174 0 0 712 0 
0 0 0 0 0 0 0 0 0 0 0 0 0 0 0 0 0 0 0 0 0 0 0 3 0 19842 19844 0 0 104 0 0 15 20024396 0 0 0 0 0 0 8036057 712 0 0 
0 0 0 0 0 0 0 0 0 0 0 0 0 0 0 0 0 0 0 0 0 0 0 3 19847 0 0 6 0 0 104 15 0 4367446 9238096 6418334 0 0 0 8037156 0 0 712 0 
0 0 0 0 0 0 0 0 0 0 0 0 0 0 0 0 0 0 0 0 0 0 0 3 0 19854 19852 0 0 104 0 0 15 20046103 0 0 0 0 0 0 8044042 712 0 0 
0 0 0 0 0 0 0 0 0 0 0 0 0 0 0 0 0 0 0 0 0 0 0 3 19855 0 0 6 0 0 104 15 0 4371536 9248633 6425415 0 0 0 8045140 0 0 712 0 
0 0 0 0 0 0 0 0 0 0 0 0 0 0 0 0 0 0 0 0 0 0 0 3 0 19910 19912 0 0 104 0 0 15 20070356 0 0 0 0 0 0 8055130 712 0 0 
0 0 0 0 0 0 0 0 0 0 0 0 0 0 0 0 0 0 0 0 0 0 0 3 19915 0 0 6 0 0 104 15 0 4377010 9257839 6434982 0 0 0 8056229 0 0 712 0 
0 0 0 0 0 0 0 0 0 0 0 0 0 0 0 0 0 0 0 0 0 0 0 3 0 19966 19968 0 0 104 0 0 15 20096750 0 0 0 0 0 0 8065858 712 0 0 
0 0 0 0 0 0 0 0 0 0 0 0 0 0 0 0 0 0 0 0 0 0 0 3 19971 0 0 6 0 0 104 15 0 4382551 9268060 6445613 0 0 0 8066957 0 0 712 0 
0 0 0 0 0 0 0 0 0 0 0 0 0 0 0 0 0 0 0 0 0 0 0 3 0 20022 20024 0 0 104 0 0 15 20128030 0 0 0 0 0 0 8078425 712 0 0 
0 0 0 0 0 0 0 0 0 0 0 0 0 0 0 0 0 0 0 0 0 0 0 3 20027 0 0 6 0 0 104 15 0 4390092 9280710 6456702 0 0 0 8079525 0 0 712 0 
0 0 0 0 0 0 0 0 0 0 0 0 0 0 0 0 0 0 0 0 0 0 0 3 0 20082 20084 0 0 104 0 0 15 20159133 0 0 0 0 0 0 8090581 712 0 0 
0 0 0 0 0 0 0 0 0 0 0 0 0 0 0 0 0 0 0 0 0 0 0 3 20087 0 0 6 0 0 104 15 0 4397641 9292946 6468023 0 0 0 8091680 0 0 712 0 
0 0 0 0 0 0 0 0 0 0 0 0 0 0 0 0 0 0 0 0 0 0 0 3 0 20094 20092 0 0 104 0 0 15 20179470 0 0 0 0 0 0 8097093 712 0 0 
0 0 0 0 0 0 0 0 0 0 0 0 0 0 0 0 0 0 0 0 0 0 0 3 20095 0 0 6 0 0 104 15 0 4401801 9301976 6475172 0 0 0 8098192 0 0 712 0 
0 0 0 0 0 0 0 0 0 0 0 0 0 0 0 0 0 0 0 0 0 0 0 3 0 20150 20152 0 0 104 0 0 15 20205577 0 0 0 0 0 0 8109780 712 0 0 
0 0 0 0 0 0 0 0 0 0 0 0 0 0 0 0 0 0 0 0 0 0 0 3 20155 0 0 6 0 0 104 15 0 4407292 9312850 6484907 0 0 0 8110879 0 0 712 0 
0 0 0 0 0 0 0 0 0 0 0 0 0 0 0 0 0 0 0 0 0 0 0 3 0 20206 20208 0 0 104 0 0 15 20231574 0 0 0 0 0 0 8120975 712 0 0 
0 0 0 0 0 0 0 0 0 0 0 0 0 0 0 0 0 0 0 0 0 0 0 3 20211 0 0 6 0 0 104 15 0 4412746 9323505 6494784 0 0 0 8122075 0 0 712 0 
0 0 0 0 0 0 0 0 0 0 0 0 0 0 0 0 0 0 0 0 0 0 0 3 0 20262 20264 0 0 104 0 0 15 20263184 0 0 0 0 0 0 8133860 712 0 0 
0 0 0 0 0 0 0 0 0 0 0 0 0 0 0 0 0 0 0 0 0 0 0 3 20267 0 0 6 0 0 104 15 0 4420287 9336474 6505882 0 0 0 8134963 0 0 712 0 
0 0 0 0 0 0 0 0 0 0 0 0 0 0 0 0 0 0 0 0 0 0 0 3 0 20309 20308 0 0 104 0 0 15 20292403 0 0 0 0 0 0 8145978 712 0 0 
0 0 0 0 0 0 0 0 0 0 0 0 0 0 0 0 0 0 0 0 0 0 0 3 20311 0 0 6 0 0 104 15 0 4427183 9348459 6516220 0 0 0 8147082 0 0 712 0 
0 0 0 0 0 0 0 0 0 0 0 0 0 0 0 0 0 0 0 0 0 0 0 3 0 20334 20332 0 0 104 0 0 15 20314973 0 0 0 0 0 0 8153647 712 0 0 
0 0 0 0 0 0 0 0 0 0 0 0 0 0 0 0 0 0 0 0 0 0 0 3 20335 0 0 6 0 0 104 15 0 4431909 9358902 6523622 0 0 0 8154752 0 0 712 0 
0 0 0 0 0 0 0 0 0 0 0 0 0 0 0 0 0 0 0 0 0 0 0 3 0 20390 20392 0 0 104 0 0 15 20337499 0 0 0 0 0 0 8163431 712 0 0 
0 0 0 0 0 0 0 0 0 0 0 0 0 0 0 0 0 0 0 0 0 0 0 3 20395 0 0 6 0 0 104 15 0 4437207 9366867 6532887 0 0 0 8164539 0 0 712 0 
0 0 0 0 0 0 0 0 0 0 0 0 0 0 0 0 0 0 0 0 0 0 0 3 0 20446 20448 0 0 104 0 0 15 20365335 0 0 0 0 0 0 8175220 712 0 0 
0 0 0 0 0 0 0 0 0 0 0 0 0 0 0 0 0 0 0 0 0 0 0 3 20451 0 0 6 0 0 104 15 0 4442941 9378085 6543768 0 0 0 8176330 0 0 712 0 
0 0 0 0 0 0 0 0 0 0 0 0 0 0 0 0 0 0 0 0 0 0 0 3 0 20502 20504 0 0 104 0 0 15 20396107 0 0 0 0 0 0 8187014 712 0 0 
0 0 0 0 0 0 0 0 0 0 0 0 0 0 0 0 0 0 0 0 0 0 0 3 20507 0 0 6 0 0 104 15 0 4450482 9389959 6555125 0 0 0 8188122 0 0 712 0 
0 0 0 0 0 0 0 0 0 0 0 0 0 0 0 0 0 0 0 0 0 0 0 3 0 20522 20524 0 0 104 0 0 15 20423379 0 0 0 0 0 0 8197821 712 0 0 
0 0 0 0 0 0 0 0 0 0 0 0 0 0 0 0 0 0 0 0 0 0 0 3 20527 0 0 6 0 0 104 15 0 4456703 9400773 6565361 0 0 0 8198931 0 0 712 0 
0 0 0 0 0 0 0 0 0 0 0 0 0 0 0 0 0 0 0 0 0 0 0 3 0 20570 20572 0 0 104 0 0 15 20441940 0 0 0 0 0 0 8206095 712 0 0 
0 0 0 0 0 0 0 0 0 0 0 0 0 0 0 0 0 0 0 0 0 0 0 3 20575 0 0 6 0 0 104 15 0 4460271 9409769 6571359 0 0 0 8207203 0 0 712 0 
0 0 0 0 0 0 0 0 0 0 0 0 0 0 0 0 0 0 0 0 0 0 0 3 0 20626 20628 0 0 104 0 0 15 20467953 0 0 0 0 0 0 8217367 712 0 0 
0 0 0 0 0 0 0 0 0 0 0 0 0 0 0 0 0 0 0 0 0 0 0 3 20631 0 0 6 0 0 104 15 0 4465588 9420477 6581346 0 0 0 8218476 0 0 712 0 
0 0 0 0 0 0 0 0 0 0 0 0 0 0 0 0 0 0 0 0 0 0 0 3 0 20682 20684 0 0 104 0 0 15 20498964 0 0 0 0 0 0 8229608 712 0 0 
0 0 0 0 0 0 0 0 0 0 0 0 0 0 0 0 0 0 0 0 0 0 0 3 20687 0 0 6 0 0 104 15 0 4473129 9432799 6592492 0 0 0 8230715 0 0 712 0 
0 0 0 0 0 0 0 0 0 0 0 0 0 0 0 0 0 0 0 0 0 0 0 3 0 20710 20708 0 0 104 0 0 15 20526510 0 0 0 0 0 0 8240808 712 0 0 
0 0 0 0 0 0 0 0 0 0 0 0 0 0 0 0 0 0 0 0 0 0 0 3 20711 0 0 6 0 0 104 15 0 4479604 9443340 6603019 0 0 0 8241918 0 0 712 0 
0 0 0 0 0 0 0 0 0 0 0 0 0 0 0 0 0 0 0 0 0 0 0 3 0 20750 20752 0 0 104 0 0 15 20545387 0 0 0 0 0 0 8248087 712 0 0 
0 0 0 0 0 0 0 0 0 0 0 0 0 0 0 0 0 0 0 0 0 0 0 3 20755 0 0 6 0 0 104 15 0 4482998 9452392 6609450 0 0 0 8249197 0 0 712 0 
0 0 0 0 0 0 0 0 0 0 0 0 0 0 0 0 0 0 0 0 0 0 0 3 0 20806 20808 0 0 104 0 0 15 20567721 0 0 0 0 0 0 8257240 712 0 0 
0 0 0 0 0 0 0 0 0 0 0 0 0 0 0 0 0 0 0 0 0 0 0 3 20811 0 0 6 0 0 104 15 0 4488234 9460596 6618339 0 0 0 8258351 0 0 712 0 
0 0 0 0 0 0 0 0 0 0 0 0 0 0 0 0 0 0 0 0 0 0 0 3 0 20862 20864 0 0 104 0 0 15 20599243 0 0 0 0 0 0 8269779 712 0 0 
0 0 0 0 0 0 0 0 0 0 0 0 0 0 0 0 0 0 0 0 0 0 0 3 20867 0 0 6 0 0 104 15 0 4495775 9473218 6629694 0 0 0 8270892 0 0 712 0 
0 0 0 0 0 0 0 0 0 0 0 0 0 0 0 0 0 0 0 0 0 0 0 3 0 20902 20900 0 0 104 0 0 15 20628041 0 0 0 0 0 0 8281585 712 0 0 
0 0 0 0 0 0 0 0 0 0 0 0 0 0 0 0 0 0 0 0 0 0 0 3 20903 0 0 6 0 0 104 15 0 4502493 9484696 6640298 0 0 0 8282699 0 0 712 0 
0 0 0 0 0 0 0 0 0 0 0 0 0 0 0 0 0 0 0 0 0 0 0 3 0 20930 20932 0 0 104 0 0 15 20646034 0 0 0 0 0 0 8290400 712 0 0 
0 0 0 0 0 0 0 0 0 0 0 0 0 0 0 0 0 0 0 0 0 0 0 3 20935 0 0 6 0 0 104 15 0 4505518 9494711 6645253 0 0 0 8291514 0 0 712 0 
0 0 0 0 0 0 0 0 0 0 0 0 0 0 0 0 0 0 0 0 0 0 0 3 0 20986 20988 0 0 104 0 0 15 20672468 0 0 0 0 0 0 8302204 712 0 0 
0 0 0 0 0 0 0 0 0 0 0 0 0 0 0 0 0 0 0 0 0 0 0 3 20991 0 0 6 0 0 104 15 0 4510878 9505810 6655226 0 0 0 8303319 0 0 712 0 
0 0 0 0 0 0 0 0 0 0 0 0 0 0 0 0 0 0 0 0 0 0 0 3 0 21042 21044 0 0 104 0 0 15 20703350 0 0 0 0 0 0 8314156 712 0 0 
0 0 0 0 0 0 0 0 0 0 0 0 0 0 0 0 0 0 0 0 0 0 0 3 21047 0 0 6 0 0 104 15 0 4518418 9517844 6666533 0 0 0 8315271 0 0 712 0 
0 0 0 0 0 0 0 0 0 0 0 0 0 0 0 0 0 0 0 0 0 0 0 3 0 21066 21064 0 0 104 0 0 15 20731192 0 0 0 0 0 0 8325496 712 0 0 
0 0 0 0 0 0 0 0 0 0 0 0 0 0 0 0 0 0 0 0 0 0 0 3 21067 0 0 6 0 0 104 15 0 4524642 9528498 6677495 0 0 0 8326613 0 0 712 0 
0 0 0 0 0 0 0 0 0 0 0 0 0 0 0 0 0 0 0 0 0 0 0 3 0 21110 21112 0 0 104 0 0 15 20748494 0 0 0 0 0 0 8331948 712 0 0 
0 0 0 0 0 0 0 0 0 0 0 0 0 0 0 0 0 0 0 0 0 0 0 3 21115 0 0 6 0 0 104 15 0 4528284 9536595 6683059 0 0 0 8333065 0 0 712 0 
0 0 0 0 0 0 0 0 0 0 0 0 0 0 0 0 0 0 0 0 0 0 0 3 0 21170 21172 0 0 104 0 0 15 20775206 0 0 0 0 0 0 8341990 712 0 0 
0 0 0 0 0 0 0 0 0 0 0 0 0 0 0 0 0 0 0 0 0 0 0 3 21175 0 0 6 0 0 104 15 0 4534875 9546613 6693160 0 0 0 8343105 0 0 712 0 
0 0 0 0 0 0 0 0 0 0 0 0 0 0 0 0 0 0 0 0 0 0 0 3 0 21226 21228 0 0 104 0 0 15 20803346 0 0 0 0 0 0 8354234 712 0 0 
0 0 0 0 0 0 0 0 0 0 0 0 0 0 0 0 0 0 0 0 0 0 0 3 21231 0 0 6 0 0 104 15 0 4541072 9558169 6703551 0 0 0 8355351 0 0 712 0 
0 0 0 0 0 0 0 0 0 0 0 0 0 0 0 0 0 0 0 0 0 0 0 3 0 21269 21268 0 0 104 0 0 15 20831353 0 0 0 0 0 0 8365094 712 0 0 
0 0 0 0 0 0 0 0 0 0 0 0 0 0 0 0 0 0 0 0 0 0 0 3 21271 0 0 6 0 0 104 15 0 4548151 9568908 6713737 0 0 0 8366213 0 0 712 0 
0 0 0 0 0 0 0 0 0 0 0 0 0 0 0 0 0 0 0 0 0 0 0 3 0 21290 21292 0 0 104 0 0 15 20854849 0 0 0 0 0 0 8374322 712 0 0 
0 0 0 0 0 0 0 0 0 0 0 0 0 0 0 0 0 0 0 0 0 0 0 3 21295 0 0 6 0 0 104 15 0 4552516 9580858 6720918 0 0 0 8375441 0 0 712 0 
0 0 0 0 0 0 0 0 0 0 0 0 0 0 0 0 0 0 0 0 0 0 0 3 0 21350 21352 0 0 104 0 0 15 20875051 0 0 0 0 0 0 8384920 712 0 0 
0 0 0 0 0 0 0 0 0 0 0 0 0 0 0 0 0 0 0 0 0 0 0 3 21355 0 0 6 0 0 104 15 0 4556387 9589243 6728864 0 0 0 8386040 0 0 712 0 
0 0 0 0 0 0 0 0 0 0 0 0 0 0 0 0 0 0 0 0 0 0 0 3 0 21406 21408 0 0 104 0 0 15 20905582 0 0 0 0 0 0 8396830 712 0 0 
0 0 0 0 0 0 0 0 0 0 0 0 0 0 0 0 0 0 0 0 0 0 0 3 21411 0 0 6 0 0 104 15 0 4563717 9601014 6740295 0 0 0 8397950 0 0 712 0 
0 0 0 0 0 0 0 0 0 0 0 0 0 0 0 0 0 0 0 0 0 0 0 3 0 21462 21464 0 0 104 0 0 15 20936681 0 0 0 0 0 0 8408858 712 0 0 
0 0 0 0 0 0 0 0 0 0 0 0 0 0 0 0 0 0 0 0 0 0 0 3 21467 0 0 6 0 0 104 15 0 4571258 9613123 6751745 0 0 0 8409977 0 0 712 0 
0 0 0 0 0 0 0 0 0 0 0 0 0 0 0 0 0 0 0 0 0 0 0 3 0 21474 21472 0 0 104 0 0 15 20957430 0 0 0 0 0 0 8416169 712 0 0 
0 0 0 0 0 0 0 0 0 0 0 0 0 0 0 0 0 0 0 0 0 0 0 3 21475 0 0 6 0 0 104 15 0 4575357 9622983 6758535 0 0 0 8417288 0 0 712 0 
0 0 0 0 0 0 0 0 0 0 0 0 0 0 0 0 0 0 0 0 0 0 0 3 0 21530 21532 0 0 104 0 0 15 20979200 0 0 0 0 0 0 8425764 712 0 0 
0 0 0 0 0 0 0 0 0 0 0 0 0 0 0 0 0 0 0 0 0 0 0 3 21535 0 0 6 0 0 104 15 0 4580283 9630857 6767499 0 0 0 8426882 0 0 712 0 
0 0 0 0 0 0 0 0 0 0 0 0 0 0 0 0 0 0 0 0 0 0 0 3 0 21586 21588 0 0 104 0 0 15 21007639 0 0 0 0 0 0 8438299 712 0 0 
0 0 0 0 0 0 0 0 0 0 0 0 0 0 0 0 0 0 0 0 0 0 0 3 21591 0 0 6 0 0 104 15 0 4586363 9642728 6777989 0 0 0 8439419 0 0 712 0 
0 0 0 0 0 0 0 0 0 0 0 0 0 0 0 0 0 0 0 0 0 0 0 3 0 21641 21640 0 0 104 0 0 15 21038383 0 0 0 0 0 0 8450271 712 0 0 
0 0 0 0 0 0 0 0 0 0 0 0 0 0 0 0 0 0 0 0 0 0 0 3 21643 0 0 6 0 0 104 15 0 4593758 9654820 6789249 0 0 0 8451398 0 0 712 0 
0 0 0 0 0 0 0 0 0 0 0 0 0 0 0 0 0 0 0 0 0 0 0 3 0 21650 21652 0 0 104 0 0 15 21061113 0 0 0 0 0 0 8460078 712 0 0 
0 0 0 0 0 0 0 0 0 0 0 0 0 0 0 0 0 0 0 0 0 0 0 3 21655 0 0 6 0 0 104 15 0 4597680 9667039 6795837 0 0 0 8461205 0 0 712 0 
0 0 0 0 0 0 0 0 0 0 0 0 0 0 0 0 0 0 0 0 0 0 0 3 0 21710 21712 0 0 104 0 0 15 21085341 0 0 0 0 0 0 8471614 712 0 0 
0 0 0 0 0 0 0 0 0 0 0 0 0 0 0 0 0 0 0 0 0 0 0 3 21715 0 0 6 0 0 104 15 0 4603035 9676924 6804828 0 0 0 8472738 0 0 712 0 
0 0 0 0 0 0 0 0 0 0 0 0 0 0 0 0 0 0 0 0 0 0 0 3 0 21766 21768 0 0 104 0 0 15 21112017 0 0 0 0 0 0 8482762 712 0 0 
0 0 0 0 0 0 0 0 0 0 0 0 0 0 0 0 0 0 0 0 0 0 0 3 21771 0 0 6 0 0 104 15 0 4609007 9687444 6815004 0 0 0 8483890 0 0 712 0 
0 0 0 0 0 0 0 0 0 0 0 0 0 0 0 0 0 0 0 0 0 0 0 3 0 21822 21824 0 0 104 0 0 15 21143289 0 0 0 0 0 0 8495053 712 0 0 
0 0 0 0 0 0 0 0 0 0 0 0 0 0 0 0 0 0 0 0 0 0 0 3 21827 0 0 6 0 0 104 15 0 4616548 9699819 6826355 0 0 0 8496184 0 0 712 0 
0 0 0 0 0 0 0 0 0 0 0 0 0 0 0 0 0 0 0 0 0 0 0 3 0 21830 21832 0 0 104 0 0 15 21163854 0 0 0 0 0 0 8502552 712 0 0 
0 0 0 0 0 0 0 0 0 0 0 0 0 0 0 0 0 0 0 0 0 0 0 3 21835 0 0 6 0 0 104 15 0 4620119 9709743 6833425 0 0 0 8503684 0 0 712 0 
0 0 0 0 0 0 0 0 0 0 0 0 0 0 0 0 0 0 0 0 0 0 0 3 0 21890 21892 0 0 104 0 0 15 21187380 0 0 0 0 0 0 8513151 712 0 0 
0 0 0 0 0 0 0 0 0 0 0 0 0 0 0 0 0 0 0 0 0 0 0 3 21895 0 0 6 0 0 104 15 0 4625631 9718718 6842469 0 0 0 8514280 0 0 712 0 
0 0 0 0 0 0 0 0 0 0 0 0 0 0 0 0 0 0 0 0 0 0 0 3 0 21946 21948 0 0 104 0 0 15 21214559 0 0 0 0 0 0 8524666 712 0 0 
0 0 0 0 0 0 0 0 0 0 0 0 0 0 0 0 0 0 0 0 0 0 0 3 21951 0 0 6 0 0 104 15 0 4631654 9729598 6852746 0 0 0 8525795 0 0 712 0 
0 0 0 0 0 0 0 0 0 0 0 0 0 0 0 0 0 0 0 0 0 0 0 3 0 21989 21988 0 0 104 0 0 15 21243639 0 0 0 0 0 0 8536515 712 0 0 
0 0 0 0 0 0 0 0 0 0 0 0 0 0 0 0 0 0 0 0 0 0 0 3 21991 0 0 6 0 0 104 15 0 4638625 9741343 6863110 0 0 0 8537645 0 0 712 0 
0 0 0 0 0 0 0 0 0 0 0 0 0 0 0 0 0 0 0 0 0 0 0 3 0 22010 22012 0 0 104 0 0 15 21264786 0 0 0 0 0 0 8544969 712 0 0 
0 0 0 0 0 0 0 0 0 0 0 0 0 0 0 0 0 0 0 0 0 0 0 3 22014 0 0 6 0 0 104 15 0 4642492 9751925 6869808 0 0 0 8546101 0 0 712 0 
0 0 0 0 0 0 0 0 0 0 0 0 0 0 0 0 0 0 0 0 0 0 0 3 0 22070 22072 0 0 104 0 0 15 21287854 0 0 0 0 0 0 8554535 712 0 0 
0 0 0 0 0 0 0 0 0 0 0 0 0 0 0 0 0 0 0 0 0 0 0 3 22074 0 0 6 0 0 104 15 0 4648233 9760372 6878690 0 0 0 8555671 0 0 712 0 
0 0 0 0 0 0 0 0 0 0 0 0 0 0 0 0 0 0 0 0 0 0 0 3 0 22126 22128 0 0 104 0 0 15 21315615 0 0 0 0 0 0 8566214 712 0 0 
0 0 0 0 0 0 0 0 0 0 0 0 0 0 0 0 0 0 0 0 0 0 0 3 22130 0 0 6 0 0 104 15 0 4654301 9771397 6889358 0 0 0 8567349 0 0 712 0 
0 0 0 0 0 0 0 0 0 0 0 0 0 0 0 0 0 0 0 0 0 0 0 3 0 22181 22180 0 0 104 0 0 15 21346555 0 0 0 0 0 0 8578067 712 0 0 
0 0 0 0 0 0 0 0 0 0 0 0 0 0 0 0 0 0 0 0 0 0 0 3 22182 0 0 6 0 0 104 15 0 4661782 9783339 6900874 0 0 0 8579204 0 0 712 0 
0 0 0 0 0 0 0 0 0 0 0 0 0 0 0 0 0 0 0 0 0 0 0 3 0 22190 22192 0 0 104 0 0 15 21367098 0 0 0 0 0 0 8585166 712 0 0 
0 0 0 0 0 0 0 0 0 0 0 0 0 0 0 0 0 0 0 0 0 0 0 3 22194 0 0 6 0 0 104 15 0 4665665 9792953 6907919 0 0 0 8586303 0 0 712 0 
0 0 0 0 0 0 0 0 0 0 0 0 0 0 0 0 0 0 0 0 0 0 0 3 0 22250 22252 0 0 104 0 0 15 21391646 0 0 0 0 0 0 8596001 712 0 0 
0 0 0 0 0 0 0 0 0 0 0 0 0 0 0 0 0 0 0 0 0 0 0 3 22254 0 0 6 0 0 104 15 0 4671415 9802036 6917632 0 0 0 8597138 0 0 712 0 
0 0 0 0 0 0 0 0 0 0 0 0 0 0 0 0 0 0 0 0 0 0 0 3 0 22306 22308 0 0 104 0 0 15 21418152 0 0 0 0 0 0 8607403 712 0 0 
0 0 0 0 0 0 0 0 0 0 0 0 0 0 0 0 0 0 0 0 0 0 0 3 22310 0 0 6 0 0 104 15 0 4676946 9812837 6927803 0 0 0 8608544 0 0 712 0 
0 0 0 0 0 0 0 0 0 0 0 0 0 0 0 0 0 0 0 0 0 0 0 3 0 22362 22364 0 0 104 0 0 15 21448909 0 0 0 0 0 0 8619677 712 0 0 
0 0 0 0 0 0 0 0 0 0 0 0 0 0 0 0 0 0 0 0 0 0 0 3 22366 0 0 6 0 0 104 15 0 4684487 9825193 6938660 0 0 0 8620819 0 0 712 0 
0 0 0 0 0 0 0 0 0 0 0 0 0 0 0 0 0 0 0 0 0 0 0 3 0 22386 22384 0 0 104 0 0 15 21477199 0 0 0 0 0 0 8631804 712 0 0 
0 0 0 0 0 0 0 0 0 0 0 0 0 0 0 0 0 0 0 0 0 0 0 3 22386 0 0 6 0 0 104 15 0 4690735 9836537 6949360 0 0 0 8632947 0 0 712 0 
0 0 0 0 0 0 0 0 0 0 0 0 0 0 0 0 0 0 0 0 0 0 0 3 0 22430 22432 0 0 104 0 0 15 21494360 0 0 0 0 0 0 8638701 712 0 0 
0 0 0 0 0 0 0 0 0 0 0 0 0 0 0 0 0 0 0 0 0 0 0 3 22434 0 0 6 0 0 104 15 0 4694301 9845094 6954398 0 0 0 8639845 0 0 712 0 
0 0 0 0 0 0 0 0 0 0 0 0 0 0 0 0 0 0 0 0 0 0 0 3 0 22486 22488 0 0 104 0 0 15 21519444 0 0 0 0 0 0 8649312 712 0 0 
0 0 0 0 0 0 0 0 0 0 0 0 0 0 0 0 0 0 0 0 0 0 0 3 22490 0 0 6 0 0 104 15 0 4699592 9854994 6964291 0 0 0 8650457 0 0 712 0 
0 0 0 0 0 0 0 0 0 0 0 0 0 0 0 0 0 0 0 0 0 0 0 3 0 22542 22544 0 0 104 0 0 15 21549362 0 0 0 0 0 0 8660864 712 0 0 
0 0 0 0 0 0 0 0 0 0 0 0 0 0 0 0 0 0 0 0 0 0 0 3 22546 0 0 6 0 0 104 15 0 4707132 9866630 6975029 0 0 0 8662012 0 0 712 0 
0 0 0 0 0 0 0 0 0 0 0 0 0 0 0 0 0 0 0 0 0 0 0 3 0 22554 22556 0 0 104 0 0 15 21573376 0 0 0 0 0 0 8669570 712 0 0 
0 0 0 0 0 0 0 0 0 0 0 0 0 0 0 0 0 0 0 0 0 0 0 3 22558 0 0 6 0 0 104 15 0 4712971 9877393 6982438 0 0 0 8670722 0 0 712 0 
0 0 0 0 0 0 0 0 0 0 0 0 0 0 0 0 0 0 0 0 0 0 0 3 0 22610 22612 0 0 104 0 0 15 21595437 0 0 0 0 0 0 8679086 712 0 0 
0 0 0 0 0 0 0 0 0 0 0 0 0 0 0 0 0 0 0 0 0 0 0 3 22614 0 0 6 0 0 104 15 0 4717130 9885911 6991823 0 0 0 8680238 0 0 712 0 
0 0 0 0 0 0 0 0 0 0 0 0 0 0 0 0 0 0 0 0 0 0 0 3 0 22666 22668 0 0 104 0 0 15 21619497 0 0 0 0 0 0 8689690 712 0 0 
0 0 0 0 0 0 0 0 0 0 0 0 0 0 0 0 0 0 0 0 0 0 0 3 22670 0 0 6 0 0 104 15 0 4722237 9895625 7001067 0 0 0 8690844 0 0 712 0 
0 0 0 0 0 0 0 0 0 0 0 0 0 0 0 0 0 0 0 0 0 0 0 3 0 22722 22724 0 0 104 0 0 15 21649217 0 0 0 0 0 0 8701324 712 0 0 
0 0 0 0 0 0 0 0 0 0 0 0 0 0 0 0 0 0 0 0 0 0 0 3 22726 0 0 6 0 0 104 15 0 4729777 9907340 7011533 0 0 0 8702476 0 0 712 0 
0 0 0 0 0 0 0 0 0 0 0 0 0 0 0 0 0 0 0 0 0 0 0 3 0 22742 22744 0 0 104 0 0 15 21676318 0 0 0 0 0 0 8712475 712 0 0 
0 0 0 0 0 0 0 0 0 0 0 0 0 0 0 0 0 0 0 0 0 0 0 3 22746 0 0 6 0 0 104 15 0 4735997 9918188 7021563 0 0 0 8713628 0 0 712 0 
0 0 0 0 0 0 0 0 0 0 0 0 0 0 0 0 0 0 0 0 0 0 0 3 0 22790 22792 0 0 104 0 0 15 21693590 0 0 0 0 0 0 8719887 712 0 0 
0 0 0 0 0 0 0 0 0 0 0 0 0 0 0 0 0 0 0 0 0 0 0 3 22794 0 0 6 0 0 104 15 0 4739485 9926650 7026886 0 0 0 8721040 0 0 712 0 
0 0 0 0 0 0 0 0 0 0 0 0 0 0 0 0 0 0 0 0 0 0 0 3 0 22846 22848 0 0 104 0 0 15 21719486 0 0 0 0 0 0 8730430 712 0 0 
0 0 0 0 0 0 0 0 0 0 0 0 0 0 0 0 0 0 0 0 0 0 0 3 22850 0 0 6 0 0 104 15 0 4744882 9936612 7037419 0 0 0 8731583 0 0 712 0 
0 0 0 0 0 0 0 0 0 0 0 0 0 0 0 0 0 0 0 0 0 0 0 3 0 22904 22904 0 0 104 0 0 15 21749501 0 0 0 0 0 0 8742021 712 0 0 
0 0 0 0 0 0 0 0 0 0 0 0 0 0 0 0 0 0 0 0 0 0 0 3 22906 0 0 6 0 0 104 15 0 4752427 9948284 7048216 0 0 0 8743175 0 0 712 0 
0 0 0 0 0 0 0 0 0 0 0 0 0 0 0 0 0 0 0 0 0 0 0 3 0 22946 22948 0 0 104 0 0 15 21778266 0 0 0 0 0 0 8753950 712 0 0 
0 0 0 0 0 0 0 0 0 0 0 0 0 0 0 0 0 0 0 0 0 0 0 3 22950 0 0 6 0 0 104 15 0 4759145 9959939 7058597 0 0 0 8755105 0 0 712 0 
0 0 0 0 0 0 0 0 0 0 0 0 0 0 0 0 0 0 0 0 0 0 0 3 0 22974 22972 0 0 104 0 0 15 21801111 0 0 0 0 0 0 8761534 712 0 0 
0 0 0 0 0 0 0 0 0 0 0 0 0 0 0 0 0 0 0 0 0 0 0 3 22974 0 0 6 0 0 104 15 0 4764042 9970441 7066043 0 0 0 8762689 0 0 712 0 
0 0 0 0 0 0 0 0 0 0 0 0 0 0 0 0 0 0 0 0 0 0 0 3 0 23030 23032 0 0 104 0 0 15 21824496 0 0 0 0 0 0 8772158 712 0 0 
0 0 0 0 0 0 0 0 0 0 0 0 0 0 0 0 0 0 0 0 0 0 0 3 23034 0 0 6 0 0 104 15 0 4769365 9979222 7075324 0 0 0 8773317 0 0 712 0 
0 0 0 0 0 0 0 0 0 0 0 0 0 0 0 0 0 0 0 0 0 0 0 3 0 23086 23088 0 0 104 0 0 15 21852063 0 0 0 0 0 0 8784093 712 0 0 
0 0 0 0 0 0 0 0 0 0 0 0 0 0 0 0 0 0 0 0 0 0 0 3 23090 0 0 6 0 0 104 15 0 4775076 9990608 7085788 0 0 0 8785254 0 0 712 0 
0 0 0 0 0 0 0 0 0 0 0 0 0 0 0 0 0 0 0 0 0 0 0 3 0 23142 23144 0 0 104 0 0 15 21883422 0 0 0 0 0 0 8796565 712 0 0 
0 0 0 0 0 0 0 0 0 0 0 0 0 0 0 0 0 0 0 0 0 0 0 3 23146 0 0 6 0 0 104 15 0 4782616 10003164 7097046 0 0 0 8797728 0 0 712 0 
0 0 0 0 0 0 0 0 0 0 0 0 0 0 0 0 0 0 0 0 0 0 0 3 0 23154 23156 0 0 104 0 0 15 21908636 0 0 0 0 0 0 8805753 712 0 0 
0 0 0 0 0 0 0 0 0 0 0 0 0 0 0 0 0 0 0 0 0 0 0 3 23158 0 0 6 0 0 104 15 0 4788361 10014441 7105238 0 0 0 8806917 0 0 712 0 
0 0 0 0 0 0 0 0 0 0 0 0 0 0 0 0 0 0 0 0 0 0 0 3 0 23210 23212 0 0 104 0 0 15 21931355 0 0 0 0 0 0 8815971 712 0 0 
0 0 0 0 0 0 0 0 0 0 0 0 0 0 0 0 0 0 0 0 0 0 0 3 23214 0 0 6 0 0 104 15 0 4792498 10023700 7114559 0 0 0 8817135 0 0 712 0 
0 0 0 0 0 0 0 0 0 0 0 0 0 0 0 0 0 0 0 0 0 0 0 3 0 23268 23268 0 0 104 0 0 15 21955481 0 0 0 0 0 0 8825755 712 0 0 
0 0 0 0 0 0 0 0 0 0 0 0 0 0 0 0 0 0 0 0 0 0 0 3 23270 0 0 6 0 0 104 15 0 4797730 10032515 7124638 0 0 0 8826919 0 0 712 0 
0 0 0 0 0 0 0 0 0 0 0 0 0 0 0 0 0 0 0 0 0 0 0 3 0 23321 23324 0 0 104 0 0 15 21986537 0 0 0 0 0 0 8838277 712 0 0 
0 0 0 0 0 0 0 0 0 0 0 0 0 0 0 0 0 0 0 0 0 0 0 3 23326 0 0 6 0 0 104 15 0 4805263 10045121 7135555 0 0 0 8839439 0 0 712 0 
0 0 0 0 0 0 0 0 0 0 0 0 0 0 0 0 0 0 0 0 0 0 0 3 0 23353 23352 0 0 104 0 0 15 22013747 0 0 0 0 0 0 8849230 712 0 0 
0 0 0 0 0 0 0 0 0 0 0 0 0 0 0 0 0 0 0 0 0 0 0 3 23354 0 0 6 0 0 104 15 0 4811745 10055417 7145988 0 0 0 8850393 0 0 712 0 
0 0 0 0 0 0 0 0 0 0 0 0 0 0 0 0 0 0 0 0 0 0 0 3 0 23389 23392 0 0 104 0 0 15 22037306 0 0 0 0 0 0 8857258 712 0 0 
0 0 0 0 0 0 0 0 0 0 0 0 0 0 0 0 0 0 0 0 0 0 0 3 23394 0 0 6 0 0 104 15 0 4816598 10066626 7153485 0 0 0 8858421 0 0 712 0 
0 0 0 0 0 0 0 0 0 0 0 0 0 0 0 0 0 0 0 0 0 0 0 3 0 23449 23452 0 0 104 0 0 15 22059751 0 0 0 0 0 0 8867128 712 0 0 
0 0 0 0 0 0 0 0 0 0 0 0 0 0 0 0 0 0 0 0 0 0 0 3 23454 0 0 6 0 0 104 15 0 4821702 10074920 7162525 0 0 0 8868292 0 0 712 0 
0 0 0 0 0 0 0 0 0 0 0 0 0 0 0 0 0 0 0 0 0 0 0 3 0 23505 23508 0 0 104 0 0 15 22087638 0 0 0 0 0 0 8878661 712 0 0 
0 0 0 0 0 0 0 0 0 0 0 0 0 0 0 0 0 0 0 0 0 0 0 3 23510 0 0 6 0 0 104 15 0 4827918 10085751 7173365 0 0 0 8879824 0 0 712 0 
0 0 0 0 0 0 0 0 0 0 0 0 0 0 0 0 0 0 0 0 0 0 0 3 0 23561 23564 0 0 104 0 0 15 22119230 0 0 0 0 0 0 8891373 712 0 0 
0 0 0 0 0 0 0 0 0 0 0 0 0 0 0 0 0 0 0 0 0 0 0 3 23566 0 0 6 0 0 104 15 0 4835459 10098546 7184625 0 0 0 8892538 0 0 712 0 
0 0 0 0 0 0 0 0 0 0 0 0 0 0 0 0 0 0 0 0 0 0 0 3 0 23581 23584 0 0 104 0 0 15 22145547 0 0 0 0 0 0 8901281 712 0 0 
0 0 0 0 0 0 0 0 0 0 0 0 0 0 0 0 0 0 0 0 0 0 0 3 23586 0 0 6 0 0 104 15 0 4841652 10109414 7193877 0 0 0 8902453 0 0 712 0 
0 0 0 0 0 0 0 0 0 0 0 0 0 0 0 0 0 0 0 0 0 0 0 3 0 23629 23632 0 0 104 0 0 15 22164978 0 0 0 0 0 0 8909770 712 0 0 
0 0 0 0 0 0 0 0 0 0 0 0 0 0 0 0 0 0 0 0 0 0 0 3 23634 0 0 6 0 0 104 15 0 4845266 10117909 7201201 0 0 0 8910940 0 0 712 0 
0 0 0 0 0 0 0 0 0 0 0 0 0 0 0 0 0 0 0 0 0 0 0 3 0 23689 23688 0 0 104 0 0 15 22188655 0 0 0 0 0 0 8919499 712 0 0 
0 0 0 0 0 0 0 0 0 0 0 0 0 0 0 0 0 0 0 0 0 0 0 3 23690 0 0 6 0 0 104 15 0 4850574 10126838 7210643 0 0 0 8920670 0 0 712 0 
0 0 0 0 0 0 0 0 0 0 0 0 0 0 0 0 0 0 0 0 0 0 0 3 0 23745 23744 0 0 104 0 0 15 22219247 0 0 0 0 0 0 8931570 712 0 0 
0 0 0 0 0 0 0 0 0 0 0 0 0 0 0 0 0 0 0 0 0 0 0 3 23746 0 0 6 0 0 104 15 0 4858113 10138991 7221545 0 0 0 8932742 0 0 712 0 
0 0 0 0 0 0 0 0 0 0 0 0 0 0 0 0 0 0 0 0 0 0 0 3 0 23801 23804 0 0 104 0 0 15 22248720 0 0 0 0 0 0 8942815 712 0 0 
0 0 0 0 0 0 0 0 0 0 0 0 0 0 0 0 0 0 0 0 0 0 0 3 23806 0 0 6 0 0 104 15 0 4865653 10150321 7232149 0 0 0 8943987 0 0 712 0 
0 0 0 0 0 0 0 0 0 0 0 0 0 0 0 0 0 0 0 0 0 0 0 3 0 23813 23812 0 0 104 0 0 15 22269762 0 0 0 0 0 0 8950265 712 0 0 
0 0 0 0 0 0 0 0 0 0 0 0 0 0 0 0 0 0 0 0 0 0 0 3 23814 0 0 6 0 0 104 15 0 4869803 10160295 7239067 0 0 0 8951437 0 0 712 0 
0 0 0 0 0 0 0 0 0 0 0 0 0 0 0 0 0 0 0 0 0 0 0 3 0 23869 23872 0 0 104 0 0 15 22294402 0 0 0 0 0 0 8962051 712 0 0 
0 0 0 0 0 0 0 0 0 0 0 0 0 0 0 0 0 0 0 0 0 0 0 3 23874 0 0 6 0 0 104 15 0 4875192 10170205 7248408 0 0 0 8963224 0 0 712 0 
0 0 0 0 0 0 0 0 0 0 0 0 0 0 0 0 0 0 0 0 0 0 0 3 0 23925 23928 0 0 104 0 0 15 22320936 0 0 0 0 0 0 8972765 712 0 0 
0 0 0 0 0 0 0 0 0 0 0 0 0 0 0 0 0 0 0 0 0 0 0 3 23930 0 0 6 0 0 104 15 0 4880759 10180440 7259141 0 0 0 8973941 0 0 712 0 
0 0 0 0 0 0 0 0 0 0 0 0 0 0 0 0 0 0 0 0 0 0 0 3 0 23982 23984 0 0 104 0 0 15 22352177 0 0 0 0 0 0 8985235 712 0 0 
0 0 0 0 0 0 0 0 0 0 0 0 0 0 0 0 0 0 0 0 0 0 0 3 23986 0 0 6 0 0 104 15 0 4888301 10192992 7270289 0 0 0 8986413 0 0 712 0 
0 0 0 0 0 0 0 0 0 0 0 0 0 0 0 0 0 0 0 0 0 0 0 3 0 24021 24020 0 0 104 0 0 15 22380247 0 0 0 0 0 0 8996392 712 0 0 
0 0 0 0 0 0 0 0 0 0 0 0 0 0 0 0 0 0 0 0 0 0 0 3 24022 0 0 6 0 0 104 15 0 4895017 10203819 7280814 0 0 0 8997571 0 0 712 0 
0 0 0 0 0 0 0 0 0 0 0 0 0 0 0 0 0 0 0 0 0 0 0 3 0 24053 24052 0 0 104 0 0 15 22403215 0 0 0 0 0 0 9003897 712 0 0 
0 0 0 0 0 0 0 0 0 0 0 0 0 0 0 0 0 0 0 0 0 0 0 3 24054 0 0 6 0 0 104 15 0 4899896 10214308 7288415 0 0 0 9005076 0 0 712 0 
0 0 0 0 0 0 0 0 0 0 0 0 0 0 0 0 0 0 0 0 0 0 0 3 0 24109 24112 0 0 104 0 0 15 22424477 0 0 0 0 0 0 9013613 712 0 0 
0 0 0 0 0 0 0 0 0 0 0 0 0 0 0 0 0 0 0 0 0 0 0 3 24114 0 0 6 0 0 104 15 0 4904593 10222373 7296906 0 0 0 9014793 0 0 712 0 
0 0 0 0 0 0 0 0 0 0 0 0 0 0 0 0 0 0 0 0 0 0 0 3 0 24165 24168 0 0 104 0 0 15 22453134 0 0 0 0 0 0 9026081 712 0 0 
0 0 0 0 0 0 0 0 0 0 0 0 0 0 0 0 0 0 0 0 0 0 0 3 24170 0 0 6 0 0 104 15 0 4910953 10234083 7307494 0 0 0 9027261 0 0 712 0 
0 0 0 0 0 0 0 0 0 0 0 0 0 0 0 0 0 0 0 0 0 0 0 3 0 24221 24224 0 0 104 0 0 15 22483078 0 0 0 0 0 0 9037569 712 0 0 
0 0 0 0 0 0 0 0 0 0 0 0 0 0 0 0 0 0 0 0 0 0 0 3 24226 0 0 6 0 0 104 15 0 4918494 10245652 7318326 0 0 0 9038749 0 0 712 0 
0 0 0 0 0 0 0 0 0 0 0 0 0 0 0 0 0 0 0 0 0 0 0 3 0 24233 24236 0 0 104 0 0 15 22504503 0 0 0 0 0 0 9045101 712 0 0 
0 0 0 0 0 0 0 0 0 0 0 0 0 0 0 0 0 0 0 0 0 0 0 3 24238 0 0 6 0 0 104 15 0 4923012 10255578 7325303 0 0 0 9046282 0 0 712 0 
0 0 0 0 0 0 0 0 0 0 0 0 0 0 0 0 0 0 0 0 0 0 0 3 0 24289 24292 0 0 104 0 0 15 22530260 0 0 0 0 0 0 9056910 712 0 0 
0 0 0 0 0 0 0 0 0 0 0 0 0 0 0 0 0 0 0 0 0 0 0 3 24294 0 0 6 0 0 104 15 0 4928297 10265822 7335534 0 0 0 9058092 0 0 712 0 
0 0 0 0 0 0 0 0 0 0 0 0 0 0 0 0 0 0 0 0 0 0 0 3 0 24349 24352 0 0 104 0 0 15 22557679 0 0 0 0 0 0 9067178 712 0 0 
0 0 0 0 0 0 0 0 0 0 0 0 0 0 0 0 0 0 0 0 0 0 0 3 24354 0 0 6 0 0 104 15 0 4934978 10276206 7345886 0 0 0 9068361 0 0 712 0 
0 0 0 0 0 0 0 0 0 0 0 0 0 0 0 0 0 0 0 0 0 0 0 3 0 24405 24408 0 0 104 0 0 15 22585300 0 0 0 0 0 0 9078452 712 0 0 
0 0 0 0 0 0 0 0 0 0 0 0 0 0 0 0 0 0 0 0 0 0 0 3 24410 0 0 6 0 0 104 15 0 4941149 10286783 7356760 0 0 0 9079634 0 0 712 0 
0 0 0 0 0 0 0 0 0 0 0 0 0 0 0 0 0 0 0 0 0 0 0 3 0 24461 24464 0 0 104 0 0 15 22615908 0 0 0 0 0 0 9090346 712 0 0 
0 0 0 0 0 0 0 0 0 0 0 0 0 0 0 0 0 0 0 0 0 0 0 3 24466 0 0 6 0 0 104 15 0 4948690 10298763 7367846 0 0 0 9091532 0 0 712 0 
0 0 0 0 0 0 0 0 0 0 0 0 0 0 0 0 0 0 0 0 0 0 0 3 0 24481 24484 0 0 104 0 0 15 22643048 0 0 0 0 0 0 9100884 712 0 0 
0 0 0 0 0 0 0 0 0 0 0 0 0 0 0 0 0 0 0 0 0 0 0 3 24486 0 0 6 0 0 104 15 0 4954910 10309472 7378049 0 0 0 9102071 0 0 712 0 
0 0 0 0 0 0 0 0 0 0 0 0 0 0 0 0 0 0 0 0 0 0 0 3 0 24529 24532 0 0 104 0 0 15 22662799 0 0 0 0 0 0 9109876 712 0 0 
0 0 0 0 0 0 0 0 0 0 0 0 0 0 0 0 0 0 0 0 0 0 0 3 24534 0 0 6 0 0 104 15 0 4958340 10319026 7384816 0 0 0 9111063 0 0 712 0 
0 0 0 0 0 0 0 0 0 0 0 0 0 0 0 0 0 0 0 0 0 0 0 3 0 24585 24588 0 0 104 0 0 15 22689058 0 0 0 0 0 0 9121234 712 0 0 
0 0 0 0 0 0 0 0 0 0 0 0 0 0 0 0 0 0 0 0 0 0 0 3 24590 0 0 6 0 0 104 15 0 4963794 10329820 7394821 0 0 0 9122424 0 0 712 0 
0 0 0 0 0 0 0 0 0 0 0 0 0 0 0 0 0 0 0 0 0 0 0 3 0 24641 24644 0 0 104 0 0 15 22719526 0 0 0 0 0 0 9133186 712 0 0 
0 0 0 0 0 0 0 0 0 0 0 0 0 0 0 0 0 0 0 0 0 0 0 3 24646 0 0 6 0 0 104 15 0 4971335 10341855 7405711 0 0 0 9134377 0 0 712 0 
0 0 0 0 0 0 0 0 0 0 0 0 0 0 0 0 0 0 0 0 0 0 0 3 0 24673 24672 0 0 104 0 0 15 22749531 0 0 0 0 0 0 9146561 712 0 0 
0 0 0 0 0 0 0 0 0 0 0 0 0 0 0 0 0 0 0 0 0 0 0 3 24674 0 0 6 0 0 104 15 0 4977817 10354575 7416510 0 0 0 9147756 0 0 712 0 
0 0 0 0 0 0 0 0 0 0 0 0 0 0 0 0 0 0 0 0 0 0 0 3 0 24709 24712 0 0 104 0 0 15 22772129 0 0 0 0 0 0 9154571 712 0 0 
0 0 0 0 0 0 0 0 0 0 0 0 0 0 0 0 0 0 0 0 0 0 0 3 24714 0 0 6 0 0 104 15 0 4982243 10365481 7423777 0 0 0 9155766 0 0 712 0 
0 0 0 0 0 0 0 0 0 0 0 0 0 0 0 0 0 0 0 0 0 0 0 3 0 24769 24772 0 0 104 0 0 15 22796005 0 0 0 0 0 0 9164400 712 0 0 
0 0 0 0 0 0 0 0 0 0 0 0 0 0 0 0 0 0 0 0 0 0 0 3 24774 0 0 6 0 0 104 15 0 4988049 10373982 7433341 0 0 0 9165599 0 0 712 0 
0 0 0 0 0 0 0 0 0 0 0 0 0 0 0 0 0 0 0 0 0 0 0 3 0 24825 24828 0 0 104 0 0 15 22823158 0 0 0 0 0 0 9175641 712 0 0 
0 0 0 0 0 0 0 0 0 0 0 0 0 0 0 0 0 0 0 0 0 0 0 3 24830 0 0 6 0 0 104 15 0 4993987 10384562 7443976 0 0 0 9176841 0 0 712 0 
0 0 0 0 0 0 0 0 0 0 0 0 0 0 0 0 0 0 0 0 0 0 0 3 0 24881 24884 0 0 104 0 0 15 22854582 0 0 0 0 0 0 9188734 712 0 0 
0 0 0 0 0 0 0 0 0 0 0 0 0 0 0 0 0 0 0 0 0 0 0 3 24886 0 0 6 0 0 104 15 0 5001528 10397737 7454683 0 0 0 9189934 0 0 712 0 
0 0 0 0 0 0 0 0 0 0 0 0 0 0 0 0 0 0 0 0 0 0 0 3 0 24897 24900 0 0 104 0 0 15 22880592 0 0 0 0 0 0 9198464 712 0 0 
0 0 0 0 0 0 0 0 0 0 0 0 0 0 0 0 0 0 0 0 0 0 0 3 24902 0 0 6 0 0 104 15 0 5007587 10409515 7462853 0 0 0 9199665 0 0 712 0 
0 0 0 0 0 0 0 0 0 0 0 0 0 0 0 0 0 0 0 0 0 0 0 3 0 24949 24952 0 0 104 0 0 15 22899798 0 0 0 0 0 0 9207951 712 0 0 
0 0 0 0 0 0 0 0 0 0 0 0 0 0 0 0 0 0 0 0 0 0 0 3 24954 0 0 6 0 0 104 15 0 5011147 10417661 7470356 0 0 0 9209154 0 0 712 0 
0 0 0 0 0 0 0 0 0 0 0 0 0 0 0 0 0 0 0 0 0 0 0 3 0 25005 25008 0 0 104 0 0 15 22925942 0 0 0 0 0 0 9218691 712 0 0 
0 0 0 0 0 0 0 0 0 0 0 0 0 0 0 0 0 0 0 0 0 0 0 3 25010 0 0 6 0 0 104 15 0 5016632 10427862 7480813 0 0 0 9219896 0 0 712 0 
0 0 0 0 0 0 0 0 0 0 0 0 0 0 0 0 0 0 0 0 0 0 0 3 0 25061 25064 0 0 104 0 0 15 22957293 0 0 0 0 0 0 9231023 712 0 0 
0 0 0 0 0 0 0 0 0 0 0 0 0 0 0 0 0 0 0 0 0 0 0 3 25066 0 0 6 0 0 104 15 0 5024173 10440277 7492207 0 0 0 9232230 0 0 712 0 
0 0 0 0 0 0 0 0 0 0 0 0 0 0 0 0 0 0 0 0 0 0 0 3 0 25105 25104 0 0 104 0 0 15 22985787 0 0 0 0 0 0 9242582 712 0 0 
0 0 0 0 0 0 0 0 0 0 0 0 0 0 0 0 0 0 0 0 0 0 0 3 25106 0 0 6 0 0 104 15 0 5030896 10451554 7502696 0 0 0 9243788 0 0 712 0 
0 0 0 0 0 0 0 0 0 0 0 0 0 0 0 0 0 0 0 0 0 0 0 3 0 25129 25132 0 0 104 0 0 15 23008472 0 0 0 0 0 0 9250483 712 0 0 
0 0 0 0 0 0 0 0 0 0 0 0 0 0 0 0 0 0 0 0 0 0 0 3 25134 0 0 6 0 0 104 15 0 5035551 10462451 7509828 0 0 0 9251689 0 0 712 0 
0 0 0 0 0 0 0 0 0 0 0 0 0 0 0 0 0 0 0 0 0 0 0 3 0 25189 25192 0 0 104 0 0 15 23030825 0 0 0 0 0 0 9260344 712 0 0 
0 0 0 0 0 0 0 0 0 0 0 0 0 0 0 0 0 0 0 0 0 0 0 3 25194 0 0 6 0 0 104 15 0 5040959 10470447 7518774 0 0 0 9261551 0 0 712 0 
0 0 0 0 0 0 0 0 0 0 0 0 0 0 0 0 0 0 0 0 0 0 0 3 0 25245 25248 0 0 104 0 0 15 23057310 0 0 0 0 0 0 9271284 712 0 0 
0 0 0 0 0 0 0 0 0 0 0 0 0 0 0 0 0 0 0 0 0 0 0 3 25250 0 0 6 0 0 104 15 0 5046827 10480782 7529057 0 0 0 9272492 0 0 712 0 
0 0 0 0 0 0 0 0 0 0 0 0 0 0 0 0 0 0 0 0 0 0 0 3 0 25301 25304 0 0 104 0 0 15 23088505 0 0 0 0 0 0 9283513 712 0 0 
0 0 0 0 0 0 0 0 0 0 0 0 0 0 0 0 0 0 0 0 0 0 0 3 25306 0 0 6 0 0 104 15 0 5054368 10493092 7540397 0 0 0 9284721 0 0 712 0 
0 0 0 0 0 0 0 0 0 0 0 0 0 0 0 0 0 0 0 0 0 0 0 3 0 25313 25312 0 0 104 0 0 15 23111040 0 0 0 0 0 0 9292394 712 0 0 
0 0 0 0 0 0 0 0 0 0 0 0 0 0 0 0 0 0 0 0 0 0 0 3 25314 0 0 6 0 0 104 15 0 5058414 10504546 7547431 0 0 0 9293602 0 0 712 0 
0 0 0 0 0 0 0 0 0 0 0 0 0 0 0 0 0 0 0 0 0 0 0 3 0 25369 25372 0 0 104 0 0 15 23131605 0 0 0 0 0 0 9301999 712 0 0 
0 0 0 0 0 0 0 0 0 0 0 0 0 0 0 0 0 0 0 0 0 0 0 3 25374 0 0 6 0 0 104 15 0 5063093 10512505 7555357 0 0 0 9303208 0 0 712 0 
0 0 0 0 0 0 0 0 0 0 0 0 0 0 0 0 0 0 0 0 0 0 0 3 0 25425 25428 0 0 104 0 0 15 23159570 0 0 0 0 0 0 9313472 712 0 0 
0 0 0 0 0 0 0 0 0 0 0 0 0 0 0 0 0 0 0 0 0 0 0 3 25430 0 0 6 0 0 104 15 0 5069473 10523217 7566232 0 0 0 9314682 0 0 712 0 
0 0 0 0 0 0 0 0 0 0 0 0 0 0 0 0 0 0 0 0 0 0 0 3 0 25481 25484 0 0 104 0 0 15 23190439 0 0 0 0 0 0 9325662 712 0 0 
0 0 0 0 0 0 0 0 0 0 0 0 0 0 0 0 0 0 0 0 0 0 0 3 25486 0 0 6 0 0 104 15 0 5077013 10535490 7577289 0 0 0 9326873 0 0 712 0 
0 0 0 0 0 0 0 0 0 0 0 0 0 0 0 0 0 0 0 0 0 0 0 3 0 25493 25496 0 0 104 0 0 15 23211273 0 0 0 0 0 0 9333300 712 0 0 
0 0 0 0 0 0 0 0 0 0 0 0 0 0 0 0 0 0 0 0 0 0 0 3 25498 0 0 6 0 0 104 15 0 5081451 10545547 7583630 0 0 0 9334510 0 0 712 0 
0 0 0 0 0 0 0 0 0 0 0 0 0 0 0 0 0 0 0 0 0 0 0 3 0 25549 25552 0 0 104 0 0 15 23234971 0 0 0 0 0 0 9343782 712 0 0 
0 0 0 0 0 0 0 0 0 0 0 0 0 0 0 0 0 0 0 0 0 0 0 3 25554 0 0 6 0 0 104 15 0 5086580 10554364 7593380 0 0 0 9344995 0 0 712 0 
0 0 0 0 0 0 0 0 0 0 0 0 0 0 0 0 0 0 0 0 0 0 0 3 0 25605 25608 0 0 104 0 0 15 23262081 0 0 0 0 0 0 9355985 712 0 0 
0 0 0 0 0 0 0 0 0 0 0 0 0 0 0 0 0 0 0 0 0 0 0 3 25610 0 0 6 0 0 104 15 0 5092117 10565980 7603329 0 0 0 9357200 0 0 712 0 
0 0 0 0 0 0 0 0 0 0 0 0 0 0 0 0 0 0 0 0 0 0 0 3 0 25661 25664 0 0 104 0 0 15 23292439 0 0 0 0 0 0 9368104 712 0 0 
0 0 0 0 0 0 0 0 0 0 0 0 0 0 0 0 0 0 0 0 0 0 0 3 25666 0 0 6 0 0 104 15 0 5099658 10578181 7613947 0 0 0 9369318 0 0 712 0 
0 0 0 0 0 0 0 0 0 0 0 0 0 0 0 0 0 0 0 0 0 0 0 3 0 25673 25672 0 0 104 0 0 15 23312617 0 0 0 0 0 0 9375325 712 0 0 
0 0 0 0 0 0 0 0 0 0 0 0 0 0 0 0 0 0 0 0 0 0 0 3 25674 0 0 6 0 0 104 15 0 5103768 10587946 7620250 0 0 0 9376539 0 0 712 0 
0 0 0 0 0 0 0 0 0 0 0 0 0 0 0 0 0 0 0 0 0 0 0 3 0 25729 25732 0 0 104 0 0 15 23336402 0 0 0 0 0 0 9386891 712 0 0 
0 0 0 0 0 0 0 0 0 0 0 0 0 0 0 0 0 0 0 0 0 0 0 3 25734 0 0 6 0 0 104 15 0 5108806 10597760 7629179 0 0 0 9388107 0 0 712 0 
0 0 0 0 0 0 0 0 0 0 0 0 0 0 0 0 0 0 0 0 0 0 0 3 0 25785 25788 0 0 104 0 0 15 23363545 0 0 0 0 0 0 9398184 712 0 0 
0 0 0 0 0 0 0 0 0 0 0 0 0 0 0 0 0 0 0 0 0 0 0 3 25790 0 0 6 0 0 104 15 0 5114763 10608428 7639695 0 0 0 9399401 0 0 712 0 
0 0 0 0 0 0 0 0 0 0 0 0 0 0 0 0 0 0 0 0 0 0 0 3 0 25841 25844 0 0 104 0 0 15 23394244 0 0 0 0 0 0 9409980 712 0 0 
0 0 0 0 0 0 0 0 0 0 0 0 0 0 0 0 0 0 0 0 0 0 0 3 25846 0 0 6 0 0 104 15 0 5122304 10620305 7650976 0 0 0 9411195 0 0 712 0 
0 0 0 0 0 0 0 0 0 0 0 0 0 0 0 0 0 0 0 0 0 0 0 3 0 25857 25856 0 0 104 0 0 15 23419939 0 0 0 0 0 0 9419057 712 0 0 
0 0 0 0 0 0 0 0 0 0 0 0 0 0 0 0 0 0 0 0 0 0 0 3 25858 0 0 6 0 0 104 15 0 5128338 10631464 7659478 0 0 0 9420273 0 0 712 0 
0 0 0 0 0 0 0 0 0 0 0 0 0 0 0 0 0 0 0 0 0 0 0 3 0 25909 25912 0 0 104 0 0 15 23440220 0 0 0 0 0 0 9428408 712 0 0 
0 0 0 0 0 0 0 0 0 0 0 0 0 0 0 0 0 0 0 0 0 0 0 3 25914 0 0 6 0 0 104 15 0 5132090 10639575 7667896 0 0 0 9429625 0 0 712 0 
0 0 0 0 0 0 0 0 0 0 0 0 0 0 0 0 0 0 0 0 0 0 0 3 0 25968 25968 0 0 104 0 0 15 23465130 0 0 0 0 0 0 9439190 712 0 0 
0 0 0 0 0 0 0 0 0 0 0 0 0 0 0 0 0 0 0 0 0 0 0 3 25970 0 0 6 0 0 104 15 0 5137416 10649676 7677377 0 0 0 9440405 0 0 712 0 
0 0 0 0 0 0 0 0 0 0 0 0 0 0 0 0 0 0 0 0 0 0 0 3 0 26025 26028 0 0 104 0 0 15 23496005 0 0 0 0 0 0 9451153 712 0 0 
0 0 0 0 0 0 0 0 0 0 0 0 0 0 0 0 0 0 0 0 0 0 0 3 26029 0 0 6 0 0 104 15 0 5144956 10661724 7688663 0 0 0 9452367 0 0 712 0 
0 0 0 0 0 0 0 0 0 0 0 0 0 0 0 0 0 0 0 0 0 0 0 3 0 26081 26084 0 0 104 0 0 15 23527515 0 0 0 0 0 0 9463884 712 0 0 
0 0 0 0 0 0 0 0 0 0 0 0 0 0 0 0 0 0 0 0 0 0 0 3 26085 0 0 6 0 0 104 15 0 5152497 10674537 7699816 0 0 0 9465099 0 0 712 0 
0 0 0 0 0 0 0 0 0 0 0 0 0 0 0 0 0 0 0 0 0 0 0 3 0 26089 26092 0 0 104 0 0 15 23548244 0 0 0 0 0 0 9472197 712 0 0 
0 0 0 0 0 0 0 0 0 0 0 0 0 0 0 0 0 0 0 0 0 0 0 3 26093 0 0 6 0 0 104 15 0 5155970 10685034 7706575 0 0 0 9473411 0 0 712 0 
0 0 0 0 0 0 0 0 0 0 0 0 0 0 0 0 0 0 0 0 0 0 0 3 0 26149 26152 0 0 104 0 0 15 23572818 0 0 0 0 0 0 9482510 712 0 0 
0 0 0 0 0 0 0 0 0 0 0 0 0 0 0 0 0 0 0 0 0 0 0 3 26153 0 0 6 0 0 104 15 0 5161928 10693940 7716287 0 0 0 9483725 0 0 712 0 
0 0 0 0 0 0 0 0 0 0 0 0 0 0 0 0 0 0 0 0 0 0 0 3 0 26205 26208 0 0 104 0 0 15 23599522 0 0 0 0 0 0 9493603 712 0 0 
0 0 0 0 0 0 0 0 0 0 0 0 0 0 0 0 0 0 0 0 0 0 0 3 26209 0 0 6 0 0 104 15 0 5167603 10704422 7726829 0 0 0 9494819 0 0 712 0 
0 0 0 0 0 0 0 0 0 0 0 0 0 0 0 0 0 0 0 0 0 0 0 3 0 26261 26264 0 0 104 0 0 15 23630750 0 0 0 0 0 0 9505861 712 0 0 
0 0 0 0 0 0 0 0 0 0 0 0 0 0 0 0 0 0 0 0 0 0 0 3 26265 0 0 6 0 0 104 15 0 5175144 10716763 7738177 0 0 0 9507078 0 0 712 0 
0 0 0 0 0 0 0 0 0 0 0 0 0 0 0 0 0 0 0 0 0 0 0 3 0 26308 26308 0 0 104 0 0 15 23659510 0 0 0 0 0 0 9516983 712 0 0 
0 0 0 0 0 0 0 0 0 0 0 0 0 0 0 0 0 0 0 0 0 0 0 3 26309 0 0 6 0 0 104 15 0 5182092 10727768 7748984 0 0 0 9518197 0 0 712 0 
0 0 0 0 0 0 0 0 0 0 0 0 0 0 0 0 0 0 0 0 0 0 0 3 0 26333 26331 0 0 104 0 0 15 23682488 0 0 0 0 0 0 9525235 712 0 0 
0 0 0 0 0 0 0 0 0 0 0 0 0 0 0 0 0 0 0 0 0 0 0 3 26333 0 0 6 0 0 104 15 0 5186783 10738771 7756272 0 0 0 9526449 0 0 712 0 
0 0 0 0 0 0 0 0 0 0 0 0 0 0 0 0 0 0 0 0 0 0 0 3 0 26389 26391 0 0 104 0 0 15 23707552 0 0 0 0 0 0 9536751 712 0 0 
0 0 0 0 0 0 0 0 0 0 0 0 0 0 0 0 0 0 0 0 0 0 0 3 26393 0 0 6 0 0 104 15 0 5192326 10748431 7766134 0 0 0 9537965 0 0 712 0 
0 0 0 0 0 0 0 0 0 0 0 0 0 0 0 0 0 0 0 0 0 0 0 3 0 26445 26447 0 0 104 0 0 15 23734870 0 0 0 0 0 0 9548710 712 0 0 
0 0 0 0 0 0 0 0 0 0 0 0 0 0 0 0 0 0 0 0 0 0 0 3 26449 0 0 6 0 0 104 15 0 5197799 10759857 7776549 0 0 0 9549923 0 0 712 0 
0 0 0 0 0 0 0 0 0 0 0 0 0 0 0 0 0 0 0 0 0 0 0 3 0 26501 26503 0 0 104 0 0 15 23765160 0 0 0 0 0 0 9560520 712 0 0 
0 0 0 0 0 0 0 0 0 0 0 0 0 0 0 0 0 0 0 0 0 0 0 3 26505 0 0 6 0 0 104 15 0 5205339 10771752 7787404 0 0 0 9561735 0 0 712 0 
0 0 0 0 0 0 0 0 0 0 0 0 0 0 0 0 0 0 0 0 0 0 0 3 0 26553 26555 0 0 104 0 0 15 23794841 0 0 0 0 0 0 9572017 712 0 0 
0 0 0 0 0 0 0 0 0 0 0 0 0 0 0 0 0 0 0 0 0 0 0 3 26557 0 0 6 0 0 104 15 0 5212580 10783406 7798187 0 0 0 9573232 0 0 712 0 
0 0 0 0 0 0 0 0 0 0 0 0 0 0 0 0 0 0 0 0 0 0 0 3 0 26573 26571 0 0 104 0 0 15 23815717 0 0 0 0 0 0 9579134 712 0 0 
0 0 0 0 0 0 0 0 0 0 0 0 0 0 0 0 0 0 0 0 0 0 0 3 26573 0 0 6 0 0 104 15 0 5217043 10792967 7805042 0 0 0 9580349 0 0 712 0 
0 0 0 0 0 0 0 0 0 0 0 0 0 0 0 0 0 0 0 0 0 0 0 3 0 26629 26631 0 0 104 0 0 15 23839639 0 0 0 0 0 0 9589639 712 0 0 
0 0 0 0 0 0 0 0 0 0 0 0 0 0 0 0 0 0 0 0 0 0 0 3 26633 0 0 6 0 0 104 15 0 5222504 10801707 7814766 0 0 0 9590854 0 0 712 0 
0 0 0 0 0 0 0 0 0 0 0 0 0 0 0 0 0 0 0 0 0 0 0 3 0 26685 26687 0 0 104 0 0 15 23866450 0 0 0 0 0 0 9601100 712 0 0 
0 0 0 0 0 0 0 0 0 0 0 0 0 0 0 0 0 0 0 0 0 0 0 3 26689 0 0 6 0 0 104 15 0 5227994 10812578 7825216 0 0 0 9602317 0 0 712 0 
0 0 0 0 0 0 0 0 0 0 0 0 0 0 0 0 0 0 0 0 0 0 0 3 0 26741 26743 0 0 104 0 0 15 23897950 0 0 0 0 0 0 9613731 712 0 0 
0 0 0 0 0 0 0 0 0 0 0 0 0 0 0 0 0 0 0 0 0 0 0 3 26745 0 0 6 0 0 104 15 0 5235534 10825290 7836465 0 0 0 9614948 0 0 712 0 
0 0 0 0 0 0 0 0 0 0 0 0 0 0 0 0 0 0 0 0 0 0 0 3 0 26765 26763 0 0 104 0 0 15 23925499 0 0 0 0 0 0 9625341 712 0 0 
0 0 0 0 0 0 0 0 0 0 0 0 0 0 0 0 0 0 0 0 0 0 0 3 26765 0 0 6 0 0 104 15 0 5241759 10836207 7846870 0 0 0 9626557 0 0 712 0 
0 0 0 0 0 0 0 0 0 0 0 0 0 0 0 0 0 0 0 0 0 0 0 3 0 26809 26811 0 0 104 0 0 15 23942696 0 0 0 0 0 0 9632354 712 0 0 
0 0 0 0 0 0 0 0 0 0 0 0 0 0 0 0 0 0 0 0 0 0 0 3 26813 0 0 6 0 0 104 15 0 5245447 10844551 7852035 0 0 0 9633570 0 0 712 0 
0 0 0 0 0 0 0 0 0 0 0 0 0 0 0 0 0 0 0 0 0 0 0 3 0 26865 26867 0 0 104 0 0 15 23967126 0 0 0 0 0 0 9642210 712 0 0 
0 0 0 0 0 0 0 0 0 0 0 0 0 0 0 0 0 0 0 0 0 0 0 3 26869 0 0 6 0 0 104 15 0 5250642 10853933 7861881 0 0 0 9643428 0 0 712 0 
0 0 0 0 0 0 0 0 0 0 0 0 0 0 0 0 0 0 0 0 0 0 0 3 0 26921 26923 0 0 104 0 0 15 23998039 0 0 0 0 0 0 9654517 712 0 0 
0 0 0 0 0 0 0 0 0 0 0 0 0 0 0 0 0 0 0 0 0 0 0 3 26925 0 0 6 0 0 104 15 0 5258181 10866324 7872867 0 0 0 9655737 0 0 712 0 
0 0 0 0 0 0 0 0 0 0 0 0 0 0 0 0 0 0 0 0 0 0 0 3 0 26961 26963 0 0 104 0 0 15 24026888 0 0 0 0 0 0 9666072 712 0 0 
0 0 0 0 0 0 0 0 0 0 0 0 0 0 0 0 0 0 0 0 0 0 0 3 26965 0 0 6 0 0 104 15 0 5264900 10877568 7883750 0 0 0 9667293 0 0 712 0 
0 0 0 0 0 0 0 0 0 0 0 0 0 0 0 0 0 0 0 0 0 0 0 3 0 26993 26991 0 0 104 0 0 15 24049320 0 0 0 0 0 0 9673360 712 0 0 
0 0 0 0 0 0 0 0 0 0 0 0 0 0 0 0 0 0 0 0 0 0 0 3 26993 0 0 6 0 0 104 15 0 5269894 10887765 7890992 0 0 0 9674581 0 0 712 0 
0 0 0 0 0 0 0 0 0 0 0 0 0 0 0 0 0 0 0 0 0 0 0 3 0 27049 27051 0 0 104 0 0 15 24073960 0 0 0 0 0 0 9685172 712 0 0 
0 0 0 0 0 0 0 0 0 0 0 0 0 0 0 0 0 0 0 0 0 0 0 3 27053 0 0 6 0 0 104 15 0 5275222 10897715 7900349 0 0 0 9686399 0 0 712 0 
0 0 0 0 0 0 0 0 0 0 0 0 0 0 0 0 0 0 0 0 0 0 0 3 0 27105 27107 0 0 104 0 0 15 24100895 0 0 0 0 0 0 9696479 712 0 0 
0 0 0 0 0 0 0 0 0 0 0 0 0 0 0 0 0 0 0 0 0 0 0 3 27109 0 0 6 0 0 104 15 0 5280835 10908537 7910849 0 0 0 9697706 0 0 712 0 
0 0 0 0 0 0 0 0 0 0 0 0 0 0 0 0 0 0 0 0 0 0 0 3 0 27161 27163 0 0 104 0 0 15 24132575 0 0 0 0 0 0 9709809 712 0 0 
0 0 0 0 0 0 0 0 0 0 0 0 0 0 0 0 0 0 0 0 0 0 0 3 27165 0 0 6 0 0 104 15 0 5288375 10921950 7921574 0 0 0 9711036 0 0 712 0 
0 0 0 0 0 0 0 0 0 0 0 0 0 0 0 0 0 0 0 0 0 0 0 3 0 27173 27175 0 0 104 0 0 15 24157058 0 0 0 0 0 0 9718325 712 0 0 
0 0 0 0 0 0 0 0 0 0 0 0 0 0 0 0 0 0 0 0 0 0 0 3 27177 0 0 6 0 0 104 15 0 5294114 10932529 7929734 0 0 0 9719552 0 0 712 0 
0 0 0 0 0 0 0 0 0 0 0 0 0 0 0 0 0 0 0 0 0 0 0 3 0 27229 27231 0 0 104 0 0 15 24178882 0 0 0 0 0 0 9728332 712 0 0 
0 0 0 0 0 0 0 0 0 0 0 0 0 0 0 0 0 0 0 0 0 0 0 3 27233 0 0 6 0 0 104 15 0 5298126 10941408 7938672 0 0 0 9729561 0 0 712 0 
0 0 0 0 0 0 0 0 0 0 0 0 0 0 0 0 0 0 0 0 0 0 0 3 0 27285 27287 0 0 104 0 0 15 24203374 0 0 0 0 0 0 9738484 712 0 0 
0 0 0 0 0 0 0 0 0 0 0 0 0 0 0 0 0 0 0 0 0 0 0 3 27289 0 0 6 0 0 104 15 0 5303480 10950790 7948429 0 0 0 9739711 0 0 712 0 
0 0 0 0 0 0 0 0 0 0 0 0 0 0 0 0 0 0 0 0 0 0 0 3 0 27341 27343 0 0 104 0 0 15 24234786 0 0 0 0 0 0 9750579 712 0 0 
0 0 0 0 0 0 0 0 0 0 0 0 0 0 0 0 0 0 0 0 0 0 0 3 27345 0 0 6 0 0 104 15 0 5311020 10962969 7960116 0 0 0 9751808 0 0 712 0 
0 0 0 0 0 0 0 0 0 0 0 0 0 0 0 0 0 0 0 0 0 0 0 3 0 27373 27375 0 0 104 0 0 15 24262288 0 0 0 0 0 0 9761629 712 0 0 
0 0 0 0 0 0 0 0 0 0 0 0 0 0 0 0 0 0 0 0 0 0 0 3 27377 0 0 6 0 0 104 15 0 5317509 10973378 7970717 0 0 0 9762861 0 0 712 0 
0 0 0 0 0 0 0 0 0 0 0 0 0 0 0 0 0 0 0 0 0 0 0 3 0 27409 27411 0 0 104 0 0 15 24283576 0 0 0 0 0 0 9768971 712 0 0 
0 0 0 0 0 0 0 0 0 0 0 0 0 0 0 0 0 0 0 0 0 0 0 3 27413 0 0 6 0 0 104 15 0 5322115 10983598 7977178 0 0 0 9770203 0 0 712 0 
0 0 0 0 0 0 0 0 0 0 0 0 0 0 0 0 0 0 0 0 0 0 0 3 0 27469 27471 0 0 104 0 0 15 24306125 0 0 0 0 0 0 9779108 712 0 0 
0 0 0 0 0 0 0 0 0 0 0 0 0 0 0 0 0 0 0 0 0 0 0 3 27473 0 0 6 0 0 104 15 0 5327190 10992451 7985803 0 0 0 9780343 0 0 712 0 
0 0 0 0 0 0 0 0 0 0 0 0 0 0 0 0 0 0 0 0 0 0 0 3 0 27525 27527 0 0 104 0 0 15 24334385 0 0 0 0 0 0 9790803 712 0 0 
0 0 0 0 0 0 0 0 0 0 0 0 0 0 0 0 0 0 0 0 0 0 0 3 27529 0 0 6 0 0 104 15 0 5333675 11003444 7996583 0 0 0 9792040 0 0 712 0 
0 0 0 0 0 0 0 0 0 0 0 0 0 0 0 0 0 0 0 0 0 0 0 3 0 27581 27583 0 0 104 0 0 15 24365801 0 0 0 0 0 0 9803521 712 0 0 
0 0 0 0 0 0 0 0 0 0 0 0 0 0 0 0 0 0 0 0 0 0 0 3 27585 0 0 6 0 0 104 15 0 5341216 11016245 8007659 0 0 0 9804760 0 0 712 0 
0 0 0 0 0 0 0 0 0 0 0 0 0 0 0 0 0 0 0 0 0 0 0 3 0 27593 27595 0 0 104 0 0 15 24387736 0 0 0 0 0 0 9811403 712 0 0 
0 0 0 0 0 0 0 0 0 0 0 0 0 0 0 0 0 0 0 0 0 0 0 3 27597 0 0 6 0 0 104 15 0 5346085 11026295 8014673 0 0 0 9812642 0 0 712 0 
0 0 0 0 0 0 0 0 0 0 0 0 0 0 0 0 0 0 0 0 0 0 0 3 0 27649 27651 0 0 104 0 0 15 24411270 0 0 0 0 0 0 9822001 712 0 0 
0 0 0 0 0 0 0 0 0 0 0 0 0 0 0 0 0 0 0 0 0 0 0 3 27653 0 0 6 0 0 104 15 0 5350796 11035667 8024128 0 0 0 9823243 0 0 712 0 
0 0 0 0 0 0 0 0 0 0 0 0 0 0 0 0 0 0 0 0 0 0 0 3 0 27705 27707 0 0 104 0 0 15 24437170 0 0 0 0 0 0 9832770 712 0 0 
0 0 0 0 0 0 0 0 0 0 0 0 0 0 0 0 0 0 0 0 0 0 0 3 27709 0 0 6 0 0 104 15 0 5356320 11045661 8034507 0 0 0 9834012 0 0 712 0 
0 0 0 0 0 0 0 0 0 0 0 0 0 0 0 0 0 0 0 0 0 0 0 3 0 27761 27763 0 0 104 0 0 15 24467546 0 0 0 0 0 0 9844738 712 0 0 
0 0 0 0 0 0 0 0 0 0 0 0 0 0 0 0 0 0 0 0 0 0 0 3 27765 0 0 6 0 0 104 15 0 5363860 11057713 8045290 0 0 0 9845983 0 0 712 0 
0 0 0 0 0 0 0 0 0 0 0 0 0 0 0 0 0 0 0 0 0 0 0 3 0 27813 27811 0 0 104 0 0 15 24497191 0 0 0 0 0 0 9856273 712 0 0 
0 0 0 0 0 0 0 0 0 0 0 0 0 0 0 0 0 0 0 0 0 0 0 3 27813 0 0 6 0 0 104 15 0 5371101 11069397 8056010 0 0 0 9857517 0 0 712 0 
0 0 0 0 0 0 0 0 0 0 0 0 0 0 0 0 0 0 0 0 0 0 0 3 0 27829 27831 0 0 104 0 0 15 24519605 0 0 0 0 0 0 9865111 712 0 0 
0 0 0 0 0 0 0 0 0 0 0 0 0 0 0 0 0 0 0 0 0 0 0 3 27833 0 0 6 0 0 104 15 0 5375290 11080652 8062981 0 0 0 9866355 0 0 712 0 
0 0 0 0 0 0 0 0 0 0 0 0 0 0 0 0 0 0 0 0 0 0 0 3 0 27889 27891 0 0 104 0 0 15 24541621 0 0 0 0 0 0 9874971 712 0 0 
0 0 0 0 0 0 0 0 0 0 0 0 0 0 0 0 0 0 0 0 0 0 0 3 27893 0 0 6 0 0 104 15 0 5380456 11088833 8071648 0 0 0 9876215 0 0 712 0 
0 0 0 0 0 0 0 0 0 0 0 0 0 0 0 0 0 0 0 0 0 0 0 3 0 27945 27947 0 0 104 0 0 15 24569652 0 0 0 0 0 0 9886549 712 0 0 
0 0 0 0 0 0 0 0 0 0 0 0 0 0 0 0 0 0 0 0 0 0 0 3 27949 0 0 6 0 0 104 15 0 5386513 11099770 8082682 0 0 0 9887795 0 0 712 0 
<====
0 0 0 0 0 0 0 0 0 0 0 0 0 0 0 0 0 0 0 0 0 0 0 3 0 28001 27999 0 0 104 0 0 15 24603826 0 0 0 0 0 0 9898073 712 0 0 
0 0 0 0 0 0 0 0 0 0 0 0 0 0 0 0 0 0 0 0 0 0 0 3 28001 0 0 6 0 0 104 15 0 5398418 11111371 8093347 0 0 0 9899319 0 0 712 0 
0 0 0 0 0 0 0 0 0 0 0 0 0 0 0 0 0 0 0 0 0 0 0 3 0 28001 27999 0 0 104 0 0 15 24603826 0 0 0 0 0 0 9898073 712 0 0 
0 0 0 0 0 0 0 0 0 0 0 0 0 0 0 0 0 0 0 0 0 0 0 3 28001 0 0 6 0 0 104 15 0 5398418 11111371 8093347 0 0 0 9899319 0 0 712 0 
0 0 0 0 0 0 0 0 0 0 0 0 0 0 0 0 0 0 0 0 0 0 0 3 0 28001 27999 0 0 104 0 0 15 24603826 0 0 0 0 0 0 9898073 712 0 0 
0 0 0 0 0 0 0 0 0 0 0 0 0 0 0 0 0 0 0 0 0 0 0 3 28001 0 0 6 0 0 104 15 0 5398418 11111371 8093347 0 0 0 9899319 0 0 712 0 
0 0 0 0 0 0 0 0 0 0 0 0 0 0 0 0 0 0 0 0 0 0 0 3 0 28001 27999 0 0 104 0 0 15 24603826 0 0 0 0 0 0 9898073 712 0 0 
0 0 0 0 0 0 0 0 0 0 0 0 0 0 0 0 0 0 0 0 0 0 0 3 28001 0 0 6 0 0 104 15 0 5398418 11111371 8093347 0 0 0 9899319 0 0 712 0 
0 0 0 0 0 0 0 0 0 0 0 0 0 0 0 0 0 0 0 0 0 0 0 3 0 28001 27999 0 0 104 0 0 15 24603826 0 0 0 0 0 0 9898073 712 0 0 
0 0 0 0 0 0 0 0 0 0 0 0 0 0 0 0 0 0 0 0 0 0 0 3 28001 0 0 6 0 0 104 15 0 5398418 11111371 8093347 0 0 0 9899319 0 0 712 0 
0 0 0 0 0 0 0 0 0 0 0 0 0 0 0 0 0 0 0 0 0 0 0 3 0 28001 27999 0 0 104 0 0 15 24603826 0 0 0 0 0 0 9898073 712 0 0 
0 0 0 0 0 0 0 0 0 0 0 0 0 0 0 0 0 0 0 0 0 0 0 3 28001 0 0 6 0 0 104 15 0 5398418 11111371 8093347 0 0 0 9899319 0 0 712 0 
0 0 0 0 0 0 0 0 0 0 0 0 0 0 0 0 0 0 0 0 0 0 0 3 0 28001 27999 0 0 104 0 0 15 24603826 0 0 0 0 0 0 9898073 712 0 0 
0 0 0 0 0 0 0 0 0 0 0 0 0 0 0 0 0 0 0 0 0 0 0 3 28001 0 0 6 0 0 104 15 0 5398418 11111371 8093347 0 0 0 9899319 0 0 712 0 
0 0 0 0 0 0 0 0 0 0 0 0 0 0 0 0 0 0 0 0 0 0 0 3 0 28001 27999 0 0 104 0 0 15 24603826 0 0 0 0 0 0 9898073 712 0 0 
0 0 0 0 0 0 0 0 0 0 0 0 0 0 0 0 0 0 0 0 0 0 0 3 28001 0 0 6 0 0 104 15 0 5398418 11111371 8093347 0 0 0 9899319 0 0 712 0 
0 0 0 0 0 0 0 0 0 0 0 0 0 0 0 0 0 0 0 0 0 0 0 3 0 28001 27999 0 0 104 0 0 15 24603826 0 0 0 0 0 0 9898073 712 0 0 
0 0 0 0 0 0 0 0 0 0 0 0 0 0 0 0 0 0 0 0 0 0 0 3 28001 0 0 6 0 0 104 15 0 5398418 11111371 8093347 0 0 0 9899319 0 0 712 0 
0 0 0 0 0 0 0 0 0 0 0 0 0 0 0 0 0 0 0 0 0 0 0 3 0 28001 27999 0 0 104 0 0 15 24603826 0 0 0 0 0 0 9898073 712 0 0 
0 0 0 0 0 0 0 0 0 0 0 0 0 0 0 0 0 0 0 0 0 0 0 3 28001 0 0 6 0 0 104 15 0 5398418 11111371 8093347 0 0 0 9899319 0 0 712 0 
0 0 0 0 0 0 0 0 0 0 0 0 0 0 0 0 0 0 0 0 0 0 0 3 0 28001 27999 0 0 104 0 0 15 24603826 0 0 0 0 0 0 9898073 712 0 0 
0 0 0 0 0 0 0 0 0 0 0 0 0 0 0 0 0 0 0 0 0 0 0 3 28001 0 0 6 0 0 104 15 0 5398418 11111371 8093347 0 0 0 9899319 0 0 712 0 
0 0 0 0 0 0 0 0 0 0 0 0 0 0 0 0 0 0 0 0 0 0 0 3 0 28001 27999 0 0 104 0 0 15 24603826 0 0 0 0 0 0 9898073 712 0 0 
0 0 0 0 0 0 0 0 0 0 0 0 0 0 0 0 0 0 0 0 0 0 0 3 28001 0 0 6 0 0 104 15 0 5398418 11111371 8093347 0 0 0 9899319 0 0 712 0 
0 0 0 0 0 0 0 0 0 0 0 0 0 0 0 0 0 0 0 0 0 0 0 3 0 28001 27999 0 0 104 0 0 15 24603826 0 0 0 0 0 0 9898073 712 0 0 
0 0 0 0 0 0 0 0 0 0 0 0 0 0 0 0 0 0 0 0 0 0 0 3 28001 0 0 6 0 0 104 15 0 5398418 11111371 8093347 0 0 0 9899319 0 0 712 0 
0 0 0 0 0 0 0 0 0 0 0 0 0 0 0 0 0 0 0 0 0 0 0 3 0 28001 27999 0 0 104 0 0 15 24603826 0 0 0 0 0 0 9898073 712 0 0 
0 0 0 0 0 0 0 0 0 0 0 0 0 0 0 0 0 0 0 0 0 0 0 3 28001 0 0 6 0 0 104 15 0 5398418 11111371 8093347 0 0 0 9899319 0 0 712 0 
0 0 0 0 0 0 0 0 0 0 0 0 0 0 0 0 0 0 0 0 0 0 0 3 0 28001 27999 0 0 104 0 0 15 24603826 0 0 0 0 0 0 9898073 712 0 0 
0 0 0 0 0 0 0 0 0 0 0 0 0 0 0 0 0 0 0 0 0 0 0 3 28001 0 0 6 0 0 104 15 0 5398418 11111371 8093347 0 0 0 9899319 0 0 712 0 
0 0 0 0 0 0 0 0 0 0 0 0 0 0 0 0 0 0 0 0 0 0 0 3 0 28001 27999 0 0 104 0 0 15 24603826 0 0 0 0 0 0 9898073 712 0 0 
0 0 0 0 0 0 0 0 0 0 0 0 0 0 0 0 0 0 0 0 0 0 0 3 28001 0 0 6 0 0 104 15 0 5398418 11111371 8093347 0 0 0 9899319 0 0 712 0 
0 0 0 0 0 0 0 0 0 0 0 0 0 0 0 0 0 0 0 0 0 0 0 3 0 28001 27999 0 0 104 0 0 15 24603826 0 0 0 0 0 0 9898073 712 0 0 
0 0 0 0 0 0 0 0 0 0 0 0 0 0 0 0 0 0 0 0 0 0 0 3 28001 0 0 6 0 0 104 15 0 5398418 11111371 8093347 0 0 0 9899319 0 0 712 0 
0 0 0 0 0 0 0 0 0 0 0 0 0 0 0 0 0 0 0 0 0 0 0 3 0 28001 27999 0 0 104 0 0 15 24603826 0 0 0 0 0 0 9898073 712 0 0 
0 0 0 0 0 0 0 0 0 0 0 0 0 0 0 0 0 0 0 0 0 0 0 3 28001 0 0 6 0 0 104 15 0 5398418 11111371 8093347 0 0 0 9899319 0 0 712 0 
0 0 0 0 0 0 0 0 0 0 0 0 0 0 0 0 0 0 0 0 0 0 0 3 0 28001 27999 0 0 104 0 0 15 24603826 0 0 0 0 0 0 9898073 712 0 0 
0 0 0 0 0 0 0 0 0 0 0 0 0 0 0 0 0 0 0 0 0 0 0 3 28001 0 0 6 0 0 104 15 0 5398418 11111371 8093347 0 0 0 9899319 0 0 712 0 
0 0 0 0 0 0 0 0 0 0 0 0 0 0 0 0 0 0 0 0 0 0 0 3 0 28001 27999 0 0 104 0 0 15 24603826 0 0 0 0 0 0 9898073 712 0 0 
0 0 0 0 0 0 0 0 0 0 0 0 0 0 0 0 0 0 0 0 0 0 0 3 28001 0 0 6 0 0 104 15 0 5398418 11111371 8093347 0 0 0 9899319 0 0 712 0 
0 0 0 0 0 0 0 0 0 0 0 0 0 0 0 0 0 0 0 0 0 0 0 3 0 28001 27999 0 0 104 0 0 15 24603826 0 0 0 0 0 0 9898073 712 0 0 
0 0 0 0 0 0 0 0 0 0 0 0 0 0 0 0 0 0 0 0 0 0 0 3 28001 0 0 6 0 0 104 15 0 5398418 11111371 8093347 0 0 0 9899319 0 0 712 0 
0 0 0 0 0 0 0 0 0 0 0 0 0 0 0 0 0 0 0 0 0 0 0 3 0 28001 27999 0 0 104 0 0 15 24603826 0 0 0 0 0 0 9898073 712 0 0 
0 0 0 0 0 0 0 0 0 0 0 0 0 0 0 0 0 0 0 0 0 0 0 3 28001 0 0 6 0 0 104 15 0 5398418 11111371 8093347 0 0 0 9899319 0 0 712 0 
0 0 0 0 0 0 0 0 0 0 0 0 0 0 0 0 0 0 0 0 0 0 0 3 0 28001 27999 0 0 104 0 0 15 24603826 0 0 0 0 0 0 9898073 712 0 0 
0 0 0 0 0 0 0 0 0 0 0 0 0 0 0 0 0 0 0 0 0 0 0 3 28001 0 0 6 0 0 104 15 0 5398418 11111371 8093347 0 0 0 9899319 0 0 712 0 
0 0 0 0 0 0 0 0 0 0 0 0 0 0 0 0 0 0 0 0 0 0 0 3 0 28001 27999 0 0 104 0 0 15 24603826 0 0 0 0 0 0 9898073 712 0 0 
0 0 0 0 0 0 0 0 0 0 0 0 0 0 0 0 0 0 0 0 0 0 0 3 28001 0 0 6 0 0 104 15 0 5398418 11111371 8093347 0 0 0 9899319 0 0 712 0 
0 0 0 0 0 0 0 0 0 0 0 0 0 0 0 0 0 0 0 0 0 0 0 3 0 28001 27999 0 0 104 0 0 15 24603826 0 0 0 0 0 0 9898073 712 0 0 
0 0 0 0 0 0 0 0 0 0 0 0 0 0 0 0 0 0 0 0 0 0 0 3 28001 0 0 6 0 0 104 15 0 5398418 11111371 8093347 0 0 0 9899319 0 0 712 0 
0 0 0 0 0 0 0 0 0 0 0 0 0 0 0 0 0 0 0 0 0 0 0 3 0 28001 27999 0 0 104 0 0 15 24603826 0 0 0 0 0 0 9898073 712 0 0 
0 0 0 0 0 0 0 0 0 0 0 0 0 0 0 0 0 0 0 0 0 0 0 3 28001 0 0 6 0 0 104 15 0 5398418 11111371 8093347 0 0 0 9899319 0 0 712 0 
0 0 0 0 0 0 0 0 0 0 0 0 0 0 0 0 0 0 0 0 0 0 0 3 0 28001 27999 0 0 104 0 0 15 24603826 0 0 0 0 0 0 9898073 712 0 0 
0 0 0 0 0 0 0 0 0 0 0 0 0 0 0 0 0 0 0 0 0 0 0 3 28001 0 0 6 0 0 104 15 0 5398418 11111371 8093347 0 0 0 9899319 0 0 712 0 
0 0 0 0 0 0 0 0 0 0 0 0 0 0 0 0 0 0 0 0 0 0 0 3 0 28001 27999 0 0 104 0 0 15 24603826 0 0 0 0 0 0 9898073 712 0 0 
0 0 0 0 0 0 0 0 0 0 0 0 0 0 0 0 0 0 0 0 0 0 0 3 28001 0 0 6 0 0 104 15 0 5398418 11111371 8093347 0 0 0 9899319 0 0 712 0 
0 0 0 0 0 0 0 0 0 0 0 0 0 0 0 0 0 0 0 0 0 0 0 3 0 28001 27999 0 0 104 0 0 15 24603826 0 0 0 0 0 0 9898073 712 0 0 
0 0 0 0 0 0 0 0 0 0 0 0 0 0 0 0 0 0 0 0 0 0 0 3 28001 0 0 6 0 0 104 15 0 5398418 11111371 8093347 0 0 0 9899319 0 0 712 0 
0 0 0 0 0 0 0 0 0 0 0 0 0 0 0 0 0 0 0 0 0 0 0 3 0 28001 27999 0 0 104 0 0 15 24603826 0 0 0 0 0 0 9898073 712 0 0 
0 0 0 0 0 0 0 0 0 0 0 0 0 0 0 0 0 0 0 0 0 0 0 3 28001 0 0 6 0 0 104 15 0 5398418 11111371 8093347 0 0 0 9899319 0 0 712 0 
0 0 0 0 0 0 0 0 0 0 0 0 0 0 0 0 0 0 0 0 0 0 0 3 0 28001 27999 0 0 104 0 0 15 24603826 0 0 0 0 0 0 9898073 712 0 0 
0 0 0 0 0 0 0 0 0 0 0 0 0 0 0 0 0 0 0 0 0 0 0 3 28001 0 0 6 0 0 104 15 0 5398418 11111371 8093347 0 0 0 9899319 0 0 712 0 
0 0 0 0 0 0 0 0 0 0 0 0 0 0 0 0 0 0 0 0 0 0 0 3 0 28001 27999 0 0 104 0 0 15 24603826 0 0 0 0 0 0 9898073 712 0 0 
0 0 0 0 0 0 0 0 0 0 0 0 0 0 0 0 0 0 0 0 0 0 0 3 28001 0 0 6 0 0 104 15 0 5398418 11111371 8093347 0 0 0 9899319 0 0 712 0 
0 0 0 0 0 0 0 0 0 0 0 0 0 0 0 0 0 0 0 0 0 0 0 3 0 28001 27999 0 0 104 0 0 15 24603826 0 0 0 0 0 0 9898073 712 0 0 
0 0 0 0 0 0 0 0 0 0 0 0 0 0 0 0 0 0 0 0 0 0 0 3 28001 0 0 6 0 0 104 15 0 5398418 11111371 8093347 0 0 0 9899319 0 0 712 0 
0 0 0 0 0 0 0 0 0 0 0 0 0 0 0 0 0 0 0 0 0 0 0 3 0 28001 27999 0 0 104 0 0 15 24603826 0 0 0 0 0 0 9898073 712 0 0 
0 0 0 0 0 0 0 0 0 0 0 0 0 0 0 0 0 0 0 0 0 0 0 3 28001 0 0 6 0 0 104 15 0 5398418 11111371 8093347 0 0 0 9899319 0 0 712 0 
0 0 0 0 0 0 0 0 0 0 0 0 0 0 0 0 0 0 0 0 0 0 0 3 0 28001 27999 0 0 104 0 0 15 24603826 0 0 0 0 0 0 9898073 712 0 0 
0 0 0 0 0 0 0 0 0 0 0 0 0 0 0 0 0 0 0 0 0 0 0 3 28001 0 0 6 0 0 104 15 0 5398418 11111371 8093347 0 0 0 9899319 0 0 712 0 
0 0 0 0 0 0 0 0 0 0 0 0 0 0 0 0 0 0 0 0 0 0 0 3 0 28001 27999 0 0 104 0 0 15 24603826 0 0 0 0 0 0 9898073 712 0 0 
0 0 0 0 0 0 0 0 0 0 0 0 0 0 0 0 0 0 0 0 0 0 0 3 28001 0 0 6 0 0 104 15 0 5398418 11111371 8093347 0 0 0 9899319 0 0 712 0 
0 0 0 0 0 0 0 0 0 0 0 0 0 0 0 0 0 0 0 0 0 0 0 3 0 28001 27999 0 0 104 0 0 15 24603826 0 0 0 0 0 0 9898073 712 0 0 
0 0 0 0 0 0 0 0 0 0 0 0 0 0 0 0 0 0 0 0 0 0 0 3 28001 0 0 6 0 0 104 15 0 5398418 11111371 8093347 0 0 0 9899319 0 0 712 0 
0 0 0 0 0 0 0 0 0 0 0 0 0 0 0 0 0 0 0 0 0 0 0 3 0 28001 27999 0 0 104 0 0 15 24603826 0 0 0 0 0 0 9898073 712 0 0 
0 0 0 0 0 0 0 0 0 0 0 0 0 0 0 0 0 0 0 0 0 0 0 3 28001 0 0 6 0 0 104 15 0 5398418 11111371 8093347 0 0 0 9899319 0 0 712 0 
0 0 0 0 0 0 0 0 0 0 0 0 0 0 0 0 0 0 0 0 0 0 0 3 0 28001 27999 0 0 104 0 0 15 24603826 0 0 0 0 0 0 9898073 712 0 0 
0 0 0 0 0 0 0 0 0 0 0 0 0 0 0 0 0 0 0 0 0 0 0 3 28001 0 0 6 0 0 104 15 0 5398418 11111371 8093347 0 0 0 9899319 0 0 712 0 
0 0 0 0 0 0 0 0 0 0 0 0 0 0 0 0 0 0 0 0 0 0 0 3 0 28001 27999 0 0 104 0 0 15 24603826 0 0 0 0 0 0 9898073 712 0 0 
0 0 0 0 0 0 0 0 0 0 0 0 0 0 0 0 0 0 0 0 0 0 0 3 28001 0 0 6 0 0 104 15 0 5398418 11111371 8093347 0 0 0 9899319 0 0 712 0 
0 0 0 0 0 0 0 0 0 0 0 0 0 0 0 0 0 0 0 0 0 0 0 3 0 28001 27999 0 0 104 0 0 15 24603826 0 0 0 0 0 0 9898073 712 0 0 
0 0 0 0 0 0 0 0 0 0 0 0 0 0 0 0 0 0 0 0 0 0 0 3 28001 0 0 6 0 0 104 15 0 5398418 11111371 8093347 0 0 0 9899319 0 0 712 0 
0 0 0 0 0 0 0 0 0 0 0 0 0 0 0 0 0 0 0 0 0 0 0 3 0 28001 27999 0 0 104 0 0 15 24603826 0 0 0 0 0 0 9898073 712 0 0 
0 0 0 0 0 0 0 0 0 0 0 0 0 0 0 0 0 0 0 0 0 0 0 3 28001 0 0 6 0 0 104 15 0 5398418 11111371 8093347 0 0 0 9899319 0 0 712 0 
0 0 0 0 0 0 0 0 0 0 0 0 0 0 0 0 0 0 0 0 0 0 0 3 0 28001 27999 0 0 104 0 0 15 24603826 0 0 0 0 0 0 9898073 712 0 0 
0 0 0 0 0 0 0 0 0 0 0 0 0 0 0 0 0 0 0 0 0 0 0 3 28001 0 0 6 0 0 104 15 0 5398418 11111371 8093347 0 0 0 9899319 0 0 712 0 
0 0 0 0 0 0 0 0 0 0 0 0 0 0 0 0 0 0 0 0 0 0 0 3 0 28001 27999 0 0 104 0 0 15 24603826 0 0 0 0 0 0 9898073 712 0 0 
0 0 0 0 0 0 0 0 0 0 0 0 0 0 0 0 0 0 0 0 0 0 0 3 28001 0 0 6 0 0 104 15 0 5398418 11111371 8093347 0 0 0 9899319 0 0 712 0 
0 0 0 0 0 0 0 0 0 0 0 0 0 0 0 0 0 0 0 0 0 0 0 3 0 28001 27999 0 0 104 0 0 15 24603826 0 0 0 0 0 0 9898073 712 0 0 
0 0 0 0 0 0 0 0 0 0 0 0 0 0 0 0 0 0 0 0 0 0 0 3 28001 0 0 6 0 0 104 15 0 5398418 11111371 8093347 0 0 0 9899319 0 0 712 0 
0 0 0 0 0 0 0 0 0 0 0 0 0 0 0 0 0 0 0 0 0 0 0 3 0 28001 27999 0 0 104 0 0 15 24603826 0 0 0 0 0 0 9898073 712 0 0 
0 0 0 0 0 0 0 0 0 0 0 0 0 0 0 0 0 0 0 0 0 0 0 3 28001 0 0 6 0 0 104 15 0 5398418 11111371 8093347 0 0 0 9899319 0 0 712 0 
0 0 0 0 0 0 0 0 0 0 0 0 0 0 0 0 0 0 0 0 0 0 0 3 0 28001 27999 0 0 104 0 0 15 24603826 0 0 0 0 0 0 9898073 712 0 0 
0 0 0 0 0 0 0 0 0 0 0 0 0 0 0 0 0 0 0 0 0 0 0 3 28001 0 0 6 0 0 104 15 0 5398418 11111371 8093347 0 0 0 9899319 0 0 712 0 
0 0 0 0 0 0 0 0 0 0 0 0 0 0 0 0 0 0 0 0 0 0 0 3 0 28001 27999 0 0 104 0 0 15 24603826 0 0 0 0 0 0 9898073 712 0 0 
0 0 0 0 0 0 0 0 0 0 0 0 0 0 0 0 0 0 0 0 0 0 0 3 28001 0 0 6 0 0 104 15 0 5398418 11111371 8093347 0 0 0 9899319 0 0 712 0 
0 0 0 0 0 0 0 0 0 0 0 0 0 0 0 0 0 0 0 0 0 0 0 3 0 28001 27999 0 0 104 0 0 15 24603826 0 0 0 0 0 0 9898073 712 0 0 
0 0 0 0 0 0 0 0 0 0 0 0 0 0 0 0 0 0 0 0 0 0 0 3 28001 0 0 6 0 0 104 15 0 5398418 11111371 8093347 0 0 0 9899319 0 0 712 0 
0 0 0 0 0 0 0 0 0 0 0 0 0 0 0 0 0 0 0 0 0 0 0 3 0 28001 27999 0 0 104 0 0 15 24603826 0 0 0 0 0 0 9898073 712 0 0 
0 0 0 0 0 0 0 0 0 0 0 0 0 0 0 0 0 0 0 0 0 0 0 3 28001 0 0 6 0 0 104 15 0 5398418 11111371 8093347 0 0 0 9899319 0 0 712 0 
0 0 0 0 0 0 0 0 0 0 0 0 0 0 0 0 0 0 0 0 0 0 0 3 0 28001 27999 0 0 104 0 0 15 24603826 0 0 0 0 0 0 9898073 712 0 0 
0 0 0 0 0 0 0 0 0 0 0 0 0 0 0 0 0 0 0 0 0 0 0 3 28001 0 0 6 0 0 104 15 0 5398418 11111371 8093347 0 0 0 9899319 0 0 712 0 
0 0 0 0 0 0 0 0 0 0 0 0 0 0 0 0 0 0 0 0 0 0 0 3 0 28001 27999 0 0 104 0 0 15 24603826 0 0 0 0 0 0 9898073 712 0 0 
0 0 0 0 0 0 0 0 0 0 0 0 0 0 0 0 0 0 0 0 0 0 0 3 28001 0 0 6 0 0 104 15 0 5398418 11111371 8093347 0 0 0 9899319 0 0 712 0 
0 0 0 0 0 0 0 0 0 0 0 0 0 0 0 0 0 0 0 0 0 0 0 3 0 28001 27999 0 0 104 0 0 15 24603826 0 0 0 0 0 0 9898073 712 0 0 
0 0 0 0 0 0 0 0 0 0 0 0 0 0 0 0 0 0 0 0 0 0 0 3 28001 0 0 6 0 0 104 15 0 5398418 11111371 8093347 0 0 0 9899319 0 0 712 0 
0 0 0 0 0 0 0 0 0 0 0 0 0 0 0 0 0 0 0 0 0 0 0 3 0 28001 27999 0 0 104 0 0 15 24603826 0 0 0 0 0 0 9898073 712 0 0 
0 0 0 0 0 0 0 0 0 0 0 0 0 0 0 0 0 0 0 0 0 0 0 3 28001 0 0 6 0 0 104 15 0 5398418 11111371 8093347 0 0 0 9899319 0 0 712 0 
0 0 0 0 0 0 0 0 0 0 0 0 0 0 0 0 0 0 0 0 0 0 0 3 0 28001 27999 0 0 104 0 0 15 24603826 0 0 0 0 0 0 9898073 712 0 0 
0 0 0 0 0 0 0 0 0 0 0 0 0 0 0 0 0 0 0 0 0 0 0 3 28001 0 0 6 0 0 104 15 0 5398418 11111371 8093347 0 0 0 9899319 0 0 712 0 
0 0 0 0 0 0 0 0 0 0 0 0 0 0 0 0 0 0 0 0 0 0 0 3 0 28001 27999 0 0 104 0 0 15 24603826 0 0 0 0 0 0 9898073 712 0 0 
0 0 0 0 0 0 0 0 0 0 0 0 0 0 0 0 0 0 0 0 0 0 0 3 28001 0 0 6 0 0 104 15 0 5398418 11111371 8093347 0 0 0 9899319 0 0 712 0 
0 0 0 0 0 0 0 0 0 0 0 0 0 0 0 0 0 0 0 0 0 0 0 3 0 28001 27999 0 0 104 0 0 15 24603826 0 0 0 0 0 0 9898073 712 0 0 
0 0 0 0 0 0 0 0 0 0 0 0 0 0 0 0 0 0 0 0 0 0 0 3 28001 0 0 6 0 0 104 15 0 5398418 11111371 8093347 0 0 0 9899319 0 0 712 0 
0 0 0 0 0 0 0 0 0 0 0 0 0 0 0 0 0 0 0 0 0 0 0 3 0 28001 27999 0 0 104 0 0 15 24603826 0 0 0 0 0 0 9898073 712 0 0 
0 0 0 0 0 0 0 0 0 0 0 0 0 0 0 0 0 0 0 0 0 0 0 3 28001 0 0 6 0 0 104 15 0 5398418 11111371 8093347 0 0 0 9899319 0 0 712 0 
0 0 0 0 0 0 0 0 0 0 0 0 0 0 0 0 0 0 0 0 0 0 0 3 0 28001 27999 0 0 104 0 0 15 24603826 0 0 0 0 0 0 9898073 712 0 0 
0 0 0 0 0 0 0 0 0 0 0 0 0 0 0 0 0 0 0 0 0 0 0 3 28001 0 0 6 0 0 104 15 0 5398418 11111371 8093347 0 0 0 9899319 0 0 712 0 
0 0 0 0 0 0 0 0 0 0 0 0 0 0 0 0 0 0 0 0 0 0 0 3 0 28001 27999 0 0 104 0 0 15 24603826 0 0 0 0 0 0 9898073 712 0 0 
0 0 0 0 0 0 0 0 0 0 0 0 0 0 0 0 0 0 0 0 0 0 0 3 28001 0 0 6 0 0 104 15 0 5398418 11111371 8093347 0 0 0 9899319 0 0 712 0 
0 0 0 0 0 0 0 0 0 0 0 0 0 0 0 0 0 0 0 0 0 0 0 3 0 28001 27999 0 0 104 0 0 15 24603826 0 0 0 0 0 0 9898073 712 0 0 
0 0 0 0 0 0 0 0 0 0 0 0 0 0 0 0 0 0 0 0 0 0 0 3 28001 0 0 6 0 0 104 15 0 5398418 11111371 8093347 0 0 0 9899319 0 0 712 0 
0 0 0 0 0 0 0 0 0 0 0 0 0 0 0 0 0 0 0 0 0 0 0 3 0 28001 27999 0 0 104 0 0 15 24603826 0 0 0 0 0 0 9898073 712 0 0 
0 0 0 0 0 0 0 0 0 0 0 0 0 0 0 0 0 0 0 0 0 0 0 3 28001 0 0 6 0 0 104 15 0 5398418 11111371 8093347 0 0 0 9899319 0 0 712 0 
0 0 0 0 0 0 0 0 0 0 0 0 0 0 0 0 0 0 0 0 0 0 0 3 0 28001 27999 0 0 104 0 0 15 24603826 0 0 0 0 0 0 9898073 712 0 0 
0 0 0 0 0 0 0 0 0 0 0 0 0 0 0 0 0 0 0 0 0 0 0 3 28001 0 0 6 0 0 104 15 0 5398418 11111371 8093347 0 0 0 9899319 0 0 712 0 
0 0 0 0 0 0 0 0 0 0 0 0 0 0 0 0 0 0 0 0 0 0 0 3 0 28001 27999 0 0 104 0 0 15 24603826 0 0 0 0 0 0 9898073 712 0 0 
0 0 0 0 0 0 0 0 0 0 0 0 0 0 0 0 0 0 0 0 0 0 0 3 28001 0 0 6 0 0 104 15 0 5398418 11111371 8093347 0 0 0 9899319 0 0 712 0 
0 0 0 0 0 0 0 0 0 0 0 0 0 0 0 0 0 0 0 0 0 0 0 3 0 28001 27999 0 0 104 0 0 15 24603826 0 0 0 0 0 0 9898073 712 0 0 
0 0 0 0 0 0 0 0 0 0 0 0 0 0 0 0 0 0 0 0 0 0 0 3 28001 0 0 6 0 0 104 15 0 5398418 11111371 8093347 0 0 0 9899319 0 0 712 0 
0 0 0 0 0 0 0 0 0 0 0 0 0 0 0 0 0 0 0 0 0 0 0 3 0 28001 27999 0 0 104 0 0 15 24603826 0 0 0 0 0 0 9898073 712 0 0 
0 0 0 0 0 0 0 0 0 0 0 0 0 0 0 0 0 0 0 0 0 0 0 3 28001 0 0 6 0 0 104 15 0 5398418 11111371 8093347 0 0 0 9899319 0 0 712 0 
0 0 0 0 0 0 0 0 0 0 0 0 0 0 0 0 0 0 0 0 0 0 0 3 0 28001 27999 0 0 104 0 0 15 24603826 0 0 0 0 0 0 9898073 712 0 0 
0 0 0 0 0 0 0 0 0 0 0 0 0 0 0 0 0 0 0 0 0 0 0 3 28001 0 0 6 0 0 104 15 0 5398418 11111371 8093347 0 0 0 9899319 0 0 712 0 
0 0 0 0 0 0 0 0 0 0 0 0 0 0 0 0 0 0 0 0 0 0 0 3 0 28001 27999 0 0 104 0 0 15 24603826 0 0 0 0 0 0 9898073 712 0 0 
0 0 0 0 0 0 0 0 0 0 0 0 0 0 0 0 0 0 0 0 0 0 0 3 28001 0 0 6 0 0 104 15 0 5398418 11111371 8093347 0 0 0 9899319 0 0 712 0 
0 0 0 0 0 0 0 0 0 0 0 0 0 0 0 0 0 0 0 0 0 0 0 3 0 28001 27999 0 0 104 0 0 15 24603826 0 0 0 0 0 0 9898073 712 0 0 
0 0 0 0 0 0 0 0 0 0 0 0 0 0 0 0 0 0 0 0 0 0 0 3 28001 0 0 6 0 0 104 15 0 5398418 11111371 8093347 0 0 0 9899319 0 0 712 0 
0 0 0 0 0 0 0 0 0 0 0 0 0 0 0 0 0 0 0 0 0 0 0 3 0 28001 27999 0 0 104 0 0 15 24603826 0 0 0 0 0 0 9898073 712 0 0 
0 0 0 0 0 0 0 0 0 0 0 0 0 0 0 0 0 0 0 0 0 0 0 3 28001 0 0 6 0 0 104 15 0 5398418 11111371 8093347 0 0 0 9899319 0 0 712 0 
0 0 0 0 0 0 0 0 0 0 0 0 0 0 0 0 0 0 0 0 0 0 0 3 0 28001 27999 0 0 104 0 0 15 24603826 0 0 0 0 0 0 9898073 712 0 0 
0 0 0 0 0 0 0 0 0 0 0 0 0 0 0 0 0 0 0 0 0 0 0 3 28001 0 0 6 0 0 104 15 0 5398418 11111371 8093347 0 0 0 9899319 0 0 712 0 
0 0 0 0 0 0 0 0 0 0 0 0 0 0 0 0 0 0 0 0 0 0 0 3 0 28001 27999 0 0 104 0 0 15 24603826 0 0 0 0 0 0 9898073 712 0 0 
0 0 0 0 0 0 0 0 0 0 0 0 0 0 0 0 0 0 0 0 0 0 0 3 28001 0 0 6 0 0 104 15 0 5398418 11111371 8093347 0 0 0 9899319 0 0 712 0 
0 0 0 0 0 0 0 0 0 0 0 0 0 0 0 0 0 0 0 0 0 0 0 3 0 28001 27999 0 0 104 0 0 15 24603826 0 0 0 0 0 0 9898073 712 0 0 
0 0 0 0 0 0 0 0 0 0 0 0 0 0 0 0 0 0 0 0 0 0 0 3 28001 0 0 6 0 0 104 15 0 5398418 11111371 8093347 0 0 0 9899319 0 0 712 0 
0 0 0 0 0 0 0 0 0 0 0 0 0 0 0 0 0 0 0 0 0 0 0 3 0 28001 27999 0 0 104 0 0 15 24603826 0 0 0 0 0 0 9898073 712 0 0 
0 0 0 0 0 0 0 0 0 0 0 0 0 0 0 0 0 0 0 0 0 0 0 3 28001 0 0 6 0 0 104 15 0 5398418 11111371 8093347 0 0 0 9899319 0 0 712 0 
0 0 0 0 0 0 0 0 0 0 0 0 0 0 0 0 0 0 0 0 0 0 0 3 0 28001 27999 0 0 104 0 0 15 24603826 0 0 0 0 0 0 9898073 712 0 0 
0 0 0 0 0 0 0 0 0 0 0 0 0 0 0 0 0 0 0 0 0 0 0 3 28001 0 0 6 0 0 104 15 0 5398418 11111371 8093347 0 0 0 9899319 0 0 712 0 
0 0 0 0 0 0 0 0 0 0 0 0 0 0 0 0 0 0 0 0 0 0 0 3 0 28001 27999 0 0 104 0 0 15 24603826 0 0 0 0 0 0 9898073 712 0 0 
0 0 0 0 0 0 0 0 0 0 0 0 0 0 0 0 0 0 0 0 0 0 0 3 28001 0 0 6 0 0 104 15 0 5398418 11111371 8093347 0 0 0 9899319 0 0 712 0 
0 0 0 0 0 0 0 0 0 0 0 0 0 0 0 0 0 0 0 0 0 0 0 3 0 28001 27999 0 0 104 0 0 15 24603826 0 0 0 0 0 0 9898073 712 0 0 
0 0 0 0 0 0 0 0 0 0 0 0 0 0 0 0 0 0 0 0 0 0 0 3 28001 0 0 6 0 0 104 15 0 5398418 11111371 8093347 0 0 0 9899319 0 0 712 0 
0 0 0 0 0 0 0 0 0 0 0 0 0 0 0 0 0 0 0 0 0 0 0 3 0 28001 27999 0 0 104 0 0 15 24603826 0 0 0 0 0 0 9898073 712 0 0 
0 0 0 0 0 0 0 0 0 0 0 0 0 0 0 0 0 0 0 0 0 0 0 3 28001 0 0 6 0 0 104 15 0 5398418 11111371 8093347 0 0 0 9899319 0 0 712 0 
0 0 0 0 0 0 0 0 0 0 0 0 0 0 0 0 0 0 0 0 0 0 0 3 0 28001 27999 0 0 104 0 0 15 24603826 0 0 0 0 0 0 9898073 712 0 0 
0 0 0 0 0 0 0 0 0 0 0 0 0 0 0 0 0 0 0 0 0 0 0 3 28001 0 0 6 0 0 104 15 0 5398418 11111371 8093347 0 0 0 9899319 0 0 712 0 
0 0 0 0 0 0 0 0 0 0 0 0 0 0 0 0 0 0 0 0 0 0 0 3 0 28001 27999 0 0 104 0 0 15 24603826 0 0 0 0 0 0 9898073 712 0 0 
0 0 0 0 0 0 0 0 0 0 0 0 0 0 0 0 0 0 0 0 0 0 0 3 28001 0 0 6 0 0 104 15 0 5398418 11111371 8093347 0 0 0 9899319 0 0 712 0 
0 0 0 0 0 0 0 0 0 0 0 0 0 0 0 0 0 0 0 0 0 0 0 3 0 28001 27999 0 0 104 0 0 15 24603826 0 0 0 0 0 0 9898073 712 0 0 
0 0 0 0 0 0 0 0 0 0 0 0 0 0 0 0 0 0 0 0 0 0 0 3 28001 0 0 6 0 0 104 15 0 5398418 11111371 8093347 0 0 0 9899319 0 0 712 0 
0 0 0 0 0 0 0 0 0 0 0 0 0 0 0 0 0 0 0 0 0 0 0 3 0 28001 27999 0 0 104 0 0 15 24603826 0 0 0 0 0 0 9898073 712 0 0 
0 0 0 0 0 0 0 0 0 0 0 0 0 0 0 0 0 0 0 0 0 0 0 3 28001 0 0 6 0 0 104 15 0 5398418 11111371 8093347 0 0 0 9899319 0 0 712 0 
0 0 0 0 0 0 0 0 0 0 0 0 0 0 0 0 0 0 0 0 0 0 0 3 0 28001 27999 0 0 104 0 0 15 24603826 0 0 0 0 0 0 9898073 712 0 0 
0 0 0 0 0 0 0 0 0 0 0 0 0 0 0 0 0 0 0 0 0 0 0 3 28001 0 0 6 0 0 104 15 0 5398418 11111371 8093347 0 0 0 9899319 0 0 712 0 
0 0 0 0 0 0 0 0 0 0 0 0 0 0 0 0 0 0 0 0 0 0 0 3 0 28001 27999 0 0 104 0 0 15 24603826 0 0 0 0 0 0 9898073 712 0 0 
0 0 0 0 0 0 0 0 0 0 0 0 0 0 0 0 0 0 0 0 0 0 0 3 28001 0 0 6 0 0 104 15 0 5398418 11111371 8093347 0 0 0 9899319 0 0 712 0 
0 0 0 0 0 0 0 0 0 0 0 0 0 0 0 0 0 0 0 0 0 0 0 3 0 28001 27999 0 0 104 0 0 15 24603826 0 0 0 0 0 0 9898073 712 0 0 
0 0 0 0 0 0 0 0 0 0 0 0 0 0 0 0 0 0 0 0 0 0 0 3 28001 0 0 6 0 0 104 15 0 5398418 11111371 8093347 0 0 0 9899319 0 0 712 0 
0 0 0 0 0 0 0 0 0 0 0 0 0 0 0 0 0 0 0 0 0 0 0 3 0 28001 27999 0 0 104 0 0 15 24603826 0 0 0 0 0 0 9898073 712 0 0 
0 0 0 0 0 0 0 0 0 0 0 0 0 0 0 0 0 0 0 0 0 0 0 3 28001 0 0 6 0 0 104 15 0 5398418 11111371 8093347 0 0 0 9899319 0 0 712 0 
0 0 0 0 0 0 0 0 0 0 0 0 0 0 0 0 0 0 0 0 0 0 0 3 0 28001 27999 0 0 104 0 0 15 24603826 0 0 0 0 0 0 9898073 712 0 0 
0 0 0 0 0 0 0 0 0 0 0 0 0 0 0 0 0 0 0 0 0 0 0 3 28001 0 0 6 0 0 104 15 0 5398418 11111371 8093347 0 0 0 9899319 0 0 712 0 
0 0 0 0 0 0 0 0 0 0 0 0 0 0 0 0 0 0 0 0 0 0 0 3 0 28001 27999 0 0 104 0 0 15 24603826 0 0 0 0 0 0 9898073 712 0 0 
0 0 0 0 0 0 0 0 0 0 0 0 0 0 0 0 0 0 0 0 0 0 0 3 28001 0 0 6 0 0 104 15 0 5398418 11111371 8093347 0 0 0 9899319 0 0 712 0 
0 0 0 0 0 0 0 0 0 0 0 0 0 0 0 0 0 0 0 0 0 0 0 3 0 28001 27999 0 0 104 0 0 15 24603826 0 0 0 0 0 0 9898073 712 0 0 
0 0 0 0 0 0 0 0 0 0 0 0 0 0 0 0 0 0 0 0 0 0 0 3 28001 0 0 6 0 0 104 15 0 5398418 11111371 8093347 0 0 0 9899319 0 0 712 0 
0 0 0 0 0 0 0 0 0 0 0 0 0 0 0 0 0 0 0 0 0 0 0 3 0 28001 27999 0 0 104 0 0 15 24603826 0 0 0 0 0 0 9898073 712 0 0 
0 0 0 0 0 0 0 0 0 0 0 0 0 0 0 0 0 0 0 0 0 0 0 3 28001 0 0 6 0 0 104 15 0 5398418 11111371 8093347 0 0 0 9899319 0 0 712 0 
0 0 0 0 0 0 0 0 0 0 0 0 0 0 0 0 0 0 0 0 0 0 0 3 0 28001 27999 0 0 104 0 0 15 24603826 0 0 0 0 0 0 9898073 712 0 0 
0 0 0 0 0 0 0 0 0 0 0 0 0 0 0 0 0 0 0 0 0 0 0 3 28001 0 0 6 0 0 104 15 0 5398418 11111371 8093347 0 0 0 9899319 0 0 712 0 
