0 0 0 0 0 0 0 0 0 0 0 0 0 0 0 0 0 0 0 0 0 0 0 3 0 15894 15895 0 0 91 0 0 15 19056865 0 0 0 0 0 0 6510864 694 0 0 
0 0 0 0 0 0 0 0 0 0 0 0 0 0 0 0 0 0 0 0 0 0 0 3 15894 0 0 6 0 0 91 15 0 4669968 7997211 6387327 0 0 0 6511604 0 0 694 0 
0 0 0 0 0 0 0 0 0 0 0 0 0 0 0 0 0 0 0 0 0 0 0 3 0 15894 15895 0 0 91 0 0 15 19056865 0 0 0 0 0 0 6510864 694 0 0 
0 0 0 0 0 0 0 0 0 0 0 0 0 0 0 0 0 0 0 0 0 0 0 3 15894 0 0 6 0 0 91 15 0 4669968 7997211 6387327 0 0 0 6511604 0 0 694 0 
0 0 0 0 0 0 0 0 0 0 0 0 0 0 0 0 0 0 0 0 0 0 0 3 0 15894 15895 0 0 91 0 0 15 19056865 0 0 0 0 0 0 6510864 694 0 0 
0 0 0 0 0 0 0 0 0 0 0 0 0 0 0 0 0 0 0 0 0 0 0 3 15894 0 0 6 0 0 91 15 0 4669968 7997211 6387327 0 0 0 6511604 0 0 694 0 
0 0 0 0 0 0 0 0 0 0 0 0 0 0 0 0 0 0 0 0 0 0 0 3 0 15894 15895 0 0 91 0 0 15 19056865 0 0 0 0 0 0 6510864 694 0 0 
0 0 0 0 0 0 0 0 0 0 0 0 0 0 0 0 0 0 0 0 0 0 0 3 15894 0 0 6 0 0 91 15 0 4669968 7997211 6387327 0 0 0 6511604 0 0 694 0 
0 0 0 0 0 0 0 0 0 0 0 0 0 0 0 0 0 0 0 0 0 0 0 3 0 15894 15895 0 0 91 0 0 15 19056865 0 0 0 0 0 0 6510864 694 0 0 
0 0 0 0 0 0 0 0 0 0 0 0 0 0 0 0 0 0 0 0 0 0 0 3 15894 0 0 6 0 0 91 15 0 4669968 7997211 6387327 0 0 0 6511604 0 0 694 0 
0 0 0 0 0 0 0 0 0 0 0 0 0 0 0 0 0 0 0 0 0 0 0 3 0 15894 15895 0 0 91 0 0 15 19056865 0 0 0 0 0 0 6510864 694 0 0 
0 0 0 0 0 0 0 0 0 0 0 0 0 0 0 0 0 0 0 0 0 0 0 3 15894 0 0 6 0 0 91 15 0 4669968 7997211 6387327 0 0 0 6511604 0 0 694 0 
0 0 0 0 0 0 0 0 0 0 0 0 0 0 0 0 0 0 0 0 0 0 0 3 0 15894 15895 0 0 91 0 0 15 19056865 0 0 0 0 0 0 6510864 694 0 0 
0 0 0 0 0 0 0 0 0 0 0 0 0 0 0 0 0 0 0 0 0 0 0 3 15894 0 0 6 0 0 91 15 0 4669968 7997211 6387327 0 0 0 6511604 0 0 694 0 
0 0 0 0 0 0 0 0 0 0 0 0 0 0 0 0 0 0 0 0 0 0 0 3 0 15894 15895 0 0 91 0 0 15 19056865 0 0 0 0 0 0 6510864 694 0 0 
0 0 0 0 0 0 0 0 0 0 0 0 0 0 0 0 0 0 0 0 0 0 0 3 15894 0 0 6 0 0 91 15 0 4669968 7997211 6387327 0 0 0 6511604 0 0 694 0 
0 0 0 0 0 0 0 0 0 0 0 0 0 0 0 0 0 0 0 0 0 0 0 3 0 15894 15895 0 0 91 0 0 15 19056865 0 0 0 0 0 0 6510864 694 0 0 
0 0 0 0 0 0 0 0 0 0 0 0 0 0 0 0 0 0 0 0 0 0 0 3 15894 0 0 6 0 0 91 15 0 4669968 7997211 6387327 0 0 0 6511604 0 0 694 0 
0 0 0 0 0 0 0 0 0 0 0 0 0 0 0 0 0 0 0 0 0 0 0 3 0 15894 15895 0 0 91 0 0 15 19056865 0 0 0 0 0 0 6510864 694 0 0 
0 0 0 0 0 0 0 0 0 0 0 0 0 0 0 0 0 0 0 0 0 0 0 3 15894 0 0 6 0 0 91 15 0 4669968 7997211 6387327 0 0 0 6511604 0 0 694 0 
0 0 0 0 0 0 0 0 0 0 0 0 0 0 0 0 0 0 0 0 0 0 0 3 0 15894 15895 0 0 91 0 0 15 19056865 0 0 0 0 0 0 6510864 694 0 0 
0 0 0 0 0 0 0 0 0 0 0 0 0 0 0 0 0 0 0 0 0 0 0 3 15894 0 0 6 0 0 91 15 0 4669968 7997211 6387327 0 0 0 6511604 0 0 694 0 
0 0 0 0 0 0 0 0 0 0 0 0 0 0 0 0 0 0 0 0 0 0 0 3 0 15894 15895 0 0 91 0 0 15 19056865 0 0 0 0 0 0 6510864 694 0 0 
0 0 0 0 0 0 0 0 0 0 0 0 0 0 0 0 0 0 0 0 0 0 0 3 15894 0 0 6 0 0 91 15 0 4669968 7997211 6387327 0 0 0 6511604 0 0 694 0 
0 0 0 0 0 0 0 0 0 0 0 0 0 0 0 0 0 0 0 0 0 0 0 3 0 15894 15895 0 0 91 0 0 15 19056865 0 0 0 0 0 0 6510864 694 0 0 
0 0 0 0 0 0 0 0 0 0 0 0 0 0 0 0 0 0 0 0 0 0 0 3 15894 0 0 6 0 0 91 15 0 4669968 7997211 6387327 0 0 0 6511604 0 0 694 0 
0 0 0 0 0 0 0 0 0 0 0 0 0 0 0 0 0 0 0 0 0 0 0 3 0 15894 15895 0 0 91 0 0 15 19056865 0 0 0 0 0 0 6510864 694 0 0 
0 0 0 0 0 0 0 0 0 0 0 0 0 0 0 0 0 0 0 0 0 0 0 3 15894 0 0 6 0 0 91 15 0 4669968 7997211 6387327 0 0 0 6511604 0 0 694 0 
0 0 0 0 0 0 0 0 0 0 0 0 0 0 0 0 0 0 0 0 0 0 0 3 0 15894 15895 0 0 91 0 0 15 19056865 0 0 0 0 0 0 6510864 694 0 0 
0 0 0 0 0 0 0 0 0 0 0 0 0 0 0 0 0 0 0 0 0 0 0 3 15894 0 0 6 0 0 91 15 0 4669968 7997211 6387327 0 0 0 6511604 0 0 694 0 
0 0 0 0 0 0 0 0 0 0 0 0 0 0 0 0 0 0 0 0 0 0 0 3 0 15894 15895 0 0 91 0 0 15 19056865 0 0 0 0 0 0 6510864 694 0 0 
0 0 0 0 0 0 0 0 0 0 0 0 0 0 0 0 0 0 0 0 0 0 0 3 15894 0 0 6 0 0 91 15 0 4669968 7997211 6387327 0 0 0 6511604 0 0 694 0 
====>
0 0 0 0 0 0 0 0 0 0 0 0 0 0 0 0 0 0 0 0 0 0 0 3 0 15938 15943 0 0 98 0 0 15 19073488 0 0 0 0 0 0 6512324 694 0 0 
0 0 0 0 0 0 0 0 0 0 0 0 0 0 0 0 0 0 0 0 0 0 0 3 15942 0 0 6 0 0 98 15 0 4670779 8011853 6388498 0 0 0 6513064 0 0 694 0 
0 0 0 0 0 0 0 0 0 0 0 0 0 0 0 0 0 0 0 0 0 0 0 3 0 15954 15955 0 0 98 0 0 15 19102226 0 0 0 0 0 0 6521831 694 0 0 
0 0 0 0 0 0 0 0 0 0 0 0 0 0 0 0 0 0 0 0 0 0 0 3 15954 0 0 6 0 0 98 15 0 4678741 8023909 6397225 0 0 0 6522570 0 0 694 0 
0 0 0 0 0 0 0 0 0 0 0 0 0 0 0 0 0 0 0 0 0 0 0 3 0 16006 16011 0 0 98 0 0 15 19121777 0 0 0 0 0 0 6530021 694 0 0 
0 0 0 0 0 0 0 0 0 0 0 0 0 0 0 0 0 0 0 0 0 0 0 3 16010 0 0 6 0 0 98 15 0 4681289 8032922 6405214 0 0 0 6530761 0 0 694 0 
0 0 0 0 0 0 0 0 0 0 0 0 0 0 0 0 0 0 0 0 0 0 0 3 0 16065 16067 0 0 98 0 0 15 19148743 0 0 0 0 0 0 6540748 694 0 0 
0 0 0 0 0 0 0 0 0 0 0 0 0 0 0 0 0 0 0 0 0 0 0 3 16066 0 0 6 0 0 98 15 0 4686255 8043215 6416925 0 0 0 6541490 0 0 694 0 
0 0 0 0 0 0 0 0 0 0 0 0 0 0 0 0 0 0 0 0 0 0 0 3 0 16122 16127 0 0 98 0 0 15 19181162 0 0 0 0 0 0 6553599 694 0 0 
0 0 0 0 0 0 0 0 0 0 0 0 0 0 0 0 0 0 0 0 0 0 0 3 16126 0 0 6 0 0 98 15 0 4694372 8056108 6428329 0 0 0 6554345 0 0 694 0 
0 0 0 0 0 0 0 0 0 0 0 0 0 0 0 0 0 0 0 0 0 0 0 3 0 16178 16183 0 0 98 0 0 15 19213426 0 0 0 0 0 0 6565996 694 0 0 
0 0 0 0 0 0 0 0 0 0 0 0 0 0 0 0 0 0 0 0 0 0 0 3 16182 0 0 6 0 0 98 15 0 4702490 8068543 6440036 0 0 0 6566744 0 0 694 0 
0 0 0 0 0 0 0 0 0 0 0 0 0 0 0 0 0 0 0 0 0 0 0 3 0 16198 16203 0 0 98 0 0 15 19242297 0 0 0 0 0 0 6577109 694 0 0 
0 0 0 0 0 0 0 0 0 0 0 0 0 0 0 0 0 0 0 0 0 0 0 3 16202 0 0 6 0 0 98 15 0 4709115 8080688 6450130 0 0 0 6577860 0 0 694 0 
0 0 0 0 0 0 0 0 0 0 0 0 0 0 0 0 0 0 0 0 0 0 0 3 0 16246 16251 0 0 98 0 0 15 19259950 0 0 0 0 0 0 6584585 694 0 0 
0 0 0 0 0 0 0 0 0 0 0 0 0 0 0 0 0 0 0 0 0 0 0 3 16250 0 0 6 0 0 98 15 0 4713245 8087788 6456549 0 0 0 6585333 0 0 694 0 
0 0 0 0 0 0 0 0 0 0 0 0 0 0 0 0 0 0 0 0 0 0 0 3 0 16303 16307 0 0 98 0 0 15 19285033 0 0 0 0 0 0 6594526 694 0 0 
0 0 0 0 0 0 0 0 0 0 0 0 0 0 0 0 0 0 0 0 0 0 0 3 16306 0 0 6 0 0 98 15 0 4718753 8097139 6466771 0 0 0 6595274 0 0 694 0 
0 0 0 0 0 0 0 0 0 0 0 0 0 0 0 0 0 0 0 0 0 0 0 3 0 16361 16363 0 0 98 0 0 15 19316984 0 0 0 0 0 0 6606961 694 0 0 
0 0 0 0 0 0 0 0 0 0 0 0 0 0 0 0 0 0 0 0 0 0 0 3 16362 0 0 6 0 0 98 15 0 4726872 8109608 6478133 0 0 0 6607709 0 0 694 0 
0 0 0 0 0 0 0 0 0 0 0 0 0 0 0 0 0 0 0 0 0 0 0 3 0 16418 16423 0 0 98 0 0 15 19348671 0 0 0 0 0 0 6618888 694 0 0 
0 0 0 0 0 0 0 0 0 0 0 0 0 0 0 0 0 0 0 0 0 0 0 3 16422 0 0 6 0 0 98 15 0 4734991 8121574 6489734 0 0 0 6619638 0 0 694 0 
0 0 0 0 0 0 0 0 0 0 0 0 0 0 0 0 0 0 0 0 0 0 0 3 0 16430 16431 0 0 98 0 0 15 19370522 0 0 0 0 0 0 6626318 694 0 0 
0 0 0 0 0 0 0 0 0 0 0 0 0 0 0 0 0 0 0 0 0 0 0 3 16430 0 0 6 0 0 98 15 0 4739546 8131831 6496775 0 0 0 6627067 0 0 694 0 
0 0 0 0 0 0 0 0 0 0 0 0 0 0 0 0 0 0 0 0 0 0 0 3 0 16486 16491 0 0 98 0 0 15 19397276 0 0 0 0 0 0 6637863 694 0 0 
0 0 0 0 0 0 0 0 0 0 0 0 0 0 0 0 0 0 0 0 0 0 0 3 16490 0 0 6 0 0 98 15 0 4745769 8141255 6507875 0 0 0 6638613 0 0 694 0 
0 0 0 0 0 0 0 0 0 0 0 0 0 0 0 0 0 0 0 0 0 0 0 3 0 16545 16547 0 0 98 0 0 15 19422609 0 0 0 0 0 0 6648399 694 0 0 
0 0 0 0 0 0 0 0 0 0 0 0 0 0 0 0 0 0 0 0 0 0 0 3 16546 0 0 6 0 0 98 15 0 4751256 8151148 6517824 0 0 0 6649150 0 0 694 0 
0 0 0 0 0 0 0 0 0 0 0 0 0 0 0 0 0 0 0 0 0 0 0 3 0 16601 16603 0 0 98 0 0 15 19454198 0 0 0 0 0 0 6660593 694 0 0 
0 0 0 0 0 0 0 0 0 0 0 0 0 0 0 0 0 0 0 0 0 0 0 3 16602 0 0 6 0 0 98 15 0 4759373 8163382 6529056 0 0 0 6661348 0 0 694 0 
0 0 0 0 0 0 0 0 0 0 0 0 0 0 0 0 0 0 0 0 0 0 0 3 0 16658 16663 0 0 98 0 0 15 19486221 0 0 0 0 0 0 6672809 694 0 0 
0 0 0 0 0 0 0 0 0 0 0 0 0 0 0 0 0 0 0 0 0 0 0 3 16662 0 0 6 0 0 98 15 0 4767494 8175636 6540696 0 0 0 6673565 0 0 694 0 
0 0 0 0 0 0 0 0 0 0 0 0 0 0 0 0 0 0 0 0 0 0 0 3 0 16669 16671 0 0 98 0 0 15 19507617 0 0 0 0 0 0 6680026 694 0 0 
0 0 0 0 0 0 0 0 0 0 0 0 0 0 0 0 0 0 0 0 0 0 0 3 16670 0 0 6 0 0 98 15 0 4772047 8185458 6547718 0 0 0 6680782 0 0 694 0 
0 0 0 0 0 0 0 0 0 0 0 0 0 0 0 0 0 0 0 0 0 0 0 3 0 16726 16731 0 0 98 0 0 15 19530692 0 0 0 0 0 0 6690400 694 0 0 
0 0 0 0 0 0 0 0 0 0 0 0 0 0 0 0 0 0 0 0 0 0 0 3 16730 0 0 6 0 0 98 15 0 4777499 8193812 6556981 0 0 0 6691154 0 0 694 0 
0 0 0 0 0 0 0 0 0 0 0 0 0 0 0 0 0 0 0 0 0 0 0 3 0 16782 16787 0 0 98 0 0 15 19558837 0 0 0 0 0 0 6701705 694 0 0 
0 0 0 0 0 0 0 0 0 0 0 0 0 0 0 0 0 0 0 0 0 0 0 3 16786 0 0 6 0 0 98 15 0 4783755 8204603 6568081 0 0 0 6702458 0 0 694 0 
0 0 0 0 0 0 0 0 0 0 0 0 0 0 0 0 0 0 0 0 0 0 0 3 0 16838 16843 0 0 98 0 0 15 19590721 0 0 0 0 0 0 6713904 694 0 0 
0 0 0 0 0 0 0 0 0 0 0 0 0 0 0 0 0 0 0 0 0 0 0 3 16842 0 0 6 0 0 98 15 0 4791873 8216838 6579611 0 0 0 6714661 0 0 694 0 
0 0 0 0 0 0 0 0 0 0 0 0 0 0 0 0 0 0 0 0 0 0 0 3 0 16861 16863 0 0 98 0 0 15 19619376 0 0 0 0 0 0 6725061 694 0 0 
0 0 0 0 0 0 0 0 0 0 0 0 0 0 0 0 0 0 0 0 0 0 0 3 16862 0 0 6 0 0 98 15 0 4798501 8228020 6590453 0 0 0 6725819 0 0 694 0 
0 0 0 0 0 0 0 0 0 0 0 0 0 0 0 0 0 0 0 0 0 0 0 3 0 16906 16911 0 0 98 0 0 15 19638726 0 0 0 0 0 0 6732457 694 0 0 
0 0 0 0 0 0 0 0 0 0 0 0 0 0 0 0 0 0 0 0 0 0 0 3 16910 0 0 6 0 0 98 15 0 4803201 8236483 6596638 0 0 0 6733215 0 0 694 0 
0 0 0 0 0 0 0 0 0 0 0 0 0 0 0 0 0 0 0 0 0 0 0 3 0 16966 16971 0 0 98 0 0 15 19665763 0 0 0 0 0 0 6743233 694 0 0 
0 0 0 0 0 0 0 0 0 0 0 0 0 0 0 0 0 0 0 0 0 0 0 3 16970 0 0 6 0 0 98 15 0 4809767 8246909 6606670 0 0 0 6743995 0 0 694 0 
0 0 0 0 0 0 0 0 0 0 0 0 0 0 0 0 0 0 0 0 0 0 0 3 0 17022 17027 0 0 98 0 0 15 19694263 0 0 0 0 0 0 6754511 694 0 0 
0 0 0 0 0 0 0 0 0 0 0 0 0 0 0 0 0 0 0 0 0 0 0 3 17026 0 0 6 0 0 98 15 0 4816258 8257554 6618032 0 0 0 6755274 0 0 694 0 
0 0 0 0 0 0 0 0 0 0 0 0 0 0 0 0 0 0 0 0 0 0 0 3 0 17078 17083 0 0 98 0 0 15 19726466 0 0 0 0 0 0 6766832 694 0 0 
0 0 0 0 0 0 0 0 0 0 0 0 0 0 0 0 0 0 0 0 0 0 0 3 17082 0 0 6 0 0 98 15 0 4824376 8269912 6629760 0 0 0 6767598 0 0 694 0 
0 0 0 0 0 0 0 0 0 0 0 0 0 0 0 0 0 0 0 0 0 0 0 3 0 17089 17091 0 0 98 0 0 15 19747143 0 0 0 0 0 0 6773831 694 0 0 
0 0 0 0 0 0 0 0 0 0 0 0 0 0 0 0 0 0 0 0 0 0 0 3 17090 0 0 6 0 0 98 15 0 4828928 8279703 6636095 0 0 0 6774597 0 0 694 0 
0 0 0 0 0 0 0 0 0 0 0 0 0 0 0 0 0 0 0 0 0 0 0 3 0 17146 17151 0 0 98 0 0 15 19771855 0 0 0 0 0 0 6785327 694 0 0 
0 0 0 0 0 0 0 0 0 0 0 0 0 0 0 0 0 0 0 0 0 0 0 3 17150 0 0 6 0 0 98 15 0 4834828 8288879 6645724 0 0 0 6786096 0 0 694 0 
0 0 0 0 0 0 0 0 0 0 0 0 0 0 0 0 0 0 0 0 0 0 0 3 0 17202 17207 0 0 98 0 0 15 19798725 0 0 0 0 0 0 6796308 694 0 0 
0 0 0 0 0 0 0 0 0 0 0 0 0 0 0 0 0 0 0 0 0 0 0 3 17206 0 0 6 0 0 98 15 0 4840637 8299458 6656206 0 0 0 6797077 0 0 694 0 
0 0 0 0 0 0 0 0 0 0 0 0 0 0 0 0 0 0 0 0 0 0 0 3 0 17258 17263 0 0 98 0 0 15 19830752 0 0 0 0 0 0 6808610 694 0 0 
0 0 0 0 0 0 0 0 0 0 0 0 0 0 0 0 0 0 0 0 0 0 0 3 17262 0 0 6 0 0 98 15 0 4848756 8311798 6667772 0 0 0 6809384 0 0 694 0 
0 0 0 0 0 0 0 0 0 0 0 0 0 0 0 0 0 0 0 0 0 0 0 3 0 17276 17279 0 0 98 0 0 15 19858017 0 0 0 0 0 0 6818006 694 0 0 
0 0 0 0 0 0 0 0 0 0 0 0 0 0 0 0 0 0 0 0 0 0 0 3 17278 0 0 6 0 0 98 15 0 4855351 8323162 6677075 0 0 0 6818781 0 0 694 0 
0 0 0 0 0 0 0 0 0 0 0 0 0 0 0 0 0 0 0 0 0 0 0 3 0 17326 17331 0 0 98 0 0 15 19877642 0 0 0 0 0 0 6828124 694 0 0 
0 0 0 0 0 0 0 0 0 0 0 0 0 0 0 0 0 0 0 0 0 0 0 3 17330 0 0 6 0 0 98 15 0 4859333 8331906 6683972 0 0 0 6828901 0 0 694 0 
0 0 0 0 0 0 0 0 0 0 0 0 0 0 0 0 0 0 0 0 0 0 0 3 0 17385 17387 0 0 98 0 0 15 19903656 0 0 0 0 0 0 6838208 694 0 0 
0 0 0 0 0 0 0 0 0 0 0 0 0 0 0 0 0 0 0 0 0 0 0 3 17386 0 0 6 0 0 98 15 0 4865025 8341462 6694735 0 0 0 6838983 0 0 694 0 
0 0 0 0 0 0 0 0 0 0 0 0 0 0 0 0 0 0 0 0 0 0 0 3 0 17441 17443 0 0 98 0 0 15 19933972 0 0 0 0 0 0 6849569 694 0 0 
0 0 0 0 0 0 0 0 0 0 0 0 0 0 0 0 0 0 0 0 0 0 0 3 17442 0 0 6 0 0 98 15 0 4873140 8352861 6705534 0 0 0 6850345 0 0 694 0 
0 0 0 0 0 0 0 0 0 0 0 0 0 0 0 0 0 0 0 0 0 0 0 3 0 17498 17503 0 0 98 0 0 15 19965608 0 0 0 0 0 0 6861221 694 0 0 
0 0 0 0 0 0 0 0 0 0 0 0 0 0 0 0 0 0 0 0 0 0 0 3 17502 0 0 6 0 0 98 15 0 4881257 8364553 6717354 0 0 0 6862002 0 0 694 0 
0 0 0 0 0 0 0 0 0 0 0 0 0 0 0 0 0 0 0 0 0 0 0 3 0 17508 17511 0 0 98 0 0 15 19986958 0 0 0 0 0 0 6869615 694 0 0 
0 0 0 0 0 0 0 0 0 0 0 0 0 0 0 0 0 0 0 0 0 0 0 3 17510 0 0 6 0 0 98 15 0 4885705 8375033 6723775 0 0 0 6870396 0 0 694 0 
0 0 0 0 0 0 0 0 0 0 0 0 0 0 0 0 0 0 0 0 0 0 0 3 0 17566 17571 0 0 98 0 0 15 20011310 0 0 0 0 0 0 6879765 694 0 0 
0 0 0 0 0 0 0 0 0 0 0 0 0 0 0 0 0 0 0 0 0 0 0 3 17570 0 0 6 0 0 98 15 0 4891469 8383606 6733786 0 0 0 6880546 0 0 694 0 
0 0 0 0 0 0 0 0 0 0 0 0 0 0 0 0 0 0 0 0 0 0 0 3 0 17622 17627 0 0 98 0 0 15 20038947 0 0 0 0 0 0 6890684 694 0 0 
0 0 0 0 0 0 0 0 0 0 0 0 0 0 0 0 0 0 0 0 0 0 0 3 17626 0 0 6 0 0 98 15 0 4897516 8394090 6744891 0 0 0 6891471 0 0 694 0 
0 0 0 0 0 0 0 0 0 0 0 0 0 0 0 0 0 0 0 0 0 0 0 3 0 17678 17683 0 0 98 0 0 15 20070512 0 0 0 0 0 0 6902647 694 0 0 
0 0 0 0 0 0 0 0 0 0 0 0 0 0 0 0 0 0 0 0 0 0 0 3 17682 0 0 6 0 0 98 15 0 4905634 8406089 6756338 0 0 0 6903437 0 0 694 0 
0 0 0 0 0 0 0 0 0 0 0 0 0 0 0 0 0 0 0 0 0 0 0 3 0 17698 17703 0 0 98 0 0 15 20099200 0 0 0 0 0 0 6913962 694 0 0 
0 0 0 0 0 0 0 0 0 0 0 0 0 0 0 0 0 0 0 0 0 0 0 3 17702 0 0 6 0 0 98 15 0 4912260 8417594 6766892 0 0 0 6914754 0 0 694 0 
0 0 0 0 0 0 0 0 0 0 0 0 0 0 0 0 0 0 0 0 0 0 0 3 0 17746 17751 0 0 98 0 0 15 20118933 0 0 0 0 0 0 6921740 694 0 0 
0 0 0 0 0 0 0 0 0 0 0 0 0 0 0 0 0 0 0 0 0 0 0 3 17750 0 0 6 0 0 98 15 0 4916883 8426252 6773348 0 0 0 6922531 0 0 694 0 
0 0 0 0 0 0 0 0 0 0 0 0 0 0 0 0 0 0 0 0 0 0 0 3 0 17806 17811 0 0 98 0 0 15 20145365 0 0 0 0 0 0 6931668 694 0 0 
0 0 0 0 0 0 0 0 0 0 0 0 0 0 0 0 0 0 0 0 0 0 0 3 17810 0 0 6 0 0 98 15 0 4923550 8435850 6783514 0 0 0 6932461 0 0 694 0 
0 0 0 0 0 0 0 0 0 0 0 0 0 0 0 0 0 0 0 0 0 0 0 3 0 17862 17867 0 0 98 0 0 15 20174786 0 0 0 0 0 0 6944242 694 0 0 
0 0 0 0 0 0 0 0 0 0 0 0 0 0 0 0 0 0 0 0 0 0 0 3 17866 0 0 6 0 0 98 15 0 4930022 8447792 6794519 0 0 0 6945038 0 0 694 0 
0 0 0 0 0 0 0 0 0 0 0 0 0 0 0 0 0 0 0 0 0 0 0 3 0 17918 17923 0 0 98 0 0 15 20207845 0 0 0 0 0 0 6957153 694 0 0 
0 0 0 0 0 0 0 0 0 0 0 0 0 0 0 0 0 0 0 0 0 0 0 3 17922 0 0 6 0 0 98 15 0 4938140 8460737 6806514 0 0 0 6957946 0 0 694 0 
0 0 0 0 0 0 0 0 0 0 0 0 0 0 0 0 0 0 0 0 0 0 0 3 0 17942 17947 0 0 98 0 0 15 20237703 0 0 0 0 0 0 6969232 694 0 0 
0 0 0 0 0 0 0 0 0 0 0 0 0 0 0 0 0 0 0 0 0 0 0 3 17946 0 0 6 0 0 98 15 0 4944769 8472834 6817647 0 0 0 6970029 0 0 694 0 
0 0 0 0 0 0 0 0 0 0 0 0 0 0 0 0 0 0 0 0 0 0 0 3 0 17986 17991 0 0 98 0 0 15 20258151 0 0 0 0 0 0 6976275 694 0 0 
0 0 0 0 0 0 0 0 0 0 0 0 0 0 0 0 0 0 0 0 0 0 0 3 17990 0 0 6 0 0 98 15 0 4949964 8481583 6824150 0 0 0 6977072 0 0 694 0 
0 0 0 0 0 0 0 0 0 0 0 0 0 0 0 0 0 0 0 0 0 0 0 3 0 18045 18047 0 0 98 0 0 15 20279113 0 0 0 0 0 0 6985552 694 0 0 
0 0 0 0 0 0 0 0 0 0 0 0 0 0 0 0 0 0 0 0 0 0 0 3 18046 0 0 6 0 0 98 15 0 4954408 8489203 6833048 0 0 0 6986347 0 0 694 0 
0 0 0 0 0 0 0 0 0 0 0 0 0 0 0 0 0 0 0 0 0 0 0 3 0 18102 18107 0 0 98 0 0 15 20310768 0 0 0 0 0 0 6997376 694 0 0 
0 0 0 0 0 0 0 0 0 0 0 0 0 0 0 0 0 0 0 0 0 0 0 3 18106 0 0 6 0 0 98 15 0 4962525 8501066 6844721 0 0 0 6998170 0 0 694 0 
0 0 0 0 0 0 0 0 0 0 0 0 0 0 0 0 0 0 0 0 0 0 0 3 0 18158 18163 0 0 98 0 0 15 20342785 0 0 0 0 0 0 7009475 694 0 0 
0 0 0 0 0 0 0 0 0 0 0 0 0 0 0 0 0 0 0 0 0 0 0 3 18162 0 0 6 0 0 98 15 0 4970644 8513202 6856483 0 0 0 7010272 0 0 694 0 
0 0 0 0 0 0 0 0 0 0 0 0 0 0 0 0 0 0 0 0 0 0 0 3 0 18170 18175 0 0 98 0 0 15 20364077 0 0 0 0 0 0 7016624 694 0 0 
0 0 0 0 0 0 0 0 0 0 0 0 0 0 0 0 0 0 0 0 0 0 0 3 18174 0 0 6 0 0 98 15 0 4975655 8523175 6862790 0 0 0 7017422 0 0 694 0 
0 0 0 0 0 0 0 0 0 0 0 0 0 0 0 0 0 0 0 0 0 0 0 3 0 18226 18231 0 0 98 0 0 15 20387956 0 0 0 0 0 0 7026876 694 0 0 
0 0 0 0 0 0 0 0 0 0 0 0 0 0 0 0 0 0 0 0 0 0 0 3 18230 0 0 6 0 0 98 15 0 4981509 8531153 6872840 0 0 0 7027675 0 0 694 0 
0 0 0 0 0 0 0 0 0 0 0 0 0 0 0 0 0 0 0 0 0 0 0 3 0 18282 18287 0 0 98 0 0 15 20414125 0 0 0 0 0 0 7038078 694 0 0 
0 0 0 0 0 0 0 0 0 0 0 0 0 0 0 0 0 0 0 0 0 0 0 3 18286 0 0 6 0 0 98 15 0 4986905 8541876 6882888 0 0 0 7038878 0 0 694 0 
0 0 0 0 0 0 0 0 0 0 0 0 0 0 0 0 0 0 0 0 0 0 0 3 0 18338 18343 0 0 98 0 0 15 20446758 0 0 0 0 0 0 7051179 694 0 0 
0 0 0 0 0 0 0 0 0 0 0 0 0 0 0 0 0 0 0 0 0 0 0 3 18342 0 0 6 0 0 98 15 0 4995023 8555013 6894263 0 0 0 7051982 0 0 694 0 
0 0 0 0 0 0 0 0 0 0 0 0 0 0 0 0 0 0 0 0 0 0 0 3 0 18373 18375 0 0 98 0 0 15 20475841 0 0 0 0 0 0 7062214 694 0 0 
0 0 0 0 0 0 0 0 0 0 0 0 0 0 0 0 0 0 0 0 0 0 0 3 18374 0 0 6 0 0 98 15 0 5002032 8565961 6905383 0 0 0 7063017 0 0 694 0 
0 0 0 0 0 0 0 0 0 0 0 0 0 0 0 0 0 0 0 0 0 0 0 3 0 18409 18411 0 0 98 0 0 15 20498171 0 0 0 0 0 0 7069760 694 0 0 
0 0 0 0 0 0 0 0 0 0 0 0 0 0 0 0 0 0 0 0 0 0 0 3 18410 0 0 6 0 0 98 15 0 5007618 8575807 6912282 0 0 0 7070565 0 0 694 0 
0 0 0 0 0 0 0 0 0 0 0 0 0 0 0 0 0 0 0 0 0 0 0 3 0 18466 18471 0 0 98 0 0 15 20523249 0 0 0 0 0 0 7081990 694 0 0 
0 0 0 0 0 0 0 0 0 0 0 0 0 0 0 0 0 0 0 0 0 0 0 3 18470 0 0 6 0 0 98 15 0 5013145 8586468 6921166 0 0 0 7082799 0 0 694 0 
0 0 0 0 0 0 0 0 0 0 0 0 0 0 0 0 0 0 0 0 0 0 0 3 0 18522 18527 0 0 98 0 0 15 20551237 0 0 0 0 0 0 7093422 694 0 0 
0 0 0 0 0 0 0 0 0 0 0 0 0 0 0 0 0 0 0 0 0 0 0 3 18526 0 0 6 0 0 98 15 0 5019407 8597364 6931992 0 0 0 7094233 0 0 694 0 
0 0 0 0 0 0 0 0 0 0 0 0 0 0 0 0 0 0 0 0 0 0 0 3 0 18578 18583 0 0 98 0 0 15 20583428 0 0 0 0 0 0 7105895 694 0 0 
0 0 0 0 0 0 0 0 0 0 0 0 0 0 0 0 0 0 0 0 0 0 0 3 18582 0 0 6 0 0 98 15 0 5027526 8609873 6943555 0 0 0 7106709 0 0 694 0 
0 0 0 0 0 0 0 0 0 0 0 0 0 0 0 0 0 0 0 0 0 0 0 3 0 18589 18591 0 0 98 0 0 15 20603317 0 0 0 0 0 0 7112965 694 0 0 
0 0 0 0 0 0 0 0 0 0 0 0 0 0 0 0 0 0 0 0 0 0 0 3 18590 0 0 6 0 0 98 15 0 5032078 8619302 6949462 0 0 0 7113779 0 0 694 0 
0 0 0 0 0 0 0 0 0 0 0 0 0 0 0 0 0 0 0 0 0 0 0 3 0 18646 18651 0 0 98 0 0 15 20628158 0 0 0 0 0 0 7123993 694 0 0 
0 0 0 0 0 0 0 0 0 0 0 0 0 0 0 0 0 0 0 0 0 0 0 3 18650 0 0 6 0 0 98 15 0 5037937 8628542 6959200 0 0 0 7124805 0 0 694 0 
0 0 0 0 0 0 0 0 0 0 0 0 0 0 0 0 0 0 0 0 0 0 0 3 0 18702 18707 0 0 98 0 0 15 20654556 0 0 0 0 0 0 7134775 694 0 0 
0 0 0 0 0 0 0 0 0 0 0 0 0 0 0 0 0 0 0 0 0 0 0 3 18706 0 0 6 0 0 98 15 0 5043785 8638821 6969471 0 0 0 7135589 0 0 694 0 
0 0 0 0 0 0 0 0 0 0 0 0 0 0 0 0 0 0 0 0 0 0 0 3 0 18758 18763 0 0 98 0 0 15 20686027 0 0 0 0 0 0 7146608 694 0 0 
0 0 0 0 0 0 0 0 0 0 0 0 0 0 0 0 0 0 0 0 0 0 0 3 18762 0 0 6 0 0 98 15 0 5051903 8650689 6980956 0 0 0 7147424 0 0 694 0 
0 0 0 0 0 0 0 0 0 0 0 0 0 0 0 0 0 0 0 0 0 0 0 3 0 18778 18783 0 0 98 0 0 15 20714308 0 0 0 0 0 0 7156792 694 0 0 
0 0 0 0 0 0 0 0 0 0 0 0 0 0 0 0 0 0 0 0 0 0 0 3 18782 0 0 6 0 0 98 15 0 5058529 8662485 6990815 0 0 0 7157610 0 0 694 0 
0 0 0 0 0 0 0 0 0 0 0 0 0 0 0 0 0 0 0 0 0 0 0 3 0 18826 18831 0 0 98 0 0 15 20733356 0 0 0 0 0 0 7165622 694 0 0 
0 0 0 0 0 0 0 0 0 0 0 0 0 0 0 0 0 0 0 0 0 0 0 3 18830 0 0 6 0 0 98 15 0 5062724 8670243 6997911 0 0 0 7166439 0 0 694 0 
0 0 0 0 0 0 0 0 0 0 0 0 0 0 0 0 0 0 0 0 0 0 0 3 0 18885 18887 0 0 98 0 0 15 20759064 0 0 0 0 0 0 7176513 694 0 0 
0 0 0 0 0 0 0 0 0 0 0 0 0 0 0 0 0 0 0 0 0 0 0 3 18886 0 0 6 0 0 98 15 0 5068170 8680659 7007751 0 0 0 7177330 0 0 694 0 
0 0 0 0 0 0 0 0 0 0 0 0 0 0 0 0 0 0 0 0 0 0 0 3 0 18942 18947 0 0 98 0 0 15 20790989 0 0 0 0 0 0 7188294 694 0 0 
0 0 0 0 0 0 0 0 0 0 0 0 0 0 0 0 0 0 0 0 0 0 0 3 18946 0 0 6 0 0 98 15 0 5076289 8692483 7019731 0 0 0 7189116 0 0 694 0 
0 0 0 0 0 0 0 0 0 0 0 0 0 0 0 0 0 0 0 0 0 0 0 3 0 18998 19003 0 0 98 0 0 15 20822900 0 0 0 0 0 0 7200317 694 0 0 
0 0 0 0 0 0 0 0 0 0 0 0 0 0 0 0 0 0 0 0 0 0 0 3 19002 0 0 6 0 0 98 15 0 5084408 8704541 7031459 0 0 0 7201141 0 0 694 0 
0 0 0 0 0 0 0 0 0 0 0 0 0 0 0 0 0 0 0 0 0 0 0 3 0 19010 19015 0 0 98 0 0 15 20847797 0 0 0 0 0 0 7208607 694 0 0 
0 0 0 0 0 0 0 0 0 0 0 0 0 0 0 0 0 0 0 0 0 0 0 3 19014 0 0 6 0 0 98 15 0 5090736 8715320 7039249 0 0 0 7209433 0 0 694 0 
0 0 0 0 0 0 0 0 0 0 0 0 0 0 0 0 0 0 0 0 0 0 0 3 0 19066 19071 0 0 98 0 0 15 20870223 0 0 0 0 0 0 7219637 694 0 0 
0 0 0 0 0 0 0 0 0 0 0 0 0 0 0 0 0 0 0 0 0 0 0 3 19070 0 0 6 0 0 98 15 0 5095098 8724417 7048216 0 0 0 7220463 0 0 694 0 
0 0 0 0 0 0 0 0 0 0 0 0 0 0 0 0 0 0 0 0 0 0 0 3 0 19122 19127 0 0 98 0 0 15 20896291 0 0 0 0 0 0 7229987 694 0 0 
0 0 0 0 0 0 0 0 0 0 0 0 0 0 0 0 0 0 0 0 0 0 0 3 19126 0 0 6 0 0 98 15 0 5100669 8734282 7058848 0 0 0 7230815 0 0 694 0 
0 0 0 0 0 0 0 0 0 0 0 0 0 0 0 0 0 0 0 0 0 0 0 3 0 19178 19183 0 0 98 0 0 15 20928048 0 0 0 0 0 0 7242260 694 0 0 
0 0 0 0 0 0 0 0 0 0 0 0 0 0 0 0 0 0 0 0 0 0 0 3 19182 0 0 6 0 0 98 15 0 5108788 8746592 7070176 0 0 0 7243088 0 0 694 0 
0 0 0 0 0 0 0 0 0 0 0 0 0 0 0 0 0 0 0 0 0 0 0 3 0 19201 19203 0 0 98 0 0 15 20956797 0 0 0 0 0 0 7253148 694 0 0 
0 0 0 0 0 0 0 0 0 0 0 0 0 0 0 0 0 0 0 0 0 0 0 3 19202 0 0 6 0 0 98 15 0 5115417 8757422 7081457 0 0 0 7253980 0 0 694 0 
0 0 0 0 0 0 0 0 0 0 0 0 0 0 0 0 0 0 0 0 0 0 0 3 0 19246 19251 0 0 98 0 0 15 20976026 0 0 0 0 0 0 7261411 694 0 0 
0 0 0 0 0 0 0 0 0 0 0 0 0 0 0 0 0 0 0 0 0 0 0 3 19250 0 0 6 0 0 98 15 0 5119899 8766371 7087253 0 0 0 7262243 0 0 694 0 
0 0 0 0 0 0 0 0 0 0 0 0 0 0 0 0 0 0 0 0 0 0 0 3 0 19305 19307 0 0 98 0 0 15 20999750 0 0 0 0 0 0 7270897 694 0 0 
0 0 0 0 0 0 0 0 0 0 0 0 0 0 0 0 0 0 0 0 0 0 0 3 19306 0 0 6 0 0 98 15 0 5125054 8775297 7096892 0 0 0 7271732 0 0 694 0 
0 0 0 0 0 0 0 0 0 0 0 0 0 0 0 0 0 0 0 0 0 0 0 3 0 19361 19363 0 0 98 0 0 15 21031663 0 0 0 0 0 0 7283059 694 0 0 
0 0 0 0 0 0 0 0 0 0 0 0 0 0 0 0 0 0 0 0 0 0 0 3 19362 0 0 6 0 0 98 15 0 5133171 8787496 7108485 0 0 0 7283896 0 0 694 0 
0 0 0 0 0 0 0 0 0 0 0 0 0 0 0 0 0 0 0 0 0 0 0 3 0 19418 19423 0 0 98 0 0 15 21064086 0 0 0 0 0 0 7295656 694 0 0 
0 0 0 0 0 0 0 0 0 0 0 0 0 0 0 0 0 0 0 0 0 0 0 3 19422 0 0 6 0 0 98 15 0 5141291 8800130 7120149 0 0 0 7296495 0 0 694 0 
0 0 0 0 0 0 0 0 0 0 0 0 0 0 0 0 0 0 0 0 0 0 0 3 0 19429 19431 0 0 98 0 0 15 21085461 0 0 0 0 0 0 7304117 694 0 0 
0 0 0 0 0 0 0 0 0 0 0 0 0 0 0 0 0 0 0 0 0 0 0 3 19430 0 0 6 0 0 98 15 0 5145844 8810794 7126308 0 0 0 7304956 0 0 694 0 
0 0 0 0 0 0 0 0 0 0 0 0 0 0 0 0 0 0 0 0 0 0 0 3 0 19486 19491 0 0 98 0 0 15 21109577 0 0 0 0 0 0 7314618 694 0 0 
0 0 0 0 0 0 0 0 0 0 0 0 0 0 0 0 0 0 0 0 0 0 0 3 19490 0 0 6 0 0 98 15 0 5151604 8819592 7135869 0 0 0 7315460 0 0 694 0 
0 0 0 0 0 0 0 0 0 0 0 0 0 0 0 0 0 0 0 0 0 0 0 3 0 19542 19547 0 0 98 0 0 15 21136733 0 0 0 0 0 0 7325323 694 0 0 
0 0 0 0 0 0 0 0 0 0 0 0 0 0 0 0 0 0 0 0 0 0 0 3 19546 0 0 6 0 0 98 15 0 5157552 8829873 7146795 0 0 0 7326171 0 0 694 0 
0 0 0 0 0 0 0 0 0 0 0 0 0 0 0 0 0 0 0 0 0 0 0 3 0 19598 19603 0 0 98 0 0 15 21168923 0 0 0 0 0 0 7338329 694 0 0 
0 0 0 0 0 0 0 0 0 0 0 0 0 0 0 0 0 0 0 0 0 0 0 3 19602 0 0 6 0 0 98 15 0 5165670 8842914 7157825 0 0 0 7339179 0 0 694 0 
0 0 0 0 0 0 0 0 0 0 0 0 0 0 0 0 0 0 0 0 0 0 0 3 0 19629 19631 0 0 98 0 0 15 21199589 0 0 0 0 0 0 7350844 694 0 0 
0 0 0 0 0 0 0 0 0 0 0 0 0 0 0 0 0 0 0 0 0 0 0 3 19630 0 0 6 0 0 98 15 0 5172533 8855343 7169199 0 0 0 7351696 0 0 694 0 
0 0 0 0 0 0 0 0 0 0 0 0 0 0 0 0 0 0 0 0 0 0 0 3 0 19669 19671 0 0 98 0 0 15 21223637 0 0 0 0 0 0 7360118 694 0 0 
0 0 0 0 0 0 0 0 0 0 0 0 0 0 0 0 0 0 0 0 0 0 0 3 19670 0 0 6 0 0 98 15 0 5178275 8866912 7175935 0 0 0 7360972 0 0 694 0 
0 0 0 0 0 0 0 0 0 0 0 0 0 0 0 0 0 0 0 0 0 0 0 3 0 19726 19731 0 0 98 0 0 15 21246349 0 0 0 0 0 0 7369554 694 0 0 
0 0 0 0 0 0 0 0 0 0 0 0 0 0 0 0 0 0 0 0 0 0 0 3 19730 0 0 6 0 0 98 15 0 5183512 8874871 7185453 0 0 0 7370408 0 0 694 0 
0 0 0 0 0 0 0 0 0 0 0 0 0 0 0 0 0 0 0 0 0 0 0 3 0 19782 19787 0 0 98 0 0 15 21275819 0 0 0 0 0 0 7381685 694 0 0 
0 0 0 0 0 0 0 0 0 0 0 0 0 0 0 0 0 0 0 0 0 0 0 3 19786 0 0 6 0 0 98 15 0 5190057 8886380 7196869 0 0 0 7382540 0 0 694 0 
0 0 0 0 0 0 0 0 0 0 0 0 0 0 0 0 0 0 0 0 0 0 0 3 0 19838 19843 0 0 98 0 0 15 21308086 0 0 0 0 0 0 7393834 694 0 0 
0 0 0 0 0 0 0 0 0 0 0 0 0 0 0 0 0 0 0 0 0 0 0 3 19842 0 0 6 0 0 98 15 0 5198174 8898565 7208826 0 0 0 7394689 0 0 694 0 
0 0 0 0 0 0 0 0 0 0 0 0 0 0 0 0 0 0 0 0 0 0 0 3 0 19850 19855 0 0 98 0 0 15 21330795 0 0 0 0 0 0 7402779 694 0 0 
0 0 0 0 0 0 0 0 0 0 0 0 0 0 0 0 0 0 0 0 0 0 0 3 19854 0 0 6 0 0 98 15 0 5202729 8910428 7215114 0 0 0 7403634 0 0 694 0 
0 0 0 0 0 0 0 0 0 0 0 0 0 0 0 0 0 0 0 0 0 0 0 3 0 19906 19911 0 0 98 0 0 15 21356000 0 0 0 0 0 0 7413735 694 0 0 
0 0 0 0 0 0 0 0 0 0 0 0 0 0 0 0 0 0 0 0 0 0 0 3 19910 0 0 6 0 0 98 15 0 5208786 8919031 7225660 0 0 0 7414594 0 0 694 0 
0 0 0 0 0 0 0 0 0 0 0 0 0 0 0 0 0 0 0 0 0 0 0 3 0 19965 19967 0 0 98 0 0 15 21382269 0 0 0 0 0 0 7424374 694 0 0 
0 0 0 0 0 0 0 0 0 0 0 0 0 0 0 0 0 0 0 0 0 0 0 3 19966 0 0 6 0 0 98 15 0 5214441 8929175 7236124 0 0 0 7425236 0 0 694 0 
0 0 0 0 0 0 0 0 0 0 0 0 0 0 0 0 0 0 0 0 0 0 0 3 0 20021 20023 0 0 98 0 0 15 21413887 0 0 0 0 0 0 7436536 694 0 0 
0 0 0 0 0 0 0 0 0 0 0 0 0 0 0 0 0 0 0 0 0 0 0 3 20022 0 0 6 0 0 98 15 0 5222556 8941374 7247425 0 0 0 7437399 0 0 694 0 
0 0 0 0 0 0 0 0 0 0 0 0 0 0 0 0 0 0 0 0 0 0 0 3 0 20078 20083 0 0 98 0 0 15 21446469 0 0 0 0 0 0 7449090 694 0 0 
0 0 0 0 0 0 0 0 0 0 0 0 0 0 0 0 0 0 0 0 0 0 0 3 20082 0 0 6 0 0 98 15 0 5230674 8953966 7259295 0 0 0 7449952 0 0 694 0 
0 0 0 0 0 0 0 0 0 0 0 0 0 0 0 0 0 0 0 0 0 0 0 3 0 20090 20095 0 0 98 0 0 15 21470523 0 0 0 0 0 0 7457048 694 0 0 
0 0 0 0 0 0 0 0 0 0 0 0 0 0 0 0 0 0 0 0 0 0 0 3 20094 0 0 6 0 0 98 15 0 5236500 8964538 7266950 0 0 0 7457913 0 0 694 0 
0 0 0 0 0 0 0 0 0 0 0 0 0 0 0 0 0 0 0 0 0 0 0 3 0 20146 20151 0 0 98 0 0 15 21492407 0 0 0 0 0 0 7466791 694 0 0 
0 0 0 0 0 0 0 0 0 0 0 0 0 0 0 0 0 0 0 0 0 0 0 3 20150 0 0 6 0 0 98 15 0 5241379 8972314 7276175 0 0 0 7467654 0 0 694 0 
0 0 0 0 0 0 0 0 0 0 0 0 0 0 0 0 0 0 0 0 0 0 0 3 0 20202 20207 0 0 98 0 0 15 21519589 0 0 0 0 0 0 7478914 694 0 0 
0 0 0 0 0 0 0 0 0 0 0 0 0 0 0 0 0 0 0 0 0 0 0 3 20206 0 0 6 0 0 98 15 0 5246935 8983860 7286254 0 0 0 7479779 0 0 694 0 
0 0 0 0 0 0 0 0 0 0 0 0 0 0 0 0 0 0 0 0 0 0 0 3 0 20261 20263 0 0 98 0 0 15 21550447 0 0 0 0 0 0 7490321 694 0 0 
0 0 0 0 0 0 0 0 0 0 0 0 0 0 0 0 0 0 0 0 0 0 0 3 20262 0 0 6 0 0 98 15 0 5255060 8995298 7297547 0 0 0 7491185 0 0 694 0 
0 0 0 0 0 0 0 0 0 0 0 0 0 0 0 0 0 0 0 0 0 0 0 3 0 20318 20323 0 0 98 0 0 15 21581683 0 0 0 0 0 0 7502022 694 0 0 
0 0 0 0 0 0 0 0 0 0 0 0 0 0 0 0 0 0 0 0 0 0 0 3 20321 0 0 6 0 0 98 15 0 5263178 9007035 7308923 0 0 0 7502887 0 0 694 0 
0 0 0 0 0 0 0 0 0 0 0 0 0 0 0 0 0 0 0 0 0 0 0 3 0 20329 20331 0 0 98 0 0 15 21602695 0 0 0 0 0 0 7508935 694 0 0 
0 0 0 0 0 0 0 0 0 0 0 0 0 0 0 0 0 0 0 0 0 0 0 3 20329 0 0 6 0 0 98 15 0 5267731 9016754 7315663 0 0 0 7509801 0 0 694 0 
0 0 0 0 0 0 0 0 0 0 0 0 0 0 0 0 0 0 0 0 0 0 0 3 0 20386 20391 0 0 98 0 0 15 21627922 0 0 0 0 0 0 7520832 694 0 0 
0 0 0 0 0 0 0 0 0 0 0 0 0 0 0 0 0 0 0 0 0 0 0 3 20389 0 0 6 0 0 98 15 0 5273674 9026350 7325345 0 0 0 7521699 0 0 694 0 
0 0 0 0 0 0 0 0 0 0 0 0 0 0 0 0 0 0 0 0 0 0 0 3 0 20442 20447 0 0 98 0 0 15 21655657 0 0 0 0 0 0 7532060 694 0 0 
0 0 0 0 0 0 0 0 0 0 0 0 0 0 0 0 0 0 0 0 0 0 0 3 20445 0 0 6 0 0 98 15 0 5279437 9037142 7336523 0 0 0 7532926 0 0 694 0 
0 0 0 0 0 0 0 0 0 0 0 0 0 0 0 0 0 0 0 0 0 0 0 3 0 20498 20503 0 0 98 0 0 15 21688498 0 0 0 0 0 0 7544664 694 0 0 
0 0 0 0 0 0 0 0 0 0 0 0 0 0 0 0 0 0 0 0 0 0 0 3 20501 0 0 6 0 0 98 15 0 5287555 9049784 7348597 0 0 0 7545535 0 0 694 0 
0 0 0 0 0 0 0 0 0 0 0 0 0 0 0 0 0 0 0 0 0 0 0 3 0 20526 20531 0 0 98 0 0 15 21717196 0 0 0 0 0 0 7555636 694 0 0 
0 0 0 0 0 0 0 0 0 0 0 0 0 0 0 0 0 0 0 0 0 0 0 3 20529 0 0 6 0 0 98 15 0 5294414 9060670 7359544 0 0 0 7556506 0 0 694 0 
0 0 0 0 0 0 0 0 0 0 0 0 0 0 0 0 0 0 0 0 0 0 0 3 0 20566 20571 0 0 98 0 0 15 21737286 0 0 0 0 0 0 7564007 694 0 0 
0 0 0 0 0 0 0 0 0 0 0 0 0 0 0 0 0 0 0 0 0 0 0 3 20569 0 0 6 0 0 98 15 0 5298993 9070155 7365569 0 0 0 7564878 0 0 694 0 
0 0 0 0 0 0 0 0 0 0 0 0 0 0 0 0 0 0 0 0 0 0 0 3 0 20625 20627 0 0 98 0 0 15 21760759 0 0 0 0 0 0 7573895 694 0 0 
0 0 0 0 0 0 0 0 0 0 0 0 0 0 0 0 0 0 0 0 0 0 0 3 20625 0 0 6 0 0 98 15 0 5303822 9079083 7375282 0 0 0 7574769 0 0 694 0 
0 0 0 0 0 0 0 0 0 0 0 0 0 0 0 0 0 0 0 0 0 0 0 3 0 20680 20683 0 0 98 0 0 15 21792282 0 0 0 0 0 0 7585819 694 0 0 
0 0 0 0 0 0 0 0 0 0 0 0 0 0 0 0 0 0 0 0 0 0 0 3 20681 0 0 6 0 0 98 15 0 5311937 9091045 7386724 0 0 0 7586692 0 0 694 0 
0 0 0 0 0 0 0 0 0 0 0 0 0 0 0 0 0 0 0 0 0 0 0 3 0 20718 20719 0 0 98 0 0 15 21821966 0 0 0 0 0 0 7597275 694 0 0 
0 0 0 0 0 0 0 0 0 0 0 0 0 0 0 0 0 0 0 0 0 0 0 3 20717 0 0 6 0 0 98 15 0 5319033 9102533 7397819 0 0 0 7598150 0 0 694 0 
0 0 0 0 0 0 0 0 0 0 0 0 0 0 0 0 0 0 0 0 0 0 0 3 0 20746 20751 0 0 98 0 0 15 21843562 0 0 0 0 0 0 7605909 694 0 0 
0 0 0 0 0 0 0 0 0 0 0 0 0 0 0 0 0 0 0 0 0 0 0 3 20749 0 0 6 0 0 98 15 0 5323817 9112735 7404433 0 0 0 7606784 0 0 694 0 
0 0 0 0 0 0 0 0 0 0 0 0 0 0 0 0 0 0 0 0 0 0 0 3 0 20806 20811 0 0 98 0 0 15 21870430 0 0 0 0 0 0 7618536 694 0 0 
0 0 0 0 0 0 0 0 0 0 0 0 0 0 0 0 0 0 0 0 0 0 0 3 20809 0 0 6 0 0 98 15 0 5329566 9124633 7413650 0 0 0 7619414 0 0 694 0 
0 0 0 0 0 0 0 0 0 0 0 0 0 0 0 0 0 0 0 0 0 0 0 3 0 20861 20863 0 0 98 0 0 15 21900103 0 0 0 0 0 0 7630869 694 0 0 
0 0 0 0 0 0 0 0 0 0 0 0 0 0 0 0 0 0 0 0 0 0 0 3 20861 0 0 6 0 0 98 15 0 5336319 9136201 7425003 0 0 0 7631749 0 0 694 0 
0 0 0 0 0 0 0 0 0 0 0 0 0 0 0 0 0 0 0 0 0 0 0 3 0 20916 20919 0 0 98 0 0 15 21931514 0 0 0 0 0 0 7642781 694 0 0 
0 0 0 0 0 0 0 0 0 0 0 0 0 0 0 0 0 0 0 0 0 0 0 3 20917 0 0 6 0 0 98 15 0 5344437 9147941 7436553 0 0 0 7643663 0 0 694 0 
0 0 0 0 0 0 0 0 0 0 0 0 0 0 0 0 0 0 0 0 0 0 0 3 0 20926 20931 0 0 98 0 0 15 21947792 0 0 0 0 0 0 7650547 694 0 0 
0 0 0 0 0 0 0 0 0 0 0 0 0 0 0 0 0 0 0 0 0 0 0 3 20929 0 0 6 0 0 98 15 0 5347125 9156561 7441525 0 0 0 7651429 0 0 694 0 
0 0 0 0 0 0 0 0 0 0 0 0 0 0 0 0 0 0 0 0 0 0 0 3 0 20982 20987 0 0 98 0 0 15 21973128 0 0 0 0 0 0 7660876 694 0 0 
0 0 0 0 0 0 0 0 0 0 0 0 0 0 0 0 0 0 0 0 0 0 0 3 20985 0 0 6 0 0 98 15 0 5352573 9166280 7451690 0 0 0 7661757 0 0 694 0 
0 0 0 0 0 0 0 0 0 0 0 0 0 0 0 0 0 0 0 0 0 0 0 3 0 21040 21043 0 0 98 0 0 15 22004675 0 0 0 0 0 0 7672749 694 0 0 
0 0 0 0 0 0 0 0 0 0 0 0 0 0 0 0 0 0 0 0 0 0 0 3 21041 0 0 6 0 0 98 15 0 5360695 9178185 7463206 0 0 0 7673628 0 0 694 0 
0 0 0 0 0 0 0 0 0 0 0 0 0 0 0 0 0 0 0 0 0 0 0 3 0 21070 21075 0 0 98 0 0 15 22034856 0 0 0 0 0 0 7684570 694 0 0 
0 0 0 0 0 0 0 0 0 0 0 0 0 0 0 0 0 0 0 0 0 0 0 3 21073 0 0 6 0 0 98 15 0 5367558 9189924 7474785 0 0 0 7685447 0 0 694 0 
0 0 0 0 0 0 0 0 0 0 0 0 0 0 0 0 0 0 0 0 0 0 0 3 0 21106 21111 0 0 98 0 0 15 22054049 0 0 0 0 0 0 7692378 694 0 0 
0 0 0 0 0 0 0 0 0 0 0 0 0 0 0 0 0 0 0 0 0 0 0 3 21109 0 0 6 0 0 98 15 0 5372093 9198912 7480454 0 0 0 7693255 0 0 694 0 
0 0 0 0 0 0 0 0 0 0 0 0 0 0 0 0 0 0 0 0 0 0 0 3 0 21166 21171 0 0 98 0 0 15 22082108 0 0 0 0 0 0 7703467 694 0 0 
0 0 0 0 0 0 0 0 0 0 0 0 0 0 0 0 0 0 0 0 0 0 0 3 21169 0 0 6 0 0 98 15 0 5379100 9209450 7490966 0 0 0 7704348 0 0 694 0 
0 0 0 0 0 0 0 0 0 0 0 0 0 0 0 0 0 0 0 0 0 0 0 3 0 21222 21227 0 0 98 0 0 15 22107987 0 0 0 0 0 0 7713458 694 0 0 
0 0 0 0 0 0 0 0 0 0 0 0 0 0 0 0 0 0 0 0 0 0 0 3 21225 0 0 6 0 0 98 15 0 5385077 9219000 7501312 0 0 0 7714339 0 0 694 0 
0 0 0 0 0 0 0 0 0 0 0 0 0 0 0 0 0 0 0 0 0 0 0 3 0 21278 21283 0 0 98 0 0 15 22138256 0 0 0 0 0 0 7724575 694 0 0 
0 0 0 0 0 0 0 0 0 0 0 0 0 0 0 0 0 0 0 0 0 0 0 3 21281 0 0 6 0 0 98 15 0 5393194 9230152 7512306 0 0 0 7725458 0 0 694 0 
0 0 0 0 0 0 0 0 0 0 0 0 0 0 0 0 0 0 0 0 0 0 0 3 0 21289 21291 0 0 98 0 0 15 22159675 0 0 0 0 0 0 7731919 694 0 0 
0 0 0 0 0 0 0 0 0 0 0 0 0 0 0 0 0 0 0 0 0 0 0 3 21289 0 0 6 0 0 98 15 0 5397747 9240021 7519307 0 0 0 7732802 0 0 694 0 
0 0 0 0 0 0 0 0 0 0 0 0 0 0 0 0 0 0 0 0 0 0 0 3 0 21346 21351 0 0 98 0 0 15 22183606 0 0 0 0 0 0 7743318 694 0 0 
0 0 0 0 0 0 0 0 0 0 0 0 0 0 0 0 0 0 0 0 0 0 0 3 21349 0 0 6 0 0 98 15 0 5403039 9249560 7528404 0 0 0 7744200 0 0 694 0 
0 0 0 0 0 0 0 0 0 0 0 0 0 0 0 0 0 0 0 0 0 0 0 3 0 21402 21407 0 0 98 0 0 15 22211332 0 0 0 0 0 0 7754090 694 0 0 
0 0 0 0 0 0 0 0 0 0 0 0 0 0 0 0 0 0 0 0 0 0 0 3 21405 0 0 6 0 0 98 15 0 5409455 9259741 7539531 0 0 0 7754977 0 0 694 0 
0 0 0 0 0 0 0 0 0 0 0 0 0 0 0 0 0 0 0 0 0 0 0 3 0 21458 21463 0 0 98 0 0 15 22243666 0 0 0 0 0 0 7766665 694 0 0 
0 0 0 0 0 0 0 0 0 0 0 0 0 0 0 0 0 0 0 0 0 0 0 3 21461 0 0 6 0 0 98 15 0 5417571 9272351 7551139 0 0 0 7767553 0 0 694 0 
0 0 0 0 0 0 0 0 0 0 0 0 0 0 0 0 0 0 0 0 0 0 0 3 0 21470 21475 0 0 98 0 0 15 22265611 0 0 0 0 0 0 7774241 694 0 0 
0 0 0 0 0 0 0 0 0 0 0 0 0 0 0 0 0 0 0 0 0 0 0 3 21473 0 0 6 0 0 98 15 0 5422297 9282804 7557902 0 0 0 7775129 0 0 694 0 
0 0 0 0 0 0 0 0 0 0 0 0 0 0 0 0 0 0 0 0 0 0 0 3 0 21526 21531 0 0 98 0 0 15 22288014 0 0 0 0 0 0 7784330 694 0 0 
0 0 0 0 0 0 0 0 0 0 0 0 0 0 0 0 0 0 0 0 0 0 0 3 21529 0 0 6 0 0 98 15 0 5427942 9290462 7567005 0 0 0 7785221 0 0 694 0 
0 0 0 0 0 0 0 0 0 0 0 0 0 0 0 0 0 0 0 0 0 0 0 3 0 21582 21587 0 0 98 0 0 15 22314992 0 0 0 0 0 0 7794958 694 0 0 
0 0 0 0 0 0 0 0 0 0 0 0 0 0 0 0 0 0 0 0 0 0 0 3 21585 0 0 6 0 0 98 15 0 5433832 9300715 7577837 0 0 0 7795849 0 0 694 0 
0 0 0 0 0 0 0 0 0 0 0 0 0 0 0 0 0 0 0 0 0 0 0 3 0 21638 21643 0 0 98 0 0 15 22346941 0 0 0 0 0 0 7806965 694 0 0 
0 0 0 0 0 0 0 0 0 0 0 0 0 0 0 0 0 0 0 0 0 0 0 3 21641 0 0 6 0 0 98 15 0 5441950 9312757 7589622 0 0 0 7807855 0 0 694 0 
0 0 0 0 0 0 0 0 0 0 0 0 0 0 0 0 0 0 0 0 0 0 0 3 0 21649 21651 0 0 98 0 0 15 22367341 0 0 0 0 0 0 7813971 694 0 0 
0 0 0 0 0 0 0 0 0 0 0 0 0 0 0 0 0 0 0 0 0 0 0 3 21649 0 0 6 0 0 98 15 0 5446502 9322201 7596027 0 0 0 7814861 0 0 694 0 
0 0 0 0 0 0 0 0 0 0 0 0 0 0 0 0 0 0 0 0 0 0 0 3 0 21706 21711 0 0 98 0 0 15 22391353 0 0 0 0 0 0 7824333 694 0 0 
0 0 0 0 0 0 0 0 0 0 0 0 0 0 0 0 0 0 0 0 0 0 0 3 21709 0 0 6 0 0 98 15 0 5452375 9330588 7605775 0 0 0 7825225 0 0 694 0 
0 0 0 0 0 0 0 0 0 0 0 0 0 0 0 0 0 0 0 0 0 0 0 3 0 21762 21767 0 0 98 0 0 15 22418848 0 0 0 0 0 0 7835816 694 0 0 
0 0 0 0 0 0 0 0 0 0 0 0 0 0 0 0 0 0 0 0 0 0 0 3 21765 0 0 6 0 0 98 15 0 5458211 9341679 7616342 0 0 0 7836710 0 0 694 0 
0 0 0 0 0 0 0 0 0 0 0 0 0 0 0 0 0 0 0 0 0 0 0 3 0 21818 21823 0 0 98 0 0 15 22450213 0 0 0 0 0 0 7847756 694 0 0 
0 0 0 0 0 0 0 0 0 0 0 0 0 0 0 0 0 0 0 0 0 0 0 3 21821 0 0 6 0 0 98 15 0 5466330 9353654 7627616 0 0 0 7848651 0 0 694 0 
0 0 0 0 0 0 0 0 0 0 0 0 0 0 0 0 0 0 0 0 0 0 0 3 0 21829 21831 0 0 98 0 0 15 22470825 0 0 0 0 0 0 7855040 694 0 0 
0 0 0 0 0 0 0 0 0 0 0 0 0 0 0 0 0 0 0 0 0 0 0 3 21829 0 0 6 0 0 98 15 0 5470883 9363354 7633975 0 0 0 7855935 0 0 694 0 
0 0 0 0 0 0 0 0 0 0 0 0 0 0 0 0 0 0 0 0 0 0 0 3 0 21886 21891 0 0 98 0 0 15 22493841 0 0 0 0 0 0 7865257 694 0 0 
0 0 0 0 0 0 0 0 0 0 0 0 0 0 0 0 0 0 0 0 0 0 0 3 21889 0 0 6 0 0 98 15 0 5476715 9371591 7642916 0 0 0 7866154 0 0 694 0 
0 0 0 0 0 0 0 0 0 0 0 0 0 0 0 0 0 0 0 0 0 0 0 3 0 21942 21947 0 0 98 0 0 15 22520612 0 0 0 0 0 0 7876192 694 0 0 
0 0 0 0 0 0 0 0 0 0 0 0 0 0 0 0 0 0 0 0 0 0 0 3 21945 0 0 6 0 0 98 15 0 5482588 9382164 7653240 0 0 0 7877092 0 0 694 0 
0 0 0 0 0 0 0 0 0 0 0 0 0 0 0 0 0 0 0 0 0 0 0 3 0 21998 22003 0 0 98 0 0 15 22552517 0 0 0 0 0 0 7888593 694 0 0 
0 0 0 0 0 0 0 0 0 0 0 0 0 0 0 0 0 0 0 0 0 0 0 3 22001 0 0 6 0 0 98 15 0 5490706 9394601 7664590 0 0 0 7889495 0 0 694 0 
0 0 0 0 0 0 0 0 0 0 0 0 0 0 0 0 0 0 0 0 0 0 0 3 0 22009 22011 0 0 98 0 0 15 22572901 0 0 0 0 0 0 7896026 694 0 0 
0 0 0 0 0 0 0 0 0 0 0 0 0 0 0 0 0 0 0 0 0 0 0 3 22009 0 0 6 0 0 98 15 0 5495257 9404283 7670738 0 0 0 7896928 0 0 694 0 
0 0 0 0 0 0 0 0 0 0 0 0 0 0 0 0 0 0 0 0 0 0 0 3 0 22066 22071 0 0 98 0 0 15 22596923 0 0 0 0 0 0 7906225 694 0 0 
0 0 0 0 0 0 0 0 0 0 0 0 0 0 0 0 0 0 0 0 0 0 0 3 22069 0 0 6 0 0 98 15 0 5501079 9412749 7680470 0 0 0 7907132 0 0 694 0 
0 0 0 0 0 0 0 0 0 0 0 0 0 0 0 0 0 0 0 0 0 0 0 3 0 22121 22127 0 0 98 0 0 15 22623892 0 0 0 0 0 0 7916973 694 0 0 
0 0 0 0 0 0 0 0 0 0 0 0 0 0 0 0 0 0 0 0 0 0 0 3 22125 0 0 6 0 0 98 15 0 5506964 9423055 7691245 0 0 0 7917884 0 0 694 0 
0 0 0 0 0 0 0 0 0 0 0 0 0 0 0 0 0 0 0 0 0 0 0 3 0 22177 22183 0 0 98 0 0 15 22656542 0 0 0 0 0 0 7929630 694 0 0 
0 0 0 0 0 0 0 0 0 0 0 0 0 0 0 0 0 0 0 0 0 0 0 3 22181 0 0 6 0 0 98 15 0 5515083 9435746 7703080 0 0 0 7930542 0 0 694 0 
0 0 0 0 0 0 0 0 0 0 0 0 0 0 0 0 0 0 0 0 0 0 0 3 0 22188 22191 0 0 98 0 0 15 22677690 0 0 0 0 0 0 7937112 694 0 0 
0 0 0 0 0 0 0 0 0 0 0 0 0 0 0 0 0 0 0 0 0 0 0 3 22189 0 0 6 0 0 98 15 0 5519635 9445731 7709690 0 0 0 7938024 0 0 694 0 
0 0 0 0 0 0 0 0 0 0 0 0 0 0 0 0 0 0 0 0 0 0 0 3 0 22245 22251 0 0 98 0 0 15 22703214 0 0 0 0 0 0 7947911 694 0 0 
0 0 0 0 0 0 0 0 0 0 0 0 0 0 0 0 0 0 0 0 0 0 0 3 22249 0 0 6 0 0 98 15 0 5525729 9454583 7720266 0 0 0 7948824 0 0 694 0 
0 0 0 0 0 0 0 0 0 0 0 0 0 0 0 0 0 0 0 0 0 0 0 3 0 22301 22307 0 0 98 0 0 15 22731283 0 0 0 0 0 0 7960272 694 0 0 
0 0 0 0 0 0 0 0 0 0 0 0 0 0 0 0 0 0 0 0 0 0 0 3 22305 0 0 6 0 0 98 15 0 5531344 9466458 7730845 0 0 0 7961187 0 0 694 0 
0 0 0 0 0 0 0 0 0 0 0 0 0 0 0 0 0 0 0 0 0 0 0 3 0 22357 22363 0 0 98 0 0 15 22762386 0 0 0 0 0 0 7972118 694 0 0 
0 0 0 0 0 0 0 0 0 0 0 0 0 0 0 0 0 0 0 0 0 0 0 3 22361 0 0 6 0 0 98 15 0 5539462 9478339 7741949 0 0 0 7973033 0 0 694 0 
0 0 0 0 0 0 0 0 0 0 0 0 0 0 0 0 0 0 0 0 0 0 0 3 0 22389 22391 0 0 98 0 0 15 22791594 0 0 0 0 0 0 7983658 694 0 0 
0 0 0 0 0 0 0 0 0 0 0 0 0 0 0 0 0 0 0 0 0 0 0 3 22389 0 0 6 0 0 98 15 0 5546326 9489793 7752837 0 0 0 7984578 0 0 694 0 
0 0 0 0 0 0 0 0 0 0 0 0 0 0 0 0 0 0 0 0 0 0 0 3 0 22425 22431 0 0 98 0 0 15 22808353 0 0 0 0 0 0 7989947 694 0 0 
0 0 0 0 0 0 0 0 0 0 0 0 0 0 0 0 0 0 0 0 0 0 0 3 22429 0 0 6 0 0 98 15 0 5550390 9496854 7758472 0 0 0 7990867 0 0 694 0 
0 0 0 0 0 0 0 0 0 0 0 0 0 0 0 0 0 0 0 0 0 0 0 3 0 22484 22487 0 0 98 0 0 15 22833661 0 0 0 0 0 0 8000531 694 0 0 
0 0 0 0 0 0 0 0 0 0 0 0 0 0 0 0 0 0 0 0 0 0 0 3 22485 0 0 6 0 0 98 15 0 5555730 9506824 7768468 0 0 0 8001454 0 0 694 0 
0 0 0 0 0 0 0 0 0 0 0 0 0 0 0 0 0 0 0 0 0 0 0 3 0 22537 22543 0 0 98 0 0 15 22864661 0 0 0 0 0 0 8012061 694 0 0 
0 0 0 0 0 0 0 0 0 0 0 0 0 0 0 0 0 0 0 0 0 0 0 3 22541 0 0 6 0 0 98 15 0 5563840 9518395 7779785 0 0 0 8012986 0 0 694 0 
0 0 0 0 0 0 0 0 0 0 0 0 0 0 0 0 0 0 0 0 0 0 0 3 0 22557 22563 0 0 98 0 0 15 22893168 0 0 0 0 0 0 8023404 694 0 0 
0 0 0 0 0 0 0 0 0 0 0 0 0 0 0 0 0 0 0 0 0 0 0 3 22561 0 0 6 0 0 98 15 0 5570466 9530210 7789848 0 0 0 8024336 0 0 694 0 
0 0 0 0 0 0 0 0 0 0 0 0 0 0 0 0 0 0 0 0 0 0 0 3 0 22605 22611 0 0 98 0 0 15 22914646 0 0 0 0 0 0 8031115 694 0 0 
0 0 0 0 0 0 0 0 0 0 0 0 0 0 0 0 0 0 0 0 0 0 0 3 22609 0 0 6 0 0 98 15 0 5575936 9538912 7797157 0 0 0 8032046 0 0 694 0 
0 0 0 0 0 0 0 0 0 0 0 0 0 0 0 0 0 0 0 0 0 0 0 3 0 22661 22666 0 0 98 0 0 15 22937224 0 0 0 0 0 0 8041700 694 0 0 
0 0 0 0 0 0 0 0 0 0 0 0 0 0 0 0 0 0 0 0 0 0 0 3 22665 0 0 6 0 0 98 15 0 5580102 9548109 7806374 0 0 0 8042633 0 0 694 0 
0 0 0 0 0 0 0 0 0 0 0 0 0 0 0 0 0 0 0 0 0 0 0 3 0 22717 22722 0 0 98 0 0 15 22970346 0 0 0 0 0 0 8055597 694 0 0 
0 0 0 0 0 0 0 0 0 0 0 0 0 0 0 0 0 0 0 0 0 0 0 3 22721 0 0 6 0 0 98 15 0 5588221 9562042 7817448 0 0 0 8056533 0 0 694 0 
0 0 0 0 0 0 0 0 0 0 0 0 0 0 0 0 0 0 0 0 0 0 0 3 0 22745 22750 0 0 98 0 0 15 23000123 0 0 0 0 0 0 8067557 694 0 0 
0 0 0 0 0 0 0 0 0 0 0 0 0 0 0 0 0 0 0 0 0 0 0 3 22749 0 0 6 0 0 98 15 0 5595080 9573917 7828495 0 0 0 8068495 0 0 694 0 
0 0 0 0 0 0 0 0 0 0 0 0 0 0 0 0 0 0 0 0 0 0 0 3 0 22785 22790 0 0 98 0 0 15 23016604 0 0 0 0 0 0 8074234 694 0 0 
0 0 0 0 0 0 0 0 0 0 0 0 0 0 0 0 0 0 0 0 0 0 0 3 22789 0 0 6 0 0 98 15 0 5598985 9581342 7833645 0 0 0 8075173 0 0 694 0 
0 0 0 0 0 0 0 0 0 0 0 0 0 0 0 0 0 0 0 0 0 0 0 3 0 22844 22846 0 0 98 0 0 15 23042600 0 0 0 0 0 0 8085085 694 0 0 
0 0 0 0 0 0 0 0 0 0 0 0 0 0 0 0 0 0 0 0 0 0 0 3 22845 0 0 6 0 0 98 15 0 5604489 9591599 7843872 0 0 0 8086028 0 0 694 0 
0 0 0 0 0 0 0 0 0 0 0 0 0 0 0 0 0 0 0 0 0 0 0 3 0 22901 22906 0 0 98 0 0 15 23074499 0 0 0 0 0 0 8097193 694 0 0 
0 0 0 0 0 0 0 0 0 0 0 0 0 0 0 0 0 0 0 0 0 0 0 3 22905 0 0 6 0 0 98 15 0 5612607 9603746 7855501 0 0 0 8098139 0 0 694 0 
0 0 0 0 0 0 0 0 0 0 0 0 0 0 0 0 0 0 0 0 0 0 0 3 0 22956 22958 0 0 98 0 0 15 23106027 0 0 0 0 0 0 8109587 694 0 0 
0 0 0 0 0 0 0 0 0 0 0 0 0 0 0 0 0 0 0 0 0 0 0 3 22957 0 0 6 0 0 98 15 0 5620724 9616160 7866498 0 0 0 8110536 0 0 694 0 
0 0 0 0 0 0 0 0 0 0 0 0 0 0 0 0 0 0 0 0 0 0 0 3 0 22968 22970 0 0 98 0 0 15 23127736 0 0 0 0 0 0 8117023 694 0 0 
0 0 0 0 0 0 0 0 0 0 0 0 0 0 0 0 0 0 0 0 0 0 0 3 22969 0 0 6 0 0 98 15 0 5625278 9626429 7873385 0 0 0 8117973 0 0 694 0 
0 0 0 0 0 0 0 0 0 0 0 0 0 0 0 0 0 0 0 0 0 0 0 3 0 23025 23030 0 0 98 0 0 15 23152460 0 0 0 0 0 0 8128278 694 0 0 
0 0 0 0 0 0 0 0 0 0 0 0 0 0 0 0 0 0 0 0 0 0 0 3 23029 0 0 6 0 0 98 15 0 5631201 9635348 7883263 0 0 0 8129225 0 0 694 0 
0 0 0 0 0 0 0 0 0 0 0 0 0 0 0 0 0 0 0 0 0 0 0 3 0 23081 23086 0 0 98 0 0 15 23178708 0 0 0 0 0 0 8138437 694 0 0 
0 0 0 0 0 0 0 0 0 0 0 0 0 0 0 0 0 0 0 0 0 0 0 3 23085 0 0 6 0 0 98 15 0 5636986 9645095 7893976 0 0 0 8139385 0 0 694 0 
0 0 0 0 0 0 0 0 0 0 0 0 0 0 0 0 0 0 0 0 0 0 0 3 0 23137 23142 0 0 98 0 0 15 23210764 0 0 0 0 0 0 8150714 694 0 0 
0 0 0 0 0 0 0 0 0 0 0 0 0 0 0 0 0 0 0 0 0 0 0 3 23141 0 0 6 0 0 98 15 0 5645104 9657407 7905599 0 0 0 8151662 0 0 694 0 
0 0 0 0 0 0 0 0 0 0 0 0 0 0 0 0 0 0 0 0 0 0 0 3 0 23157 23162 0 0 98 0 0 15 23239111 0 0 0 0 0 0 8161290 694 0 0 
0 0 0 0 0 0 0 0 0 0 0 0 0 0 0 0 0 0 0 0 0 0 0 3 23161 0 0 6 0 0 98 15 0 5651730 9668708 7916018 0 0 0 8162248 0 0 694 0 
0 0 0 0 0 0 0 0 0 0 0 0 0 0 0 0 0 0 0 0 0 0 0 3 0 23205 23210 0 0 98 0 0 15 23260468 0 0 0 0 0 0 8168894 694 0 0 
0 0 0 0 0 0 0 0 0 0 0 0 0 0 0 0 0 0 0 0 0 0 0 3 23209 0 0 6 0 0 98 15 0 5657076 9677332 7923401 0 0 0 8169848 0 0 694 0 
0 0 0 0 0 0 0 0 0 0 0 0 0 0 0 0 0 0 0 0 0 0 0 3 0 23265 23270 0 0 98 0 0 15 23282980 0 0 0 0 0 0 8178557 694 0 0 
0 0 0 0 0 0 0 0 0 0 0 0 0 0 0 0 0 0 0 0 0 0 0 3 23269 0 0 6 0 0 98 15 0 5661587 9685763 7932972 0 0 0 8179511 0 0 694 0 
0 0 0 0 0 0 0 0 0 0 0 0 0 0 0 0 0 0 0 0 0 0 0 3 0 23319 23322 0 0 98 0 0 15 23313268 0 0 0 0 0 0 8190104 694 0 0 
0 0 0 0 0 0 0 0 0 0 0 0 0 0 0 0 0 0 0 0 0 0 0 3 23321 0 0 6 0 0 98 15 0 5669487 9696904 7944211 0 0 0 8191058 0 0 694 0 
0 0 0 0 0 0 0 0 0 0 0 0 0 0 0 0 0 0 0 0 0 0 0 3 0 23365 23366 0 0 98 0 0 15 23343862 0 0 0 0 0 0 8202098 694 0 0 
0 0 0 0 0 0 0 0 0 0 0 0 0 0 0 0 0 0 0 0 0 0 0 3 23365 0 0 6 0 0 98 15 0 5677079 9708794 7955321 0 0 0 8203054 0 0 694 0 
0 0 0 0 0 0 0 0 0 0 0 0 0 0 0 0 0 0 0 0 0 0 0 3 0 23388 23390 0 0 98 0 0 15 23365999 0 0 0 0 0 0 8209315 694 0 0 
0 0 0 0 0 0 0 0 0 0 0 0 0 0 0 0 0 0 0 0 0 0 0 3 23389 0 0 6 0 0 98 15 0 5682162 9718578 7962591 0 0 0 8210271 0 0 694 0 
0 0 0 0 0 0 0 0 0 0 0 0 0 0 0 0 0 0 0 0 0 0 0 3 0 23445 23450 0 0 98 0 0 15 23390300 0 0 0 0 0 0 8219995 694 0 0 
0 0 0 0 0 0 0 0 0 0 0 0 0 0 0 0 0 0 0 0 0 0 0 3 23449 0 0 6 0 0 98 15 0 5687865 9727327 7972428 0 0 0 8220952 0 0 694 0 
0 0 0 0 0 0 0 0 0 0 0 0 0 0 0 0 0 0 0 0 0 0 0 3 0 23501 23506 0 0 98 0 0 15 23417158 0 0 0 0 0 0 8230270 694 0 0 
0 0 0 0 0 0 0 0 0 0 0 0 0 0 0 0 0 0 0 0 0 0 0 3 23505 0 0 6 0 0 98 15 0 5693867 9737175 7983436 0 0 0 8231227 0 0 694 0 
0 0 0 0 0 0 0 0 0 0 0 0 0 0 0 0 0 0 0 0 0 0 0 3 0 23557 23562 0 0 98 0 0 15 23449164 0 0 0 0 0 0 8242481 694 0 0 
0 0 0 0 0 0 0 0 0 0 0 0 0 0 0 0 0 0 0 0 0 0 0 3 23561 0 0 6 0 0 98 15 0 5701985 9749425 7995068 0 0 0 8243441 0 0 694 0 
0 0 0 0 0 0 0 0 0 0 0 0 0 0 0 0 0 0 0 0 0 0 0 3 0 23585 23586 0 0 98 0 0 15 23478276 0 0 0 0 0 0 8253671 694 0 0 
0 0 0 0 0 0 0 0 0 0 0 0 0 0 0 0 0 0 0 0 0 0 0 3 23585 0 0 6 0 0 98 15 0 5708844 9760523 8006217 0 0 0 8254630 0 0 694 0 
0 0 0 0 0 0 0 0 0 0 0 0 0 0 0 0 0 0 0 0 0 0 0 3 0 23625 23630 0 0 98 0 0 15 23497839 0 0 0 0 0 0 8261644 694 0 0 
0 0 0 0 0 0 0 0 0 0 0 0 0 0 0 0 0 0 0 0 0 0 0 3 23629 0 0 6 0 0 98 15 0 5713368 9769588 8012192 0 0 0 8262603 0 0 694 0 
0 0 0 0 0 0 0 0 0 0 0 0 0 0 0 0 0 0 0 0 0 0 0 3 0 23685 23690 0 0 98 0 0 15 23525175 0 0 0 0 0 0 8272879 694 0 0 
0 0 0 0 0 0 0 0 0 0 0 0 0 0 0 0 0 0 0 0 0 0 0 3 23689 0 0 6 0 0 98 15 0 5719743 9780589 8022149 0 0 0 8273843 0 0 694 0 
0 0 0 0 0 0 0 0 0 0 0 0 0 0 0 0 0 0 0 0 0 0 0 3 0 23741 23742 0 0 98 0 0 15 23552922 0 0 0 0 0 0 8283958 694 0 0 
0 0 0 0 0 0 0 0 0 0 0 0 0 0 0 0 0 0 0 0 0 0 0 3 23741 0 0 6 0 0 98 15 0 5726372 9791005 8032846 0 0 0 8284926 0 0 694 0 
0 0 0 0 0 0 0 0 0 0 0 0 0 0 0 0 0 0 0 0 0 0 0 3 0 23797 23802 0 0 98 0 0 15 23585251 0 0 0 0 0 0 8296245 694 0 0 
0 0 0 0 0 0 0 0 0 0 0 0 0 0 0 0 0 0 0 0 0 0 0 3 23801 0 0 6 0 0 98 15 0 5734491 9803334 8044715 0 0 0 8297217 0 0 694 0 
0 0 0 0 0 0 0 0 0 0 0 0 0 0 0 0 0 0 0 0 0 0 0 3 0 23809 23814 0 0 98 0 0 15 23609918 0 0 0 0 0 0 8305003 694 0 0 
0 0 0 0 0 0 0 0 0 0 0 0 0 0 0 0 0 0 0 0 0 0 0 3 23813 0 0 6 0 0 98 15 0 5740251 9814688 8052267 0 0 0 8305976 0 0 694 0 
0 0 0 0 0 0 0 0 0 0 0 0 0 0 0 0 0 0 0 0 0 0 0 3 0 23864 23870 0 0 98 0 0 15 23633031 0 0 0 0 0 0 8316224 694 0 0 
0 0 0 0 0 0 0 0 0 0 0 0 0 0 0 0 0 0 0 0 0 0 0 3 23869 0 0 6 0 0 98 15 0 5745074 9823924 8061324 0 0 0 8317200 0 0 694 0 
0 0 0 0 0 0 0 0 0 0 0 0 0 0 0 0 0 0 0 0 0 0 0 3 0 23923 23926 0 0 98 0 0 15 23658641 0 0 0 0 0 0 8326251 694 0 0 
0 0 0 0 0 0 0 0 0 0 0 0 0 0 0 0 0 0 0 0 0 0 0 3 23925 0 0 6 0 0 98 15 0 5750761 9833407 8071760 0 0 0 8327227 0 0 694 0 
0 0 0 0 0 0 0 0 0 0 0 0 0 0 0 0 0 0 0 0 0 0 0 3 0 23979 23982 0 0 98 0 0 15 23690862 0 0 0 0 0 0 8338886 694 0 0 
0 0 0 0 0 0 0 0 0 0 0 0 0 0 0 0 0 0 0 0 0 0 0 3 23981 0 0 6 0 0 98 15 0 5758877 9846080 8083189 0 0 0 8339865 0 0 694 0 
0 0 0 0 0 0 0 0 0 0 0 0 0 0 0 0 0 0 0 0 0 0 0 3 0 24034 24038 0 0 98 0 0 15 23722293 0 0 0 0 0 0 8351083 694 0 0 
0 0 0 0 0 0 0 0 0 0 0 0 0 0 0 0 0 0 0 0 0 0 0 3 24037 0 0 6 0 0 98 15 0 5766993 9858115 8094466 0 0 0 8352060 0 0 694 0 
0 0 0 0 0 0 0 0 0 0 0 0 0 0 0 0 0 0 0 0 0 0 0 3 0 24047 24050 0 0 98 0 0 15 23744760 0 0 0 0 0 0 8359050 694 0 0 
0 0 0 0 0 0 0 0 0 0 0 0 0 0 0 0 0 0 0 0 0 0 0 3 24049 0 0 6 0 0 98 15 0 5771548 9869014 8101478 0 0 0 8360028 0 0 694 0 
0 0 0 0 0 0 0 0 0 0 0 0 0 0 0 0 0 0 0 0 0 0 0 3 0 24104 24110 0 0 98 0 0 15 23766590 0 0 0 0 0 0 8368451 694 0 0 
0 0 0 0 0 0 0 0 0 0 0 0 0 0 0 0 0 0 0 0 0 0 0 3 24109 0 0 6 0 0 98 15 0 5777040 9876260 8110567 0 0 0 8369429 0 0 694 0 
0 0 0 0 0 0 0 0 0 0 0 0 0 0 0 0 0 0 0 0 0 0 0 3 0 24160 24166 0 0 98 0 0 15 23793401 0 0 0 0 0 0 8378805 694 0 0 
0 0 0 0 0 0 0 0 0 0 0 0 0 0 0 0 0 0 0 0 0 0 0 3 24165 0 0 6 0 0 98 15 0 5783253 9886109 8121310 0 0 0 8379787 0 0 694 0 
0 0 0 0 0 0 0 0 0 0 0 0 0 0 0 0 0 0 0 0 0 0 0 3 0 24216 24222 0 0 98 0 0 15 23824238 0 0 0 0 0 0 8390037 694 0 0 
0 0 0 0 0 0 0 0 0 0 0 0 0 0 0 0 0 0 0 0 0 0 0 3 24221 0 0 6 0 0 98 15 0 5791371 9897375 8132757 0 0 0 8391019 0 0 694 0 
0 0 0 0 0 0 0 0 0 0 0 0 0 0 0 0 0 0 0 0 0 0 0 3 0 24235 24238 0 0 98 0 0 15 23853038 0 0 0 0 0 0 8400839 694 0 0 
0 0 0 0 0 0 0 0 0 0 0 0 0 0 0 0 0 0 0 0 0 0 0 3 24237 0 0 6 0 0 98 15 0 5797964 9910056 8142280 0 0 0 8401825 0 0 694 0 
0 0 0 0 0 0 0 0 0 0 0 0 0 0 0 0 0 0 0 0 0 0 0 3 0 24284 24290 0 0 98 0 0 15 23873761 0 0 0 0 0 0 8409632 694 0 0 
0 0 0 0 0 0 0 0 0 0 0 0 0 0 0 0 0 0 0 0 0 0 0 3 24289 0 0 6 0 0 98 15 0 5802621 9918135 8150270 0 0 0 8410619 0 0 694 0 
0 0 0 0 0 0 0 0 0 0 0 0 0 0 0 0 0 0 0 0 0 0 0 3 0 24344 24350 0 0 98 0 0 15 23901764 0 0 0 0 0 0 8420320 694 0 0 
0 0 0 0 0 0 0 0 0 0 0 0 0 0 0 0 0 0 0 0 0 0 0 3 24349 0 0 6 0 0 98 15 0 5809766 9928257 8161006 0 0 0 8421308 0 0 694 0 
0 0 0 0 0 0 0 0 0 0 0 0 0 0 0 0 0 0 0 0 0 0 0 3 0 24400 24406 0 0 98 0 0 15 23930570 0 0 0 0 0 0 8432328 694 0 0 
0 0 0 0 0 0 0 0 0 0 0 0 0 0 0 0 0 0 0 0 0 0 0 3 24405 0 0 6 0 0 98 15 0 5815757 9939776 8172302 0 0 0 8433321 0 0 694 0 
0 0 0 0 0 0 0 0 0 0 0 0 0 0 0 0 0 0 0 0 0 0 0 3 0 24456 24462 0 0 98 0 0 15 23962402 0 0 0 0 0 0 8444668 694 0 0 
0 0 0 0 0 0 0 0 0 0 0 0 0 0 0 0 0 0 0 0 0 0 0 3 24461 0 0 6 0 0 98 15 0 5823875 9952150 8183641 0 0 0 8445662 0 0 694 0 
0 0 0 0 0 0 0 0 0 0 0 0 0 0 0 0 0 0 0 0 0 0 0 3 0 24484 24490 0 0 98 0 0 15 23992321 0 0 0 0 0 0 8456362 694 0 0 
0 0 0 0 0 0 0 0 0 0 0 0 0 0 0 0 0 0 0 0 0 0 0 3 24489 0 0 6 0 0 98 15 0 5830733 9963761 8195087 0 0 0 8457360 0 0 694 0 
0 0 0 0 0 0 0 0 0 0 0 0 0 0 0 0 0 0 0 0 0 0 0 3 0 24524 24530 0 0 98 0 0 15 24009389 0 0 0 0 0 0 8462792 694 0 0 
0 0 0 0 0 0 0 0 0 0 0 0 0 0 0 0 0 0 0 0 0 0 0 3 24529 0 0 6 0 0 98 15 0 5834576 9970899 8201174 0 0 0 8463790 0 0 694 0 
0 0 0 0 0 0 0 0 0 0 0 0 0 0 0 0 0 0 0 0 0 0 0 3 0 24580 24586 0 0 98 0 0 15 24036278 0 0 0 0 0 0 8474558 694 0 0 
0 0 0 0 0 0 0 0 0 0 0 0 0 0 0 0 0 0 0 0 0 0 0 3 24585 0 0 6 0 0 98 15 0 5840135 9982114 8211288 0 0 0 8475559 0 0 694 0 
0 0 0 0 0 0 0 0 0 0 0 0 0 0 0 0 0 0 0 0 0 0 0 3 0 24639 24642 0 0 98 0 0 15 24068020 0 0 0 0 0 0 8486897 694 0 0 
0 0 0 0 0 0 0 0 0 0 0 0 0 0 0 0 0 0 0 0 0 0 0 3 24641 0 0 6 0 0 98 15 0 5848259 9994487 8222531 0 0 0 8487900 0 0 694 0 
0 0 0 0 0 0 0 0 0 0 0 0 0 0 0 0 0 0 0 0 0 0 0 3 0 24684 24686 0 0 98 0 0 15 24099087 0 0 0 0 0 0 8499414 694 0 0 
0 0 0 0 0 0 0 0 0 0 0 0 0 0 0 0 0 0 0 0 0 0 0 3 24685 0 0 6 0 0 98 15 0 5855748 10006956 8233633 0 0 0 8500422 0 0 694 0 
0 0 0 0 0 0 0 0 0 0 0 0 0 0 0 0 0 0 0 0 0 0 0 3 0 24707 24710 0 0 98 0 0 15 24121358 0 0 0 0 0 0 8507171 694 0 0 
0 0 0 0 0 0 0 0 0 0 0 0 0 0 0 0 0 0 0 0 0 0 0 3 24709 0 0 6 0 0 98 15 0 5860931 10017087 8240590 0 0 0 8508179 0 0 694 0 
0 0 0 0 0 0 0 0 0 0 0 0 0 0 0 0 0 0 0 0 0 0 0 3 0 24764 24770 0 0 98 0 0 15 24146869 0 0 0 0 0 0 8518712 694 0 0 
0 0 0 0 0 0 0 0 0 0 0 0 0 0 0 0 0 0 0 0 0 0 0 3 24769 0 0 6 0 0 98 15 0 5866821 10026856 8250441 0 0 0 8519723 0 0 694 0 
0 0 0 0 0 0 0 0 0 0 0 0 0 0 0 0 0 0 0 0 0 0 0 3 0 24820 24826 0 0 98 0 0 15 24174985 0 0 0 0 0 0 8530363 694 0 0 
0 0 0 0 0 0 0 0 0 0 0 0 0 0 0 0 0 0 0 0 0 0 0 3 24825 0 0 6 0 0 98 15 0 5872640 10038066 8261523 0 0 0 8531375 0 0 694 0 
0 0 0 0 0 0 0 0 0 0 0 0 0 0 0 0 0 0 0 0 0 0 0 3 0 24876 24882 0 0 98 0 0 15 24206515 0 0 0 0 0 0 8542476 694 0 0 
0 0 0 0 0 0 0 0 0 0 0 0 0 0 0 0 0 0 0 0 0 0 0 3 24881 0 0 6 0 0 98 15 0 5880759 10050213 8272782 0 0 0 8543487 0 0 694 0 
0 0 0 0 0 0 0 0 0 0 0 0 0 0 0 0 0 0 0 0 0 0 0 3 0 24900 24902 0 0 98 0 0 15 24236421 0 0 0 0 0 0 8554304 694 0 0 
0 0 0 0 0 0 0 0 0 0 0 0 0 0 0 0 0 0 0 0 0 0 0 3 24901 0 0 6 0 0 98 15 0 5887389 10062055 8284216 0 0 0 8555315 0 0 694 0 
0 0 0 0 0 0 0 0 0 0 0 0 0 0 0 0 0 0 0 0 0 0 0 3 0 24944 24950 0 0 98 0 0 15 24254472 0 0 0 0 0 0 8562655 694 0 0 
0 0 0 0 0 0 0 0 0 0 0 0 0 0 0 0 0 0 0 0 0 0 0 3 24949 0 0 6 0 0 98 15 0 5891432 10070973 8289306 0 0 0 8563667 0 0 694 0 
0 0 0 0 0 0 0 0 0 0 0 0 0 0 0 0 0 0 0 0 0 0 0 3 0 25003 25006 0 0 98 0 0 15 24279907 0 0 0 0 0 0 8572788 694 0 0 
0 0 0 0 0 0 0 0 0 0 0 0 0 0 0 0 0 0 0 0 0 0 0 3 25005 0 0 6 0 0 98 15 0 5897028 10080594 8299516 0 0 0 8573802 0 0 694 0 
0 0 0 0 0 0 0 0 0 0 0 0 0 0 0 0 0 0 0 0 0 0 0 3 0 25059 25062 0 0 98 0 0 15 24311721 0 0 0 0 0 0 8584627 694 0 0 
0 0 0 0 0 0 0 0 0 0 0 0 0 0 0 0 0 0 0 0 0 0 0 3 25061 0 0 6 0 0 98 15 0 5905145 10092471 8311332 0 0 0 8585645 0 0 694 0 
0 0 0 0 0 0 0 0 0 0 0 0 0 0 0 0 0 0 0 0 0 0 0 3 0 25116 25118 0 0 98 0 0 15 24343101 0 0 0 0 0 0 8596534 694 0 0 
0 0 0 0 0 0 0 0 0 0 0 0 0 0 0 0 0 0 0 0 0 0 0 3 25117 0 0 6 0 0 98 15 0 5913266 10104412 8322646 0 0 0 8597555 0 0 694 0 
0 0 0 0 0 0 0 0 0 0 0 0 0 0 0 0 0 0 0 0 0 0 0 3 0 25127 25130 0 0 98 0 0 15 24364000 0 0 0 0 0 0 8604065 694 0 0 
0 0 0 0 0 0 0 0 0 0 0 0 0 0 0 0 0 0 0 0 0 0 0 3 25129 0 0 6 0 0 98 15 0 5917819 10114427 8328977 0 0 0 8605086 0 0 694 0 
0 0 0 0 0 0 0 0 0 0 0 0 0 0 0 0 0 0 0 0 0 0 0 3 0 25184 25190 0 0 98 0 0 15 24390403 0 0 0 0 0 0 8616841 694 0 0 
0 0 0 0 0 0 0 0 0 0 0 0 0 0 0 0 0 0 0 0 0 0 0 3 25189 0 0 6 0 0 98 15 0 5923732 10125228 8338662 0 0 0 8617861 0 0 694 0 
0 0 0 0 0 0 0 0 0 0 0 0 0 0 0 0 0 0 0 0 0 0 0 3 0 25240 25246 0 0 98 0 0 15 24416834 0 0 0 0 0 0 8627254 694 0 0 
0 0 0 0 0 0 0 0 0 0 0 0 0 0 0 0 0 0 0 0 0 0 0 3 25245 0 0 6 0 0 98 15 0 5929526 10135204 8349321 0 0 0 8628273 0 0 694 0 
0 0 0 0 0 0 0 0 0 0 0 0 0 0 0 0 0 0 0 0 0 0 0 3 0 25296 25302 0 0 98 0 0 15 24448885 0 0 0 0 0 0 8639471 694 0 0 
0 0 0 0 0 0 0 0 0 0 0 0 0 0 0 0 0 0 0 0 0 0 0 3 25301 0 0 6 0 0 98 15 0 5937644 10147456 8361005 0 0 0 8640492 0 0 694 0 
0 0 0 0 0 0 0 0 0 0 0 0 0 0 0 0 0 0 0 0 0 0 0 3 0 25307 25310 0 0 98 0 0 15 24469034 0 0 0 0 0 0 8646099 694 0 0 
0 0 0 0 0 0 0 0 0 0 0 0 0 0 0 0 0 0 0 0 0 0 0 3 25309 0 0 6 0 0 98 15 0 5942196 10156792 8367266 0 0 0 8647120 0 0 694 0 
0 0 0 0 0 0 0 0 0 0 0 0 0 0 0 0 0 0 0 0 0 0 0 3 0 25364 25370 0 0 98 0 0 15 24491694 0 0 0 0 0 0 8656510 694 0 0 
0 0 0 0 0 0 0 0 0 0 0 0 0 0 0 0 0 0 0 0 0 0 0 3 25369 0 0 6 0 0 98 15 0 5947773 10165062 8376075 0 0 0 8657532 0 0 694 0 
0 0 0 0 0 0 0 0 0 0 0 0 0 0 0 0 0 0 0 0 0 0 0 3 0 25420 25426 0 0 98 0 0 15 24519756 0 0 0 0 0 0 8667654 694 0 0 
0 0 0 0 0 0 0 0 0 0 0 0 0 0 0 0 0 0 0 0 0 0 0 3 25425 0 0 6 0 0 98 15 0 5953901 10175709 8387357 0 0 0 8668677 0 0 694 0 
0 0 0 0 0 0 0 0 0 0 0 0 0 0 0 0 0 0 0 0 0 0 0 3 0 25476 25482 0 0 98 0 0 15 24551692 0 0 0 0 0 0 8680050 694 0 0 
0 0 0 0 0 0 0 0 0 0 0 0 0 0 0 0 0 0 0 0 0 0 0 3 25481 0 0 6 0 0 98 15 0 5962019 10188140 8398747 0 0 0 8681074 0 0 694 0 
0 0 0 0 0 0 0 0 0 0 0 0 0 0 0 0 0 0 0 0 0 0 0 3 0 25492 25498 0 0 98 0 0 15 24577233 0 0 0 0 0 0 8688405 694 0 0 
0 0 0 0 0 0 0 0 0 0 0 0 0 0 0 0 0 0 0 0 0 0 0 3 25497 0 0 6 0 0 98 15 0 5968607 10198872 8406969 0 0 0 8689432 0 0 694 0 
0 0 0 0 0 0 0 0 0 0 0 0 0 0 0 0 0 0 0 0 0 0 0 3 0 25544 25550 0 0 98 0 0 15 24596936 0 0 0 0 0 0 8697637 694 0 0 
0 0 0 0 0 0 0 0 0 0 0 0 0 0 0 0 0 0 0 0 0 0 0 3 25549 0 0 6 0 0 98 15 0 5972634 10206341 8415172 0 0 0 8698661 0 0 694 0 
0 0 0 0 0 0 0 0 0 0 0 0 0 0 0 0 0 0 0 0 0 0 0 3 0 25600 25606 0 0 98 0 0 15 24621726 0 0 0 0 0 0 8707634 694 0 0 
0 0 0 0 0 0 0 0 0 0 0 0 0 0 0 0 0 0 0 0 0 0 0 3 25605 0 0 6 0 0 98 15 0 5978279 10215795 8424860 0 0 0 8708661 0 0 694 0 
0 0 0 0 0 0 0 0 0 0 0 0 0 0 0 0 0 0 0 0 0 0 0 3 0 25656 25662 0 0 98 0 0 15 24653748 0 0 0 0 0 0 8719894 694 0 0 
0 0 0 0 0 0 0 0 0 0 0 0 0 0 0 0 0 0 0 0 0 0 0 3 25661 0 0 6 0 0 98 15 0 5986398 10228091 8436466 0 0 0 8720923 0 0 694 0 
0 0 0 0 0 0 0 0 0 0 0 0 0 0 0 0 0 0 0 0 0 0 0 3 0 25668 25674 0 0 98 0 0 15 24674238 0 0 0 0 0 0 8726350 694 0 0 
0 0 0 0 0 0 0 0 0 0 0 0 0 0 0 0 0 0 0 0 0 0 0 3 25673 0 0 6 0 0 98 15 0 5991218 10237409 8442817 0 0 0 8727383 0 0 694 0 
0 0 0 0 0 0 0 0 0 0 0 0 0 0 0 0 0 0 0 0 0 0 0 3 0 25724 25730 0 0 98 0 0 15 24698328 0 0 0 0 0 0 8737910 694 0 0 
0 0 0 0 0 0 0 0 0 0 0 0 0 0 0 0 0 0 0 0 0 0 0 3 25729 0 0 6 0 0 98 15 0 5996810 10246613 8452114 0 0 0 8738943 0 0 694 0 
0 0 0 0 0 0 0 0 0 0 0 0 0 0 0 0 0 0 0 0 0 0 0 3 0 25780 25786 0 0 98 0 0 15 24725740 0 0 0 0 0 0 8749094 694 0 0 
0 0 0 0 0 0 0 0 0 0 0 0 0 0 0 0 0 0 0 0 0 0 0 3 25785 0 0 6 0 0 98 15 0 6002658 10257362 8462924 0 0 0 8750126 0 0 694 0 
0 0 0 0 0 0 0 0 0 0 0 0 0 0 0 0 0 0 0 0 0 0 0 3 0 25836 25842 0 0 98 0 0 15 24758458 0 0 0 0 0 0 8761781 694 0 0 
0 0 0 0 0 0 0 0 0 0 0 0 0 0 0 0 0 0 0 0 0 0 0 3 25841 0 0 6 0 0 98 15 0 6010777 10270086 8474800 0 0 0 8762817 0 0 694 0 
0 0 0 0 0 0 0 0 0 0 0 0 0 0 0 0 0 0 0 0 0 0 0 3 0 25859 25862 0 0 98 0 0 15 24788022 0 0 0 0 0 0 8773252 694 0 0 
0 0 0 0 0 0 0 0 0 0 0 0 0 0 0 0 0 0 0 0 0 0 0 3 25861 0 0 6 0 0 98 15 0 6017406 10281509 8486311 0 0 0 8774290 0 0 694 0 
0 0 0 0 0 0 0 0 0 0 0 0 0 0 0 0 0 0 0 0 0 0 0 3 0 25904 25910 0 0 98 0 0 15 24808029 0 0 0 0 0 0 8781629 694 0 0 
0 0 0 0 0 0 0 0 0 0 0 0 0 0 0 0 0 0 0 0 0 0 0 3 25909 0 0 6 0 0 98 15 0 6022155 10291051 8492029 0 0 0 8782667 0 0 694 0 
0 0 0 0 0 0 0 0 0 0 0 0 0 0 0 0 0 0 0 0 0 0 0 3 0 25964 25970 0 0 98 0 0 15 24833819 0 0 0 0 0 0 8792161 694 0 0 
0 0 0 0 0 0 0 0 0 0 0 0 0 0 0 0 0 0 0 0 0 0 0 3 25969 0 0 6 0 0 98 15 0 6028091 10301265 8501673 0 0 0 8793202 0 0 694 0 
0 0 0 0 0 0 0 0 0 0 0 0 0 0 0 0 0 0 0 0 0 0 0 3 0 26020 26026 0 0 98 0 0 15 24863720 0 0 0 0 0 0 8803939 694 0 0 
0 0 0 0 0 0 0 0 0 0 0 0 0 0 0 0 0 0 0 0 0 0 0 3 26025 0 0 6 0 0 98 15 0 6035165 10312353 8513409 0 0 0 8804984 0 0 694 0 
0 0 0 0 0 0 0 0 0 0 0 0 0 0 0 0 0 0 0 0 0 0 0 3 0 26076 26082 0 0 98 0 0 15 24894833 0 0 0 0 0 0 8815644 694 0 0 
0 0 0 0 0 0 0 0 0 0 0 0 0 0 0 0 0 0 0 0 0 0 0 3 26081 0 0 6 0 0 98 15 0 6043282 10324093 8524662 0 0 0 8816690 0 0 694 0 
0 0 0 0 0 0 0 0 0 0 0 0 0 0 0 0 0 0 0 0 0 0 0 3 0 26087 26090 0 0 98 0 0 15 24914870 0 0 0 0 0 0 8822359 694 0 0 
0 0 0 0 0 0 0 0 0 0 0 0 0 0 0 0 0 0 0 0 0 0 0 3 26089 0 0 6 0 0 98 15 0 6047835 10333126 8531113 0 0 0 8823405 0 0 694 0 
0 0 0 0 0 0 0 0 0 0 0 0 0 0 0 0 0 0 0 0 0 0 0 3 0 26144 26150 0 0 98 0 0 15 24941513 0 0 0 0 0 0 8834667 694 0 0 
0 0 0 0 0 0 0 0 0 0 0 0 0 0 0 0 0 0 0 0 0 0 0 3 26149 0 0 6 0 0 98 15 0 6053843 10343635 8541235 0 0 0 8835715 0 0 694 0 
0 0 0 0 0 0 0 0 0 0 0 0 0 0 0 0 0 0 0 0 0 0 0 3 0 26200 26206 0 0 98 0 0 15 24968356 0 0 0 0 0 0 8845447 694 0 0 
0 0 0 0 0 0 0 0 0 0 0 0 0 0 0 0 0 0 0 0 0 0 0 3 26205 0 0 6 0 0 98 15 0 6059543 10353966 8552041 0 0 0 8846495 0 0 694 0 
0 0 0 0 0 0 0 0 0 0 0 0 0 0 0 0 0 0 0 0 0 0 0 3 0 26258 26262 0 0 98 0 0 15 24999948 0 0 0 0 0 0 8857558 694 0 0 
0 0 0 0 0 0 0 0 0 0 0 0 0 0 0 0 0 0 0 0 0 0 0 3 26261 0 0 6 0 0 98 15 0 6067665 10366109 8563366 0 0 0 8858606 0 0 694 0 
0 0 0 0 0 0 0 0 0 0 0 0 0 0 0 0 0 0 0 0 0 0 0 3 0 26316 26322 0 0 98 0 0 15 25030772 0 0 0 0 0 0 8868834 694 0 0 
0 0 0 0 0 0 0 0 0 0 0 0 0 0 0 0 0 0 0 0 0 0 0 3 26321 0 0 6 0 0 98 15 0 6075785 10377421 8574755 0 0 0 8869883 0 0 694 0 
0 0 0 0 0 0 0 0 0 0 0 0 0 0 0 0 0 0 0 0 0 0 0 3 0 26328 26334 0 0 98 0 0 15 25053890 0 0 0 0 0 0 8877541 694 0 0 
0 0 0 0 0 0 0 0 0 0 0 0 0 0 0 0 0 0 0 0 0 0 0 3 26333 0 0 6 0 0 98 15 0 6080339 10388993 8581745 0 0 0 8878590 0 0 694 0 
0 0 0 0 0 0 0 0 0 0 0 0 0 0 0 0 0 0 0 0 0 0 0 3 0 26384 26390 0 0 98 0 0 15 25079430 0 0 0 0 0 0 8888695 694 0 0 
0 0 0 0 0 0 0 0 0 0 0 0 0 0 0 0 0 0 0 0 0 0 0 3 26389 0 0 6 0 0 98 15 0 6086432 10397961 8592226 0 0 0 8889748 0 0 694 0 
0 0 0 0 0 0 0 0 0 0 0 0 0 0 0 0 0 0 0 0 0 0 0 3 0 26440 26446 0 0 98 0 0 15 25104605 0 0 0 0 0 0 8898532 694 0 0 
0 0 0 0 0 0 0 0 0 0 0 0 0 0 0 0 0 0 0 0 0 0 0 3 26445 0 0 6 0 0 98 15 0 6092047 10407190 8602551 0 0 0 8899584 0 0 694 0 
0 0 0 0 0 0 0 0 0 0 0 0 0 0 0 0 0 0 0 0 0 0 0 3 0 26499 26502 0 0 98 0 0 15 25135657 0 0 0 0 0 0 8910185 694 0 0 
0 0 0 0 0 0 0 0 0 0 0 0 0 0 0 0 0 0 0 0 0 0 0 3 26501 0 0 6 0 0 98 15 0 6100170 10418875 8613795 0 0 0 8911238 0 0 694 0 
0 0 0 0 0 0 0 0 0 0 0 0 0 0 0 0 0 0 0 0 0 0 0 3 0 26556 26562 0 0 98 0 0 15 25167116 0 0 0 0 0 0 8921902 694 0 0 
0 0 0 0 0 0 0 0 0 0 0 0 0 0 0 0 0 0 0 0 0 0 0 3 26561 0 0 6 0 0 98 15 0 6108290 10430628 8625381 0 0 0 8922956 0 0 694 0 
0 0 0 0 0 0 0 0 0 0 0 0 0 0 0 0 0 0 0 0 0 0 0 3 0 26568 26574 0 0 98 0 0 15 25191812 0 0 0 0 0 0 8930871 694 0 0 
0 0 0 0 0 0 0 0 0 0 0 0 0 0 0 0 0 0 0 0 0 0 0 3 26573 0 0 6 0 0 98 15 0 6113980 10442238 8632774 0 0 0 8931926 0 0 694 0 
0 0 0 0 0 0 0 0 0 0 0 0 0 0 0 0 0 0 0 0 0 0 0 3 0 26624 26630 0 0 98 0 0 15 25213360 0 0 0 0 0 0 8940349 694 0 0 
0 0 0 0 0 0 0 0 0 0 0 0 0 0 0 0 0 0 0 0 0 0 0 3 26629 0 0 6 0 0 98 15 0 6119021 10449515 8642005 0 0 0 8941405 0 0 694 0 
0 0 0 0 0 0 0 0 0 0 0 0 0 0 0 0 0 0 0 0 0 0 0 3 0 26680 26686 0 0 98 0 0 15 25239503 0 0 0 0 0 0 8951136 694 0 0 
0 0 0 0 0 0 0 0 0 0 0 0 0 0 0 0 0 0 0 0 0 0 0 3 26685 0 0 6 0 0 98 15 0 6124548 10459937 8652195 0 0 0 8952195 0 0 694 0 
0 0 0 0 0 0 0 0 0 0 0 0 0 0 0 0 0 0 0 0 0 0 0 3 0 26736 26742 0 0 98 0 0 15 25271197 0 0 0 0 0 0 8963146 694 0 0 
0 0 0 0 0 0 0 0 0 0 0 0 0 0 0 0 0 0 0 0 0 0 0 3 26741 0 0 6 0 0 98 15 0 6132667 10471981 8663723 0 0 0 8964206 0 0 694 0 
0 0 0 0 0 0 0 0 0 0 0 0 0 0 0 0 0 0 0 0 0 0 0 3 0 26767 26770 0 0 98 0 0 15 25300453 0 0 0 0 0 0 8974856 694 0 0 
0 0 0 0 0 0 0 0 0 0 0 0 0 0 0 0 0 0 0 0 0 0 0 3 26769 0 0 6 0 0 98 15 0 6139531 10483600 8674495 0 0 0 8975916 0 0 694 0 
0 0 0 0 0 0 0 0 0 0 0 0 0 0 0 0 0 0 0 0 0 0 0 3 0 26804 26810 0 0 98 0 0 15 25319882 0 0 0 0 0 0 8982405 694 0 0 
0 0 0 0 0 0 0 0 0 0 0 0 0 0 0 0 0 0 0 0 0 0 0 3 26809 0 0 6 0 0 98 15 0 6143899 10492570 8680586 0 0 0 8983464 0 0 694 0 
0 0 0 0 0 0 0 0 0 0 0 0 0 0 0 0 0 0 0 0 0 0 0 3 0 26862 26866 0 0 98 0 0 15 25344631 0 0 0 0 0 0 8994043 694 0 0 
0 0 0 0 0 0 0 0 0 0 0 0 0 0 0 0 0 0 0 0 0 0 0 3 26865 0 0 6 0 0 98 15 0 6148933 10502943 8689924 0 0 0 8995105 0 0 694 0 
0 0 0 0 0 0 0 0 0 0 0 0 0 0 0 0 0 0 0 0 0 0 0 3 0 26919 26922 0 0 98 0 0 15 25376359 0 0 0 0 0 0 9006257 694 0 0 
0 0 0 0 0 0 0 0 0 0 0 0 0 0 0 0 0 0 0 0 0 0 0 3 26921 0 0 6 0 0 98 15 0 6157051 10515193 8701281 0 0 0 9007320 0 0 694 0 
0 0 0 0 0 0 0 0 0 0 0 0 0 0 0 0 0 0 0 0 0 0 0 3 0 26974 26978 0 0 98 0 0 15 25408589 0 0 0 0 0 0 9018843 694 0 0 
0 0 0 0 0 0 0 0 0 0 0 0 0 0 0 0 0 0 0 0 0 0 0 3 26977 0 0 6 0 0 98 15 0 6165168 10527725 8712858 0 0 0 9019907 0 0 694 0 
0 0 0 0 0 0 0 0 0 0 0 0 0 0 0 0 0 0 0 0 0 0 0 3 0 26988 26994 0 0 98 0 0 15 25434000 0 0 0 0 0 0 9027988 694 0 0 
0 0 0 0 0 0 0 0 0 0 0 0 0 0 0 0 0 0 0 0 0 0 0 3 26993 0 0 6 0 0 98 15 0 6171053 10539518 8720591 0 0 0 9029053 0 0 694 0 
0 0 0 0 0 0 0 0 0 0 0 0 0 0 0 0 0 0 0 0 0 0 0 3 0 27044 27050 0 0 98 0 0 15 25454716 0 0 0 0 0 0 9037039 694 0 0 
0 0 0 0 0 0 0 0 0 0 0 0 0 0 0 0 0 0 0 0 0 0 0 3 27049 0 0 6 0 0 98 15 0 6175703 10546530 8729645 0 0 0 9038107 0 0 694 0 
0 0 0 0 0 0 0 0 0 0 0 0 0 0 0 0 0 0 0 0 0 0 0 3 0 27100 27106 0 0 98 0 0 15 25481843 0 0 0 0 0 0 9048228 694 0 0 
0 0 0 0 0 0 0 0 0 0 0 0 0 0 0 0 0 0 0 0 0 0 0 3 27105 0 0 6 0 0 98 15 0 6181427 10557276 8740302 0 0 0 9049300 0 0 694 0 
0 0 0 0 0 0 0 0 0 0 0 0 0 0 0 0 0 0 0 0 0 0 0 3 0 27156 27162 0 0 98 0 0 15 25513418 0 0 0 0 0 0 9060274 694 0 0 
0 0 0 0 0 0 0 0 0 0 0 0 0 0 0 0 0 0 0 0 0 0 0 3 27161 0 0 6 0 0 98 15 0 6189545 10569360 8751670 0 0 0 9061351 0 0 694 0 
0 0 0 0 0 0 0 0 0 0 0 0 0 0 0 0 0 0 0 0 0 0 0 3 0 27176 27182 0 0 98 0 0 15 25542538 0 0 0 0 0 0 9071002 694 0 0 
0 0 0 0 0 0 0 0 0 0 0 0 0 0 0 0 0 0 0 0 0 0 0 3 27181 0 0 6 0 0 98 15 0 6196171 10581348 8762174 0 0 0 9072085 0 0 694 0 
0 0 0 0 0 0 0 0 0 0 0 0 0 0 0 0 0 0 0 0 0 0 0 3 0 27224 27230 0 0 98 0 0 15 25560342 0 0 0 0 0 0 9078608 694 0 0 
0 0 0 0 0 0 0 0 0 0 0 0 0 0 0 0 0 0 0 0 0 0 0 3 27229 0 0 6 0 0 98 15 0 6200435 10588170 8768893 0 0 0 9079691 0 0 694 0 
0 0 0 0 0 0 0 0 0 0 0 0 0 0 0 0 0 0 0 0 0 0 0 3 0 27280 27286 0 0 98 0 0 15 25588174 0 0 0 0 0 0 9091350 694 0 0 
0 0 0 0 0 0 0 0 0 0 0 0 0 0 0 0 0 0 0 0 0 0 0 3 27285 0 0 6 0 0 98 15 0 6205806 10600512 8779005 0 0 0 9092435 0 0 694 0 
0 0 0 0 0 0 0 0 0 0 0 0 0 0 0 0 0 0 0 0 0 0 0 3 0 27338 27342 0 0 98 0 0 15 25619513 0 0 0 0 0 0 9102703 694 0 0 
0 0 0 0 0 0 0 0 0 0 0 0 0 0 0 0 0 0 0 0 0 0 0 3 27341 0 0 6 0 0 98 15 0 6213928 10611898 8790838 0 0 0 9103789 0 0 694 0 
0 0 0 0 0 0 0 0 0 0 0 0 0 0 0 0 0 0 0 0 0 0 0 3 0 27384 27386 0 0 98 0 0 15 25649804 0 0 0 0 0 0 9114423 694 0 0 
0 0 0 0 0 0 0 0 0 0 0 0 0 0 0 0 0 0 0 0 0 0 0 3 27385 0 0 6 0 0 98 15 0 6221466 10623540 8801950 0 0 0 9115510 0 0 694 0 
0 0 0 0 0 0 0 0 0 0 0 0 0 0 0 0 0 0 0 0 0 0 0 3 0 27407 27410 0 0 98 0 0 15 25671721 0 0 0 0 0 0 9121836 694 0 0 
0 0 0 0 0 0 0 0 0 0 0 0 0 0 0 0 0 0 0 0 0 0 0 3 27409 0 0 6 0 0 98 15 0 6226602 10633399 8808870 0 0 0 9122923 0 0 694 0 
0 0 0 0 0 0 0 0 0 0 0 0 0 0 0 0 0 0 0 0 0 0 0 3 0 27464 27470 0 0 98 0 0 15 25695297 0 0 0 0 0 0 9132224 694 0 0 
0 0 0 0 0 0 0 0 0 0 0 0 0 0 0 0 0 0 0 0 0 0 0 3 27469 0 0 6 0 0 98 15 0 6232131 10642035 8818278 0 0 0 9133311 0 0 694 0 
0 0 0 0 0 0 0 0 0 0 0 0 0 0 0 0 0 0 0 0 0 0 0 3 0 27520 27526 0 0 98 0 0 15 25723716 0 0 0 0 0 0 9143722 694 0 0 
0 0 0 0 0 0 0 0 0 0 0 0 0 0 0 0 0 0 0 0 0 0 0 3 27525 0 0 6 0 0 98 15 0 6238309 10653022 8829530 0 0 0 9144807 0 0 694 0 
0 0 0 0 0 0 0 0 0 0 0 0 0 0 0 0 0 0 0 0 0 0 0 3 0 27576 27582 0 0 98 0 0 15 25755508 0 0 0 0 0 0 9156075 694 0 0 
0 0 0 0 0 0 0 0 0 0 0 0 0 0 0 0 0 0 0 0 0 0 0 3 27581 0 0 6 0 0 98 15 0 6246426 10665408 8840811 0 0 0 9157157 0 0 694 0 
0 0 0 0 0 0 0 0 0 0 0 0 0 0 0 0 0 0 0 0 0 0 0 3 0 27594 27598 0 0 98 0 0 15 25782620 0 0 0 0 0 0 9165559 694 0 0 
0 0 0 0 0 0 0 0 0 0 0 0 0 0 0 0 0 0 0 0 0 0 0 3 27597 0 0 6 0 0 98 15 0 6253021 10676896 8849845 0 0 0 9166641 0 0 694 0 
0 0 0 0 0 0 0 0 0 0 0 0 0 0 0 0 0 0 0 0 0 0 0 3 0 27644 27650 0 0 98 0 0 15 25801368 0 0 0 0 0 0 9173996 694 0 0 
0 0 0 0 0 0 0 0 0 0 0 0 0 0 0 0 0 0 0 0 0 0 0 3 27649 0 0 6 0 0 98 15 0 6257176 10683797 8857536 0 0 0 9175081 0 0 694 0 
0 0 0 0 0 0 0 0 0 0 0 0 0 0 0 0 0 0 0 0 0 0 0 3 0 27701 27706 0 0 98 0 0 15 25826881 0 0 0 0 0 0 9184355 694 0 0 
0 0 0 0 0 0 0 0 0 0 0 0 0 0 0 0 0 0 0 0 0 0 0 3 27705 0 0 6 0 0 98 15 0 6262691 10693760 8867570 0 0 0 9185442 0 0 694 0 
0 0 0 0 0 0 0 0 0 0 0 0 0 0 0 0 0 0 0 0 0 0 0 3 0 27759 27762 0 0 98 0 0 15 25858580 0 0 0 0 0 0 9196321 694 0 0 
0 0 0 0 0 0 0 0 0 0 0 0 0 0 0 0 0 0 0 0 0 0 0 3 27761 0 0 6 0 0 98 15 0 6270812 10705761 8879146 0 0 0 9197411 0 0 694 0 
0 0 0 0 0 0 0 0 0 0 0 0 0 0 0 0 0 0 0 0 0 0 0 3 0 27816 27822 0 0 98 0 0 15 25890165 0 0 0 0 0 0 9208336 694 0 0 
0 0 0 0 0 0 0 0 0 0 0 0 0 0 0 0 0 0 0 0 0 0 0 3 27821 0 0 6 0 0 98 15 0 6278933 10717813 8890560 0 0 0 9209427 0 0 694 0 
0 0 0 0 0 0 0 0 0 0 0 0 0 0 0 0 0 0 0 0 0 0 0 3 0 27827 27830 0 0 98 0 0 15 25911528 0 0 0 0 0 0 9216091 694 0 0 
0 0 0 0 0 0 0 0 0 0 0 0 0 0 0 0 0 0 0 0 0 0 0 3 27829 0 0 6 0 0 98 15 0 6283486 10728075 8897109 0 0 0 9217182 0 0 694 0 
0 0 0 0 0 0 0 0 0 0 0 0 0 0 0 0 0 0 0 0 0 0 0 3 0 27884 27890 0 0 98 0 0 15 25935777 0 0 0 0 0 0 9227090 694 0 0 
0 0 0 0 0 0 0 0 0 0 0 0 0 0 0 0 0 0 0 0 0 0 0 3 27889 0 0 6 0 0 98 15 0 6289310 10736989 8906623 0 0 0 9228181 0 0 694 0 
0 0 0 0 0 0 0 0 0 0 0 0 0 0 0 0 0 0 0 0 0 0 0 3 0 27940 27946 0 0 98 0 0 15 25963502 0 0 0 0 0 0 9238008 694 0 0 
0 0 0 0 0 0 0 0 0 0 0 0 0 0 0 0 0 0 0 0 0 0 0 3 27945 0 0 6 0 0 98 15 0 6295194 10747554 8917895 0 0 0 9239101 0 0 694 0 
<====
0 0 0 0 0 0 0 0 0 0 0 0 0 0 0 0 0 0 0 0 0 0 0 3 0 27996 27998 0 0 98 0 0 15 25998550 0 0 0 0 0 0 9249327 694 0 0 
0 0 0 0 0 0 0 0 0 0 0 0 0 0 0 0 0 0 0 0 0 0 0 3 27997 0 0 6 0 0 98 15 0 6308295 10758906 8928485 0 0 0 9250424 0 0 694 0 
0 0 0 0 0 0 0 0 0 0 0 0 0 0 0 0 0 0 0 0 0 0 0 3 0 27996 27998 0 0 98 0 0 15 25998550 0 0 0 0 0 0 9249327 694 0 0 
0 0 0 0 0 0 0 0 0 0 0 0 0 0 0 0 0 0 0 0 0 0 0 3 27997 0 0 6 0 0 98 15 0 6308295 10758906 8928485 0 0 0 9250424 0 0 694 0 
0 0 0 0 0 0 0 0 0 0 0 0 0 0 0 0 0 0 0 0 0 0 0 3 0 27996 27998 0 0 98 0 0 15 25998550 0 0 0 0 0 0 9249327 694 0 0 
0 0 0 0 0 0 0 0 0 0 0 0 0 0 0 0 0 0 0 0 0 0 0 3 27997 0 0 6 0 0 98 15 0 6308295 10758906 8928485 0 0 0 9250424 0 0 694 0 
0 0 0 0 0 0 0 0 0 0 0 0 0 0 0 0 0 0 0 0 0 0 0 3 0 27996 27998 0 0 98 0 0 15 25998550 0 0 0 0 0 0 9249327 694 0 0 
0 0 0 0 0 0 0 0 0 0 0 0 0 0 0 0 0 0 0 0 0 0 0 3 27997 0 0 6 0 0 98 15 0 6308295 10758906 8928485 0 0 0 9250424 0 0 694 0 
0 0 0 0 0 0 0 0 0 0 0 0 0 0 0 0 0 0 0 0 0 0 0 3 0 27996 27998 0 0 98 0 0 15 25998550 0 0 0 0 0 0 9249327 694 0 0 
0 0 0 0 0 0 0 0 0 0 0 0 0 0 0 0 0 0 0 0 0 0 0 3 27997 0 0 6 0 0 98 15 0 6308295 10758906 8928485 0 0 0 9250424 0 0 694 0 
0 0 0 0 0 0 0 0 0 0 0 0 0 0 0 0 0 0 0 0 0 0 0 3 0 27996 27998 0 0 98 0 0 15 25998550 0 0 0 0 0 0 9249327 694 0 0 
0 0 0 0 0 0 0 0 0 0 0 0 0 0 0 0 0 0 0 0 0 0 0 3 27997 0 0 6 0 0 98 15 0 6308295 10758906 8928485 0 0 0 9250424 0 0 694 0 
0 0 0 0 0 0 0 0 0 0 0 0 0 0 0 0 0 0 0 0 0 0 0 3 0 27996 27998 0 0 98 0 0 15 25998550 0 0 0 0 0 0 9249327 694 0 0 
0 0 0 0 0 0 0 0 0 0 0 0 0 0 0 0 0 0 0 0 0 0 0 3 27997 0 0 6 0 0 98 15 0 6308295 10758906 8928485 0 0 0 9250424 0 0 694 0 
0 0 0 0 0 0 0 0 0 0 0 0 0 0 0 0 0 0 0 0 0 0 0 3 0 27996 27998 0 0 98 0 0 15 25998550 0 0 0 0 0 0 9249327 694 0 0 
0 0 0 0 0 0 0 0 0 0 0 0 0 0 0 0 0 0 0 0 0 0 0 3 27997 0 0 6 0 0 98 15 0 6308295 10758906 8928485 0 0 0 9250424 0 0 694 0 
0 0 0 0 0 0 0 0 0 0 0 0 0 0 0 0 0 0 0 0 0 0 0 3 0 27996 27998 0 0 98 0 0 15 25998550 0 0 0 0 0 0 9249327 694 0 0 
0 0 0 0 0 0 0 0 0 0 0 0 0 0 0 0 0 0 0 0 0 0 0 3 27997 0 0 6 0 0 98 15 0 6308295 10758906 8928485 0 0 0 9250424 0 0 694 0 
0 0 0 0 0 0 0 0 0 0 0 0 0 0 0 0 0 0 0 0 0 0 0 3 0 27996 27998 0 0 98 0 0 15 25998550 0 0 0 0 0 0 9249327 694 0 0 
0 0 0 0 0 0 0 0 0 0 0 0 0 0 0 0 0 0 0 0 0 0 0 3 27997 0 0 6 0 0 98 15 0 6308295 10758906 8928485 0 0 0 9250424 0 0 694 0 
0 0 0 0 0 0 0 0 0 0 0 0 0 0 0 0 0 0 0 0 0 0 0 3 0 27996 27998 0 0 98 0 0 15 25998550 0 0 0 0 0 0 9249327 694 0 0 
0 0 0 0 0 0 0 0 0 0 0 0 0 0 0 0 0 0 0 0 0 0 0 3 27997 0 0 6 0 0 98 15 0 6308295 10758906 8928485 0 0 0 9250424 0 0 694 0 
0 0 0 0 0 0 0 0 0 0 0 0 0 0 0 0 0 0 0 0 0 0 0 3 0 27996 27998 0 0 98 0 0 15 25998550 0 0 0 0 0 0 9249327 694 0 0 
0 0 0 0 0 0 0 0 0 0 0 0 0 0 0 0 0 0 0 0 0 0 0 3 27997 0 0 6 0 0 98 15 0 6308295 10758906 8928485 0 0 0 9250424 0 0 694 0 
0 0 0 0 0 0 0 0 0 0 0 0 0 0 0 0 0 0 0 0 0 0 0 3 0 27996 27998 0 0 98 0 0 15 25998550 0 0 0 0 0 0 9249327 694 0 0 
0 0 0 0 0 0 0 0 0 0 0 0 0 0 0 0 0 0 0 0 0 0 0 3 27997 0 0 6 0 0 98 15 0 6308295 10758906 8928485 0 0 0 9250424 0 0 694 0 
0 0 0 0 0 0 0 0 0 0 0 0 0 0 0 0 0 0 0 0 0 0 0 3 0 27996 27998 0 0 98 0 0 15 25998550 0 0 0 0 0 0 9249327 694 0 0 
0 0 0 0 0 0 0 0 0 0 0 0 0 0 0 0 0 0 0 0 0 0 0 3 27997 0 0 6 0 0 98 15 0 6308295 10758906 8928485 0 0 0 9250424 0 0 694 0 
0 0 0 0 0 0 0 0 0 0 0 0 0 0 0 0 0 0 0 0 0 0 0 3 0 27996 27998 0 0 98 0 0 15 25998550 0 0 0 0 0 0 9249327 694 0 0 
0 0 0 0 0 0 0 0 0 0 0 0 0 0 0 0 0 0 0 0 0 0 0 3 27997 0 0 6 0 0 98 15 0 6308295 10758906 8928485 0 0 0 9250424 0 0 694 0 
0 0 0 0 0 0 0 0 0 0 0 0 0 0 0 0 0 0 0 0 0 0 0 3 0 27996 27998 0 0 98 0 0 15 25998550 0 0 0 0 0 0 9249327 694 0 0 
0 0 0 0 0 0 0 0 0 0 0 0 0 0 0 0 0 0 0 0 0 0 0 3 27997 0 0 6 0 0 98 15 0 6308295 10758906 8928485 0 0 0 9250424 0 0 694 0 
0 0 0 0 0 0 0 0 0 0 0 0 0 0 0 0 0 0 0 0 0 0 0 3 0 27996 27998 0 0 98 0 0 15 25998550 0 0 0 0 0 0 9249327 694 0 0 
0 0 0 0 0 0 0 0 0 0 0 0 0 0 0 0 0 0 0 0 0 0 0 3 27997 0 0 6 0 0 98 15 0 6308295 10758906 8928485 0 0 0 9250424 0 0 694 0 
0 0 0 0 0 0 0 0 0 0 0 0 0 0 0 0 0 0 0 0 0 0 0 3 0 27996 27998 0 0 98 0 0 15 25998550 0 0 0 0 0 0 9249327 694 0 0 
0 0 0 0 0 0 0 0 0 0 0 0 0 0 0 0 0 0 0 0 0 0 0 3 27997 0 0 6 0 0 98 15 0 6308295 10758906 8928485 0 0 0 9250424 0 0 694 0 
0 0 0 0 0 0 0 0 0 0 0 0 0 0 0 0 0 0 0 0 0 0 0 3 0 27996 27998 0 0 98 0 0 15 25998550 0 0 0 0 0 0 9249327 694 0 0 
0 0 0 0 0 0 0 0 0 0 0 0 0 0 0 0 0 0 0 0 0 0 0 3 27997 0 0 6 0 0 98 15 0 6308295 10758906 8928485 0 0 0 9250424 0 0 694 0 
0 0 0 0 0 0 0 0 0 0 0 0 0 0 0 0 0 0 0 0 0 0 0 3 0 27996 27998 0 0 98 0 0 15 25998550 0 0 0 0 0 0 9249327 694 0 0 
0 0 0 0 0 0 0 0 0 0 0 0 0 0 0 0 0 0 0 0 0 0 0 3 27997 0 0 6 0 0 98 15 0 6308295 10758906 8928485 0 0 0 9250424 0 0 694 0 
0 0 0 0 0 0 0 0 0 0 0 0 0 0 0 0 0 0 0 0 0 0 0 3 0 27996 27998 0 0 98 0 0 15 25998550 0 0 0 0 0 0 9249327 694 0 0 
0 0 0 0 0 0 0 0 0 0 0 0 0 0 0 0 0 0 0 0 0 0 0 3 27997 0 0 6 0 0 98 15 0 6308295 10758906 8928485 0 0 0 9250424 0 0 694 0 
0 0 0 0 0 0 0 0 0 0 0 0 0 0 0 0 0 0 0 0 0 0 0 3 0 27996 27998 0 0 98 0 0 15 25998550 0 0 0 0 0 0 9249327 694 0 0 
0 0 0 0 0 0 0 0 0 0 0 0 0 0 0 0 0 0 0 0 0 0 0 3 27997 0 0 6 0 0 98 15 0 6308295 10758906 8928485 0 0 0 9250424 0 0 694 0 
0 0 0 0 0 0 0 0 0 0 0 0 0 0 0 0 0 0 0 0 0 0 0 3 0 27996 27998 0 0 98 0 0 15 25998550 0 0 0 0 0 0 9249327 694 0 0 
0 0 0 0 0 0 0 0 0 0 0 0 0 0 0 0 0 0 0 0 0 0 0 3 27997 0 0 6 0 0 98 15 0 6308295 10758906 8928485 0 0 0 9250424 0 0 694 0 
0 0 0 0 0 0 0 0 0 0 0 0 0 0 0 0 0 0 0 0 0 0 0 3 0 27996 27998 0 0 98 0 0 15 25998550 0 0 0 0 0 0 9249327 694 0 0 
0 0 0 0 0 0 0 0 0 0 0 0 0 0 0 0 0 0 0 0 0 0 0 3 27997 0 0 6 0 0 98 15 0 6308295 10758906 8928485 0 0 0 9250424 0 0 694 0 
0 0 0 0 0 0 0 0 0 0 0 0 0 0 0 0 0 0 0 0 0 0 0 3 0 27996 27998 0 0 98 0 0 15 25998550 0 0 0 0 0 0 9249327 694 0 0 
0 0 0 0 0 0 0 0 0 0 0 0 0 0 0 0 0 0 0 0 0 0 0 3 27997 0 0 6 0 0 98 15 0 6308295 10758906 8928485 0 0 0 9250424 0 0 694 0 
0 0 0 0 0 0 0 0 0 0 0 0 0 0 0 0 0 0 0 0 0 0 0 3 0 27996 27998 0 0 98 0 0 15 25998550 0 0 0 0 0 0 9249327 694 0 0 
0 0 0 0 0 0 0 0 0 0 0 0 0 0 0 0 0 0 0 0 0 0 0 3 27997 0 0 6 0 0 98 15 0 6308295 10758906 8928485 0 0 0 9250424 0 0 694 0 
0 0 0 0 0 0 0 0 0 0 0 0 0 0 0 0 0 0 0 0 0 0 0 3 0 27996 27998 0 0 98 0 0 15 25998550 0 0 0 0 0 0 9249327 694 0 0 
0 0 0 0 0 0 0 0 0 0 0 0 0 0 0 0 0 0 0 0 0 0 0 3 27997 0 0 6 0 0 98 15 0 6308295 10758906 8928485 0 0 0 9250424 0 0 694 0 
0 0 0 0 0 0 0 0 0 0 0 0 0 0 0 0 0 0 0 0 0 0 0 3 0 27996 27998 0 0 98 0 0 15 25998550 0 0 0 0 0 0 9249327 694 0 0 
0 0 0 0 0 0 0 0 0 0 0 0 0 0 0 0 0 0 0 0 0 0 0 3 27997 0 0 6 0 0 98 15 0 6308295 10758906 8928485 0 0 0 9250424 0 0 694 0 
0 0 0 0 0 0 0 0 0 0 0 0 0 0 0 0 0 0 0 0 0 0 0 3 0 27996 27998 0 0 98 0 0 15 25998550 0 0 0 0 0 0 9249327 694 0 0 
0 0 0 0 0 0 0 0 0 0 0 0 0 0 0 0 0 0 0 0 0 0 0 3 27997 0 0 6 0 0 98 15 0 6308295 10758906 8928485 0 0 0 9250424 0 0 694 0 
0 0 0 0 0 0 0 0 0 0 0 0 0 0 0 0 0 0 0 0 0 0 0 3 0 27996 27998 0 0 98 0 0 15 25998550 0 0 0 0 0 0 9249327 694 0 0 
0 0 0 0 0 0 0 0 0 0 0 0 0 0 0 0 0 0 0 0 0 0 0 3 27997 0 0 6 0 0 98 15 0 6308295 10758906 8928485 0 0 0 9250424 0 0 694 0 
0 0 0 0 0 0 0 0 0 0 0 0 0 0 0 0 0 0 0 0 0 0 0 3 0 27996 27998 0 0 98 0 0 15 25998550 0 0 0 0 0 0 9249327 694 0 0 
0 0 0 0 0 0 0 0 0 0 0 0 0 0 0 0 0 0 0 0 0 0 0 3 27997 0 0 6 0 0 98 15 0 6308295 10758906 8928485 0 0 0 9250424 0 0 694 0 
0 0 0 0 0 0 0 0 0 0 0 0 0 0 0 0 0 0 0 0 0 0 0 3 0 27996 27998 0 0 98 0 0 15 25998550 0 0 0 0 0 0 9249327 694 0 0 
0 0 0 0 0 0 0 0 0 0 0 0 0 0 0 0 0 0 0 0 0 0 0 3 27997 0 0 6 0 0 98 15 0 6308295 10758906 8928485 0 0 0 9250424 0 0 694 0 
0 0 0 0 0 0 0 0 0 0 0 0 0 0 0 0 0 0 0 0 0 0 0 3 0 27996 27998 0 0 98 0 0 15 25998550 0 0 0 0 0 0 9249327 694 0 0 
0 0 0 0 0 0 0 0 0 0 0 0 0 0 0 0 0 0 0 0 0 0 0 3 27997 0 0 6 0 0 98 15 0 6308295 10758906 8928485 0 0 0 9250424 0 0 694 0 
0 0 0 0 0 0 0 0 0 0 0 0 0 0 0 0 0 0 0 0 0 0 0 3 0 27996 27998 0 0 98 0 0 15 25998550 0 0 0 0 0 0 9249327 694 0 0 
0 0 0 0 0 0 0 0 0 0 0 0 0 0 0 0 0 0 0 0 0 0 0 3 27997 0 0 6 0 0 98 15 0 6308295 10758906 8928485 0 0 0 9250424 0 0 694 0 
0 0 0 0 0 0 0 0 0 0 0 0 0 0 0 0 0 0 0 0 0 0 0 3 0 27996 27998 0 0 98 0 0 15 25998550 0 0 0 0 0 0 9249327 694 0 0 
0 0 0 0 0 0 0 0 0 0 0 0 0 0 0 0 0 0 0 0 0 0 0 3 27997 0 0 6 0 0 98 15 0 6308295 10758906 8928485 0 0 0 9250424 0 0 694 0 
0 0 0 0 0 0 0 0 0 0 0 0 0 0 0 0 0 0 0 0 0 0 0 3 0 27996 27998 0 0 98 0 0 15 25998550 0 0 0 0 0 0 9249327 694 0 0 
0 0 0 0 0 0 0 0 0 0 0 0 0 0 0 0 0 0 0 0 0 0 0 3 27997 0 0 6 0 0 98 15 0 6308295 10758906 8928485 0 0 0 9250424 0 0 694 0 
0 0 0 0 0 0 0 0 0 0 0 0 0 0 0 0 0 0 0 0 0 0 0 3 0 27996 27998 0 0 98 0 0 15 25998550 0 0 0 0 0 0 9249327 694 0 0 
0 0 0 0 0 0 0 0 0 0 0 0 0 0 0 0 0 0 0 0 0 0 0 3 27997 0 0 6 0 0 98 15 0 6308295 10758906 8928485 0 0 0 9250424 0 0 694 0 
0 0 0 0 0 0 0 0 0 0 0 0 0 0 0 0 0 0 0 0 0 0 0 3 0 27996 27998 0 0 98 0 0 15 25998550 0 0 0 0 0 0 9249327 694 0 0 
0 0 0 0 0 0 0 0 0 0 0 0 0 0 0 0 0 0 0 0 0 0 0 3 27997 0 0 6 0 0 98 15 0 6308295 10758906 8928485 0 0 0 9250424 0 0 694 0 
0 0 0 0 0 0 0 0 0 0 0 0 0 0 0 0 0 0 0 0 0 0 0 3 0 27996 27998 0 0 98 0 0 15 25998550 0 0 0 0 0 0 9249327 694 0 0 
0 0 0 0 0 0 0 0 0 0 0 0 0 0 0 0 0 0 0 0 0 0 0 3 27997 0 0 6 0 0 98 15 0 6308295 10758906 8928485 0 0 0 9250424 0 0 694 0 
0 0 0 0 0 0 0 0 0 0 0 0 0 0 0 0 0 0 0 0 0 0 0 3 0 27996 27998 0 0 98 0 0 15 25998550 0 0 0 0 0 0 9249327 694 0 0 
0 0 0 0 0 0 0 0 0 0 0 0 0 0 0 0 0 0 0 0 0 0 0 3 27997 0 0 6 0 0 98 15 0 6308295 10758906 8928485 0 0 0 9250424 0 0 694 0 
0 0 0 0 0 0 0 0 0 0 0 0 0 0 0 0 0 0 0 0 0 0 0 3 0 27996 27998 0 0 98 0 0 15 25998550 0 0 0 0 0 0 9249327 694 0 0 
0 0 0 0 0 0 0 0 0 0 0 0 0 0 0 0 0 0 0 0 0 0 0 3 27997 0 0 6 0 0 98 15 0 6308295 10758906 8928485 0 0 0 9250424 0 0 694 0 
0 0 0 0 0 0 0 0 0 0 0 0 0 0 0 0 0 0 0 0 0 0 0 3 0 27996 27998 0 0 98 0 0 15 25998550 0 0 0 0 0 0 9249327 694 0 0 
0 0 0 0 0 0 0 0 0 0 0 0 0 0 0 0 0 0 0 0 0 0 0 3 27997 0 0 6 0 0 98 15 0 6308295 10758906 8928485 0 0 0 9250424 0 0 694 0 
0 0 0 0 0 0 0 0 0 0 0 0 0 0 0 0 0 0 0 0 0 0 0 3 0 27996 27998 0 0 98 0 0 15 25998550 0 0 0 0 0 0 9249327 694 0 0 
0 0 0 0 0 0 0 0 0 0 0 0 0 0 0 0 0 0 0 0 0 0 0 3 27997 0 0 6 0 0 98 15 0 6308295 10758906 8928485 0 0 0 9250424 0 0 694 0 
0 0 0 0 0 0 0 0 0 0 0 0 0 0 0 0 0 0 0 0 0 0 0 3 0 27996 27998 0 0 98 0 0 15 25998550 0 0 0 0 0 0 9249327 694 0 0 
0 0 0 0 0 0 0 0 0 0 0 0 0 0 0 0 0 0 0 0 0 0 0 3 27997 0 0 6 0 0 98 15 0 6308295 10758906 8928485 0 0 0 9250424 0 0 694 0 
0 0 0 0 0 0 0 0 0 0 0 0 0 0 0 0 0 0 0 0 0 0 0 3 0 27996 27998 0 0 98 0 0 15 25998550 0 0 0 0 0 0 9249327 694 0 0 
0 0 0 0 0 0 0 0 0 0 0 0 0 0 0 0 0 0 0 0 0 0 0 3 27997 0 0 6 0 0 98 15 0 6308295 10758906 8928485 0 0 0 9250424 0 0 694 0 
0 0 0 0 0 0 0 0 0 0 0 0 0 0 0 0 0 0 0 0 0 0 0 3 0 27996 27998 0 0 98 0 0 15 25998550 0 0 0 0 0 0 9249327 694 0 0 
0 0 0 0 0 0 0 0 0 0 0 0 0 0 0 0 0 0 0 0 0 0 0 3 27997 0 0 6 0 0 98 15 0 6308295 10758906 8928485 0 0 0 9250424 0 0 694 0 
0 0 0 0 0 0 0 0 0 0 0 0 0 0 0 0 0 0 0 0 0 0 0 3 0 27996 27998 0 0 98 0 0 15 25998550 0 0 0 0 0 0 9249327 694 0 0 
0 0 0 0 0 0 0 0 0 0 0 0 0 0 0 0 0 0 0 0 0 0 0 3 27997 0 0 6 0 0 98 15 0 6308295 10758906 8928485 0 0 0 9250424 0 0 694 0 
0 0 0 0 0 0 0 0 0 0 0 0 0 0 0 0 0 0 0 0 0 0 0 3 0 27996 27998 0 0 98 0 0 15 25998550 0 0 0 0 0 0 9249327 694 0 0 
0 0 0 0 0 0 0 0 0 0 0 0 0 0 0 0 0 0 0 0 0 0 0 3 27997 0 0 6 0 0 98 15 0 6308295 10758906 8928485 0 0 0 9250424 0 0 694 0 
0 0 0 0 0 0 0 0 0 0 0 0 0 0 0 0 0 0 0 0 0 0 0 3 0 27996 27998 0 0 98 0 0 15 25998550 0 0 0 0 0 0 9249327 694 0 0 
0 0 0 0 0 0 0 0 0 0 0 0 0 0 0 0 0 0 0 0 0 0 0 3 27997 0 0 6 0 0 98 15 0 6308295 10758906 8928485 0 0 0 9250424 0 0 694 0 
0 0 0 0 0 0 0 0 0 0 0 0 0 0 0 0 0 0 0 0 0 0 0 3 0 27996 27998 0 0 98 0 0 15 25998550 0 0 0 0 0 0 9249327 694 0 0 
0 0 0 0 0 0 0 0 0 0 0 0 0 0 0 0 0 0 0 0 0 0 0 3 27997 0 0 6 0 0 98 15 0 6308295 10758906 8928485 0 0 0 9250424 0 0 694 0 
0 0 0 0 0 0 0 0 0 0 0 0 0 0 0 0 0 0 0 0 0 0 0 3 0 27996 27998 0 0 98 0 0 15 25998550 0 0 0 0 0 0 9249327 694 0 0 
0 0 0 0 0 0 0 0 0 0 0 0 0 0 0 0 0 0 0 0 0 0 0 3 27997 0 0 6 0 0 98 15 0 6308295 10758906 8928485 0 0 0 9250424 0 0 694 0 
0 0 0 0 0 0 0 0 0 0 0 0 0 0 0 0 0 0 0 0 0 0 0 3 0 27996 27998 0 0 98 0 0 15 25998550 0 0 0 0 0 0 9249327 694 0 0 
0 0 0 0 0 0 0 0 0 0 0 0 0 0 0 0 0 0 0 0 0 0 0 3 27997 0 0 6 0 0 98 15 0 6308295 10758906 8928485 0 0 0 9250424 0 0 694 0 
0 0 0 0 0 0 0 0 0 0 0 0 0 0 0 0 0 0 0 0 0 0 0 3 0 27996 27998 0 0 98 0 0 15 25998550 0 0 0 0 0 0 9249327 694 0 0 
0 0 0 0 0 0 0 0 0 0 0 0 0 0 0 0 0 0 0 0 0 0 0 3 27997 0 0 6 0 0 98 15 0 6308295 10758906 8928485 0 0 0 9250424 0 0 694 0 
0 0 0 0 0 0 0 0 0 0 0 0 0 0 0 0 0 0 0 0 0 0 0 3 0 27996 27998 0 0 98 0 0 15 25998550 0 0 0 0 0 0 9249327 694 0 0 
0 0 0 0 0 0 0 0 0 0 0 0 0 0 0 0 0 0 0 0 0 0 0 3 27997 0 0 6 0 0 98 15 0 6308295 10758906 8928485 0 0 0 9250424 0 0 694 0 
0 0 0 0 0 0 0 0 0 0 0 0 0 0 0 0 0 0 0 0 0 0 0 3 0 27996 27998 0 0 98 0 0 15 25998550 0 0 0 0 0 0 9249327 694 0 0 
0 0 0 0 0 0 0 0 0 0 0 0 0 0 0 0 0 0 0 0 0 0 0 3 27997 0 0 6 0 0 98 15 0 6308295 10758906 8928485 0 0 0 9250424 0 0 694 0 
0 0 0 0 0 0 0 0 0 0 0 0 0 0 0 0 0 0 0 0 0 0 0 3 0 27996 27998 0 0 98 0 0 15 25998550 0 0 0 0 0 0 9249327 694 0 0 
0 0 0 0 0 0 0 0 0 0 0 0 0 0 0 0 0 0 0 0 0 0 0 3 27997 0 0 6 0 0 98 15 0 6308295 10758906 8928485 0 0 0 9250424 0 0 694 0 
0 0 0 0 0 0 0 0 0 0 0 0 0 0 0 0 0 0 0 0 0 0 0 3 0 27996 27998 0 0 98 0 0 15 25998550 0 0 0 0 0 0 9249327 694 0 0 
0 0 0 0 0 0 0 0 0 0 0 0 0 0 0 0 0 0 0 0 0 0 0 3 27997 0 0 6 0 0 98 15 0 6308295 10758906 8928485 0 0 0 9250424 0 0 694 0 
0 0 0 0 0 0 0 0 0 0 0 0 0 0 0 0 0 0 0 0 0 0 0 3 0 27996 27998 0 0 98 0 0 15 25998550 0 0 0 0 0 0 9249327 694 0 0 
0 0 0 0 0 0 0 0 0 0 0 0 0 0 0 0 0 0 0 0 0 0 0 3 27997 0 0 6 0 0 98 15 0 6308295 10758906 8928485 0 0 0 9250424 0 0 694 0 
0 0 0 0 0 0 0 0 0 0 0 0 0 0 0 0 0 0 0 0 0 0 0 3 0 27996 27998 0 0 98 0 0 15 25998550 0 0 0 0 0 0 9249327 694 0 0 
0 0 0 0 0 0 0 0 0 0 0 0 0 0 0 0 0 0 0 0 0 0 0 3 27997 0 0 6 0 0 98 15 0 6308295 10758906 8928485 0 0 0 9250424 0 0 694 0 
0 0 0 0 0 0 0 0 0 0 0 0 0 0 0 0 0 0 0 0 0 0 0 3 0 27996 27998 0 0 98 0 0 15 25998550 0 0 0 0 0 0 9249327 694 0 0 
0 0 0 0 0 0 0 0 0 0 0 0 0 0 0 0 0 0 0 0 0 0 0 3 27997 0 0 6 0 0 98 15 0 6308295 10758906 8928485 0 0 0 9250424 0 0 694 0 
0 0 0 0 0 0 0 0 0 0 0 0 0 0 0 0 0 0 0 0 0 0 0 3 0 27996 27998 0 0 98 0 0 15 25998550 0 0 0 0 0 0 9249327 694 0 0 
0 0 0 0 0 0 0 0 0 0 0 0 0 0 0 0 0 0 0 0 0 0 0 3 27997 0 0 6 0 0 98 15 0 6308295 10758906 8928485 0 0 0 9250424 0 0 694 0 
0 0 0 0 0 0 0 0 0 0 0 0 0 0 0 0 0 0 0 0 0 0 0 3 0 27996 27998 0 0 98 0 0 15 25998550 0 0 0 0 0 0 9249327 694 0 0 
0 0 0 0 0 0 0 0 0 0 0 0 0 0 0 0 0 0 0 0 0 0 0 3 27997 0 0 6 0 0 98 15 0 6308295 10758906 8928485 0 0 0 9250424 0 0 694 0 
0 0 0 0 0 0 0 0 0 0 0 0 0 0 0 0 0 0 0 0 0 0 0 3 0 27996 27998 0 0 98 0 0 15 25998550 0 0 0 0 0 0 9249327 694 0 0 
0 0 0 0 0 0 0 0 0 0 0 0 0 0 0 0 0 0 0 0 0 0 0 3 27997 0 0 6 0 0 98 15 0 6308295 10758906 8928485 0 0 0 9250424 0 0 694 0 
0 0 0 0 0 0 0 0 0 0 0 0 0 0 0 0 0 0 0 0 0 0 0 3 0 27996 27998 0 0 98 0 0 15 25998550 0 0 0 0 0 0 9249327 694 0 0 
0 0 0 0 0 0 0 0 0 0 0 0 0 0 0 0 0 0 0 0 0 0 0 3 27997 0 0 6 0 0 98 15 0 6308295 10758906 8928485 0 0 0 9250424 0 0 694 0 
0 0 0 0 0 0 0 0 0 0 0 0 0 0 0 0 0 0 0 0 0 0 0 3 0 27996 27998 0 0 98 0 0 15 25998550 0 0 0 0 0 0 9249327 694 0 0 
0 0 0 0 0 0 0 0 0 0 0 0 0 0 0 0 0 0 0 0 0 0 0 3 27997 0 0 6 0 0 98 15 0 6308295 10758906 8928485 0 0 0 9250424 0 0 694 0 
0 0 0 0 0 0 0 0 0 0 0 0 0 0 0 0 0 0 0 0 0 0 0 3 0 27996 27998 0 0 98 0 0 15 25998550 0 0 0 0 0 0 9249327 694 0 0 
0 0 0 0 0 0 0 0 0 0 0 0 0 0 0 0 0 0 0 0 0 0 0 3 27997 0 0 6 0 0 98 15 0 6308295 10758906 8928485 0 0 0 9250424 0 0 694 0 
0 0 0 0 0 0 0 0 0 0 0 0 0 0 0 0 0 0 0 0 0 0 0 3 0 27996 27998 0 0 98 0 0 15 25998550 0 0 0 0 0 0 9249327 694 0 0 
0 0 0 0 0 0 0 0 0 0 0 0 0 0 0 0 0 0 0 0 0 0 0 3 27997 0 0 6 0 0 98 15 0 6308295 10758906 8928485 0 0 0 9250424 0 0 694 0 
0 0 0 0 0 0 0 0 0 0 0 0 0 0 0 0 0 0 0 0 0 0 0 3 0 27996 27998 0 0 98 0 0 15 25998550 0 0 0 0 0 0 9249327 694 0 0 
0 0 0 0 0 0 0 0 0 0 0 0 0 0 0 0 0 0 0 0 0 0 0 3 27997 0 0 6 0 0 98 15 0 6308295 10758906 8928485 0 0 0 9250424 0 0 694 0 
0 0 0 0 0 0 0 0 0 0 0 0 0 0 0 0 0 0 0 0 0 0 0 3 0 27996 27998 0 0 98 0 0 15 25998550 0 0 0 0 0 0 9249327 694 0 0 
0 0 0 0 0 0 0 0 0 0 0 0 0 0 0 0 0 0 0 0 0 0 0 3 27997 0 0 6 0 0 98 15 0 6308295 10758906 8928485 0 0 0 9250424 0 0 694 0 
0 0 0 0 0 0 0 0 0 0 0 0 0 0 0 0 0 0 0 0 0 0 0 3 0 27996 27998 0 0 98 0 0 15 25998550 0 0 0 0 0 0 9249327 694 0 0 
0 0 0 0 0 0 0 0 0 0 0 0 0 0 0 0 0 0 0 0 0 0 0 3 27997 0 0 6 0 0 98 15 0 6308295 10758906 8928485 0 0 0 9250424 0 0 694 0 
0 0 0 0 0 0 0 0 0 0 0 0 0 0 0 0 0 0 0 0 0 0 0 3 0 27996 27998 0 0 98 0 0 15 25998550 0 0 0 0 0 0 9249327 694 0 0 
0 0 0 0 0 0 0 0 0 0 0 0 0 0 0 0 0 0 0 0 0 0 0 3 27997 0 0 6 0 0 98 15 0 6308295 10758906 8928485 0 0 0 9250424 0 0 694 0 
0 0 0 0 0 0 0 0 0 0 0 0 0 0 0 0 0 0 0 0 0 0 0 3 0 27996 27998 0 0 98 0 0 15 25998550 0 0 0 0 0 0 9249327 694 0 0 
0 0 0 0 0 0 0 0 0 0 0 0 0 0 0 0 0 0 0 0 0 0 0 3 27997 0 0 6 0 0 98 15 0 6308295 10758906 8928485 0 0 0 9250424 0 0 694 0 
0 0 0 0 0 0 0 0 0 0 0 0 0 0 0 0 0 0 0 0 0 0 0 3 0 27996 27998 0 0 98 0 0 15 25998550 0 0 0 0 0 0 9249327 694 0 0 
0 0 0 0 0 0 0 0 0 0 0 0 0 0 0 0 0 0 0 0 0 0 0 3 27997 0 0 6 0 0 98 15 0 6308295 10758906 8928485 0 0 0 9250424 0 0 694 0 
0 0 0 0 0 0 0 0 0 0 0 0 0 0 0 0 0 0 0 0 0 0 0 3 0 27996 27998 0 0 98 0 0 15 25998550 0 0 0 0 0 0 9249327 694 0 0 
0 0 0 0 0 0 0 0 0 0 0 0 0 0 0 0 0 0 0 0 0 0 0 3 27997 0 0 6 0 0 98 15 0 6308295 10758906 8928485 0 0 0 9250424 0 0 694 0 
0 0 0 0 0 0 0 0 0 0 0 0 0 0 0 0 0 0 0 0 0 0 0 3 0 27996 27998 0 0 98 0 0 15 25998550 0 0 0 0 0 0 9249327 694 0 0 
0 0 0 0 0 0 0 0 0 0 0 0 0 0 0 0 0 0 0 0 0 0 0 3 27997 0 0 6 0 0 98 15 0 6308295 10758906 8928485 0 0 0 9250424 0 0 694 0 
0 0 0 0 0 0 0 0 0 0 0 0 0 0 0 0 0 0 0 0 0 0 0 3 0 27996 27998 0 0 98 0 0 15 25998550 0 0 0 0 0 0 9249327 694 0 0 
0 0 0 0 0 0 0 0 0 0 0 0 0 0 0 0 0 0 0 0 0 0 0 3 27997 0 0 6 0 0 98 15 0 6308295 10758906 8928485 0 0 0 9250424 0 0 694 0 
0 0 0 0 0 0 0 0 0 0 0 0 0 0 0 0 0 0 0 0 0 0 0 3 0 27996 27998 0 0 98 0 0 15 25998550 0 0 0 0 0 0 9249327 694 0 0 
0 0 0 0 0 0 0 0 0 0 0 0 0 0 0 0 0 0 0 0 0 0 0 3 27997 0 0 6 0 0 98 15 0 6308295 10758906 8928485 0 0 0 9250424 0 0 694 0 
0 0 0 0 0 0 0 0 0 0 0 0 0 0 0 0 0 0 0 0 0 0 0 3 0 27996 27998 0 0 98 0 0 15 25998550 0 0 0 0 0 0 9249327 694 0 0 
0 0 0 0 0 0 0 0 0 0 0 0 0 0 0 0 0 0 0 0 0 0 0 3 27997 0 0 6 0 0 98 15 0 6308295 10758906 8928485 0 0 0 9250424 0 0 694 0 
0 0 0 0 0 0 0 0 0 0 0 0 0 0 0 0 0 0 0 0 0 0 0 3 0 27996 27998 0 0 98 0 0 15 25998550 0 0 0 0 0 0 9249327 694 0 0 
0 0 0 0 0 0 0 0 0 0 0 0 0 0 0 0 0 0 0 0 0 0 0 3 27997 0 0 6 0 0 98 15 0 6308295 10758906 8928485 0 0 0 9250424 0 0 694 0 
0 0 0 0 0 0 0 0 0 0 0 0 0 0 0 0 0 0 0 0 0 0 0 3 0 27996 27998 0 0 98 0 0 15 25998550 0 0 0 0 0 0 9249327 694 0 0 
0 0 0 0 0 0 0 0 0 0 0 0 0 0 0 0 0 0 0 0 0 0 0 3 27997 0 0 6 0 0 98 15 0 6308295 10758906 8928485 0 0 0 9250424 0 0 694 0 
0 0 0 0 0 0 0 0 0 0 0 0 0 0 0 0 0 0 0 0 0 0 0 3 0 27996 27998 0 0 98 0 0 15 25998550 0 0 0 0 0 0 9249327 694 0 0 
0 0 0 0 0 0 0 0 0 0 0 0 0 0 0 0 0 0 0 0 0 0 0 3 27997 0 0 6 0 0 98 15 0 6308295 10758906 8928485 0 0 0 9250424 0 0 694 0 
0 0 0 0 0 0 0 0 0 0 0 0 0 0 0 0 0 0 0 0 0 0 0 3 0 27996 27998 0 0 98 0 0 15 25998550 0 0 0 0 0 0 9249327 694 0 0 
0 0 0 0 0 0 0 0 0 0 0 0 0 0 0 0 0 0 0 0 0 0 0 3 27997 0 0 6 0 0 98 15 0 6308295 10758906 8928485 0 0 0 9250424 0 0 694 0 
0 0 0 0 0 0 0 0 0 0 0 0 0 0 0 0 0 0 0 0 0 0 0 3 0 27996 27998 0 0 98 0 0 15 25998550 0 0 0 0 0 0 9249327 694 0 0 
0 0 0 0 0 0 0 0 0 0 0 0 0 0 0 0 0 0 0 0 0 0 0 3 27997 0 0 6 0 0 98 15 0 6308295 10758906 8928485 0 0 0 9250424 0 0 694 0 
0 0 0 0 0 0 0 0 0 0 0 0 0 0 0 0 0 0 0 0 0 0 0 3 0 27996 27998 0 0 98 0 0 15 25998550 0 0 0 0 0 0 9249327 694 0 0 
0 0 0 0 0 0 0 0 0 0 0 0 0 0 0 0 0 0 0 0 0 0 0 3 27997 0 0 6 0 0 98 15 0 6308295 10758906 8928485 0 0 0 9250424 0 0 694 0 
0 0 0 0 0 0 0 0 0 0 0 0 0 0 0 0 0 0 0 0 0 0 0 3 0 27996 27998 0 0 98 0 0 15 25998550 0 0 0 0 0 0 9249327 694 0 0 
0 0 0 0 0 0 0 0 0 0 0 0 0 0 0 0 0 0 0 0 0 0 0 3 27997 0 0 6 0 0 98 15 0 6308295 10758906 8928485 0 0 0 9250424 0 0 694 0 
0 0 0 0 0 0 0 0 0 0 0 0 0 0 0 0 0 0 0 0 0 0 0 3 0 27996 27998 0 0 98 0 0 15 25998550 0 0 0 0 0 0 9249327 694 0 0 
0 0 0 0 0 0 0 0 0 0 0 0 0 0 0 0 0 0 0 0 0 0 0 3 27997 0 0 6 0 0 98 15 0 6308295 10758906 8928485 0 0 0 9250424 0 0 694 0 
0 0 0 0 0 0 0 0 0 0 0 0 0 0 0 0 0 0 0 0 0 0 0 3 0 27996 27998 0 0 98 0 0 15 25998550 0 0 0 0 0 0 9249327 694 0 0 
0 0 0 0 0 0 0 0 0 0 0 0 0 0 0 0 0 0 0 0 0 0 0 3 27997 0 0 6 0 0 98 15 0 6308295 10758906 8928485 0 0 0 9250424 0 0 694 0 
0 0 0 0 0 0 0 0 0 0 0 0 0 0 0 0 0 0 0 0 0 0 0 3 0 27996 27998 0 0 98 0 0 15 25998550 0 0 0 0 0 0 9249327 694 0 0 
0 0 0 0 0 0 0 0 0 0 0 0 0 0 0 0 0 0 0 0 0 0 0 3 27997 0 0 6 0 0 98 15 0 6308295 10758906 8928485 0 0 0 9250424 0 0 694 0 
0 0 0 0 0 0 0 0 0 0 0 0 0 0 0 0 0 0 0 0 0 0 0 3 0 27996 27998 0 0 98 0 0 15 25998550 0 0 0 0 0 0 9249327 694 0 0 
0 0 0 0 0 0 0 0 0 0 0 0 0 0 0 0 0 0 0 0 0 0 0 3 27997 0 0 6 0 0 98 15 0 6308295 10758906 8928485 0 0 0 9250424 0 0 694 0 
0 0 0 0 0 0 0 0 0 0 0 0 0 0 0 0 0 0 0 0 0 0 0 3 0 27996 27998 0 0 98 0 0 15 25998550 0 0 0 0 0 0 9249327 694 0 0 
0 0 0 0 0 0 0 0 0 0 0 0 0 0 0 0 0 0 0 0 0 0 0 3 27997 0 0 6 0 0 98 15 0 6308295 10758906 8928485 0 0 0 9250424 0 0 694 0 
0 0 0 0 0 0 0 0 0 0 0 0 0 0 0 0 0 0 0 0 0 0 0 3 0 27996 27998 0 0 98 0 0 15 25998550 0 0 0 0 0 0 9249327 694 0 0 
0 0 0 0 0 0 0 0 0 0 0 0 0 0 0 0 0 0 0 0 0 0 0 3 27997 0 0 6 0 0 98 15 0 6308295 10758906 8928485 0 0 0 9250424 0 0 694 0 
