0 0 0 0 0 0 0 0 0 0 0 0 0 0 0 0 0 0 0 0 0 0 0 3 47703 0 0 19 0 0 292 52 0 53897764 0 0 0 0 0 21272505 0 0 2094 0 
0 0 0 0 0 0 0 0 0 0 0 0 0 0 0 0 0 0 0 0 0 0 0 3 47703 0 0 19 0 0 292 52 0 53897764 0 0 0 0 0 21272505 0 0 2094 0 
0 0 0 0 0 0 0 0 0 0 0 0 0 0 0 0 0 0 0 0 0 0 0 3 47703 0 0 19 0 0 292 52 0 53897764 0 0 0 0 0 21272505 0 0 2094 0 
0 0 0 0 0 0 0 0 0 0 0 0 0 0 0 0 0 0 0 0 0 0 0 3 47703 0 0 19 0 0 292 52 0 53897764 0 0 0 0 0 21272505 0 0 2094 0 
0 0 0 0 0 0 0 0 0 0 0 0 0 0 0 0 0 0 0 0 0 0 0 3 47703 0 0 19 0 0 292 52 0 53897764 0 0 0 0 0 21272505 0 0 2094 0 
0 0 0 0 0 0 0 0 0 0 0 0 0 0 0 0 0 0 0 0 0 0 0 3 47703 0 0 19 0 0 292 52 0 53897764 0 0 0 0 0 21272505 0 0 2094 0 
0 0 0 0 0 0 0 0 0 0 0 0 0 0 0 0 0 0 0 0 0 0 0 3 47703 0 0 19 0 0 292 52 0 53897764 0 0 0 0 0 21272505 0 0 2094 0 
0 0 0 0 0 0 0 0 0 0 0 0 0 0 0 0 0 0 0 0 0 0 0 3 47703 0 0 19 0 0 292 52 0 53897764 0 0 0 0 0 21272505 0 0 2094 0 
0 0 0 0 0 0 0 0 0 0 0 0 0 0 0 0 0 0 0 0 0 0 0 3 47703 0 0 19 0 0 292 52 0 53897764 0 0 0 0 0 21272505 0 0 2094 0 
0 0 0 0 0 0 0 0 0 0 0 0 0 0 0 0 0 0 0 0 0 0 0 3 47703 0 0 19 0 0 292 52 0 53897764 0 0 0 0 0 21272505 0 0 2094 0 
0 0 0 0 0 0 0 0 0 0 0 0 0 0 0 0 0 0 0 0 0 0 0 3 47703 0 0 19 0 0 292 52 0 53897764 0 0 0 0 0 21272505 0 0 2094 0 
0 0 0 0 0 0 0 0 0 0 0 0 0 0 0 0 0 0 0 0 0 0 0 3 47703 0 0 19 0 0 292 52 0 53897764 0 0 0 0 0 21272505 0 0 2094 0 
0 0 0 0 0 0 0 0 0 0 0 0 0 0 0 0 0 0 0 0 0 0 0 3 47703 0 0 19 0 0 292 52 0 53897764 0 0 0 0 0 21272505 0 0 2094 0 
0 0 0 0 0 0 0 0 0 0 0 0 0 0 0 0 0 0 0 0 0 0 0 3 47703 0 0 19 0 0 292 52 0 53897764 0 0 0 0 0 21272505 0 0 2094 0 
0 0 0 0 0 0 0 0 0 0 0 0 0 0 0 0 0 0 0 0 0 0 0 3 47703 0 0 19 0 0 292 52 0 53897764 0 0 0 0 0 21272505 0 0 2094 0 
0 0 0 0 0 0 0 0 0 0 0 0 0 0 0 0 0 0 0 0 0 0 0 3 47703 0 0 19 0 0 292 52 0 53897764 0 0 0 0 0 21272505 0 0 2094 0 
0 0 0 0 0 0 0 0 0 0 0 0 0 0 0 0 0 0 0 0 0 0 0 3 47751 0 0 19 0 0 310 52 0 53933375 0 0 0 0 0 21272857 0 0 2094 0 
0 0 0 0 0 0 0 0 0 0 0 0 0 0 0 0 0 0 0 0 0 0 0 3 47871 0 0 19 0 0 313 52 0 53997594 0 0 0 0 0 21296645 0 0 2094 0 
0 0 0 0 0 0 0 0 0 0 0 0 0 0 0 0 0 0 0 0 0 0 0 3 48039 0 0 19 0 0 313 52 0 54067645 0 0 0 0 0 21323233 0 0 2094 0 
0 0 0 0 0 0 0 0 0 0 0 0 0 0 0 0 0 0 0 0 0 0 0 3 48219 0 0 19 0 0 313 52 0 54157924 0 0 0 0 0 21358911 0 0 2094 0 
0 0 0 0 0 0 0 0 0 0 0 0 0 0 0 0 0 0 0 0 0 0 0 3 48387 0 0 19 0 0 313 52 0 54253778 0 0 0 0 0 21396648 0 0 2094 0 
0 0 0 0 0 0 0 0 0 0 0 0 0 0 0 0 0 0 0 0 0 0 0 3 48459 0 0 19 0 0 313 52 0 54340583 0 0 0 0 0 21432650 0 0 2094 0 
0 0 0 0 0 0 0 0 0 0 0 0 0 0 0 0 0 0 0 0 0 0 0 3 48591 0 0 19 0 0 313 52 0 54407367 0 0 0 0 0 21455567 0 0 2094 0 
0 0 0 0 0 0 0 0 0 0 0 0 0 0 0 0 0 0 0 0 0 0 0 3 48771 0 0 19 0 0 313 52 0 54479275 0 0 0 0 0 21487306 0 0 2094 0 
0 0 0 0 0 0 0 0 0 0 0 0 0 0 0 0 0 0 0 0 0 0 0 3 48939 0 0 19 0 0 313 52 0 54563751 0 0 0 0 0 21522338 0 0 2094 0 
0 0 0 0 0 0 0 0 0 0 0 0 0 0 0 0 0 0 0 0 0 0 0 3 49107 0 0 19 0 0 313 52 0 54656815 0 0 0 0 0 21558575 0 0 2094 0 
0 0 0 0 0 0 0 0 0 0 0 0 0 0 0 0 0 0 0 0 0 0 0 3 49167 0 0 19 0 0 313 52 0 54741094 0 0 0 0 0 21592633 0 0 2094 0 
0 0 0 0 0 0 0 0 0 0 0 0 0 0 0 0 0 0 0 0 0 0 0 3 49311 0 0 19 0 0 313 52 0 54799098 0 0 0 0 0 21615720 0 0 2094 0 
0 0 0 0 0 0 0 0 0 0 0 0 0 0 0 0 0 0 0 0 0 0 0 3 49491 0 0 19 0 0 313 52 0 54872108 0 0 0 0 0 21645266 0 0 2094 0 
0 0 0 0 0 0 0 0 0 0 0 0 0 0 0 0 0 0 0 0 0 0 0 3 49659 0 0 19 0 0 313 52 0 54969514 0 0 0 0 0 21684212 0 0 2094 0 
0 0 0 0 0 0 0 0 0 0 0 0 0 0 0 0 0 0 0 0 0 0 0 3 49827 0 0 19 0 0 313 52 0 55062555 0 0 0 0 0 21720681 0 0 2094 0 
0 0 0 0 0 0 0 0 0 0 0 0 0 0 0 0 0 0 0 0 0 0 0 3 49863 0 0 19 0 0 313 52 0 55138676 0 0 0 0 0 21749159 0 0 2094 0 
0 0 0 0 0 0 0 0 0 0 0 0 0 0 0 0 0 0 0 0 0 0 0 3 50031 0 0 19 0 0 313 52 0 55207375 0 0 0 0 0 21780417 0 0 2094 0 
0 0 0 0 0 0 0 0 0 0 0 0 0 0 0 0 0 0 0 0 0 0 0 3 50199 0 0 19 0 0 313 52 0 55281682 0 0 0 0 0 21810562 0 0 2094 0 
0 0 0 0 0 0 0 0 0 0 0 0 0 0 0 0 0 0 0 0 0 0 0 3 50367 0 0 19 0 0 313 52 0 55373400 0 0 0 0 0 21846046 0 0 2094 0 
0 0 0 0 0 0 0 0 0 0 0 0 0 0 0 0 0 0 0 0 0 0 0 3 50487 0 0 19 0 0 313 52 0 55460860 0 0 0 0 0 21880835 0 0 2094 0 
0 0 0 0 0 0 0 0 0 0 0 0 0 0 0 0 0 0 0 0 0 0 0 3 50571 0 0 19 0 0 313 52 0 55528009 0 0 0 0 0 21904563 0 0 2094 0 
0 0 0 0 0 0 0 0 0 0 0 0 0 0 0 0 0 0 0 0 0 0 0 3 50751 0 0 19 0 0 313 52 0 55600030 0 0 0 0 0 21935858 0 0 2094 0 
0 0 0 0 0 0 0 0 0 0 0 0 0 0 0 0 0 0 0 0 0 0 0 3 50919 0 0 19 0 0 313 52 0 55683490 0 0 0 0 0 21970583 0 0 2094 0 
0 0 0 0 0 0 0 0 0 0 0 0 0 0 0 0 0 0 0 0 0 0 0 3 51087 0 0 19 0 0 313 52 0 55774779 0 0 0 0 0 22005224 0 0 2094 0 
0 0 0 0 0 0 0 0 0 0 0 0 0 0 0 0 0 0 0 0 0 0 0 3 51219 0 0 19 0 0 313 52 0 55862040 0 0 0 0 0 22039581 0 0 2094 0 
0 0 0 0 0 0 0 0 0 0 0 0 0 0 0 0 0 0 0 0 0 0 0 3 51291 0 0 19 0 0 313 52 0 55915252 0 0 0 0 0 22062617 0 0 2094 0 
0 0 0 0 0 0 0 0 0 0 0 0 0 0 0 0 0 0 0 0 0 0 0 3 51459 0 0 19 0 0 313 52 0 55989601 0 0 0 0 0 22093832 0 0 2094 0 
0 0 0 0 0 0 0 0 0 0 0 0 0 0 0 0 0 0 0 0 0 0 0 3 51627 0 0 19 0 0 313 52 0 56084983 0 0 0 0 0 22132336 0 0 2094 0 
0 0 0 0 0 0 0 0 0 0 0 0 0 0 0 0 0 0 0 0 0 0 0 3 51711 0 0 19 0 0 313 52 0 56170978 0 0 0 0 0 22167693 0 0 2094 0 
0 0 0 0 0 0 0 0 0 0 0 0 0 0 0 0 0 0 0 0 0 0 0 3 51831 0 0 19 0 0 313 52 0 56233211 0 0 0 0 0 22190971 0 0 2094 0 
0 0 0 0 0 0 0 0 0 0 0 0 0 0 0 0 0 0 0 0 0 0 0 3 51999 0 0 19 0 0 313 52 0 56299145 0 0 0 0 0 22221603 0 0 2094 0 
0 0 0 0 0 0 0 0 0 0 0 0 0 0 0 0 0 0 0 0 0 0 0 3 52179 0 0 19 0 0 313 52 0 56393945 0 0 0 0 0 22258209 0 0 2094 0 
0 0 0 0 0 0 0 0 0 0 0 0 0 0 0 0 0 0 0 0 0 0 0 3 52347 0 0 19 0 0 313 52 0 56485905 0 0 0 0 0 22293626 0 0 2094 0 
0 0 0 0 0 0 0 0 0 0 0 0 0 0 0 0 0 0 0 0 0 0 0 3 52383 0 0 19 0 0 313 52 0 56564045 0 0 0 0 0 22320637 0 0 2094 0 
0 0 0 0 0 0 0 0 0 0 0 0 0 0 0 0 0 0 0 0 0 0 0 3 52551 0 0 19 0 0 313 52 0 56622429 0 0 0 0 0 22348150 0 0 2094 0 
0 0 0 0 0 0 0 0 0 0 0 0 0 0 0 0 0 0 0 0 0 0 0 3 52719 0 0 19 0 0 313 52 0 56701737 0 0 0 0 0 22380471 0 0 2094 0 
0 0 0 0 0 0 0 0 0 0 0 0 0 0 0 0 0 0 0 0 0 0 0 3 52887 0 0 19 0 0 313 52 0 56794115 0 0 0 0 0 22416323 0 0 2094 0 
0 0 0 0 0 0 0 0 0 0 0 0 0 0 0 0 0 0 0 0 0 0 0 3 52995 0 0 19 0 0 313 52 0 56880309 0 0 0 0 0 22450219 0 0 2094 0 
0 0 0 0 0 0 0 0 0 0 0 0 0 0 0 0 0 0 0 0 0 0 0 3 53091 0 0 19 0 0 313 52 0 56947148 0 0 0 0 0 22474978 0 0 2094 0 
0 0 0 0 0 0 0 0 0 0 0 0 0 0 0 0 0 0 0 0 0 0 0 3 53271 0 0 19 0 0 313 52 0 57023077 0 0 0 0 0 22507438 0 0 2094 0 
0 0 0 0 0 0 0 0 0 0 0 0 0 0 0 0 0 0 0 0 0 0 0 3 53439 0 0 19 0 0 313 52 0 57103916 0 0 0 0 0 22540691 0 0 2094 0 
0 0 0 0 0 0 0 0 0 0 0 0 0 0 0 0 0 0 0 0 0 0 0 3 53607 0 0 19 0 0 313 52 0 57197469 0 0 0 0 0 22577240 0 0 2094 0 
0 0 0 0 0 0 0 0 0 0 0 0 0 0 0 0 0 0 0 0 0 0 0 3 53679 0 0 19 0 0 313 52 0 57284761 0 0 0 0 0 22612980 0 0 2094 0 
0 0 0 0 0 0 0 0 0 0 0 0 0 0 0 0 0 0 0 0 0 0 0 3 53811 0 0 19 0 0 313 52 0 57353503 0 0 0 0 0 22635937 0 0 2094 0 
0 0 0 0 0 0 0 0 0 0 0 0 0 0 0 0 0 0 0 0 0 0 0 3 53991 0 0 19 0 0 313 52 0 57426146 0 0 0 0 0 22667749 0 0 2094 0 
0 0 0 0 0 0 0 0 0 0 0 0 0 0 0 0 0 0 0 0 0 0 0 3 54159 0 0 19 0 0 313 52 0 57506550 0 0 0 0 0 22702391 0 0 2094 0 
0 0 0 0 0 0 0 0 0 0 0 0 0 0 0 0 0 0 0 0 0 0 0 3 54327 0 0 19 0 0 313 52 0 57600395 0 0 0 0 0 22738650 0 0 2094 0 
0 0 0 0 0 0 0 0 0 0 0 0 0 0 0 0 0 0 0 0 0 0 0 3 54399 0 0 19 0 0 313 52 0 57686835 0 0 0 0 0 22773660 0 0 2094 0 
0 0 0 0 0 0 0 0 0 0 0 0 0 0 0 0 0 0 0 0 0 0 0 3 54531 0 0 19 0 0 313 52 0 57739760 0 0 0 0 0 22793882 0 0 2094 0 
0 0 0 0 0 0 0 0 0 0 0 0 0 0 0 0 0 0 0 0 0 0 0 3 54711 0 0 19 0 0 313 52 0 57821196 0 0 0 0 0 22824752 0 0 2094 0 
0 0 0 0 0 0 0 0 0 0 0 0 0 0 0 0 0 0 0 0 0 0 0 3 54879 0 0 19 0 0 313 52 0 57905311 0 0 0 0 0 22859576 0 0 2094 0 
0 0 0 0 0 0 0 0 0 0 0 0 0 0 0 0 0 0 0 0 0 0 0 3 55047 0 0 19 0 0 313 52 0 57997721 0 0 0 0 0 22896393 0 0 2094 0 
0 0 0 0 0 0 0 0 0 0 0 0 0 0 0 0 0 0 0 0 0 0 0 3 55071 0 0 19 0 0 313 52 0 58061169 0 0 0 0 0 22919036 0 0 2094 0 
0 0 0 0 0 0 0 0 0 0 0 0 0 0 0 0 0 0 0 0 0 0 0 3 55251 0 0 19 0 0 313 52 0 58135841 0 0 0 0 0 22952049 0 0 2094 0 
0 0 0 0 0 0 0 0 0 0 0 0 0 0 0 0 0 0 0 0 0 0 0 3 55419 0 0 19 0 0 313 52 0 58214777 0 0 0 0 0 22986469 0 0 2094 0 
0 0 0 0 0 0 0 0 0 0 0 0 0 0 0 0 0 0 0 0 0 0 0 3 55587 0 0 19 0 0 313 52 0 58308592 0 0 0 0 0 23023334 0 0 2094 0 
0 0 0 0 0 0 0 0 0 0 0 0 0 0 0 0 0 0 0 0 0 0 0 3 55671 0 0 19 0 0 313 52 0 58395673 0 0 0 0 0 23059406 0 0 2094 0 
0 0 0 0 0 0 0 0 0 0 0 0 0 0 0 0 0 0 0 0 0 0 0 3 55791 0 0 19 0 0 313 52 0 58448286 0 0 0 0 0 23080201 0 0 2094 0 
0 0 0 0 0 0 0 0 0 0 0 0 0 0 0 0 0 0 0 0 0 0 0 3 55959 0 0 19 0 0 313 52 0 58519353 0 0 0 0 0 23109066 0 0 2094 0 
0 0 0 0 0 0 0 0 0 0 0 0 0 0 0 0 0 0 0 0 0 0 0 3 56127 0 0 19 0 0 313 52 0 58611517 0 0 0 0 0 23145374 0 0 2094 0 
0 0 0 0 0 0 0 0 0 0 0 0 0 0 0 0 0 0 0 0 0 0 0 3 56259 0 0 19 0 0 313 52 0 58699929 0 0 0 0 0 23181069 0 0 2094 0 
0 0 0 0 0 0 0 0 0 0 0 0 0 0 0 0 0 0 0 0 0 0 0 3 56331 0 0 19 0 0 313 52 0 58766611 0 0 0 0 0 23204440 0 0 2094 0 
0 0 0 0 0 0 0 0 0 0 0 0 0 0 0 0 0 0 0 0 0 0 0 3 56511 0 0 19 0 0 313 52 0 58838400 0 0 0 0 0 23235703 0 0 2094 0 
0 0 0 0 0 0 0 0 0 0 0 0 0 0 0 0 0 0 0 0 0 0 0 3 56679 0 0 19 0 0 313 52 0 58923233 0 0 0 0 0 23271526 0 0 2094 0 
0 0 0 0 0 0 0 0 0 0 0 0 0 0 0 0 0 0 0 0 0 0 0 3 56847 0 0 19 0 0 313 52 0 59018404 0 0 0 0 0 23308346 0 0 2094 0 
0 0 0 0 0 0 0 0 0 0 0 0 0 0 0 0 0 0 0 0 0 0 0 3 56907 0 0 19 0 0 313 52 0 59105180 0 0 0 0 0 23344169 0 0 2094 0 
0 0 0 0 0 0 0 0 0 0 0 0 0 0 0 0 0 0 0 0 0 0 0 3 57051 0 0 19 0 0 313 52 0 59162315 0 0 0 0 0 23364541 0 0 2094 0 
0 0 0 0 0 0 0 0 0 0 0 0 0 0 0 0 0 0 0 0 0 0 0 3 57231 0 0 19 0 0 313 52 0 59239853 0 0 0 0 0 23396489 0 0 2094 0 
0 0 0 0 0 0 0 0 0 0 0 0 0 0 0 0 0 0 0 0 0 0 0 3 57399 0 0 19 0 0 313 52 0 59327971 0 0 0 0 0 23432487 0 0 2094 0 
0 0 0 0 0 0 0 0 0 0 0 0 0 0 0 0 0 0 0 0 0 0 0 3 57567 0 0 19 0 0 313 52 0 59420706 0 0 0 0 0 23469477 0 0 2094 0 
0 0 0 0 0 0 0 0 0 0 0 0 0 0 0 0 0 0 0 0 0 0 0 3 57591 0 0 19 0 0 313 52 0 59484807 0 0 0 0 0 23492129 0 0 2094 0 
0 0 0 0 0 0 0 0 0 0 0 0 0 0 0 0 0 0 0 0 0 0 0 3 57771 0 0 19 0 0 313 52 0 59558964 0 0 0 0 0 23525131 0 0 2094 0 
0 0 0 0 0 0 0 0 0 0 0 0 0 0 0 0 0 0 0 0 0 0 0 3 57939 0 0 19 0 0 313 52 0 59637335 0 0 0 0 0 23557907 0 0 2094 0 
0 0 0 0 0 0 0 0 0 0 0 0 0 0 0 0 0 0 0 0 0 0 0 3 58107 0 0 19 0 0 313 52 0 59731100 0 0 0 0 0 23594202 0 0 2094 0 
0 0 0 0 0 0 0 0 0 0 0 0 0 0 0 0 0 0 0 0 0 0 0 3 58179 0 0 19 0 0 313 52 0 59817865 0 0 0 0 0 23629138 0 0 2094 0 
0 0 0 0 0 0 0 0 0 0 0 0 0 0 0 0 0 0 0 0 0 0 0 3 58311 0 0 19 0 0 313 52 0 59869602 0 0 0 0 0 23652083 0 0 2094 0 
0 0 0 0 0 0 0 0 0 0 0 0 0 0 0 0 0 0 0 0 0 0 0 3 58479 0 0 19 0 0 313 52 0 59946777 0 0 0 0 0 23684010 0 0 2094 0 
0 0 0 0 0 0 0 0 0 0 0 0 0 0 0 0 0 0 0 0 0 0 0 3 58647 0 0 19 0 0 313 52 0 60038786 0 0 0 0 0 23719293 0 0 2094 0 
0 0 0 0 0 0 0 0 0 0 0 0 0 0 0 0 0 0 0 0 0 0 0 3 58779 0 0 19 0 0 313 52 0 60129288 0 0 0 0 0 23756058 0 0 2094 0 
0 0 0 0 0 0 0 0 0 0 0 0 0 0 0 0 0 0 0 0 0 0 0 3 58851 0 0 19 0 0 313 52 0 60196045 0 0 0 0 0 23779602 0 0 2094 0 
0 0 0 0 0 0 0 0 0 0 0 0 0 0 0 0 0 0 0 0 0 0 0 3 59031 0 0 19 0 0 313 52 0 60271367 0 0 0 0 0 23813624 0 0 2094 0 
0 0 0 0 0 0 0 0 0 0 0 0 0 0 0 0 0 0 0 0 0 0 0 3 59199 0 0 19 0 0 313 52 0 60351351 0 0 0 0 0 23846735 0 0 2094 0 
0 0 0 0 0 0 0 0 0 0 0 0 0 0 0 0 0 0 0 0 0 0 0 3 59367 0 0 19 0 0 313 52 0 60445270 0 0 0 0 0 23883343 0 0 2094 0 
0 0 0 0 0 0 0 0 0 0 0 0 0 0 0 0 0 0 0 0 0 0 0 3 59451 0 0 19 0 0 313 52 0 60531015 0 0 0 0 0 23918375 0 0 2094 0 
0 0 0 0 0 0 0 0 0 0 0 0 0 0 0 0 0 0 0 0 0 0 0 3 59571 0 0 19 0 0 313 52 0 60586901 0 0 0 0 0 23941425 0 0 2094 0 
0 0 0 0 0 0 0 0 0 0 0 0 0 0 0 0 0 0 0 0 0 0 0 3 59751 0 0 19 0 0 313 52 0 60666934 0 0 0 0 0 23971860 0 0 2094 0 
0 0 0 0 0 0 0 0 0 0 0 0 0 0 0 0 0 0 0 0 0 0 0 3 59919 0 0 19 0 0 313 52 0 60754089 0 0 0 0 0 24006996 0 0 2094 0 
0 0 0 0 0 0 0 0 0 0 0 0 0 0 0 0 0 0 0 0 0 0 0 3 60087 0 0 19 0 0 313 52 0 60848540 0 0 0 0 0 24044296 0 0 2094 0 
0 0 0 0 0 0 0 0 0 0 0 0 0 0 0 0 0 0 0 0 0 0 0 3 60147 0 0 19 0 0 313 52 0 60935848 0 0 0 0 0 24079767 0 0 2094 0 
0 0 0 0 0 0 0 0 0 0 0 0 0 0 0 0 0 0 0 0 0 0 0 3 60291 0 0 19 0 0 313 52 0 60993123 0 0 0 0 0 24101345 0 0 2094 0 
0 0 0 0 0 0 0 0 0 0 0 0 0 0 0 0 0 0 0 0 0 0 0 3 60471 0 0 19 0 0 313 52 0 61073056 0 0 0 0 0 24132972 0 0 2094 0 
0 0 0 0 0 0 0 0 0 0 0 0 0 0 0 0 0 0 0 0 0 0 0 3 60639 0 0 19 0 0 313 52 0 61158395 0 0 0 0 0 24168653 0 0 2094 0 
0 0 0 0 0 0 0 0 0 0 0 0 0 0 0 0 0 0 0 0 0 0 0 3 60807 0 0 19 0 0 313 52 0 61252936 0 0 0 0 0 24205917 0 0 2094 0 
0 0 0 0 0 0 0 0 0 0 0 0 0 0 0 0 0 0 0 0 0 0 0 3 60843 0 0 19 0 0 313 52 0 61328312 0 0 0 0 0 24233269 0 0 2094 0 
0 0 0 0 0 0 0 0 0 0 0 0 0 0 0 0 0 0 0 0 0 0 0 3 61011 0 0 19 0 0 313 52 0 61395163 0 0 0 0 0 24264129 0 0 2094 0 
0 0 0 0 0 0 0 0 0 0 0 0 0 0 0 0 0 0 0 0 0 0 0 3 61179 0 0 19 0 0 313 52 0 61468424 0 0 0 0 0 24295494 0 0 2094 0 
0 0 0 0 0 0 0 0 0 0 0 0 0 0 0 0 0 0 0 0 0 0 0 3 61347 0 0 19 0 0 313 52 0 61564176 0 0 0 0 0 24332803 0 0 2094 0 
0 0 0 0 0 0 0 0 0 0 0 0 0 0 0 0 0 0 0 0 0 0 0 3 61479 0 0 19 0 0 313 52 0 61652104 0 0 0 0 0 24367708 0 0 2094 0 
0 0 0 0 0 0 0 0 0 0 0 0 0 0 0 0 0 0 0 0 0 0 0 3 61551 0 0 19 0 0 313 52 0 61718790 0 0 0 0 0 24389745 0 0 2094 0 
0 0 0 0 0 0 0 0 0 0 0 0 0 0 0 0 0 0 0 0 0 0 0 3 61730 0 0 19 0 0 313 52 0 61790814 0 0 0 0 0 24422926 0 0 2094 0 
0 0 0 0 0 0 0 0 0 0 0 0 0 0 0 0 0 0 0 0 0 0 0 3 61898 0 0 19 0 0 313 52 0 61872499 0 0 0 0 0 24456306 0 0 2094 0 
0 0 0 0 0 0 0 0 0 0 0 0 0 0 0 0 0 0 0 0 0 0 0 3 62066 0 0 19 0 0 313 52 0 61966771 0 0 0 0 0 24493715 0 0 2094 0 
0 0 0 0 0 0 0 0 0 0 0 0 0 0 0 0 0 0 0 0 0 0 0 3 62090 0 0 19 0 0 313 52 0 62028696 0 0 0 0 0 24515873 0 0 2094 0 
0 0 0 0 0 0 0 0 0 0 0 0 0 0 0 0 0 0 0 0 0 0 0 3 62270 0 0 19 0 0 313 52 0 62104073 0 0 0 0 0 24549657 0 0 2094 0 
0 0 0 0 0 0 0 0 0 0 0 0 0 0 0 0 0 0 0 0 0 0 0 3 62438 0 0 19 0 0 313 52 0 62181930 0 0 0 0 0 24582887 0 0 2094 0 
0 0 0 0 0 0 0 0 0 0 0 0 0 0 0 0 0 0 0 0 0 0 0 3 62606 0 0 19 0 0 313 52 0 62276251 0 0 0 0 0 24620530 0 0 2094 0 
0 0 0 0 0 0 0 0 0 0 0 0 0 0 0 0 0 0 0 0 0 0 0 3 62642 0 0 19 0 0 313 52 0 62347957 0 0 0 0 0 24645893 0 0 2094 0 
0 0 0 0 0 0 0 0 0 0 0 0 0 0 0 0 0 0 0 0 0 0 0 3 62810 0 0 19 0 0 313 52 0 62407621 0 0 0 0 0 24675415 0 0 2094 0 
0 0 0 0 0 0 0 0 0 0 0 0 0 0 0 0 0 0 0 0 0 0 0 3 62978 0 0 19 0 0 313 52 0 62489271 0 0 0 0 0 24709575 0 0 2094 0 
0 0 0 0 0 0 0 0 0 0 0 0 0 0 0 0 0 0 0 0 0 0 0 3 63146 0 0 19 0 0 313 52 0 62583562 0 0 0 0 0 24746786 0 0 2094 0 
0 0 0 0 0 0 0 0 0 0 0 0 0 0 0 0 0 0 0 0 0 0 0 3 63170 0 0 19 0 0 313 52 0 62647386 0 0 0 0 0 24768629 0 0 2094 0 
0 0 0 0 0 0 0 0 0 0 0 0 0 0 0 0 0 0 0 0 0 0 0 3 63350 0 0 19 0 0 313 52 0 62719191 0 0 0 0 0 24800625 0 0 2094 0 
0 0 0 0 0 0 0 0 0 0 0 0 0 0 0 0 0 0 0 0 0 0 0 3 63518 0 0 19 0 0 313 52 0 62799745 0 0 0 0 0 24833824 0 0 2094 0 
0 0 0 0 0 0 0 0 0 0 0 0 0 0 0 0 0 0 0 0 0 0 0 3 63686 0 0 19 0 0 313 52 0 62893878 0 0 0 0 0 24871218 0 0 2094 0 
0 0 0 0 0 0 0 0 0 0 0 0 0 0 0 0 0 0 0 0 0 0 0 3 63734 0 0 19 0 0 313 52 0 62971075 0 0 0 0 0 24900185 0 0 2094 0 
0 0 0 0 0 0 0 0 0 0 0 0 0 0 0 0 0 0 0 0 0 0 0 3 63890 0 0 19 0 0 313 52 0 63031079 0 0 0 0 0 24927786 0 0 2094 0 
0 0 0 0 0 0 0 0 0 0 0 0 0 0 0 0 0 0 0 0 0 0 0 3 64058 0 0 19 0 0 313 52 0 63108653 0 0 0 0 0 24961600 0 0 2094 0 
0 0 0 0 0 0 0 0 0 0 0 0 0 0 0 0 0 0 0 0 0 0 0 3 64226 0 0 19 0 0 313 52 0 63200448 0 0 0 0 0 24996489 0 0 2094 0 
0 0 0 0 0 0 0 0 0 0 0 0 0 0 0 0 0 0 0 0 0 0 0 3 64322 0 0 19 0 0 313 52 0 63286369 0 0 0 0 0 25031459 0 0 2094 0 
0 0 0 0 0 0 0 0 0 0 0 0 0 0 0 0 0 0 0 0 0 0 0 3 64430 0 0 19 0 0 313 52 0 63343573 0 0 0 0 0 25054618 0 0 2094 0 
0 0 0 0 0 0 0 0 0 0 0 0 0 0 0 0 0 0 0 0 0 0 0 3 64598 0 0 19 0 0 313 52 0 63415824 0 0 0 0 0 25084744 0 0 2094 0 
0 0 0 0 0 0 0 0 0 0 0 0 0 0 0 0 0 0 0 0 0 0 0 3 64766 0 0 19 0 0 313 52 0 63511314 0 0 0 0 0 25122394 0 0 2094 0 
0 0 0 0 0 0 0 0 0 0 0 0 0 0 0 0 0 0 0 0 0 0 0 3 64826 0 0 19 0 0 313 52 0 63598122 0 0 0 0 0 25158570 0 0 2094 0 
0 0 0 0 0 0 0 0 0 0 0 0 0 0 0 0 0 0 0 0 0 0 0 3 64970 0 0 19 0 0 313 52 0 63651387 0 0 0 0 0 25180217 0 0 2094 0 
0 0 0 0 0 0 0 0 0 0 0 0 0 0 0 0 0 0 0 0 0 0 0 3 65138 0 0 19 0 0 313 52 0 63726159 0 0 0 0 0 25211403 0 0 2094 0 
0 0 0 0 0 0 0 0 0 0 0 0 0 0 0 0 0 0 0 0 0 0 0 3 65306 0 0 19 0 0 313 52 0 63819568 0 0 0 0 0 25248287 0 0 2094 0 
0 0 0 0 0 0 0 0 0 0 0 0 0 0 0 0 0 0 0 0 0 0 0 3 65378 0 0 19 0 0 313 52 0 63903889 0 0 0 0 0 25282870 0 0 2094 0 
0 0 0 0 0 0 0 0 0 0 0 0 0 0 0 0 0 0 0 0 0 0 0 3 65510 0 0 19 0 0 313 52 0 63956507 0 0 0 0 0 25303463 0 0 2094 0 
0 0 0 0 0 0 0 0 0 0 0 0 0 0 0 0 0 0 0 0 0 0 0 3 65678 0 0 19 0 0 313 52 0 64031948 0 0 0 0 0 25335486 0 0 2094 0 
0 0 0 0 0 0 0 0 0 0 0 0 0 0 0 0 0 0 0 0 0 0 0 3 65846 0 0 19 0 0 313 52 0 64124900 0 0 0 0 0 25371620 0 0 2094 0 
0 0 0 0 0 0 0 0 0 0 0 0 0 0 0 0 0 0 0 0 0 0 0 3 65906 0 0 19 0 0 313 52 0 64206552 0 0 0 0 0 25403918 0 0 2094 0 
0 0 0 0 0 0 0 0 0 0 0 0 0 0 0 0 0 0 0 0 0 0 0 3 66050 0 0 19 0 0 313 52 0 64261768 0 0 0 0 0 25428163 0 0 2094 0 
0 0 0 0 0 0 0 0 0 0 0 0 0 0 0 0 0 0 0 0 0 0 0 3 66218 0 0 19 0 0 313 52 0 64337160 0 0 0 0 0 25459351 0 0 2094 0 
0 0 0 0 0 0 0 0 0 0 0 0 0 0 0 0 0 0 0 0 0 0 0 3 66386 0 0 19 0 0 313 52 0 64431221 0 0 0 0 0 25496081 0 0 2094 0 
0 0 0 0 0 0 0 0 0 0 0 0 0 0 0 0 0 0 0 0 0 0 0 3 66446 0 0 19 0 0 313 52 0 64518927 0 0 0 0 0 25532347 0 0 2094 0 
0 0 0 0 0 0 0 0 0 0 0 0 0 0 0 0 0 0 0 0 0 0 0 3 66590 0 0 19 0 0 313 52 0 64571221 0 0 0 0 0 25551982 0 0 2094 0 
0 0 0 0 0 0 0 0 0 0 0 0 0 0 0 0 0 0 0 0 0 0 0 3 66770 0 0 19 0 0 313 52 0 64647451 0 0 0 0 0 25581918 0 0 2094 0 
0 0 0 0 0 0 0 0 0 0 0 0 0 0 0 0 0 0 0 0 0 0 0 3 66938 0 0 19 0 0 313 52 0 64741064 0 0 0 0 0 25619323 0 0 2094 0 
0 0 0 0 0 0 0 0 0 0 0 0 0 0 0 0 0 0 0 0 0 0 0 3 67106 0 0 19 0 0 313 52 0 64835810 0 0 0 0 0 25656889 0 0 2094 0 
0 0 0 0 0 0 0 0 0 0 0 0 0 0 0 0 0 0 0 0 0 0 0 3 67130 0 0 19 0 0 313 52 0 64898936 0 0 0 0 0 25680495 0 0 2094 0 
0 0 0 0 0 0 0 0 0 0 0 0 0 0 0 0 0 0 0 0 0 0 0 3 67310 0 0 19 0 0 313 52 0 64969642 0 0 0 0 0 25713291 0 0 2094 0 
0 0 0 0 0 0 0 0 0 0 0 0 0 0 0 0 0 0 0 0 0 0 0 3 67478 0 0 19 0 0 313 52 0 65050425 0 0 0 0 0 25746613 0 0 2094 0 
0 0 0 0 0 0 0 0 0 0 0 0 0 0 0 0 0 0 0 0 0 0 0 3 67646 0 0 19 0 0 313 52 0 65140763 0 0 0 0 0 25781563 0 0 2094 0 
0 0 0 0 0 0 0 0 0 0 0 0 0 0 0 0 0 0 0 0 0 0 0 3 67670 0 0 19 0 0 313 52 0 65202762 0 0 0 0 0 25804077 0 0 2094 0 
0 0 0 0 0 0 0 0 0 0 0 0 0 0 0 0 0 0 0 0 0 0 0 3 67850 0 0 19 0 0 313 52 0 65275141 0 0 0 0 0 25835422 0 0 2094 0 
0 0 0 0 0 0 0 0 0 0 0 0 0 0 0 0 0 0 0 0 0 0 0 3 68018 0 0 19 0 0 313 52 0 65353074 0 0 0 0 0 25867406 0 0 2094 0 
0 0 0 0 0 0 0 0 0 0 0 0 0 0 0 0 0 0 0 0 0 0 0 3 68186 0 0 19 0 0 313 52 0 65446550 0 0 0 0 0 25905008 0 0 2094 0 
0 0 0 0 0 0 0 0 0 0 0 0 0 0 0 0 0 0 0 0 0 0 0 3 68210 0 0 19 0 0 313 52 0 65509800 0 0 0 0 0 25929038 0 0 2094 0 
0 0 0 0 0 0 0 0 0 0 0 0 0 0 0 0 0 0 0 0 0 0 0 3 68390 0 0 19 0 0 313 52 0 65576303 0 0 0 0 0 25959574 0 0 2094 0 
0 0 0 0 0 0 0 0 0 0 0 0 0 0 0 0 0 0 0 0 0 0 0 3 68558 0 0 19 0 0 313 52 0 65661714 0 0 0 0 0 25994806 0 0 2094 0 
0 0 0 0 0 0 0 0 0 0 0 0 0 0 0 0 0 0 0 0 0 0 0 3 68726 0 0 19 0 0 313 52 0 65756424 0 0 0 0 0 26031650 0 0 2094 0 
0 0 0 0 0 0 0 0 0 0 0 0 0 0 0 0 0 0 0 0 0 0 0 3 68762 0 0 19 0 0 313 52 0 65834058 0 0 0 0 0 26059831 0 0 2094 0 
0 0 0 0 0 0 0 0 0 0 0 0 0 0 0 0 0 0 0 0 0 0 0 3 68930 0 0 19 0 0 313 52 0 65897720 0 0 0 0 0 26089401 0 0 2094 0 
0 0 0 0 0 0 0 0 0 0 0 0 0 0 0 0 0 0 0 0 0 0 0 3 69098 0 0 19 0 0 313 52 0 65971268 0 0 0 0 0 26120446 0 0 2094 0 
0 0 0 0 0 0 0 0 0 0 0 0 0 0 0 0 0 0 0 0 0 0 0 3 69266 0 0 19 0 0 313 52 0 66065297 0 0 0 0 0 26156651 0 0 2094 0 
0 0 0 0 0 0 0 0 0 0 0 0 0 0 0 0 0 0 0 0 0 0 0 3 69398 0 0 19 0 0 313 52 0 66154571 0 0 0 0 0 26191773 0 0 2094 0 
0 0 0 0 0 0 0 0 0 0 0 0 0 0 0 0 0 0 0 0 0 0 0 3 69470 0 0 19 0 0 313 52 0 66220200 0 0 0 0 0 26214948 0 0 2094 0 
0 0 0 0 0 0 0 0 0 0 0 0 0 0 0 0 0 0 0 0 0 0 0 3 69650 0 0 19 0 0 313 52 0 66294301 0 0 0 0 0 26246691 0 0 2094 0 
0 0 0 0 0 0 0 0 0 0 0 0 0 0 0 0 0 0 0 0 0 0 0 3 69818 0 0 19 0 0 313 52 0 66376262 0 0 0 0 0 26279886 0 0 2094 0 
0 0 0 0 0 0 0 0 0 0 0 0 0 0 0 0 0 0 0 0 0 0 0 3 69986 0 0 19 0 0 313 52 0 66469895 0 0 0 0 0 26316717 0 0 2094 0 
0 0 0 0 0 0 0 0 0 0 0 0 0 0 0 0 0 0 0 0 0 0 0 3 70022 0 0 19 0 0 313 52 0 66536132 0 0 0 0 0 26340645 0 0 2094 0 
0 0 0 0 0 0 0 0 0 0 0 0 0 0 0 0 0 0 0 0 0 0 0 3 70190 0 0 19 0 0 313 52 0 66609288 0 0 0 0 0 26373409 0 0 2094 0 
0 0 0 0 0 0 0 0 0 0 0 0 0 0 0 0 0 0 0 0 0 0 0 3 70358 0 0 19 0 0 313 52 0 66686690 0 0 0 0 0 26405109 0 0 2094 0 
0 0 0 0 0 0 0 0 0 0 0 0 0 0 0 0 0 0 0 0 0 0 0 3 70526 0 0 19 0 0 313 52 0 66778821 0 0 0 0 0 26440142 0 0 2094 0 
0 0 0 0 0 0 0 0 0 0 0 0 0 0 0 0 0 0 0 0 0 0 0 3 70658 0 0 19 0 0 313 52 0 66867826 0 0 0 0 0 26475761 0 0 2094 0 
0 0 0 0 0 0 0 0 0 0 0 0 0 0 0 0 0 0 0 0 0 0 0 3 70730 0 0 19 0 0 313 52 0 66934621 0 0 0 0 0 26498776 0 0 2094 0 
0 0 0 0 0 0 0 0 0 0 0 0 0 0 0 0 0 0 0 0 0 0 0 3 70910 0 0 19 0 0 313 52 0 67007303 0 0 0 0 0 26531852 0 0 2094 0 
0 0 0 0 0 0 0 0 0 0 0 0 0 0 0 0 0 0 0 0 0 0 0 3 71078 0 0 19 0 0 313 52 0 67088210 0 0 0 0 0 26565618 0 0 2094 0 
0 0 0 0 0 0 0 0 0 0 0 0 0 0 0 0 0 0 0 0 0 0 0 3 71246 0 0 19 0 0 313 52 0 67181784 0 0 0 0 0 26602363 0 0 2094 0 
0 0 0 0 0 0 0 0 0 0 0 0 0 0 0 0 0 0 0 0 0 0 0 3 71318 0 0 19 0 0 313 52 0 67264712 0 0 0 0 0 26635895 0 0 2094 0 
0 0 0 0 0 0 0 0 0 0 0 0 0 0 0 0 0 0 0 0 0 0 0 3 71450 0 0 19 0 0 313 52 0 67321680 0 0 0 0 0 26658121 0 0 2094 0 
0 0 0 0 0 0 0 0 0 0 0 0 0 0 0 0 0 0 0 0 0 0 0 3 71618 0 0 19 0 0 313 52 0 67393929 0 0 0 0 0 26689754 0 0 2094 0 
0 0 0 0 0 0 0 0 0 0 0 0 0 0 0 0 0 0 0 0 0 0 0 3 71798 0 0 19 0 0 313 52 0 67488787 0 0 0 0 0 26726345 0 0 2094 0 
0 0 0 0 0 0 0 0 0 0 0 0 0 0 0 0 0 0 0 0 0 0 0 3 71966 0 0 19 0 0 313 52 0 67582866 0 0 0 0 0 26762785 0 0 2094 0 
0 0 0 0 0 0 0 0 0 0 0 0 0 0 0 0 0 0 0 0 0 0 0 3 72002 0 0 19 0 0 313 52 0 67656751 0 0 0 0 0 26789194 0 0 2094 0 
0 0 0 0 0 0 0 0 0 0 0 0 0 0 0 0 0 0 0 0 0 0 0 3 72170 0 0 19 0 0 313 52 0 67724027 0 0 0 0 0 26819530 0 0 2094 0 
0 0 0 0 0 0 0 0 0 0 0 0 0 0 0 0 0 0 0 0 0 0 0 3 72338 0 0 19 0 0 313 52 0 67798509 0 0 0 0 0 26850699 0 0 2094 0 
0 0 0 0 0 0 0 0 0 0 0 0 0 0 0 0 0 0 0 0 0 0 0 3 72506 0 0 19 0 0 313 52 0 67890106 0 0 0 0 0 26886109 0 0 2094 0 
0 0 0 0 0 0 0 0 0 0 0 0 0 0 0 0 0 0 0 0 0 0 0 3 72590 0 0 19 0 0 313 52 0 67974765 0 0 0 0 0 26920722 0 0 2094 0 
0 0 0 0 0 0 0 0 0 0 0 0 0 0 0 0 0 0 0 0 0 0 0 3 72710 0 0 19 0 0 313 52 0 68037433 0 0 0 0 0 26943144 0 0 2094 0 
0 0 0 0 0 0 0 0 0 0 0 0 0 0 0 0 0 0 0 0 0 0 0 3 72890 0 0 19 0 0 313 52 0 68115253 0 0 0 0 0 26975134 0 0 2094 0 
0 0 0 0 0 0 0 0 0 0 0 0 0 0 0 0 0 0 0 0 0 0 0 3 73058 0 0 19 0 0 313 52 0 68197711 0 0 0 0 0 27008143 0 0 2094 0 
0 0 0 0 0 0 0 0 0 0 0 0 0 0 0 0 0 0 0 0 0 0 0 3 73226 0 0 19 0 0 313 52 0 68291188 0 0 0 0 0 27044513 0 0 2094 0 
0 0 0 0 0 0 0 0 0 0 0 0 0 0 0 0 0 0 0 0 0 0 0 3 73322 0 0 19 0 0 313 52 0 68376123 0 0 0 0 0 27078914 0 0 2094 0 
0 0 0 0 0 0 0 0 0 0 0 0 0 0 0 0 0 0 0 0 0 0 0 3 73430 0 0 19 0 0 313 52 0 68445487 0 0 0 0 0 27101550 0 0 2094 0 
0 0 0 0 0 0 0 0 0 0 0 0 0 0 0 0 0 0 0 0 0 0 0 3 73610 0 0 19 0 0 313 52 0 68514840 0 0 0 0 0 27132554 0 0 2094 0 
0 0 0 0 0 0 0 0 0 0 0 0 0 0 0 0 0 0 0 0 0 0 0 3 73778 0 0 19 0 0 313 52 0 68598472 0 0 0 0 0 27167208 0 0 2094 0 
0 0 0 0 0 0 0 0 0 0 0 0 0 0 0 0 0 0 0 0 0 0 0 3 73946 0 0 19 0 0 313 52 0 68692141 0 0 0 0 0 27204518 0 0 2094 0 
0 0 0 0 0 0 0 0 0 0 0 0 0 0 0 0 0 0 0 0 0 0 0 3 73982 0 0 19 0 0 313 52 0 68761764 0 0 0 0 0 27230525 0 0 2094 0 
0 0 0 0 0 0 0 0 0 0 0 0 0 0 0 0 0 0 0 0 0 0 0 3 74150 0 0 19 0 0 313 52 0 68833973 0 0 0 0 0 27263180 0 0 2094 0 
0 0 0 0 0 0 0 0 0 0 0 0 0 0 0 0 0 0 0 0 0 0 0 3 74318 0 0 19 0 0 313 52 0 68911419 0 0 0 0 0 27296021 0 0 2094 0 
0 0 0 0 0 0 0 0 0 0 0 0 0 0 0 0 0 0 0 0 0 0 0 3 74486 0 0 19 0 0 313 52 0 69004224 0 0 0 0 0 27332095 0 0 2094 0 
0 0 0 0 0 0 0 0 0 0 0 0 0 0 0 0 0 0 0 0 0 0 0 3 74654 0 0 19 0 0 313 52 0 69095323 0 0 0 0 0 27367568 0 0 2094 0 
0 0 0 0 0 0 0 0 0 0 0 0 0 0 0 0 0 0 0 0 0 0 0 3 74690 0 0 19 0 0 313 52 0 69160720 0 0 0 0 0 27392764 0 0 2094 0 
0 0 0 0 0 0 0 0 0 0 0 0 0 0 0 0 0 0 0 0 0 0 0 3 74870 0 0 19 0 0 313 52 0 69228299 0 0 0 0 0 27423690 0 0 2094 0 
0 0 0 0 0 0 0 0 0 0 0 0 0 0 0 0 0 0 0 0 0 0 0 3 75038 0 0 19 0 0 313 52 0 69314074 0 0 0 0 0 27458578 0 0 2094 0 
0 0 0 0 0 0 0 0 0 0 0 0 0 0 0 0 0 0 0 0 0 0 0 3 75206 0 0 19 0 0 313 52 0 69409714 0 0 0 0 0 27495673 0 0 2094 0 
0 0 0 0 0 0 0 0 0 0 0 0 0 0 0 0 0 0 0 0 0 0 0 3 75254 0 0 19 0 0 313 52 0 69488823 0 0 0 0 0 27524672 0 0 2094 0 
0 0 0 0 0 0 0 0 0 0 0 0 0 0 0 0 0 0 0 0 0 0 0 3 75410 0 0 19 0 0 313 52 0 69549605 0 0 0 0 0 27552548 0 0 2094 0 
0 0 0 0 0 0 0 0 0 0 0 0 0 0 0 0 0 0 0 0 0 0 0 3 75578 0 0 19 0 0 313 52 0 69624995 0 0 0 0 0 27584739 0 0 2094 0 
0 0 0 0 0 0 0 0 0 0 0 0 0 0 0 0 0 0 0 0 0 0 0 3 75746 0 0 19 0 0 313 52 0 69719258 0 0 0 0 0 27621520 0 0 2094 0 
0 0 0 0 0 0 0 0 0 0 0 0 0 0 0 0 0 0 0 0 0 0 0 3 75818 0 0 19 0 0 313 52 0 69804804 0 0 0 0 0 27656201 0 0 2094 0 
0 0 0 0 0 0 0 0 0 0 0 0 0 0 0 0 0 0 0 0 0 0 0 3 75950 0 0 19 0 0 313 52 0 69858145 0 0 0 0 0 27678024 0 0 2094 0 
0 0 0 0 0 0 0 0 0 0 0 0 0 0 0 0 0 0 0 0 0 0 0 3 76118 0 0 19 0 0 313 52 0 69934434 0 0 0 0 0 27711858 0 0 2094 0 
0 0 0 0 0 0 0 0 0 0 0 0 0 0 0 0 0 0 0 0 0 0 0 3 76286 0 0 19 0 0 313 52 0 70026963 0 0 0 0 0 27747399 0 0 2094 0 
0 0 0 0 0 0 0 0 0 0 0 0 0 0 0 0 0 0 0 0 0 0 0 3 76418 0 0 19 0 0 313 52 0 70114960 0 0 0 0 0 27781532 0 0 2094 0 
0 0 0 0 0 0 0 0 0 0 0 0 0 0 0 0 0 0 0 0 0 0 0 3 76490 0 0 19 0 0 313 52 0 70175014 0 0 0 0 0 27805010 0 0 2094 0 
0 0 0 0 0 0 0 0 0 0 0 0 0 0 0 0 0 0 0 0 0 0 0 3 76670 0 0 19 0 0 313 52 0 70244564 0 0 0 0 0 27833753 0 0 2094 0 
0 0 0 0 0 0 0 0 0 0 0 0 0 0 0 0 0 0 0 0 0 0 0 3 76838 0 0 19 0 0 313 52 0 70331174 0 0 0 0 0 27869204 0 0 2094 0 
0 0 0 0 0 0 0 0 0 0 0 0 0 0 0 0 0 0 0 0 0 0 0 3 76946 0 0 19 0 0 313 52 0 70419735 0 0 0 0 0 27906062 0 0 2094 0 
0 0 0 0 0 0 0 0 0 0 0 0 0 0 0 0 0 0 0 0 0 0 0 3 77030 0 0 19 0 0 313 52 0 70473938 0 0 0 0 0 27929890 0 0 2094 0 
0 0 0 0 0 0 0 0 0 0 0 0 0 0 0 0 0 0 0 0 0 0 0 3 77198 0 0 19 0 0 313 52 0 70548484 0 0 0 0 0 27961755 0 0 2094 0 
0 0 0 0 0 0 0 0 0 0 0 0 0 0 0 0 0 0 0 0 0 0 0 3 77366 0 0 19 0 0 313 52 0 70642820 0 0 0 0 0 27998862 0 0 2094 0 
0 0 0 0 0 0 0 0 0 0 0 0 0 0 0 0 0 0 0 0 0 0 0 3 77498 0 0 19 0 0 313 52 0 70728893 0 0 0 0 0 28032716 0 0 2094 0 
0 0 0 0 0 0 0 0 0 0 0 0 0 0 0 0 0 0 0 0 0 0 0 3 77570 0 0 19 0 0 313 52 0 70798535 0 0 0 0 0 28056724 0 0 2094 0 
0 0 0 0 0 0 0 0 0 0 0 0 0 0 0 0 0 0 0 0 0 0 0 3 77750 0 0 19 0 0 313 52 0 70869807 0 0 0 0 0 28089395 0 0 2094 0 
0 0 0 0 0 0 0 0 0 0 0 0 0 0 0 0 0 0 0 0 0 0 0 3 77918 0 0 19 0 0 313 52 0 70952355 0 0 0 0 0 28123764 0 0 2094 0 
0 0 0 0 0 0 0 0 0 0 0 0 0 0 0 0 0 0 0 0 0 0 0 3 78086 0 0 19 0 0 313 52 0 71046949 0 0 0 0 0 28160380 0 0 2094 0 
0 0 0 0 0 0 0 0 0 0 0 0 0 0 0 0 0 0 0 0 0 0 0 3 78170 0 0 19 0 0 313 52 0 71133457 0 0 0 0 0 28195971 0 0 2094 0 
0 0 0 0 0 0 0 0 0 0 0 0 0 0 0 0 0 0 0 0 0 0 0 3 78290 0 0 19 0 0 313 52 0 71183601 0 0 0 0 0 28215253 0 0 2094 0 
0 0 0 0 0 0 0 0 0 0 0 0 0 0 0 0 0 0 0 0 0 0 0 3 78458 0 0 19 0 0 313 52 0 71260798 0 0 0 0 0 28247482 0 0 2094 0 
0 0 0 0 0 0 0 0 0 0 0 0 0 0 0 0 0 0 0 0 0 0 0 3 78626 0 0 19 0 0 313 52 0 71353902 0 0 0 0 0 28283908 0 0 2094 0 
0 0 0 0 0 0 0 0 0 0 0 0 0 0 0 0 0 0 0 0 0 0 0 3 78806 0 0 19 0 0 313 52 0 71448733 0 0 0 0 0 28320892 0 0 2094 0 
0 0 0 0 0 0 0 0 0 0 0 0 0 0 0 0 0 0 0 0 0 0 0 3 78854 0 0 19 0 0 313 52 0 71530209 0 0 0 0 0 28350455 0 0 2094 0 
0 0 0 0 0 0 0 0 0 0 0 0 0 0 0 0 0 0 0 0 0 0 0 3 79010 0 0 19 0 0 313 52 0 71590453 0 0 0 0 0 28377993 0 0 2094 0 
0 0 0 0 0 0 0 0 0 0 0 0 0 0 0 0 0 0 0 0 0 0 0 3 79190 0 0 19 0 0 313 52 0 71671507 0 0 0 0 0 28408560 0 0 2094 0 
0 0 0 0 0 0 0 0 0 0 0 0 0 0 0 0 0 0 0 0 0 0 0 3 79358 0 0 19 0 0 313 52 0 71759052 0 0 0 0 0 28444489 0 0 2094 0 
0 0 0 0 0 0 0 0 0 0 0 0 0 0 0 0 0 0 0 0 0 0 0 3 79526 0 0 19 0 0 313 52 0 71851856 0 0 0 0 0 28481049 0 0 2094 0 
0 0 0 0 0 0 0 0 0 0 0 0 0 0 0 0 0 0 0 0 0 0 0 3 79586 0 0 19 0 0 313 52 0 71937822 0 0 0 0 0 28515949 0 0 2094 0 
0 0 0 0 0 0 0 0 0 0 0 0 0 0 0 0 0 0 0 0 0 0 0 3 79730 0 0 19 0 0 313 52 0 71994270 0 0 0 0 0 28537795 0 0 2094 0 
0 0 0 0 0 0 0 0 0 0 0 0 0 0 0 0 0 0 0 0 0 0 0 3 79910 0 0 19 0 0 313 52 0 72072584 0 0 0 0 0 28567194 0 0 2094 0 
0 0 0 0 0 0 0 0 0 0 0 0 0 0 0 0 0 0 0 0 0 0 0 3 80078 0 0 19 0 0 313 52 0 72157003 0 0 0 0 0 28601834 0 0 2094 0 
0 0 0 0 0 0 0 0 0 0 0 0 0 0 0 0 0 0 0 0 0 0 0 3 80246 0 0 19 0 0 313 52 0 72252198 0 0 0 0 0 28638732 0 0 2094 0 
0 0 0 0 0 0 0 0 0 0 0 0 0 0 0 0 0 0 0 0 0 0 0 3 80270 0 0 19 0 0 313 52 0 72314497 0 0 0 0 0 28661618 0 0 2094 0 
0 0 0 0 0 0 0 0 0 0 0 0 0 0 0 0 0 0 0 0 0 0 0 3 80450 0 0 19 0 0 313 52 0 72386906 0 0 0 0 0 28694419 0 0 2094 0 
0 0 0 0 0 0 0 0 0 0 0 0 0 0 0 0 0 0 0 0 0 0 0 3 80618 0 0 19 0 0 313 52 0 72467881 0 0 0 0 0 28728631 0 0 2094 0 
0 0 0 0 0 0 0 0 0 0 0 0 0 0 0 0 0 0 0 0 0 0 0 3 80785 0 0 19 0 0 313 52 0 72560949 0 0 0 0 0 28765236 0 0 2094 0 
0 0 0 0 0 0 0 0 0 0 0 0 0 0 0 0 0 0 0 0 0 0 0 3 80821 0 0 19 0 0 313 52 0 72639876 0 0 0 0 0 28793485 0 0 2094 0 
0 0 0 0 0 0 0 0 0 0 0 0 0 0 0 0 0 0 0 0 0 0 0 3 80989 0 0 19 0 0 313 52 0 72704347 0 0 0 0 0 28823307 0 0 2094 0 
0 0 0 0 0 0 0 0 0 0 0 0 0 0 0 0 0 0 0 0 0 0 0 3 81157 0 0 19 0 0 313 52 0 72776305 0 0 0 0 0 28853614 0 0 2094 0 
0 0 0 0 0 0 0 0 0 0 0 0 0 0 0 0 0 0 0 0 0 0 0 3 81337 0 0 19 0 0 313 52 0 72870185 0 0 0 0 0 28889837 0 0 2094 0 
0 0 0 0 0 0 0 0 0 0 0 0 0 0 0 0 0 0 0 0 0 0 0 3 81505 0 0 19 0 0 313 52 0 72964407 0 0 0 0 0 28927321 0 0 2094 0 
0 0 0 0 0 0 0 0 0 0 0 0 0 0 0 0 0 0 0 0 0 0 0 3 81529 0 0 19 0 0 313 52 0 73028047 0 0 0 0 0 28951036 0 0 2094 0 
0 0 0 0 0 0 0 0 0 0 0 0 0 0 0 0 0 0 0 0 0 0 0 3 81709 0 0 19 0 0 313 52 0 73100640 0 0 0 0 0 28982219 0 0 2094 0 
0 0 0 0 0 0 0 0 0 0 0 0 0 0 0 0 0 0 0 0 0 0 0 3 81877 0 0 19 0 0 313 52 0 73182189 0 0 0 0 0 29016281 0 0 2094 0 
0 0 0 0 0 0 0 0 0 0 0 0 0 0 0 0 0 0 0 0 0 0 0 3 82045 0 0 19 0 0 313 52 0 73277298 0 0 0 0 0 29053299 0 0 2094 0 
0 0 0 0 0 0 0 0 0 0 0 0 0 0 0 0 0 0 0 0 0 0 0 3 82081 0 0 19 0 0 313 52 0 73352445 0 0 0 0 0 29079730 0 0 2094 0 
0 0 0 0 0 0 0 0 0 0 0 0 0 0 0 0 0 0 0 0 0 0 0 3 82249 0 0 19 0 0 313 52 0 73416786 0 0 0 0 0 29109426 0 0 2094 0 
0 0 0 0 0 0 0 0 0 0 0 0 0 0 0 0 0 0 0 0 0 0 0 3 82417 0 0 19 0 0 313 52 0 73493230 0 0 0 0 0 29141273 0 0 2094 0 
0 0 0 0 0 0 0 0 0 0 0 0 0 0 0 0 0 0 0 0 0 0 0 3 82585 0 0 19 0 0 313 52 0 73586805 0 0 0 0 0 29177793 0 0 2094 0 
0 0 0 0 0 0 0 0 0 0 0 0 0 0 0 0 0 0 0 0 0 0 0 3 82693 0 0 19 0 0 313 52 0 73673535 0 0 0 0 0 29212363 0 0 2094 0 
0 0 0 0 0 0 0 0 0 0 0 0 0 0 0 0 0 0 0 0 0 0 0 3 82789 0 0 19 0 0 313 52 0 73736148 0 0 0 0 0 29235258 0 0 2094 0 
0 0 0 0 0 0 0 0 0 0 0 0 0 0 0 0 0 0 0 0 0 0 0 3 82969 0 0 19 0 0 313 52 0 73807151 0 0 0 0 0 29265023 0 0 2094 0 
0 0 0 0 0 0 0 0 0 0 0 0 0 0 0 0 0 0 0 0 0 0 0 3 83137 0 0 19 0 0 313 52 0 73892394 0 0 0 0 0 29299837 0 0 2094 0 
0 0 0 0 0 0 0 0 0 0 0 0 0 0 0 0 0 0 0 0 0 0 0 3 83305 0 0 19 0 0 313 52 0 73986857 0 0 0 0 0 29337258 0 0 2094 0 
0 0 0 0 0 0 0 0 0 0 0 0 0 0 0 0 0 0 0 0 0 0 0 3 83365 0 0 19 0 0 313 52 0 74071595 0 0 0 0 0 29371057 0 0 2094 0 
0 0 0 0 0 0 0 0 0 0 0 0 0 0 0 0 0 0 0 0 0 0 0 3 83509 0 0 19 0 0 313 52 0 74128100 0 0 0 0 0 29395032 0 0 2094 0 
0 0 0 0 0 0 0 0 0 0 0 0 0 0 0 0 0 0 0 0 0 0 0 3 83677 0 0 19 0 0 313 52 0 74203718 0 0 0 0 0 29426918 0 0 2094 0 
0 0 0 0 0 0 0 0 0 0 0 0 0 0 0 0 0 0 0 0 0 0 0 3 83845 0 0 19 0 0 313 52 0 74295715 0 0 0 0 0 29462311 0 0 2094 0 
0 0 0 0 0 0 0 0 0 0 0 0 0 0 0 0 0 0 0 0 0 0 0 3 83929 0 0 19 0 0 313 52 0 74389847 0 0 0 0 0 29497393 0 0 2094 0 
0 0 0 0 0 0 0 0 0 0 0 0 0 0 0 0 0 0 0 0 0 0 0 3 84013 0 0 19 0 0 313 52 0 74404010 0 0 0 0 0 29498903 0 0 2094 0 
0 0 0 0 0 0 0 0 0 0 0 0 0 0 0 0 0 0 0 0 0 0 0 3 84013 0 0 19 0 0 313 52 0 74404010 0 0 0 0 0 29498903 0 0 2094 0 
0 0 0 0 0 0 0 0 0 0 0 0 0 0 0 0 0 0 0 0 0 0 0 3 84013 0 0 19 0 0 313 52 0 74404010 0 0 0 0 0 29498903 0 0 2094 0 
0 0 0 0 0 0 0 0 0 0 0 0 0 0 0 0 0 0 0 0 0 0 0 3 84013 0 0 19 0 0 313 52 0 74404010 0 0 0 0 0 29498903 0 0 2094 0 
0 0 0 0 0 0 0 0 0 0 0 0 0 0 0 0 0 0 0 0 0 0 0 3 84013 0 0 19 0 0 313 52 0 74404010 0 0 0 0 0 29498903 0 0 2094 0 
0 0 0 0 0 0 0 0 0 0 0 0 0 0 0 0 0 0 0 0 0 0 0 3 84013 0 0 19 0 0 313 52 0 74404010 0 0 0 0 0 29498903 0 0 2094 0 
0 0 0 0 0 0 0 0 0 0 0 0 0 0 0 0 0 0 0 0 0 0 0 3 84013 0 0 19 0 0 313 52 0 74404010 0 0 0 0 0 29498903 0 0 2094 0 
0 0 0 0 0 0 0 0 0 0 0 0 0 0 0 0 0 0 0 0 0 0 0 3 84013 0 0 19 0 0 313 52 0 74404010 0 0 0 0 0 29498903 0 0 2094 0 
0 0 0 0 0 0 0 0 0 0 0 0 0 0 0 0 0 0 0 0 0 0 0 3 84013 0 0 19 0 0 313 52 0 74404010 0 0 0 0 0 29498903 0 0 2094 0 
0 0 0 0 0 0 0 0 0 0 0 0 0 0 0 0 0 0 0 0 0 0 0 3 84013 0 0 19 0 0 313 52 0 74404010 0 0 0 0 0 29498903 0 0 2094 0 
0 0 0 0 0 0 0 0 0 0 0 0 0 0 0 0 0 0 0 0 0 0 0 3 84013 0 0 19 0 0 313 52 0 74404010 0 0 0 0 0 29498903 0 0 2094 0 
0 0 0 0 0 0 0 0 0 0 0 0 0 0 0 0 0 0 0 0 0 0 0 3 84013 0 0 19 0 0 313 52 0 74404010 0 0 0 0 0 29498903 0 0 2094 0 
0 0 0 0 0 0 0 0 0 0 0 0 0 0 0 0 0 0 0 0 0 0 0 3 84013 0 0 19 0 0 313 52 0 74404010 0 0 0 0 0 29498903 0 0 2094 0 
0 0 0 0 0 0 0 0 0 0 0 0 0 0 0 0 0 0 0 0 0 0 0 3 84013 0 0 19 0 0 313 52 0 74404010 0 0 0 0 0 29498903 0 0 2094 0 
0 0 0 0 0 0 0 0 0 0 0 0 0 0 0 0 0 0 0 0 0 0 0 3 84013 0 0 19 0 0 313 52 0 74404010 0 0 0 0 0 29498903 0 0 2094 0 
0 0 0 0 0 0 0 0 0 0 0 0 0 0 0 0 0 0 0 0 0 0 0 3 84013 0 0 19 0 0 313 52 0 74404010 0 0 0 0 0 29498903 0 0 2094 0 
0 0 0 0 0 0 0 0 0 0 0 0 0 0 0 0 0 0 0 0 0 0 0 3 84013 0 0 19 0 0 313 52 0 74404010 0 0 0 0 0 29498903 0 0 2094 0 
0 0 0 0 0 0 0 0 0 0 0 0 0 0 0 0 0 0 0 0 0 0 0 3 84013 0 0 19 0 0 313 52 0 74404010 0 0 0 0 0 29498903 0 0 2094 0 
0 0 0 0 0 0 0 0 0 0 0 0 0 0 0 0 0 0 0 0 0 0 0 3 84013 0 0 19 0 0 313 52 0 74404010 0 0 0 0 0 29498903 0 0 2094 0 
0 0 0 0 0 0 0 0 0 0 0 0 0 0 0 0 0 0 0 0 0 0 0 3 84013 0 0 19 0 0 313 52 0 74404010 0 0 0 0 0 29498903 0 0 2094 0 
0 0 0 0 0 0 0 0 0 0 0 0 0 0 0 0 0 0 0 0 0 0 0 3 84013 0 0 19 0 0 313 52 0 74404010 0 0 0 0 0 29498903 0 0 2094 0 
0 0 0 0 0 0 0 0 0 0 0 0 0 0 0 0 0 0 0 0 0 0 0 3 84013 0 0 19 0 0 313 52 0 74404010 0 0 0 0 0 29498903 0 0 2094 0 
0 0 0 0 0 0 0 0 0 0 0 0 0 0 0 0 0 0 0 0 0 0 0 3 84013 0 0 19 0 0 313 52 0 74404010 0 0 0 0 0 29498903 0 0 2094 0 
0 0 0 0 0 0 0 0 0 0 0 0 0 0 0 0 0 0 0 0 0 0 0 3 84013 0 0 19 0 0 313 52 0 74404010 0 0 0 0 0 29498903 0 0 2094 0 
0 0 0 0 0 0 0 0 0 0 0 0 0 0 0 0 0 0 0 0 0 0 0 3 84013 0 0 19 0 0 313 52 0 74404010 0 0 0 0 0 29498903 0 0 2094 0 
0 0 0 0 0 0 0 0 0 0 0 0 0 0 0 0 0 0 0 0 0 0 0 3 84013 0 0 19 0 0 313 52 0 74404010 0 0 0 0 0 29498903 0 0 2094 0 
0 0 0 0 0 0 0 0 0 0 0 0 0 0 0 0 0 0 0 0 0 0 0 3 84013 0 0 19 0 0 313 52 0 74404010 0 0 0 0 0 29498903 0 0 2094 0 
0 0 0 0 0 0 0 0 0 0 0 0 0 0 0 0 0 0 0 0 0 0 0 3 84013 0 0 19 0 0 313 52 0 74404010 0 0 0 0 0 29498903 0 0 2094 0 
0 0 0 0 0 0 0 0 0 0 0 0 0 0 0 0 0 0 0 0 0 0 0 3 84013 0 0 19 0 0 313 52 0 74404010 0 0 0 0 0 29498903 0 0 2094 0 
0 0 0 0 0 0 0 0 0 0 0 0 0 0 0 0 0 0 0 0 0 0 0 3 84013 0 0 19 0 0 313 52 0 74404010 0 0 0 0 0 29498903 0 0 2094 0 
0 0 0 0 0 0 0 0 0 0 0 0 0 0 0 0 0 0 0 0 0 0 0 3 84013 0 0 19 0 0 313 52 0 74404010 0 0 0 0 0 29498903 0 0 2094 0 
0 0 0 0 0 0 0 0 0 0 0 0 0 0 0 0 0 0 0 0 0 0 0 3 84013 0 0 19 0 0 313 52 0 74404010 0 0 0 0 0 29498903 0 0 2094 0 
0 0 0 0 0 0 0 0 0 0 0 0 0 0 0 0 0 0 0 0 0 0 0 3 84013 0 0 19 0 0 313 52 0 74404010 0 0 0 0 0 29498903 0 0 2094 0 
0 0 0 0 0 0 0 0 0 0 0 0 0 0 0 0 0 0 0 0 0 0 0 3 84013 0 0 19 0 0 313 52 0 74404010 0 0 0 0 0 29498903 0 0 2094 0 
0 0 0 0 0 0 0 0 0 0 0 0 0 0 0 0 0 0 0 0 0 0 0 3 84013 0 0 19 0 0 313 52 0 74404010 0 0 0 0 0 29498903 0 0 2094 0 
0 0 0 0 0 0 0 0 0 0 0 0 0 0 0 0 0 0 0 0 0 0 0 3 84013 0 0 19 0 0 313 52 0 74404010 0 0 0 0 0 29498903 0 0 2094 0 
0 0 0 0 0 0 0 0 0 0 0 0 0 0 0 0 0 0 0 0 0 0 0 3 84013 0 0 19 0 0 313 52 0 74404010 0 0 0 0 0 29498903 0 0 2094 0 
0 0 0 0 0 0 0 0 0 0 0 0 0 0 0 0 0 0 0 0 0 0 0 3 84013 0 0 19 0 0 313 52 0 74404010 0 0 0 0 0 29498903 0 0 2094 0 
0 0 0 0 0 0 0 0 0 0 0 0 0 0 0 0 0 0 0 0 0 0 0 3 84013 0 0 19 0 0 313 52 0 74404010 0 0 0 0 0 29498903 0 0 2094 0 
0 0 0 0 0 0 0 0 0 0 0 0 0 0 0 0 0 0 0 0 0 0 0 3 84013 0 0 19 0 0 313 52 0 74404010 0 0 0 0 0 29498903 0 0 2094 0 
0 0 0 0 0 0 0 0 0 0 0 0 0 0 0 0 0 0 0 0 0 0 0 3 84013 0 0 19 0 0 313 52 0 74404010 0 0 0 0 0 29498903 0 0 2094 0 
0 0 0 0 0 0 0 0 0 0 0 0 0 0 0 0 0 0 0 0 0 0 0 3 84013 0 0 19 0 0 313 52 0 74404010 0 0 0 0 0 29498903 0 0 2094 0 
0 0 0 0 0 0 0 0 0 0 0 0 0 0 0 0 0 0 0 0 0 0 0 3 84013 0 0 19 0 0 313 52 0 74404010 0 0 0 0 0 29498903 0 0 2094 0 
0 0 0 0 0 0 0 0 0 0 0 0 0 0 0 0 0 0 0 0 0 0 0 3 84013 0 0 19 0 0 313 52 0 74404010 0 0 0 0 0 29498903 0 0 2094 0 
0 0 0 0 0 0 0 0 0 0 0 0 0 0 0 0 0 0 0 0 0 0 0 3 84013 0 0 19 0 0 313 52 0 74404010 0 0 0 0 0 29498903 0 0 2094 0 
0 0 0 0 0 0 0 0 0 0 0 0 0 0 0 0 0 0 0 0 0 0 0 3 84013 0 0 19 0 0 313 52 0 74404010 0 0 0 0 0 29498903 0 0 2094 0 
0 0 0 0 0 0 0 0 0 0 0 0 0 0 0 0 0 0 0 0 0 0 0 3 84013 0 0 19 0 0 313 52 0 74404010 0 0 0 0 0 29498903 0 0 2094 0 
0 0 0 0 0 0 0 0 0 0 0 0 0 0 0 0 0 0 0 0 0 0 0 3 84013 0 0 19 0 0 313 52 0 74404010 0 0 0 0 0 29498903 0 0 2094 0 
0 0 0 0 0 0 0 0 0 0 0 0 0 0 0 0 0 0 0 0 0 0 0 3 84013 0 0 19 0 0 313 52 0 74404010 0 0 0 0 0 29498903 0 0 2094 0 
0 0 0 0 0 0 0 0 0 0 0 0 0 0 0 0 0 0 0 0 0 0 0 3 84013 0 0 19 0 0 313 52 0 74404010 0 0 0 0 0 29498903 0 0 2094 0 
0 0 0 0 0 0 0 0 0 0 0 0 0 0 0 0 0 0 0 0 0 0 0 3 84013 0 0 19 0 0 313 52 0 74404010 0 0 0 0 0 29498903 0 0 2094 0 
0 0 0 0 0 0 0 0 0 0 0 0 0 0 0 0 0 0 0 0 0 0 0 3 84013 0 0 19 0 0 313 52 0 74404010 0 0 0 0 0 29498903 0 0 2094 0 
0 0 0 0 0 0 0 0 0 0 0 0 0 0 0 0 0 0 0 0 0 0 0 3 84013 0 0 19 0 0 313 52 0 74404010 0 0 0 0 0 29498903 0 0 2094 0 
0 0 0 0 0 0 0 0 0 0 0 0 0 0 0 0 0 0 0 0 0 0 0 3 84013 0 0 19 0 0 313 52 0 74404010 0 0 0 0 0 29498903 0 0 2094 0 
0 0 0 0 0 0 0 0 0 0 0 0 0 0 0 0 0 0 0 0 0 0 0 3 84013 0 0 19 0 0 313 52 0 74404010 0 0 0 0 0 29498903 0 0 2094 0 
0 0 0 0 0 0 0 0 0 0 0 0 0 0 0 0 0 0 0 0 0 0 0 3 84013 0 0 19 0 0 313 52 0 74404010 0 0 0 0 0 29498903 0 0 2094 0 
0 0 0 0 0 0 0 0 0 0 0 0 0 0 0 0 0 0 0 0 0 0 0 3 84013 0 0 19 0 0 313 52 0 74404010 0 0 0 0 0 29498903 0 0 2094 0 
0 0 0 0 0 0 0 0 0 0 0 0 0 0 0 0 0 0 0 0 0 0 0 3 84013 0 0 19 0 0 313 52 0 74404010 0 0 0 0 0 29498903 0 0 2094 0 
0 0 0 0 0 0 0 0 0 0 0 0 0 0 0 0 0 0 0 0 0 0 0 3 84013 0 0 19 0 0 313 52 0 74404010 0 0 0 0 0 29498903 0 0 2094 0 
0 0 0 0 0 0 0 0 0 0 0 0 0 0 0 0 0 0 0 0 0 0 0 3 84013 0 0 19 0 0 313 52 0 74404010 0 0 0 0 0 29498903 0 0 2094 0 
0 0 0 0 0 0 0 0 0 0 0 0 0 0 0 0 0 0 0 0 0 0 0 3 84013 0 0 19 0 0 313 52 0 74404010 0 0 0 0 0 29498903 0 0 2094 0 
0 0 0 0 0 0 0 0 0 0 0 0 0 0 0 0 0 0 0 0 0 0 0 3 84013 0 0 19 0 0 313 52 0 74404010 0 0 0 0 0 29498903 0 0 2094 0 
0 0 0 0 0 0 0 0 0 0 0 0 0 0 0 0 0 0 0 0 0 0 0 3 84013 0 0 19 0 0 313 52 0 74404010 0 0 0 0 0 29498903 0 0 2094 0 
0 0 0 0 0 0 0 0 0 0 0 0 0 0 0 0 0 0 0 0 0 0 0 3 84013 0 0 19 0 0 313 52 0 74404010 0 0 0 0 0 29498903 0 0 2094 0 
0 0 0 0 0 0 0 0 0 0 0 0 0 0 0 0 0 0 0 0 0 0 0 3 84013 0 0 19 0 0 313 52 0 74404010 0 0 0 0 0 29498903 0 0 2094 0 
0 0 0 0 0 0 0 0 0 0 0 0 0 0 0 0 0 0 0 0 0 0 0 3 84013 0 0 19 0 0 313 52 0 74404010 0 0 0 0 0 29498903 0 0 2094 0 
0 0 0 0 0 0 0 0 0 0 0 0 0 0 0 0 0 0 0 0 0 0 0 3 84013 0 0 19 0 0 313 52 0 74404010 0 0 0 0 0 29498903 0 0 2094 0 
0 0 0 0 0 0 0 0 0 0 0 0 0 0 0 0 0 0 0 0 0 0 0 3 84013 0 0 19 0 0 313 52 0 74404010 0 0 0 0 0 29498903 0 0 2094 0 
0 0 0 0 0 0 0 0 0 0 0 0 0 0 0 0 0 0 0 0 0 0 0 3 84013 0 0 19 0 0 313 52 0 74404010 0 0 0 0 0 29498903 0 0 2094 0 
0 0 0 0 0 0 0 0 0 0 0 0 0 0 0 0 0 0 0 0 0 0 0 3 84013 0 0 19 0 0 313 52 0 74404010 0 0 0 0 0 29498903 0 0 2094 0 
0 0 0 0 0 0 0 0 0 0 0 0 0 0 0 0 0 0 0 0 0 0 0 3 84013 0 0 19 0 0 313 52 0 74404010 0 0 0 0 0 29498903 0 0 2094 0 
0 0 0 0 0 0 0 0 0 0 0 0 0 0 0 0 0 0 0 0 0 0 0 3 84013 0 0 19 0 0 313 52 0 74404010 0 0 0 0 0 29498903 0 0 2094 0 
0 0 0 0 0 0 0 0 0 0 0 0 0 0 0 0 0 0 0 0 0 0 0 3 84013 0 0 19 0 0 313 52 0 74404010 0 0 0 0 0 29498903 0 0 2094 0 
0 0 0 0 0 0 0 0 0 0 0 0 0 0 0 0 0 0 0 0 0 0 0 3 84013 0 0 19 0 0 313 52 0 74404010 0 0 0 0 0 29498903 0 0 2094 0 
0 0 0 0 0 0 0 0 0 0 0 0 0 0 0 0 0 0 0 0 0 0 0 3 84013 0 0 19 0 0 313 52 0 74404010 0 0 0 0 0 29498903 0 0 2094 0 
0 0 0 0 0 0 0 0 0 0 0 0 0 0 0 0 0 0 0 0 0 0 0 3 84013 0 0 19 0 0 313 52 0 74404010 0 0 0 0 0 29498903 0 0 2094 0 
0 0 0 0 0 0 0 0 0 0 0 0 0 0 0 0 0 0 0 0 0 0 0 3 84013 0 0 19 0 0 313 52 0 74404010 0 0 0 0 0 29498903 0 0 2094 0 
0 0 0 0 0 0 0 0 0 0 0 0 0 0 0 0 0 0 0 0 0 0 0 3 84013 0 0 19 0 0 313 52 0 74404010 0 0 0 0 0 29498903 0 0 2094 0 
0 0 0 0 0 0 0 0 0 0 0 0 0 0 0 0 0 0 0 0 0 0 0 3 84013 0 0 19 0 0 313 52 0 74404010 0 0 0 0 0 29498903 0 0 2094 0 
0 0 0 0 0 0 0 0 0 0 0 0 0 0 0 0 0 0 0 0 0 0 0 3 84013 0 0 19 0 0 313 52 0 74404010 0 0 0 0 0 29498903 0 0 2094 0 
0 0 0 0 0 0 0 0 0 0 0 0 0 0 0 0 0 0 0 0 0 0 0 3 84013 0 0 19 0 0 313 52 0 74404010 0 0 0 0 0 29498903 0 0 2094 0 
0 0 0 0 0 0 0 0 0 0 0 0 0 0 0 0 0 0 0 0 0 0 0 3 84013 0 0 19 0 0 313 52 0 74404010 0 0 0 0 0 29498903 0 0 2094 0 
0 0 0 0 0 0 0 0 0 0 0 0 0 0 0 0 0 0 0 0 0 0 0 3 84013 0 0 19 0 0 313 52 0 74404010 0 0 0 0 0 29498903 0 0 2094 0 
0 0 0 0 0 0 0 0 0 0 0 0 0 0 0 0 0 0 0 0 0 0 0 3 84013 0 0 19 0 0 313 52 0 74404010 0 0 0 0 0 29498903 0 0 2094 0 
0 0 0 0 0 0 0 0 0 0 0 0 0 0 0 0 0 0 0 0 0 0 0 3 84013 0 0 19 0 0 313 52 0 74404010 0 0 0 0 0 29498903 0 0 2094 0 
0 0 0 0 0 0 0 0 0 0 0 0 0 0 0 0 0 0 0 0 0 0 0 3 84013 0 0 19 0 0 313 52 0 74404010 0 0 0 0 0 29498903 0 0 2094 0 
0 0 0 0 0 0 0 0 0 0 0 0 0 0 0 0 0 0 0 0 0 0 0 3 84013 0 0 19 0 0 313 52 0 74404010 0 0 0 0 0 29498903 0 0 2094 0 
0 0 0 0 0 0 0 0 0 0 0 0 0 0 0 0 0 0 0 0 0 0 0 3 84013 0 0 19 0 0 313 52 0 74404010 0 0 0 0 0 29498903 0 0 2094 0 
0 0 0 0 0 0 0 0 0 0 0 0 0 0 0 0 0 0 0 0 0 0 0 3 84013 0 0 19 0 0 313 52 0 74404010 0 0 0 0 0 29498903 0 0 2094 0 
0 0 0 0 0 0 0 0 0 0 0 0 0 0 0 0 0 0 0 0 0 0 0 3 84013 0 0 19 0 0 313 52 0 74404010 0 0 0 0 0 29498903 0 0 2094 0 
