0 0 0 0 0 0 0 0 0 0 0 0 0 0 0 0 0 0 0 0 0 0 0 3 108221 0 0 19 0 0 327 52 0 91146219 0 0 0 0 0 36623710 0 0 2094 0 
0 0 0 0 0 0 0 0 0 0 0 0 0 0 0 0 0 0 0 0 0 0 0 3 108221 0 0 19 0 0 327 52 0 91146219 0 0 0 0 0 36623710 0 0 2094 0 
0 0 0 0 0 0 0 0 0 0 0 0 0 0 0 0 0 0 0 0 0 0 0 3 108221 0 0 19 0 0 327 52 0 91146219 0 0 0 0 0 36623710 0 0 2094 0 
0 0 0 0 0 0 0 0 0 0 0 0 0 0 0 0 0 0 0 0 0 0 0 3 108221 0 0 19 0 0 327 52 0 91146219 0 0 0 0 0 36623710 0 0 2094 0 
0 0 0 0 0 0 0 0 0 0 0 0 0 0 0 0 0 0 0 0 0 0 0 3 108221 0 0 19 0 0 327 52 0 91146219 0 0 0 0 0 36623710 0 0 2094 0 
0 0 0 0 0 0 0 0 0 0 0 0 0 0 0 0 0 0 0 0 0 0 0 3 108221 0 0 19 0 0 327 52 0 91146219 0 0 0 0 0 36623710 0 0 2094 0 
0 0 0 0 0 0 0 0 0 0 0 0 0 0 0 0 0 0 0 0 0 0 0 3 108221 0 0 19 0 0 327 52 0 91146219 0 0 0 0 0 36623710 0 0 2094 0 
0 0 0 0 0 0 0 0 0 0 0 0 0 0 0 0 0 0 0 0 0 0 0 3 108269 0 0 19 0 0 333 52 0 91177059 0 0 0 0 0 36627297 0 0 2094 0 
0 0 0 0 0 0 0 0 0 0 0 0 0 0 0 0 0 0 0 0 0 0 0 3 108277 0 0 19 0 0 333 52 0 91201971 0 0 0 0 0 36640300 0 0 2094 0 
0 0 0 0 0 0 0 0 0 0 0 0 0 0 0 0 0 0 0 0 0 0 0 3 108329 0 0 19 0 0 333 52 0 91243679 0 0 0 0 0 36655927 0 0 2094 0 
0 0 0 0 0 0 0 0 0 0 0 0 0 0 0 0 0 0 0 0 0 0 0 3 108337 0 0 19 0 0 333 52 0 91272275 0 0 0 0 0 36671709 0 0 2094 0 
0 0 0 0 0 0 0 0 0 0 0 0 0 0 0 0 0 0 0 0 0 0 0 3 108393 0 0 19 0 0 333 52 0 91304174 0 0 0 0 0 36685467 0 0 2094 0 
0 0 0 0 0 0 0 0 0 0 0 0 0 0 0 0 0 0 0 0 0 0 0 3 108449 0 0 19 0 0 333 52 0 91347164 0 0 0 0 0 36704557 0 0 2094 0 
0 0 0 0 0 0 0 0 0 0 0 0 0 0 0 0 0 0 0 0 0 0 0 3 108457 0 0 19 0 0 333 52 0 91373566 0 0 0 0 0 36719574 0 0 2094 0 
0 0 0 0 0 0 0 0 0 0 0 0 0 0 0 0 0 0 0 0 0 0 0 3 108513 0 0 19 0 0 333 52 0 91406605 0 0 0 0 0 36733953 0 0 2094 0 
0 0 0 0 0 0 0 0 0 0 0 0 0 0 0 0 0 0 0 0 0 0 0 3 108533 0 0 19 0 0 333 52 0 91448432 0 0 0 0 0 36753062 0 0 2094 0 
0 0 0 0 0 0 0 0 0 0 0 0 0 0 0 0 0 0 0 0 0 0 0 3 108577 0 0 19 0 0 333 52 0 91469788 0 0 0 0 0 36763264 0 0 2094 0 
0 0 0 0 0 0 0 0 0 0 0 0 0 0 0 0 0 0 0 0 0 0 0 3 108629 0 0 19 0 0 333 52 0 91510324 0 0 0 0 0 36781744 0 0 2094 0 
0 0 0 0 0 0 0 0 0 0 0 0 0 0 0 0 0 0 0 0 0 0 0 3 108637 0 0 19 0 0 333 52 0 91538123 0 0 0 0 0 36797410 0 0 2094 0 
0 0 0 0 0 0 0 0 0 0 0 0 0 0 0 0 0 0 0 0 0 0 0 3 108693 0 0 19 0 0 333 52 0 91570126 0 0 0 0 0 36811373 0 0 2094 0 
0 0 0 0 0 0 0 0 0 0 0 0 0 0 0 0 0 0 0 0 0 0 0 3 108749 0 0 19 0 0 333 52 0 91610939 0 0 0 0 0 36829005 0 0 2094 0 
0 0 0 0 0 0 0 0 0 0 0 0 0 0 0 0 0 0 0 0 0 0 0 3 108757 0 0 19 0 0 333 52 0 91634073 0 0 0 0 0 36842863 0 0 2094 0 
0 0 0 0 0 0 0 0 0 0 0 0 0 0 0 0 0 0 0 0 0 0 0 3 108809 0 0 19 0 0 333 52 0 91675168 0 0 0 0 0 36862360 0 0 2094 0 
0 0 0 0 0 0 0 0 0 0 0 0 0 0 0 0 0 0 0 0 0 0 0 3 108817 0 0 19 0 0 333 52 0 91702874 0 0 0 0 0 36877829 0 0 2094 0 
0 0 0 0 0 0 0 0 0 0 0 0 0 0 0 0 0 0 0 0 0 0 0 3 108873 0 0 19 0 0 333 52 0 91737798 0 0 0 0 0 36895340 0 0 2094 0 
0 0 0 0 0 0 0 0 0 0 0 0 0 0 0 0 0 0 0 0 0 0 0 3 108897 0 0 19 0 0 333 52 0 91779758 0 0 0 0 0 36914571 0 0 2094 0 
0 0 0 0 0 0 0 0 0 0 0 0 0 0 0 0 0 0 0 0 0 0 0 3 108937 0 0 19 0 0 333 52 0 91800819 0 0 0 0 0 36925772 0 0 2094 0 
0 0 0 0 0 0 0 0 0 0 0 0 0 0 0 0 0 0 0 0 0 0 0 3 108989 0 0 19 0 0 333 52 0 91842698 0 0 0 0 0 36946178 0 0 2094 0 
0 0 0 0 0 0 0 0 0 0 0 0 0 0 0 0 0 0 0 0 0 0 0 3 108997 0 0 19 0 0 333 52 0 91867646 0 0 0 0 0 36960106 0 0 2094 0 
0 0 0 0 0 0 0 0 0 0 0 0 0 0 0 0 0 0 0 0 0 0 0 3 109049 0 0 19 0 0 333 52 0 91900032 0 0 0 0 0 36973532 0 0 2094 0 
0 0 0 0 0 0 0 0 0 0 0 0 0 0 0 0 0 0 0 0 0 0 0 3 109057 0 0 19 0 0 333 52 0 91931051 0 0 0 0 0 36987963 0 0 2094 0 
0 0 0 0 0 0 0 0 0 0 0 0 0 0 0 0 0 0 0 0 0 0 0 3 109113 0 0 19 0 0 333 52 0 91961896 0 0 0 0 0 37006296 0 0 2094 0 
0 0 0 0 0 0 0 0 0 0 0 0 0 0 0 0 0 0 0 0 0 0 0 3 109141 0 0 19 0 0 333 52 0 92001558 0 0 0 0 0 37023928 0 0 2094 0 
0 0 0 0 0 0 0 0 0 0 0 0 0 0 0 0 0 0 0 0 0 0 0 3 109177 0 0 19 0 0 333 52 0 92025764 0 0 0 0 0 37039741 0 0 2094 0 
0 0 0 0 0 0 0 0 0 0 0 0 0 0 0 0 0 0 0 0 0 0 0 3 109229 0 0 19 0 0 333 52 0 92070284 0 0 0 0 0 37061588 0 0 2094 0 
0 0 0 0 0 0 0 0 0 0 0 0 0 0 0 0 0 0 0 0 0 0 0 3 109237 0 0 19 0 0 333 52 0 92099632 0 0 0 0 0 37078191 0 0 2094 0 
0 0 0 0 0 0 0 0 0 0 0 0 0 0 0 0 0 0 0 0 0 0 0 3 109293 0 0 19 0 0 333 52 0 92133840 0 0 0 0 0 37096121 0 0 2094 0 
0 0 0 0 0 0 0 0 0 0 0 0 0 0 0 0 0 0 0 0 0 0 0 3 109317 0 0 19 0 0 333 52 0 92175391 0 0 0 0 0 37115006 0 0 2094 0 
0 0 0 0 0 0 0 0 0 0 0 0 0 0 0 0 0 0 0 0 0 0 0 3 109353 0 0 19 0 0 333 52 0 92197382 0 0 0 0 0 37130881 0 0 2094 0 
0 0 0 0 0 0 0 0 0 0 0 0 0 0 0 0 0 0 0 0 0 0 0 3 109409 0 0 19 0 0 333 52 0 92241331 0 0 0 0 0 37150817 0 0 2094 0 
0 0 0 0 0 0 0 0 0 0 0 0 0 0 0 0 0 0 0 0 0 0 0 3 109417 0 0 19 0 0 333 52 0 92264482 0 0 0 0 0 37165049 0 0 2094 0 
0 0 0 0 0 0 0 0 0 0 0 0 0 0 0 0 0 0 0 0 0 0 0 3 109469 0 0 19 0 0 333 52 0 92301573 0 0 0 0 0 37181789 0 0 2094 0 
0 0 0 0 0 0 0 0 0 0 0 0 0 0 0 0 0 0 0 0 0 0 0 3 109481 0 0 19 0 0 333 52 0 92336753 0 0 0 0 0 37198582 0 0 2094 0 
0 0 0 0 0 0 0 0 0 0 0 0 0 0 0 0 0 0 0 0 0 0 0 3 109533 0 0 19 0 0 333 52 0 92366556 0 0 0 0 0 37217435 0 0 2094 0 
0 0 0 0 0 0 0 0 0 0 0 0 0 0 0 0 0 0 0 0 0 0 0 3 109589 0 0 19 0 0 333 52 0 92409283 0 0 0 0 0 37235740 0 0 2094 0 
0 0 0 0 0 0 0 0 0 0 0 0 0 0 0 0 0 0 0 0 0 0 0 3 109597 0 0 19 0 0 333 52 0 92435537 0 0 0 0 0 37251507 0 0 2094 0 
0 0 0 0 0 0 0 0 0 0 0 0 0 0 0 0 0 0 0 0 0 0 0 3 109653 0 0 19 0 0 333 52 0 92470714 0 0 0 0 0 37267858 0 0 2094 0 
0 0 0 0 0 0 0 0 0 0 0 0 0 0 0 0 0 0 0 0 0 0 0 3 109657 0 0 19 0 0 333 52 0 92499223 0 0 0 0 0 37280699 0 0 2094 0 
0 0 0 0 0 0 0 0 0 0 0 0 0 0 0 0 0 0 0 0 0 0 0 3 109713 0 0 19 0 0 333 52 0 92533286 0 0 0 0 0 37302380 0 0 2094 0 
0 0 0 0 0 0 0 0 0 0 0 0 0 0 0 0 0 0 0 0 0 0 0 3 109745 0 0 19 0 0 333 52 0 92571376 0 0 0 0 0 37318605 0 0 2094 0 
0 0 0 0 0 0 0 0 0 0 0 0 0 0 0 0 0 0 0 0 0 0 0 3 109773 0 0 19 0 0 333 52 0 92590271 0 0 0 0 0 37331920 0 0 2094 0 
0 0 0 0 0 0 0 0 0 0 0 0 0 0 0 0 0 0 0 0 0 0 0 3 109829 0 0 19 0 0 333 52 0 92635253 0 0 0 0 0 37351993 0 0 2094 0 
0 0 0 0 0 0 0 0 0 0 0 0 0 0 0 0 0 0 0 0 0 0 0 3 109837 0 0 19 0 0 333 52 0 92663086 0 0 0 0 0 37366847 0 0 2094 0 
0 0 0 0 0 0 0 0 0 0 0 0 0 0 0 0 0 0 0 0 0 0 0 3 109893 0 0 19 0 0 333 52 0 92695790 0 0 0 0 0 37384273 0 0 2094 0 
0 0 0 0 0 0 0 0 0 0 0 0 0 0 0 0 0 0 0 0 0 0 0 3 109905 0 0 19 0 0 333 52 0 92738756 0 0 0 0 0 37405396 0 0 2094 0 
0 0 0 0 0 0 0 0 0 0 0 0 0 0 0 0 0 0 0 0 0 0 0 3 109953 0 0 19 0 0 333 52 0 92764944 0 0 0 0 0 37424828 0 0 2094 0 
0 0 0 0 0 0 0 0 0 0 0 0 0 0 0 0 0 0 0 0 0 0 0 3 110009 0 0 19 0 0 333 52 0 92807880 0 0 0 0 0 37444124 0 0 2094 0 
0 0 0 0 0 0 0 0 0 0 0 0 0 0 0 0 0 0 0 0 0 0 0 3 110017 0 0 19 0 0 333 52 0 92833310 0 0 0 0 0 37461059 0 0 2094 0 
0 0 0 0 0 0 0 0 0 0 0 0 0 0 0 0 0 0 0 0 0 0 0 3 110069 0 0 19 0 0 333 52 0 92872865 0 0 0 0 0 37479107 0 0 2094 0 
0 0 0 0 0 0 0 0 0 0 0 0 0 0 0 0 0 0 0 0 0 0 0 3 110077 0 0 19 0 0 333 52 0 92903598 0 0 0 0 0 37497738 0 0 2094 0 
0 0 0 0 0 0 0 0 0 0 0 0 0 0 0 0 0 0 0 0 0 0 0 3 110133 0 0 19 0 0 333 52 0 92935488 0 0 0 0 0 37512363 0 0 2094 0 
0 0 0 0 0 0 0 0 0 0 0 0 0 0 0 0 0 0 0 0 0 0 0 3 110141 0 0 19 0 0 333 52 0 92974244 0 0 0 0 0 37529233 0 0 2094 0 
0 0 0 0 0 0 0 0 0 0 0 0 0 0 0 0 0 0 0 0 0 0 0 3 110193 0 0 19 0 0 333 52 0 93000095 0 0 0 0 0 37545444 0 0 2094 0 
0 0 0 0 0 0 0 0 0 0 0 0 0 0 0 0 0 0 0 0 0 0 0 3 110249 0 0 19 0 0 333 52 0 93039872 0 0 0 0 0 37562050 0 0 2094 0 
0 0 0 0 0 0 0 0 0 0 0 0 0 0 0 0 0 0 0 0 0 0 0 3 110257 0 0 19 0 0 333 52 0 93065116 0 0 0 0 0 37577019 0 0 2094 0 
0 0 0 0 0 0 0 0 0 0 0 0 0 0 0 0 0 0 0 0 0 0 0 3 110309 0 0 19 0 0 333 52 0 93103059 0 0 0 0 0 37595424 0 0 2094 0 
0 0 0 0 0 0 0 0 0 0 0 0 0 0 0 0 0 0 0 0 0 0 0 3 110317 0 0 19 0 0 333 52 0 93136409 0 0 0 0 0 37614468 0 0 2094 0 
0 0 0 0 0 0 0 0 0 0 0 0 0 0 0 0 0 0 0 0 0 0 0 3 110373 0 0 19 0 0 333 52 0 93168475 0 0 0 0 0 37632239 0 0 2094 0 
0 0 0 0 0 0 0 0 0 0 0 0 0 0 0 0 0 0 0 0 0 0 0 3 110413 0 0 19 0 0 333 52 0 93207102 0 0 0 0 0 37648178 0 0 2094 0 
0 0 0 0 0 0 0 0 0 0 0 0 0 0 0 0 0 0 0 0 0 0 0 3 110433 0 0 19 0 0 333 52 0 93225759 0 0 0 0 0 37661456 0 0 2094 0 
0 0 0 0 0 0 0 0 0 0 0 0 0 0 0 0 0 0 0 0 0 0 0 3 110489 0 0 19 0 0 333 52 0 93270316 0 0 0 0 0 37681041 0 0 2094 0 
0 0 0 0 0 0 0 0 0 0 0 0 0 0 0 0 0 0 0 0 0 0 0 3 110497 0 0 19 0 0 333 52 0 93297523 0 0 0 0 0 37697153 0 0 2094 0 
0 0 0 0 0 0 0 0 0 0 0 0 0 0 0 0 0 0 0 0 0 0 0 3 110553 0 0 19 0 0 333 52 0 93330879 0 0 0 0 0 37712429 0 0 2094 0 
0 0 0 0 0 0 0 0 0 0 0 0 0 0 0 0 0 0 0 0 0 0 0 3 110573 0 0 19 0 0 333 52 0 93373569 0 0 0 0 0 37733218 0 0 2094 0 
0 0 0 0 0 0 0 0 0 0 0 0 0 0 0 0 0 0 0 0 0 0 0 3 110617 0 0 19 0 0 333 52 0 93396859 0 0 0 0 0 37747543 0 0 2094 0 
0 0 0 0 0 0 0 0 0 0 0 0 0 0 0 0 0 0 0 0 0 0 0 3 110669 0 0 19 0 0 333 52 0 93437771 0 0 0 0 0 37765921 0 0 2094 0 
0 0 0 0 0 0 0 0 0 0 0 0 0 0 0 0 0 0 0 0 0 0 0 3 110677 0 0 19 0 0 333 52 0 93465901 0 0 0 0 0 37779434 0 0 2094 0 
0 0 0 0 0 0 0 0 0 0 0 0 0 0 0 0 0 0 0 0 0 0 0 3 110733 0 0 19 0 0 333 52 0 93493703 0 0 0 0 0 37792415 0 0 2094 0 
0 0 0 0 0 0 0 0 0 0 0 0 0 0 0 0 0 0 0 0 0 0 0 3 110789 0 0 19 0 0 333 52 0 93534601 0 0 0 0 0 37809748 0 0 2094 0 
0 0 0 0 0 0 0 0 0 0 0 0 0 0 0 0 0 0 0 0 0 0 0 3 110797 0 0 19 0 0 333 52 0 93555991 0 0 0 0 0 37823498 0 0 2094 0 
0 0 0 0 0 0 0 0 0 0 0 0 0 0 0 0 0 0 0 0 0 0 0 3 110849 0 0 19 0 0 333 52 0 93596584 0 0 0 0 0 37841997 0 0 2094 0 
0 0 0 0 0 0 0 0 0 0 0 0 0 0 0 0 0 0 0 0 0 0 0 3 110857 0 0 19 0 0 333 52 0 93626750 0 0 0 0 0 37855849 0 0 2094 0 
0 0 0 0 0 0 0 0 0 0 0 0 0 0 0 0 0 0 0 0 0 0 0 3 110913 0 0 19 0 0 333 52 0 93654681 0 0 0 0 0 37870419 0 0 2094 0 
0 0 0 0 0 0 0 0 0 0 0 0 0 0 0 0 0 0 0 0 0 0 0 3 110969 0 0 19 0 0 333 52 0 93697891 0 0 0 0 0 37889105 0 0 2094 0 
0 0 0 0 0 0 0 0 0 0 0 0 0 0 0 0 0 0 0 0 0 0 0 3 110977 0 0 19 0 0 333 52 0 93723910 0 0 0 0 0 37903429 0 0 2094 0 
0 0 0 0 0 0 0 0 0 0 0 0 0 0 0 0 0 0 0 0 0 0 0 3 111029 0 0 19 0 0 333 52 0 93758667 0 0 0 0 0 37919187 0 0 2094 0 
0 0 0 0 0 0 0 0 0 0 0 0 0 0 0 0 0 0 0 0 0 0 0 3 111037 0 0 19 0 0 333 52 0 93790438 0 0 0 0 0 37934110 0 0 2094 0 
0 0 0 0 0 0 0 0 0 0 0 0 0 0 0 0 0 0 0 0 0 0 0 3 111093 0 0 19 0 0 333 52 0 93817317 0 0 0 0 0 37947167 0 0 2094 0 
0 0 0 0 0 0 0 0 0 0 0 0 0 0 0 0 0 0 0 0 0 0 0 3 111149 0 0 19 0 0 333 52 0 93860732 0 0 0 0 0 37966606 0 0 2094 0 
0 0 0 0 0 0 0 0 0 0 0 0 0 0 0 0 0 0 0 0 0 0 0 3 111157 0 0 19 0 0 333 52 0 93886305 0 0 0 0 0 37980257 0 0 2094 0 
0 0 0 0 0 0 0 0 0 0 0 0 0 0 0 0 0 0 0 0 0 0 0 3 111213 0 0 19 0 0 333 52 0 93921105 0 0 0 0 0 37996636 0 0 2094 0 
0 0 0 0 0 0 0 0 0 0 0 0 0 0 0 0 0 0 0 0 0 0 0 3 111237 0 0 19 0 0 333 52 0 93962610 0 0 0 0 0 38015051 0 0 2094 0 
0 0 0 0 0 0 0 0 0 0 0 0 0 0 0 0 0 0 0 0 0 0 0 3 111277 0 0 19 0 0 333 52 0 93986353 0 0 0 0 0 38027143 0 0 2094 0 
0 0 0 0 0 0 0 0 0 0 0 0 0 0 0 0 0 0 0 0 0 0 0 3 111329 0 0 19 0 0 333 52 0 94023021 0 0 0 0 0 38043778 0 0 2094 0 
0 0 0 0 0 0 0 0 0 0 0 0 0 0 0 0 0 0 0 0 0 0 0 3 111337 0 0 19 0 0 333 52 0 94052368 0 0 0 0 0 38057324 0 0 2094 0 
0 0 0 0 0 0 0 0 0 0 0 0 0 0 0 0 0 0 0 0 0 0 0 3 111393 0 0 19 0 0 333 52 0 94081618 0 0 0 0 0 38072764 0 0 2094 0 
0 0 0 0 0 0 0 0 0 0 0 0 0 0 0 0 0 0 0 0 0 0 0 3 111449 0 0 19 0 0 333 52 0 94123793 0 0 0 0 0 38091068 0 0 2094 0 
0 0 0 0 0 0 0 0 0 0 0 0 0 0 0 0 0 0 0 0 0 0 0 3 111457 0 0 19 0 0 333 52 0 94149810 0 0 0 0 0 38105755 0 0 2094 0 
0 0 0 0 0 0 0 0 0 0 0 0 0 0 0 0 0 0 0 0 0 0 0 3 111513 0 0 19 0 0 333 52 0 94181933 0 0 0 0 0 38119880 0 0 2094 0 
0 0 0 0 0 0 0 0 0 0 0 0 0 0 0 0 0 0 0 0 0 0 0 3 111517 0 0 19 0 0 333 52 0 94216116 0 0 0 0 0 38137152 0 0 2094 0 
0 0 0 0 0 0 0 0 0 0 0 0 0 0 0 0 0 0 0 0 0 0 0 3 111573 0 0 19 0 0 333 52 0 94243948 0 0 0 0 0 38152439 0 0 2094 0 
0 0 0 0 0 0 0 0 0 0 0 0 0 0 0 0 0 0 0 0 0 0 0 3 111629 0 0 19 0 0 333 52 0 94290214 0 0 0 0 0 38174697 0 0 2094 0 
0 0 0 0 0 0 0 0 0 0 0 0 0 0 0 0 0 0 0 0 0 0 0 3 111637 0 0 19 0 0 333 52 0 94318266 0 0 0 0 0 38191686 0 0 2094 0 
0 0 0 0 0 0 0 0 0 0 0 0 0 0 0 0 0 0 0 0 0 0 0 3 111693 0 0 19 0 0 333 52 0 94352838 0 0 0 0 0 38209130 0 0 2094 0 
0 0 0 0 0 0 0 0 0 0 0 0 0 0 0 0 0 0 0 0 0 0 0 3 111713 0 0 19 0 0 333 52 0 94395287 0 0 0 0 0 38228882 0 0 2094 0 
0 0 0 0 0 0 0 0 0 0 0 0 0 0 0 0 0 0 0 0 0 0 0 3 111753 0 0 19 0 0 333 52 0 94414018 0 0 0 0 0 38241502 0 0 2094 0 
0 0 0 0 0 0 0 0 0 0 0 0 0 0 0 0 0 0 0 0 0 0 0 3 111809 0 0 19 0 0 333 52 0 94456886 0 0 0 0 0 38259781 0 0 2094 0 
0 0 0 0 0 0 0 0 0 0 0 0 0 0 0 0 0 0 0 0 0 0 0 3 111817 0 0 19 0 0 333 52 0 94484851 0 0 0 0 0 38276357 0 0 2094 0 
0 0 0 0 0 0 0 0 0 0 0 0 0 0 0 0 0 0 0 0 0 0 0 3 111873 0 0 19 0 0 333 52 0 94518601 0 0 0 0 0 38291855 0 0 2094 0 
0 0 0 0 0 0 0 0 0 0 0 0 0 0 0 0 0 0 0 0 0 0 0 3 111897 0 0 19 0 0 333 52 0 94558402 0 0 0 0 0 38310080 0 0 2094 0 
0 0 0 0 0 0 0 0 0 0 0 0 0 0 0 0 0 0 0 0 0 0 0 3 111937 0 0 19 0 0 333 52 0 94579014 0 0 0 0 0 38320103 0 0 2094 0 
0 0 0 0 0 0 0 0 0 0 0 0 0 0 0 0 0 0 0 0 0 0 0 3 111989 0 0 19 0 0 333 52 0 94621024 0 0 0 0 0 38339845 0 0 2094 0 
0 0 0 0 0 0 0 0 0 0 0 0 0 0 0 0 0 0 0 0 0 0 0 3 111997 0 0 19 0 0 333 52 0 94645698 0 0 0 0 0 38352248 0 0 2094 0 
0 0 0 0 0 0 0 0 0 0 0 0 0 0 0 0 0 0 0 0 0 0 0 3 112053 0 0 19 0 0 333 52 0 94676501 0 0 0 0 0 38365535 0 0 2094 0 
0 0 0 0 0 0 0 0 0 0 0 0 0 0 0 0 0 0 0 0 0 0 0 3 112093 0 0 19 0 0 333 52 0 94716610 0 0 0 0 0 38383120 0 0 2094 0 
0 0 0 0 0 0 0 0 0 0 0 0 0 0 0 0 0 0 0 0 0 0 0 3 112117 0 0 19 0 0 333 52 0 94741983 0 0 0 0 0 38396541 0 0 2094 0 
0 0 0 0 0 0 0 0 0 0 0 0 0 0 0 0 0 0 0 0 0 0 0 3 112169 0 0 19 0 0 333 52 0 94780957 0 0 0 0 0 38415393 0 0 2094 0 
0 0 0 0 0 0 0 0 0 0 0 0 0 0 0 0 0 0 0 0 0 0 0 3 112177 0 0 19 0 0 333 52 0 94804516 0 0 0 0 0 38428383 0 0 2094 0 
0 0 0 0 0 0 0 0 0 0 0 0 0 0 0 0 0 0 0 0 0 0 0 3 112233 0 0 19 0 0 333 52 0 94837271 0 0 0 0 0 38442988 0 0 2094 0 
0 0 0 0 0 0 0 0 0 0 0 0 0 0 0 0 0 0 0 0 0 0 0 3 112273 0 0 19 0 0 333 52 0 94877681 0 0 0 0 0 38460492 0 0 2094 0 
0 0 0 0 0 0 0 0 0 0 0 0 0 0 0 0 0 0 0 0 0 0 0 3 112297 0 0 19 0 0 333 52 0 94894635 0 0 0 0 0 38469808 0 0 2094 0 
0 0 0 0 0 0 0 0 0 0 0 0 0 0 0 0 0 0 0 0 0 0 0 3 112349 0 0 19 0 0 333 52 0 94937107 0 0 0 0 0 38489458 0 0 2094 0 
0 0 0 0 0 0 0 0 0 0 0 0 0 0 0 0 0 0 0 0 0 0 0 3 112357 0 0 19 0 0 333 52 0 94964858 0 0 0 0 0 38504695 0 0 2094 0 
0 0 0 0 0 0 0 0 0 0 0 0 0 0 0 0 0 0 0 0 0 0 0 3 112413 0 0 19 0 0 333 52 0 94995877 0 0 0 0 0 38518871 0 0 2094 0 
0 0 0 0 0 0 0 0 0 0 0 0 0 0 0 0 0 0 0 0 0 0 0 3 112469 0 0 19 0 0 333 52 0 95037921 0 0 0 0 0 38537107 0 0 2094 0 
0 0 0 0 0 0 0 0 0 0 0 0 0 0 0 0 0 0 0 0 0 0 0 3 112477 0 0 19 0 0 333 52 0 95063213 0 0 0 0 0 38553140 0 0 2094 0 
0 0 0 0 0 0 0 0 0 0 0 0 0 0 0 0 0 0 0 0 0 0 0 3 112529 0 0 19 0 0 333 52 0 95100596 0 0 0 0 0 38570829 0 0 2094 0 
0 0 0 0 0 0 0 0 0 0 0 0 0 0 0 0 0 0 0 0 0 0 0 3 112537 0 0 19 0 0 333 52 0 95130334 0 0 0 0 0 38589834 0 0 2094 0 
0 0 0 0 0 0 0 0 0 0 0 0 0 0 0 0 0 0 0 0 0 0 0 3 112593 0 0 19 0 0 333 52 0 95164394 0 0 0 0 0 38606292 0 0 2094 0 
0 0 0 0 0 0 0 0 0 0 0 0 0 0 0 0 0 0 0 0 0 0 0 3 112617 0 0 19 0 0 333 52 0 95207154 0 0 0 0 0 38625971 0 0 2094 0 
0 0 0 0 0 0 0 0 0 0 0 0 0 0 0 0 0 0 0 0 0 0 0 3 112657 0 0 19 0 0 333 52 0 95231368 0 0 0 0 0 38638516 0 0 2094 0 
0 0 0 0 0 0 0 0 0 0 0 0 0 0 0 0 0 0 0 0 0 0 0 3 112709 0 0 19 0 0 333 52 0 95270136 0 0 0 0 0 38657123 0 0 2094 0 
0 0 0 0 0 0 0 0 0 0 0 0 0 0 0 0 0 0 0 0 0 0 0 3 112717 0 0 19 0 0 333 52 0 95299113 0 0 0 0 0 38675346 0 0 2094 0 
0 0 0 0 0 0 0 0 0 0 0 0 0 0 0 0 0 0 0 0 0 0 0 3 112773 0 0 19 0 0 333 52 0 95333772 0 0 0 0 0 38691855 0 0 2094 0 
0 0 0 0 0 0 0 0 0 0 0 0 0 0 0 0 0 0 0 0 0 0 0 3 112793 0 0 19 0 0 333 52 0 95377927 0 0 0 0 0 38713943 0 0 2094 0 
0 0 0 0 0 0 0 0 0 0 0 0 0 0 0 0 0 0 0 0 0 0 0 3 112837 0 0 19 0 0 333 52 0 95399220 0 0 0 0 0 38725142 0 0 2094 0 
0 0 0 0 0 0 0 0 0 0 0 0 0 0 0 0 0 0 0 0 0 0 0 3 112889 0 0 19 0 0 333 52 0 95440917 0 0 0 0 0 38745953 0 0 2094 0 
0 0 0 0 0 0 0 0 0 0 0 0 0 0 0 0 0 0 0 0 0 0 0 3 112897 0 0 19 0 0 333 52 0 95472468 0 0 0 0 0 38767565 0 0 2094 0 
0 0 0 0 0 0 0 0 0 0 0 0 0 0 0 0 0 0 0 0 0 0 0 3 112953 0 0 19 0 0 333 52 0 95506244 0 0 0 0 0 38782432 0 0 2094 0 
0 0 0 0 0 0 0 0 0 0 0 0 0 0 0 0 0 0 0 0 0 0 0 3 112977 0 0 19 0 0 333 52 0 95546168 0 0 0 0 0 38799996 0 0 2094 0 
0 0 0 0 0 0 0 0 0 0 0 0 0 0 0 0 0 0 0 0 0 0 0 3 113013 0 0 19 0 0 333 52 0 95569664 0 0 0 0 0 38816780 0 0 2094 0 
0 0 0 0 0 0 0 0 0 0 0 0 0 0 0 0 0 0 0 0 0 0 0 3 113069 0 0 19 0 0 333 52 0 95612832 0 0 0 0 0 38836069 0 0 2094 0 
0 0 0 0 0 0 0 0 0 0 0 0 0 0 0 0 0 0 0 0 0 0 0 3 113077 0 0 19 0 0 333 52 0 95641498 0 0 0 0 0 38854420 0 0 2094 0 
0 0 0 0 0 0 0 0 0 0 0 0 0 0 0 0 0 0 0 0 0 0 0 3 113129 0 0 19 0 0 333 52 0 95676293 0 0 0 0 0 38871307 0 0 2094 0 
0 0 0 0 0 0 0 0 0 0 0 0 0 0 0 0 0 0 0 0 0 0 0 3 113137 0 0 19 0 0 333 52 0 95708197 0 0 0 0 0 38887618 0 0 2094 0 
0 0 0 0 0 0 0 0 0 0 0 0 0 0 0 0 0 0 0 0 0 0 0 3 113193 0 0 19 0 0 333 52 0 95740145 0 0 0 0 0 38905999 0 0 2094 0 
0 0 0 0 0 0 0 0 0 0 0 0 0 0 0 0 0 0 0 0 0 0 0 3 113245 0 0 19 0 0 333 52 0 95781329 0 0 0 0 0 38924493 0 0 2094 0 
0 0 0 0 0 0 0 0 0 0 0 0 0 0 0 0 0 0 0 0 0 0 0 3 113257 0 0 19 0 0 333 52 0 95806164 0 0 0 0 0 38942178 0 0 2094 0 
0 0 0 0 0 0 0 0 0 0 0 0 0 0 0 0 0 0 0 0 0 0 0 3 113309 0 0 19 0 0 333 52 0 95849477 0 0 0 0 0 38963651 0 0 2094 0 
0 0 0 0 0 0 0 0 0 0 0 0 0 0 0 0 0 0 0 0 0 0 0 3 113317 0 0 19 0 0 333 52 0 95877649 0 0 0 0 0 38980731 0 0 2094 0 
0 0 0 0 0 0 0 0 0 0 0 0 0 0 0 0 0 0 0 0 0 0 0 3 113369 0 0 19 0 0 333 52 0 95912406 0 0 0 0 0 38998060 0 0 2094 0 
0 0 0 0 0 0 0 0 0 0 0 0 0 0 0 0 0 0 0 0 0 0 0 3 113377 0 0 19 0 0 333 52 0 95943092 0 0 0 0 0 39014993 0 0 2094 0 
0 0 0 0 0 0 0 0 0 0 0 0 0 0 0 0 0 0 0 0 0 0 0 3 113433 0 0 19 0 0 333 52 0 95976023 0 0 0 0 0 39032950 0 0 2094 0 
0 0 0 0 0 0 0 0 0 0 0 0 0 0 0 0 0 0 0 0 0 0 0 3 113489 0 0 19 0 0 333 52 0 96018460 0 0 0 0 0 39051779 0 0 2094 0 
0 0 0 0 0 0 0 0 0 0 0 0 0 0 0 0 0 0 0 0 0 0 0 3 113497 0 0 19 0 0 333 52 0 96044423 0 0 0 0 0 39068598 0 0 2094 0 
0 0 0 0 0 0 0 0 0 0 0 0 0 0 0 0 0 0 0 0 0 0 0 3 113549 0 0 19 0 0 333 52 0 96083185 0 0 0 0 0 39087037 0 0 2094 0 
0 0 0 0 0 0 0 0 0 0 0 0 0 0 0 0 0 0 0 0 0 0 0 3 113561 0 0 19 0 0 333 52 0 96118795 0 0 0 0 0 39101642 0 0 2094 0 
0 0 0 0 0 0 0 0 0 0 0 0 0 0 0 0 0 0 0 0 0 0 0 3 113613 0 0 19 0 0 333 52 0 96146803 0 0 0 0 0 39119615 0 0 2094 0 
0 0 0 0 0 0 0 0 0 0 0 0 0 0 0 0 0 0 0 0 0 0 0 3 113669 0 0 19 0 0 333 52 0 96187145 0 0 0 0 0 39136334 0 0 2094 0 
0 0 0 0 0 0 0 0 0 0 0 0 0 0 0 0 0 0 0 0 0 0 0 3 113677 0 0 19 0 0 333 52 0 96213823 0 0 0 0 0 39151917 0 0 2094 0 
0 0 0 0 0 0 0 0 0 0 0 0 0 0 0 0 0 0 0 0 0 0 0 3 113733 0 0 19 0 0 333 52 0 96247690 0 0 0 0 0 39167965 0 0 2094 0 
0 0 0 0 0 0 0 0 0 0 0 0 0 0 0 0 0 0 0 0 0 0 0 3 113741 0 0 19 0 0 333 52 0 96281926 0 0 0 0 0 39184658 0 0 2094 0 
0 0 0 0 0 0 0 0 0 0 0 0 0 0 0 0 0 0 0 0 0 0 0 3 113793 0 0 19 0 0 333 52 0 96311576 0 0 0 0 0 39202551 0 0 2094 0 
0 0 0 0 0 0 0 0 0 0 0 0 0 0 0 0 0 0 0 0 0 0 0 3 113849 0 0 19 0 0 333 52 0 96353302 0 0 0 0 0 39219856 0 0 2094 0 
0 0 0 0 0 0 0 0 0 0 0 0 0 0 0 0 0 0 0 0 0 0 0 3 113857 0 0 19 0 0 333 52 0 96380197 0 0 0 0 0 39233993 0 0 2094 0 
0 0 0 0 0 0 0 0 0 0 0 0 0 0 0 0 0 0 0 0 0 0 0 3 113913 0 0 19 0 0 333 52 0 96413601 0 0 0 0 0 39249776 0 0 2094 0 
0 0 0 0 0 0 0 0 0 0 0 0 0 0 0 0 0 0 0 0 0 0 0 3 113969 0 0 19 0 0 333 52 0 96454352 0 0 0 0 0 39266648 0 0 2094 0 
0 0 0 0 0 0 0 0 0 0 0 0 0 0 0 0 0 0 0 0 0 0 0 3 113977 0 0 19 0 0 333 52 0 96481062 0 0 0 0 0 39282140 0 0 2094 0 
0 0 0 0 0 0 0 0 0 0 0 0 0 0 0 0 0 0 0 0 0 0 0 3 114033 0 0 19 0 0 333 52 0 96516045 0 0 0 0 0 39297913 0 0 2094 0 
0 0 0 0 0 0 0 0 0 0 0 0 0 0 0 0 0 0 0 0 0 0 0 3 114041 0 0 19 0 0 333 52 0 96554618 0 0 0 0 0 39315026 0 0 2094 0 
0 0 0 0 0 0 0 0 0 0 0 0 0 0 0 0 0 0 0 0 0 0 0 3 114097 0 0 19 0 0 333 52 0 96578599 0 0 0 0 0 39328441 0 0 2094 0 
0 0 0 0 0 0 0 0 0 0 0 0 0 0 0 0 0 0 0 0 0 0 0 3 114149 0 0 19 0 0 333 52 0 96622035 0 0 0 0 0 39347887 0 0 2094 0 
0 0 0 0 0 0 0 0 0 0 0 0 0 0 0 0 0 0 0 0 0 0 0 3 114157 0 0 19 0 0 333 52 0 96650434 0 0 0 0 0 39361469 0 0 2094 0 
0 0 0 0 0 0 0 0 0 0 0 0 0 0 0 0 0 0 0 0 0 0 0 3 114213 0 0 19 0 0 333 52 0 96680554 0 0 0 0 0 39376268 0 0 2094 0 
0 0 0 0 0 0 0 0 0 0 0 0 0 0 0 0 0 0 0 0 0 0 0 3 114269 0 0 19 0 0 333 52 0 96722379 0 0 0 0 0 39394663 0 0 2094 0 
0 0 0 0 0 0 0 0 0 0 0 0 0 0 0 0 0 0 0 0 0 0 0 3 114277 0 0 19 0 0 333 52 0 96748568 0 0 0 0 0 39409420 0 0 2094 0 
0 0 0 0 0 0 0 0 0 0 0 0 0 0 0 0 0 0 0 0 0 0 0 3 114329 0 0 19 0 0 333 52 0 96782197 0 0 0 0 0 39424648 0 0 2094 0 
0 0 0 0 0 0 0 0 0 0 0 0 0 0 0 0 0 0 0 0 0 0 0 3 114337 0 0 19 0 0 333 52 0 96813398 0 0 0 0 0 39438469 0 0 2094 0 
0 0 0 0 0 0 0 0 0 0 0 0 0 0 0 0 0 0 0 0 0 0 0 3 114393 0 0 19 0 0 333 52 0 96840196 0 0 0 0 0 39451808 0 0 2094 0 
0 0 0 0 0 0 0 0 0 0 0 0 0 0 0 0 0 0 0 0 0 0 0 3 114449 0 0 19 0 0 333 52 0 96884707 0 0 0 0 0 39472400 0 0 2094 0 
0 0 0 0 0 0 0 0 0 0 0 0 0 0 0 0 0 0 0 0 0 0 0 3 114457 0 0 19 0 0 333 52 0 96910661 0 0 0 0 0 39486575 0 0 2094 0 
0 0 0 0 0 0 0 0 0 0 0 0 0 0 0 0 0 0 0 0 0 0 0 3 114513 0 0 19 0 0 333 52 0 96944133 0 0 0 0 0 39501705 0 0 2094 0 
0 0 0 0 0 0 0 0 0 0 0 0 0 0 0 0 0 0 0 0 0 0 0 3 114553 0 0 19 0 0 333 52 0 96984626 0 0 0 0 0 39519578 0 0 2094 0 
0 0 0 0 0 0 0 0 0 0 0 0 0 0 0 0 0 0 0 0 0 0 0 3 114577 0 0 19 0 0 333 52 0 97009297 0 0 0 0 0 39534092 0 0 2094 0 
0 0 0 0 0 0 0 0 0 0 0 0 0 0 0 0 0 0 0 0 0 0 0 3 114629 0 0 19 0 0 333 52 0 97048104 0 0 0 0 0 39552565 0 0 2094 0 
0 0 0 0 0 0 0 0 0 0 0 0 0 0 0 0 0 0 0 0 0 0 0 3 114637 0 0 19 0 0 333 52 0 97077999 0 0 0 0 0 39565558 0 0 2094 0 
0 0 0 0 0 0 0 0 0 0 0 0 0 0 0 0 0 0 0 0 0 0 0 3 114693 0 0 19 0 0 333 52 0 97109122 0 0 0 0 0 39582780 0 0 2094 0 
0 0 0 0 0 0 0 0 0 0 0 0 0 0 0 0 0 0 0 0 0 0 0 3 114749 0 0 19 0 0 333 52 0 97151168 0 0 0 0 0 39601096 0 0 2094 0 
0 0 0 0 0 0 0 0 0 0 0 0 0 0 0 0 0 0 0 0 0 0 0 3 114757 0 0 19 0 0 333 52 0 97176354 0 0 0 0 0 39617179 0 0 2094 0 
0 0 0 0 0 0 0 0 0 0 0 0 0 0 0 0 0 0 0 0 0 0 0 3 114809 0 0 19 0 0 333 52 0 97216635 0 0 0 0 0 39636508 0 0 2094 0 
0 0 0 0 0 0 0 0 0 0 0 0 0 0 0 0 0 0 0 0 0 0 0 3 114817 0 0 19 0 0 333 52 0 97243224 0 0 0 0 0 39653115 0 0 2094 0 
0 0 0 0 0 0 0 0 0 0 0 0 0 0 0 0 0 0 0 0 0 0 0 3 114873 0 0 19 0 0 333 52 0 97276630 0 0 0 0 0 39667945 0 0 2094 0 
0 0 0 0 0 0 0 0 0 0 0 0 0 0 0 0 0 0 0 0 0 0 0 3 114889 0 0 19 0 0 333 52 0 97320758 0 0 0 0 0 39689164 0 0 2094 0 
0 0 0 0 0 0 0 0 0 0 0 0 0 0 0 0 0 0 0 0 0 0 0 3 114933 0 0 19 0 0 333 52 0 97342393 0 0 0 0 0 39703992 0 0 2094 0 
0 0 0 0 0 0 0 0 0 0 0 0 0 0 0 0 0 0 0 0 0 0 0 3 114989 0 0 19 0 0 333 52 0 97383410 0 0 0 0 0 39721677 0 0 2094 0 
0 0 0 0 0 0 0 0 0 0 0 0 0 0 0 0 0 0 0 0 0 0 0 3 114997 0 0 19 0 0 333 52 0 97408951 0 0 0 0 0 39738319 0 0 2094 0 
0 0 0 0 0 0 0 0 0 0 0 0 0 0 0 0 0 0 0 0 0 0 0 3 115049 0 0 19 0 0 333 52 0 97447457 0 0 0 0 0 39756913 0 0 2094 0 
0 0 0 0 0 0 0 0 0 0 0 0 0 0 0 0 0 0 0 0 0 0 0 3 115057 0 0 19 0 0 333 52 0 97477755 0 0 0 0 0 39770628 0 0 2094 0 
0 0 0 0 0 0 0 0 0 0 0 0 0 0 0 0 0 0 0 0 0 0 0 3 115113 0 0 19 0 0 333 52 0 97507178 0 0 0 0 0 39787882 0 0 2094 0 
0 0 0 0 0 0 0 0 0 0 0 0 0 0 0 0 0 0 0 0 0 0 0 3 115169 0 0 19 0 0 333 52 0 97548801 0 0 0 0 0 39806216 0 0 2094 0 
0 0 0 0 0 0 0 0 0 0 0 0 0 0 0 0 0 0 0 0 0 0 0 3 115177 0 0 19 0 0 333 52 0 97572110 0 0 0 0 0 39822281 0 0 2094 0 
0 0 0 0 0 0 0 0 0 0 0 0 0 0 0 0 0 0 0 0 0 0 0 3 115229 0 0 19 0 0 333 52 0 97615137 0 0 0 0 0 39843224 0 0 2094 0 
0 0 0 0 0 0 0 0 0 0 0 0 0 0 0 0 0 0 0 0 0 0 0 3 115237 0 0 19 0 0 333 52 0 97643064 0 0 0 0 0 39861019 0 0 2094 0 
0 0 0 0 0 0 0 0 0 0 0 0 0 0 0 0 0 0 0 0 0 0 0 3 115293 0 0 19 0 0 333 52 0 97676240 0 0 0 0 0 39876714 0 0 2094 0 
0 0 0 0 0 0 0 0 0 0 0 0 0 0 0 0 0 0 0 0 0 0 0 3 115297 0 0 19 0 0 333 52 0 97709032 0 0 0 0 0 39892117 0 0 2094 0 
0 0 0 0 0 0 0 0 0 0 0 0 0 0 0 0 0 0 0 0 0 0 0 3 115353 0 0 19 0 0 333 52 0 97742085 0 0 0 0 0 39911818 0 0 2094 0 
0 0 0 0 0 0 0 0 0 0 0 0 0 0 0 0 0 0 0 0 0 0 0 3 115409 0 0 19 0 0 333 52 0 97784413 0 0 0 0 0 39930367 0 0 2094 0 
0 0 0 0 0 0 0 0 0 0 0 0 0 0 0 0 0 0 0 0 0 0 0 3 115417 0 0 19 0 0 333 52 0 97812276 0 0 0 0 0 39947962 0 0 2094 0 
0 0 0 0 0 0 0 0 0 0 0 0 0 0 0 0 0 0 0 0 0 0 0 3 115473 0 0 19 0 0 333 52 0 97847178 0 0 0 0 0 39964311 0 0 2094 0 
0 0 0 0 0 0 0 0 0 0 0 0 0 0 0 0 0 0 0 0 0 0 0 3 115481 0 0 19 0 0 333 52 0 97884166 0 0 0 0 0 39982017 0 0 2094 0 
0 0 0 0 0 0 0 0 0 0 0 0 0 0 0 0 0 0 0 0 0 0 0 3 115533 0 0 19 0 0 333 52 0 97909988 0 0 0 0 0 39997841 0 0 2094 0 
0 0 0 0 0 0 0 0 0 0 0 0 0 0 0 0 0 0 0 0 0 0 0 3 115589 0 0 19 0 0 333 52 0 97949824 0 0 0 0 0 40014277 0 0 2094 0 
0 0 0 0 0 0 0 0 0 0 0 0 0 0 0 0 0 0 0 0 0 0 0 3 115597 0 0 19 0 0 333 52 0 97971930 0 0 0 0 0 40029406 0 0 2094 0 
0 0 0 0 0 0 0 0 0 0 0 0 0 0 0 0 0 0 0 0 0 0 0 3 115649 0 0 19 0 0 333 52 0 98012826 0 0 0 0 0 40048434 0 0 2094 0 
0 0 0 0 0 0 0 0 0 0 0 0 0 0 0 0 0 0 0 0 0 0 0 3 115657 0 0 19 0 0 333 52 0 98041159 0 0 0 0 0 40063720 0 0 2094 0 
0 0 0 0 0 0 0 0 0 0 0 0 0 0 0 0 0 0 0 0 0 0 0 3 115713 0 0 19 0 0 333 52 0 98072823 0 0 0 0 0 40079598 0 0 2094 0 
0 0 0 0 0 0 0 0 0 0 0 0 0 0 0 0 0 0 0 0 0 0 0 3 115733 0 0 19 0 0 333 52 0 98112450 0 0 0 0 0 40097458 0 0 2094 0 
0 0 0 0 0 0 0 0 0 0 0 0 0 0 0 0 0 0 0 0 0 0 0 3 115773 0 0 19 0 0 333 52 0 98130632 0 0 0 0 0 40108965 0 0 2094 0 
0 0 0 0 0 0 0 0 0 0 0 0 0 0 0 0 0 0 0 0 0 0 0 3 115829 0 0 19 0 0 333 52 0 98176186 0 0 0 0 0 40128832 0 0 2094 0 
0 0 0 0 0 0 0 0 0 0 0 0 0 0 0 0 0 0 0 0 0 0 0 3 115837 0 0 19 0 0 333 52 0 98205578 0 0 0 0 0 40143843 0 0 2094 0 
0 0 0 0 0 0 0 0 0 0 0 0 0 0 0 0 0 0 0 0 0 0 0 3 115893 0 0 19 0 0 333 52 0 98235094 0 0 0 0 0 40157591 0 0 2094 0 
0 0 0 0 0 0 0 0 0 0 0 0 0 0 0 0 0 0 0 0 0 0 0 3 115949 0 0 19 0 0 333 52 0 98276300 0 0 0 0 0 40174998 0 0 2094 0 
0 0 0 0 0 0 0 0 0 0 0 0 0 0 0 0 0 0 0 0 0 0 0 3 115957 0 0 19 0 0 333 52 0 98302506 0 0 0 0 0 40189693 0 0 2094 0 
0 0 0 0 0 0 0 0 0 0 0 0 0 0 0 0 0 0 0 0 0 0 0 3 116013 0 0 19 0 0 333 52 0 98335689 0 0 0 0 0 40204316 0 0 2094 0 
0 0 0 0 0 0 0 0 0 0 0 0 0 0 0 0 0 0 0 0 0 0 0 3 116033 0 0 19 0 0 333 52 0 98378627 0 0 0 0 0 40224948 0 0 2094 0 
0 0 0 0 0 0 0 0 0 0 0 0 0 0 0 0 0 0 0 0 0 0 0 3 116073 0 0 19 0 0 333 52 0 98397535 0 0 0 0 0 40235287 0 0 2094 0 
0 0 0 0 0 0 0 0 0 0 0 0 0 0 0 0 0 0 0 0 0 0 0 3 116129 0 0 19 0 0 333 52 0 98440040 0 0 0 0 0 40253341 0 0 2094 0 
0 0 0 0 0 0 0 0 0 0 0 0 0 0 0 0 0 0 0 0 0 0 0 3 116137 0 0 19 0 0 333 52 0 98465938 0 0 0 0 0 40267345 0 0 2094 0 
0 0 0 0 0 0 0 0 0 0 0 0 0 0 0 0 0 0 0 0 0 0 0 3 116193 0 0 19 0 0 333 52 0 98498174 0 0 0 0 0 40281101 0 0 2094 0 
0 0 0 0 0 0 0 0 0 0 0 0 0 0 0 0 0 0 0 0 0 0 0 3 116217 0 0 19 0 0 333 52 0 98539675 0 0 0 0 0 40300000 0 0 2094 0 
0 0 0 0 0 0 0 0 0 0 0 0 0 0 0 0 0 0 0 0 0 0 0 3 116257 0 0 19 0 0 333 52 0 98564551 0 0 0 0 0 40312686 0 0 2094 0 
0 0 0 0 0 0 0 0 0 0 0 0 0 0 0 0 0 0 0 0 0 0 0 3 116309 0 0 19 0 0 333 52 0 98600599 0 0 0 0 0 40329129 0 0 2094 0 
0 0 0 0 0 0 0 0 0 0 0 0 0 0 0 0 0 0 0 0 0 0 0 3 116329 0 0 19 0 0 333 52 0 98641246 0 0 0 0 0 40346967 0 0 2094 0 
0 0 0 0 0 0 0 0 0 0 0 0 0 0 0 0 0 0 0 0 0 0 0 3 116377 0 0 19 0 0 333 52 0 98662906 0 0 0 0 0 40360155 0 0 2094 0 
0 0 0 0 0 0 0 0 0 0 0 0 0 0 0 0 0 0 0 0 0 0 0 3 116429 0 0 19 0 0 333 52 0 98706825 0 0 0 0 0 40381306 0 0 2094 0 
0 0 0 0 0 0 0 0 0 0 0 0 0 0 0 0 0 0 0 0 0 0 0 3 116437 0 0 19 0 0 333 52 0 98734471 0 0 0 0 0 40397912 0 0 2094 0 
0 0 0 0 0 0 0 0 0 0 0 0 0 0 0 0 0 0 0 0 0 0 0 3 116489 0 0 19 0 0 333 52 0 98768063 0 0 0 0 0 40413478 0 0 2094 0 
0 0 0 0 0 0 0 0 0 0 0 0 0 0 0 0 0 0 0 0 0 0 0 3 116497 0 0 19 0 0 333 52 0 98800434 0 0 0 0 0 40431115 0 0 2094 0 
0 0 0 0 0 0 0 0 0 0 0 0 0 0 0 0 0 0 0 0 0 0 0 3 116553 0 0 19 0 0 333 52 0 98834749 0 0 0 0 0 40451246 0 0 2094 0 
0 0 0 0 0 0 0 0 0 0 0 0 0 0 0 0 0 0 0 0 0 0 0 3 116573 0 0 19 0 0 333 52 0 98876218 0 0 0 0 0 40469903 0 0 2094 0 
0 0 0 0 0 0 0 0 0 0 0 0 0 0 0 0 0 0 0 0 0 0 0 3 116617 0 0 19 0 0 333 52 0 98899128 0 0 0 0 0 40482307 0 0 2094 0 
0 0 0 0 0 0 0 0 0 0 0 0 0 0 0 0 0 0 0 0 0 0 0 3 116669 0 0 19 0 0 333 52 0 98941722 0 0 0 0 0 40503338 0 0 2094 0 
0 0 0 0 0 0 0 0 0 0 0 0 0 0 0 0 0 0 0 0 0 0 0 3 116677 0 0 19 0 0 333 52 0 98966487 0 0 0 0 0 40518924 0 0 2094 0 
0 0 0 0 0 0 0 0 0 0 0 0 0 0 0 0 0 0 0 0 0 0 0 3 116729 0 0 19 0 0 333 52 0 99002449 0 0 0 0 0 40535936 0 0 2094 0 
0 0 0 0 0 0 0 0 0 0 0 0 0 0 0 0 0 0 0 0 0 0 0 3 116737 0 0 19 0 0 333 52 0 99036950 0 0 0 0 0 40557426 0 0 2094 0 
0 0 0 0 0 0 0 0 0 0 0 0 0 0 0 0 0 0 0 0 0 0 0 3 116793 0 0 19 0 0 333 52 0 99072939 0 0 0 0 0 40578280 0 0 2094 0 
0 0 0 0 0 0 0 0 0 0 0 0 0 0 0 0 0 0 0 0 0 0 0 3 116801 0 0 19 0 0 333 52 0 99107532 0 0 0 0 0 40594715 0 0 2094 0 
0 0 0 0 0 0 0 0 0 0 0 0 0 0 0 0 0 0 0 0 0 0 0 3 116853 0 0 19 0 0 333 52 0 99134802 0 0 0 0 0 40609948 0 0 2094 0 
0 0 0 0 0 0 0 0 0 0 0 0 0 0 0 0 0 0 0 0 0 0 0 3 116909 0 0 19 0 0 333 52 0 99180675 0 0 0 0 0 40630833 0 0 2094 0 
0 0 0 0 0 0 0 0 0 0 0 0 0 0 0 0 0 0 0 0 0 0 0 3 116917 0 0 19 0 0 333 52 0 99209796 0 0 0 0 0 40646269 0 0 2094 0 
0 0 0 0 0 0 0 0 0 0 0 0 0 0 0 0 0 0 0 0 0 0 0 3 116973 0 0 19 0 0 333 52 0 99240180 0 0 0 0 0 40660560 0 0 2094 0 
0 0 0 0 0 0 0 0 0 0 0 0 0 0 0 0 0 0 0 0 0 0 0 3 117029 0 0 19 0 0 333 52 0 99282043 0 0 0 0 0 40678732 0 0 2094 0 
0 0 0 0 0 0 0 0 0 0 0 0 0 0 0 0 0 0 0 0 0 0 0 3 117037 0 0 19 0 0 333 52 0 99306587 0 0 0 0 0 40691916 0 0 2094 0 
0 0 0 0 0 0 0 0 0 0 0 0 0 0 0 0 0 0 0 0 0 0 0 3 117089 0 0 19 0 0 333 52 0 99340549 0 0 0 0 0 40708216 0 0 2094 0 
0 0 0 0 0 0 0 0 0 0 0 0 0 0 0 0 0 0 0 0 0 0 0 3 117105 0 0 19 0 0 333 52 0 99379574 0 0 0 0 0 40724674 0 0 2094 0 
0 0 0 0 0 0 0 0 0 0 0 0 0 0 0 0 0 0 0 0 0 0 0 3 117153 0 0 19 0 0 333 52 0 99402322 0 0 0 0 0 40740451 0 0 2094 0 
0 0 0 0 0 0 0 0 0 0 0 0 0 0 0 0 0 0 0 0 0 0 0 3 117209 0 0 19 0 0 333 52 0 99447286 0 0 0 0 0 40760413 0 0 2094 0 
0 0 0 0 0 0 0 0 0 0 0 0 0 0 0 0 0 0 0 0 0 0 0 3 117217 0 0 19 0 0 333 52 0 99475807 0 0 0 0 0 40775305 0 0 2094 0 
0 0 0 0 0 0 0 0 0 0 0 0 0 0 0 0 0 0 0 0 0 0 0 3 117273 0 0 19 0 0 333 52 0 99509039 0 0 0 0 0 40793339 0 0 2094 0 
0 0 0 0 0 0 0 0 0 0 0 0 0 0 0 0 0 0 0 0 0 0 0 3 117301 0 0 19 0 0 333 52 0 99549006 0 0 0 0 0 40811365 0 0 2094 0 
0 0 0 0 0 0 0 0 0 0 0 0 0 0 0 0 0 0 0 0 0 0 0 3 117337 0 0 19 0 0 333 52 0 99573566 0 0 0 0 0 40825875 0 0 2094 0 
0 0 0 0 0 0 0 0 0 0 0 0 0 0 0 0 0 0 0 0 0 0 0 3 117389 0 0 19 0 0 333 52 0 99615211 0 0 0 0 0 40846881 0 0 2094 0 
0 0 0 0 0 0 0 0 0 0 0 0 0 0 0 0 0 0 0 0 0 0 0 3 117397 0 0 19 0 0 333 52 0 99641266 0 0 0 0 0 40862476 0 0 2094 0 
0 0 0 0 0 0 0 0 0 0 0 0 0 0 0 0 0 0 0 0 0 0 0 3 117453 0 0 19 0 0 333 52 0 99675870 0 0 0 0 0 40879244 0 0 2094 0 
0 0 0 0 0 0 0 0 0 0 0 0 0 0 0 0 0 0 0 0 0 0 0 3 117457 0 0 19 0 0 333 52 0 99706776 0 0 0 0 0 40893704 0 0 2094 0 
0 0 0 0 0 0 0 0 0 0 0 0 0 0 0 0 0 0 0 0 0 0 0 3 117513 0 0 19 0 0 333 52 0 99738560 0 0 0 0 0 40912881 0 0 2094 0 
0 0 0 0 0 0 0 0 0 0 0 0 0 0 0 0 0 0 0 0 0 0 0 3 117569 0 0 19 0 0 333 52 0 99779644 0 0 0 0 0 40929969 0 0 2094 0 
0 0 0 0 0 0 0 0 0 0 0 0 0 0 0 0 0 0 0 0 0 0 0 3 117577 0 0 19 0 0 333 52 0 99807094 0 0 0 0 0 40946246 0 0 2094 0 
0 0 0 0 0 0 0 0 0 0 0 0 0 0 0 0 0 0 0 0 0 0 0 3 117629 0 0 19 0 0 333 52 0 99837097 0 0 0 0 0 40958805 0 0 2094 0 
0 0 0 0 0 0 0 0 0 0 0 0 0 0 0 0 0 0 0 0 0 0 0 3 117641 0 0 19 0 0 333 52 0 99872874 0 0 0 0 0 40974898 0 0 2094 0 
0 0 0 0 0 0 0 0 0 0 0 0 0 0 0 0 0 0 0 0 0 0 0 3 117697 0 0 19 0 0 333 52 0 99898867 0 0 0 0 0 40987938 0 0 2094 0 
0 0 0 0 0 0 0 0 0 0 0 0 0 0 0 0 0 0 0 0 0 0 0 3 117749 0 0 19 0 0 333 52 0 99938575 0 0 0 0 0 41005097 0 0 2094 0 
0 0 0 0 0 0 0 0 0 0 0 0 0 0 0 0 0 0 0 0 0 0 0 3 117757 0 0 19 0 0 333 52 0 99963411 0 0 0 0 0 41017421 0 0 2094 0 
0 0 0 0 0 0 0 0 0 0 0 0 0 0 0 0 0 0 0 0 0 0 0 3 117813 0 0 19 0 0 333 52 0 99994474 0 0 0 0 0 41030862 0 0 2094 0 
0 0 0 0 0 0 0 0 0 0 0 0 0 0 0 0 0 0 0 0 0 0 0 3 117869 0 0 19 0 0 333 52 0 100037305 0 0 0 0 0 41050063 0 0 2094 0 
0 0 0 0 0 0 0 0 0 0 0 0 0 0 0 0 0 0 0 0 0 0 0 3 117877 0 0 19 0 0 333 52 0 100064223 0 0 0 0 0 41065629 0 0 2094 0 
0 0 0 0 0 0 0 0 0 0 0 0 0 0 0 0 0 0 0 0 0 0 0 3 117933 0 0 19 0 0 333 52 0 100098385 0 0 0 0 0 41081437 0 0 2094 0 
0 0 0 0 0 0 0 0 0 0 0 0 0 0 0 0 0 0 0 0 0 0 0 3 117945 0 0 19 0 0 333 52 0 100140445 0 0 0 0 0 41101037 0 0 2094 0 
0 0 0 0 0 0 0 0 0 0 0 0 0 0 0 0 0 0 0 0 0 0 0 3 117993 0 0 19 0 0 333 52 0 100158074 0 0 0 0 0 41111653 0 0 2094 0 
0 0 0 0 0 0 0 0 0 0 0 0 0 0 0 0 0 0 0 0 0 0 0 3 118049 0 0 19 0 0 333 52 0 100204247 0 0 0 0 0 41132143 0 0 2094 0 
0 0 0 0 0 0 0 0 0 0 0 0 0 0 0 0 0 0 0 0 0 0 0 3 118057 0 0 19 0 0 333 52 0 100232552 0 0 0 0 0 41149325 0 0 2094 0 
0 0 0 0 0 0 0 0 0 0 0 0 0 0 0 0 0 0 0 0 0 0 0 3 118113 0 0 19 0 0 333 52 0 100265617 0 0 0 0 0 41163926 0 0 2094 0 
0 0 0 0 0 0 0 0 0 0 0 0 0 0 0 0 0 0 0 0 0 0 0 3 118141 0 0 19 0 0 333 52 0 100304627 0 0 0 0 0 41181168 0 0 2094 0 
0 0 0 0 0 0 0 0 0 0 0 0 0 0 0 0 0 0 0 0 0 0 0 3 118177 0 0 19 0 0 333 52 0 100328840 0 0 0 0 0 41195685 0 0 2094 0 
0 0 0 0 0 0 0 0 0 0 0 0 0 0 0 0 0 0 0 0 0 0 0 3 118229 0 0 19 0 0 333 52 0 100371404 0 0 0 0 0 41215656 0 0 2094 0 
0 0 0 0 0 0 0 0 0 0 0 0 0 0 0 0 0 0 0 0 0 0 0 3 118237 0 0 19 0 0 333 52 0 100400636 0 0 0 0 0 41231714 0 0 2094 0 
0 0 0 0 0 0 0 0 0 0 0 0 0 0 0 0 0 0 0 0 0 0 0 3 118293 0 0 19 0 0 333 52 0 100436030 0 0 0 0 0 41250890 0 0 2094 0 
0 0 0 0 0 0 0 0 0 0 0 0 0 0 0 0 0 0 0 0 0 0 0 3 118349 0 0 19 0 0 333 52 0 100477107 0 0 0 0 0 41268273 0 0 2094 0 
0 0 0 0 0 0 0 0 0 0 0 0 0 0 0 0 0 0 0 0 0 0 0 3 118357 0 0 19 0 0 333 52 0 100502954 0 0 0 0 0 41285035 0 0 2094 0 
0 0 0 0 0 0 0 0 0 0 0 0 0 0 0 0 0 0 0 0 0 0 0 3 118409 0 0 19 0 0 333 52 0 100545895 0 0 0 0 0 41308739 0 0 2094 0 
0 0 0 0 0 0 0 0 0 0 0 0 0 0 0 0 0 0 0 0 0 0 0 3 118417 0 0 19 0 0 333 52 0 100575717 0 0 0 0 0 41327324 0 0 2094 0 
0 0 0 0 0 0 0 0 0 0 0 0 0 0 0 0 0 0 0 0 0 0 0 3 118473 0 0 19 0 0 333 52 0 100609839 0 0 0 0 0 41344424 0 0 2094 0 
0 0 0 0 0 0 0 0 0 0 0 0 0 0 0 0 0 0 0 0 0 0 0 3 118489 0 0 19 0 0 333 52 0 100653061 0 0 0 0 0 41365084 0 0 2094 0 
0 0 0 0 0 0 0 0 0 0 0 0 0 0 0 0 0 0 0 0 0 0 0 3 118537 0 0 19 0 0 333 52 0 100671684 0 0 0 0 0 41374759 0 0 2094 0 
0 0 0 0 0 0 0 0 0 0 0 0 0 0 0 0 0 0 0 0 0 0 0 3 118589 0 0 19 0 0 333 52 0 100712975 0 0 0 0 0 41393101 0 0 2094 0 
0 0 0 0 0 0 0 0 0 0 0 0 0 0 0 0 0 0 0 0 0 0 0 3 118597 0 0 19 0 0 333 52 0 100743027 0 0 0 0 0 41408581 0 0 2094 0 
0 0 0 0 0 0 0 0 0 0 0 0 0 0 0 0 0 0 0 0 0 0 0 3 118653 0 0 19 0 0 333 52 0 100775301 0 0 0 0 0 41426015 0 0 2094 0 
0 0 0 0 0 0 0 0 0 0 0 0 0 0 0 0 0 0 0 0 0 0 0 3 118709 0 0 19 0 0 333 52 0 100815223 0 0 0 0 0 41442683 0 0 2094 0 
0 0 0 0 0 0 0 0 0 0 0 0 0 0 0 0 0 0 0 0 0 0 0 3 118717 0 0 19 0 0 333 52 0 100840157 0 0 0 0 0 41456924 0 0 2094 0 
0 0 0 0 0 0 0 0 0 0 0 0 0 0 0 0 0 0 0 0 0 0 0 3 118773 0 0 19 0 0 333 52 0 100875696 0 0 0 0 0 41473863 0 0 2094 0 
0 0 0 0 0 0 0 0 0 0 0 0 0 0 0 0 0 0 0 0 0 0 0 3 118777 0 0 19 0 0 333 52 0 100909599 0 0 0 0 0 41491086 0 0 2094 0 
0 0 0 0 0 0 0 0 0 0 0 0 0 0 0 0 0 0 0 0 0 0 0 3 118833 0 0 19 0 0 333 52 0 100941496 0 0 0 0 0 41508835 0 0 2094 0 
0 0 0 0 0 0 0 0 0 0 0 0 0 0 0 0 0 0 0 0 0 0 0 3 118889 0 0 19 0 0 333 52 0 100982161 0 0 0 0 0 41525757 0 0 2094 0 
0 0 0 0 0 0 0 0 0 0 0 0 0 0 0 0 0 0 0 0 0 0 0 3 118897 0 0 19 0 0 333 52 0 101007677 0 0 0 0 0 41539850 0 0 2094 0 
0 0 0 0 0 0 0 0 0 0 0 0 0 0 0 0 0 0 0 0 0 0 0 3 118953 0 0 19 0 0 333 52 0 101040110 0 0 0 0 0 41553376 0 0 2094 0 
0 0 0 0 0 0 0 0 0 0 0 0 0 0 0 0 0 0 0 0 0 0 0 3 118973 0 0 19 0 0 333 52 0 101079710 0 0 0 0 0 41570849 0 0 2094 0 
0 0 0 0 0 0 0 0 0 0 0 0 0 0 0 0 0 0 0 0 0 0 0 3 119013 0 0 19 0 0 333 52 0 101099532 0 0 0 0 0 41584237 0 0 2094 0 
0 0 0 0 0 0 0 0 0 0 0 0 0 0 0 0 0 0 0 0 0 0 0 3 119069 0 0 19 0 0 333 52 0 101145330 0 0 0 0 0 41604951 0 0 2094 0 
0 0 0 0 0 0 0 0 0 0 0 0 0 0 0 0 0 0 0 0 0 0 0 3 119077 0 0 19 0 0 333 52 0 101174794 0 0 0 0 0 41621023 0 0 2094 0 
0 0 0 0 0 0 0 0 0 0 0 0 0 0 0 0 0 0 0 0 0 0 0 3 119133 0 0 19 0 0 333 52 0 101206273 0 0 0 0 0 41635866 0 0 2094 0 
0 0 0 0 0 0 0 0 0 0 0 0 0 0 0 0 0 0 0 0 0 0 0 3 119189 0 0 19 0 0 333 52 0 101248087 0 0 0 0 0 41653621 0 0 2094 0 
0 0 0 0 0 0 0 0 0 0 0 0 0 0 0 0 0 0 0 0 0 0 0 3 119197 0 0 19 0 0 333 52 0 101273177 0 0 0 0 0 41666549 0 0 2094 0 
0 0 0 0 0 0 0 0 0 0 0 0 0 0 0 0 0 0 0 0 0 0 0 3 119253 0 0 19 0 0 333 52 0 101302650 0 0 0 0 0 41678454 0 0 2094 0 
0 0 0 0 0 0 0 0 0 0 0 0 0 0 0 0 0 0 0 0 0 0 0 3 119269 0 0 19 0 0 333 52 0 101345333 0 0 0 0 0 41698149 0 0 2094 0 
0 0 0 0 0 0 0 0 0 0 0 0 0 0 0 0 0 0 0 0 0 0 0 3 119317 0 0 19 0 0 333 52 0 101365548 0 0 0 0 0 41708654 0 0 2094 0 
0 0 0 0 0 0 0 0 0 0 0 0 0 0 0 0 0 0 0 0 0 0 0 3 119369 0 0 19 0 0 333 52 0 101407009 0 0 0 0 0 41727735 0 0 2094 0 
0 0 0 0 0 0 0 0 0 0 0 0 0 0 0 0 0 0 0 0 0 0 0 3 119377 0 0 19 0 0 333 52 0 101436770 0 0 0 0 0 41740557 0 0 2094 0 
0 0 0 0 0 0 0 0 0 0 0 0 0 0 0 0 0 0 0 0 0 0 0 3 119433 0 0 19 0 0 333 52 0 101466414 0 0 0 0 0 41755131 0 0 2094 0 
0 0 0 0 0 0 0 0 0 0 0 0 0 0 0 0 0 0 0 0 0 0 0 3 119485 0 0 19 0 0 333 52 0 101507864 0 0 0 0 0 41773631 0 0 2094 0 
0 0 0 0 0 0 0 0 0 0 0 0 0 0 0 0 0 0 0 0 0 0 0 3 119497 0 0 19 0 0 333 52 0 101532289 0 0 0 0 0 41785793 0 0 2094 0 
0 0 0 0 0 0 0 0 0 0 0 0 0 0 0 0 0 0 0 0 0 0 0 3 119549 0 0 19 0 0 333 52 0 101567250 0 0 0 0 0 41801902 0 0 2094 0 
0 0 0 0 0 0 0 0 0 0 0 0 0 0 0 0 0 0 0 0 0 0 0 3 119561 0 0 19 0 0 333 52 0 101598474 0 0 0 0 0 41815163 0 0 2094 0 
0 0 0 0 0 0 0 0 0 0 0 0 0 0 0 0 0 0 0 0 0 0 0 3 119613 0 0 19 0 0 333 52 0 101629238 0 0 0 0 0 41834097 0 0 2094 0 
0 0 0 0 0 0 0 0 0 0 0 0 0 0 0 0 0 0 0 0 0 0 0 3 119669 0 0 19 0 0 333 52 0 101670926 0 0 0 0 0 41852182 0 0 2094 0 
0 0 0 0 0 0 0 0 0 0 0 0 0 0 0 0 0 0 0 0 0 0 0 3 119677 0 0 19 0 0 333 52 0 101698535 0 0 0 0 0 41869975 0 0 2094 0 
0 0 0 0 0 0 0 0 0 0 0 0 0 0 0 0 0 0 0 0 0 0 0 3 119729 0 0 19 0 0 333 52 0 101736752 0 0 0 0 0 41887699 0 0 2094 0 
0 0 0 0 0 0 0 0 0 0 0 0 0 0 0 0 0 0 0 0 0 0 0 3 119737 0 0 19 0 0 333 52 0 101764643 0 0 0 0 0 41901536 0 0 2094 0 
0 0 0 0 0 0 0 0 0 0 0 0 0 0 0 0 0 0 0 0 0 0 0 3 119793 0 0 19 0 0 333 52 0 101798033 0 0 0 0 0 41919463 0 0 2094 0 
0 0 0 0 0 0 0 0 0 0 0 0 0 0 0 0 0 0 0 0 0 0 0 3 119809 0 0 19 0 0 333 52 0 101839829 0 0 0 0 0 41938186 0 0 2094 0 
0 0 0 0 0 0 0 0 0 0 0 0 0 0 0 0 0 0 0 0 0 0 0 3 119853 0 0 19 0 0 333 52 0 101861856 0 0 0 0 0 41953733 0 0 2094 0 
0 0 0 0 0 0 0 0 0 0 0 0 0 0 0 0 0 0 0 0 0 0 0 3 119909 0 0 19 0 0 333 52 0 101905884 0 0 0 0 0 41973616 0 0 2094 0 
0 0 0 0 0 0 0 0 0 0 0 0 0 0 0 0 0 0 0 0 0 0 0 3 119917 0 0 19 0 0 333 52 0 101932680 0 0 0 0 0 41989020 0 0 2094 0 
0 0 0 0 0 0 0 0 0 0 0 0 0 0 0 0 0 0 0 0 0 0 0 3 119973 0 0 19 0 0 333 52 0 101965622 0 0 0 0 0 42003006 0 0 2094 0 
0 0 0 0 0 0 0 0 0 0 0 0 0 0 0 0 0 0 0 0 0 0 0 3 119985 0 0 19 0 0 333 52 0 102005642 0 0 0 0 0 42020564 0 0 2094 0 
0 0 0 0 0 0 0 0 0 0 0 0 0 0 0 0 0 0 0 0 0 0 0 3 120033 0 0 19 0 0 333 52 0 102024659 0 0 0 0 0 42032515 0 0 2094 0 
0 0 0 0 0 0 0 0 0 0 0 0 0 0 0 0 0 0 0 0 0 0 0 3 120089 0 0 19 0 0 333 52 0 102070260 0 0 0 0 0 42053052 0 0 2094 0 
0 0 0 0 0 0 0 0 0 0 0 0 0 0 0 0 0 0 0 0 0 0 0 3 120097 0 0 19 0 0 333 52 0 102099405 0 0 0 0 0 42067583 0 0 2094 0 
0 0 0 0 0 0 0 0 0 0 0 0 0 0 0 0 0 0 0 0 0 0 0 3 120153 0 0 19 0 0 333 52 0 102128901 0 0 0 0 0 42081809 0 0 2094 0 
0 0 0 0 0 0 0 0 0 0 0 0 0 0 0 0 0 0 0 0 0 0 0 3 120209 0 0 19 0 0 333 52 0 102168759 0 0 0 0 0 42098003 0 0 2094 0 
0 0 0 0 0 0 0 0 0 0 0 0 0 0 0 0 0 0 0 0 0 0 0 3 120217 0 0 19 0 0 333 52 0 102195603 0 0 0 0 0 42114795 0 0 2094 0 
0 0 0 0 0 0 0 0 0 0 0 0 0 0 0 0 0 0 0 0 0 0 0 3 120273 0 0 19 0 0 333 52 0 102230878 0 0 0 0 0 42130773 0 0 2094 0 
0 0 0 0 0 0 0 0 0 0 0 0 0 0 0 0 0 0 0 0 0 0 0 3 120281 0 0 19 0 0 333 52 0 102270581 0 0 0 0 0 42146859 0 0 2094 0 
0 0 0 0 0 0 0 0 0 0 0 0 0 0 0 0 0 0 0 0 0 0 0 3 120325 0 0 19 0 0 333 52 0 102286606 0 0 0 0 0 42150977 0 0 2094 0 
0 0 0 0 0 0 0 0 0 0 0 0 0 0 0 0 0 0 0 0 0 0 0 3 120325 0 0 19 0 0 333 52 0 102286606 0 0 0 0 0 42150977 0 0 2094 0 
0 0 0 0 0 0 0 0 0 0 0 0 0 0 0 0 0 0 0 0 0 0 0 3 120325 0 0 19 0 0 333 52 0 102286606 0 0 0 0 0 42150977 0 0 2094 0 
0 0 0 0 0 0 0 0 0 0 0 0 0 0 0 0 0 0 0 0 0 0 0 3 120325 0 0 19 0 0 333 52 0 102286606 0 0 0 0 0 42150977 0 0 2094 0 
