0 0 0 0 0 0 0 0 0 0 0 0 0 0 0 0 0 0 0 0 0 0 0 3 0 108221 108183 0 0 330 0 0 52 71050820 20325065 0 0 0 0 0 36652200 2119 0 0 
0 0 0 0 0 0 0 0 0 0 0 0 0 0 0 0 0 0 0 0 0 0 0 3 0 108221 108183 0 0 330 0 0 52 71050820 20325065 0 0 0 0 0 36652200 2119 0 0 
0 0 0 0 0 0 0 0 0 0 0 0 0 0 0 0 0 0 0 0 0 0 0 3 0 108221 108183 0 0 330 0 0 52 71050820 20325065 0 0 0 0 0 36652200 2119 0 0 
0 0 0 0 0 0 0 0 0 0 0 0 0 0 0 0 0 0 0 0 0 0 0 3 0 108221 108183 0 0 330 0 0 52 71050820 20325065 0 0 0 0 0 36652200 2119 0 0 
0 0 0 0 0 0 0 0 0 0 0 0 0 0 0 0 0 0 0 0 0 0 0 3 0 108221 108183 0 0 330 0 0 52 71050820 20325065 0 0 0 0 0 36652200 2119 0 0 
0 0 0 0 0 0 0 0 0 0 0 0 0 0 0 0 0 0 0 0 0 0 0 3 0 108221 108183 0 0 330 0 0 52 71050820 20325065 0 0 0 0 0 36652200 2119 0 0 
0 0 0 0 0 0 0 0 0 0 0 0 0 0 0 0 0 0 0 0 0 0 0 3 0 108221 108183 0 0 330 0 0 52 71050820 20325065 0 0 0 0 0 36652200 2119 0 0 
0 0 0 0 0 0 0 0 0 0 0 0 0 0 0 0 0 0 0 0 0 0 0 3 0 108265 108231 0 0 337 0 0 52 71080841 20325874 0 0 0 0 0 36655787 2119 0 0 
0 0 0 0 0 0 0 0 0 0 0 0 0 0 0 0 0 0 0 0 0 0 0 3 0 108273 108239 0 0 337 0 0 52 71101983 20329656 0 0 0 0 0 36668788 2119 0 0 
0 0 0 0 0 0 0 0 0 0 0 0 0 0 0 0 0 0 0 0 0 0 0 3 0 108325 108291 0 0 337 0 0 52 71135037 20338323 0 0 0 0 0 36684421 2119 0 0 
0 0 0 0 0 0 0 0 0 0 0 0 0 0 0 0 0 0 0 0 0 0 0 3 0 108333 108299 0 0 337 0 0 52 71159856 20342107 0 0 0 0 0 36700203 2119 0 0 
0 0 0 0 0 0 0 0 0 0 0 0 0 0 0 0 0 0 0 0 0 0 0 3 0 108389 108355 0 0 337 0 0 52 71187774 20346107 0 0 0 0 0 36713963 2119 0 0 
0 0 0 0 0 0 0 0 0 0 0 0 0 0 0 0 0 0 0 0 0 0 0 3 0 108445 108411 0 0 337 0 0 52 71220854 20356036 0 0 0 0 0 36733054 2119 0 0 
0 0 0 0 0 0 0 0 0 0 0 0 0 0 0 0 0 0 0 0 0 0 0 3 0 108453 108419 0 0 337 0 0 52 71241606 20361706 0 0 0 0 0 36748071 2119 0 0 
0 0 0 0 0 0 0 0 0 0 0 0 0 0 0 0 0 0 0 0 0 0 0 3 0 108509 108475 0 0 337 0 0 52 71270386 20365983 0 0 0 0 0 36762450 2119 0 0 
0 0 0 0 0 0 0 0 0 0 0 0 0 0 0 0 0 0 0 0 0 0 0 3 0 108533 108495 0 0 337 0 0 52 71303484 20374742 0 0 0 0 0 36781562 2119 0 0 
0 0 0 0 0 0 0 0 0 0 0 0 0 0 0 0 0 0 0 0 0 0 0 3 0 108573 108539 0 0 337 0 0 52 71320117 20379472 0 0 0 0 0 36791764 2119 0 0 
0 0 0 0 0 0 0 0 0 0 0 0 0 0 0 0 0 0 0 0 0 0 0 3 0 108625 108591 0 0 337 0 0 52 71354292 20385853 0 0 0 0 0 36810243 2119 0 0 
0 0 0 0 0 0 0 0 0 0 0 0 0 0 0 0 0 0 0 0 0 0 0 3 0 108633 108599 0 0 337 0 0 52 71376151 20391803 0 0 0 0 0 36825909 2119 0 0 
0 0 0 0 0 0 0 0 0 0 0 0 0 0 0 0 0 0 0 0 0 0 0 3 0 108689 108655 0 0 337 0 0 52 71404175 20395802 0 0 0 0 0 36839875 2119 0 0 
0 0 0 0 0 0 0 0 0 0 0 0 0 0 0 0 0 0 0 0 0 0 0 3 0 108745 108711 0 0 337 0 0 52 71435091 20405730 0 0 0 0 0 36857509 2119 0 0 
0 0 0 0 0 0 0 0 0 0 0 0 0 0 0 0 0 0 0 0 0 0 0 3 0 108753 108719 0 0 337 0 0 52 71455373 20408589 0 0 0 0 0 36871367 2119 0 0 
0 0 0 0 0 0 0 0 0 0 0 0 0 0 0 0 0 0 0 0 0 0 0 3 0 108805 108771 0 0 337 0 0 52 71489406 20415669 0 0 0 0 0 36890864 2119 0 0 
0 0 0 0 0 0 0 0 0 0 0 0 0 0 0 0 0 0 0 0 0 0 0 3 0 108813 108779 0 0 337 0 0 52 71511175 20421619 0 0 0 0 0 36906334 2119 0 0 
0 0 0 0 0 0 0 0 0 0 0 0 0 0 0 0 0 0 0 0 0 0 0 3 0 108869 108835 0 0 337 0 0 52 71542125 20425616 0 0 0 0 0 36923845 2119 0 0 
0 0 0 0 0 0 0 0 0 0 0 0 0 0 0 0 0 0 0 0 0 0 0 3 0 108895 108859 0 0 337 0 0 52 71575344 20434382 0 0 0 0 0 36943078 2119 0 0 
0 0 0 0 0 0 0 0 0 0 0 0 0 0 0 0 0 0 0 0 0 0 0 3 0 108933 108899 0 0 337 0 0 52 71592623 20438174 0 0 0 0 0 36954279 2119 0 0 
0 0 0 0 0 0 0 0 0 0 0 0 0 0 0 0 0 0 0 0 0 0 0 3 0 108985 108951 0 0 337 0 0 52 71627209 20445489 0 0 0 0 0 36974687 2119 0 0 
0 0 0 0 0 0 0 0 0 0 0 0 0 0 0 0 0 0 0 0 0 0 0 3 0 108993 108959 0 0 337 0 0 52 71646286 20451369 0 0 0 0 0 36988615 2119 0 0 
0 0 0 0 0 0 0 0 0 0 0 0 0 0 0 0 0 0 0 0 0 0 0 3 0 109045 109011 0 0 337 0 0 52 71674618 20455429 0 0 0 0 0 37002044 2119 0 0 
0 0 0 0 0 0 0 0 0 0 0 0 0 0 0 0 0 0 0 0 0 0 0 3 0 109053 109019 0 0 337 0 0 52 71699708 20461379 0 0 0 0 0 37016475 2119 0 0 
0 0 0 0 0 0 0 0 0 0 0 0 0 0 0 0 0 0 0 0 0 0 0 3 0 109109 109075 0 0 337 0 0 52 71726570 20465378 0 0 0 0 0 37034812 2119 0 0 
0 0 0 0 0 0 0 0 0 0 0 0 0 0 0 0 0 0 0 0 0 0 0 3 0 109139 109103 0 0 337 0 0 52 71757288 20474371 0 0 0 0 0 37052446 2119 0 0 
0 0 0 0 0 0 0 0 0 0 0 0 0 0 0 0 0 0 0 0 0 0 0 3 0 109173 109139 0 0 337 0 0 52 71779043 20476826 0 0 0 0 0 37068259 2119 0 0 
0 0 0 0 0 0 0 0 0 0 0 0 0 0 0 0 0 0 0 0 0 0 0 3 0 109225 109191 0 0 337 0 0 52 71815164 20485248 0 0 0 0 0 37090111 2119 0 0 
0 0 0 0 0 0 0 0 0 0 0 0 0 0 0 0 0 0 0 0 0 0 0 3 0 109233 109199 0 0 337 0 0 52 71838571 20491200 0 0 0 0 0 37106715 2119 0 0 
0 0 0 0 0 0 0 0 0 0 0 0 0 0 0 0 0 0 0 0 0 0 0 3 0 109289 109255 0 0 337 0 0 52 71868794 20495197 0 0 0 0 0 37124652 2119 0 0 
0 0 0 0 0 0 0 0 0 0 0 0 0 0 0 0 0 0 0 0 0 0 0 3 0 109316 109279 0 0 337 0 0 52 71901606 20503961 0 0 0 0 0 37143536 2119 0 0 
0 0 0 0 0 0 0 0 0 0 0 0 0 0 0 0 0 0 0 0 0 0 0 3 0 109352 109315 0 0 337 0 0 52 71922415 20505144 0 0 0 0 0 37159411 2119 0 0 
0 0 0 0 0 0 0 0 0 0 0 0 0 0 0 0 0 0 0 0 0 0 0 3 0 109405 109371 0 0 337 0 0 52 71956467 20515067 0 0 0 0 0 37179348 2119 0 0 
0 0 0 0 0 0 0 0 0 0 0 0 0 0 0 0 0 0 0 0 0 0 0 3 0 109413 109379 0 0 337 0 0 52 71975817 20518885 0 0 0 0 0 37193580 2119 0 0 
0 0 0 0 0 0 0 0 0 0 0 0 0 0 0 0 0 0 0 0 0 0 0 3 0 109468 109431 0 0 337 0 0 52 72006799 20525013 0 0 0 0 0 37210322 2119 0 0 
0 0 0 0 0 0 0 0 0 0 0 0 0 0 0 0 0 0 0 0 0 0 0 3 0 109477 109443 0 0 337 0 0 52 72035427 20531578 0 0 0 0 0 37227115 2119 0 0 
0 0 0 0 0 0 0 0 0 0 0 0 0 0 0 0 0 0 0 0 0 0 0 3 0 109529 109495 0 0 337 0 0 52 72061861 20534956 0 0 0 0 0 37245967 2119 0 0 
0 0 0 0 0 0 0 0 0 0 0 0 0 0 0 0 0 0 0 0 0 0 0 3 0 109585 109551 0 0 337 0 0 52 72094693 20544885 0 0 0 0 0 37264268 2119 0 0 
0 0 0 0 0 0 0 0 0 0 0 0 0 0 0 0 0 0 0 0 0 0 0 3 0 109593 109559 0 0 337 0 0 52 72115546 20550299 0 0 0 0 0 37280036 2119 0 0 
0 0 0 0 0 0 0 0 0 0 0 0 0 0 0 0 0 0 0 0 0 0 0 3 0 109649 109615 0 0 337 0 0 52 72146205 20554832 0 0 0 0 0 37296392 2119 0 0 
0 0 0 0 0 0 0 0 0 0 0 0 0 0 0 0 0 0 0 0 0 0 0 3 0 109654 109619 0 0 337 0 0 52 72168787 20560776 0 0 0 0 0 37309233 2119 0 0 
0 0 0 0 0 0 0 0 0 0 0 0 0 0 0 0 0 0 0 0 0 0 0 3 0 109709 109675 0 0 337 0 0 52 72198874 20564774 0 0 0 0 0 37330916 2119 0 0 
0 0 0 0 0 0 0 0 0 0 0 0 0 0 0 0 0 0 0 0 0 0 0 3 0 109744 109707 0 0 337 0 0 52 72227991 20573773 0 0 0 0 0 37347136 2119 0 0 
0 0 0 0 0 0 0 0 0 0 0 0 0 0 0 0 0 0 0 0 0 0 0 3 0 109772 109735 0 0 337 0 0 52 72245938 20574720 0 0 0 0 0 37360451 2119 0 0 
0 0 0 0 0 0 0 0 0 0 0 0 0 0 0 0 0 0 0 0 0 0 0 3 0 109825 109791 0 0 337 0 0 52 72281023 20584643 0 0 0 0 0 37380528 2119 0 0 
0 0 0 0 0 0 0 0 0 0 0 0 0 0 0 0 0 0 0 0 0 0 0 3 0 109833 109799 0 0 337 0 0 52 72302923 20590593 0 0 0 0 0 37395383 2119 0 0 
0 0 0 0 0 0 0 0 0 0 0 0 0 0 0 0 0 0 0 0 0 0 0 3 0 109889 109855 0 0 337 0 0 52 72331646 20594590 0 0 0 0 0 37412811 2119 0 0 
0 0 0 0 0 0 0 0 0 0 0 0 0 0 0 0 0 0 0 0 0 0 0 3 0 109903 109867 0 0 337 0 0 52 72366173 20603062 0 0 0 0 0 37433936 2119 0 0 
0 0 0 0 0 0 0 0 0 0 0 0 0 0 0 0 0 0 0 0 0 0 0 3 0 109949 109915 0 0 337 0 0 52 72390895 20604530 0 0 0 0 0 37453368 2119 0 0 
0 0 0 0 0 0 0 0 0 0 0 0 0 0 0 0 0 0 0 0 0 0 0 3 0 110005 109971 0 0 337 0 0 52 72423943 20614460 0 0 0 0 0 37472666 2119 0 0 
0 0 0 0 0 0 0 0 0 0 0 0 0 0 0 0 0 0 0 0 0 0 0 3 0 110013 109979 0 0 337 0 0 52 72445235 20618611 0 0 0 0 0 37489601 2119 0 0 
0 0 0 0 0 0 0 0 0 0 0 0 0 0 0 0 0 0 0 0 0 0 0 3 0 110065 110031 0 0 337 0 0 52 72479020 20624399 0 0 0 0 0 37507651 2119 0 0 
0 0 0 0 0 0 0 0 0 0 0 0 0 0 0 0 0 0 0 0 0 0 0 3 0 110073 110039 0 0 337 0 0 52 72503824 20630348 0 0 0 0 0 37526282 2119 0 0 
0 0 0 0 0 0 0 0 0 0 0 0 0 0 0 0 0 0 0 0 0 0 0 3 0 110129 110095 0 0 337 0 0 52 72531737 20634345 0 0 0 0 0 37540911 2119 0 0 
0 0 0 0 0 0 0 0 0 0 0 0 0 0 0 0 0 0 0 0 0 0 0 3 0 110140 110103 0 0 337 0 0 52 72562058 20642809 0 0 0 0 0 37557780 2119 0 0 
0 0 0 0 0 0 0 0 0 0 0 0 0 0 0 0 0 0 0 0 0 0 0 3 0 110189 110155 0 0 337 0 0 52 72586432 20644288 0 0 0 0 0 37573993 2119 0 0 
0 0 0 0 0 0 0 0 0 0 0 0 0 0 0 0 0 0 0 0 0 0 0 3 0 110245 110211 0 0 337 0 0 52 72616266 20654255 0 0 0 0 0 37590600 2119 0 0 
0 0 0 0 0 0 0 0 0 0 0 0 0 0 0 0 0 0 0 0 0 0 0 3 0 110253 110219 0 0 337 0 0 52 72637060 20658720 0 0 0 0 0 37605569 2119 0 0 
0 0 0 0 0 0 0 0 0 0 0 0 0 0 0 0 0 0 0 0 0 0 0 3 0 110305 110271 0 0 337 0 0 52 72669546 20664194 0 0 0 0 0 37623978 2119 0 0 
0 0 0 0 0 0 0 0 0 0 0 0 0 0 0 0 0 0 0 0 0 0 0 3 0 110313 110279 0 0 337 0 0 52 72696963 20670144 0 0 0 0 0 37643023 2119 0 0 
0 0 0 0 0 0 0 0 0 0 0 0 0 0 0 0 0 0 0 0 0 0 0 3 0 110369 110335 0 0 337 0 0 52 72725054 20674143 0 0 0 0 0 37660798 2119 0 0 
0 0 0 0 0 0 0 0 0 0 0 0 0 0 0 0 0 0 0 0 0 0 0 3 0 110409 110375 0 0 337 0 0 52 72754651 20683197 0 0 0 0 0 37676737 2119 0 0 
0 0 0 0 0 0 0 0 0 0 0 0 0 0 0 0 0 0 0 0 0 0 0 3 0 110431 110395 0 0 337 0 0 52 72772419 20684086 0 0 0 0 0 37690015 2119 0 0 
0 0 0 0 0 0 0 0 0 0 0 0 0 0 0 0 0 0 0 0 0 0 0 3 0 110485 110451 0 0 337 0 0 52 72807073 20694012 0 0 0 0 0 37709598 2119 0 0 
0 0 0 0 0 0 0 0 0 0 0 0 0 0 0 0 0 0 0 0 0 0 0 3 0 110493 110459 0 0 337 0 0 52 72828348 20699962 0 0 0 0 0 37725709 2119 0 0 
0 0 0 0 0 0 0 0 0 0 0 0 0 0 0 0 0 0 0 0 0 0 0 3 0 110549 110515 0 0 337 0 0 52 72857716 20703961 0 0 0 0 0 37740985 2119 0 0 
0 0 0 0 0 0 0 0 0 0 0 0 0 0 0 0 0 0 0 0 0 0 0 3 0 110569 110535 0 0 337 0 0 52 72891909 20712491 0 0 0 0 0 37761778 2119 0 0 
0 0 0 0 0 0 0 0 0 0 0 0 0 0 0 0 0 0 0 0 0 0 0 3 0 110613 110579 0 0 337 0 0 52 72912012 20715683 0 0 0 0 0 37776103 2119 0 0 
0 0 0 0 0 0 0 0 0 0 0 0 0 0 0 0 0 0 0 0 0 0 0 3 0 110665 110631 0 0 337 0 0 52 72944801 20723829 0 0 0 0 0 37794485 2119 0 0 
0 0 0 0 0 0 0 0 0 0 0 0 0 0 0 0 0 0 0 0 0 0 0 3 0 110673 110639 0 0 337 0 0 52 72966998 20729779 0 0 0 0 0 37807997 2119 0 0 
0 0 0 0 0 0 0 0 0 0 0 0 0 0 0 0 0 0 0 0 0 0 0 3 0 110729 110695 0 0 337 0 0 52 72990819 20733778 0 0 0 0 0 37820980 2119 0 0 
0 0 0 0 0 0 0 0 0 0 0 0 0 0 0 0 0 0 0 0 0 0 0 3 0 110785 110751 0 0 337 0 0 52 73021819 20743707 0 0 0 0 0 37838314 2119 0 0 
0 0 0 0 0 0 0 0 0 0 0 0 0 0 0 0 0 0 0 0 0 0 0 3 0 110793 110759 0 0 337 0 0 52 73040984 20745943 0 0 0 0 0 37852064 2119 0 0 
0 0 0 0 0 0 0 0 0 0 0 0 0 0 0 0 0 0 0 0 0 0 0 3 0 110845 110811 0 0 337 0 0 52 73073889 20753646 0 0 0 0 0 37870567 2119 0 0 
0 0 0 0 0 0 0 0 0 0 0 0 0 0 0 0 0 0 0 0 0 0 0 3 0 110854 110819 0 0 337 0 0 52 73098114 20759598 0 0 0 0 0 37884418 2119 0 0 
0 0 0 0 0 0 0 0 0 0 0 0 0 0 0 0 0 0 0 0 0 0 0 3 0 110909 110875 0 0 337 0 0 52 73122066 20763595 0 0 0 0 0 37898990 2119 0 0 
0 0 0 0 0 0 0 0 0 0 0 0 0 0 0 0 0 0 0 0 0 0 0 3 0 110965 110931 0 0 337 0 0 52 73155380 20773525 0 0 0 0 0 37917673 2119 0 0 
0 0 0 0 0 0 0 0 0 0 0 0 0 0 0 0 0 0 0 0 0 0 0 3 0 110973 110939 0 0 337 0 0 52 73175742 20779194 0 0 0 0 0 37931997 2119 0 0 
0 0 0 0 0 0 0 0 0 0 0 0 0 0 0 0 0 0 0 0 0 0 0 3 0 111028 110991 0 0 337 0 0 52 73206240 20783470 0 0 0 0 0 37947755 2119 0 0 
0 0 0 0 0 0 0 0 0 0 0 0 0 0 0 0 0 0 0 0 0 0 0 3 0 111035 110999 0 0 337 0 0 52 73232077 20789418 0 0 0 0 0 37962678 2119 0 0 
0 0 0 0 0 0 0 0 0 0 0 0 0 0 0 0 0 0 0 0 0 0 0 3 0 111089 111055 0 0 337 0 0 52 73254982 20793413 0 0 0 0 0 37975739 2119 0 0 
0 0 0 0 0 0 0 0 0 0 0 0 0 0 0 0 0 0 0 0 0 0 0 3 0 111145 111111 0 0 337 0 0 52 73288493 20803343 0 0 0 0 0 37995178 2119 0 0 
0 0 0 0 0 0 0 0 0 0 0 0 0 0 0 0 0 0 0 0 0 0 0 3 0 111153 111119 0 0 337 0 0 52 73308317 20809105 0 0 0 0 0 38008829 2119 0 0 
0 0 0 0 0 0 0 0 0 0 0 0 0 0 0 0 0 0 0 0 0 0 0 3 0 111209 111175 0 0 337 0 0 52 73338954 20813290 0 0 0 0 0 38025215 2119 0 0 
0 0 0 0 0 0 0 0 0 0 0 0 0 0 0 0 0 0 0 0 0 0 0 3 0 111236 111199 0 0 337 0 0 52 73371722 20822055 0 0 0 0 0 38043629 2119 0 0 
0 0 0 0 0 0 0 0 0 0 0 0 0 0 0 0 0 0 0 0 0 0 0 3 0 111273 111239 0 0 337 0 0 52 73390044 20827493 0 0 0 0 0 38055721 2119 0 0 
0 0 0 0 0 0 0 0 0 0 0 0 0 0 0 0 0 0 0 0 0 0 0 3 0 111325 111291 0 0 337 0 0 52 73421062 20833161 0 0 0 0 0 38072357 2119 0 0 
0 0 0 0 0 0 0 0 0 0 0 0 0 0 0 0 0 0 0 0 0 0 0 3 0 111335 111299 0 0 337 0 0 52 73444476 20839115 0 0 0 0 0 38085903 2119 0 0 
0 0 0 0 0 0 0 0 0 0 0 0 0 0 0 0 0 0 0 0 0 0 0 3 0 111389 111355 0 0 337 0 0 52 73469748 20843110 0 0 0 0 0 38101344 2119 0 0 
0 0 0 0 0 0 0 0 0 0 0 0 0 0 0 0 0 0 0 0 0 0 0 3 0 111445 111411 0 0 337 0 0 52 73502015 20853039 0 0 0 0 0 38119652 2119 0 0 
0 0 0 0 0 0 0 0 0 0 0 0 0 0 0 0 0 0 0 0 0 0 0 3 0 111453 111419 0 0 337 0 0 52 73522345 20858741 0 0 0 0 0 38134339 2119 0 0 
0 0 0 0 0 0 0 0 0 0 0 0 0 0 0 0 0 0 0 0 0 0 0 3 0 111509 111475 0 0 337 0 0 52 73550238 20862986 0 0 0 0 0 38148464 2119 0 0 
0 0 0 0 0 0 0 0 0 0 0 0 0 0 0 0 0 0 0 0 0 0 0 3 0 111516 111479 0 0 337 0 0 52 73578485 20868934 0 0 0 0 0 38165737 2119 0 0 
0 0 0 0 0 0 0 0 0 0 0 0 0 0 0 0 0 0 0 0 0 0 0 3 0 111572 111535 0 0 337 0 0 52 73602328 20872933 0 0 0 0 0 38181026 2119 0 0 
0 0 0 0 0 0 0 0 0 0 0 0 0 0 0 0 0 0 0 0 0 0 0 3 0 111625 111591 0 0 337 0 0 52 73638691 20882856 0 0 0 0 0 38203287 2119 0 0 
0 0 0 0 0 0 0 0 0 0 0 0 0 0 0 0 0 0 0 0 0 0 0 3 0 111633 111599 0 0 337 0 0 52 73660843 20888768 0 0 0 0 0 38220276 2119 0 0 
0 0 0 0 0 0 0 0 0 0 0 0 0 0 0 0 0 0 0 0 0 0 0 3 0 111689 111655 0 0 337 0 0 52 73691401 20892803 0 0 0 0 0 38237721 2119 0 0 
0 0 0 0 0 0 0 0 0 0 0 0 0 0 0 0 0 0 0 0 0 0 0 3 0 111712 111675 0 0 337 0 0 52 73725101 20901593 0 0 0 0 0 38257480 2119 0 0 
0 0 0 0 0 0 0 0 0 0 0 0 0 0 0 0 0 0 0 0 0 0 0 3 0 111749 111715 0 0 337 0 0 52 73742650 20902777 0 0 0 0 0 38270100 2119 0 0 
0 0 0 0 0 0 0 0 0 0 0 0 0 0 0 0 0 0 0 0 0 0 0 3 0 111805 111771 0 0 337 0 0 52 73775620 20912706 0 0 0 0 0 38288378 2119 0 0 
0 0 0 0 0 0 0 0 0 0 0 0 0 0 0 0 0 0 0 0 0 0 0 3 0 111813 111779 0 0 337 0 0 52 73797644 20918656 0 0 0 0 0 38304954 2119 0 0 
0 0 0 0 0 0 0 0 0 0 0 0 0 0 0 0 0 0 0 0 0 0 0 3 0 111869 111835 0 0 337 0 0 52 73827408 20922656 0 0 0 0 0 38320454 2119 0 0 
0 0 0 0 0 0 0 0 0 0 0 0 0 0 0 0 0 0 0 0 0 0 0 3 0 111893 111859 0 0 337 0 0 52 73858485 20931413 0 0 0 0 0 38338677 2119 0 0 
0 0 0 0 0 0 0 0 0 0 0 0 0 0 0 0 0 0 0 0 0 0 0 3 0 111933 111899 0 0 337 0 0 52 73876022 20934493 0 0 0 0 0 38348700 2119 0 0 
0 0 0 0 0 0 0 0 0 0 0 0 0 0 0 0 0 0 0 0 0 0 0 3 0 111985 111951 0 0 337 0 0 52 73910025 20942524 0 0 0 0 0 38368443 2119 0 0 
0 0 0 0 0 0 0 0 0 0 0 0 0 0 0 0 0 0 0 0 0 0 0 3 0 111993 111959 0 0 337 0 0 52 73928761 20948474 0 0 0 0 0 38380846 2119 0 0 
0 0 0 0 0 0 0 0 0 0 0 0 0 0 0 0 0 0 0 0 0 0 0 3 0 112049 112015 0 0 337 0 0 52 73955583 20952473 0 0 0 0 0 38394135 2119 0 0 
0 0 0 0 0 0 0 0 0 0 0 0 0 0 0 0 0 0 0 0 0 0 0 3 0 112091 112055 0 0 337 0 0 52 73986347 20961849 0 0 0 0 0 38411722 2119 0 0 
0 0 0 0 0 0 0 0 0 0 0 0 0 0 0 0 0 0 0 0 0 0 0 3 0 112113 112079 0 0 337 0 0 52 74006144 20967443 0 0 0 0 0 38425143 2119 0 0 
0 0 0 0 0 0 0 0 0 0 0 0 0 0 0 0 0 0 0 0 0 0 0 3 0 112165 112131 0 0 337 0 0 52 74040237 20972341 0 0 0 0 0 38443995 2119 0 0 
0 0 0 0 0 0 0 0 0 0 0 0 0 0 0 0 0 0 0 0 0 0 0 3 0 112173 112139 0 0 337 0 0 52 74057933 20978217 0 0 0 0 0 38456985 2119 0 0 
0 0 0 0 0 0 0 0 0 0 0 0 0 0 0 0 0 0 0 0 0 0 0 3 0 112229 112195 0 0 337 0 0 52 74086641 20982288 0 0 0 0 0 38471589 2119 0 0 
0 0 0 0 0 0 0 0 0 0 0 0 0 0 0 0 0 0 0 0 0 0 0 3 0 112269 112235 0 0 337 0 0 52 74118081 20991295 0 0 0 0 0 38489093 2119 0 0 
0 0 0 0 0 0 0 0 0 0 0 0 0 0 0 0 0 0 0 0 0 0 0 3 0 112293 112259 0 0 337 0 0 52 74132912 20993433 0 0 0 0 0 38498409 2119 0 0 
0 0 0 0 0 0 0 0 0 0 0 0 0 0 0 0 0 0 0 0 0 0 0 3 0 112345 112311 0 0 337 0 0 52 74166693 21002158 0 0 0 0 0 38518059 2119 0 0 
0 0 0 0 0 0 0 0 0 0 0 0 0 0 0 0 0 0 0 0 0 0 0 3 0 112353 112319 0 0 337 0 0 52 74188529 21008108 0 0 0 0 0 38533296 2119 0 0 
0 0 0 0 0 0 0 0 0 0 0 0 0 0 0 0 0 0 0 0 0 0 0 3 0 112409 112375 0 0 337 0 0 52 74215564 21012107 0 0 0 0 0 38547472 2119 0 0 
0 0 0 0 0 0 0 0 0 0 0 0 0 0 0 0 0 0 0 0 0 0 0 3 0 112465 112431 0 0 337 0 0 52 74247722 21022036 0 0 0 0 0 38565712 2119 0 0 
0 0 0 0 0 0 0 0 0 0 0 0 0 0 0 0 0 0 0 0 0 0 0 3 0 112473 112439 0 0 337 0 0 52 74268636 21026430 0 0 0 0 0 38581745 2119 0 0 
0 0 0 0 0 0 0 0 0 0 0 0 0 0 0 0 0 0 0 0 0 0 0 3 0 112525 112491 0 0 337 0 0 52 74300481 21031975 0 0 0 0 0 38599436 2119 0 0 
0 0 0 0 0 0 0 0 0 0 0 0 0 0 0 0 0 0 0 0 0 0 0 3 0 112533 112499 0 0 337 0 0 52 74324283 21037925 0 0 0 0 0 38618442 2119 0 0 
0 0 0 0 0 0 0 0 0 0 0 0 0 0 0 0 0 0 0 0 0 0 0 3 0 112589 112555 0 0 337 0 0 52 74354356 21041925 0 0 0 0 0 38634901 2119 0 0 
0 0 0 0 0 0 0 0 0 0 0 0 0 0 0 0 0 0 0 0 0 0 0 3 0 112613 112579 0 0 337 0 0 52 74388226 21050842 0 0 0 0 0 38654579 2119 0 0 
0 0 0 0 0 0 0 0 0 0 0 0 0 0 0 0 0 0 0 0 0 0 0 3 0 112653 112619 0 0 337 0 0 52 74407297 21056007 0 0 0 0 0 38667124 2119 0 0 
0 0 0 0 0 0 0 0 0 0 0 0 0 0 0 0 0 0 0 0 0 0 0 3 0 112705 112671 0 0 337 0 0 52 74440145 21061954 0 0 0 0 0 38685738 2119 0 0 
0 0 0 0 0 0 0 0 0 0 0 0 0 0 0 0 0 0 0 0 0 0 0 3 0 112713 112679 0 0 337 0 0 52 74463276 21067812 0 0 0 0 0 38703960 2119 0 0 
0 0 0 0 0 0 0 0 0 0 0 0 0 0 0 0 0 0 0 0 0 0 0 3 0 112769 112735 0 0 337 0 0 52 74493841 21071925 0 0 0 0 0 38720472 2119 0 0 
0 0 0 0 0 0 0 0 0 0 0 0 0 0 0 0 0 0 0 0 0 0 0 3 0 112789 112755 0 0 337 0 0 52 74529499 21080456 0 0 0 0 0 38742563 2119 0 0 
0 0 0 0 0 0 0 0 0 0 0 0 0 0 0 0 0 0 0 0 0 0 0 3 0 112833 112799 0 0 337 0 0 52 74546672 21084586 0 0 0 0 0 38753762 2119 0 0 
0 0 0 0 0 0 0 0 0 0 0 0 0 0 0 0 0 0 0 0 0 0 0 3 0 112885 112851 0 0 337 0 0 52 74581182 21091794 0 0 0 0 0 38774573 2119 0 0 
0 0 0 0 0 0 0 0 0 0 0 0 0 0 0 0 0 0 0 0 0 0 0 3 0 112893 112859 0 0 337 0 0 52 74607069 21097465 0 0 0 0 0 38796186 2119 0 0 
0 0 0 0 0 0 0 0 0 0 0 0 0 0 0 0 0 0 0 0 0 0 0 3 0 112949 112915 0 0 337 0 0 52 74636584 21101741 0 0 0 0 0 38811055 2119 0 0 
0 0 0 0 0 0 0 0 0 0 0 0 0 0 0 0 0 0 0 0 0 0 0 3 0 112973 112939 0 0 337 0 0 52 74667772 21110500 0 0 0 0 0 38828620 2119 0 0 
0 0 0 0 0 0 0 0 0 0 0 0 0 0 0 0 0 0 0 0 0 0 0 3 0 113009 112975 0 0 337 0 0 52 74690086 21111682 0 0 0 0 0 38845404 2119 0 0 
0 0 0 0 0 0 0 0 0 0 0 0 0 0 0 0 0 0 0 0 0 0 0 3 0 113065 113031 0 0 337 0 0 52 74723359 21121611 0 0 0 0 0 38864693 2119 0 0 
0 0 0 0 0 0 0 0 0 0 0 0 0 0 0 0 0 0 0 0 0 0 0 3 0 113073 113039 0 0 337 0 0 52 74746386 21127270 0 0 0 0 0 38883045 2119 0 0 
0 0 0 0 0 0 0 0 0 0 0 0 0 0 0 0 0 0 0 0 0 0 0 3 0 113126 113091 0 0 337 0 0 52 74776920 21131552 0 0 0 0 0 38899935 2119 0 0 
0 0 0 0 0 0 0 0 0 0 0 0 0 0 0 0 0 0 0 0 0 0 0 3 0 113133 113099 0 0 337 0 0 52 74802882 21137502 0 0 0 0 0 38916246 2119 0 0 
0 0 0 0 0 0 0 0 0 0 0 0 0 0 0 0 0 0 0 0 0 0 0 3 0 113189 113155 0 0 337 0 0 52 74830855 21141503 0 0 0 0 0 38934628 2119 0 0 
0 0 0 0 0 0 0 0 0 0 0 0 0 0 0 0 0 0 0 0 0 0 0 3 0 113242 113207 0 0 337 0 0 52 74862138 21151429 0 0 0 0 0 38953123 2119 0 0 
0 0 0 0 0 0 0 0 0 0 0 0 0 0 0 0 0 0 0 0 0 0 0 3 0 113253 113219 0 0 337 0 0 52 74885066 21153342 0 0 0 0 0 38970807 2119 0 0 
0 0 0 0 0 0 0 0 0 0 0 0 0 0 0 0 0 0 0 0 0 0 0 3 0 113305 113271 0 0 337 0 0 52 74920378 21161372 0 0 0 0 0 38992284 2119 0 0 
0 0 0 0 0 0 0 0 0 0 0 0 0 0 0 0 0 0 0 0 0 0 0 3 0 113313 113279 0 0 337 0 0 52 74942871 21167063 0 0 0 0 0 39009364 2119 0 0 
0 0 0 0 0 0 0 0 0 0 0 0 0 0 0 0 0 0 0 0 0 0 0 3 0 113367 113331 0 0 337 0 0 52 74973394 21171315 0 0 0 0 0 39026696 2119 0 0 
0 0 0 0 0 0 0 0 0 0 0 0 0 0 0 0 0 0 0 0 0 0 0 3 0 113373 113339 0 0 337 0 0 52 74998143 21177261 0 0 0 0 0 39043629 2119 0 0 
0 0 0 0 0 0 0 0 0 0 0 0 0 0 0 0 0 0 0 0 0 0 0 3 0 113429 113395 0 0 337 0 0 52 75027093 21181259 0 0 0 0 0 39061589 2119 0 0 
0 0 0 0 0 0 0 0 0 0 0 0 0 0 0 0 0 0 0 0 0 0 0 3 0 113485 113451 0 0 337 0 0 52 75059636 21191193 0 0 0 0 0 39080414 2119 0 0 
0 0 0 0 0 0 0 0 0 0 0 0 0 0 0 0 0 0 0 0 0 0 0 3 0 113493 113459 0 0 337 0 0 52 75081796 21195007 0 0 0 0 0 39097234 2119 0 0 
0 0 0 0 0 0 0 0 0 0 0 0 0 0 0 0 0 0 0 0 0 0 0 3 0 113546 113511 0 0 337 0 0 52 75114443 21201144 0 0 0 0 0 39115677 2119 0 0 
0 0 0 0 0 0 0 0 0 0 0 0 0 0 0 0 0 0 0 0 0 0 0 3 0 113557 113523 0 0 337 0 0 52 75142733 21208497 0 0 0 0 0 39130281 2119 0 0 
0 0 0 0 0 0 0 0 0 0 0 0 0 0 0 0 0 0 0 0 0 0 0 3 0 113609 113575 0 0 337 0 0 52 75168149 21211092 0 0 0 0 0 39148259 2119 0 0 
0 0 0 0 0 0 0 0 0 0 0 0 0 0 0 0 0 0 0 0 0 0 0 3 0 113665 113631 0 0 337 0 0 52 75198597 21221021 0 0 0 0 0 39164980 2119 0 0 
0 0 0 0 0 0 0 0 0 0 0 0 0 0 0 0 0 0 0 0 0 0 0 3 0 113673 113639 0 0 337 0 0 52 75219585 21226726 0 0 0 0 0 39180563 2119 0 0 
0 0 0 0 0 0 0 0 0 0 0 0 0 0 0 0 0 0 0 0 0 0 0 3 0 113729 113695 0 0 337 0 0 52 75249227 21230968 0 0 0 0 0 39196614 2119 0 0 
0 0 0 0 0 0 0 0 0 0 0 0 0 0 0 0 0 0 0 0 0 0 0 3 0 113737 113703 0 0 337 0 0 52 75277278 21237170 0 0 0 0 0 39213306 2119 0 0 
0 0 0 0 0 0 0 0 0 0 0 0 0 0 0 0 0 0 0 0 0 0 0 3 0 113789 113755 0 0 337 0 0 52 75303207 21240909 0 0 0 0 0 39231202 2119 0 0 
0 0 0 0 0 0 0 0 0 0 0 0 0 0 0 0 0 0 0 0 0 0 0 3 0 113845 113811 0 0 337 0 0 52 75335015 21250855 0 0 0 0 0 39248507 2119 0 0 
0 0 0 0 0 0 0 0 0 0 0 0 0 0 0 0 0 0 0 0 0 0 0 3 0 113853 113819 0 0 337 0 0 52 75355977 21256805 0 0 0 0 0 39262644 2119 0 0 
0 0 0 0 0 0 0 0 0 0 0 0 0 0 0 0 0 0 0 0 0 0 0 3 0 113909 113875 0 0 337 0 0 52 75385413 21260804 0 0 0 0 0 39278429 2119 0 0 
0 0 0 0 0 0 0 0 0 0 0 0 0 0 0 0 0 0 0 0 0 0 0 3 0 113965 113931 0 0 337 0 0 52 75416265 21270732 0 0 0 0 0 39295304 2119 0 0 
0 0 0 0 0 0 0 0 0 0 0 0 0 0 0 0 0 0 0 0 0 0 0 3 0 113973 113939 0 0 337 0 0 52 75437284 21276436 0 0 0 0 0 39310796 2119 0 0 
0 0 0 0 0 0 0 0 0 0 0 0 0 0 0 0 0 0 0 0 0 0 0 3 0 114029 113995 0 0 337 0 0 52 75468040 21280680 0 0 0 0 0 39326573 2119 0 0 
0 0 0 0 0 0 0 0 0 0 0 0 0 0 0 0 0 0 0 0 0 0 0 3 0 114037 114003 0 0 337 0 0 52 75498591 21288741 0 0 0 0 0 39343685 2119 0 0 
0 0 0 0 0 0 0 0 0 0 0 0 0 0 0 0 0 0 0 0 0 0 0 3 0 114093 114059 0 0 337 0 0 52 75519187 21292136 0 0 0 0 0 39357107 2119 0 0 
0 0 0 0 0 0 0 0 0 0 0 0 0 0 0 0 0 0 0 0 0 0 0 3 0 114145 114111 0 0 337 0 0 52 75554226 21300550 0 0 0 0 0 39376554 2119 0 0 
0 0 0 0 0 0 0 0 0 0 0 0 0 0 0 0 0 0 0 0 0 0 0 3 0 114153 114119 0 0 337 0 0 52 75576686 21306500 0 0 0 0 0 39390136 2119 0 0 
0 0 0 0 0 0 0 0 0 0 0 0 0 0 0 0 0 0 0 0 0 0 0 3 0 114209 114175 0 0 337 0 0 52 75602823 21310499 0 0 0 0 0 39404941 2119 0 0 
0 0 0 0 0 0 0 0 0 0 0 0 0 0 0 0 0 0 0 0 0 0 0 3 0 114265 114231 0 0 337 0 0 52 75634750 21320429 0 0 0 0 0 39423335 2119 0 0 
0 0 0 0 0 0 0 0 0 0 0 0 0 0 0 0 0 0 0 0 0 0 0 3 0 114273 114239 0 0 337 0 0 52 75655429 21325956 0 0 0 0 0 39438093 2119 0 0 
0 0 0 0 0 0 0 0 0 0 0 0 0 0 0 0 0 0 0 0 0 0 0 3 0 114327 114291 0 0 337 0 0 52 75684652 21330373 0 0 0 0 0 39453324 2119 0 0 
0 0 0 0 0 0 0 0 0 0 0 0 0 0 0 0 0 0 0 0 0 0 0 3 0 114333 114299 0 0 337 0 0 52 75709915 21336319 0 0 0 0 0 39467145 2119 0 0 
0 0 0 0 0 0 0 0 0 0 0 0 0 0 0 0 0 0 0 0 0 0 0 3 0 114389 114355 0 0 337 0 0 52 75732738 21340318 0 0 0 0 0 39480484 2119 0 0 
0 0 0 0 0 0 0 0 0 0 0 0 0 0 0 0 0 0 0 0 0 0 0 3 0 114445 114411 0 0 337 0 0 52 75767345 21350248 0 0 0 0 0 39501077 2119 0 0 
0 0 0 0 0 0 0 0 0 0 0 0 0 0 0 0 0 0 0 0 0 0 0 3 0 114453 114419 0 0 337 0 0 52 75787341 21356223 0 0 0 0 0 39515253 2119 0 0 
0 0 0 0 0 0 0 0 0 0 0 0 0 0 0 0 0 0 0 0 0 0 0 3 0 114509 114475 0 0 337 0 0 52 75816804 21360242 0 0 0 0 0 39530384 2119 0 0 
0 0 0 0 0 0 0 0 0 0 0 0 0 0 0 0 0 0 0 0 0 0 0 3 0 114549 114515 0 0 337 0 0 52 75848322 21369246 0 0 0 0 0 39548255 2119 0 0 
0 0 0 0 0 0 0 0 0 0 0 0 0 0 0 0 0 0 0 0 0 0 0 3 0 114573 114539 0 0 337 0 0 52 75868484 21373769 0 0 0 0 0 39562769 2119 0 0 
0 0 0 0 0 0 0 0 0 0 0 0 0 0 0 0 0 0 0 0 0 0 0 3 0 114626 114591 0 0 337 0 0 52 75900966 21380112 0 0 0 0 0 39581245 2119 0 0 
0 0 0 0 0 0 0 0 0 0 0 0 0 0 0 0 0 0 0 0 0 0 0 3 0 114636 114599 0 0 337 0 0 52 75924931 21386066 0 0 0 0 0 39594237 2119 0 0 
0 0 0 0 0 0 0 0 0 0 0 0 0 0 0 0 0 0 0 0 0 0 0 3 0 114689 114655 0 0 337 0 0 52 75952077 21390059 0 0 0 0 0 39611460 2119 0 0 
0 0 0 0 0 0 0 0 0 0 0 0 0 0 0 0 0 0 0 0 0 0 0 3 0 114745 114711 0 0 337 0 0 52 75984228 21399988 0 0 0 0 0 39629776 2119 0 0 
0 0 0 0 0 0 0 0 0 0 0 0 0 0 0 0 0 0 0 0 0 0 0 3 0 114753 114719 0 0 337 0 0 52 76005767 21403644 0 0 0 0 0 39645859 2119 0 0 
0 0 0 0 0 0 0 0 0 0 0 0 0 0 0 0 0 0 0 0 0 0 0 3 0 114805 114771 0 0 337 0 0 52 76039776 21409928 0 0 0 0 0 39665189 2119 0 0 
0 0 0 0 0 0 0 0 0 0 0 0 0 0 0 0 0 0 0 0 0 0 0 3 0 114813 114779 0 0 337 0 0 52 76060536 21415768 0 0 0 0 0 39681797 2119 0 0 
0 0 0 0 0 0 0 0 0 0 0 0 0 0 0 0 0 0 0 0 0 0 0 3 0 114869 114835 0 0 337 0 0 52 76089852 21419875 0 0 0 0 0 39696629 2119 0 0 
0 0 0 0 0 0 0 0 0 0 0 0 0 0 0 0 0 0 0 0 0 0 0 3 0 114885 114851 0 0 337 0 0 52 76125453 21428432 0 0 0 0 0 39717852 2119 0 0 
0 0 0 0 0 0 0 0 0 0 0 0 0 0 0 0 0 0 0 0 0 0 0 3 0 114929 114895 0 0 337 0 0 52 76145674 21429846 0 0 0 0 0 39732680 2119 0 0 
0 0 0 0 0 0 0 0 0 0 0 0 0 0 0 0 0 0 0 0 0 0 0 3 0 114985 114951 0 0 337 0 0 52 76176798 21439775 0 0 0 0 0 39750365 2119 0 0 
0 0 0 0 0 0 0 0 0 0 0 0 0 0 0 0 0 0 0 0 0 0 0 3 0 114993 114959 0 0 337 0 0 52 76198393 21443737 0 0 0 0 0 39767008 2119 0 0 
0 0 0 0 0 0 0 0 0 0 0 0 0 0 0 0 0 0 0 0 0 0 0 3 0 115045 115011 0 0 337 0 0 52 76230949 21449714 0 0 0 0 0 39785605 2119 0 0 
0 0 0 0 0 0 0 0 0 0 0 0 0 0 0 0 0 0 0 0 0 0 0 3 0 115056 115019 0 0 337 0 0 52 76255308 21455670 0 0 0 0 0 39799320 2119 0 0 
0 0 0 0 0 0 0 0 0 0 0 0 0 0 0 0 0 0 0 0 0 0 0 3 0 115109 115075 0 0 337 0 0 52 76280748 21459664 0 0 0 0 0 39816576 2119 0 0 
0 0 0 0 0 0 0 0 0 0 0 0 0 0 0 0 0 0 0 0 0 0 0 3 0 115165 115131 0 0 337 0 0 52 76312472 21469593 0 0 0 0 0 39834908 2119 0 0 
0 0 0 0 0 0 0 0 0 0 0 0 0 0 0 0 0 0 0 0 0 0 0 3 0 115173 115139 0 0 337 0 0 52 76333587 21471798 0 0 0 0 0 39850973 2119 0 0 
0 0 0 0 0 0 0 0 0 0 0 0 0 0 0 0 0 0 0 0 0 0 0 3 0 115225 115191 0 0 337 0 0 52 76368896 21479532 0 0 0 0 0 39871917 2119 0 0 
0 0 0 0 0 0 0 0 0 0 0 0 0 0 0 0 0 0 0 0 0 0 0 3 0 115233 115199 0 0 337 0 0 52 76391042 21485326 0 0 0 0 0 39889713 2119 0 0 
0 0 0 0 0 0 0 0 0 0 0 0 0 0 0 0 0 0 0 0 0 0 0 3 0 115289 115255 0 0 337 0 0 52 76420079 21489486 0 0 0 0 0 39905408 2119 0 0 
0 0 0 0 0 0 0 0 0 0 0 0 0 0 0 0 0 0 0 0 0 0 0 3 0 115296 115259 0 0 337 0 0 52 76446933 21495437 0 0 0 0 0 39920810 2119 0 0 
0 0 0 0 0 0 0 0 0 0 0 0 0 0 0 0 0 0 0 0 0 0 0 3 0 115349 115315 0 0 337 0 0 52 76476007 21499432 0 0 0 0 0 39940510 2119 0 0 
0 0 0 0 0 0 0 0 0 0 0 0 0 0 0 0 0 0 0 0 0 0 0 3 0 115405 115371 0 0 337 0 0 52 76508433 21509362 0 0 0 0 0 39959058 2119 0 0 
0 0 0 0 0 0 0 0 0 0 0 0 0 0 0 0 0 0 0 0 0 0 0 3 0 115413 115379 0 0 337 0 0 52 76530705 21514966 0 0 0 0 0 39976652 2119 0 0 
0 0 0 0 0 0 0 0 0 0 0 0 0 0 0 0 0 0 0 0 0 0 0 3 0 115469 115435 0 0 337 0 0 52 76561277 21519309 0 0 0 0 0 39993005 2119 0 0 
0 0 0 0 0 0 0 0 0 0 0 0 0 0 0 0 0 0 0 0 0 0 0 3 0 115477 115443 0 0 337 0 0 52 76591227 21526367 0 0 0 0 0 40010711 2119 0 0 
0 0 0 0 0 0 0 0 0 0 0 0 0 0 0 0 0 0 0 0 0 0 0 3 0 115529 115495 0 0 337 0 0 52 76614163 21529255 0 0 0 0 0 40026535 2119 0 0 
0 0 0 0 0 0 0 0 0 0 0 0 0 0 0 0 0 0 0 0 0 0 0 3 0 115585 115551 0 0 337 0 0 52 76644093 21539184 0 0 0 0 0 40042975 2119 0 0 
0 0 0 0 0 0 0 0 0 0 0 0 0 0 0 0 0 0 0 0 0 0 0 3 0 115593 115559 0 0 337 0 0 52 76663739 21541650 0 0 0 0 0 40058105 2119 0 0 
0 0 0 0 0 0 0 0 0 0 0 0 0 0 0 0 0 0 0 0 0 0 0 3 0 115645 115611 0 0 337 0 0 52 76697182 21549122 0 0 0 0 0 40077133 2119 0 0 
0 0 0 0 0 0 0 0 0 0 0 0 0 0 0 0 0 0 0 0 0 0 0 3 0 115653 115619 0 0 337 0 0 52 76719583 21555072 0 0 0 0 0 40092419 2119 0 0 
0 0 0 0 0 0 0 0 0 0 0 0 0 0 0 0 0 0 0 0 0 0 0 3 0 115709 115675 0 0 337 0 0 52 76747269 21559069 0 0 0 0 0 40108296 2119 0 0 
0 0 0 0 0 0 0 0 0 0 0 0 0 0 0 0 0 0 0 0 0 0 0 3 0 115729 115695 0 0 337 0 0 52 76778389 21567601 0 0 0 0 0 40126153 2119 0 0 
0 0 0 0 0 0 0 0 0 0 0 0 0 0 0 0 0 0 0 0 0 0 0 3 0 115772 115735 0 0 337 0 0 52 76795156 21569016 0 0 0 0 0 40137660 2119 0 0 
0 0 0 0 0 0 0 0 0 0 0 0 0 0 0 0 0 0 0 0 0 0 0 3 0 115825 115791 0 0 337 0 0 52 76830810 21578939 0 0 0 0 0 40157524 2119 0 0 
0 0 0 0 0 0 0 0 0 0 0 0 0 0 0 0 0 0 0 0 0 0 0 3 0 115833 115799 0 0 337 0 0 52 76854261 21584890 0 0 0 0 0 40172535 2119 0 0 
0 0 0 0 0 0 0 0 0 0 0 0 0 0 0 0 0 0 0 0 0 0 0 3 0 115889 115855 0 0 337 0 0 52 76879787 21588890 0 0 0 0 0 40186284 2119 0 0 
0 0 0 0 0 0 0 0 0 0 0 0 0 0 0 0 0 0 0 0 0 0 0 3 0 115945 115911 0 0 337 0 0 52 76911079 21598819 0 0 0 0 0 40203693 2119 0 0 
0 0 0 0 0 0 0 0 0 0 0 0 0 0 0 0 0 0 0 0 0 0 0 3 0 115953 115919 0 0 337 0 0 52 76931595 21604524 0 0 0 0 0 40218386 2119 0 0 
0 0 0 0 0 0 0 0 0 0 0 0 0 0 0 0 0 0 0 0 0 0 0 3 0 116009 115975 0 0 337 0 0 52 76960548 21608766 0 0 0 0 0 40233009 2119 0 0 
0 0 0 0 0 0 0 0 0 0 0 0 0 0 0 0 0 0 0 0 0 0 0 3 0 116029 115995 0 0 337 0 0 52 76994975 21617298 0 0 0 0 0 40253644 2119 0 0 
0 0 0 0 0 0 0 0 0 0 0 0 0 0 0 0 0 0 0 0 0 0 0 3 0 116069 116035 0 0 337 0 0 52 77012477 21618707 0 0 0 0 0 40263983 2119 0 0 
0 0 0 0 0 0 0 0 0 0 0 0 0 0 0 0 0 0 0 0 0 0 0 3 0 116125 116091 0 0 337 0 0 52 77045080 21628636 0 0 0 0 0 40282037 2119 0 0 
0 0 0 0 0 0 0 0 0 0 0 0 0 0 0 0 0 0 0 0 0 0 0 3 0 116133 116099 0 0 337 0 0 52 77065198 21634423 0 0 0 0 0 40296040 2119 0 0 
0 0 0 0 0 0 0 0 0 0 0 0 0 0 0 0 0 0 0 0 0 0 0 3 0 116189 116155 0 0 337 0 0 52 77093301 21638582 0 0 0 0 0 40309797 2119 0 0 
0 0 0 0 0 0 0 0 0 0 0 0 0 0 0 0 0 0 0 0 0 0 0 3 0 116213 116179 0 0 337 0 0 52 77126078 21647340 0 0 0 0 0 40328698 2119 0 0 
0 0 0 0 0 0 0 0 0 0 0 0 0 0 0 0 0 0 0 0 0 0 0 3 0 116253 116219 0 0 337 0 0 52 77145421 21652884 0 0 0 0 0 40341383 2119 0 0 
0 0 0 0 0 0 0 0 0 0 0 0 0 0 0 0 0 0 0 0 0 0 0 3 0 116308 116271 0 0 337 0 0 52 77175910 21658456 0 0 0 0 0 40357829 2119 0 0 
0 0 0 0 0 0 0 0 0 0 0 0 0 0 0 0 0 0 0 0 0 0 0 3 0 116327 116291 0 0 337 0 0 52 77208060 21666988 0 0 0 0 0 40375667 2119 0 0 
0 0 0 0 0 0 0 0 0 0 0 0 0 0 0 0 0 0 0 0 0 0 0 3 0 116373 116339 0 0 337 0 0 52 77227434 21669277 0 0 0 0 0 40388855 2119 0 0 
0 0 0 0 0 0 0 0 0 0 0 0 0 0 0 0 0 0 0 0 0 0 0 3 0 116425 116391 0 0 337 0 0 52 77262322 21678328 0 0 0 0 0 40410005 2119 0 0 
0 0 0 0 0 0 0 0 0 0 0 0 0 0 0 0 0 0 0 0 0 0 0 3 0 116433 116399 0 0 337 0 0 52 77284173 21684140 0 0 0 0 0 40426612 2119 0 0 
0 0 0 0 0 0 0 0 0 0 0 0 0 0 0 0 0 0 0 0 0 0 0 3 0 116488 116451 0 0 337 0 0 52 77313650 21688273 0 0 0 0 0 40442178 2119 0 0 
0 0 0 0 0 0 0 0 0 0 0 0 0 0 0 0 0 0 0 0 0 0 0 3 0 116493 116459 0 0 337 0 0 52 77340088 21694219 0 0 0 0 0 40459815 2119 0 0 
0 0 0 0 0 0 0 0 0 0 0 0 0 0 0 0 0 0 0 0 0 0 0 3 0 116549 116515 0 0 337 0 0 52 77370422 21698219 0 0 0 0 0 40479948 2119 0 0 
0 0 0 0 0 0 0 0 0 0 0 0 0 0 0 0 0 0 0 0 0 0 0 3 0 116571 116535 0 0 337 0 0 52 77403170 21706974 0 0 0 0 0 40498607 2119 0 0 
0 0 0 0 0 0 0 0 0 0 0 0 0 0 0 0 0 0 0 0 0 0 0 3 0 116613 116579 0 0 337 0 0 52 77421966 21711101 0 0 0 0 0 40511011 2119 0 0 
0 0 0 0 0 0 0 0 0 0 0 0 0 0 0 0 0 0 0 0 0 0 0 3 0 116665 116631 0 0 337 0 0 52 77457594 21718086 0 0 0 0 0 40532042 2119 0 0 
0 0 0 0 0 0 0 0 0 0 0 0 0 0 0 0 0 0 0 0 0 0 0 3 0 116673 116639 0 0 337 0 0 52 77477124 21723336 0 0 0 0 0 40547627 2119 0 0 
0 0 0 0 0 0 0 0 0 0 0 0 0 0 0 0 0 0 0 0 0 0 0 3 0 116728 116691 0 0 337 0 0 52 77508407 21728031 0 0 0 0 0 40564644 2119 0 0 
0 0 0 0 0 0 0 0 0 0 0 0 0 0 0 0 0 0 0 0 0 0 0 3 0 116733 116699 0 0 337 0 0 52 77536978 21733975 0 0 0 0 0 40586134 2119 0 0 
0 0 0 0 0 0 0 0 0 0 0 0 0 0 0 0 0 0 0 0 0 0 0 3 0 116789 116755 0 0 337 0 0 52 77568984 21737972 0 0 0 0 0 40606991 2119 0 0 
0 0 0 0 0 0 0 0 0 0 0 0 0 0 0 0 0 0 0 0 0 0 0 3 0 116797 116763 0 0 337 0 0 52 77597341 21744220 0 0 0 0 0 40623426 2119 0 0 
0 0 0 0 0 0 0 0 0 0 0 0 0 0 0 0 0 0 0 0 0 0 0 3 0 116852 116815 0 0 337 0 0 52 77620924 21747919 0 0 0 0 0 40638665 2119 0 0 
0 0 0 0 0 0 0 0 0 0 0 0 0 0 0 0 0 0 0 0 0 0 0 3 0 116905 116871 0 0 337 0 0 52 77656906 21757851 0 0 0 0 0 40659551 2119 0 0 
0 0 0 0 0 0 0 0 0 0 0 0 0 0 0 0 0 0 0 0 0 0 0 3 0 116913 116879 0 0 337 0 0 52 77680088 21763801 0 0 0 0 0 40674988 2119 0 0 
0 0 0 0 0 0 0 0 0 0 0 0 0 0 0 0 0 0 0 0 0 0 0 3 0 116969 116935 0 0 337 0 0 52 77706497 21767800 0 0 0 0 0 40689280 2119 0 0 
0 0 0 0 0 0 0 0 0 0 0 0 0 0 0 0 0 0 0 0 0 0 0 3 0 117025 116991 0 0 337 0 0 52 77738461 21777729 0 0 0 0 0 40707451 2119 0 0 
0 0 0 0 0 0 0 0 0 0 0 0 0 0 0 0 0 0 0 0 0 0 0 3 0 117033 116999 0 0 337 0 0 52 77757261 21783493 0 0 0 0 0 40720635 2119 0 0 
0 0 0 0 0 0 0 0 0 0 0 0 0 0 0 0 0 0 0 0 0 0 0 3 0 117088 117051 0 0 337 0 0 52 77787056 21787674 0 0 0 0 0 40736936 2119 0 0 
0 0 0 0 0 0 0 0 0 0 0 0 0 0 0 0 0 0 0 0 0 0 0 3 0 117101 117067 0 0 337 0 0 52 77817652 21796142 0 0 0 0 0 40753394 2119 0 0 
0 0 0 0 0 0 0 0 0 0 0 0 0 0 0 0 0 0 0 0 0 0 0 3 0 117152 117115 0 0 337 0 0 52 77838916 21797623 0 0 0 0 0 40769171 2119 0 0 
0 0 0 0 0 0 0 0 0 0 0 0 0 0 0 0 0 0 0 0 0 0 0 3 0 117205 117171 0 0 337 0 0 52 77873990 21807548 0 0 0 0 0 40789133 2119 0 0 
0 0 0 0 0 0 0 0 0 0 0 0 0 0 0 0 0 0 0 0 0 0 0 3 0 117213 117179 0 0 337 0 0 52 77896571 21813498 0 0 0 0 0 40804025 2119 0 0 
0 0 0 0 0 0 0 0 0 0 0 0 0 0 0 0 0 0 0 0 0 0 0 3 0 117269 117235 0 0 337 0 0 52 77925825 21817498 0 0 0 0 0 40822058 2119 0 0 
0 0 0 0 0 0 0 0 0 0 0 0 0 0 0 0 0 0 0 0 0 0 0 3 0 117297 117263 0 0 337 0 0 52 77957066 21826264 0 0 0 0 0 40840084 2119 0 0 
0 0 0 0 0 0 0 0 0 0 0 0 0 0 0 0 0 0 0 0 0 0 0 3 0 117333 117299 0 0 337 0 0 52 77977571 21830325 0 0 0 0 0 40854595 2119 0 0 
0 0 0 0 0 0 0 0 0 0 0 0 0 0 0 0 0 0 0 0 0 0 0 3 0 117385 117351 0 0 337 0 0 52 78012201 21837366 0 0 0 0 0 40875602 2119 0 0 
0 0 0 0 0 0 0 0 0 0 0 0 0 0 0 0 0 0 0 0 0 0 0 3 0 117393 117359 0 0 337 0 0 52 78032486 21843147 0 0 0 0 0 40891198 2119 0 0 
0 0 0 0 0 0 0 0 0 0 0 0 0 0 0 0 0 0 0 0 0 0 0 3 0 117449 117415 0 0 337 0 0 52 78062929 21847315 0 0 0 0 0 40907967 2119 0 0 
0 0 0 0 0 0 0 0 0 0 0 0 0 0 0 0 0 0 0 0 0 0 0 3 0 117456 117419 0 0 337 0 0 52 78087903 21853263 0 0 0 0 0 40922428 2119 0 0 
0 0 0 0 0 0 0 0 0 0 0 0 0 0 0 0 0 0 0 0 0 0 0 3 0 117509 117475 0 0 337 0 0 52 78115725 21857255 0 0 0 0 0 40941610 2119 0 0 
0 0 0 0 0 0 0 0 0 0 0 0 0 0 0 0 0 0 0 0 0 0 0 3 0 117565 117531 0 0 337 0 0 52 78146896 21867184 0 0 0 0 0 40958702 2119 0 0 
0 0 0 0 0 0 0 0 0 0 0 0 0 0 0 0 0 0 0 0 0 0 0 3 0 117573 117539 0 0 337 0 0 52 78168497 21873043 0 0 0 0 0 40974979 2119 0 0 
0 0 0 0 0 0 0 0 0 0 0 0 0 0 0 0 0 0 0 0 0 0 0 3 0 117628 117591 0 0 337 0 0 52 78194388 21877169 0 0 0 0 0 40987540 2119 0 0 
0 0 0 0 0 0 0 0 0 0 0 0 0 0 0 0 0 0 0 0 0 0 0 3 0 117637 117603 0 0 337 0 0 52 78222974 21884391 0 0 0 0 0 41003633 2119 0 0 
0 0 0 0 0 0 0 0 0 0 0 0 0 0 0 0 0 0 0 0 0 0 0 3 0 117693 117659 0 0 337 0 0 52 78244235 21889133 0 0 0 0 0 41016674 2119 0 0 
0 0 0 0 0 0 0 0 0 0 0 0 0 0 0 0 0 0 0 0 0 0 0 3 0 117745 117711 0 0 337 0 0 52 78276049 21897041 0 0 0 0 0 41033833 2119 0 0 
0 0 0 0 0 0 0 0 0 0 0 0 0 0 0 0 0 0 0 0 0 0 0 3 0 117753 117719 0 0 337 0 0 52 78294949 21902991 0 0 0 0 0 41046156 2119 0 0 
0 0 0 0 0 0 0 0 0 0 0 0 0 0 0 0 0 0 0 0 0 0 0 3 0 117809 117775 0 0 337 0 0 52 78322037 21906990 0 0 0 0 0 41059599 2119 0 0 
0 0 0 0 0 0 0 0 0 0 0 0 0 0 0 0 0 0 0 0 0 0 0 3 0 117865 117831 0 0 337 0 0 52 78354963 21916922 0 0 0 0 0 41078806 2119 0 0 
0 0 0 0 0 0 0 0 0 0 0 0 0 0 0 0 0 0 0 0 0 0 0 3 0 117873 117839 0 0 337 0 0 52 78376299 21922512 0 0 0 0 0 41094373 2119 0 0 
0 0 0 0 0 0 0 0 0 0 0 0 0 0 0 0 0 0 0 0 0 0 0 3 0 117929 117895 0 0 337 0 0 52 78406120 21926869 0 0 0 0 0 41110181 2119 0 0 
0 0 0 0 0 0 0 0 0 0 0 0 0 0 0 0 0 0 0 0 0 0 0 3 0 117943 117907 0 0 337 0 0 52 78439739 21935342 0 0 0 0 0 41129781 2119 0 0 
0 0 0 0 0 0 0 0 0 0 0 0 0 0 0 0 0 0 0 0 0 0 0 3 0 117992 117955 0 0 337 0 0 52 78455894 21936817 0 0 0 0 0 41140399 2119 0 0 
0 0 0 0 0 0 0 0 0 0 0 0 0 0 0 0 0 0 0 0 0 0 0 3 0 118045 118011 0 0 337 0 0 52 78492172 21946740 0 0 0 0 0 41160887 2119 0 0 
0 0 0 0 0 0 0 0 0 0 0 0 0 0 0 0 0 0 0 0 0 0 0 3 0 118053 118019 0 0 337 0 0 52 78514555 21952685 0 0 0 0 0 41178070 2119 0 0 
0 0 0 0 0 0 0 0 0 0 0 0 0 0 0 0 0 0 0 0 0 0 0 3 0 118109 118075 0 0 337 0 0 52 78543632 21956689 0 0 0 0 0 41192676 2119 0 0 
0 0 0 0 0 0 0 0 0 0 0 0 0 0 0 0 0 0 0 0 0 0 0 3 0 118141 118103 0 0 337 0 0 52 78573717 21965652 0 0 0 0 0 41209920 2119 0 0 
0 0 0 0 0 0 0 0 0 0 0 0 0 0 0 0 0 0 0 0 0 0 0 3 0 118173 118139 0 0 337 0 0 52 78594728 21968871 0 0 0 0 0 41224437 2119 0 0 
0 0 0 0 0 0 0 0 0 0 0 0 0 0 0 0 0 0 0 0 0 0 0 3 0 118225 118191 0 0 337 0 0 52 78629636 21976559 0 0 0 0 0 41244408 2119 0 0 
0 0 0 0 0 0 0 0 0 0 0 0 0 0 0 0 0 0 0 0 0 0 0 3 0 118233 118199 0 0 337 0 0 52 78652934 21982509 0 0 0 0 0 41260466 2119 0 0 
0 0 0 0 0 0 0 0 0 0 0 0 0 0 0 0 0 0 0 0 0 0 0 3 0 118289 118255 0 0 337 0 0 52 78684344 21986508 0 0 0 0 0 41279644 2119 0 0 
0 0 0 0 0 0 0 0 0 0 0 0 0 0 0 0 0 0 0 0 0 0 0 3 0 118345 118311 0 0 337 0 0 52 78715462 21996489 0 0 0 0 0 41297030 2119 0 0 
0 0 0 0 0 0 0 0 0 0 0 0 0 0 0 0 0 0 0 0 0 0 0 3 0 118353 118319 0 0 337 0 0 52 78737364 22000450 0 0 0 0 0 41313793 2119 0 0 
0 0 0 0 0 0 0 0 0 0 0 0 0 0 0 0 0 0 0 0 0 0 0 3 0 118405 118371 0 0 337 0 0 52 78774349 22006430 0 0 0 0 0 41337496 2119 0 0 
0 0 0 0 0 0 0 0 0 0 0 0 0 0 0 0 0 0 0 0 0 0 0 3 0 118413 118379 0 0 337 0 0 52 78798238 22012380 0 0 0 0 0 41356081 2119 0 0 
0 0 0 0 0 0 0 0 0 0 0 0 0 0 0 0 0 0 0 0 0 0 0 3 0 118469 118435 0 0 337 0 0 52 78828377 22016378 0 0 0 0 0 41373186 2119 0 0 
0 0 0 0 0 0 0 0 0 0 0 0 0 0 0 0 0 0 0 0 0 0 0 3 0 118488 118451 0 0 337 0 0 52 78863110 22024909 0 0 0 0 0 41393845 2119 0 0 
0 0 0 0 0 0 0 0 0 0 0 0 0 0 0 0 0 0 0 0 0 0 0 3 0 118533 118499 0 0 337 0 0 52 78878978 22027675 0 0 0 0 0 41403520 2119 0 0 
0 0 0 0 0 0 0 0 0 0 0 0 0 0 0 0 0 0 0 0 0 0 0 3 0 118585 118551 0 0 337 0 0 52 78911725 22036248 0 0 0 0 0 41421864 2119 0 0 
0 0 0 0 0 0 0 0 0 0 0 0 0 0 0 0 0 0 0 0 0 0 0 3 0 118593 118559 0 0 337 0 0 52 78935848 22042198 0 0 0 0 0 41437344 2119 0 0 
0 0 0 0 0 0 0 0 0 0 0 0 0 0 0 0 0 0 0 0 0 0 0 3 0 118649 118615 0 0 337 0 0 52 78964134 22046198 0 0 0 0 0 41454787 2119 0 0 
0 0 0 0 0 0 0 0 0 0 0 0 0 0 0 0 0 0 0 0 0 0 0 3 0 118705 118671 0 0 337 0 0 52 78994162 22056127 0 0 0 0 0 41471455 2119 0 0 
0 0 0 0 0 0 0 0 0 0 0 0 0 0 0 0 0 0 0 0 0 0 0 3 0 118713 118679 0 0 337 0 0 52 79013742 22061497 0 0 0 0 0 41485696 2119 0 0 
0 0 0 0 0 0 0 0 0 0 0 0 0 0 0 0 0 0 0 0 0 0 0 3 0 118769 118735 0 0 337 0 0 52 79044717 22066074 0 0 0 0 0 41502638 2119 0 0 
0 0 0 0 0 0 0 0 0 0 0 0 0 0 0 0 0 0 0 0 0 0 0 3 0 118776 118739 0 0 337 0 0 52 79072682 22072022 0 0 0 0 0 41519861 2119 0 0 
0 0 0 0 0 0 0 0 0 0 0 0 0 0 0 0 0 0 0 0 0 0 0 3 0 118829 118795 0 0 337 0 0 52 79100609 22076015 0 0 0 0 0 41537613 2119 0 0 
0 0 0 0 0 0 0 0 0 0 0 0 0 0 0 0 0 0 0 0 0 0 0 3 0 118885 118851 0 0 337 0 0 52 79131375 22085944 0 0 0 0 0 41554533 2119 0 0 
0 0 0 0 0 0 0 0 0 0 0 0 0 0 0 0 0 0 0 0 0 0 0 3 0 118893 118859 0 0 337 0 0 52 79151313 22091540 0 0 0 0 0 41568626 2119 0 0 
0 0 0 0 0 0 0 0 0 0 0 0 0 0 0 0 0 0 0 0 0 0 0 3 0 118949 118915 0 0 337 0 0 52 79179425 22095891 0 0 0 0 0 41582156 2119 0 0 
0 0 0 0 0 0 0 0 0 0 0 0 0 0 0 0 0 0 0 0 0 0 0 3 0 118972 118935 0 0 337 0 0 52 79210301 22104648 0 0 0 0 0 41599633 2119 0 0 
0 0 0 0 0 0 0 0 0 0 0 0 0 0 0 0 0 0 0 0 0 0 0 3 0 119012 118975 0 0 337 0 0 52 79228933 22105838 0 0 0 0 0 41613021 2119 0 0 
0 0 0 0 0 0 0 0 0 0 0 0 0 0 0 0 0 0 0 0 0 0 0 3 0 119065 119031 0 0 337 0 0 52 79264837 22115760 0 0 0 0 0 41633744 2119 0 0 
0 0 0 0 0 0 0 0 0 0 0 0 0 0 0 0 0 0 0 0 0 0 0 3 0 119073 119039 0 0 337 0 0 52 79288363 22121710 0 0 0 0 0 41649816 2119 0 0 
0 0 0 0 0 0 0 0 0 0 0 0 0 0 0 0 0 0 0 0 0 0 0 3 0 119129 119095 0 0 337 0 0 52 79315863 22125711 0 0 0 0 0 41664658 2119 0 0 
0 0 0 0 0 0 0 0 0 0 0 0 0 0 0 0 0 0 0 0 0 0 0 3 0 119185 119151 0 0 337 0 0 52 79347785 22135640 0 0 0 0 0 41682416 2119 0 0 
0 0 0 0 0 0 0 0 0 0 0 0 0 0 0 0 0 0 0 0 0 0 0 3 0 119193 119159 0 0 337 0 0 52 79367028 22141501 0 0 0 0 0 41695343 2119 0 0 
0 0 0 0 0 0 0 0 0 0 0 0 0 0 0 0 0 0 0 0 0 0 0 3 0 119249 119215 0 0 337 0 0 52 79392434 22145587 0 0 0 0 0 41707252 2119 0 0 
0 0 0 0 0 0 0 0 0 0 0 0 0 0 0 0 0 0 0 0 0 0 0 3 0 119265 119231 0 0 337 0 0 52 79426631 22154115 0 0 0 0 0 41726941 2119 0 0 
0 0 0 0 0 0 0 0 0 0 0 0 0 0 0 0 0 0 0 0 0 0 0 3 0 119313 119279 0 0 337 0 0 52 79443433 22157535 0 0 0 0 0 41737449 2119 0 0 
0 0 0 0 0 0 0 0 0 0 0 0 0 0 0 0 0 0 0 0 0 0 0 3 0 119365 119331 0 0 337 0 0 52 79477004 22165457 0 0 0 0 0 41756533 2119 0 0 
0 0 0 0 0 0 0 0 0 0 0 0 0 0 0 0 0 0 0 0 0 0 0 3 0 119376 119339 0 0 337 0 0 52 79500825 22171413 0 0 0 0 0 41769355 2119 0 0 
0 0 0 0 0 0 0 0 0 0 0 0 0 0 0 0 0 0 0 0 0 0 0 3 0 119429 119395 0 0 337 0 0 52 79526495 22175406 0 0 0 0 0 41783930 2119 0 0 
0 0 0 0 0 0 0 0 0 0 0 0 0 0 0 0 0 0 0 0 0 0 0 3 0 119481 119447 0 0 337 0 0 52 79558087 22185298 0 0 0 0 0 41802434 2119 0 0 
0 0 0 0 0 0 0 0 0 0 0 0 0 0 0 0 0 0 0 0 0 0 0 3 0 119493 119459 0 0 337 0 0 52 79576802 22191022 0 0 0 0 0 41814597 2119 0 0 
0 0 0 0 0 0 0 0 0 0 0 0 0 0 0 0 0 0 0 0 0 0 0 3 0 119546 119511 0 0 337 0 0 52 79607523 22195276 0 0 0 0 0 41830709 2119 0 0 
0 0 0 0 0 0 0 0 0 0 0 0 0 0 0 0 0 0 0 0 0 0 0 3 0 119557 119523 0 0 337 0 0 52 79632663 22201378 0 0 0 0 0 41843969 2119 0 0 
0 0 0 0 0 0 0 0 0 0 0 0 0 0 0 0 0 0 0 0 0 0 0 3 0 119609 119575 0 0 337 0 0 52 79659592 22205225 0 0 0 0 0 41862908 2119 0 0 
0 0 0 0 0 0 0 0 0 0 0 0 0 0 0 0 0 0 0 0 0 0 0 3 0 119665 119631 0 0 337 0 0 52 79691384 22215154 0 0 0 0 0 41880999 2119 0 0 
0 0 0 0 0 0 0 0 0 0 0 0 0 0 0 0 0 0 0 0 0 0 0 3 0 119673 119639 0 0 337 0 0 52 79714006 22220148 0 0 0 0 0 41898792 2119 0 0 
0 0 0 0 0 0 0 0 0 0 0 0 0 0 0 0 0 0 0 0 0 0 0 3 0 119725 119691 0 0 337 0 0 52 79747289 22225093 0 0 0 0 0 41916514 2119 0 0 
0 0 0 0 0 0 0 0 0 0 0 0 0 0 0 0 0 0 0 0 0 0 0 3 0 119733 119699 0 0 337 0 0 52 79769220 22231068 0 0 0 0 0 41930351 2119 0 0 
0 0 0 0 0 0 0 0 0 0 0 0 0 0 0 0 0 0 0 0 0 0 0 3 0 119789 119755 0 0 337 0 0 52 79798619 22235078 0 0 0 0 0 41948284 2119 0 0 
0 0 0 0 0 0 0 0 0 0 0 0 0 0 0 0 0 0 0 0 0 0 0 3 0 119805 119771 0 0 337 0 0 52 79831895 22243624 0 0 0 0 0 41967009 2119 0 0 
0 0 0 0 0 0 0 0 0 0 0 0 0 0 0 0 0 0 0 0 0 0 0 3 0 119850 119815 0 0 337 0 0 52 79852504 22245040 0 0 0 0 0 41982558 2119 0 0 
0 0 0 0 0 0 0 0 0 0 0 0 0 0 0 0 0 0 0 0 0 0 0 3 0 119905 119871 0 0 337 0 0 52 79886643 22254968 0 0 0 0 0 42002448 2119 0 0 
0 0 0 0 0 0 0 0 0 0 0 0 0 0 0 0 0 0 0 0 0 0 0 3 0 119913 119879 0 0 337 0 0 52 79907673 22260751 0 0 0 0 0 42017853 2119 0 0 
0 0 0 0 0 0 0 0 0 0 0 0 0 0 0 0 0 0 0 0 0 0 0 3 0 119969 119935 0 0 337 0 0 52 79936466 22264915 0 0 0 0 0 42031840 2119 0 0 
0 0 0 0 0 0 0 0 0 0 0 0 0 0 0 0 0 0 0 0 0 0 0 3 0 119983 119947 0 0 337 0 0 52 79968039 22273388 0 0 0 0 0 42049395 2119 0 0 
0 0 0 0 0 0 0 0 0 0 0 0 0 0 0 0 0 0 0 0 0 0 0 3 0 120032 119995 0 0 337 0 0 52 79985583 22274862 0 0 0 0 0 42061352 2119 0 0 
0 0 0 0 0 0 0 0 0 0 0 0 0 0 0 0 0 0 0 0 0 0 0 3 0 120085 120051 0 0 337 0 0 52 80021291 22284785 0 0 0 0 0 42081889 2119 0 0 
0 0 0 0 0 0 0 0 0 0 0 0 0 0 0 0 0 0 0 0 0 0 0 3 0 120093 120059 0 0 337 0 0 52 80044501 22290735 0 0 0 0 0 42096420 2119 0 0 
0 0 0 0 0 0 0 0 0 0 0 0 0 0 0 0 0 0 0 0 0 0 0 3 0 120149 120115 0 0 337 0 0 52 80070012 22294735 0 0 0 0 0 42110650 2119 0 0 
0 0 0 0 0 0 0 0 0 0 0 0 0 0 0 0 0 0 0 0 0 0 0 3 0 120205 120171 0 0 337 0 0 52 80099980 22304664 0 0 0 0 0 42126842 2119 0 0 
0 0 0 0 0 0 0 0 0 0 0 0 0 0 0 0 0 0 0 0 0 0 0 3 0 120213 120179 0 0 337 0 0 52 80121867 22309640 0 0 0 0 0 42143635 2119 0 0 
0 0 0 0 0 0 0 0 0 0 0 0 0 0 0 0 0 0 0 0 0 0 0 3 0 120269 120235 0 0 337 0 0 52 80152185 22314611 0 0 0 0 0 42159614 2119 0 0 
0 0 0 0 0 0 0 0 0 0 0 0 0 0 0 0 0 0 0 0 0 0 0 3 0 120281 120243 0 0 337 0 0 52 80182762 22323774 0 0 0 0 0 42175701 2119 0 0 
0 0 0 0 0 0 0 0 0 0 0 0 0 0 0 0 0 0 0 0 0 0 0 3 0 120325 120287 0 0 337 0 0 52 80188055 22334515 0 0 0 0 0 42179821 2119 0 0 
0 0 0 0 0 0 0 0 0 0 0 0 0 0 0 0 0 0 0 0 0 0 0 3 0 120325 120287 0 0 337 0 0 52 80188055 22334515 0 0 0 0 0 42179821 2119 0 0 
0 0 0 0 0 0 0 0 0 0 0 0 0 0 0 0 0 0 0 0 0 0 0 3 0 120325 120287 0 0 337 0 0 52 80188055 22334515 0 0 0 0 0 42179821 2119 0 0 
0 0 0 0 0 0 0 0 0 0 0 0 0 0 0 0 0 0 0 0 0 0 0 3 0 120325 120287 0 0 337 0 0 52 80188055 22334515 0 0 0 0 0 42179821 2119 0 0 
