0 0 0 0 0 0 0 0 0 0 0 0 0 0 0 0 0 0 0 0 0 0 0 3 0 40106 40101 0 0 120 0 0 22 32369410 0 0 0 0 0 0 13902179 713 0 0 
0 0 0 0 0 0 0 0 0 0 0 0 0 0 0 0 0 0 0 0 0 0 0 3 40106 0 0 7 0 0 121 22 0 6783347 14927351 10657035 0 0 0 13903775 0 0 713 0 
0 0 0 0 0 0 0 0 0 0 0 0 0 0 0 0 0 0 0 0 0 0 0 3 0 40106 40101 0 0 120 0 0 22 32369410 0 0 0 0 0 0 13902179 713 0 0 
0 0 0 0 0 0 0 0 0 0 0 0 0 0 0 0 0 0 0 0 0 0 0 3 40106 0 0 7 0 0 121 22 0 6783347 14927351 10657035 0 0 0 13903775 0 0 713 0 
0 0 0 0 0 0 0 0 0 0 0 0 0 0 0 0 0 0 0 0 0 0 0 3 0 40106 40101 0 0 120 0 0 22 32369410 0 0 0 0 0 0 13902179 713 0 0 
0 0 0 0 0 0 0 0 0 0 0 0 0 0 0 0 0 0 0 0 0 0 0 3 40106 0 0 7 0 0 121 22 0 6783347 14927351 10657035 0 0 0 13903775 0 0 713 0 
0 0 0 0 0 0 0 0 0 0 0 0 0 0 0 0 0 0 0 0 0 0 0 3 0 40106 40101 0 0 120 0 0 22 32369410 0 0 0 0 0 0 13902179 713 0 0 
0 0 0 0 0 0 0 0 0 0 0 0 0 0 0 0 0 0 0 0 0 0 0 3 40106 0 0 7 0 0 121 22 0 6783347 14927351 10657035 0 0 0 13903775 0 0 713 0 
0 0 0 0 0 0 0 0 0 0 0 0 0 0 0 0 0 0 0 0 0 0 0 3 0 40106 40101 0 0 120 0 0 22 32369410 0 0 0 0 0 0 13902179 713 0 0 
0 0 0 0 0 0 0 0 0 0 0 0 0 0 0 0 0 0 0 0 0 0 0 3 40106 0 0 7 0 0 121 22 0 6783347 14927351 10657035 0 0 0 13903775 0 0 713 0 
0 0 0 0 0 0 0 0 0 0 0 0 0 0 0 0 0 0 0 0 0 0 0 3 0 40106 40101 0 0 120 0 0 22 32369410 0 0 0 0 0 0 13902179 713 0 0 
0 0 0 0 0 0 0 0 0 0 0 0 0 0 0 0 0 0 0 0 0 0 0 3 40106 0 0 7 0 0 121 22 0 6783347 14927351 10657035 0 0 0 13903775 0 0 713 0 
0 0 0 0 0 0 0 0 0 0 0 0 0 0 0 0 0 0 0 0 0 0 0 3 0 40106 40101 0 0 120 0 0 22 32369410 0 0 0 0 0 0 13902179 713 0 0 
0 0 0 0 0 0 0 0 0 0 0 0 0 0 0 0 0 0 0 0 0 0 0 3 40106 0 0 7 0 0 121 22 0 6783347 14927351 10657035 0 0 0 13903775 0 0 713 0 
====>
0 0 0 0 0 0 0 0 0 0 0 0 0 0 0 0 0 0 0 0 0 0 0 3 0 40150 40149 0 0 127 0 0 22 32400241 0 0 0 0 0 0 13905766 713 0 0 
0 0 0 0 0 0 0 0 0 0 0 0 0 0 0 0 0 0 0 0 0 0 0 3 40154 0 0 7 0 0 128 22 0 6784156 14954660 10659763 0 0 0 13907362 0 0 713 0 
0 0 0 0 0 0 0 0 0 0 0 0 0 0 0 0 0 0 0 0 0 0 0 3 0 40158 40157 0 0 127 0 0 22 32427892 0 0 0 0 0 0 13918769 713 0 0 
0 0 0 0 0 0 0 0 0 0 0 0 0 0 0 0 0 0 0 0 0 0 0 3 40162 0 0 7 0 0 128 22 0 6787936 14970405 10667902 0 0 0 13920365 0 0 713 0 
0 0 0 0 0 0 0 0 0 0 0 0 0 0 0 0 0 0 0 0 0 0 0 3 0 40213 40209 0 0 127 0 0 22 32466885 0 0 0 0 0 0 13934403 713 0 0 
0 0 0 0 0 0 0 0 0 0 0 0 0 0 0 0 0 0 0 0 0 0 0 3 40214 0 0 7 0 0 128 22 0 6796606 14988638 10679977 0 0 0 13936001 0 0 713 0 
0 0 0 0 0 0 0 0 0 0 0 0 0 0 0 0 0 0 0 0 0 0 0 3 0 40221 40217 0 0 127 0 0 22 32497617 0 0 0 0 0 0 13950184 713 0 0 
0 0 0 0 0 0 0 0 0 0 0 0 0 0 0 0 0 0 0 0 0 0 0 3 40222 0 0 7 0 0 128 22 0 6800390 15007453 10688109 0 0 0 13951783 0 0 713 0 
0 0 0 0 0 0 0 0 0 0 0 0 0 0 0 0 0 0 0 0 0 0 0 3 0 40277 40273 0 0 127 0 0 22 32527404 0 0 0 0 0 0 13963945 713 0 0 
0 0 0 0 0 0 0 0 0 0 0 0 0 0 0 0 0 0 0 0 0 0 0 3 40278 0 0 7 0 0 128 22 0 6804390 15018291 10703053 0 0 0 13965544 0 0 713 0 
0 0 0 0 0 0 0 0 0 0 0 0 0 0 0 0 0 0 0 0 0 0 0 3 0 40330 40329 0 0 127 0 0 22 32572357 0 0 0 0 0 0 13984505 713 0 0 
0 0 0 0 0 0 0 0 0 0 0 0 0 0 0 0 0 0 0 0 0 0 0 3 40334 0 0 7 0 0 128 22 0 6814312 15038914 10717460 0 0 0 13986104 0 0 713 0 
0 0 0 0 0 0 0 0 0 0 0 0 0 0 0 0 0 0 0 0 0 0 0 3 0 40338 40337 0 0 127 0 0 22 32599789 0 0 0 0 0 0 14000098 713 0 0 
0 0 0 0 0 0 0 0 0 0 0 0 0 0 0 0 0 0 0 0 0 0 0 3 40342 0 0 7 0 0 128 22 0 6820143 15053810 10724167 0 0 0 14001698 0 0 713 0 
0 0 0 0 0 0 0 0 0 0 0 0 0 0 0 0 0 0 0 0 0 0 0 3 0 40394 40393 0 0 127 0 0 22 32631936 0 0 0 0 0 0 14013583 713 0 0 
0 0 0 0 0 0 0 0 0 0 0 0 0 0 0 0 0 0 0 0 0 0 0 3 40398 0 0 7 0 0 128 22 0 6824260 15068050 10737945 0 0 0 14015185 0 0 713 0 
0 0 0 0 0 0 0 0 0 0 0 0 0 0 0 0 0 0 0 0 0 0 0 3 0 40424 40421 0 0 127 0 0 22 32672001 0 0 0 0 0 0 14031539 713 0 0 
0 0 0 0 0 0 0 0 0 0 0 0 0 0 0 0 0 0 0 0 0 0 0 3 40426 0 0 7 0 0 128 22 0 6833253 15085854 10751207 0 0 0 14033144 0 0 713 0 
0 0 0 0 0 0 0 0 0 0 0 0 0 0 0 0 0 0 0 0 0 0 0 3 0 40458 40457 0 0 127 0 0 22 32696824 0 0 0 0 0 0 14043772 713 0 0 
0 0 0 0 0 0 0 0 0 0 0 0 0 0 0 0 0 0 0 0 0 0 0 3 40462 0 0 7 0 0 128 22 0 6839315 15097285 10758536 0 0 0 14045377 0 0 713 0 
0 0 0 0 0 0 0 0 0 0 0 0 0 0 0 0 0 0 0 0 0 0 0 3 0 40510 40509 0 0 127 0 0 22 32734774 0 0 0 0 0 0 14061160 713 0 0 
0 0 0 0 0 0 0 0 0 0 0 0 0 0 0 0 0 0 0 0 0 0 0 3 40514 0 0 7 0 0 128 22 0 6844127 15115750 10773208 0 0 0 14062766 0 0 713 0 
0 0 0 0 0 0 0 0 0 0 0 0 0 0 0 0 0 0 0 0 0 0 0 3 0 40518 40517 0 0 127 0 0 22 32764430 0 0 0 0 0 0 14075879 713 0 0 
0 0 0 0 0 0 0 0 0 0 0 0 0 0 0 0 0 0 0 0 0 0 0 3 40522 0 0 7 0 0 128 22 0 6850077 15132089 10780575 0 0 0 14077486 0 0 713 0 
0 0 0 0 0 0 0 0 0 0 0 0 0 0 0 0 0 0 0 0 0 0 0 3 0 40574 40573 0 0 127 0 0 22 32794166 0 0 0 0 0 0 14090267 713 0 0 
0 0 0 0 0 0 0 0 0 0 0 0 0 0 0 0 0 0 0 0 0 0 0 3 40577 0 0 7 0 0 128 22 0 6854074 15144915 10793483 0 0 0 14091876 0 0 713 0 
0 0 0 0 0 0 0 0 0 0 0 0 0 0 0 0 0 0 0 0 0 0 0 3 0 40630 40629 0 0 127 0 0 22 32836387 0 0 0 0 0 0 14109300 713 0 0 
0 0 0 0 0 0 0 0 0 0 0 0 0 0 0 0 0 0 0 0 0 0 0 3 40633 0 0 7 0 0 128 22 0 6864003 15164017 10806671 0 0 0 14110918 0 0 713 0 
0 0 0 0 0 0 0 0 0 0 0 0 0 0 0 0 0 0 0 0 0 0 0 3 0 40638 40637 0 0 127 0 0 22 32861173 0 0 0 0 0 0 14123452 713 0 0 
0 0 0 0 0 0 0 0 0 0 0 0 0 0 0 0 0 0 0 0 0 0 0 3 40641 0 0 7 0 0 128 22 0 6868304 15177515 10813661 0 0 0 14125070 0 0 713 0 
0 0 0 0 0 0 0 0 0 0 0 0 0 0 0 0 0 0 0 0 0 0 0 3 0 40690 40689 0 0 127 0 0 22 32900628 0 0 0 0 0 0 14142370 713 0 0 
0 0 0 0 0 0 0 0 0 0 0 0 0 0 0 0 0 0 0 0 0 0 0 3 40693 0 0 7 0 0 128 22 0 6873942 15197147 10827834 0 0 0 14143992 0 0 713 0 
0 0 0 0 0 0 0 0 0 0 0 0 0 0 0 0 0 0 0 0 0 0 0 3 0 40698 40697 0 0 127 0 0 22 32929261 0 0 0 0 0 0 14156292 713 0 0 
0 0 0 0 0 0 0 0 0 0 0 0 0 0 0 0 0 0 0 0 0 0 0 3 40701 0 0 7 0 0 128 22 0 6879892 15212234 10835429 0 0 0 14157913 0 0 713 0 
0 0 0 0 0 0 0 0 0 0 0 0 0 0 0 0 0 0 0 0 0 0 0 3 0 40754 40753 0 0 127 0 0 22 32963304 0 0 0 0 0 0 14175618 713 0 0 
0 0 0 0 0 0 0 0 0 0 0 0 0 0 0 0 0 0 0 0 0 0 0 3 40757 0 0 7 0 0 128 22 0 6883891 15230456 10847253 0 0 0 14177243 0 0 713 0 
0 0 0 0 0 0 0 0 0 0 0 0 0 0 0 0 0 0 0 0 0 0 0 3 0 40785 40781 0 0 127 0 0 22 33003474 0 0 0 0 0 0 14193035 713 0 0 
0 0 0 0 0 0 0 0 0 0 0 0 0 0 0 0 0 0 0 0 0 0 0 3 40785 0 0 7 0 0 128 22 0 6892888 15247717 10861165 0 0 0 14194662 0 0 713 0 
0 0 0 0 0 0 0 0 0 0 0 0 0 0 0 0 0 0 0 0 0 0 0 3 0 40818 40817 0 0 127 0 0 22 33028517 0 0 0 0 0 0 14206657 713 0 0 
0 0 0 0 0 0 0 0 0 0 0 0 0 0 0 0 0 0 0 0 0 0 0 3 40821 0 0 7 0 0 128 22 0 6898090 15260984 10867742 0 0 0 14208284 0 0 713 0 
0 0 0 0 0 0 0 0 0 0 0 0 0 0 0 0 0 0 0 0 0 0 0 3 0 40870 40869 0 0 127 0 0 22 33067569 0 0 0 0 0 0 14225921 713 0 0 
0 0 0 0 0 0 0 0 0 0 0 0 0 0 0 0 0 0 0 0 0 0 0 3 40872 0 0 7 0 0 128 22 0 6903762 15280880 10881218 0 0 0 14227550 0 0 713 0 
0 0 0 0 0 0 0 0 0 0 0 0 0 0 0 0 0 0 0 0 0 0 0 3 0 40878 40877 0 0 127 0 0 22 33093717 0 0 0 0 0 0 14240214 713 0 0 
0 0 0 0 0 0 0 0 0 0 0 0 0 0 0 0 0 0 0 0 0 0 0 3 40880 0 0 7 0 0 128 22 0 6909712 15294455 10887841 0 0 0 14241843 0 0 713 0 
0 0 0 0 0 0 0 0 0 0 0 0 0 0 0 0 0 0 0 0 0 0 0 3 0 40932 40929 0 0 127 0 0 22 33123554 0 0 0 0 0 0 14251994 713 0 0 
0 0 0 0 0 0 0 0 0 0 0 0 0 0 0 0 0 0 0 0 0 0 0 3 40932 0 0 7 0 0 128 22 0 6913708 15307010 10901130 0 0 0 14253627 0 0 713 0 
0 0 0 0 0 0 0 0 0 0 0 0 0 0 0 0 0 0 0 0 0 0 0 3 0 40940 40937 0 0 127 0 0 22 33155440 0 0 0 0 0 0 14266425 713 0 0 
0 0 0 0 0 0 0 0 0 0 0 0 0 0 0 0 0 0 0 0 0 0 0 3 40940 0 0 7 0 0 128 22 0 6919658 15324750 10909327 0 0 0 14268058 0 0 713 0 
0 0 0 0 0 0 0 0 0 0 0 0 0 0 0 0 0 0 0 0 0 0 0 3 0 40992 40993 0 0 127 0 0 22 33187753 0 0 0 0 0 0 14286694 713 0 0 
0 0 0 0 0 0 0 0 0 0 0 0 0 0 0 0 0 0 0 0 0 0 0 3 40996 0 0 7 0 0 128 22 0 6923652 15341775 10920620 0 0 0 14288334 0 0 713 0 
0 0 0 0 0 0 0 0 0 0 0 0 0 0 0 0 0 0 0 0 0 0 0 3 0 41048 41049 0 0 127 0 0 22 33227619 0 0 0 0 0 0 14303120 713 0 0 
0 0 0 0 0 0 0 0 0 0 0 0 0 0 0 0 0 0 0 0 0 0 0 3 41052 0 0 7 0 0 128 22 0 6933581 15358264 10934065 0 0 0 14304760 0 0 713 0 
0 0 0 0 0 0 0 0 0 0 0 0 0 0 0 0 0 0 0 0 0 0 0 3 0 41056 41057 0 0 127 0 0 22 33253470 0 0 0 0 0 0 14320464 713 0 0 
0 0 0 0 0 0 0 0 0 0 0 0 0 0 0 0 0 0 0 0 0 0 0 3 41060 0 0 7 0 0 128 22 0 6936741 15375400 10939621 0 0 0 14322104 0 0 713 0 
0 0 0 0 0 0 0 0 0 0 0 0 0 0 0 0 0 0 0 0 0 0 0 3 0 41108 41109 0 0 127 0 0 22 33295610 0 0 0 0 0 0 14341520 713 0 0 
0 0 0 0 0 0 0 0 0 0 0 0 0 0 0 0 0 0 0 0 0 0 0 3 41112 0 0 7 0 0 128 22 0 6943521 15396724 10953654 0 0 0 14343161 0 0 713 0 
0 0 0 0 0 0 0 0 0 0 0 0 0 0 0 0 0 0 0 0 0 0 0 3 0 41116 41117 0 0 127 0 0 22 33326203 0 0 0 0 0 0 14356652 713 0 0 
0 0 0 0 0 0 0 0 0 0 0 0 0 0 0 0 0 0 0 0 0 0 0 3 41120 0 0 7 0 0 128 22 0 6949473 15413547 10961472 0 0 0 14358294 0 0 713 0 
0 0 0 0 0 0 0 0 0 0 0 0 0 0 0 0 0 0 0 0 0 0 0 3 0 41172 41173 0 0 127 0 0 22 33359544 0 0 0 0 0 0 14376187 713 0 0 
0 0 0 0 0 0 0 0 0 0 0 0 0 0 0 0 0 0 0 0 0 0 0 3 41176 0 0 7 0 0 128 22 0 6953472 15431448 10972911 0 0 0 14377830 0 0 713 0 
0 0 0 0 0 0 0 0 0 0 0 0 0 0 0 0 0 0 0 0 0 0 0 3 0 41224 41225 0 0 127 0 0 22 33400939 0 0 0 0 0 0 14393901 713 0 0 
0 0 0 0 0 0 0 0 0 0 0 0 0 0 0 0 0 0 0 0 0 0 0 3 41228 0 0 7 0 0 128 22 0 6963397 15449042 10986791 0 0 0 14395550 0 0 713 0 
0 0 0 0 0 0 0 0 0 0 0 0 0 0 0 0 0 0 0 0 0 0 0 3 0 41236 41237 0 0 127 0 0 22 33425004 0 0 0 0 0 0 14410751 713 0 0 
0 0 0 0 0 0 0 0 0 0 0 0 0 0 0 0 0 0 0 0 0 0 0 3 41240 0 0 7 0 0 128 22 0 6965197 15466267 10991833 0 0 0 14412399 0 0 713 0 
0 0 0 0 0 0 0 0 0 0 0 0 0 0 0 0 0 0 0 0 0 0 0 3 0 41288 41289 0 0 127 0 0 22 33467346 0 0 0 0 0 0 14431285 713 0 0 
0 0 0 0 0 0 0 0 0 0 0 0 0 0 0 0 0 0 0 0 0 0 0 3 41292 0 0 7 0 0 128 22 0 6973340 15486671 11005621 0 0 0 14432936 0 0 713 0 
0 0 0 0 0 0 0 0 0 0 0 0 0 0 0 0 0 0 0 0 0 0 0 3 0 41296 41297 0 0 127 0 0 22 33492447 0 0 0 0 0 0 14445801 713 0 0 
0 0 0 0 0 0 0 0 0 0 0 0 0 0 0 0 0 0 0 0 0 0 0 3 41300 0 0 7 0 0 128 22 0 6978874 15499987 11011871 0 0 0 14447453 0 0 713 0 
0 0 0 0 0 0 0 0 0 0 0 0 0 0 0 0 0 0 0 0 0 0 0 3 0 41352 41353 0 0 127 0 0 22 33527040 0 0 0 0 0 0 14461622 713 0 0 
0 0 0 0 0 0 0 0 0 0 0 0 0 0 0 0 0 0 0 0 0 0 0 3 41356 0 0 7 0 0 128 22 0 6983287 15517069 11024963 0 0 0 14463276 0 0 713 0 
0 0 0 0 0 0 0 0 0 0 0 0 0 0 0 0 0 0 0 0 0 0 0 3 0 41371 41369 0 0 127 0 0 22 33570656 0 0 0 0 0 0 14482585 713 0 0 
0 0 0 0 0 0 0 0 0 0 0 0 0 0 0 0 0 0 0 0 0 0 0 3 41372 0 0 7 0 0 128 22 0 6991816 15537938 11039174 0 0 0 14484241 0 0 713 0 
0 0 0 0 0 0 0 0 0 0 0 0 0 0 0 0 0 0 0 0 0 0 0 3 0 41415 41413 0 0 127 0 0 22 33590313 0 0 0 0 0 0 14495894 713 0 0 
0 0 0 0 0 0 0 0 0 0 0 0 0 0 0 0 0 0 0 0 0 0 0 3 41416 0 0 7 0 0 128 22 0 6993232 15551397 11043956 0 0 0 14497550 0 0 713 0 
0 0 0 0 0 0 0 0 0 0 0 0 0 0 0 0 0 0 0 0 0 0 0 3 0 41468 41469 0 0 127 0 0 22 33635265 0 0 0 0 0 0 14516033 713 0 0 
0 0 0 0 0 0 0 0 0 0 0 0 0 0 0 0 0 0 0 0 0 0 0 3 41472 0 0 7 0 0 128 22 0 7003155 15571604 11058779 0 0 0 14517695 0 0 713 0 
0 0 0 0 0 0 0 0 0 0 0 0 0 0 0 0 0 0 0 0 0 0 0 3 0 41476 41477 0 0 127 0 0 22 33662138 0 0 0 0 0 0 14531767 713 0 0 
0 0 0 0 0 0 0 0 0 0 0 0 0 0 0 0 0 0 0 0 0 0 0 3 41480 0 0 7 0 0 128 22 0 7008841 15586348 11065222 0 0 0 14533428 0 0 713 0 
0 0 0 0 0 0 0 0 0 0 0 0 0 0 0 0 0 0 0 0 0 0 0 3 0 41531 41533 0 0 127 0 0 22 33696400 0 0 0 0 0 0 14547747 713 0 0 
0 0 0 0 0 0 0 0 0 0 0 0 0 0 0 0 0 0 0 0 0 0 0 3 41536 0 0 7 0 0 128 22 0 7013101 15603377 11078191 0 0 0 14549411 0 0 713 0 
0 0 0 0 0 0 0 0 0 0 0 0 0 0 0 0 0 0 0 0 0 0 0 3 0 41539 41541 0 0 127 0 0 22 33727788 0 0 0 0 0 0 14560448 713 0 0 
0 0 0 0 0 0 0 0 0 0 0 0 0 0 0 0 0 0 0 0 0 0 0 3 41544 0 0 7 0 0 128 22 0 7020313 15619258 11086488 0 0 0 14562114 0 0 713 0 
0 0 0 0 0 0 0 0 0 0 0 0 0 0 0 0 0 0 0 0 0 0 0 3 0 41591 41593 0 0 127 0 0 22 33759097 0 0 0 0 0 0 14582196 713 0 0 
0 0 0 0 0 0 0 0 0 0 0 0 0 0 0 0 0 0 0 0 0 0 0 3 41596 0 0 7 0 0 128 22 0 7023040 15637892 11096430 0 0 0 14583870 0 0 713 0 
0 0 0 0 0 0 0 0 0 0 0 0 0 0 0 0 0 0 0 0 0 0 0 3 0 41647 41649 0 0 127 0 0 22 33798263 0 0 0 0 0 0 14598599 713 0 0 
0 0 0 0 0 0 0 0 0 0 0 0 0 0 0 0 0 0 0 0 0 0 0 3 41652 0 0 7 0 0 128 22 0 7032970 15654360 11109196 0 0 0 14600277 0 0 713 0 
0 0 0 0 0 0 0 0 0 0 0 0 0 0 0 0 0 0 0 0 0 0 0 3 0 41655 41657 0 0 127 0 0 22 33817121 0 0 0 0 0 0 14611273 713 0 0 
0 0 0 0 0 0 0 0 0 0 0 0 0 0 0 0 0 0 0 0 0 0 0 3 41660 0 0 7 0 0 128 22 0 7034273 15667415 11113696 0 0 0 14612952 0 0 713 0 
0 0 0 0 0 0 0 0 0 0 0 0 0 0 0 0 0 0 0 0 0 0 0 3 0 41707 41709 0 0 127 0 0 22 33860059 0 0 0 0 0 0 14631097 713 0 0 
0 0 0 0 0 0 0 0 0 0 0 0 0 0 0 0 0 0 0 0 0 0 0 3 41712 0 0 7 0 0 128 22 0 7042909 15686918 11128491 0 0 0 14632775 0 0 713 0 
0 0 0 0 0 0 0 0 0 0 0 0 0 0 0 0 0 0 0 0 0 0 0 3 0 41715 41717 0 0 127 0 0 22 33889752 0 0 0 0 0 0 14645295 713 0 0 
0 0 0 0 0 0 0 0 0 0 0 0 0 0 0 0 0 0 0 0 0 0 0 3 41720 0 0 7 0 0 128 22 0 7048858 15703305 11135848 0 0 0 14646973 0 0 713 0 
0 0 0 0 0 0 0 0 0 0 0 0 0 0 0 0 0 0 0 0 0 0 0 3 0 41771 41773 0 0 127 0 0 22 33922257 0 0 0 0 0 0 14665190 713 0 0 
0 0 0 0 0 0 0 0 0 0 0 0 0 0 0 0 0 0 0 0 0 0 0 3 41776 0 0 7 0 0 128 22 0 7052856 15721070 11146591 0 0 0 14666873 0 0 713 0 
0 0 0 0 0 0 0 0 0 0 0 0 0 0 0 0 0 0 0 0 0 0 0 3 0 41795 41797 0 0 127 0 0 22 33965758 0 0 0 0 0 0 14686413 713 0 0 
0 0 0 0 0 0 0 0 0 0 0 0 0 0 0 0 0 0 0 0 0 0 0 3 41800 0 0 7 0 0 128 22 0 7061612 15742135 11160263 0 0 0 14688096 0 0 713 0 
0 0 0 0 0 0 0 0 0 0 0 0 0 0 0 0 0 0 0 0 0 0 0 3 0 41834 41833 0 0 127 0 0 22 33988917 0 0 0 0 0 0 14703279 713 0 0 
0 0 0 0 0 0 0 0 0 0 0 0 0 0 0 0 0 0 0 0 0 0 0 3 41836 0 0 7 0 0 128 22 0 7062800 15759215 11165154 0 0 0 14704962 0 0 713 0 
0 0 0 0 0 0 0 0 0 0 0 0 0 0 0 0 0 0 0 0 0 0 0 3 0 41887 41889 0 0 127 0 0 22 34033849 0 0 0 0 0 0 14724103 713 0 0 
0 0 0 0 0 0 0 0 0 0 0 0 0 0 0 0 0 0 0 0 0 0 0 3 41892 0 0 7 0 0 128 22 0 7072723 15780106 11179271 0 0 0 14725791 0 0 713 0 
0 0 0 0 0 0 0 0 0 0 0 0 0 0 0 0 0 0 0 0 0 0 0 3 0 41895 41897 0 0 127 0 0 22 34060688 0 0 0 0 0 0 14741347 713 0 0 
0 0 0 0 0 0 0 0 0 0 0 0 0 0 0 0 0 0 0 0 0 0 0 3 41900 0 0 7 0 0 128 22 0 7078017 15796310 11184613 0 0 0 14743034 0 0 713 0 
0 0 0 0 0 0 0 0 0 0 0 0 0 0 0 0 0 0 0 0 0 0 0 3 0 41950 41949 0 0 127 0 0 22 34096900 0 0 0 0 0 0 14757558 713 0 0 
0 0 0 0 0 0 0 0 0 0 0 0 0 0 0 0 0 0 0 0 0 0 0 3 41952 0 0 7 0 0 128 22 0 7082668 15813617 11198864 0 0 0 14759246 0 0 713 0 
0 0 0 0 0 0 0 0 0 0 0 0 0 0 0 0 0 0 0 0 0 0 0 3 0 41955 41957 0 0 127 0 0 22 34130506 0 0 0 0 0 0 14776186 713 0 0 
0 0 0 0 0 0 0 0 0 0 0 0 0 0 0 0 0 0 0 0 0 0 0 3 41960 0 0 7 0 0 128 22 0 7088612 15833200 11206945 0 0 0 14777874 0 0 713 0 
0 0 0 0 0 0 0 0 0 0 0 0 0 0 0 0 0 0 0 0 0 0 0 3 0 42011 42013 0 0 127 0 0 22 34162318 0 0 0 0 0 0 14793199 713 0 0 
0 0 0 0 0 0 0 0 0 0 0 0 0 0 0 0 0 0 0 0 0 0 0 3 42016 0 0 7 0 0 128 22 0 7092611 15849320 11218633 0 0 0 14794891 0 0 713 0 
0 0 0 0 0 0 0 0 0 0 0 0 0 0 0 0 0 0 0 0 0 0 0 3 0 42035 42037 0 0 127 0 0 22 34202845 0 0 0 0 0 0 14811352 713 0 0 
0 0 0 0 0 0 0 0 0 0 0 0 0 0 0 0 0 0 0 0 0 0 0 3 42040 0 0 7 0 0 128 22 0 7101364 15867317 11232400 0 0 0 14813043 0 0 713 0 
0 0 0 0 0 0 0 0 0 0 0 0 0 0 0 0 0 0 0 0 0 0 0 3 0 42071 42073 0 0 127 0 0 22 34225042 0 0 0 0 0 0 14824556 713 0 0 
0 0 0 0 0 0 0 0 0 0 0 0 0 0 0 0 0 0 0 0 0 0 0 3 42076 0 0 7 0 0 128 22 0 7102548 15880740 11239989 0 0 0 14826247 0 0 713 0 
0 0 0 0 0 0 0 0 0 0 0 0 0 0 0 0 0 0 0 0 0 0 0 3 0 42127 42129 0 0 127 0 0 22 34265794 0 0 0 0 0 0 14841693 713 0 0 
0 0 0 0 0 0 0 0 0 0 0 0 0 0 0 0 0 0 0 0 0 0 0 3 42132 0 0 7 0 0 128 22 0 7112513 15897941 11253573 0 0 0 14843387 0 0 713 0 
0 0 0 0 0 0 0 0 0 0 0 0 0 0 0 0 0 0 0 0 0 0 0 3 0 42135 42137 0 0 127 0 0 22 34292386 0 0 0 0 0 0 14857216 713 0 0 
0 0 0 0 0 0 0 0 0 0 0 0 0 0 0 0 0 0 0 0 0 0 0 3 42140 0 0 7 0 0 128 22 0 7118119 15912240 11260263 0 0 0 14858911 0 0 713 0 
0 0 0 0 0 0 0 0 0 0 0 0 0 0 0 0 0 0 0 0 0 0 0 3 0 42190 42189 0 0 127 0 0 22 34327207 0 0 0 0 0 0 14873875 713 0 0 
0 0 0 0 0 0 0 0 0 0 0 0 0 0 0 0 0 0 0 0 0 0 0 3 42192 0 0 7 0 0 128 22 0 7122458 15930181 11272807 0 0 0 14875570 0 0 713 0 
0 0 0 0 0 0 0 0 0 0 0 0 0 0 0 0 0 0 0 0 0 0 0 3 0 42198 42197 0 0 127 0 0 22 34362686 0 0 0 0 0 0 14892919 713 0 0 
0 0 0 0 0 0 0 0 0 0 0 0 0 0 0 0 0 0 0 0 0 0 0 3 42200 0 0 7 0 0 128 22 0 7128407 15952211 11280306 0 0 0 14894615 0 0 713 0 
0 0 0 0 0 0 0 0 0 0 0 0 0 0 0 0 0 0 0 0 0 0 0 3 0 42251 42253 0 0 127 0 0 22 34394285 0 0 0 0 0 0 14911777 713 0 0 
0 0 0 0 0 0 0 0 0 0 0 0 0 0 0 0 0 0 0 0 0 0 0 3 42256 0 0 7 0 0 128 22 0 7132400 15968146 11291976 0 0 0 14913477 0 0 713 0 
0 0 0 0 0 0 0 0 0 0 0 0 0 0 0 0 0 0 0 0 0 0 0 3 0 42307 42309 0 0 127 0 0 22 34434165 0 0 0 0 0 0 14928108 713 0 0 
0 0 0 0 0 0 0 0 0 0 0 0 0 0 0 0 0 0 0 0 0 0 0 3 42312 0 0 7 0 0 128 22 0 7142328 15984542 11305515 0 0 0 14929811 0 0 713 0 
0 0 0 0 0 0 0 0 0 0 0 0 0 0 0 0 0 0 0 0 0 0 0 3 0 42315 42317 0 0 127 0 0 22 34454066 0 0 0 0 0 0 14941384 713 0 0 
0 0 0 0 0 0 0 0 0 0 0 0 0 0 0 0 0 0 0 0 0 0 0 3 42320 0 0 7 0 0 128 22 0 7144097 15998026 11310166 0 0 0 14943087 0 0 713 0 
0 0 0 0 0 0 0 0 0 0 0 0 0 0 0 0 0 0 0 0 0 0 0 3 0 42367 42369 0 0 127 0 0 22 34496671 0 0 0 0 0 0 14961373 713 0 0 
0 0 0 0 0 0 0 0 0 0 0 0 0 0 0 0 0 0 0 0 0 0 0 3 42372 0 0 7 0 0 128 22 0 7152268 16017868 11324760 0 0 0 14963074 0 0 713 0 
0 0 0 0 0 0 0 0 0 0 0 0 0 0 0 0 0 0 0 0 0 0 0 3 0 42375 42377 0 0 127 0 0 22 34524457 0 0 0 0 0 0 14975833 713 0 0 
0 0 0 0 0 0 0 0 0 0 0 0 0 0 0 0 0 0 0 0 0 0 0 3 42380 0 0 7 0 0 128 22 0 7158218 16032949 11331518 0 0 0 14977536 0 0 713 0 
0 0 0 0 0 0 0 0 0 0 0 0 0 0 0 0 0 0 0 0 0 0 0 3 0 42431 42433 0 0 127 0 0 22 34557388 0 0 0 0 0 0 14992899 713 0 0 
0 0 0 0 0 0 0 0 0 0 0 0 0 0 0 0 0 0 0 0 0 0 0 3 42436 0 0 7 0 0 128 22 0 7162217 16049453 11343941 0 0 0 14994604 0 0 713 0 
0 0 0 0 0 0 0 0 0 0 0 0 0 0 0 0 0 0 0 0 0 0 0 3 0 42473 42473 0 0 127 0 0 22 34599303 0 0 0 0 0 0 15011989 713 0 0 
0 0 0 0 0 0 0 0 0 0 0 0 0 0 0 0 0 0 0 0 0 0 0 3 42475 0 0 7 0 0 128 22 0 7171728 16068505 11357290 0 0 0 15013695 0 0 713 0 
0 0 0 0 0 0 0 0 0 0 0 0 0 0 0 0 0 0 0 0 0 0 0 3 0 42495 42497 0 0 127 0 0 22 34625175 0 0 0 0 0 0 15028232 713 0 0 
0 0 0 0 0 0 0 0 0 0 0 0 0 0 0 0 0 0 0 0 0 0 0 3 42499 0 0 7 0 0 128 22 0 7175646 16084536 11363215 0 0 0 15029938 0 0 713 0 
0 0 0 0 0 0 0 0 0 0 0 0 0 0 0 0 0 0 0 0 0 0 0 3 0 42547 42549 0 0 127 0 0 22 34662069 0 0 0 0 0 0 15044367 713 0 0 
0 0 0 0 0 0 0 0 0 0 0 0 0 0 0 0 0 0 0 0 0 0 0 3 42550 0 0 7 0 0 128 22 0 7182084 16101044 11377168 0 0 0 15046075 0 0 713 0 
0 0 0 0 0 0 0 0 0 0 0 0 0 0 0 0 0 0 0 0 0 0 0 3 0 42558 42557 0 0 127 0 0 22 34692446 0 0 0 0 0 0 15057882 713 0 0 
0 0 0 0 0 0 0 0 0 0 0 0 0 0 0 0 0 0 0 0 0 0 0 3 42558 0 0 7 0 0 128 22 0 7188040 16117536 11385098 0 0 0 15059591 0 0 713 0 
0 0 0 0 0 0 0 0 0 0 0 0 0 0 0 0 0 0 0 0 0 0 0 3 0 42611 42613 0 0 127 0 0 22 34719968 0 0 0 0 0 0 15072204 713 0 0 
0 0 0 0 0 0 0 0 0 0 0 0 0 0 0 0 0 0 0 0 0 0 0 3 42614 0 0 7 0 0 128 22 0 7192033 16128941 11397218 0 0 0 15073917 0 0 713 0 
0 0 0 0 0 0 0 0 0 0 0 0 0 0 0 0 0 0 0 0 0 0 0 3 0 42667 42669 0 0 127 0 0 22 34761358 0 0 0 0 0 0 15090397 713 0 0 
0 0 0 0 0 0 0 0 0 0 0 0 0 0 0 0 0 0 0 0 0 0 0 3 42670 0 0 7 0 0 128 22 0 7201961 16147199 11410422 0 0 0 15092117 0 0 713 0 
0 0 0 0 0 0 0 0 0 0 0 0 0 0 0 0 0 0 0 0 0 0 0 3 0 42675 42677 0 0 127 0 0 22 34784302 0 0 0 0 0 0 15104021 713 0 0 
0 0 0 0 0 0 0 0 0 0 0 0 0 0 0 0 0 0 0 0 0 0 0 3 42678 0 0 7 0 0 128 22 0 7205959 16160321 11416246 0 0 0 15105742 0 0 713 0 
0 0 0 0 0 0 0 0 0 0 0 0 0 0 0 0 0 0 0 0 0 0 0 3 0 42730 42729 0 0 127 0 0 22 34820985 0 0 0 0 0 0 15120438 713 0 0 
0 0 0 0 0 0 0 0 0 0 0 0 0 0 0 0 0 0 0 0 0 0 0 3 42730 0 0 7 0 0 128 22 0 7211905 16177299 11430000 0 0 0 15122160 0 0 713 0 
0 0 0 0 0 0 0 0 0 0 0 0 0 0 0 0 0 0 0 0 0 0 0 3 0 42738 42737 0 0 127 0 0 22 34851931 0 0 0 0 0 0 15134288 713 0 0 
0 0 0 0 0 0 0 0 0 0 0 0 0 0 0 0 0 0 0 0 0 0 0 3 42738 0 0 7 0 0 128 22 0 7217855 16194374 11437922 0 0 0 15136011 0 0 713 0 
0 0 0 0 0 0 0 0 0 0 0 0 0 0 0 0 0 0 0 0 0 0 0 3 0 42794 42793 0 0 127 0 0 22 34879115 0 0 0 0 0 0 15148860 713 0 0 
0 0 0 0 0 0 0 0 0 0 0 0 0 0 0 0 0 0 0 0 0 0 0 3 42794 0 0 7 0 0 128 22 0 7221854 16205779 11449692 0 0 0 15150585 0 0 713 0 
0 0 0 0 0 0 0 0 0 0 0 0 0 0 0 0 0 0 0 0 0 0 0 3 0 42847 42849 0 0 127 0 0 22 34924053 0 0 0 0 0 0 15168581 713 0 0 
0 0 0 0 0 0 0 0 0 0 0 0 0 0 0 0 0 0 0 0 0 0 0 3 42850 0 0 7 0 0 128 22 0 7231777 16225567 11464918 0 0 0 15170311 0 0 713 0 
0 0 0 0 0 0 0 0 0 0 0 0 0 0 0 0 0 0 0 0 0 0 0 3 0 42855 42857 0 0 127 0 0 22 34951328 0 0 0 0 0 0 15183808 713 0 0 
0 0 0 0 0 0 0 0 0 0 0 0 0 0 0 0 0 0 0 0 0 0 0 3 42858 0 0 7 0 0 128 22 0 7237648 16240085 11471803 0 0 0 15185537 0 0 713 0 
0 0 0 0 0 0 0 0 0 0 0 0 0 0 0 0 0 0 0 0 0 0 0 3 0 42911 42913 0 0 127 0 0 22 34984407 0 0 0 0 0 0 15198730 713 0 0 
0 0 0 0 0 0 0 0 0 0 0 0 0 0 0 0 0 0 0 0 0 0 0 3 42914 0 0 7 0 0 128 22 0 7241724 16255775 11485112 0 0 0 15200461 0 0 713 0 
0 0 0 0 0 0 0 0 0 0 0 0 0 0 0 0 0 0 0 0 0 0 0 3 0 42918 42917 0 0 127 0 0 22 35015770 0 0 0 0 0 0 15212545 713 0 0 
0 0 0 0 0 0 0 0 0 0 0 0 0 0 0 0 0 0 0 0 0 0 0 3 42918 0 0 7 0 0 128 22 0 7247672 16272894 11493410 0 0 0 15214277 0 0 713 0 
0 0 0 0 0 0 0 0 0 0 0 0 0 0 0 0 0 0 0 0 0 0 0 3 0 42975 42977 0 0 127 0 0 22 35043416 0 0 0 0 0 0 15225833 713 0 0 
0 0 0 0 0 0 0 0 0 0 0 0 0 0 0 0 0 0 0 0 0 0 0 3 42978 0 0 7 0 0 128 22 0 7252413 16283445 11505761 0 0 0 15227572 0 0 713 0 
0 0 0 0 0 0 0 0 0 0 0 0 0 0 0 0 0 0 0 0 0 0 0 3 0 43027 43029 0 0 127 0 0 22 35087052 0 0 0 0 0 0 15246200 713 0 0 
0 0 0 0 0 0 0 0 0 0 0 0 0 0 0 0 0 0 0 0 0 0 0 3 43030 0 0 7 0 0 128 22 0 7261595 16303370 11520289 0 0 0 15247940 0 0 713 0 
0 0 0 0 0 0 0 0 0 0 0 0 0 0 0 0 0 0 0 0 0 0 0 3 0 43035 43037 0 0 127 0 0 22 35113536 0 0 0 0 0 0 15260343 713 0 0 
0 0 0 0 0 0 0 0 0 0 0 0 0 0 0 0 0 0 0 0 0 0 0 3 43038 0 0 7 0 0 128 22 0 7267545 16316503 11527691 0 0 0 15262083 0 0 713 0 
0 0 0 0 0 0 0 0 0 0 0 0 0 0 0 0 0 0 0 0 0 0 0 3 0 43091 43093 0 0 127 0 0 22 35147861 0 0 0 0 0 0 15276423 713 0 0 
0 0 0 0 0 0 0 0 0 0 0 0 0 0 0 0 0 0 0 0 0 0 0 3 43094 0 0 7 0 0 128 22 0 7271543 16333650 11540865 0 0 0 15278163 0 0 713 0 
0 0 0 0 0 0 0 0 0 0 0 0 0 0 0 0 0 0 0 0 0 0 0 3 0 43145 43145 0 0 127 0 0 22 35189361 0 0 0 0 0 0 15293921 713 0 0 
0 0 0 0 0 0 0 0 0 0 0 0 0 0 0 0 0 0 0 0 0 0 0 3 43146 0 0 7 0 0 128 22 0 7281471 16351156 11554918 0 0 0 15295665 0 0 713 0 
0 0 0 0 0 0 0 0 0 0 0 0 0 0 0 0 0 0 0 0 0 0 0 3 0 43155 43157 0 0 127 0 0 22 35214635 0 0 0 0 0 0 15307871 713 0 0 
0 0 0 0 0 0 0 0 0 0 0 0 0 0 0 0 0 0 0 0 0 0 0 3 43158 0 0 7 0 0 128 22 0 7286923 16364216 11561683 0 0 0 15309616 0 0 713 0 
0 0 0 0 0 0 0 0 0 0 0 0 0 0 0 0 0 0 0 0 0 0 0 3 0 43210 43209 0 0 127 0 0 22 35247658 0 0 0 0 0 0 15322214 713 0 0 
0 0 0 0 0 0 0 0 0 0 0 0 0 0 0 0 0 0 0 0 0 0 0 3 43210 0 0 7 0 0 128 22 0 7291418 16379564 11574864 0 0 0 15323961 0 0 713 0 
0 0 0 0 0 0 0 0 0 0 0 0 0 0 0 0 0 0 0 0 0 0 0 3 0 43217 43217 0 0 127 0 0 22 35277819 0 0 0 0 0 0 15335756 713 0 0 
0 0 0 0 0 0 0 0 0 0 0 0 0 0 0 0 0 0 0 0 0 0 0 3 43218 0 0 7 0 0 128 22 0 7297366 16395826 11582815 0 0 0 15337504 0 0 713 0 
0 0 0 0 0 0 0 0 0 0 0 0 0 0 0 0 0 0 0 0 0 0 0 3 0 43271 43273 0 0 127 0 0 22 35307932 0 0 0 0 0 0 15352449 713 0 0 
0 0 0 0 0 0 0 0 0 0 0 0 0 0 0 0 0 0 0 0 0 0 0 3 43273 0 0 7 0 0 128 22 0 7301361 16409861 11594900 0 0 0 15354200 0 0 713 0 
0 0 0 0 0 0 0 0 0 0 0 0 0 0 0 0 0 0 0 0 0 0 0 3 0 43327 43329 0 0 127 0 0 22 35350265 0 0 0 0 0 0 15370644 713 0 0 
0 0 0 0 0 0 0 0 0 0 0 0 0 0 0 0 0 0 0 0 0 0 0 3 43329 0 0 7 0 0 128 22 0 7311288 16428120 11609043 0 0 0 15372399 0 0 713 0 
0 0 0 0 0 0 0 0 0 0 0 0 0 0 0 0 0 0 0 0 0 0 0 3 0 43335 43337 0 0 127 0 0 22 35376989 0 0 0 0 0 0 15385653 713 0 0 
0 0 0 0 0 0 0 0 0 0 0 0 0 0 0 0 0 0 0 0 0 0 0 3 43337 0 0 7 0 0 128 22 0 7317230 16441970 11615975 0 0 0 15387409 0 0 713 0 
0 0 0 0 0 0 0 0 0 0 0 0 0 0 0 0 0 0 0 0 0 0 0 3 0 43391 43393 0 0 127 0 0 22 35408662 0 0 0 0 0 0 15400132 713 0 0 
0 0 0 0 0 0 0 0 0 0 0 0 0 0 0 0 0 0 0 0 0 0 0 3 43393 0 0 7 0 0 128 22 0 7321235 16457667 11627943 0 0 0 15401889 0 0 713 0 
0 0 0 0 0 0 0 0 0 0 0 0 0 0 0 0 0 0 0 0 0 0 0 3 0 43407 43409 0 0 127 0 0 22 35451990 0 0 0 0 0 0 15420669 713 0 0 
0 0 0 0 0 0 0 0 0 0 0 0 0 0 0 0 0 0 0 0 0 0 0 3 43409 0 0 7 0 0 128 22 0 7329763 16479179 11641229 0 0 0 15422431 0 0 713 0 
0 0 0 0 0 0 0 0 0 0 0 0 0 0 0 0 0 0 0 0 0 0 0 3 0 43455 43457 0 0 127 0 0 22 35473327 0 0 0 0 0 0 15432751 713 0 0 
0 0 0 0 0 0 0 0 0 0 0 0 0 0 0 0 0 0 0 0 0 0 0 3 43457 0 0 7 0 0 128 22 0 7333112 16490558 11647838 0 0 0 15434511 0 0 713 0 
0 0 0 0 0 0 0 0 0 0 0 0 0 0 0 0 0 0 0 0 0 0 0 3 0 43507 43509 0 0 127 0 0 22 35517096 0 0 0 0 0 0 15454925 713 0 0 
0 0 0 0 0 0 0 0 0 0 0 0 0 0 0 0 0 0 0 0 0 0 0 3 43509 0 0 7 0 0 128 22 0 7341105 16512585 11661579 0 0 0 15456691 0 0 713 0 
0 0 0 0 0 0 0 0 0 0 0 0 0 0 0 0 0 0 0 0 0 0 0 3 0 43515 43517 0 0 127 0 0 22 35545781 0 0 0 0 0 0 15470942 713 0 0 
0 0 0 0 0 0 0 0 0 0 0 0 0 0 0 0 0 0 0 0 0 0 0 3 43517 0 0 7 0 0 128 22 0 7347055 16528781 11668118 0 0 0 15472707 0 0 713 0 
0 0 0 0 0 0 0 0 0 0 0 0 0 0 0 0 0 0 0 0 0 0 0 3 0 43571 43573 0 0 127 0 0 22 35579746 0 0 0 0 0 0 15489077 713 0 0 
0 0 0 0 0 0 0 0 0 0 0 0 0 0 0 0 0 0 0 0 0 0 0 3 43573 0 0 7 0 0 128 22 0 7351052 16546801 11680073 0 0 0 15490849 0 0 713 0 
0 0 0 0 0 0 0 0 0 0 0 0 0 0 0 0 0 0 0 0 0 0 0 3 0 43611 43613 0 0 127 0 0 22 35620824 0 0 0 0 0 0 15507315 713 0 0 
0 0 0 0 0 0 0 0 0 0 0 0 0 0 0 0 0 0 0 0 0 0 0 3 43613 0 0 7 0 0 128 22 0 7360090 16565211 11693693 0 0 0 15509096 0 0 713 0 
0 0 0 0 0 0 0 0 0 0 0 0 0 0 0 0 0 0 0 0 0 0 0 3 0 43634 43633 0 0 127 0 0 22 35638842 0 0 0 0 0 0 15519919 713 0 0 
0 0 0 0 0 0 0 0 0 0 0 0 0 0 0 0 0 0 0 0 0 0 0 3 43633 0 0 7 0 0 128 22 0 7361031 16577706 11698275 0 0 0 15521699 0 0 713 0 
0 0 0 0 0 0 0 0 0 0 0 0 0 0 0 0 0 0 0 0 0 0 0 3 0 43687 43689 0 0 127 0 0 22 35683791 0 0 0 0 0 0 15539721 713 0 0 
0 0 0 0 0 0 0 0 0 0 0 0 0 0 0 0 0 0 0 0 0 0 0 3 43688 0 0 7 0 0 128 22 0 7370954 16597576 11713431 0 0 0 15541506 0 0 713 0 
0 0 0 0 0 0 0 0 0 0 0 0 0 0 0 0 0 0 0 0 0 0 0 3 0 43695 43697 0 0 127 0 0 22 35712831 0 0 0 0 0 0 15555056 713 0 0 
0 0 0 0 0 0 0 0 0 0 0 0 0 0 0 0 0 0 0 0 0 0 0 3 43696 0 0 7 0 0 128 22 0 7376903 16613918 11720180 0 0 0 15556842 0 0 713 0 
0 0 0 0 0 0 0 0 0 0 0 0 0 0 0 0 0 0 0 0 0 0 0 3 0 43751 43752 0 0 127 0 0 22 35746087 0 0 0 0 0 0 15572717 713 0 0 
0 0 0 0 0 0 0 0 0 0 0 0 0 0 0 0 0 0 0 0 0 0 0 3 43752 0 0 7 0 0 128 22 0 7380902 16630634 11732717 0 0 0 15574508 0 0 713 0 
0 0 0 0 0 0 0 0 0 0 0 0 0 0 0 0 0 0 0 0 0 0 0 3 0 43783 43780 0 0 127 0 0 22 35783548 0 0 0 0 0 0 15588489 713 0 0 
0 0 0 0 0 0 0 0 0 0 0 0 0 0 0 0 0 0 0 0 0 0 0 3 43784 0 0 7 0 0 128 22 0 7389897 16646252 11745548 0 0 0 15590285 0 0 713 0 
0 0 0 0 0 0 0 0 0 0 0 0 0 0 0 0 0 0 0 0 0 0 0 3 0 43815 43816 0 0 127 0 0 22 35808236 0 0 0 0 0 0 15601130 713 0 0 
0 0 0 0 0 0 0 0 0 0 0 0 0 0 0 0 0 0 0 0 0 0 0 3 43816 0 0 7 0 0 128 22 0 7394385 16658860 11753142 0 0 0 15602926 0 0 713 0 
0 0 0 0 0 0 0 0 0 0 0 0 0 0 0 0 0 0 0 0 0 0 0 3 0 43867 43868 0 0 127 0 0 22 35845940 0 0 0 0 0 0 15618244 713 0 0 
0 0 0 0 0 0 0 0 0 0 0 0 0 0 0 0 0 0 0 0 0 0 0 3 43868 0 0 7 0 0 128 22 0 7400767 16676286 11767035 0 0 0 15620042 0 0 713 0 
0 0 0 0 0 0 0 0 0 0 0 0 0 0 0 0 0 0 0 0 0 0 0 3 0 43875 43876 0 0 127 0 0 22 35873690 0 0 0 0 0 0 15630647 713 0 0 
0 0 0 0 0 0 0 0 0 0 0 0 0 0 0 0 0 0 0 0 0 0 0 3 43876 0 0 7 0 0 128 22 0 7406717 16690504 11774617 0 0 0 15632445 0 0 713 0 
0 0 0 0 0 0 0 0 0 0 0 0 0 0 0 0 0 0 0 0 0 0 0 3 0 43931 43932 0 0 127 0 0 22 35903356 0 0 0 0 0 0 15645329 713 0 0 
0 0 0 0 0 0 0 0 0 0 0 0 0 0 0 0 0 0 0 0 0 0 0 3 43932 0 0 7 0 0 128 22 0 7410715 16703430 11787359 0 0 0 15647131 0 0 713 0 
0 0 0 0 0 0 0 0 0 0 0 0 0 0 0 0 0 0 0 0 0 0 0 3 0 43987 43988 0 0 127 0 0 22 35944163 0 0 0 0 0 0 15662598 713 0 0 
0 0 0 0 0 0 0 0 0 0 0 0 0 0 0 0 0 0 0 0 0 0 0 3 43988 0 0 7 0 0 128 22 0 7420644 16720763 11800904 0 0 0 15664407 0 0 713 0 
0 0 0 0 0 0 0 0 0 0 0 0 0 0 0 0 0 0 0 0 0 0 0 3 0 43995 43996 0 0 127 0 0 22 35970123 0 0 0 0 0 0 15677039 713 0 0 
0 0 0 0 0 0 0 0 0 0 0 0 0 0 0 0 0 0 0 0 0 0 0 3 43996 0 0 7 0 0 128 22 0 7426219 16734220 11807834 0 0 0 15678847 0 0 713 0 
0 0 0 0 0 0 0 0 0 0 0 0 0 0 0 0 0 0 0 0 0 0 0 3 0 44047 44048 0 0 127 0 0 22 36005962 0 0 0 0 0 0 15693789 713 0 0 
0 0 0 0 0 0 0 0 0 0 0 0 0 0 0 0 0 0 0 0 0 0 0 3 44048 0 0 7 0 0 128 22 0 7430583 16752014 11821511 0 0 0 15695600 0 0 713 0 
0 0 0 0 0 0 0 0 0 0 0 0 0 0 0 0 0 0 0 0 0 0 0 3 0 44055 44056 0 0 127 0 0 22 36032326 0 0 0 0 0 0 15708634 713 0 0 
0 0 0 0 0 0 0 0 0 0 0 0 0 0 0 0 0 0 0 0 0 0 0 3 44056 0 0 7 0 0 128 22 0 7436533 16766397 11827544 0 0 0 15710445 0 0 713 0 
0 0 0 0 0 0 0 0 0 0 0 0 0 0 0 0 0 0 0 0 0 0 0 3 0 44111 44112 0 0 127 0 0 22 36064227 0 0 0 0 0 0 15722495 713 0 0 
0 0 0 0 0 0 0 0 0 0 0 0 0 0 0 0 0 0 0 0 0 0 0 3 44112 0 0 7 0 0 128 22 0 7440532 16780774 11841063 0 0 0 15724306 0 0 713 0 
0 0 0 0 0 0 0 0 0 0 0 0 0 0 0 0 0 0 0 0 0 0 0 3 0 44167 44168 0 0 127 0 0 22 36105290 0 0 0 0 0 0 15740161 713 0 0 
0 0 0 0 0 0 0 0 0 0 0 0 0 0 0 0 0 0 0 0 0 0 0 3 44167 0 0 7 0 0 128 22 0 7450461 16798501 11854473 0 0 0 15741972 0 0 713 0 
0 0 0 0 0 0 0 0 0 0 0 0 0 0 0 0 0 0 0 0 0 0 0 3 0 44175 44176 0 0 127 0 0 22 36123173 0 0 0 0 0 0 15750071 713 0 0 
0 0 0 0 0 0 0 0 0 0 0 0 0 0 0 0 0 0 0 0 0 0 0 3 44175 0 0 7 0 0 128 22 0 7453027 16808387 11859908 0 0 0 15751882 0 0 713 0 
0 0 0 0 0 0 0 0 0 0 0 0 0 0 0 0 0 0 0 0 0 0 0 3 0 44227 44228 0 0 127 0 0 22 36163064 0 0 0 0 0 0 15768624 713 0 0 
0 0 0 0 0 0 0 0 0 0 0 0 0 0 0 0 0 0 0 0 0 0 0 3 44227 0 0 7 0 0 128 22 0 7460400 16827023 11873788 0 0 0 15770434 0 0 713 0 
0 0 0 0 0 0 0 0 0 0 0 0 0 0 0 0 0 0 0 0 0 0 0 3 0 44235 44236 0 0 127 0 0 22 36193357 0 0 0 0 0 0 15783091 713 0 0 
0 0 0 0 0 0 0 0 0 0 0 0 0 0 0 0 0 0 0 0 0 0 0 3 44235 0 0 7 0 0 128 22 0 7466350 16843874 11881281 0 0 0 15784903 0 0 713 0 
0 0 0 0 0 0 0 0 0 0 0 0 0 0 0 0 0 0 0 0 0 0 0 3 0 44291 44292 0 0 127 0 0 22 36222761 0 0 0 0 0 0 15798685 713 0 0 
0 0 0 0 0 0 0 0 0 0 0 0 0 0 0 0 0 0 0 0 0 0 0 3 44291 0 0 7 0 0 128 22 0 7470349 16857145 11893405 0 0 0 15800499 0 0 713 0 
0 0 0 0 0 0 0 0 0 0 0 0 0 0 0 0 0 0 0 0 0 0 0 3 0 44347 44348 0 0 127 0 0 22 36264920 0 0 0 0 0 0 15816538 713 0 0 
0 0 0 0 0 0 0 0 0 0 0 0 0 0 0 0 0 0 0 0 0 0 0 3 44347 0 0 7 0 0 128 22 0 7480277 16875061 11907719 0 0 0 15818355 0 0 713 0 
0 0 0 0 0 0 0 0 0 0 0 0 0 0 0 0 0 0 0 0 0 0 0 3 0 44355 44356 0 0 127 0 0 22 36291809 0 0 0 0 0 0 15833379 713 0 0 
0 0 0 0 0 0 0 0 0 0 0 0 0 0 0 0 0 0 0 0 0 0 0 3 44355 0 0 7 0 0 128 22 0 7485827 16890797 11913322 0 0 0 15835196 0 0 713 0 
0 0 0 0 0 0 0 0 0 0 0 0 0 0 0 0 0 0 0 0 0 0 0 3 0 44407 44408 0 0 127 0 0 22 36325940 0 0 0 0 0 0 15849327 713 0 0 
0 0 0 0 0 0 0 0 0 0 0 0 0 0 0 0 0 0 0 0 0 0 0 3 44407 0 0 7 0 0 128 22 0 7490215 16907912 11925943 0 0 0 15851148 0 0 713 0 
0 0 0 0 0 0 0 0 0 0 0 0 0 0 0 0 0 0 0 0 0 0 0 3 0 44415 44416 0 0 127 0 0 22 36358406 0 0 0 0 0 0 15868309 713 0 0 
0 0 0 0 0 0 0 0 0 0 0 0 0 0 0 0 0 0 0 0 0 0 0 3 44415 0 0 7 0 0 128 22 0 7496165 16927818 11932553 0 0 0 15870130 0 0 713 0 
0 0 0 0 0 0 0 0 0 0 0 0 0 0 0 0 0 0 0 0 0 0 0 3 0 44471 44472 0 0 127 0 0 22 36391651 0 0 0 0 0 0 15886429 713 0 0 
0 0 0 0 0 0 0 0 0 0 0 0 0 0 0 0 0 0 0 0 0 0 0 3 44471 0 0 7 0 0 128 22 0 7500165 16945078 11944541 0 0 0 15888258 0 0 713 0 
0 0 0 0 0 0 0 0 0 0 0 0 0 0 0 0 0 0 0 0 0 0 0 3 0 44525 44524 0 0 127 0 0 22 36434659 0 0 0 0 0 0 15904798 713 0 0 
0 0 0 0 0 0 0 0 0 0 0 0 0 0 0 0 0 0 0 0 0 0 0 3 44523 0 0 7 0 0 128 22 0 7510253 16963500 11959034 0 0 0 15906627 0 0 713 0 
0 0 0 0 0 0 0 0 0 0 0 0 0 0 0 0 0 0 0 0 0 0 0 3 0 44535 44536 0 0 127 0 0 22 36459939 0 0 0 0 0 0 15918832 713 0 0 
0 0 0 0 0 0 0 0 0 0 0 0 0 0 0 0 0 0 0 0 0 0 0 3 44535 0 0 7 0 0 128 22 0 7515398 16976640 11966030 0 0 0 15920661 0 0 713 0 
0 0 0 0 0 0 0 0 0 0 0 0 0 0 0 0 0 0 0 0 0 0 0 3 0 44589 44588 0 0 127 0 0 22 36495435 0 0 0 0 0 0 15935520 713 0 0 
0 0 0 0 0 0 0 0 0 0 0 0 0 0 0 0 0 0 0 0 0 0 0 3 44587 0 0 7 0 0 128 22 0 7520198 16994286 11979073 0 0 0 15937350 0 0 713 0 
0 0 0 0 0 0 0 0 0 0 0 0 0 0 0 0 0 0 0 0 0 0 0 3 0 44595 44596 0 0 127 0 0 22 36527194 0 0 0 0 0 0 15955639 713 0 0 
0 0 0 0 0 0 0 0 0 0 0 0 0 0 0 0 0 0 0 0 0 0 0 3 44595 0 0 7 0 0 128 22 0 7526159 17013515 11985642 0 0 0 15957469 0 0 713 0 
0 0 0 0 0 0 0 0 0 0 0 0 0 0 0 0 0 0 0 0 0 0 0 3 0 44651 44652 0 0 127 0 0 22 36561189 0 0 0 0 0 0 15971991 713 0 0 
0 0 0 0 0 0 0 0 0 0 0 0 0 0 0 0 0 0 0 0 0 0 0 3 44651 0 0 7 0 0 128 22 0 7530166 17030820 11998325 0 0 0 15973826 0 0 713 0 
0 0 0 0 0 0 0 0 0 0 0 0 0 0 0 0 0 0 0 0 0 0 0 3 0 44679 44680 0 0 127 0 0 22 36603535 0 0 0 0 0 0 15992444 713 0 0 
0 0 0 0 0 0 0 0 0 0 0 0 0 0 0 0 0 0 0 0 0 0 0 3 44679 0 0 7 0 0 128 22 0 7538932 17051122 12011603 0 0 0 15994281 0 0 713 0 
0 0 0 0 0 0 0 0 0 0 0 0 0 0 0 0 0 0 0 0 0 0 0 3 0 44715 44716 0 0 127 0 0 22 36628319 0 0 0 0 0 0 16005592 713 0 0 
0 0 0 0 0 0 0 0 0 0 0 0 0 0 0 0 0 0 0 0 0 0 0 3 44715 0 0 7 0 0 128 22 0 7544448 17063815 12018179 0 0 0 16007430 0 0 713 0 
0 0 0 0 0 0 0 0 0 0 0 0 0 0 0 0 0 0 0 0 0 0 0 3 0 44767 44768 0 0 127 0 0 22 36667837 0 0 0 0 0 0 16025622 713 0 0 
0 0 0 0 0 0 0 0 0 0 0 0 0 0 0 0 0 0 0 0 0 0 0 3 44767 0 0 7 0 0 128 22 0 7550034 17084578 12031347 0 0 0 16027460 0 0 713 0 
0 0 0 0 0 0 0 0 0 0 0 0 0 0 0 0 0 0 0 0 0 0 0 3 0 44775 44776 0 0 127 0 0 22 36700552 0 0 0 0 0 0 16047793 713 0 0 
0 0 0 0 0 0 0 0 0 0 0 0 0 0 0 0 0 0 0 0 0 0 0 3 44775 0 0 7 0 0 128 22 0 7555875 17105911 12036890 0 0 0 16049632 0 0 713 0 
0 0 0 0 0 0 0 0 0 0 0 0 0 0 0 0 0 0 0 0 0 0 0 3 0 44831 44832 0 0 127 0 0 22 36733423 0 0 0 0 0 0 16061730 713 0 0 
0 0 0 0 0 0 0 0 0 0 0 0 0 0 0 0 0 0 0 0 0 0 0 3 44831 0 0 7 0 0 128 22 0 7559982 17120743 12050815 0 0 0 16063570 0 0 713 0 
0 0 0 0 0 0 0 0 0 0 0 0 0 0 0 0 0 0 0 0 0 0 0 3 0 44873 44872 0 0 127 0 0 22 36772806 0 0 0 0 0 0 16078598 713 0 0 
0 0 0 0 0 0 0 0 0 0 0 0 0 0 0 0 0 0 0 0 0 0 0 3 44871 0 0 7 0 0 128 22 0 7569494 17137580 12063848 0 0 0 16080446 0 0 713 0 
0 0 0 0 0 0 0 0 0 0 0 0 0 0 0 0 0 0 0 0 0 0 0 3 0 44895 44896 0 0 127 0 0 22 36796836 0 0 0 0 0 0 16095442 713 0 0 
0 0 0 0 0 0 0 0 0 0 0 0 0 0 0 0 0 0 0 0 0 0 0 3 44895 0 0 7 0 0 128 22 0 7570710 17155043 12069197 0 0 0 16097290 0 0 713 0 
0 0 0 0 0 0 0 0 0 0 0 0 0 0 0 0 0 0 0 0 0 0 0 3 0 44947 44948 0 0 127 0 0 22 36840653 0 0 0 0 0 0 16116516 713 0 0 
0 0 0 0 0 0 0 0 0 0 0 0 0 0 0 0 0 0 0 0 0 0 0 3 44947 0 0 7 0 0 128 22 0 7579850 17175657 12083263 0 0 0 16118368 0 0 713 0 
0 0 0 0 0 0 0 0 0 0 0 0 0 0 0 0 0 0 0 0 0 0 0 3 0 44955 44956 0 0 127 0 0 22 36869715 0 0 0 0 0 0 16134439 713 0 0 
0 0 0 0 0 0 0 0 0 0 0 0 0 0 0 0 0 0 0 0 0 0 0 3 44955 0 0 7 0 0 128 22 0 7585742 17192582 12089510 0 0 0 16136291 0 0 713 0 
0 0 0 0 0 0 0 0 0 0 0 0 0 0 0 0 0 0 0 0 0 0 0 3 0 45010 45008 0 0 127 0 0 22 36901781 0 0 0 0 0 0 16149687 713 0 0 
0 0 0 0 0 0 0 0 0 0 0 0 0 0 0 0 0 0 0 0 0 0 0 3 45007 0 0 7 0 0 128 22 0 7589795 17208887 12101214 0 0 0 16151543 0 0 713 0 
0 0 0 0 0 0 0 0 0 0 0 0 0 0 0 0 0 0 0 0 0 0 0 3 0 45018 45016 0 0 127 0 0 22 36935122 0 0 0 0 0 0 16165999 713 0 0 
0 0 0 0 0 0 0 0 0 0 0 0 0 0 0 0 0 0 0 0 0 0 0 3 45015 0 0 7 0 0 128 22 0 7595747 17228366 12109124 0 0 0 16167855 0 0 713 0 
0 0 0 0 0 0 0 0 0 0 0 0 0 0 0 0 0 0 0 0 0 0 0 3 0 45071 45072 0 0 127 0 0 22 36967610 0 0 0 0 0 0 16185989 713 0 0 
0 0 0 0 0 0 0 0 0 0 0 0 0 0 0 0 0 0 0 0 0 0 0 3 45071 0 0 7 0 0 128 22 0 7599742 17245249 12120733 0 0 0 16187846 0 0 713 0 
0 0 0 0 0 0 0 0 0 0 0 0 0 0 0 0 0 0 0 0 0 0 0 3 0 45127 45128 0 0 127 0 0 22 37009102 0 0 0 0 0 0 16204545 713 0 0 
0 0 0 0 0 0 0 0 0 0 0 0 0 0 0 0 0 0 0 0 0 0 0 3 45127 0 0 7 0 0 128 22 0 7609670 17263867 12133675 0 0 0 16206405 0 0 713 0 
0 0 0 0 0 0 0 0 0 0 0 0 0 0 0 0 0 0 0 0 0 0 0 3 0 45135 45136 0 0 127 0 0 22 37035761 0 0 0 0 0 0 16222791 713 0 0 
0 0 0 0 0 0 0 0 0 0 0 0 0 0 0 0 0 0 0 0 0 0 0 3 45135 0 0 7 0 0 128 22 0 7613321 17281688 12138863 0 0 0 16224651 0 0 713 0 
0 0 0 0 0 0 0 0 0 0 0 0 0 0 0 0 0 0 0 0 0 0 0 3 0 45187 45188 0 0 127 0 0 22 37076101 0 0 0 0 0 0 16242940 713 0 0 
0 0 0 0 0 0 0 0 0 0 0 0 0 0 0 0 0 0 0 0 0 0 0 3 45187 0 0 7 0 0 128 22 0 7619610 17302322 12152280 0 0 0 16244801 0 0 713 0 
0 0 0 0 0 0 0 0 0 0 0 0 0 0 0 0 0 0 0 0 0 0 0 3 0 45195 45196 0 0 127 0 0 22 37106058 0 0 0 0 0 0 16261000 713 0 0 
0 0 0 0 0 0 0 0 0 0 0 0 0 0 0 0 0 0 0 0 0 0 0 3 45195 0 0 7 0 0 128 22 0 7625483 17319595 12159092 0 0 0 16262861 0 0 713 0 
0 0 0 0 0 0 0 0 0 0 0 0 0 0 0 0 0 0 0 0 0 0 0 3 0 45249 45248 0 0 127 0 0 22 37137999 0 0 0 0 0 0 16276441 713 0 0 
0 0 0 0 0 0 0 0 0 0 0 0 0 0 0 0 0 0 0 0 0 0 0 3 45247 0 0 7 0 0 128 22 0 7629553 17335883 12170678 0 0 0 16278306 0 0 713 0 
0 0 0 0 0 0 0 0 0 0 0 0 0 0 0 0 0 0 0 0 0 0 0 3 0 45255 45256 0 0 127 0 0 22 37171283 0 0 0 0 0 0 16293374 713 0 0 
0 0 0 0 0 0 0 0 0 0 0 0 0 0 0 0 0 0 0 0 0 0 0 3 45255 0 0 7 0 0 128 22 0 7635499 17355625 12178276 0 0 0 16295239 0 0 713 0 
0 0 0 0 0 0 0 0 0 0 0 0 0 0 0 0 0 0 0 0 0 0 0 3 0 45311 45312 0 0 127 0 0 22 37203577 0 0 0 0 0 0 16312922 713 0 0 
0 0 0 0 0 0 0 0 0 0 0 0 0 0 0 0 0 0 0 0 0 0 0 3 45311 0 0 7 0 0 128 22 0 7639498 17372425 12189775 0 0 0 16314790 0 0 713 0 
0 0 0 0 0 0 0 0 0 0 0 0 0 0 0 0 0 0 0 0 0 0 0 3 0 45367 45368 0 0 127 0 0 22 37246347 0 0 0 0 0 0 16331996 713 0 0 
0 0 0 0 0 0 0 0 0 0 0 0 0 0 0 0 0 0 0 0 0 0 0 3 45367 0 0 7 0 0 128 22 0 7649426 17391560 12203474 0 0 0 16333864 0 0 713 0 
0 0 0 0 0 0 0 0 0 0 0 0 0 0 0 0 0 0 0 0 0 0 0 3 0 45375 45376 0 0 127 0 0 22 37274169 0 0 0 0 0 0 16349211 713 0 0 
0 0 0 0 0 0 0 0 0 0 0 0 0 0 0 0 0 0 0 0 0 0 0 3 45375 0 0 7 0 0 128 22 0 7654949 17407585 12209751 0 0 0 16351078 0 0 713 0 
0 0 0 0 0 0 0 0 0 0 0 0 0 0 0 0 0 0 0 0 0 0 0 3 0 45431 45431 0 0 127 0 0 22 37309579 0 0 0 0 0 0 16365813 713 0 0 
0 0 0 0 0 0 0 0 0 0 0 0 0 0 0 0 0 0 0 0 0 0 0 3 45431 0 0 7 0 0 128 22 0 7659383 17425438 12222864 0 0 0 16367685 0 0 713 0 
0 0 0 0 0 0 0 0 0 0 0 0 0 0 0 0 0 0 0 0 0 0 0 3 0 45451 45451 0 0 127 0 0 22 37351846 0 0 0 0 0 0 16384769 713 0 0 
0 0 0 0 0 0 0 0 0 0 0 0 0 0 0 0 0 0 0 0 0 0 0 3 45451 0 0 7 0 0 128 22 0 7667915 17444336 12237690 0 0 0 16386643 0 0 713 0 
0 0 0 0 0 0 0 0 0 0 0 0 0 0 0 0 0 0 0 0 0 0 0 3 0 45491 45491 0 0 127 0 0 22 37372514 0 0 0 0 0 0 16397997 713 0 0 
0 0 0 0 0 0 0 0 0 0 0 0 0 0 0 0 0 0 0 0 0 0 0 3 45491 0 0 7 0 0 128 22 0 7669324 17457680 12243606 0 0 0 16399871 0 0 713 0 
0 0 0 0 0 0 0 0 0 0 0 0 0 0 0 0 0 0 0 0 0 0 0 3 0 45547 45547 0 0 127 0 0 22 37414469 0 0 0 0 0 0 16415935 713 0 0 
0 0 0 0 0 0 0 0 0 0 0 0 0 0 0 0 0 0 0 0 0 0 0 3 45547 0 0 7 0 0 128 22 0 7679253 17475678 12257638 0 0 0 16417811 0 0 713 0 
0 0 0 0 0 0 0 0 0 0 0 0 0 0 0 0 0 0 0 0 0 0 0 3 0 45555 45555 0 0 127 0 0 22 37442064 0 0 0 0 0 0 16431794 713 0 0 
0 0 0 0 0 0 0 0 0 0 0 0 0 0 0 0 0 0 0 0 0 0 0 3 45555 0 0 7 0 0 128 22 0 7685173 17490488 12264505 0 0 0 16433669 0 0 713 0 
0 0 0 0 0 0 0 0 0 0 0 0 0 0 0 0 0 0 0 0 0 0 0 3 0 45611 45611 0 0 127 0 0 22 37475439 0 0 0 0 0 0 16447886 713 0 0 
0 0 0 0 0 0 0 0 0 0 0 0 0 0 0 0 0 0 0 0 0 0 0 3 45611 0 0 7 0 0 128 22 0 7689200 17507689 12276648 0 0 0 16449763 0 0 713 0 
0 0 0 0 0 0 0 0 0 0 0 0 0 0 0 0 0 0 0 0 0 0 0 3 0 45631 45631 0 0 127 0 0 22 37518958 0 0 0 0 0 0 16468952 713 0 0 
0 0 0 0 0 0 0 0 0 0 0 0 0 0 0 0 0 0 0 0 0 0 0 3 45631 0 0 7 0 0 128 22 0 7697731 17528698 12290623 0 0 0 16470830 0 0 713 0 
0 0 0 0 0 0 0 0 0 0 0 0 0 0 0 0 0 0 0 0 0 0 0 3 0 45674 45671 0 0 127 0 0 22 37537381 0 0 0 0 0 0 16480936 713 0 0 
0 0 0 0 0 0 0 0 0 0 0 0 0 0 0 0 0 0 0 0 0 0 0 3 45671 0 0 7 0 0 128 22 0 7699146 17540795 12295535 0 0 0 16482814 0 0 713 0 
0 0 0 0 0 0 0 0 0 0 0 0 0 0 0 0 0 0 0 0 0 0 0 3 0 45727 45727 0 0 127 0 0 22 37581365 0 0 0 0 0 0 16499842 713 0 0 
0 0 0 0 0 0 0 0 0 0 0 0 0 0 0 0 0 0 0 0 0 0 0 3 45727 0 0 7 0 0 128 22 0 7709084 17559765 12310605 0 0 0 16501723 0 0 713 0 
0 0 0 0 0 0 0 0 0 0 0 0 0 0 0 0 0 0 0 0 0 0 0 3 0 45735 45735 0 0 127 0 0 22 37609057 0 0 0 0 0 0 16512373 713 0 0 
0 0 0 0 0 0 0 0 0 0 0 0 0 0 0 0 0 0 0 0 0 0 0 3 45735 0 0 7 0 0 128 22 0 7715034 17574261 12317853 0 0 0 16514254 0 0 713 0 
0 0 0 0 0 0 0 0 0 0 0 0 0 0 0 0 0 0 0 0 0 0 0 3 0 45791 45791 0 0 127 0 0 22 37640116 0 0 0 0 0 0 16528788 713 0 0 
0 0 0 0 0 0 0 0 0 0 0 0 0 0 0 0 0 0 0 0 0 0 0 3 45791 0 0 7 0 0 128 22 0 7719033 17588770 12330399 0 0 0 16530671 0 0 713 0 
0 0 0 0 0 0 0 0 0 0 0 0 0 0 0 0 0 0 0 0 0 0 0 3 0 45847 45847 0 0 127 0 0 22 37682020 0 0 0 0 0 0 16546327 713 0 0 
0 0 0 0 0 0 0 0 0 0 0 0 0 0 0 0 0 0 0 0 0 0 0 3 45847 0 0 7 0 0 128 22 0 7728961 17606371 12344770 0 0 0 16548214 0 0 713 0 
0 0 0 0 0 0 0 0 0 0 0 0 0 0 0 0 0 0 0 0 0 0 0 3 0 45855 45855 0 0 127 0 0 22 37709720 0 0 0 0 0 0 16562183 713 0 0 
0 0 0 0 0 0 0 0 0 0 0 0 0 0 0 0 0 0 0 0 0 0 0 3 45855 0 0 7 0 0 128 22 0 7734911 17621337 12351556 0 0 0 16564072 0 0 713 0 
0 0 0 0 0 0 0 0 0 0 0 0 0 0 0 0 0 0 0 0 0 0 0 3 0 45910 45911 0 0 127 0 0 22 37743939 0 0 0 0 0 0 16577872 713 0 0 
0 0 0 0 0 0 0 0 0 0 0 0 0 0 0 0 0 0 0 0 0 0 0 3 45911 0 0 7 0 0 128 22 0 7738907 17637981 12365127 0 0 0 16579766 0 0 713 0 
0 0 0 0 0 0 0 0 0 0 0 0 0 0 0 0 0 0 0 0 0 0 0 3 0 45932 45931 0 0 127 0 0 22 37786364 0 0 0 0 0 0 16597525 713 0 0 
0 0 0 0 0 0 0 0 0 0 0 0 0 0 0 0 0 0 0 0 0 0 0 3 45931 0 0 7 0 0 128 22 0 7747663 17657476 12379298 0 0 0 16599424 0 0 713 0 
0 0 0 0 0 0 0 0 0 0 0 0 0 0 0 0 0 0 0 0 0 0 0 3 0 45974 45975 0 0 127 0 0 22 37808473 0 0 0 0 0 0 16608919 713 0 0 
0 0 0 0 0 0 0 0 0 0 0 0 0 0 0 0 0 0 0 0 0 0 0 3 45975 0 0 7 0 0 128 22 0 7752061 17668856 12385633 0 0 0 16610820 0 0 713 0 
0 0 0 0 0 0 0 0 0 0 0 0 0 0 0 0 0 0 0 0 0 0 0 3 0 46026 46027 0 0 127 0 0 22 37848528 0 0 0 0 0 0 16626578 713 0 0 
0 0 0 0 0 0 0 0 0 0 0 0 0 0 0 0 0 0 0 0 0 0 0 3 46027 0 0 7 0 0 128 22 0 7758776 17686809 12401020 0 0 0 16628479 0 0 713 0 
0 0 0 0 0 0 0 0 0 0 0 0 0 0 0 0 0 0 0 0 0 0 0 3 0 46037 46035 0 0 127 0 0 22 37878626 0 0 0 0 0 0 16639850 713 0 0 
0 0 0 0 0 0 0 0 0 0 0 0 0 0 0 0 0 0 0 0 0 0 0 3 46035 0 0 7 0 0 128 22 0 7764730 17702981 12408992 0 0 0 16641751 0 0 713 0 
0 0 0 0 0 0 0 0 0 0 0 0 0 0 0 0 0 0 0 0 0 0 0 3 0 46090 46091 0 0 127 0 0 22 37906563 0 0 0 0 0 0 16654649 713 0 0 
0 0 0 0 0 0 0 0 0 0 0 0 0 0 0 0 0 0 0 0 0 0 0 3 46091 0 0 7 0 0 128 22 0 7768723 17714938 12420979 0 0 0 16656553 0 0 713 0 
0 0 0 0 0 0 0 0 0 0 0 0 0 0 0 0 0 0 0 0 0 0 0 3 0 46146 46147 0 0 127 0 0 22 37950443 0 0 0 0 0 0 16674474 713 0 0 
0 0 0 0 0 0 0 0 0 0 0 0 0 0 0 0 0 0 0 0 0 0 0 3 46147 0 0 7 0 0 128 22 0 7778651 17734824 12435050 0 0 0 16676381 0 0 713 0 
0 0 0 0 0 0 0 0 0 0 0 0 0 0 0 0 0 0 0 0 0 0 0 3 0 46154 46155 0 0 127 0 0 22 37977839 0 0 0 0 0 0 16689970 713 0 0 
0 0 0 0 0 0 0 0 0 0 0 0 0 0 0 0 0 0 0 0 0 0 0 3 46155 0 0 7 0 0 128 22 0 7784382 17749491 12442047 0 0 0 16691877 0 0 713 0 
0 0 0 0 0 0 0 0 0 0 0 0 0 0 0 0 0 0 0 0 0 0 0 3 0 46209 46207 0 0 127 0 0 22 38008261 0 0 0 0 0 0 16703033 713 0 0 
0 0 0 0 0 0 0 0 0 0 0 0 0 0 0 0 0 0 0 0 0 0 0 3 46207 0 0 7 0 0 128 22 0 7788596 17763439 12454301 0 0 0 16704941 0 0 713 0 
0 0 0 0 0 0 0 0 0 0 0 0 0 0 0 0 0 0 0 0 0 0 0 3 0 46217 46215 0 0 127 0 0 22 38040225 0 0 0 0 0 0 16716855 713 0 0 
0 0 0 0 0 0 0 0 0 0 0 0 0 0 0 0 0 0 0 0 0 0 0 3 46215 0 0 7 0 0 128 22 0 7794545 17780601 12463153 0 0 0 16718764 0 0 713 0 
0 0 0 0 0 0 0 0 0 0 0 0 0 0 0 0 0 0 0 0 0 0 0 3 0 46274 46275 0 0 127 0 0 22 38068752 0 0 0 0 0 0 16730808 713 0 0 
0 0 0 0 0 0 0 0 0 0 0 0 0 0 0 0 0 0 0 0 0 0 0 3 46275 0 0 7 0 0 128 22 0 7799614 17791718 12475492 0 0 0 16732719 0 0 713 0 
0 0 0 0 0 0 0 0 0 0 0 0 0 0 0 0 0 0 0 0 0 0 0 3 0 46326 46327 0 0 127 0 0 22 38112887 0 0 0 0 0 0 16752201 713 0 0 
0 0 0 0 0 0 0 0 0 0 0 0 0 0 0 0 0 0 0 0 0 0 0 3 46327 0 0 7 0 0 128 22 0 7808468 17812732 12489760 0 0 0 16754117 0 0 713 0 
0 0 0 0 0 0 0 0 0 0 0 0 0 0 0 0 0 0 0 0 0 0 0 3 0 46334 46335 0 0 127 0 0 22 38139588 0 0 0 0 0 0 16765949 713 0 0 
0 0 0 0 0 0 0 0 0 0 0 0 0 0 0 0 0 0 0 0 0 0 0 3 46335 0 0 7 0 0 128 22 0 7814453 17826497 12496713 0 0 0 16767866 0 0 713 0 
0 0 0 0 0 0 0 0 0 0 0 0 0 0 0 0 0 0 0 0 0 0 0 3 0 46389 46391 0 0 127 0 0 22 38172003 0 0 0 0 0 0 16781168 713 0 0 
0 0 0 0 0 0 0 0 0 0 0 0 0 0 0 0 0 0 0 0 0 0 0 3 46391 0 0 7 0 0 128 22 0 7818462 17841760 12509852 0 0 0 16783090 0 0 713 0 
0 0 0 0 0 0 0 0 0 0 0 0 0 0 0 0 0 0 0 0 0 0 0 3 0 46445 46447 0 0 127 0 0 22 38213369 0 0 0 0 0 0 16799131 713 0 0 
0 0 0 0 0 0 0 0 0 0 0 0 0 0 0 0 0 0 0 0 0 0 0 3 46447 0 0 7 0 0 128 22 0 7828390 17859788 12523251 0 0 0 16801057 0 0 713 0 
0 0 0 0 0 0 0 0 0 0 0 0 0 0 0 0 0 0 0 0 0 0 0 3 0 46453 46455 0 0 127 0 0 22 38239610 0 0 0 0 0 0 16814729 713 0 0 
0 0 0 0 0 0 0 0 0 0 0 0 0 0 0 0 0 0 0 0 0 0 0 3 46455 0 0 7 0 0 128 22 0 7833700 17874310 12529666 0 0 0 16816655 0 0 713 0 
0 0 0 0 0 0 0 0 0 0 0 0 0 0 0 0 0 0 0 0 0 0 0 3 0 46507 46507 0 0 127 0 0 22 38274306 0 0 0 0 0 0 16830943 713 0 0 
0 0 0 0 0 0 0 0 0 0 0 0 0 0 0 0 0 0 0 0 0 0 0 3 46507 0 0 7 0 0 128 22 0 7838332 17891657 12542378 0 0 0 16832870 0 0 713 0 
0 0 0 0 0 0 0 0 0 0 0 0 0 0 0 0 0 0 0 0 0 0 0 3 0 46521 46523 0 0 127 0 0 22 38312802 0 0 0 0 0 0 16846935 713 0 0 
0 0 0 0 0 0 0 0 0 0 0 0 0 0 0 0 0 0 0 0 0 0 0 3 46523 0 0 7 0 0 128 22 0 7846802 17910638 12553420 0 0 0 16848863 0 0 713 0 
0 0 0 0 0 0 0 0 0 0 0 0 0 0 0 0 0 0 0 0 0 0 0 3 0 46569 46571 0 0 127 0 0 22 38337536 0 0 0 0 0 0 16862940 713 0 0 
0 0 0 0 0 0 0 0 0 0 0 0 0 0 0 0 0 0 0 0 0 0 0 3 46571 0 0 7 0 0 128 22 0 7848277 17923714 12563600 0 0 0 16864868 0 0 713 0 
0 0 0 0 0 0 0 0 0 0 0 0 0 0 0 0 0 0 0 0 0 0 0 3 0 46625 46627 0 0 127 0 0 22 38379395 0 0 0 0 0 0 16881057 713 0 0 
0 0 0 0 0 0 0 0 0 0 0 0 0 0 0 0 0 0 0 0 0 0 0 3 46627 0 0 7 0 0 128 22 0 7858205 17941893 12577344 0 0 0 16882985 0 0 713 0 
0 0 0 0 0 0 0 0 0 0 0 0 0 0 0 0 0 0 0 0 0 0 0 3 0 46633 46635 0 0 127 0 0 22 38406776 0 0 0 0 0 0 16897928 713 0 0 
0 0 0 0 0 0 0 0 0 0 0 0 0 0 0 0 0 0 0 0 0 0 0 3 46635 0 0 7 0 0 128 22 0 7863403 17957744 12583676 0 0 0 16899856 0 0 713 0 
0 0 0 0 0 0 0 0 0 0 0 0 0 0 0 0 0 0 0 0 0 0 0 3 0 46688 46687 0 0 127 0 0 22 38442932 0 0 0 0 0 0 16914885 713 0 0 
0 0 0 0 0 0 0 0 0 0 0 0 0 0 0 0 0 0 0 0 0 0 0 3 46687 0 0 7 0 0 128 22 0 7868151 17975780 12597047 0 0 0 16916816 0 0 713 0 
0 0 0 0 0 0 0 0 0 0 0 0 0 0 0 0 0 0 0 0 0 0 0 3 0 46693 46695 0 0 127 0 0 22 38472123 0 0 0 0 0 0 16933162 713 0 0 
0 0 0 0 0 0 0 0 0 0 0 0 0 0 0 0 0 0 0 0 0 0 0 3 46695 0 0 7 0 0 128 22 0 7874095 17993170 12602905 0 0 0 16935093 0 0 713 0 
0 0 0 0 0 0 0 0 0 0 0 0 0 0 0 0 0 0 0 0 0 0 0 3 0 46749 46751 0 0 127 0 0 22 38505073 0 0 0 0 0 0 16948009 713 0 0 
0 0 0 0 0 0 0 0 0 0 0 0 0 0 0 0 0 0 0 0 0 0 0 3 46751 0 0 7 0 0 128 22 0 7878094 18008967 12616061 0 0 0 16949943 0 0 713 0 
0 0 0 0 0 0 0 0 0 0 0 0 0 0 0 0 0 0 0 0 0 0 0 3 0 46776 46775 0 0 127 0 0 22 38547829 0 0 0 0 0 0 16968041 713 0 0 
0 0 0 0 0 0 0 0 0 0 0 0 0 0 0 0 0 0 0 0 0 0 0 3 46775 0 0 7 0 0 128 22 0 7886885 18028841 12630157 0 0 0 16969977 0 0 713 0 
0 0 0 0 0 0 0 0 0 0 0 0 0 0 0 0 0 0 0 0 0 0 0 3 0 46812 46811 0 0 127 0 0 22 38568735 0 0 0 0 0 0 16982372 713 0 0 
0 0 0 0 0 0 0 0 0 0 0 0 0 0 0 0 0 0 0 0 0 0 0 3 46811 0 0 7 0 0 128 22 0 7888069 18043390 12635331 0 0 0 16984308 0 0 713 0 
0 0 0 0 0 0 0 0 0 0 0 0 0 0 0 0 0 0 0 0 0 0 0 3 0 46865 46867 0 0 127 0 0 22 38611416 0 0 0 0 0 0 17001167 713 0 0 
0 0 0 0 0 0 0 0 0 0 0 0 0 0 0 0 0 0 0 0 0 0 0 3 46867 0 0 7 0 0 128 22 0 7897991 18062248 12649232 0 0 0 17003105 0 0 713 0 
0 0 0 0 0 0 0 0 0 0 0 0 0 0 0 0 0 0 0 0 0 0 0 3 0 46873 46875 0 0 127 0 0 22 38638972 0 0 0 0 0 0 17018708 713 0 0 
0 0 0 0 0 0 0 0 0 0 0 0 0 0 0 0 0 0 0 0 0 0 0 3 46875 0 0 7 0 0 128 22 0 7903388 18078686 12654953 0 0 0 17020647 0 0 713 0 
0 0 0 0 0 0 0 0 0 0 0 0 0 0 0 0 0 0 0 0 0 0 0 3 0 46927 46927 0 0 127 0 0 22 38673863 0 0 0 0 0 0 17035294 713 0 0 
0 0 0 0 0 0 0 0 0 0 0 0 0 0 0 0 0 0 0 0 0 0 0 3 46927 0 0 7 0 0 128 22 0 7907934 18096432 12667553 0 0 0 17037233 0 0 713 0 
0 0 0 0 0 0 0 0 0 0 0 0 0 0 0 0 0 0 0 0 0 0 0 3 0 46937 46939 0 0 127 0 0 22 38710471 0 0 0 0 0 0 17050917 713 0 0 
0 0 0 0 0 0 0 0 0 0 0 0 0 0 0 0 0 0 0 0 0 0 0 3 46939 0 0 7 0 0 128 22 0 7915759 18115340 12677431 0 0 0 17052857 0 0 713 0 
0 0 0 0 0 0 0 0 0 0 0 0 0 0 0 0 0 0 0 0 0 0 0 3 0 46989 46991 0 0 127 0 0 22 38735855 0 0 0 0 0 0 17068126 713 0 0 
0 0 0 0 0 0 0 0 0 0 0 0 0 0 0 0 0 0 0 0 0 0 0 3 46991 0 0 7 0 0 128 22 0 7917879 18129330 12686702 0 0 0 17070072 0 0 713 0 
0 0 0 0 0 0 0 0 0 0 0 0 0 0 0 0 0 0 0 0 0 0 0 3 0 47045 47047 0 0 127 0 0 22 38776955 0 0 0 0 0 0 17085960 713 0 0 
0 0 0 0 0 0 0 0 0 0 0 0 0 0 0 0 0 0 0 0 0 0 0 3 47047 0 0 7 0 0 128 22 0 7927807 18147229 12699970 0 0 0 17087908 0 0 713 0 
0 0 0 0 0 0 0 0 0 0 0 0 0 0 0 0 0 0 0 0 0 0 0 3 0 47053 47055 0 0 127 0 0 22 38802567 0 0 0 0 0 0 17102950 713 0 0 
0 0 0 0 0 0 0 0 0 0 0 0 0 0 0 0 0 0 0 0 0 0 0 3 47055 0 0 7 0 0 128 22 0 7931570 18163780 12705270 0 0 0 17104902 0 0 713 0 
0 0 0 0 0 0 0 0 0 0 0 0 0 0 0 0 0 0 0 0 0 0 0 3 0 47105 47107 0 0 127 0 0 22 38841817 0 0 0 0 0 0 17121785 713 0 0 
0 0 0 0 0 0 0 0 0 0 0 0 0 0 0 0 0 0 0 0 0 0 0 3 47107 0 0 7 0 0 128 22 0 7937746 18183116 12719013 0 0 0 17123737 0 0 713 0 
0 0 0 0 0 0 0 0 0 0 0 0 0 0 0 0 0 0 0 0 0 0 0 3 0 47113 47115 0 0 127 0 0 22 38871980 0 0 0 0 0 0 17140872 713 0 0 
0 0 0 0 0 0 0 0 0 0 0 0 0 0 0 0 0 0 0 0 0 0 0 3 47115 0 0 7 0 0 128 22 0 7943698 18201273 12725065 0 0 0 17142824 0 0 713 0 
0 0 0 0 0 0 0 0 0 0 0 0 0 0 0 0 0 0 0 0 0 0 0 3 0 47169 47171 0 0 127 0 0 22 38904951 0 0 0 0 0 0 17157028 713 0 0 
0 0 0 0 0 0 0 0 0 0 0 0 0 0 0 0 0 0 0 0 0 0 0 3 47171 0 0 7 0 0 128 22 0 7947698 18218422 12736883 0 0 0 17158987 0 0 713 0 
0 0 0 0 0 0 0 0 0 0 0 0 0 0 0 0 0 0 0 0 0 0 0 3 0 47183 47183 0 0 127 0 0 22 38944890 0 0 0 0 0 0 17174169 713 0 0 
0 0 0 0 0 0 0 0 0 0 0 0 0 0 0 0 0 0 0 0 0 0 0 3 47183 0 0 7 0 0 128 22 0 7956171 18237880 12748891 0 0 0 17176128 0 0 713 0 
0 0 0 0 0 0 0 0 0 0 0 0 0 0 0 0 0 0 0 0 0 0 0 3 0 47229 47231 0 0 127 0 0 22 38968624 0 0 0 0 0 0 17190176 713 0 0 
0 0 0 0 0 0 0 0 0 0 0 0 0 0 0 0 0 0 0 0 0 0 0 3 47231 0 0 7 0 0 128 22 0 7957642 18251629 12757402 0 0 0 17192134 0 0 713 0 
0 0 0 0 0 0 0 0 0 0 0 0 0 0 0 0 0 0 0 0 0 0 0 3 0 47285 47286 0 0 127 0 0 22 39013249 0 0 0 0 0 0 17210517 713 0 0 
0 0 0 0 0 0 0 0 0 0 0 0 0 0 0 0 0 0 0 0 0 0 0 3 47287 0 0 7 0 0 128 22 0 7967572 18272038 12771684 0 0 0 17212480 0 0 713 0 
0 0 0 0 0 0 0 0 0 0 0 0 0 0 0 0 0 0 0 0 0 0 0 3 0 47293 47294 0 0 127 0 0 22 39041798 0 0 0 0 0 0 17228158 713 0 0 
0 0 0 0 0 0 0 0 0 0 0 0 0 0 0 0 0 0 0 0 0 0 0 3 47295 0 0 7 0 0 128 22 0 7973410 18288656 12777776 0 0 0 17230121 0 0 713 0 
0 0 0 0 0 0 0 0 0 0 0 0 0 0 0 0 0 0 0 0 0 0 0 3 0 47349 47350 0 0 127 0 0 22 39076006 0 0 0 0 0 0 17244865 713 0 0 
0 0 0 0 0 0 0 0 0 0 0 0 0 0 0 0 0 0 0 0 0 0 0 3 47351 0 0 7 0 0 128 22 0 7977518 18306445 12790087 0 0 0 17246830 0 0 713 0 
0 0 0 0 0 0 0 0 0 0 0 0 0 0 0 0 0 0 0 0 0 0 0 3 0 47369 47370 0 0 127 0 0 22 39119363 0 0 0 0 0 0 17265445 713 0 0 
0 0 0 0 0 0 0 0 0 0 0 0 0 0 0 0 0 0 0 0 0 0 0 3 47371 0 0 7 0 0 128 22 0 7986124 18326939 12804346 0 0 0 17267412 0 0 713 0 
0 0 0 0 0 0 0 0 0 0 0 0 0 0 0 0 0 0 0 0 0 0 0 3 0 47409 47410 0 0 127 0 0 22 39136593 0 0 0 0 0 0 17276190 713 0 0 
0 0 0 0 0 0 0 0 0 0 0 0 0 0 0 0 0 0 0 0 0 0 0 3 47411 0 0 7 0 0 128 22 0 7987463 18337830 12809344 0 0 0 17278157 0 0 713 0 
0 0 0 0 0 0 0 0 0 0 0 0 0 0 0 0 0 0 0 0 0 0 0 3 0 47465 47466 0 0 127 0 0 22 39178344 0 0 0 0 0 0 17294114 713 0 0 
0 0 0 0 0 0 0 0 0 0 0 0 0 0 0 0 0 0 0 0 0 0 0 3 47467 0 0 7 0 0 128 22 0 7997391 18355817 12823182 0 0 0 17296082 0 0 713 0 
0 0 0 0 0 0 0 0 0 0 0 0 0 0 0 0 0 0 0 0 0 0 0 3 0 47473 47474 0 0 127 0 0 22 39202198 0 0 0 0 0 0 17309671 713 0 0 
0 0 0 0 0 0 0 0 0 0 0 0 0 0 0 0 0 0 0 0 0 0 0 3 47475 0 0 7 0 0 128 22 0 8001485 18370741 12828020 0 0 0 17311640 0 0 713 0 
0 0 0 0 0 0 0 0 0 0 0 0 0 0 0 0 0 0 0 0 0 0 0 3 0 47528 47526 0 0 127 0 0 22 39239485 0 0 0 0 0 0 17326785 713 0 0 
0 0 0 0 0 0 0 0 0 0 0 0 0 0 0 0 0 0 0 0 0 0 0 3 47527 0 0 7 0 0 128 22 0 8007335 18388546 12841645 0 0 0 17328752 0 0 713 0 
0 0 0 0 0 0 0 0 0 0 0 0 0 0 0 0 0 0 0 0 0 0 0 3 0 47533 47534 0 0 127 0 0 22 39270578 0 0 0 0 0 0 17342068 713 0 0 
0 0 0 0 0 0 0 0 0 0 0 0 0 0 0 0 0 0 0 0 0 0 0 3 47535 0 0 7 0 0 128 22 0 8013279 18406091 12849250 0 0 0 17344035 0 0 713 0 
0 0 0 0 0 0 0 0 0 0 0 0 0 0 0 0 0 0 0 0 0 0 0 3 0 47589 47590 0 0 127 0 0 22 39301655 0 0 0 0 0 0 17359776 713 0 0 
0 0 0 0 0 0 0 0 0 0 0 0 0 0 0 0 0 0 0 0 0 0 0 3 47591 0 0 7 0 0 128 22 0 8017277 18421597 12860819 0 0 0 17361746 0 0 713 0 
0 0 0 0 0 0 0 0 0 0 0 0 0 0 0 0 0 0 0 0 0 0 0 3 0 47616 47614 0 0 127 0 0 22 39339403 0 0 0 0 0 0 17375904 713 0 0 
0 0 0 0 0 0 0 0 0 0 0 0 0 0 0 0 0 0 0 0 0 0 0 3 47615 0 0 7 0 0 128 22 0 8026039 18437569 12873832 0 0 0 17377879 0 0 713 0 
0 0 0 0 0 0 0 0 0 0 0 0 0 0 0 0 0 0 0 0 0 0 0 3 0 47653 47654 0 0 127 0 0 22 39362307 0 0 0 0 0 0 17389253 713 0 0 
0 0 0 0 0 0 0 0 0 0 0 0 0 0 0 0 0 0 0 0 0 0 0 3 47655 0 0 7 0 0 128 22 0 8029332 18451236 12879776 0 0 0 17391228 0 0 713 0 
0 0 0 0 0 0 0 0 0 0 0 0 0 0 0 0 0 0 0 0 0 0 0 3 0 47705 47706 0 0 127 0 0 22 39402926 0 0 0 0 0 0 17407168 713 0 0 
0 0 0 0 0 0 0 0 0 0 0 0 0 0 0 0 0 0 0 0 0 0 0 3 47707 0 0 7 0 0 128 22 0 8037145 18469117 12894701 0 0 0 17409148 0 0 713 0 
0 0 0 0 0 0 0 0 0 0 0 0 0 0 0 0 0 0 0 0 0 0 0 3 0 47716 47714 0 0 127 0 0 22 39434716 0 0 0 0 0 0 17422182 713 0 0 
0 0 0 0 0 0 0 0 0 0 0 0 0 0 0 0 0 0 0 0 0 0 0 3 47715 0 0 7 0 0 128 22 0 8043101 18487094 12902558 0 0 0 17424162 0 0 713 0 
0 0 0 0 0 0 0 0 0 0 0 0 0 0 0 0 0 0 0 0 0 0 0 3 0 47769 47770 0 0 127 0 0 22 39461849 0 0 0 0 0 0 17435925 713 0 0 
0 0 0 0 0 0 0 0 0 0 0 0 0 0 0 0 0 0 0 0 0 0 0 3 47771 0 0 7 0 0 128 22 0 8047092 18497933 12914855 0 0 0 17437907 0 0 713 0 
0 0 0 0 0 0 0 0 0 0 0 0 0 0 0 0 0 0 0 0 0 0 0 3 0 47825 47826 0 0 127 0 0 22 39504760 0 0 0 0 0 0 17454307 713 0 0 
0 0 0 0 0 0 0 0 0 0 0 0 0 0 0 0 0 0 0 0 0 0 0 3 47827 0 0 7 0 0 128 22 0 8057019 18516373 12929388 0 0 0 17456288 0 0 713 0 
0 0 0 0 0 0 0 0 0 0 0 0 0 0 0 0 0 0 0 0 0 0 0 3 0 47833 47834 0 0 127 0 0 22 39532096 0 0 0 0 0 0 17469739 713 0 0 
0 0 0 0 0 0 0 0 0 0 0 0 0 0 0 0 0 0 0 0 0 0 0 3 47835 0 0 7 0 0 128 22 0 8062947 18531026 12936143 0 0 0 17471721 0 0 713 0 
0 0 0 0 0 0 0 0 0 0 0 0 0 0 0 0 0 0 0 0 0 0 0 3 0 47889 47890 0 0 127 0 0 22 39564514 0 0 0 0 0 0 17484176 713 0 0 
0 0 0 0 0 0 0 0 0 0 0 0 0 0 0 0 0 0 0 0 0 0 0 3 47891 0 0 7 0 0 128 22 0 8066967 18546302 12949259 0 0 0 17486161 0 0 713 0 
0 0 0 0 0 0 0 0 0 0 0 0 0 0 0 0 0 0 0 0 0 0 0 3 0 47915 47914 0 0 127 0 0 22 39605689 0 0 0 0 0 0 17503386 713 0 0 
0 0 0 0 0 0 0 0 0 0 0 0 0 0 0 0 0 0 0 0 0 0 0 3 47915 0 0 7 0 0 128 22 0 8075726 18565357 12962610 0 0 0 17505376 0 0 713 0 
0 0 0 0 0 0 0 0 0 0 0 0 0 0 0 0 0 0 0 0 0 0 0 3 0 47952 47950 0 0 127 0 0 22 39624368 0 0 0 0 0 0 17513621 713 0 0 
0 0 0 0 0 0 0 0 0 0 0 0 0 0 0 0 0 0 0 0 0 0 0 3 47951 0 0 7 0 0 128 22 0 8076910 18575808 12969654 0 0 0 17515611 0 0 713 0 
0 0 0 0 0 0 0 0 0 0 0 0 0 0 0 0 0 0 0 0 0 0 0 3 0 48005 48006 0 0 127 0 0 22 39668515 0 0 0 0 0 0 17532793 713 0 0 
0 0 0 0 0 0 0 0 0 0 0 0 0 0 0 0 0 0 0 0 0 0 0 3 48007 0 0 7 0 0 128 22 0 8086831 18595046 12984639 0 0 0 17534788 0 0 713 0 
0 0 0 0 0 0 0 0 0 0 0 0 0 0 0 0 0 0 0 0 0 0 0 3 0 48013 48014 0 0 127 0 0 22 39695344 0 0 0 0 0 0 17547342 713 0 0 
0 0 0 0 0 0 0 0 0 0 0 0 0 0 0 0 0 0 0 0 0 0 0 3 48015 0 0 7 0 0 128 22 0 8092781 18608681 12991881 0 0 0 17549337 0 0 713 0 
0 0 0 0 0 0 0 0 0 0 0 0 0 0 0 0 0 0 0 0 0 0 0 3 0 48069 48070 0 0 127 0 0 22 39727144 0 0 0 0 0 0 17560818 713 0 0 
0 0 0 0 0 0 0 0 0 0 0 0 0 0 0 0 0 0 0 0 0 0 0 3 48071 0 0 7 0 0 128 22 0 8096780 18623130 13005226 0 0 0 17562817 0 0 713 0 
0 0 0 0 0 0 0 0 0 0 0 0 0 0 0 0 0 0 0 0 0 0 0 3 0 48125 48126 0 0 127 0 0 22 39768885 0 0 0 0 0 0 17578782 713 0 0 
0 0 0 0 0 0 0 0 0 0 0 0 0 0 0 0 0 0 0 0 0 0 0 3 48127 0 0 7 0 0 128 22 0 8106708 18641159 13019005 0 0 0 17580786 0 0 713 0 
0 0 0 0 0 0 0 0 0 0 0 0 0 0 0 0 0 0 0 0 0 0 0 3 0 48133 48134 0 0 127 0 0 22 39794983 0 0 0 0 0 0 17593012 713 0 0 
0 0 0 0 0 0 0 0 0 0 0 0 0 0 0 0 0 0 0 0 0 0 0 3 48135 0 0 7 0 0 128 22 0 8112300 18654278 13026392 0 0 0 17595016 0 0 713 0 
0 0 0 0 0 0 0 0 0 0 0 0 0 0 0 0 0 0 0 0 0 0 0 3 0 48189 48190 0 0 127 0 0 22 39828265 0 0 0 0 0 0 17607839 713 0 0 
0 0 0 0 0 0 0 0 0 0 0 0 0 0 0 0 0 0 0 0 0 0 0 3 48191 0 0 7 0 0 128 22 0 8116654 18670279 13039318 0 0 0 17609848 0 0 713 0 
0 0 0 0 0 0 0 0 0 0 0 0 0 0 0 0 0 0 0 0 0 0 0 3 0 48217 48218 0 0 127 0 0 22 39868757 0 0 0 0 0 0 17625449 713 0 0 
0 0 0 0 0 0 0 0 0 0 0 0 0 0 0 0 0 0 0 0 0 0 0 3 48219 0 0 7 0 0 128 22 0 8125420 18687736 13053585 0 0 0 17627461 0 0 713 0 
0 0 0 0 0 0 0 0 0 0 0 0 0 0 0 0 0 0 0 0 0 0 0 3 0 48253 48254 0 0 127 0 0 22 39893848 0 0 0 0 0 0 17640581 713 0 0 
0 0 0 0 0 0 0 0 0 0 0 0 0 0 0 0 0 0 0 0 0 0 0 3 48255 0 0 7 0 0 128 22 0 8129233 18703018 13059581 0 0 0 17642593 0 0 713 0 
0 0 0 0 0 0 0 0 0 0 0 0 0 0 0 0 0 0 0 0 0 0 0 3 0 48305 48306 0 0 127 0 0 22 39935943 0 0 0 0 0 0 17661431 713 0 0 
0 0 0 0 0 0 0 0 0 0 0 0 0 0 0 0 0 0 0 0 0 0 0 3 48307 0 0 7 0 0 128 22 0 8136521 18723992 13073411 0 0 0 17663443 0 0 713 0 
0 0 0 0 0 0 0 0 0 0 0 0 0 0 0 0 0 0 0 0 0 0 0 3 0 48313 48314 0 0 127 0 0 22 39964251 0 0 0 0 0 0 17677994 713 0 0 
0 0 0 0 0 0 0 0 0 0 0 0 0 0 0 0 0 0 0 0 0 0 0 3 48315 0 0 7 0 0 128 22 0 8142471 18739813 13079950 0 0 0 17680008 0 0 713 0 
0 0 0 0 0 0 0 0 0 0 0 0 0 0 0 0 0 0 0 0 0 0 0 3 0 48369 48369 0 0 127 0 0 22 39996434 0 0 0 0 0 0 17692772 713 0 0 
0 0 0 0 0 0 0 0 0 0 0 0 0 0 0 0 0 0 0 0 0 0 0 3 48371 0 0 7 0 0 128 22 0 8146467 18755396 13092548 0 0 0 17694789 0 0 713 0 
0 0 0 0 0 0 0 0 0 0 0 0 0 0 0 0 0 0 0 0 0 0 0 3 0 48373 48373 0 0 127 0 0 22 40030325 0 0 0 0 0 0 17709428 713 0 0 
0 0 0 0 0 0 0 0 0 0 0 0 0 0 0 0 0 0 0 0 0 0 0 3 48375 0 0 7 0 0 128 22 0 8152411 18774869 13101021 0 0 0 17711445 0 0 713 0 
0 0 0 0 0 0 0 0 0 0 0 0 0 0 0 0 0 0 0 0 0 0 0 3 0 48429 48429 0 0 127 0 0 22 40063574 0 0 0 0 0 0 17730685 713 0 0 
0 0 0 0 0 0 0 0 0 0 0 0 0 0 0 0 0 0 0 0 0 0 0 3 48431 0 0 7 0 0 128 22 0 8156411 18793366 13111766 0 0 0 17732704 0 0 713 0 
0 0 0 0 0 0 0 0 0 0 0 0 0 0 0 0 0 0 0 0 0 0 0 3 0 48473 48469 0 0 127 0 0 22 40104216 0 0 0 0 0 0 17748289 713 0 0 
0 0 0 0 0 0 0 0 0 0 0 0 0 0 0 0 0 0 0 0 0 0 0 3 48471 0 0 7 0 0 128 22 0 8165621 18811084 13125477 0 0 0 17750311 0 0 713 0 
0 0 0 0 0 0 0 0 0 0 0 0 0 0 0 0 0 0 0 0 0 0 0 3 0 48493 48493 0 0 127 0 0 22 40130076 0 0 0 0 0 0 17762887 713 0 0 
0 0 0 0 0 0 0 0 0 0 0 0 0 0 0 0 0 0 0 0 0 0 0 3 48495 0 0 7 0 0 128 22 0 8170682 18825164 13132196 0 0 0 17764909 0 0 713 0 
0 0 0 0 0 0 0 0 0 0 0 0 0 0 0 0 0 0 0 0 0 0 0 3 0 48545 48545 0 0 127 0 0 22 40171116 0 0 0 0 0 0 17783641 713 0 0 
0 0 0 0 0 0 0 0 0 0 0 0 0 0 0 0 0 0 0 0 0 0 0 3 48547 0 0 7 0 0 128 22 0 8176279 18846445 13146359 0 0 0 17785665 0 0 713 0 
0 0 0 0 0 0 0 0 0 0 0 0 0 0 0 0 0 0 0 0 0 0 0 3 0 48553 48553 0 0 127 0 0 22 40196604 0 0 0 0 0 0 17799039 713 0 0 
0 0 0 0 0 0 0 0 0 0 0 0 0 0 0 0 0 0 0 0 0 0 0 3 48555 0 0 7 0 0 128 22 0 8181999 18860758 13151816 0 0 0 17801063 0 0 713 0 
0 0 0 0 0 0 0 0 0 0 0 0 0 0 0 0 0 0 0 0 0 0 0 3 0 48609 48608 0 0 127 0 0 22 40230309 0 0 0 0 0 0 17814876 713 0 0 
0 0 0 0 0 0 0 0 0 0 0 0 0 0 0 0 0 0 0 0 0 0 0 3 48611 0 0 7 0 0 128 22 0 8186226 18877741 13164316 0 0 0 17816904 0 0 713 0 
0 0 0 0 0 0 0 0 0 0 0 0 0 0 0 0 0 0 0 0 0 0 0 3 0 48613 48612 0 0 127 0 0 22 40266965 0 0 0 0 0 0 17835740 713 0 0 
0 0 0 0 0 0 0 0 0 0 0 0 0 0 0 0 0 0 0 0 0 0 0 3 48615 0 0 7 0 0 128 22 0 8192168 18901126 13171646 0 0 0 17837768 0 0 713 0 
0 0 0 0 0 0 0 0 0 0 0 0 0 0 0 0 0 0 0 0 0 0 0 3 0 48669 48668 0 0 127 0 0 22 40302619 0 0 0 0 0 0 17859031 713 0 0 
0 0 0 0 0 0 0 0 0 0 0 0 0 0 0 0 0 0 0 0 0 0 0 3 48671 0 0 7 0 0 128 22 0 8196164 18921956 13182472 0 0 0 17861061 0 0 713 0 
0 0 0 0 0 0 0 0 0 0 0 0 0 0 0 0 0 0 0 0 0 0 0 3 0 48689 48688 0 0 127 0 0 22 40345794 0 0 0 0 0 0 17878892 713 0 0 
0 0 0 0 0 0 0 0 0 0 0 0 0 0 0 0 0 0 0 0 0 0 0 3 48690 0 0 7 0 0 128 22 0 8204696 18941762 13197303 0 0 0 17880926 0 0 713 0 
0 0 0 0 0 0 0 0 0 0 0 0 0 0 0 0 0 0 0 0 0 0 0 3 0 48733 48732 0 0 127 0 0 22 40366382 0 0 0 0 0 0 17889930 713 0 0 
0 0 0 0 0 0 0 0 0 0 0 0 0 0 0 0 0 0 0 0 0 0 0 3 48734 0 0 7 0 0 128 22 0 8207920 18953134 13203295 0 0 0 17891964 0 0 713 0 
0 0 0 0 0 0 0 0 0 0 0 0 0 0 0 0 0 0 0 0 0 0 0 3 0 48785 48784 0 0 127 0 0 22 40408844 0 0 0 0 0 0 17909991 713 0 0 
0 0 0 0 0 0 0 0 0 0 0 0 0 0 0 0 0 0 0 0 0 0 0 3 48786 0 0 7 0 0 128 22 0 8216042 18973040 13217724 0 0 0 17912027 0 0 713 0 
0 0 0 0 0 0 0 0 0 0 0 0 0 0 0 0 0 0 0 0 0 0 0 3 0 48793 48792 0 0 127 0 0 22 40439869 0 0 0 0 0 0 17924585 713 0 0 
0 0 0 0 0 0 0 0 0 0 0 0 0 0 0 0 0 0 0 0 0 0 0 3 48794 0 0 7 0 0 128 22 0 8221992 18990212 13225627 0 0 0 17926621 0 0 713 0 
0 0 0 0 0 0 0 0 0 0 0 0 0 0 0 0 0 0 0 0 0 0 0 3 0 48849 48848 0 0 127 0 0 22 40469617 0 0 0 0 0 0 17940835 713 0 0 
0 0 0 0 0 0 0 0 0 0 0 0 0 0 0 0 0 0 0 0 0 0 0 3 48850 0 0 7 0 0 128 22 0 8225990 19003940 13237639 0 0 0 17942871 0 0 713 0 
0 0 0 0 0 0 0 0 0 0 0 0 0 0 0 0 0 0 0 0 0 0 0 3 0 48905 48904 0 0 127 0 0 22 40510938 0 0 0 0 0 0 17958030 713 0 0 
0 0 0 0 0 0 0 0 0 0 0 0 0 0 0 0 0 0 0 0 0 0 0 3 48906 0 0 7 0 0 128 22 0 8235918 19021197 13251759 0 0 0 17960069 0 0 713 0 
0 0 0 0 0 0 0 0 0 0 0 0 0 0 0 0 0 0 0 0 0 0 0 3 0 48913 48912 0 0 127 0 0 22 40536356 0 0 0 0 0 0 17971737 713 0 0 
0 0 0 0 0 0 0 0 0 0 0 0 0 0 0 0 0 0 0 0 0 0 0 3 48914 0 0 7 0 0 128 22 0 8241867 19033877 13258550 0 0 0 17973777 0 0 713 0 
0 0 0 0 0 0 0 0 0 0 0 0 0 0 0 0 0 0 0 0 0 0 0 3 0 48969 48968 0 0 127 0 0 22 40569403 0 0 0 0 0 0 17987826 713 0 0 
0 0 0 0 0 0 0 0 0 0 0 0 0 0 0 0 0 0 0 0 0 0 0 3 48970 0 0 7 0 0 128 22 0 8245863 19051050 13270423 0 0 0 17989863 0 0 713 0 
0 0 0 0 0 0 0 0 0 0 0 0 0 0 0 0 0 0 0 0 0 0 0 3 0 48993 48992 0 0 127 0 0 22 40611197 0 0 0 0 0 0 18006525 713 0 0 
0 0 0 0 0 0 0 0 0 0 0 0 0 0 0 0 0 0 0 0 0 0 0 3 48994 0 0 7 0 0 128 22 0 8254622 19069595 13284914 0 0 0 18008567 0 0 713 0 
0 0 0 0 0 0 0 0 0 0 0 0 0 0 0 0 0 0 0 0 0 0 0 3 0 49033 49032 0 0 127 0 0 22 40633445 0 0 0 0 0 0 18020063 713 0 0 
0 0 0 0 0 0 0 0 0 0 0 0 0 0 0 0 0 0 0 0 0 0 0 3 49034 0 0 7 0 0 128 22 0 8257493 19083574 13290311 0 0 0 18022105 0 0 713 0 
0 0 0 0 0 0 0 0 0 0 0 0 0 0 0 0 0 0 0 0 0 0 0 3 0 49085 49084 0 0 127 0 0 22 40676635 0 0 0 0 0 0 18040547 713 0 0 
0 0 0 0 0 0 0 0 0 0 0 0 0 0 0 0 0 0 0 0 0 0 0 3 49086 0 0 7 0 0 128 22 0 8265735 19103899 13304932 0 0 0 18042592 0 0 713 0 
0 0 0 0 0 0 0 0 0 0 0 0 0 0 0 0 0 0 0 0 0 0 0 3 0 49093 49092 0 0 127 0 0 22 40705917 0 0 0 0 0 0 18053611 713 0 0 
0 0 0 0 0 0 0 0 0 0 0 0 0 0 0 0 0 0 0 0 0 0 0 3 49094 0 0 7 0 0 128 22 0 8271685 19119490 13312673 0 0 0 18055657 0 0 713 0 
0 0 0 0 0 0 0 0 0 0 0 0 0 0 0 0 0 0 0 0 0 0 0 3 0 49149 49148 0 0 127 0 0 22 40738257 0 0 0 0 0 0 18073215 713 0 0 
0 0 0 0 0 0 0 0 0 0 0 0 0 0 0 0 0 0 0 0 0 0 0 3 49150 0 0 7 0 0 128 22 0 8275685 19136630 13323873 0 0 0 18075270 0 0 713 0 
0 0 0 0 0 0 0 0 0 0 0 0 0 0 0 0 0 0 0 0 0 0 0 3 0 49205 49203 0 0 127 0 0 22 40779077 0 0 0 0 0 0 18090339 713 0 0 
0 0 0 0 0 0 0 0 0 0 0 0 0 0 0 0 0 0 0 0 0 0 0 3 49206 0 0 7 0 0 128 22 0 8285613 19153818 13337580 0 0 0 18092399 0 0 713 0 
0 0 0 0 0 0 0 0 0 0 0 0 0 0 0 0 0 0 0 0 0 0 0 3 0 49213 49211 0 0 127 0 0 22 40804655 0 0 0 0 0 0 18106304 713 0 0 
0 0 0 0 0 0 0 0 0 0 0 0 0 0 0 0 0 0 0 0 0 0 0 3 49214 0 0 7 0 0 128 22 0 8289964 19169118 13343507 0 0 0 18108365 0 0 713 0 
0 0 0 0 0 0 0 0 0 0 0 0 0 0 0 0 0 0 0 0 0 0 0 3 0 49265 49262 0 0 127 0 0 22 40844332 0 0 0 0 0 0 18126487 713 0 0 
0 0 0 0 0 0 0 0 0 0 0 0 0 0 0 0 0 0 0 0 0 0 0 3 49266 0 0 7 0 0 128 22 0 8295552 19190031 13356677 0 0 0 18128553 0 0 713 0 
0 0 0 0 0 0 0 0 0 0 0 0 0 0 0 0 0 0 0 0 0 0 0 3 0 49273 49270 0 0 127 0 0 22 40871312 0 0 0 0 0 0 18142162 713 0 0 
0 0 0 0 0 0 0 0 0 0 0 0 0 0 0 0 0 0 0 0 0 0 0 3 49274 0 0 7 0 0 128 22 0 8301502 19204856 13362883 0 0 0 18144228 0 0 713 0 
0 0 0 0 0 0 0 0 0 0 0 0 0 0 0 0 0 0 0 0 0 0 0 3 0 49329 49326 0 0 127 0 0 22 40905711 0 0 0 0 0 0 18159640 713 0 0 
0 0 0 0 0 0 0 0 0 0 0 0 0 0 0 0 0 0 0 0 0 0 0 3 49330 0 0 7 0 0 128 22 0 8305502 19223240 13374895 0 0 0 18161707 0 0 713 0 
0 0 0 0 0 0 0 0 0 0 0 0 0 0 0 0 0 0 0 0 0 0 0 3 0 49337 49334 0 0 127 0 0 22 40941513 0 0 0 0 0 0 18174235 713 0 0 
0 0 0 0 0 0 0 0 0 0 0 0 0 0 0 0 0 0 0 0 0 0 0 3 49338 0 0 7 0 0 128 22 0 8313648 19241141 13384654 0 0 0 18176305 0 0 713 0 
0 0 0 0 0 0 0 0 0 0 0 0 0 0 0 0 0 0 0 0 0 0 0 3 0 49389 49386 0 0 127 0 0 22 40966102 0 0 0 0 0 0 18191174 713 0 0 
0 0 0 0 0 0 0 0 0 0 0 0 0 0 0 0 0 0 0 0 0 0 0 3 49390 0 0 7 0 0 128 22 0 8315441 19254836 13393752 0 0 0 18193244 0 0 713 0 
0 0 0 0 0 0 0 0 0 0 0 0 0 0 0 0 0 0 0 0 0 0 0 3 0 49444 49442 0 0 127 0 0 22 41009258 0 0 0 0 0 0 18209877 713 0 0 
0 0 0 0 0 0 0 0 0 0 0 0 0 0 0 0 0 0 0 0 0 0 0 3 49446 0 0 7 0 0 128 22 0 8325370 19273602 13408219 0 0 0 18211951 0 0 713 0 
0 0 0 0 0 0 0 0 0 0 0 0 0 0 0 0 0 0 0 0 0 0 0 3 0 49452 49450 0 0 127 0 0 22 41037231 0 0 0 0 0 0 18225401 713 0 0 
0 0 0 0 0 0 0 0 0 0 0 0 0 0 0 0 0 0 0 0 0 0 0 3 49454 0 0 7 0 0 128 22 0 8331350 19288646 13415169 0 0 0 18227474 0 0 713 0 
0 0 0 0 0 0 0 0 0 0 0 0 0 0 0 0 0 0 0 0 0 0 0 3 0 49508 49506 0 0 127 0 0 22 41066238 0 0 0 0 0 0 18238466 713 0 0 
0 0 0 0 0 0 0 0 0 0 0 0 0 0 0 0 0 0 0 0 0 0 0 3 49510 0 0 7 0 0 128 22 0 8335356 19302252 13426555 0 0 0 18240539 0 0 713 0 
0 0 0 0 0 0 0 0 0 0 0 0 0 0 0 0 0 0 0 0 0 0 0 3 0 49528 49526 0 0 127 0 0 22 41108676 0 0 0 0 0 0 18258081 713 0 0 
0 0 0 0 0 0 0 0 0 0 0 0 0 0 0 0 0 0 0 0 0 0 0 3 49530 0 0 7 0 0 128 22 0 8343913 19321797 13440892 0 0 0 18260155 0 0 713 0 
0 0 0 0 0 0 0 0 0 0 0 0 0 0 0 0 0 0 0 0 0 0 0 3 0 49572 49570 0 0 127 0 0 22 41130344 0 0 0 0 0 0 18268152 713 0 0 
0 0 0 0 0 0 0 0 0 0 0 0 0 0 0 0 0 0 0 0 0 0 0 3 49574 0 0 7 0 0 128 22 0 8349082 19331462 13447725 0 0 0 18270226 0 0 713 0 
0 0 0 0 0 0 0 0 0 0 0 0 0 0 0 0 0 0 0 0 0 0 0 3 0 49627 49622 0 0 127 0 0 22 41166208 0 0 0 0 0 0 18283397 713 0 0 
0 0 0 0 0 0 0 0 0 0 0 0 0 0 0 0 0 0 0 0 0 0 0 3 49626 0 0 7 0 0 128 22 0 8355230 19347296 13461608 0 0 0 18285470 0 0 713 0 
0 0 0 0 0 0 0 0 0 0 0 0 0 0 0 0 0 0 0 0 0 0 0 3 0 49632 49630 0 0 127 0 0 22 41193818 0 0 0 0 0 0 18295718 713 0 0 
0 0 0 0 0 0 0 0 0 0 0 0 0 0 0 0 0 0 0 0 0 0 0 3 49634 0 0 7 0 0 128 22 0 8361173 19361569 13469006 0 0 0 18297791 0 0 713 0 
0 0 0 0 0 0 0 0 0 0 0 0 0 0 0 0 0 0 0 0 0 0 0 3 0 49688 49686 0 0 127 0 0 22 41222134 0 0 0 0 0 0 18309158 713 0 0 
0 0 0 0 0 0 0 0 0 0 0 0 0 0 0 0 0 0 0 0 0 0 0 3 49690 0 0 7 0 0 128 22 0 8365172 19373119 13481773 0 0 0 18311235 0 0 713 0 
0 0 0 0 0 0 0 0 0 0 0 0 0 0 0 0 0 0 0 0 0 0 0 3 0 49744 49742 0 0 127 0 0 22 41266744 0 0 0 0 0 0 18329653 713 0 0 
0 0 0 0 0 0 0 0 0 0 0 0 0 0 0 0 0 0 0 0 0 0 0 3 49746 0 0 7 0 0 128 22 0 8375103 19393677 13495886 0 0 0 18331731 0 0 713 0 
0 0 0 0 0 0 0 0 0 0 0 0 0 0 0 0 0 0 0 0 0 0 0 3 0 49752 49750 0 0 127 0 0 22 41294513 0 0 0 0 0 0 18345693 713 0 0 
0 0 0 0 0 0 0 0 0 0 0 0 0 0 0 0 0 0 0 0 0 0 0 3 49754 0 0 7 0 0 128 22 0 8380860 19409051 13502524 0 0 0 18347774 0 0 713 0 
0 0 0 0 0 0 0 0 0 0 0 0 0 0 0 0 0 0 0 0 0 0 0 3 0 49808 49806 0 0 127 0 0 22 41328212 0 0 0 0 0 0 18360952 713 0 0 
0 0 0 0 0 0 0 0 0 0 0 0 0 0 0 0 0 0 0 0 0 0 0 3 49810 0 0 7 0 0 128 22 0 8385051 19425036 13516041 0 0 0 18363034 0 0 713 0 
0 0 0 0 0 0 0 0 0 0 0 0 0 0 0 0 0 0 0 0 0 0 0 3 0 49832 49830 0 0 127 0 0 22 41371239 0 0 0 0 0 0 18381902 713 0 0 
0 0 0 0 0 0 0 0 0 0 0 0 0 0 0 0 0 0 0 0 0 0 0 3 49834 0 0 7 0 0 128 22 0 8393807 19445829 13529516 0 0 0 18383983 0 0 713 0 
0 0 0 0 0 0 0 0 0 0 0 0 0 0 0 0 0 0 0 0 0 0 0 3 0 49871 49870 0 0 127 0 0 22 41391007 0 0 0 0 0 0 18391984 713 0 0 
0 0 0 0 0 0 0 0 0 0 0 0 0 0 0 0 0 0 0 0 0 0 0 3 49874 0 0 7 0 0 128 22 0 8397224 19456164 13535535 0 0 0 18394066 0 0 713 0 
0 0 0 0 0 0 0 0 0 0 0 0 0 0 0 0 0 0 0 0 0 0 0 3 0 49923 49922 0 0 127 0 0 22 41433476 0 0 0 0 0 0 18411697 713 0 0 
0 0 0 0 0 0 0 0 0 0 0 0 0 0 0 0 0 0 0 0 0 0 0 3 49926 0 0 7 0 0 128 22 0 8404918 19475903 13550576 0 0 0 18413781 0 0 713 0 
0 0 0 0 0 0 0 0 0 0 0 0 0 0 0 0 0 0 0 0 0 0 0 3 0 49931 49930 0 0 127 0 0 22 41463376 0 0 0 0 0 0 18428896 713 0 0 
0 0 0 0 0 0 0 0 0 0 0 0 0 0 0 0 0 0 0 0 0 0 0 3 49934 0 0 7 0 0 128 22 0 8410868 19493198 13557230 0 0 0 18430980 0 0 713 0 
0 0 0 0 0 0 0 0 0 0 0 0 0 0 0 0 0 0 0 0 0 0 0 3 0 49987 49986 0 0 127 0 0 22 41495608 0 0 0 0 0 0 18444012 713 0 0 
0 0 0 0 0 0 0 0 0 0 0 0 0 0 0 0 0 0 0 0 0 0 0 3 49990 0 0 7 0 0 128 22 0 8414867 19508275 13570383 0 0 0 18446099 0 0 713 0 
0 0 0 0 0 0 0 0 0 0 0 0 0 0 0 0 0 0 0 0 0 0 0 3 0 50043 50042 0 0 127 0 0 22 41535292 0 0 0 0 0 0 18460420 713 0 0 
0 0 0 0 0 0 0 0 0 0 0 0 0 0 0 0 0 0 0 0 0 0 0 3 50045 0 0 7 0 0 128 22 0 8424795 19524745 13583665 0 0 0 18462507 0 0 713 0 
0 0 0 0 0 0 0 0 0 0 0 0 0 0 0 0 0 0 0 0 0 0 0 3 0 50051 50050 0 0 127 0 0 22 41560723 0 0 0 0 0 0 18476013 713 0 0 
0 0 0 0 0 0 0 0 0 0 0 0 0 0 0 0 0 0 0 0 0 0 0 3 50053 0 0 7 0 0 128 22 0 8428731 19539729 13590176 0 0 0 18478100 0 0 713 0 
0 0 0 0 0 0 0 0 0 0 0 0 0 0 0 0 0 0 0 0 0 0 0 3 0 50103 50102 0 0 127 0 0 22 41599292 0 0 0 0 0 0 18493952 713 0 0 
0 0 0 0 0 0 0 0 0 0 0 0 0 0 0 0 0 0 0 0 0 0 0 3 50105 0 0 7 0 0 128 22 0 8434736 19558340 13604123 0 0 0 18496043 0 0 713 0 
0 0 0 0 0 0 0 0 0 0 0 0 0 0 0 0 0 0 0 0 0 0 0 3 0 50111 50110 0 0 127 0 0 22 41631277 0 0 0 0 0 0 18510010 713 0 0 
0 0 0 0 0 0 0 0 0 0 0 0 0 0 0 0 0 0 0 0 0 0 0 3 50113 0 0 7 0 0 128 22 0 8440686 19576625 13611873 0 0 0 18512101 0 0 713 0 
0 0 0 0 0 0 0 0 0 0 0 0 0 0 0 0 0 0 0 0 0 0 0 3 0 50167 50166 0 0 127 0 0 22 41665619 0 0 0 0 0 0 18530136 713 0 0 
0 0 0 0 0 0 0 0 0 0 0 0 0 0 0 0 0 0 0 0 0 0 0 3 50169 0 0 7 0 0 128 22 0 8444684 19594583 13624254 0 0 0 18532231 0 0 713 0 
0 0 0 0 0 0 0 0 0 0 0 0 0 0 0 0 0 0 0 0 0 0 0 3 0 50223 50222 0 0 127 0 0 22 41706888 0 0 0 0 0 0 18548022 713 0 0 
0 0 0 0 0 0 0 0 0 0 0 0 0 0 0 0 0 0 0 0 0 0 0 3 50225 0 0 7 0 0 128 22 0 8454665 19612533 13637592 0 0 0 18550122 0 0 713 0 
0 0 0 0 0 0 0 0 0 0 0 0 0 0 0 0 0 0 0 0 0 0 0 3 0 50231 50230 0 0 127 0 0 22 41734765 0 0 0 0 0 0 18565656 713 0 0 
0 0 0 0 0 0 0 0 0 0 0 0 0 0 0 0 0 0 0 0 0 0 0 3 50233 0 0 7 0 0 128 22 0 8459968 19629336 13643365 0 0 0 18567756 0 0 713 0 
0 0 0 0 0 0 0 0 0 0 0 0 0 0 0 0 0 0 0 0 0 0 0 3 0 50283 50282 0 0 127 0 0 22 41776019 0 0 0 0 0 0 18588903 713 0 0 
0 0 0 0 0 0 0 0 0 0 0 0 0 0 0 0 0 0 0 0 0 0 0 3 50285 0 0 7 0 0 128 22 0 8464606 19653474 13655837 0 0 0 18591003 0 0 713 0 
0 0 0 0 0 0 0 0 0 0 0 0 0 0 0 0 0 0 0 0 0 0 0 3 0 50291 50290 0 0 127 0 0 22 41806643 0 0 0 0 0 0 18606035 713 0 0 
0 0 0 0 0 0 0 0 0 0 0 0 0 0 0 0 0 0 0 0 0 0 0 3 50293 0 0 7 0 0 128 22 0 8470555 19671652 13662337 0 0 0 18608136 0 0 713 0 
0 0 0 0 0 0 0 0 0 0 0 0 0 0 0 0 0 0 0 0 0 0 0 3 0 50347 50346 0 0 127 0 0 22 41839756 0 0 0 0 0 0 18624211 713 0 0 
0 0 0 0 0 0 0 0 0 0 0 0 0 0 0 0 0 0 0 0 0 0 0 3 50349 0 0 7 0 0 128 22 0 8474554 19688839 13674264 0 0 0 18626313 0 0 713 0 
0 0 0 0 0 0 0 0 0 0 0 0 0 0 0 0 0 0 0 0 0 0 0 3 0 50371 50370 0 0 127 0 0 22 41881530 0 0 0 0 0 0 18643630 713 0 0 
0 0 0 0 0 0 0 0 0 0 0 0 0 0 0 0 0 0 0 0 0 0 0 3 50373 0 0 7 0 0 128 22 0 8483311 19708106 13688013 0 0 0 18645739 0 0 713 0 
0 0 0 0 0 0 0 0 0 0 0 0 0 0 0 0 0 0 0 0 0 0 0 3 0 50411 50410 0 0 127 0 0 22 41903454 0 0 0 0 0 0 18654975 713 0 0 
0 0 0 0 0 0 0 0 0 0 0 0 0 0 0 0 0 0 0 0 0 0 0 3 50413 0 0 7 0 0 128 22 0 8487468 19719473 13694415 0 0 0 18657084 0 0 713 0 
0 0 0 0 0 0 0 0 0 0 0 0 0 0 0 0 0 0 0 0 0 0 0 3 0 50463 50462 0 0 127 0 0 22 41941041 0 0 0 0 0 0 18671396 713 0 0 
0 0 0 0 0 0 0 0 0 0 0 0 0 0 0 0 0 0 0 0 0 0 0 3 50465 0 0 7 0 0 128 22 0 8494422 19736150 13708370 0 0 0 18673507 0 0 713 0 
0 0 0 0 0 0 0 0 0 0 0 0 0 0 0 0 0 0 0 0 0 0 0 3 0 50474 50470 0 0 127 0 0 22 41973414 0 0 0 0 0 0 18686879 713 0 0 
0 0 0 0 0 0 0 0 0 0 0 0 0 0 0 0 0 0 0 0 0 0 0 3 50473 0 0 7 0 0 128 22 0 8500377 19754522 13716417 0 0 0 18688990 0 0 713 0 
0 0 0 0 0 0 0 0 0 0 0 0 0 0 0 0 0 0 0 0 0 0 0 3 0 50527 50526 0 0 127 0 0 22 42004813 0 0 0 0 0 0 18705427 713 0 0 
0 0 0 0 0 0 0 0 0 0 0 0 0 0 0 0 0 0 0 0 0 0 0 3 50529 0 0 7 0 0 128 22 0 8504370 19770241 13728099 0 0 0 18707542 0 0 713 0 
0 0 0 0 0 0 0 0 0 0 0 0 0 0 0 0 0 0 0 0 0 0 0 3 0 50583 50582 0 0 127 0 0 22 42045305 0 0 0 0 0 0 18722274 713 0 0 
0 0 0 0 0 0 0 0 0 0 0 0 0 0 0 0 0 0 0 0 0 0 0 3 50585 0 0 7 0 0 128 22 0 8514299 19787152 13741748 0 0 0 18724392 0 0 713 0 
0 0 0 0 0 0 0 0 0 0 0 0 0 0 0 0 0 0 0 0 0 0 0 3 0 50591 50590 0 0 127 0 0 22 42070680 0 0 0 0 0 0 18736543 713 0 0 
0 0 0 0 0 0 0 0 0 0 0 0 0 0 0 0 0 0 0 0 0 0 0 3 50593 0 0 7 0 0 128 22 0 8520074 19800302 13748197 0 0 0 18738662 0 0 713 0 
0 0 0 0 0 0 0 0 0 0 0 0 0 0 0 0 0 0 0 0 0 0 0 3 0 50647 50646 0 0 127 0 0 22 42106139 0 0 0 0 0 0 18753978 713 0 0 
0 0 0 0 0 0 0 0 0 0 0 0 0 0 0 0 0 0 0 0 0 0 0 3 50649 0 0 7 0 0 128 22 0 8524245 19818918 13760873 0 0 0 18756100 0 0 713 0 
0 0 0 0 0 0 0 0 0 0 0 0 0 0 0 0 0 0 0 0 0 0 0 3 0 50663 50662 0 0 127 0 0 22 42148595 0 0 0 0 0 0 18774156 713 0 0 
0 0 0 0 0 0 0 0 0 0 0 0 0 0 0 0 0 0 0 0 0 0 0 3 50665 0 0 7 0 0 128 22 0 8532773 19840388 13773328 0 0 0 18776284 0 0 713 0 
0 0 0 0 0 0 0 0 0 0 0 0 0 0 0 0 0 0 0 0 0 0 0 3 0 50707 50706 0 0 127 0 0 22 42171194 0 0 0 0 0 0 18788339 713 0 0 
0 0 0 0 0 0 0 0 0 0 0 0 0 0 0 0 0 0 0 0 0 0 0 3 50709 0 0 7 0 0 128 22 0 8534186 19853341 13781563 0 0 0 18790466 0 0 713 0 
0 0 0 0 0 0 0 0 0 0 0 0 0 0 0 0 0 0 0 0 0 0 0 3 0 50763 50762 0 0 127 0 0 22 42211779 0 0 0 0 0 0 18804877 713 0 0 
0 0 0 0 0 0 0 0 0 0 0 0 0 0 0 0 0 0 0 0 0 0 0 3 50765 0 0 7 0 0 128 22 0 8544115 19869941 13795625 0 0 0 18807007 0 0 713 0 
0 0 0 0 0 0 0 0 0 0 0 0 0 0 0 0 0 0 0 0 0 0 0 3 0 50771 50770 0 0 127 0 0 22 42238491 0 0 0 0 0 0 18819661 713 0 0 
0 0 0 0 0 0 0 0 0 0 0 0 0 0 0 0 0 0 0 0 0 0 0 3 50773 0 0 7 0 0 128 22 0 8550065 19883609 13802720 0 0 0 18821791 0 0 713 0 
0 0 0 0 0 0 0 0 0 0 0 0 0 0 0 0 0 0 0 0 0 0 0 3 0 50827 50826 0 0 127 0 0 22 42270324 0 0 0 0 0 0 18833027 713 0 0 
0 0 0 0 0 0 0 0 0 0 0 0 0 0 0 0 0 0 0 0 0 0 0 3 50829 0 0 7 0 0 128 22 0 8554064 19898151 13816004 0 0 0 18835161 0 0 713 0 
0 0 0 0 0 0 0 0 0 0 0 0 0 0 0 0 0 0 0 0 0 0 0 3 0 50867 50866 0 0 127 0 0 22 42308718 0 0 0 0 0 0 18849161 713 0 0 
0 0 0 0 0 0 0 0 0 0 0 0 0 0 0 0 0 0 0 0 0 0 0 3 50869 0 0 7 0 0 128 22 0 8563067 19914452 13829086 0 0 0 18851297 0 0 713 0 
0 0 0 0 0 0 0 0 0 0 0 0 0 0 0 0 0 0 0 0 0 0 0 3 0 50891 50890 0 0 127 0 0 22 42333097 0 0 0 0 0 0 18864740 713 0 0 
0 0 0 0 0 0 0 0 0 0 0 0 0 0 0 0 0 0 0 0 0 0 0 3 50893 0 0 7 0 0 128 22 0 8566234 19930022 13834729 0 0 0 18866879 0 0 713 0 
0 0 0 0 0 0 0 0 0 0 0 0 0 0 0 0 0 0 0 0 0 0 0 3 0 50943 50942 0 0 127 0 0 22 42373639 0 0 0 0 0 0 18883249 713 0 0 
0 0 0 0 0 0 0 0 0 0 0 0 0 0 0 0 0 0 0 0 0 0 0 3 50945 0 0 7 0 0 128 22 0 8573929 19948495 13849100 0 0 0 18885389 0 0 713 0 
0 0 0 0 0 0 0 0 0 0 0 0 0 0 0 0 0 0 0 0 0 0 0 3 0 50951 50950 0 0 127 0 0 22 42405844 0 0 0 0 0 0 18899318 713 0 0 
0 0 0 0 0 0 0 0 0 0 0 0 0 0 0 0 0 0 0 0 0 0 0 3 50953 0 0 7 0 0 128 22 0 8579879 19967012 13856837 0 0 0 18901461 0 0 713 0 
0 0 0 0 0 0 0 0 0 0 0 0 0 0 0 0 0 0 0 0 0 0 0 3 0 51007 51006 0 0 127 0 0 22 42434876 0 0 0 0 0 0 18914355 713 0 0 
0 0 0 0 0 0 0 0 0 0 0 0 0 0 0 0 0 0 0 0 0 0 0 3 51009 0 0 7 0 0 128 22 0 8583880 19979662 13869215 0 0 0 18916501 0 0 713 0 
0 0 0 0 0 0 0 0 0 0 0 0 0 0 0 0 0 0 0 0 0 0 0 3 0 51063 51062 0 0 127 0 0 22 42478323 0 0 0 0 0 0 18932906 713 0 0 
0 0 0 0 0 0 0 0 0 0 0 0 0 0 0 0 0 0 0 0 0 0 0 3 51065 0 0 7 0 0 128 22 0 8593808 19998274 13884119 0 0 0 18935056 0 0 713 0 
0 0 0 0 0 0 0 0 0 0 0 0 0 0 0 0 0 0 0 0 0 0 0 3 0 51071 51070 0 0 127 0 0 22 42504306 0 0 0 0 0 0 18945794 713 0 0 
0 0 0 0 0 0 0 0 0 0 0 0 0 0 0 0 0 0 0 0 0 0 0 3 51073 0 0 7 0 0 128 22 0 8599758 20010889 13891538 0 0 0 18947944 0 0 713 0 
0 0 0 0 0 0 0 0 0 0 0 0 0 0 0 0 0 0 0 0 0 0 0 3 0 51127 51126 0 0 127 0 0 22 42532740 0 0 0 0 0 0 18957659 713 0 0 
0 0 0 0 0 0 0 0 0 0 0 0 0 0 0 0 0 0 0 0 0 0 0 3 51129 0 0 7 0 0 128 22 0 8603755 20023087 13903776 0 0 0 18959811 0 0 713 0 
0 0 0 0 0 0 0 0 0 0 0 0 0 0 0 0 0 0 0 0 0 0 0 3 0 51151 51150 0 0 127 0 0 22 42574801 0 0 0 0 0 0 18977240 713 0 0 
0 0 0 0 0 0 0 0 0 0 0 0 0 0 0 0 0 0 0 0 0 0 0 3 51153 0 0 7 0 0 128 22 0 8612512 20042509 13917652 0 0 0 18979394 0 0 713 0 
0 0 0 0 0 0 0 0 0 0 0 0 0 0 0 0 0 0 0 0 0 0 0 3 0 51191 51190 0 0 127 0 0 22 42597942 0 0 0 0 0 0 18989155 713 0 0 
0 0 0 0 0 0 0 0 0 0 0 0 0 0 0 0 0 0 0 0 0 0 0 3 51193 0 0 7 0 0 128 22 0 8617370 20054247 13924198 0 0 0 18991309 0 0 713 0 
0 0 0 0 0 0 0 0 0 0 0 0 0 0 0 0 0 0 0 0 0 0 0 3 0 51246 51242 0 0 127 0 0 22 42635499 0 0 0 0 0 0 19006031 713 0 0 
0 0 0 0 0 0 0 0 0 0 0 0 0 0 0 0 0 0 0 0 0 0 0 3 51245 0 0 7 0 0 128 22 0 8623629 20071578 13938170 0 0 0 19008188 0 0 713 0 
0 0 0 0 0 0 0 0 0 0 0 0 0 0 0 0 0 0 0 0 0 0 0 3 0 51255 51254 0 0 127 0 0 22 42671842 0 0 0 0 0 0 19020777 713 0 0 
0 0 0 0 0 0 0 0 0 0 0 0 0 0 0 0 0 0 0 0 0 0 0 3 51257 0 0 7 0 0 128 22 0 8631473 20089728 13948522 0 0 0 19022935 0 0 713 0 
0 0 0 0 0 0 0 0 0 0 0 0 0 0 0 0 0 0 0 0 0 0 0 3 0 51307 51306 0 0 127 0 0 22 42696879 0 0 0 0 0 0 19034757 713 0 0 
0 0 0 0 0 0 0 0 0 0 0 0 0 0 0 0 0 0 0 0 0 0 0 3 51309 0 0 7 0 0 128 22 0 8633572 20100367 13960815 0 0 0 19036919 0 0 713 0 
0 0 0 0 0 0 0 0 0 0 0 0 0 0 0 0 0 0 0 0 0 0 0 3 0 51363 51362 0 0 127 0 0 22 42738304 0 0 0 0 0 0 19052719 713 0 0 
0 0 0 0 0 0 0 0 0 0 0 0 0 0 0 0 0 0 0 0 0 0 0 3 51364 0 0 7 0 0 128 22 0 8643499 20118391 13974282 0 0 0 19054885 0 0 713 0 
0 0 0 0 0 0 0 0 0 0 0 0 0 0 0 0 0 0 0 0 0 0 0 3 0 51371 51370 0 0 127 0 0 22 42763581 0 0 0 0 0 0 19065863 713 0 0 
0 0 0 0 0 0 0 0 0 0 0 0 0 0 0 0 0 0 0 0 0 0 0 3 51372 0 0 7 0 0 128 22 0 8649389 20130556 13981505 0 0 0 19068028 0 0 713 0 
0 0 0 0 0 0 0 0 0 0 0 0 0 0 0 0 0 0 0 0 0 0 0 3 0 51427 51426 0 0 127 0 0 22 42796034 0 0 0 0 0 0 19080347 713 0 0 
0 0 0 0 0 0 0 0 0 0 0 0 0 0 0 0 0 0 0 0 0 0 0 3 51428 0 0 7 0 0 128 22 0 8653445 20146079 13994381 0 0 0 19082514 0 0 713 0 
0 0 0 0 0 0 0 0 0 0 0 0 0 0 0 0 0 0 0 0 0 0 0 3 0 51447 51446 0 0 127 0 0 22 42838628 0 0 0 0 0 0 19099482 713 0 0 
0 0 0 0 0 0 0 0 0 0 0 0 0 0 0 0 0 0 0 0 0 0 0 3 51447 0 0 7 0 0 128 22 0 8661979 20165159 14009361 0 0 0 19101648 0 0 713 0 
0 0 0 0 0 0 0 0 0 0 0 0 0 0 0 0 0 0 0 0 0 0 0 3 0 51488 51486 0 0 127 0 0 22 42857846 0 0 0 0 0 0 19112396 713 0 0 
0 0 0 0 0 0 0 0 0 0 0 0 0 0 0 0 0 0 0 0 0 0 0 3 51487 0 0 7 0 0 128 22 0 8663390 20178188 14014139 0 0 0 19114562 0 0 713 0 
0 0 0 0 0 0 0 0 0 0 0 0 0 0 0 0 0 0 0 0 0 0 0 3 0 51543 51542 0 0 127 0 0 22 42901724 0 0 0 0 0 0 19132305 713 0 0 
0 0 0 0 0 0 0 0 0 0 0 0 0 0 0 0 0 0 0 0 0 0 0 3 51543 0 0 7 0 0 128 22 0 8673316 20198159 14028124 0 0 0 19134474 0 0 713 0 
0 0 0 0 0 0 0 0 0 0 0 0 0 0 0 0 0 0 0 0 0 0 0 3 0 51551 51550 0 0 127 0 0 22 42929970 0 0 0 0 0 0 19149967 713 0 0 
0 0 0 0 0 0 0 0 0 0 0 0 0 0 0 0 0 0 0 0 0 0 0 3 51551 0 0 7 0 0 128 22 0 8678906 20214797 14034142 0 0 0 19152137 0 0 713 0 
0 0 0 0 0 0 0 0 0 0 0 0 0 0 0 0 0 0 0 0 0 0 0 3 0 51602 51602 0 0 127 0 0 22 42965396 0 0 0 0 0 0 19166000 713 0 0 
0 0 0 0 0 0 0 0 0 0 0 0 0 0 0 0 0 0 0 0 0 0 0 3 51603 0 0 7 0 0 128 22 0 8683255 20231914 14048096 0 0 0 19168171 0 0 713 0 
0 0 0 0 0 0 0 0 0 0 0 0 0 0 0 0 0 0 0 0 0 0 0 3 0 51610 51610 0 0 127 0 0 22 42996145 0 0 0 0 0 0 19179837 713 0 0 
0 0 0 0 0 0 0 0 0 0 0 0 0 0 0 0 0 0 0 0 0 0 0 3 51611 0 0 7 0 0 128 22 0 8689229 20247872 14056913 0 0 0 19182008 0 0 713 0 
0 0 0 0 0 0 0 0 0 0 0 0 0 0 0 0 0 0 0 0 0 0 0 3 0 51666 51666 0 0 127 0 0 22 43028603 0 0 0 0 0 0 19199091 713 0 0 
0 0 0 0 0 0 0 0 0 0 0 0 0 0 0 0 0 0 0 0 0 0 0 3 51667 0 0 7 0 0 128 22 0 8693239 20265062 14068167 0 0 0 19201265 0 0 713 0 
0 0 0 0 0 0 0 0 0 0 0 0 0 0 0 0 0 0 0 0 0 0 0 3 0 51690 51690 0 0 127 0 0 22 43071003 0 0 0 0 0 0 19218679 713 0 0 
0 0 0 0 0 0 0 0 0 0 0 0 0 0 0 0 0 0 0 0 0 0 0 3 51691 0 0 7 0 0 128 22 0 8702016 20284501 14082348 0 0 0 19220863 0 0 713 0 
0 0 0 0 0 0 0 0 0 0 0 0 0 0 0 0 0 0 0 0 0 0 0 3 0 51730 51730 0 0 127 0 0 22 43092833 0 0 0 0 0 0 19232546 713 0 0 
0 0 0 0 0 0 0 0 0 0 0 0 0 0 0 0 0 0 0 0 0 0 0 3 51731 0 0 7 0 0 128 22 0 8704198 20299055 14087442 0 0 0 19234730 0 0 713 0 
0 0 0 0 0 0 0 0 0 0 0 0 0 0 0 0 0 0 0 0 0 0 0 3 0 51782 51782 0 0 127 0 0 22 43136514 0 0 0 0 0 0 19253210 713 0 0 
0 0 0 0 0 0 0 0 0 0 0 0 0 0 0 0 0 0 0 0 0 0 0 3 51783 0 0 7 0 0 128 22 0 8713128 20319311 14101933 0 0 0 19255396 0 0 713 0 
0 0 0 0 0 0 0 0 0 0 0 0 0 0 0 0 0 0 0 0 0 0 0 3 0 51790 51790 0 0 127 0 0 22 43164206 0 0 0 0 0 0 19269104 713 0 0 
0 0 0 0 0 0 0 0 0 0 0 0 0 0 0 0 0 0 0 0 0 0 0 3 51791 0 0 7 0 0 128 22 0 8719078 20334278 14108709 0 0 0 19271290 0 0 713 0 
0 0 0 0 0 0 0 0 0 0 0 0 0 0 0 0 0 0 0 0 0 0 0 3 0 51846 51846 0 0 127 0 0 22 43196037 0 0 0 0 0 0 19282156 713 0 0 
0 0 0 0 0 0 0 0 0 0 0 0 0 0 0 0 0 0 0 0 0 0 0 3 51847 0 0 7 0 0 128 22 0 8723075 20348317 14122502 0 0 0 19284344 0 0 713 0 
0 0 0 0 0 0 0 0 0 0 0 0 0 0 0 0 0 0 0 0 0 0 0 3 0 51870 51870 0 0 127 0 0 22 43237655 0 0 0 0 0 0 19301463 713 0 0 
0 0 0 0 0 0 0 0 0 0 0 0 0 0 0 0 0 0 0 0 0 0 0 3 51871 0 0 7 0 0 128 22 0 8731833 20367466 14136212 0 0 0 19303649 0 0 713 0 
0 0 0 0 0 0 0 0 0 0 0 0 0 0 0 0 0 0 0 0 0 0 0 3 0 51910 51910 0 0 127 0 0 22 43258292 0 0 0 0 0 0 19312757 713 0 0 
0 0 0 0 0 0 0 0 0 0 0 0 0 0 0 0 0 0 0 0 0 0 0 3 51911 0 0 7 0 0 128 22 0 8735096 20379084 14141969 0 0 0 19314943 0 0 713 0 
0 0 0 0 0 0 0 0 0 0 0 0 0 0 0 0 0 0 0 0 0 0 0 3 0 51962 51962 0 0 127 0 0 22 43299084 0 0 0 0 0 0 19331357 713 0 0 
0 0 0 0 0 0 0 0 0 0 0 0 0 0 0 0 0 0 0 0 0 0 0 3 51963 0 0 7 0 0 128 22 0 8742944 20397639 14156356 0 0 0 19333546 0 0 713 0 
0 0 0 0 0 0 0 0 0 0 0 0 0 0 0 0 0 0 0 0 0 0 0 3 0 51973 51970 0 0 127 0 0 22 43330676 0 0 0 0 0 0 19345891 713 0 0 
0 0 0 0 0 0 0 0 0 0 0 0 0 0 0 0 0 0 0 0 0 0 0 3 51971 0 0 7 0 0 128 22 0 8748898 20415155 14164477 0 0 0 19348080 0 0 713 0 
0 0 0 0 0 0 0 0 0 0 0 0 0 0 0 0 0 0 0 0 0 0 0 3 0 52026 52026 0 0 127 0 0 22 43357753 0 0 0 0 0 0 19360117 713 0 0 
0 0 0 0 0 0 0 0 0 0 0 0 0 0 0 0 0 0 0 0 0 0 0 3 52027 0 0 7 0 0 128 22 0 8752892 20426455 14176251 0 0 0 19362305 0 0 713 0 
0 0 0 0 0 0 0 0 0 0 0 0 0 0 0 0 0 0 0 0 0 0 0 3 0 52082 52082 0 0 127 0 0 22 43400089 0 0 0 0 0 0 19378410 713 0 0 
0 0 0 0 0 0 0 0 0 0 0 0 0 0 0 0 0 0 0 0 0 0 0 3 52083 0 0 7 0 0 128 22 0 8762820 20444812 14190292 0 0 0 19380602 0 0 713 0 
0 0 0 0 0 0 0 0 0 0 0 0 0 0 0 0 0 0 0 0 0 0 0 3 0 52090 52090 0 0 127 0 0 22 43427632 0 0 0 0 0 0 19394971 713 0 0 
0 0 0 0 0 0 0 0 0 0 0 0 0 0 0 0 0 0 0 0 0 0 0 3 52091 0 0 7 0 0 128 22 0 8768460 20460380 14196628 0 0 0 19397163 0 0 713 0 
0 0 0 0 0 0 0 0 0 0 0 0 0 0 0 0 0 0 0 0 0 0 0 3 0 52146 52146 0 0 127 0 0 22 43461746 0 0 0 0 0 0 19410258 713 0 0 
0 0 0 0 0 0 0 0 0 0 0 0 0 0 0 0 0 0 0 0 0 0 0 3 52146 0 0 7 0 0 128 22 0 8772767 20476722 14210095 0 0 0 19412455 0 0 713 0 
0 0 0 0 0 0 0 0 0 0 0 0 0 0 0 0 0 0 0 0 0 0 0 3 0 52162 52162 0 0 127 0 0 22 43506920 0 0 0 0 0 0 19427371 713 0 0 
0 0 0 0 0 0 0 0 0 0 0 0 0 0 0 0 0 0 0 0 0 0 0 3 52162 0 0 7 0 0 128 22 0 8786591 20495084 14223079 0 0 0 19429570 0 0 713 0 
<====
0 0 0 0 0 0 0 0 0 0 0 0 0 0 0 0 0 0 0 0 0 0 0 3 0 52202 52198 0 0 127 0 0 22 43515569 0 0 0 0 0 0 19429274 713 0 0 
0 0 0 0 0 0 0 0 0 0 0 0 0 0 0 0 0 0 0 0 0 0 0 3 52198 0 0 7 0 0 128 22 0 8792669 20495796 14224939 0 0 0 19431475 0 0 713 0 
0 0 0 0 0 0 0 0 0 0 0 0 0 0 0 0 0 0 0 0 0 0 0 3 0 52202 52198 0 0 127 0 0 22 43515569 0 0 0 0 0 0 19429274 713 0 0 
0 0 0 0 0 0 0 0 0 0 0 0 0 0 0 0 0 0 0 0 0 0 0 3 52198 0 0 7 0 0 128 22 0 8792669 20495796 14224939 0 0 0 19431475 0 0 713 0 
0 0 0 0 0 0 0 0 0 0 0 0 0 0 0 0 0 0 0 0 0 0 0 3 0 52202 52198 0 0 127 0 0 22 43515569 0 0 0 0 0 0 19429274 713 0 0 
0 0 0 0 0 0 0 0 0 0 0 0 0 0 0 0 0 0 0 0 0 0 0 3 52198 0 0 7 0 0 128 22 0 8792669 20495796 14224939 0 0 0 19431475 0 0 713 0 
0 0 0 0 0 0 0 0 0 0 0 0 0 0 0 0 0 0 0 0 0 0 0 3 0 52202 52198 0 0 127 0 0 22 43515569 0 0 0 0 0 0 19429274 713 0 0 
0 0 0 0 0 0 0 0 0 0 0 0 0 0 0 0 0 0 0 0 0 0 0 3 52198 0 0 7 0 0 128 22 0 8792669 20495796 14224939 0 0 0 19431475 0 0 713 0 
