0 0 0 0 0 0 0 0 0 0 0 0 0 0 0 0 0 0 0 0 0 0 0 3 47703 0 0 19 0 0 292 52 0 53897764 0 0 0 0 0 21272505 0 0 2094 0 
0 0 0 0 0 0 0 0 0 0 0 0 0 0 0 0 0 0 0 0 0 0 0 3 0 47701 47692 0 0 295 0 0 52 42083628 11951575 0 0 0 0 0 21298841 2119 0 0 
0 0 0 0 0 0 0 0 0 0 0 0 0 0 0 0 0 0 0 0 0 0 0 3 47703 0 0 19 0 0 292 52 0 53897764 0 0 0 0 0 21272505 0 0 2094 0 
0 0 0 0 0 0 0 0 0 0 0 0 0 0 0 0 0 0 0 0 0 0 0 3 0 47701 47692 0 0 295 0 0 52 42083628 11951575 0 0 0 0 0 21298841 2119 0 0 
0 0 0 0 0 0 0 0 0 0 0 0 0 0 0 0 0 0 0 0 0 0 0 3 47703 0 0 19 0 0 292 52 0 53897764 0 0 0 0 0 21272505 0 0 2094 0 
0 0 0 0 0 0 0 0 0 0 0 0 0 0 0 0 0 0 0 0 0 0 0 3 0 47701 47692 0 0 295 0 0 52 42083628 11951575 0 0 0 0 0 21298841 2119 0 0 
0 0 0 0 0 0 0 0 0 0 0 0 0 0 0 0 0 0 0 0 0 0 0 3 47703 0 0 19 0 0 292 52 0 53897764 0 0 0 0 0 21272505 0 0 2094 0 
0 0 0 0 0 0 0 0 0 0 0 0 0 0 0 0 0 0 0 0 0 0 0 3 0 47701 47692 0 0 295 0 0 52 42083628 11951575 0 0 0 0 0 21298841 2119 0 0 
0 0 0 0 0 0 0 0 0 0 0 0 0 0 0 0 0 0 0 0 0 0 0 3 47703 0 0 19 0 0 292 52 0 53897764 0 0 0 0 0 21272505 0 0 2094 0 
0 0 0 0 0 0 0 0 0 0 0 0 0 0 0 0 0 0 0 0 0 0 0 3 0 47701 47692 0 0 295 0 0 52 42083628 11951575 0 0 0 0 0 21298841 2119 0 0 
0 0 0 0 0 0 0 0 0 0 0 0 0 0 0 0 0 0 0 0 0 0 0 3 47703 0 0 19 0 0 292 52 0 53897764 0 0 0 0 0 21272505 0 0 2094 0 
0 0 0 0 0 0 0 0 0 0 0 0 0 0 0 0 0 0 0 0 0 0 0 3 0 47701 47692 0 0 295 0 0 52 42083628 11951575 0 0 0 0 0 21298841 2119 0 0 
0 0 0 0 0 0 0 0 0 0 0 0 0 0 0 0 0 0 0 0 0 0 0 3 47703 0 0 19 0 0 292 52 0 53897764 0 0 0 0 0 21272505 0 0 2094 0 
0 0 0 0 0 0 0 0 0 0 0 0 0 0 0 0 0 0 0 0 0 0 0 3 0 47701 47692 0 0 295 0 0 52 42083628 11951575 0 0 0 0 0 21298841 2119 0 0 
0 0 0 0 0 0 0 0 0 0 0 0 0 0 0 0 0 0 0 0 0 0 0 3 47703 0 0 19 0 0 292 52 0 53897764 0 0 0 0 0 21272505 0 0 2094 0 
0 0 0 0 0 0 0 0 0 0 0 0 0 0 0 0 0 0 0 0 0 0 0 3 0 47701 47692 0 0 295 0 0 52 42083628 11951575 0 0 0 0 0 21298841 2119 0 0 
0 0 0 0 0 0 0 0 0 0 0 0 0 0 0 0 0 0 0 0 0 0 0 3 47703 0 0 19 0 0 292 52 0 53897764 0 0 0 0 0 21272505 0 0 2094 0 
0 0 0 0 0 0 0 0 0 0 0 0 0 0 0 0 0 0 0 0 0 0 0 3 0 47701 47692 0 0 295 0 0 52 42083628 11951575 0 0 0 0 0 21298841 2119 0 0 
0 0 0 0 0 0 0 0 0 0 0 0 0 0 0 0 0 0 0 0 0 0 0 3 47703 0 0 19 0 0 292 52 0 53897764 0 0 0 0 0 21272505 0 0 2094 0 
0 0 0 0 0 0 0 0 0 0 0 0 0 0 0 0 0 0 0 0 0 0 0 3 0 47701 47692 0 0 295 0 0 52 42083628 11951575 0 0 0 0 0 21298841 2119 0 0 
0 0 0 0 0 0 0 0 0 0 0 0 0 0 0 0 0 0 0 0 0 0 0 3 47703 0 0 19 0 0 292 52 0 53897764 0 0 0 0 0 21272505 0 0 2094 0 
0 0 0 0 0 0 0 0 0 0 0 0 0 0 0 0 0 0 0 0 0 0 0 3 0 47701 47692 0 0 295 0 0 52 42083628 11951575 0 0 0 0 0 21298841 2119 0 0 
0 0 0 0 0 0 0 0 0 0 0 0 0 0 0 0 0 0 0 0 0 0 0 3 47703 0 0 19 0 0 292 52 0 53897764 0 0 0 0 0 21272505 0 0 2094 0 
0 0 0 0 0 0 0 0 0 0 0 0 0 0 0 0 0 0 0 0 0 0 0 3 0 47701 47692 0 0 295 0 0 52 42083628 11951575 0 0 0 0 0 21298841 2119 0 0 
0 0 0 0 0 0 0 0 0 0 0 0 0 0 0 0 0 0 0 0 0 0 0 3 47703 0 0 19 0 0 292 52 0 53897764 0 0 0 0 0 21272505 0 0 2094 0 
0 0 0 0 0 0 0 0 0 0 0 0 0 0 0 0 0 0 0 0 0 0 0 3 0 47701 47692 0 0 295 0 0 52 42083628 11951575 0 0 0 0 0 21298841 2119 0 0 
0 0 0 0 0 0 0 0 0 0 0 0 0 0 0 0 0 0 0 0 0 0 0 3 47703 0 0 19 0 0 292 52 0 53897764 0 0 0 0 0 21272505 0 0 2094 0 
0 0 0 0 0 0 0 0 0 0 0 0 0 0 0 0 0 0 0 0 0 0 0 3 0 47701 47692 0 0 295 0 0 52 42083628 11951575 0 0 0 0 0 21298841 2119 0 0 
0 0 0 0 0 0 0 0 0 0 0 0 0 0 0 0 0 0 0 0 0 0 0 3 47703 0 0 19 0 0 292 52 0 53897764 0 0 0 0 0 21272505 0 0 2094 0 
0 0 0 0 0 0 0 0 0 0 0 0 0 0 0 0 0 0 0 0 0 0 0 3 0 47701 47692 0 0 295 0 0 52 42083628 11951575 0 0 0 0 0 21298841 2119 0 0 
0 0 0 0 0 0 0 0 0 0 0 0 0 0 0 0 0 0 0 0 0 0 0 3 47703 0 0 19 0 0 292 52 0 53897764 0 0 0 0 0 21272505 0 0 2094 0 
0 0 0 0 0 0 0 0 0 0 0 0 0 0 0 0 0 0 0 0 0 0 0 3 0 47701 47692 0 0 295 0 0 52 42083628 11951575 0 0 0 0 0 21298841 2119 0 0 
0 0 0 0 0 0 0 0 0 0 0 0 0 0 0 0 0 0 0 0 0 0 0 3 47751 0 0 19 0 0 310 52 0 53933375 0 0 0 0 0 21272857 0 0 2094 0 
0 0 0 0 0 0 0 0 0 0 0 0 0 0 0 0 0 0 0 0 0 0 0 3 0 47748 47740 0 0 313 0 0 52 42118515 11952314 0 0 0 0 0 21299193 2119 0 0 
0 0 0 0 0 0 0 0 0 0 0 0 0 0 0 0 0 0 0 0 0 0 0 3 47871 0 0 19 0 0 313 52 0 53997594 0 0 0 0 0 21296645 0 0 2094 0 
0 0 0 0 0 0 0 0 0 0 0 0 0 0 0 0 0 0 0 0 0 0 0 3 0 47860 47860 0 0 316 0 0 52 42172757 11962389 0 0 0 0 0 21322983 2119 0 0 
0 0 0 0 0 0 0 0 0 0 0 0 0 0 0 0 0 0 0 0 0 0 0 3 48039 0 0 19 0 0 313 52 0 54067645 0 0 0 0 0 21323233 0 0 2094 0 
0 0 0 0 0 0 0 0 0 0 0 0 0 0 0 0 0 0 0 0 0 0 0 3 0 48036 48028 0 0 316 0 0 52 42226235 11979078 0 0 0 0 0 21349574 2119 0 0 
0 0 0 0 0 0 0 0 0 0 0 0 0 0 0 0 0 0 0 0 0 0 0 3 48219 0 0 19 0 0 313 52 0 54157924 0 0 0 0 0 21358911 0 0 2094 0 
0 0 0 0 0 0 0 0 0 0 0 0 0 0 0 0 0 0 0 0 0 0 0 3 0 48205 48208 0 0 316 0 0 52 42297856 11998002 0 0 0 0 0 21385261 2119 0 0 
0 0 0 0 0 0 0 0 0 0 0 0 0 0 0 0 0 0 0 0 0 0 0 3 48387 0 0 19 0 0 313 52 0 54253778 0 0 0 0 0 21396648 0 0 2094 0 
0 0 0 0 0 0 0 0 0 0 0 0 0 0 0 0 0 0 0 0 0 0 0 3 0 48373 48376 0 0 316 0 0 52 42370662 12021403 0 0 0 0 0 21423003 2119 0 0 
0 0 0 0 0 0 0 0 0 0 0 0 0 0 0 0 0 0 0 0 0 0 0 3 48459 0 0 19 0 0 313 52 0 54340583 0 0 0 0 0 21432650 0 0 2094 0 
0 0 0 0 0 0 0 0 0 0 0 0 0 0 0 0 0 0 0 0 0 0 0 3 0 48445 48448 0 0 316 0 0 52 42438526 12040647 0 0 0 0 0 21459020 2119 0 0 
0 0 0 0 0 0 0 0 0 0 0 0 0 0 0 0 0 0 0 0 0 0 0 3 48591 0 0 19 0 0 313 52 0 54407367 0 0 0 0 0 21455567 0 0 2094 0 
0 0 0 0 0 0 0 0 0 0 0 0 0 0 0 0 0 0 0 0 0 0 0 3 0 48577 48580 0 0 316 0 0 52 42489879 12056177 0 0 0 0 0 21481938 2119 0 0 
0 0 0 0 0 0 0 0 0 0 0 0 0 0 0 0 0 0 0 0 0 0 0 3 48771 0 0 19 0 0 313 52 0 54479275 0 0 0 0 0 21487306 0 0 2094 0 
0 0 0 0 0 0 0 0 0 0 0 0 0 0 0 0 0 0 0 0 0 0 0 3 0 48757 48759 0 0 316 0 0 52 42545438 12072834 0 0 0 0 0 21513684 2119 0 0 
0 0 0 0 0 0 0 0 0 0 0 0 0 0 0 0 0 0 0 0 0 0 0 3 48939 0 0 19 0 0 313 52 0 54563751 0 0 0 0 0 21522338 0 0 2094 0 
0 0 0 0 0 0 0 0 0 0 0 0 0 0 0 0 0 0 0 0 0 0 0 3 0 48925 48927 0 0 316 0 0 52 42611484 12091556 0 0 0 0 0 21548731 2119 0 0 
0 0 0 0 0 0 0 0 0 0 0 0 0 0 0 0 0 0 0 0 0 0 0 3 49107 0 0 19 0 0 313 52 0 54656815 0 0 0 0 0 21558575 0 0 2094 0 
0 0 0 0 0 0 0 0 0 0 0 0 0 0 0 0 0 0 0 0 0 0 0 3 0 49093 49095 0 0 316 0 0 52 42681541 12114852 0 0 0 0 0 21584976 2119 0 0 
0 0 0 0 0 0 0 0 0 0 0 0 0 0 0 0 0 0 0 0 0 0 0 3 49167 0 0 19 0 0 313 52 0 54741094 0 0 0 0 0 21592633 0 0 2094 0 
0 0 0 0 0 0 0 0 0 0 0 0 0 0 0 0 0 0 0 0 0 0 0 3 0 49153 49155 0 0 316 0 0 52 42746937 12134014 0 0 0 0 0 21619043 2119 0 0 
0 0 0 0 0 0 0 0 0 0 0 0 0 0 0 0 0 0 0 0 0 0 0 3 49311 0 0 19 0 0 313 52 0 54799098 0 0 0 0 0 21615720 0 0 2094 0 
0 0 0 0 0 0 0 0 0 0 0 0 0 0 0 0 0 0 0 0 0 0 0 3 0 49297 49299 0 0 316 0 0 52 42793396 12145661 0 0 0 0 0 21642130 2119 0 0 
0 0 0 0 0 0 0 0 0 0 0 0 0 0 0 0 0 0 0 0 0 0 0 3 49491 0 0 19 0 0 313 52 0 54872108 0 0 0 0 0 21645266 0 0 2094 0 
0 0 0 0 0 0 0 0 0 0 0 0 0 0 0 0 0 0 0 0 0 0 0 3 0 49477 49479 0 0 316 0 0 52 42850463 12161826 0 0 0 0 0 21671683 2119 0 0 
0 0 0 0 0 0 0 0 0 0 0 0 0 0 0 0 0 0 0 0 0 0 0 3 49659 0 0 19 0 0 313 52 0 54969514 0 0 0 0 0 21684212 0 0 2094 0 
0 0 0 0 0 0 0 0 0 0 0 0 0 0 0 0 0 0 0 0 0 0 0 3 0 49645 49647 0 0 316 0 0 52 42924971 12185049 0 0 0 0 0 21710636 2119 0 0 
0 0 0 0 0 0 0 0 0 0 0 0 0 0 0 0 0 0 0 0 0 0 0 3 49827 0 0 19 0 0 313 52 0 55062555 0 0 0 0 0 21720681 0 0 2094 0 
0 0 0 0 0 0 0 0 0 0 0 0 0 0 0 0 0 0 0 0 0 0 0 3 0 49813 49815 0 0 316 0 0 52 42994973 12208402 0 0 0 0 0 21747117 2119 0 0 
0 0 0 0 0 0 0 0 0 0 0 0 0 0 0 0 0 0 0 0 0 0 0 3 49863 0 0 19 0 0 313 52 0 55138676 0 0 0 0 0 21749159 0 0 2094 0 
0 0 0 0 0 0 0 0 0 0 0 0 0 0 0 0 0 0 0 0 0 0 0 3 0 49849 49851 0 0 316 0 0 52 43053754 12225948 0 0 0 0 0 21775601 2119 0 0 
0 0 0 0 0 0 0 0 0 0 0 0 0 0 0 0 0 0 0 0 0 0 0 3 50031 0 0 19 0 0 313 52 0 55207375 0 0 0 0 0 21780417 0 0 2094 0 
0 0 0 0 0 0 0 0 0 0 0 0 0 0 0 0 0 0 0 0 0 0 0 3 0 50017 50019 0 0 316 0 0 52 43109292 12239250 0 0 0 0 0 21806866 2119 0 0 
0 0 0 0 0 0 0 0 0 0 0 0 0 0 0 0 0 0 0 0 0 0 0 3 50199 0 0 19 0 0 313 52 0 55281682 0 0 0 0 0 21810562 0 0 2094 0 
0 0 0 0 0 0 0 0 0 0 0 0 0 0 0 0 0 0 0 0 0 0 0 3 0 50196 50186 0 0 316 0 0 52 43167863 12255239 0 0 0 0 0 21837016 2119 0 0 
0 0 0 0 0 0 0 0 0 0 0 0 0 0 0 0 0 0 0 0 0 0 0 3 50367 0 0 19 0 0 313 52 0 55373400 0 0 0 0 0 21846046 0 0 2094 0 
0 0 0 0 0 0 0 0 0 0 0 0 0 0 0 0 0 0 0 0 0 0 0 3 0 50353 50354 0 0 316 0 0 52 43236596 12278508 0 0 0 0 0 21872508 2119 0 0 
0 0 0 0 0 0 0 0 0 0 0 0 0 0 0 0 0 0 0 0 0 0 0 3 50487 0 0 19 0 0 313 52 0 55460860 0 0 0 0 0 21880835 0 0 2094 0 
0 0 0 0 0 0 0 0 0 0 0 0 0 0 0 0 0 0 0 0 0 0 0 3 0 50485 50474 0 0 316 0 0 52 43303703 12299229 0 0 0 0 0 21907309 2119 0 0 
0 0 0 0 0 0 0 0 0 0 0 0 0 0 0 0 0 0 0 0 0 0 0 3 50571 0 0 19 0 0 313 52 0 55528009 0 0 0 0 0 21904563 0 0 2094 0 
0 0 0 0 0 0 0 0 0 0 0 0 0 0 0 0 0 0 0 0 0 0 0 3 0 50557 50558 0 0 316 0 0 52 43356124 12314056 0 0 0 0 0 21931040 2119 0 0 
0 0 0 0 0 0 0 0 0 0 0 0 0 0 0 0 0 0 0 0 0 0 0 3 50751 0 0 19 0 0 313 52 0 55600030 0 0 0 0 0 21935858 0 0 2094 0 
0 0 0 0 0 0 0 0 0 0 0 0 0 0 0 0 0 0 0 0 0 0 0 3 0 50737 50738 0 0 316 0 0 52 43410816 12331640 0 0 0 0 0 21962343 2119 0 0 
0 0 0 0 0 0 0 0 0 0 0 0 0 0 0 0 0 0 0 0 0 0 0 3 50919 0 0 19 0 0 313 52 0 55683490 0 0 0 0 0 21970583 0 0 2094 0 
0 0 0 0 0 0 0 0 0 0 0 0 0 0 0 0 0 0 0 0 0 0 0 3 0 50905 50906 0 0 316 0 0 52 43477558 12348638 0 0 0 0 0 21997074 2119 0 0 
0 0 0 0 0 0 0 0 0 0 0 0 0 0 0 0 0 0 0 0 0 0 0 3 51087 0 0 19 0 0 313 52 0 55774779 0 0 0 0 0 22005224 0 0 2094 0 
0 0 0 0 0 0 0 0 0 0 0 0 0 0 0 0 0 0 0 0 0 0 0 3 0 51073 51074 0 0 316 0 0 52 43545979 12371871 0 0 0 0 0 22031725 2119 0 0 
0 0 0 0 0 0 0 0 0 0 0 0 0 0 0 0 0 0 0 0 0 0 0 3 51219 0 0 19 0 0 313 52 0 55862040 0 0 0 0 0 22039581 0 0 2094 0 
0 0 0 0 0 0 0 0 0 0 0 0 0 0 0 0 0 0 0 0 0 0 0 3 0 51205 51206 0 0 316 0 0 52 43612744 12392697 0 0 0 0 0 22066091 2119 0 0 
0 0 0 0 0 0 0 0 0 0 0 0 0 0 0 0 0 0 0 0 0 0 0 3 51291 0 0 19 0 0 313 52 0 55915252 0 0 0 0 0 22062617 0 0 2094 0 
0 0 0 0 0 0 0 0 0 0 0 0 0 0 0 0 0 0 0 0 0 0 0 3 0 51277 51278 0 0 316 0 0 52 43656065 12402687 0 0 0 0 0 22089128 2119 0 0 
0 0 0 0 0 0 0 0 0 0 0 0 0 0 0 0 0 0 0 0 0 0 0 3 51459 0 0 19 0 0 313 52 0 55989601 0 0 0 0 0 22093832 0 0 2094 0 
0 0 0 0 0 0 0 0 0 0 0 0 0 0 0 0 0 0 0 0 0 0 0 3 0 51454 51446 0 0 316 0 0 52 43714727 12418624 0 0 0 0 0 22120352 2119 0 0 
0 0 0 0 0 0 0 0 0 0 0 0 0 0 0 0 0 0 0 0 0 0 0 3 51627 0 0 19 0 0 313 52 0 56084983 0 0 0 0 0 22132336 0 0 2094 0 
0 0 0 0 0 0 0 0 0 0 0 0 0 0 0 0 0 0 0 0 0 0 0 3 0 51613 51614 0 0 316 0 0 52 43787148 12441916 0 0 0 0 0 22158875 2119 0 0 
0 0 0 0 0 0 0 0 0 0 0 0 0 0 0 0 0 0 0 0 0 0 0 3 51711 0 0 19 0 0 313 52 0 56170978 0 0 0 0 0 22167693 0 0 2094 0 
0 0 0 0 0 0 0 0 0 0 0 0 0 0 0 0 0 0 0 0 0 0 0 3 0 51697 51698 0 0 316 0 0 52 43853535 12461797 0 0 0 0 0 22194244 2119 0 0 
0 0 0 0 0 0 0 0 0 0 0 0 0 0 0 0 0 0 0 0 0 0 0 3 51831 0 0 19 0 0 313 52 0 56233211 0 0 0 0 0 22190971 0 0 2094 0 
0 0 0 0 0 0 0 0 0 0 0 0 0 0 0 0 0 0 0 0 0 0 0 3 0 51817 51818 0 0 316 0 0 52 43902544 12475112 0 0 0 0 0 22217522 2119 0 0 
0 0 0 0 0 0 0 0 0 0 0 0 0 0 0 0 0 0 0 0 0 0 0 3 51999 0 0 19 0 0 313 52 0 56299145 0 0 0 0 0 22221603 0 0 2094 0 
0 0 0 0 0 0 0 0 0 0 0 0 0 0 0 0 0 0 0 0 0 0 0 3 0 51997 51986 0 0 316 0 0 52 43955225 12488613 0 0 0 0 0 22248164 2119 0 0 
0 0 0 0 0 0 0 0 0 0 0 0 0 0 0 0 0 0 0 0 0 0 0 3 52179 0 0 19 0 0 313 52 0 56393945 0 0 0 0 0 22258209 0 0 2094 0 
0 0 0 0 0 0 0 0 0 0 0 0 0 0 0 0 0 0 0 0 0 0 0 3 0 52165 52166 0 0 316 0 0 52 44026932 12511991 0 0 0 0 0 22284776 2119 0 0 
0 0 0 0 0 0 0 0 0 0 0 0 0 0 0 0 0 0 0 0 0 0 0 3 52347 0 0 19 0 0 313 52 0 56485905 0 0 0 0 0 22293626 0 0 2094 0 
0 0 0 0 0 0 0 0 0 0 0 0 0 0 0 0 0 0 0 0 0 0 0 3 0 52333 52334 0 0 316 0 0 52 44095882 12535299 0 0 0 0 0 22320196 2119 0 0 
0 0 0 0 0 0 0 0 0 0 0 0 0 0 0 0 0 0 0 0 0 0 0 3 52383 0 0 19 0 0 313 52 0 56564045 0 0 0 0 0 22320637 0 0 2094 0 
0 0 0 0 0 0 0 0 0 0 0 0 0 0 0 0 0 0 0 0 0 0 0 3 0 52380 52370 0 0 316 0 0 52 44155507 12554072 0 0 0 0 0 22347212 2119 0 0 
0 0 0 0 0 0 0 0 0 0 0 0 0 0 0 0 0 0 0 0 0 0 0 3 52551 0 0 19 0 0 313 52 0 56622429 0 0 0 0 0 22348150 0 0 2094 0 
0 0 0 0 0 0 0 0 0 0 0 0 0 0 0 0 0 0 0 0 0 0 0 3 0 52537 52538 0 0 316 0 0 52 44202525 12565551 0 0 0 0 0 22374728 2119 0 0 
0 0 0 0 0 0 0 0 0 0 0 0 0 0 0 0 0 0 0 0 0 0 0 3 52719 0 0 19 0 0 313 52 0 56701737 0 0 0 0 0 22380471 0 0 2094 0 
0 0 0 0 0 0 0 0 0 0 0 0 0 0 0 0 0 0 0 0 0 0 0 3 0 52705 52706 0 0 316 0 0 52 44265622 12582025 0 0 0 0 0 22407055 2119 0 0 
0 0 0 0 0 0 0 0 0 0 0 0 0 0 0 0 0 0 0 0 0 0 0 3 52887 0 0 19 0 0 313 52 0 56794115 0 0 0 0 0 22416323 0 0 2094 0 
0 0 0 0 0 0 0 0 0 0 0 0 0 0 0 0 0 0 0 0 0 0 0 3 0 52873 52874 0 0 316 0 0 52 44335020 12605365 0 0 0 0 0 22442919 2119 0 0 
0 0 0 0 0 0 0 0 0 0 0 0 0 0 0 0 0 0 0 0 0 0 0 3 52995 0 0 19 0 0 313 52 0 56880309 0 0 0 0 0 22450219 0 0 2094 0 
0 0 0 0 0 0 0 0 0 0 0 0 0 0 0 0 0 0 0 0 0 0 0 3 0 52993 52982 0 0 316 0 0 52 44400829 12626020 0 0 0 0 0 22476822 2119 0 0 
0 0 0 0 0 0 0 0 0 0 0 0 0 0 0 0 0 0 0 0 0 0 0 3 53091 0 0 19 0 0 313 52 0 56947148 0 0 0 0 0 22474978 0 0 2094 0 
0 0 0 0 0 0 0 0 0 0 0 0 0 0 0 0 0 0 0 0 0 0 0 3 0 53077 53078 0 0 316 0 0 52 44453341 12640471 0 0 0 0 0 22501583 2119 0 0 
0 0 0 0 0 0 0 0 0 0 0 0 0 0 0 0 0 0 0 0 0 0 0 3 53271 0 0 19 0 0 313 52 0 57023077 0 0 0 0 0 22507438 0 0 2094 0 
0 0 0 0 0 0 0 0 0 0 0 0 0 0 0 0 0 0 0 0 0 0 0 3 0 53257 53258 0 0 316 0 0 52 44511231 12658775 0 0 0 0 0 22534046 2119 0 0 
0 0 0 0 0 0 0 0 0 0 0 0 0 0 0 0 0 0 0 0 0 0 0 3 53439 0 0 19 0 0 313 52 0 57103916 0 0 0 0 0 22540691 0 0 2094 0 
0 0 0 0 0 0 0 0 0 0 0 0 0 0 0 0 0 0 0 0 0 0 0 3 0 53425 53425 0 0 316 0 0 52 44575542 12675526 0 0 0 0 0 22567310 2119 0 0 
0 0 0 0 0 0 0 0 0 0 0 0 0 0 0 0 0 0 0 0 0 0 0 3 53607 0 0 19 0 0 313 52 0 57197469 0 0 0 0 0 22577240 0 0 2094 0 
0 0 0 0 0 0 0 0 0 0 0 0 0 0 0 0 0 0 0 0 0 0 0 3 0 53593 53593 0 0 316 0 0 52 44646021 12698879 0 0 0 0 0 22603859 2119 0 0 
0 0 0 0 0 0 0 0 0 0 0 0 0 0 0 0 0 0 0 0 0 0 0 3 53679 0 0 19 0 0 313 52 0 57284761 0 0 0 0 0 22612980 0 0 2094 0 
0 0 0 0 0 0 0 0 0 0 0 0 0 0 0 0 0 0 0 0 0 0 0 3 0 53677 53665 0 0 316 0 0 52 44713581 12718908 0 0 0 0 0 22639609 2119 0 0 
0 0 0 0 0 0 0 0 0 0 0 0 0 0 0 0 0 0 0 0 0 0 0 3 53811 0 0 19 0 0 313 52 0 57353503 0 0 0 0 0 22635937 0 0 2094 0 
0 0 0 0 0 0 0 0 0 0 0 0 0 0 0 0 0 0 0 0 0 0 0 3 0 53799 53797 0 0 316 0 0 52 44766528 12734814 0 0 0 0 0 22662566 2119 0 0 
0 0 0 0 0 0 0 0 0 0 0 0 0 0 0 0 0 0 0 0 0 0 0 3 53991 0 0 19 0 0 313 52 0 57426146 0 0 0 0 0 22667749 0 0 2094 0 
0 0 0 0 0 0 0 0 0 0 0 0 0 0 0 0 0 0 0 0 0 0 0 3 0 53977 53977 0 0 316 0 0 52 44822017 12752207 0 0 0 0 0 22694393 2119 0 0 
0 0 0 0 0 0 0 0 0 0 0 0 0 0 0 0 0 0 0 0 0 0 0 3 54159 0 0 19 0 0 313 52 0 57506550 0 0 0 0 0 22702391 0 0 2094 0 
0 0 0 0 0 0 0 0 0 0 0 0 0 0 0 0 0 0 0 0 0 0 0 3 0 54145 54145 0 0 316 0 0 52 44885785 12769106 0 0 0 0 0 22729040 2119 0 0 
0 0 0 0 0 0 0 0 0 0 0 0 0 0 0 0 0 0 0 0 0 0 0 3 54327 0 0 19 0 0 313 52 0 57600395 0 0 0 0 0 22738650 0 0 2094 0 
0 0 0 0 0 0 0 0 0 0 0 0 0 0 0 0 0 0 0 0 0 0 0 3 0 54313 54313 0 0 316 0 0 52 44956607 12792467 0 0 0 0 0 22765313 2119 0 0 
0 0 0 0 0 0 0 0 0 0 0 0 0 0 0 0 0 0 0 0 0 0 0 3 54399 0 0 19 0 0 313 52 0 57686835 0 0 0 0 0 22773660 0 0 2094 0 
0 0 0 0 0 0 0 0 0 0 0 0 0 0 0 0 0 0 0 0 0 0 0 3 0 54392 54384 0 0 316 0 0 52 45023547 12812274 0 0 0 0 0 22800333 2119 0 0 
0 0 0 0 0 0 0 0 0 0 0 0 0 0 0 0 0 0 0 0 0 0 0 3 54531 0 0 19 0 0 313 52 0 57739760 0 0 0 0 0 22793882 0 0 2094 0 
0 0 0 0 0 0 0 0 0 0 0 0 0 0 0 0 0 0 0 0 0 0 0 3 0 54517 54516 0 0 316 0 0 52 45065234 12823573 0 0 0 0 0 22820558 2119 0 0 
0 0 0 0 0 0 0 0 0 0 0 0 0 0 0 0 0 0 0 0 0 0 0 3 54711 0 0 19 0 0 313 52 0 57821196 0 0 0 0 0 22824752 0 0 2094 0 
0 0 0 0 0 0 0 0 0 0 0 0 0 0 0 0 0 0 0 0 0 0 0 3 0 54697 54696 0 0 316 0 0 52 45126775 12843690 0 0 0 0 0 22851438 2119 0 0 
0 0 0 0 0 0 0 0 0 0 0 0 0 0 0 0 0 0 0 0 0 0 0 3 54879 0 0 19 0 0 313 52 0 57905311 0 0 0 0 0 22859576 0 0 2094 0 
0 0 0 0 0 0 0 0 0 0 0 0 0 0 0 0 0 0 0 0 0 0 0 3 0 54865 54864 0 0 316 0 0 52 45192232 12862542 0 0 0 0 0 22886269 2119 0 0 
0 0 0 0 0 0 0 0 0 0 0 0 0 0 0 0 0 0 0 0 0 0 0 3 55047 0 0 19 0 0 313 52 0 57997721 0 0 0 0 0 22896393 0 0 2094 0 
0 0 0 0 0 0 0 0 0 0 0 0 0 0 0 0 0 0 0 0 0 0 0 3 0 55033 55032 0 0 316 0 0 52 45261657 12885857 0 0 0 0 0 22923091 2119 0 0 
0 0 0 0 0 0 0 0 0 0 0 0 0 0 0 0 0 0 0 0 0 0 0 3 55071 0 0 19 0 0 313 52 0 58061169 0 0 0 0 0 22919036 0 0 2094 0 
0 0 0 0 0 0 0 0 0 0 0 0 0 0 0 0 0 0 0 0 0 0 0 3 0 55068 55056 0 0 316 0 0 52 45312229 12898839 0 0 0 0 0 22945736 2119 0 0 
0 0 0 0 0 0 0 0 0 0 0 0 0 0 0 0 0 0 0 0 0 0 0 3 55251 0 0 19 0 0 313 52 0 58135841 0 0 0 0 0 22952049 0 0 2094 0 
0 0 0 0 0 0 0 0 0 0 0 0 0 0 0 0 0 0 0 0 0 0 0 3 0 55237 55236 0 0 316 0 0 52 45369759 12916206 0 0 0 0 0 22978757 2119 0 0 
0 0 0 0 0 0 0 0 0 0 0 0 0 0 0 0 0 0 0 0 0 0 0 3 55419 0 0 19 0 0 313 52 0 58214777 0 0 0 0 0 22986469 0 0 2094 0 
0 0 0 0 0 0 0 0 0 0 0 0 0 0 0 0 0 0 0 0 0 0 0 3 0 55405 55404 0 0 316 0 0 52 45432520 12932582 0 0 0 0 0 23013184 2119 0 0 
0 0 0 0 0 0 0 0 0 0 0 0 0 0 0 0 0 0 0 0 0 0 0 3 55587 0 0 19 0 0 313 52 0 58308592 0 0 0 0 0 23023334 0 0 2094 0 
0 0 0 0 0 0 0 0 0 0 0 0 0 0 0 0 0 0 0 0 0 0 0 3 0 55573 55572 0 0 316 0 0 52 45503268 12955918 0 0 0 0 0 23050060 2119 0 0 
0 0 0 0 0 0 0 0 0 0 0 0 0 0 0 0 0 0 0 0 0 0 0 3 55671 0 0 19 0 0 313 52 0 58395673 0 0 0 0 0 23059406 0 0 2094 0 
0 0 0 0 0 0 0 0 0 0 0 0 0 0 0 0 0 0 0 0 0 0 0 3 0 55657 55656 0 0 316 0 0 52 45570627 12975863 0 0 0 0 0 23086143 2119 0 0 
0 0 0 0 0 0 0 0 0 0 0 0 0 0 0 0 0 0 0 0 0 0 0 3 55791 0 0 19 0 0 313 52 0 58448286 0 0 0 0 0 23080201 0 0 2094 0 
0 0 0 0 0 0 0 0 0 0 0 0 0 0 0 0 0 0 0 0 0 0 0 3 0 55777 55776 0 0 316 0 0 52 45612370 12986818 0 0 0 0 0 23106941 2119 0 0 
0 0 0 0 0 0 0 0 0 0 0 0 0 0 0 0 0 0 0 0 0 0 0 3 55959 0 0 19 0 0 313 52 0 58519353 0 0 0 0 0 23109066 0 0 2094 0 
0 0 0 0 0 0 0 0 0 0 0 0 0 0 0 0 0 0 0 0 0 0 0 3 0 55948 55944 0 0 316 0 0 52 45667849 13002673 0 0 0 0 0 23135816 2119 0 0 
0 0 0 0 0 0 0 0 0 0 0 0 0 0 0 0 0 0 0 0 0 0 0 3 56127 0 0 19 0 0 313 52 0 58611517 0 0 0 0 0 23145374 0 0 2094 0 
0 0 0 0 0 0 0 0 0 0 0 0 0 0 0 0 0 0 0 0 0 0 0 3 0 56118 56112 0 0 316 0 0 52 45737013 13025978 0 0 0 0 0 23172136 2119 0 0 
0 0 0 0 0 0 0 0 0 0 0 0 0 0 0 0 0 0 0 0 0 0 0 3 56259 0 0 19 0 0 313 52 0 58699929 0 0 0 0 0 23181069 0 0 2094 0 
0 0 0 0 0 0 0 0 0 0 0 0 0 0 0 0 0 0 0 0 0 0 0 3 0 56255 56244 0 0 316 0 0 52 45804655 13047048 0 0 0 0 0 23207838 2119 0 0 
0 0 0 0 0 0 0 0 0 0 0 0 0 0 0 0 0 0 0 0 0 0 0 3 56331 0 0 19 0 0 313 52 0 58766611 0 0 0 0 0 23204440 0 0 2094 0 
0 0 0 0 0 0 0 0 0 0 0 0 0 0 0 0 0 0 0 0 0 0 0 3 0 56317 56316 0 0 316 0 0 52 45857719 13060763 0 0 0 0 0 23231208 2119 0 0 
0 0 0 0 0 0 0 0 0 0 0 0 0 0 0 0 0 0 0 0 0 0 0 3 56511 0 0 19 0 0 313 52 0 58838400 0 0 0 0 0 23235703 0 0 2094 0 
0 0 0 0 0 0 0 0 0 0 0 0 0 0 0 0 0 0 0 0 0 0 0 3 0 56497 56494 0 0 316 0 0 52 45913037 13077499 0 0 0 0 0 23262483 2119 0 0 
0 0 0 0 0 0 0 0 0 0 0 0 0 0 0 0 0 0 0 0 0 0 0 3 56679 0 0 19 0 0 313 52 0 58923233 0 0 0 0 0 23271526 0 0 2094 0 
0 0 0 0 0 0 0 0 0 0 0 0 0 0 0 0 0 0 0 0 0 0 0 3 0 56665 56662 0 0 316 0 0 52 45979550 13096057 0 0 0 0 0 23298312 2119 0 0 
0 0 0 0 0 0 0 0 0 0 0 0 0 0 0 0 0 0 0 0 0 0 0 3 56847 0 0 19 0 0 313 52 0 59018404 0 0 0 0 0 23308346 0 0 2094 0 
0 0 0 0 0 0 0 0 0 0 0 0 0 0 0 0 0 0 0 0 0 0 0 3 0 56833 56829 0 0 316 0 0 52 46051651 13119422 0 0 0 0 0 23335141 2119 0 0 
0 0 0 0 0 0 0 0 0 0 0 0 0 0 0 0 0 0 0 0 0 0 0 3 56907 0 0 19 0 0 313 52 0 59105180 0 0 0 0 0 23344169 0 0 2094 0 
0 0 0 0 0 0 0 0 0 0 0 0 0 0 0 0 0 0 0 0 0 0 0 3 0 56904 56889 0 0 316 0 0 52 46119433 13138708 0 0 0 0 0 23370975 2119 0 0 
0 0 0 0 0 0 0 0 0 0 0 0 0 0 0 0 0 0 0 0 0 0 0 3 57051 0 0 19 0 0 313 52 0 59162315 0 0 0 0 0 23364541 0 0 2094 0 
0 0 0 0 0 0 0 0 0 0 0 0 0 0 0 0 0 0 0 0 0 0 0 3 0 57037 57033 0 0 316 0 0 52 46163710 13151675 0 0 0 0 0 23391346 2119 0 0 
0 0 0 0 0 0 0 0 0 0 0 0 0 0 0 0 0 0 0 0 0 0 0 3 57231 0 0 19 0 0 313 52 0 59239853 0 0 0 0 0 23396489 0 0 2094 0 
0 0 0 0 0 0 0 0 0 0 0 0 0 0 0 0 0 0 0 0 0 0 0 3 0 57217 57213 0 0 316 0 0 52 46223757 13169454 0 0 0 0 0 23423303 2119 0 0 
0 0 0 0 0 0 0 0 0 0 0 0 0 0 0 0 0 0 0 0 0 0 0 3 57399 0 0 19 0 0 313 52 0 59327971 0 0 0 0 0 23432487 0 0 2094 0 
0 0 0 0 0 0 0 0 0 0 0 0 0 0 0 0 0 0 0 0 0 0 0 3 0 57385 57381 0 0 316 0 0 52 46291983 13189588 0 0 0 0 0 23459312 2119 0 0 
0 0 0 0 0 0 0 0 0 0 0 0 0 0 0 0 0 0 0 0 0 0 0 3 57567 0 0 19 0 0 313 52 0 59420706 0 0 0 0 0 23469477 0 0 2094 0 
0 0 0 0 0 0 0 0 0 0 0 0 0 0 0 0 0 0 0 0 0 0 0 3 0 57553 57549 0 0 316 0 0 52 46361793 13212820 0 0 0 0 0 23496314 2119 0 0 
0 0 0 0 0 0 0 0 0 0 0 0 0 0 0 0 0 0 0 0 0 0 0 3 57591 0 0 19 0 0 313 52 0 59484807 0 0 0 0 0 23492129 0 0 2094 0 
0 0 0 0 0 0 0 0 0 0 0 0 0 0 0 0 0 0 0 0 0 0 0 3 0 57585 57573 0 0 316 0 0 52 46413205 13225604 0 0 0 0 0 23518967 2119 0 0 
0 0 0 0 0 0 0 0 0 0 0 0 0 0 0 0 0 0 0 0 0 0 0 3 57771 0 0 19 0 0 313 52 0 59558964 0 0 0 0 0 23525131 0 0 2094 0 
0 0 0 0 0 0 0 0 0 0 0 0 0 0 0 0 0 0 0 0 0 0 0 3 0 57757 57753 0 0 316 0 0 52 46470386 13242875 0 0 0 0 0 23551980 2119 0 0 
0 0 0 0 0 0 0 0 0 0 0 0 0 0 0 0 0 0 0 0 0 0 0 3 57939 0 0 19 0 0 313 52 0 59637335 0 0 0 0 0 23557907 0 0 2094 0 
0 0 0 0 0 0 0 0 0 0 0 0 0 0 0 0 0 0 0 0 0 0 0 3 0 57925 57921 0 0 316 0 0 52 46532207 13259669 0 0 0 0 0 23584772 2119 0 0 
0 0 0 0 0 0 0 0 0 0 0 0 0 0 0 0 0 0 0 0 0 0 0 3 58107 0 0 19 0 0 313 52 0 59731100 0 0 0 0 0 23594202 0 0 2094 0 
0 0 0 0 0 0 0 0 0 0 0 0 0 0 0 0 0 0 0 0 0 0 0 3 0 58093 58089 0 0 316 0 0 52 46602957 13282999 0 0 0 0 0 23621073 2119 0 0 
0 0 0 0 0 0 0 0 0 0 0 0 0 0 0 0 0 0 0 0 0 0 0 3 58179 0 0 19 0 0 313 52 0 59817865 0 0 0 0 0 23629138 0 0 2094 0 
0 0 0 0 0 0 0 0 0 0 0 0 0 0 0 0 0 0 0 0 0 0 0 3 0 58173 58161 0 0 316 0 0 52 46670241 13302788 0 0 0 0 0 23656023 2119 0 0 
0 0 0 0 0 0 0 0 0 0 0 0 0 0 0 0 0 0 0 0 0 0 0 3 58311 0 0 19 0 0 313 52 0 59869602 0 0 0 0 0 23652083 0 0 2094 0 
0 0 0 0 0 0 0 0 0 0 0 0 0 0 0 0 0 0 0 0 0 0 0 3 0 58297 58293 0 0 316 0 0 52 46711586 13313266 0 0 0 0 0 23678968 2119 0 0 
0 0 0 0 0 0 0 0 0 0 0 0 0 0 0 0 0 0 0 0 0 0 0 3 58479 0 0 19 0 0 313 52 0 59946777 0 0 0 0 0 23684010 0 0 2094 0 
0 0 0 0 0 0 0 0 0 0 0 0 0 0 0 0 0 0 0 0 0 0 0 3 0 58465 58461 0 0 316 0 0 52 46772613 13329647 0 0 0 0 0 23710898 2119 0 0 
0 0 0 0 0 0 0 0 0 0 0 0 0 0 0 0 0 0 0 0 0 0 0 3 58647 0 0 19 0 0 313 52 0 60038786 0 0 0 0 0 23719293 0 0 2094 0 
0 0 0 0 0 0 0 0 0 0 0 0 0 0 0 0 0 0 0 0 0 0 0 3 0 58644 58629 0 0 316 0 0 52 46841562 13352993 0 0 0 0 0 23746195 2119 0 0 
0 0 0 0 0 0 0 0 0 0 0 0 0 0 0 0 0 0 0 0 0 0 0 3 58779 0 0 19 0 0 313 52 0 60129288 0 0 0 0 0 23756058 0 0 2094 0 
0 0 0 0 0 0 0 0 0 0 0 0 0 0 0 0 0 0 0 0 0 0 0 3 0 58775 58761 0 0 316 0 0 52 46910191 13375143 0 0 0 0 0 23782967 2119 0 0 
0 0 0 0 0 0 0 0 0 0 0 0 0 0 0 0 0 0 0 0 0 0 0 3 58851 0 0 19 0 0 313 52 0 60196045 0 0 0 0 0 23779602 0 0 2094 0 
0 0 0 0 0 0 0 0 0 0 0 0 0 0 0 0 0 0 0 0 0 0 0 3 0 58848 58833 0 0 316 0 0 52 46963046 13389177 0 0 0 0 0 23806511 2119 0 0 
0 0 0 0 0 0 0 0 0 0 0 0 0 0 0 0 0 0 0 0 0 0 0 3 59031 0 0 19 0 0 313 52 0 60271367 0 0 0 0 0 23813624 0 0 2094 0 
0 0 0 0 0 0 0 0 0 0 0 0 0 0 0 0 0 0 0 0 0 0 0 3 0 59017 59013 0 0 316 0 0 52 47021298 13406504 0 0 0 0 0 23840539 2119 0 0 
0 0 0 0 0 0 0 0 0 0 0 0 0 0 0 0 0 0 0 0 0 0 0 3 59199 0 0 19 0 0 313 52 0 60351351 0 0 0 0 0 23846735 0 0 2094 0 
0 0 0 0 0 0 0 0 0 0 0 0 0 0 0 0 0 0 0 0 0 0 0 3 0 59185 59181 0 0 316 0 0 52 47085064 13422955 0 0 0 0 0 23873656 2119 0 0 
0 0 0 0 0 0 0 0 0 0 0 0 0 0 0 0 0 0 0 0 0 0 0 3 59367 0 0 19 0 0 313 52 0 60445270 0 0 0 0 0 23883343 0 0 2094 0 
0 0 0 0 0 0 0 0 0 0 0 0 0 0 0 0 0 0 0 0 0 0 0 3 0 59353 59349 0 0 316 0 0 52 47155972 13446256 0 0 0 0 0 23910280 2119 0 0 
0 0 0 0 0 0 0 0 0 0 0 0 0 0 0 0 0 0 0 0 0 0 0 3 59451 0 0 19 0 0 313 52 0 60531015 0 0 0 0 0 23918375 0 0 2094 0 
0 0 0 0 0 0 0 0 0 0 0 0 0 0 0 0 0 0 0 0 0 0 0 3 0 59446 59433 0 0 316 0 0 52 47222079 13466250 0 0 0 0 0 23945316 2119 0 0 
0 0 0 0 0 0 0 0 0 0 0 0 0 0 0 0 0 0 0 0 0 0 0 3 59571 0 0 19 0 0 313 52 0 60586901 0 0 0 0 0 23941425 0 0 2094 0 
0 0 0 0 0 0 0 0 0 0 0 0 0 0 0 0 0 0 0 0 0 0 0 3 0 59557 59553 0 0 316 0 0 52 47267243 13477062 0 0 0 0 0 23968367 2119 0 0 
0 0 0 0 0 0 0 0 0 0 0 0 0 0 0 0 0 0 0 0 0 0 0 3 59751 0 0 19 0 0 313 52 0 60666934 0 0 0 0 0 23971860 0 0 2094 0 
0 0 0 0 0 0 0 0 0 0 0 0 0 0 0 0 0 0 0 0 0 0 0 3 0 59737 59733 0 0 316 0 0 52 47328167 13496423 0 0 0 0 0 23998808 2119 0 0 
0 0 0 0 0 0 0 0 0 0 0 0 0 0 0 0 0 0 0 0 0 0 0 3 59919 0 0 19 0 0 313 52 0 60754089 0 0 0 0 0 24006996 0 0 2094 0 
0 0 0 0 0 0 0 0 0 0 0 0 0 0 0 0 0 0 0 0 0 0 0 3 0 59905 59901 0 0 316 0 0 52 47395701 13516286 0 0 0 0 0 24033943 2119 0 0 
0 0 0 0 0 0 0 0 0 0 0 0 0 0 0 0 0 0 0 0 0 0 0 3 60087 0 0 19 0 0 313 52 0 60848540 0 0 0 0 0 24044296 0 0 2094 0 
0 0 0 0 0 0 0 0 0 0 0 0 0 0 0 0 0 0 0 0 0 0 0 3 0 60073 60069 0 0 316 0 0 52 47467078 13539638 0 0 0 0 0 24071258 2119 0 0 
0 0 0 0 0 0 0 0 0 0 0 0 0 0 0 0 0 0 0 0 0 0 0 3 60147 0 0 19 0 0 313 52 0 60935848 0 0 0 0 0 24079767 0 0 2094 0 
0 0 0 0 0 0 0 0 0 0 0 0 0 0 0 0 0 0 0 0 0 0 0 3 0 60134 60129 0 0 316 0 0 52 47535552 13558804 0 0 0 0 0 24106733 2119 0 0 
0 0 0 0 0 0 0 0 0 0 0 0 0 0 0 0 0 0 0 0 0 0 0 3 60291 0 0 19 0 0 313 52 0 60993123 0 0 0 0 0 24101345 0 0 2094 0 
0 0 0 0 0 0 0 0 0 0 0 0 0 0 0 0 0 0 0 0 0 0 0 3 0 60277 60273 0 0 316 0 0 52 47580674 13571050 0 0 0 0 0 24128316 2119 0 0 
0 0 0 0 0 0 0 0 0 0 0 0 0 0 0 0 0 0 0 0 0 0 0 3 60471 0 0 19 0 0 313 52 0 61073056 0 0 0 0 0 24132972 0 0 2094 0 
0 0 0 0 0 0 0 0 0 0 0 0 0 0 0 0 0 0 0 0 0 0 0 3 0 60457 60453 0 0 316 0 0 52 47641560 13590440 0 0 0 0 0 24159960 2119 0 0 
0 0 0 0 0 0 0 0 0 0 0 0 0 0 0 0 0 0 0 0 0 0 0 3 60639 0 0 19 0 0 313 52 0 61158395 0 0 0 0 0 24168653 0 0 2094 0 
0 0 0 0 0 0 0 0 0 0 0 0 0 0 0 0 0 0 0 0 0 0 0 3 0 60625 60621 0 0 316 0 0 52 47707903 13609669 0 0 0 0 0 24195651 2119 0 0 
0 0 0 0 0 0 0 0 0 0 0 0 0 0 0 0 0 0 0 0 0 0 0 3 60807 0 0 19 0 0 313 52 0 61252936 0 0 0 0 0 24205917 0 0 2094 0 
0 0 0 0 0 0 0 0 0 0 0 0 0 0 0 0 0 0 0 0 0 0 0 3 0 60793 60789 0 0 316 0 0 52 47779379 13633017 0 0 0 0 0 24232922 2119 0 0 
0 0 0 0 0 0 0 0 0 0 0 0 0 0 0 0 0 0 0 0 0 0 0 3 60843 0 0 19 0 0 313 52 0 61328312 0 0 0 0 0 24233269 0 0 2094 0 
0 0 0 0 0 0 0 0 0 0 0 0 0 0 0 0 0 0 0 0 0 0 0 3 0 60829 60825 0 0 316 0 0 52 47836955 13651071 0 0 0 0 0 24260275 2119 0 0 
0 0 0 0 0 0 0 0 0 0 0 0 0 0 0 0 0 0 0 0 0 0 0 3 61011 0 0 19 0 0 313 52 0 61395163 0 0 0 0 0 24264129 0 0 2094 0 
0 0 0 0 0 0 0 0 0 0 0 0 0 0 0 0 0 0 0 0 0 0 0 3 0 60997 60993 0 0 316 0 0 52 47891173 13663863 0 0 0 0 0 24291139 2119 0 0 
0 0 0 0 0 0 0 0 0 0 0 0 0 0 0 0 0 0 0 0 0 0 0 3 61179 0 0 19 0 0 313 52 0 61468424 0 0 0 0 0 24295494 0 0 2094 0 
0 0 0 0 0 0 0 0 0 0 0 0 0 0 0 0 0 0 0 0 0 0 0 3 0 61175 61161 0 0 316 0 0 52 47948833 13679700 0 0 0 0 0 24322517 2119 0 0 
0 0 0 0 0 0 0 0 0 0 0 0 0 0 0 0 0 0 0 0 0 0 0 3 61347 0 0 19 0 0 313 52 0 61564176 0 0 0 0 0 24332803 0 0 2094 0 
0 0 0 0 0 0 0 0 0 0 0 0 0 0 0 0 0 0 0 0 0 0 0 3 0 61333 61329 0 0 316 0 0 52 48021665 13702943 0 0 0 0 0 24359836 2119 0 0 
0 0 0 0 0 0 0 0 0 0 0 0 0 0 0 0 0 0 0 0 0 0 0 3 61479 0 0 19 0 0 313 52 0 61652104 0 0 0 0 0 24367708 0 0 2094 0 
0 0 0 0 0 0 0 0 0 0 0 0 0 0 0 0 0 0 0 0 0 0 0 3 0 61473 61461 0 0 316 0 0 52 48088951 13723892 0 0 0 0 0 24394749 2119 0 0 
0 0 0 0 0 0 0 0 0 0 0 0 0 0 0 0 0 0 0 0 0 0 0 3 61551 0 0 19 0 0 313 52 0 61718790 0 0 0 0 0 24389745 0 0 2094 0 
0 0 0 0 0 0 0 0 0 0 0 0 0 0 0 0 0 0 0 0 0 0 0 3 0 61546 61533 0 0 316 0 0 52 48140702 13738953 0 0 0 0 0 24416789 2119 0 0 
0 0 0 0 0 0 0 0 0 0 0 0 0 0 0 0 0 0 0 0 0 0 0 3 61730 0 0 19 0 0 313 52 0 61790814 0 0 0 0 0 24422926 0 0 2094 0 
0 0 0 0 0 0 0 0 0 0 0 0 0 0 0 0 0 0 0 0 0 0 0 3 0 61717 61713 0 0 316 0 0 52 48196637 13755313 0 0 0 0 0 24449978 2119 0 0 
0 0 0 0 0 0 0 0 0 0 0 0 0 0 0 0 0 0 0 0 0 0 0 3 61898 0 0 19 0 0 313 52 0 61872499 0 0 0 0 0 24456306 0 0 2094 0 
0 0 0 0 0 0 0 0 0 0 0 0 0 0 0 0 0 0 0 0 0 0 0 3 0 61885 61881 0 0 316 0 0 52 48260834 13773023 0 0 0 0 0 24483360 2119 0 0 
0 0 0 0 0 0 0 0 0 0 0 0 0 0 0 0 0 0 0 0 0 0 0 3 62066 0 0 19 0 0 313 52 0 61966771 0 0 0 0 0 24493715 0 0 2094 0 
0 0 0 0 0 0 0 0 0 0 0 0 0 0 0 0 0 0 0 0 0 0 0 3 0 62053 62049 0 0 316 0 0 52 48332168 13796334 0 0 0 0 0 24520788 2119 0 0 
0 0 0 0 0 0 0 0 0 0 0 0 0 0 0 0 0 0 0 0 0 0 0 3 62090 0 0 19 0 0 313 52 0 62028696 0 0 0 0 0 24515873 0 0 2094 0 
0 0 0 0 0 0 0 0 0 0 0 0 0 0 0 0 0 0 0 0 0 0 0 3 0 62088 62073 0 0 316 0 0 52 48381207 13809345 0 0 0 0 0 24542944 2119 0 0 
0 0 0 0 0 0 0 0 0 0 0 0 0 0 0 0 0 0 0 0 0 0 0 3 62270 0 0 19 0 0 313 52 0 62104073 0 0 0 0 0 24549657 0 0 2094 0 
0 0 0 0 0 0 0 0 0 0 0 0 0 0 0 0 0 0 0 0 0 0 0 3 0 62257 62253 0 0 316 0 0 52 48439777 13826489 0 0 0 0 0 24576736 2119 0 0 
0 0 0 0 0 0 0 0 0 0 0 0 0 0 0 0 0 0 0 0 0 0 0 3 62438 0 0 19 0 0 313 52 0 62181930 0 0 0 0 0 24582887 0 0 2094 0 
0 0 0 0 0 0 0 0 0 0 0 0 0 0 0 0 0 0 0 0 0 0 0 3 0 62425 62421 0 0 316 0 0 52 48501326 13843029 0 0 0 0 0 24609980 2119 0 0 
0 0 0 0 0 0 0 0 0 0 0 0 0 0 0 0 0 0 0 0 0 0 0 3 62606 0 0 19 0 0 313 52 0 62276251 0 0 0 0 0 24620530 0 0 2094 0 
0 0 0 0 0 0 0 0 0 0 0 0 0 0 0 0 0 0 0 0 0 0 0 3 0 62593 62589 0 0 316 0 0 52 48572642 13866384 0 0 0 0 0 24647631 2119 0 0 
0 0 0 0 0 0 0 0 0 0 0 0 0 0 0 0 0 0 0 0 0 0 0 3 62642 0 0 19 0 0 313 52 0 62347957 0 0 0 0 0 24645893 0 0 2094 0 
0 0 0 0 0 0 0 0 0 0 0 0 0 0 0 0 0 0 0 0 0 0 0 3 0 62629 62625 0 0 316 0 0 52 48627684 13883263 0 0 0 0 0 24672991 2119 0 0 
0 0 0 0 0 0 0 0 0 0 0 0 0 0 0 0 0 0 0 0 0 0 0 3 62810 0 0 19 0 0 313 52 0 62407621 0 0 0 0 0 24675415 0 0 2094 0 
0 0 0 0 0 0 0 0 0 0 0 0 0 0 0 0 0 0 0 0 0 0 0 3 0 62797 62792 0 0 316 0 0 52 48675401 13895392 0 0 0 0 0 24702520 2119 0 0 
0 0 0 0 0 0 0 0 0 0 0 0 0 0 0 0 0 0 0 0 0 0 0 3 62978 0 0 19 0 0 313 52 0 62489271 0 0 0 0 0 24709575 0 0 2094 0 
0 0 0 0 0 0 0 0 0 0 0 0 0 0 0 0 0 0 0 0 0 0 0 3 0 62965 62959 0 0 316 0 0 52 48739548 13913148 0 0 0 0 0 24736689 2119 0 0 
0 0 0 0 0 0 0 0 0 0 0 0 0 0 0 0 0 0 0 0 0 0 0 3 63146 0 0 19 0 0 313 52 0 62583562 0 0 0 0 0 24746786 0 0 2094 0 
0 0 0 0 0 0 0 0 0 0 0 0 0 0 0 0 0 0 0 0 0 0 0 3 0 63133 63127 0 0 316 0 0 52 48810786 13936517 0 0 0 0 0 24773906 2119 0 0 
0 0 0 0 0 0 0 0 0 0 0 0 0 0 0 0 0 0 0 0 0 0 0 3 63170 0 0 19 0 0 313 52 0 62647386 0 0 0 0 0 24768629 0 0 2094 0 
0 0 0 0 0 0 0 0 0 0 0 0 0 0 0 0 0 0 0 0 0 0 0 3 0 63168 63151 0 0 316 0 0 52 48861769 13949460 0 0 0 0 0 24795749 2119 0 0 
0 0 0 0 0 0 0 0 0 0 0 0 0 0 0 0 0 0 0 0 0 0 0 3 63350 0 0 19 0 0 313 52 0 62719191 0 0 0 0 0 24800625 0 0 2094 0 
0 0 0 0 0 0 0 0 0 0 0 0 0 0 0 0 0 0 0 0 0 0 0 3 0 63337 63331 0 0 316 0 0 52 48916624 13966672 0 0 0 0 0 24827752 2119 0 0 
0 0 0 0 0 0 0 0 0 0 0 0 0 0 0 0 0 0 0 0 0 0 0 3 63518 0 0 19 0 0 313 52 0 62799745 0 0 0 0 0 24833824 0 0 2094 0 
0 0 0 0 0 0 0 0 0 0 0 0 0 0 0 0 0 0 0 0 0 0 0 3 0 63505 63499 0 0 316 0 0 52 48980719 13983376 0 0 0 0 0 24860964 2119 0 0 
0 0 0 0 0 0 0 0 0 0 0 0 0 0 0 0 0 0 0 0 0 0 0 3 63686 0 0 19 0 0 313 52 0 62893878 0 0 0 0 0 24871218 0 0 2094 0 
0 0 0 0 0 0 0 0 0 0 0 0 0 0 0 0 0 0 0 0 0 0 0 3 0 63673 63667 0 0 316 0 0 52 49051839 14006711 0 0 0 0 0 24898364 2119 0 0 
0 0 0 0 0 0 0 0 0 0 0 0 0 0 0 0 0 0 0 0 0 0 0 3 63734 0 0 19 0 0 313 52 0 62971075 0 0 0 0 0 24900185 0 0 2094 0 
0 0 0 0 0 0 0 0 0 0 0 0 0 0 0 0 0 0 0 0 0 0 0 3 0 63730 63715 0 0 316 0 0 52 49110238 14025786 0 0 0 0 0 24927342 2119 0 0 
0 0 0 0 0 0 0 0 0 0 0 0 0 0 0 0 0 0 0 0 0 0 0 3 63890 0 0 19 0 0 313 52 0 63031079 0 0 0 0 0 24927786 0 0 2094 0 
0 0 0 0 0 0 0 0 0 0 0 0 0 0 0 0 0 0 0 0 0 0 0 3 0 63877 63871 0 0 316 0 0 52 49158703 14037447 0 0 0 0 0 24954948 2119 0 0 
0 0 0 0 0 0 0 0 0 0 0 0 0 0 0 0 0 0 0 0 0 0 0 3 64058 0 0 19 0 0 313 52 0 63108653 0 0 0 0 0 24961600 0 0 2094 0 
0 0 0 0 0 0 0 0 0 0 0 0 0 0 0 0 0 0 0 0 0 0 0 3 0 64045 64039 0 0 316 0 0 52 49220489 14053466 0 0 0 0 0 24988764 2119 0 0 
0 0 0 0 0 0 0 0 0 0 0 0 0 0 0 0 0 0 0 0 0 0 0 3 64226 0 0 19 0 0 313 52 0 63200448 0 0 0 0 0 24996489 0 0 2094 0 
0 0 0 0 0 0 0 0 0 0 0 0 0 0 0 0 0 0 0 0 0 0 0 3 0 64213 64207 0 0 316 0 0 52 49289260 14076790 0 0 0 0 0 25023659 2119 0 0 
0 0 0 0 0 0 0 0 0 0 0 0 0 0 0 0 0 0 0 0 0 0 0 3 64322 0 0 19 0 0 313 52 0 63286369 0 0 0 0 0 25031459 0 0 2094 0 
0 0 0 0 0 0 0 0 0 0 0 0 0 0 0 0 0 0 0 0 0 0 0 3 0 64309 64303 0 0 316 0 0 52 49355641 14096703 0 0 0 0 0 25058635 2119 0 0 
0 0 0 0 0 0 0 0 0 0 0 0 0 0 0 0 0 0 0 0 0 0 0 3 64430 0 0 19 0 0 313 52 0 63343573 0 0 0 0 0 25054618 0 0 2094 0 
0 0 0 0 0 0 0 0 0 0 0 0 0 0 0 0 0 0 0 0 0 0 0 3 0 64417 64411 0 0 316 0 0 52 49401792 14107846 0 0 0 0 0 25081794 2119 0 0 
0 0 0 0 0 0 0 0 0 0 0 0 0 0 0 0 0 0 0 0 0 0 0 3 64598 0 0 19 0 0 313 52 0 63415824 0 0 0 0 0 25084744 0 0 2094 0 
0 0 0 0 0 0 0 0 0 0 0 0 0 0 0 0 0 0 0 0 0 0 0 3 0 64585 64579 0 0 316 0 0 52 49458652 14123478 0 0 0 0 0 25111931 2119 0 0 
0 0 0 0 0 0 0 0 0 0 0 0 0 0 0 0 0 0 0 0 0 0 0 3 64766 0 0 19 0 0 313 52 0 63511314 0 0 0 0 0 25122394 0 0 2094 0 
0 0 0 0 0 0 0 0 0 0 0 0 0 0 0 0 0 0 0 0 0 0 0 3 0 64753 64747 0 0 316 0 0 52 49531027 14146856 0 0 0 0 0 25149587 2119 0 0 
0 0 0 0 0 0 0 0 0 0 0 0 0 0 0 0 0 0 0 0 0 0 0 3 64826 0 0 19 0 0 313 52 0 63598122 0 0 0 0 0 25158570 0 0 2094 0 
0 0 0 0 0 0 0 0 0 0 0 0 0 0 0 0 0 0 0 0 0 0 0 3 0 64823 64807 0 0 316 0 0 52 49598894 14166100 0 0 0 0 0 25185765 2119 0 0 
0 0 0 0 0 0 0 0 0 0 0 0 0 0 0 0 0 0 0 0 0 0 0 3 64970 0 0 19 0 0 313 52 0 63651387 0 0 0 0 0 25180217 0 0 2094 0 
0 0 0 0 0 0 0 0 0 0 0 0 0 0 0 0 0 0 0 0 0 0 0 3 0 64957 64951 0 0 316 0 0 52 49640830 14177500 0 0 0 0 0 25207412 2119 0 0 
0 0 0 0 0 0 0 0 0 0 0 0 0 0 0 0 0 0 0 0 0 0 0 3 65138 0 0 19 0 0 313 52 0 63726159 0 0 0 0 0 25211403 0 0 2094 0 
0 0 0 0 0 0 0 0 0 0 0 0 0 0 0 0 0 0 0 0 0 0 0 3 0 65125 65119 0 0 316 0 0 52 49699711 14193616 0 0 0 0 0 25238606 2119 0 0 
0 0 0 0 0 0 0 0 0 0 0 0 0 0 0 0 0 0 0 0 0 0 0 3 65306 0 0 19 0 0 313 52 0 63819568 0 0 0 0 0 25248287 0 0 2094 0 
0 0 0 0 0 0 0 0 0 0 0 0 0 0 0 0 0 0 0 0 0 0 0 3 0 65293 65287 0 0 316 0 0 52 49770130 14216933 0 0 0 0 0 25275510 2119 0 0 
0 0 0 0 0 0 0 0 0 0 0 0 0 0 0 0 0 0 0 0 0 0 0 3 65378 0 0 19 0 0 313 52 0 63903889 0 0 0 0 0 25282870 0 0 2094 0 
0 0 0 0 0 0 0 0 0 0 0 0 0 0 0 0 0 0 0 0 0 0 0 3 0 65365 65359 0 0 316 0 0 52 49835471 14236218 0 0 0 0 0 25310102 2119 0 0 
0 0 0 0 0 0 0 0 0 0 0 0 0 0 0 0 0 0 0 0 0 0 0 3 65510 0 0 19 0 0 313 52 0 63956507 0 0 0 0 0 25303463 0 0 2094 0 
0 0 0 0 0 0 0 0 0 0 0 0 0 0 0 0 0 0 0 0 0 0 0 3 0 65497 65491 0 0 316 0 0 52 49876832 14247561 0 0 0 0 0 25330696 2119 0 0 
0 0 0 0 0 0 0 0 0 0 0 0 0 0 0 0 0 0 0 0 0 0 0 3 65678 0 0 19 0 0 313 52 0 64031948 0 0 0 0 0 25335486 0 0 2094 0 
0 0 0 0 0 0 0 0 0 0 0 0 0 0 0 0 0 0 0 0 0 0 0 3 0 65665 65659 0 0 316 0 0 52 49936424 14263660 0 0 0 0 0 25362728 2119 0 0 
0 0 0 0 0 0 0 0 0 0 0 0 0 0 0 0 0 0 0 0 0 0 0 3 65846 0 0 19 0 0 313 52 0 64124900 0 0 0 0 0 25371620 0 0 2094 0 
0 0 0 0 0 0 0 0 0 0 0 0 0 0 0 0 0 0 0 0 0 0 0 3 0 65833 65827 0 0 316 0 0 52 50006298 14287010 0 0 0 0 0 25398874 2119 0 0 
0 0 0 0 0 0 0 0 0 0 0 0 0 0 0 0 0 0 0 0 0 0 0 3 65906 0 0 19 0 0 313 52 0 64206552 0 0 0 0 0 25403918 0 0 2094 0 
0 0 0 0 0 0 0 0 0 0 0 0 0 0 0 0 0 0 0 0 0 0 0 3 0 65893 65887 0 0 316 0 0 52 50069006 14306241 0 0 0 0 0 25431174 2119 0 0 
0 0 0 0 0 0 0 0 0 0 0 0 0 0 0 0 0 0 0 0 0 0 0 3 66050 0 0 19 0 0 313 52 0 64261768 0 0 0 0 0 25428163 0 0 2094 0 
0 0 0 0 0 0 0 0 0 0 0 0 0 0 0 0 0 0 0 0 0 0 0 3 0 66037 66031 0 0 316 0 0 52 50112911 14317665 0 0 0 0 0 25455419 2119 0 0 
0 0 0 0 0 0 0 0 0 0 0 0 0 0 0 0 0 0 0 0 0 0 0 3 66218 0 0 19 0 0 313 52 0 64337160 0 0 0 0 0 25459351 0 0 2094 0 
0 0 0 0 0 0 0 0 0 0 0 0 0 0 0 0 0 0 0 0 0 0 0 3 0 66206 66199 0 0 316 0 0 52 50172347 14333813 0 0 0 0 0 25486611 2119 0 0 
0 0 0 0 0 0 0 0 0 0 0 0 0 0 0 0 0 0 0 0 0 0 0 3 66386 0 0 19 0 0 313 52 0 64431221 0 0 0 0 0 25496081 0 0 2094 0 
0 0 0 0 0 0 0 0 0 0 0 0 0 0 0 0 0 0 0 0 0 0 0 3 0 66373 66367 0 0 316 0 0 52 50243410 14357131 0 0 0 0 0 25523354 2119 0 0 
0 0 0 0 0 0 0 0 0 0 0 0 0 0 0 0 0 0 0 0 0 0 0 3 66446 0 0 19 0 0 313 52 0 64518927 0 0 0 0 0 25532347 0 0 2094 0 
0 0 0 0 0 0 0 0 0 0 0 0 0 0 0 0 0 0 0 0 0 0 0 3 0 66444 66427 0 0 316 0 0 52 50312148 14376355 0 0 0 0 0 25559630 2119 0 0 
0 0 0 0 0 0 0 0 0 0 0 0 0 0 0 0 0 0 0 0 0 0 0 3 66590 0 0 19 0 0 313 52 0 64571221 0 0 0 0 0 25551982 0 0 2094 0 
0 0 0 0 0 0 0 0 0 0 0 0 0 0 0 0 0 0 0 0 0 0 0 3 0 66577 66571 0 0 316 0 0 52 50353094 14387787 0 0 0 0 0 25579263 2119 0 0 
0 0 0 0 0 0 0 0 0 0 0 0 0 0 0 0 0 0 0 0 0 0 0 3 66770 0 0 19 0 0 313 52 0 64647451 0 0 0 0 0 25581918 0 0 2094 0 
0 0 0 0 0 0 0 0 0 0 0 0 0 0 0 0 0 0 0 0 0 0 0 3 0 66757 66751 0 0 316 0 0 52 50412564 14404748 0 0 0 0 0 25609213 2119 0 0 
0 0 0 0 0 0 0 0 0 0 0 0 0 0 0 0 0 0 0 0 0 0 0 3 66938 0 0 19 0 0 313 52 0 64741064 0 0 0 0 0 25619323 0 0 2094 0 
0 0 0 0 0 0 0 0 0 0 0 0 0 0 0 0 0 0 0 0 0 0 0 3 0 66925 66919 0 0 316 0 0 52 50483943 14427295 0 0 0 0 0 25646620 2119 0 0 
0 0 0 0 0 0 0 0 0 0 0 0 0 0 0 0 0 0 0 0 0 0 0 3 67106 0 0 19 0 0 313 52 0 64835810 0 0 0 0 0 25656889 0 0 2094 0 
0 0 0 0 0 0 0 0 0 0 0 0 0 0 0 0 0 0 0 0 0 0 0 3 0 67093 67087 0 0 316 0 0 52 50555638 14450653 0 0 0 0 0 25684196 2119 0 0 
0 0 0 0 0 0 0 0 0 0 0 0 0 0 0 0 0 0 0 0 0 0 0 3 67130 0 0 19 0 0 313 52 0 64898936 0 0 0 0 0 25680495 0 0 2094 0 
0 0 0 0 0 0 0 0 0 0 0 0 0 0 0 0 0 0 0 0 0 0 0 3 0 67126 67111 0 0 316 0 0 52 50606011 14463495 0 0 0 0 0 25707802 2119 0 0 
0 0 0 0 0 0 0 0 0 0 0 0 0 0 0 0 0 0 0 0 0 0 0 3 67310 0 0 19 0 0 313 52 0 64969642 0 0 0 0 0 25713291 0 0 2094 0 
0 0 0 0 0 0 0 0 0 0 0 0 0 0 0 0 0 0 0 0 0 0 0 3 0 67297 67291 0 0 316 0 0 52 50660380 14480111 0 0 0 0 0 25740608 2119 0 0 
0 0 0 0 0 0 0 0 0 0 0 0 0 0 0 0 0 0 0 0 0 0 0 3 67478 0 0 19 0 0 313 52 0 65050425 0 0 0 0 0 25746613 0 0 2094 0 
0 0 0 0 0 0 0 0 0 0 0 0 0 0 0 0 0 0 0 0 0 0 0 3 0 67465 67459 0 0 316 0 0 52 50724146 14497304 0 0 0 0 0 25773939 2119 0 0 
0 0 0 0 0 0 0 0 0 0 0 0 0 0 0 0 0 0 0 0 0 0 0 3 67646 0 0 19 0 0 313 52 0 65140763 0 0 0 0 0 25781563 0 0 2094 0 
0 0 0 0 0 0 0 0 0 0 0 0 0 0 0 0 0 0 0 0 0 0 0 3 0 67633 67627 0 0 316 0 0 52 50791491 14520610 0 0 0 0 0 25808895 2119 0 0 
0 0 0 0 0 0 0 0 0 0 0 0 0 0 0 0 0 0 0 0 0 0 0 3 67670 0 0 19 0 0 313 52 0 65202762 0 0 0 0 0 25804077 0 0 2094 0 
0 0 0 0 0 0 0 0 0 0 0 0 0 0 0 0 0 0 0 0 0 0 0 3 0 67667 67651 0 0 316 0 0 52 50840968 14533232 0 0 0 0 0 25831411 2119 0 0 
0 0 0 0 0 0 0 0 0 0 0 0 0 0 0 0 0 0 0 0 0 0 0 3 67850 0 0 19 0 0 313 52 0 65275141 0 0 0 0 0 25835422 0 0 2094 0 
0 0 0 0 0 0 0 0 0 0 0 0 0 0 0 0 0 0 0 0 0 0 0 3 0 67837 67831 0 0 316 0 0 52 50896638 14550206 0 0 0 0 0 25862767 2119 0 0 
0 0 0 0 0 0 0 0 0 0 0 0 0 0 0 0 0 0 0 0 0 0 0 3 68018 0 0 19 0 0 313 52 0 65353074 0 0 0 0 0 25867406 0 0 2094 0 
0 0 0 0 0 0 0 0 0 0 0 0 0 0 0 0 0 0 0 0 0 0 0 3 0 68005 67999 0 0 316 0 0 52 50957706 14567287 0 0 0 0 0 25894758 2119 0 0 
0 0 0 0 0 0 0 0 0 0 0 0 0 0 0 0 0 0 0 0 0 0 0 3 68186 0 0 19 0 0 313 52 0 65446550 0 0 0 0 0 25905008 0 0 2094 0 
0 0 0 0 0 0 0 0 0 0 0 0 0 0 0 0 0 0 0 0 0 0 0 3 0 68173 68167 0 0 316 0 0 52 51028136 14590629 0 0 0 0 0 25932365 2119 0 0 
0 0 0 0 0 0 0 0 0 0 0 0 0 0 0 0 0 0 0 0 0 0 0 3 68210 0 0 19 0 0 313 52 0 65509800 0 0 0 0 0 25929038 0 0 2094 0 
0 0 0 0 0 0 0 0 0 0 0 0 0 0 0 0 0 0 0 0 0 0 0 3 0 68208 68191 0 0 316 0 0 52 51078626 14603489 0 0 0 0 0 25956397 2119 0 0 
0 0 0 0 0 0 0 0 0 0 0 0 0 0 0 0 0 0 0 0 0 0 0 3 68390 0 0 19 0 0 313 52 0 65576303 0 0 0 0 0 25959574 0 0 2094 0 
0 0 0 0 0 0 0 0 0 0 0 0 0 0 0 0 0 0 0 0 0 0 0 3 0 68377 68371 0 0 316 0 0 52 51130152 14618715 0 0 0 0 0 25986935 2119 0 0 
0 0 0 0 0 0 0 0 0 0 0 0 0 0 0 0 0 0 0 0 0 0 0 3 68558 0 0 19 0 0 313 52 0 65661714 0 0 0 0 0 25994806 0 0 2094 0 
0 0 0 0 0 0 0 0 0 0 0 0 0 0 0 0 0 0 0 0 0 0 0 3 0 68545 68539 0 0 316 0 0 52 51197124 14637445 0 0 0 0 0 26022171 2119 0 0 
0 0 0 0 0 0 0 0 0 0 0 0 0 0 0 0 0 0 0 0 0 0 0 3 68726 0 0 19 0 0 313 52 0 65756424 0 0 0 0 0 26031650 0 0 2094 0 
0 0 0 0 0 0 0 0 0 0 0 0 0 0 0 0 0 0 0 0 0 0 0 3 0 68713 68706 0 0 316 0 0 52 51268859 14660733 0 0 0 0 0 26059024 2119 0 0 
0 0 0 0 0 0 0 0 0 0 0 0 0 0 0 0 0 0 0 0 0 0 0 3 68762 0 0 19 0 0 313 52 0 65834058 0 0 0 0 0 26059831 0 0 2094 0 
0 0 0 0 0 0 0 0 0 0 0 0 0 0 0 0 0 0 0 0 0 0 0 3 0 68761 68742 0 0 316 0 0 52 51327936 14679515 0 0 0 0 0 26087197 2119 0 0 
0 0 0 0 0 0 0 0 0 0 0 0 0 0 0 0 0 0 0 0 0 0 0 3 68930 0 0 19 0 0 313 52 0 65897720 0 0 0 0 0 26089401 0 0 2094 0 
0 0 0 0 0 0 0 0 0 0 0 0 0 0 0 0 0 0 0 0 0 0 0 3 0 68917 68910 0 0 316 0 0 52 51379717 14691556 0 0 0 0 0 26116773 2119 0 0 
0 0 0 0 0 0 0 0 0 0 0 0 0 0 0 0 0 0 0 0 0 0 0 3 69098 0 0 19 0 0 313 52 0 65971268 0 0 0 0 0 26120446 0 0 2094 0 
0 0 0 0 0 0 0 0 0 0 0 0 0 0 0 0 0 0 0 0 0 0 0 3 0 69096 69078 0 0 316 0 0 52 51437640 14707400 0 0 0 0 0 26147817 2119 0 0 
0 0 0 0 0 0 0 0 0 0 0 0 0 0 0 0 0 0 0 0 0 0 0 3 69266 0 0 19 0 0 313 52 0 66065297 0 0 0 0 0 26156651 0 0 2094 0 
0 0 0 0 0 0 0 0 0 0 0 0 0 0 0 0 0 0 0 0 0 0 0 3 0 69257 69246 0 0 316 0 0 52 51508718 14730726 0 0 0 0 0 26184028 2119 0 0 
0 0 0 0 0 0 0 0 0 0 0 0 0 0 0 0 0 0 0 0 0 0 0 3 69398 0 0 19 0 0 313 52 0 66154571 0 0 0 0 0 26191773 0 0 2094 0 
0 0 0 0 0 0 0 0 0 0 0 0 0 0 0 0 0 0 0 0 0 0 0 3 0 69395 69378 0 0 316 0 0 52 51576586 14752458 0 0 0 0 0 26219159 2119 0 0 
0 0 0 0 0 0 0 0 0 0 0 0 0 0 0 0 0 0 0 0 0 0 0 3 69470 0 0 19 0 0 313 52 0 66220200 0 0 0 0 0 26214948 0 0 2094 0 
0 0 0 0 0 0 0 0 0 0 0 0 0 0 0 0 0 0 0 0 0 0 0 3 0 69457 69450 0 0 316 0 0 52 51628913 14765890 0 0 0 0 0 26242332 2119 0 0 
0 0 0 0 0 0 0 0 0 0 0 0 0 0 0 0 0 0 0 0 0 0 0 3 69650 0 0 19 0 0 313 52 0 66294301 0 0 0 0 0 26246691 0 0 2094 0 
0 0 0 0 0 0 0 0 0 0 0 0 0 0 0 0 0 0 0 0 0 0 0 3 0 69637 69630 0 0 316 0 0 52 51685282 14783927 0 0 0 0 0 26274079 2119 0 0 
0 0 0 0 0 0 0 0 0 0 0 0 0 0 0 0 0 0 0 0 0 0 0 3 69818 0 0 19 0 0 313 52 0 66376262 0 0 0 0 0 26279886 0 0 2094 0 
0 0 0 0 0 0 0 0 0 0 0 0 0 0 0 0 0 0 0 0 0 0 0 3 0 69805 69798 0 0 316 0 0 52 51750613 14800814 0 0 0 0 0 26307284 2119 0 0 
0 0 0 0 0 0 0 0 0 0 0 0 0 0 0 0 0 0 0 0 0 0 0 3 69986 0 0 19 0 0 313 52 0 66469895 0 0 0 0 0 26316717 0 0 2094 0 
0 0 0 0 0 0 0 0 0 0 0 0 0 0 0 0 0 0 0 0 0 0 0 3 0 69973 69966 0 0 316 0 0 52 51821341 14824120 0 0 0 0 0 26344128 2119 0 0 
0 0 0 0 0 0 0 0 0 0 0 0 0 0 0 0 0 0 0 0 0 0 0 3 70022 0 0 19 0 0 313 52 0 66536132 0 0 0 0 0 26340645 0 0 2094 0 
0 0 0 0 0 0 0 0 0 0 0 0 0 0 0 0 0 0 0 0 0 0 0 3 0 70009 70002 0 0 316 0 0 52 51872796 14839052 0 0 0 0 0 26368055 2119 0 0 
0 0 0 0 0 0 0 0 0 0 0 0 0 0 0 0 0 0 0 0 0 0 0 3 70190 0 0 19 0 0 313 52 0 66609288 0 0 0 0 0 26373409 0 0 2094 0 
0 0 0 0 0 0 0 0 0 0 0 0 0 0 0 0 0 0 0 0 0 0 0 3 0 70177 70170 0 0 316 0 0 52 51930558 14854672 0 0 0 0 0 26400824 2119 0 0 
0 0 0 0 0 0 0 0 0 0 0 0 0 0 0 0 0 0 0 0 0 0 0 3 70358 0 0 19 0 0 313 52 0 66686690 0 0 0 0 0 26405109 0 0 2094 0 
0 0 0 0 0 0 0 0 0 0 0 0 0 0 0 0 0 0 0 0 0 0 0 3 0 70345 70338 0 0 316 0 0 52 51992018 14870838 0 0 0 0 0 26432531 2119 0 0 
0 0 0 0 0 0 0 0 0 0 0 0 0 0 0 0 0 0 0 0 0 0 0 3 70526 0 0 19 0 0 313 52 0 66778821 0 0 0 0 0 26440142 0 0 2094 0 
0 0 0 0 0 0 0 0 0 0 0 0 0 0 0 0 0 0 0 0 0 0 0 3 0 70524 70506 0 0 316 0 0 52 52061029 14894208 0 0 0 0 0 26467573 2119 0 0 
0 0 0 0 0 0 0 0 0 0 0 0 0 0 0 0 0 0 0 0 0 0 0 3 70658 0 0 19 0 0 313 52 0 66867826 0 0 0 0 0 26475761 0 0 2094 0 
0 0 0 0 0 0 0 0 0 0 0 0 0 0 0 0 0 0 0 0 0 0 0 3 0 70655 70638 0 0 316 0 0 52 52128704 14915896 0 0 0 0 0 26503208 2119 0 0 
0 0 0 0 0 0 0 0 0 0 0 0 0 0 0 0 0 0 0 0 0 0 0 3 70730 0 0 19 0 0 313 52 0 66934621 0 0 0 0 0 26498776 0 0 2094 0 
0 0 0 0 0 0 0 0 0 0 0 0 0 0 0 0 0 0 0 0 0 0 0 3 0 70728 70710 0 0 316 0 0 52 52181154 14930389 0 0 0 0 0 26526224 2119 0 0 
0 0 0 0 0 0 0 0 0 0 0 0 0 0 0 0 0 0 0 0 0 0 0 3 70910 0 0 19 0 0 313 52 0 67007303 0 0 0 0 0 26531852 0 0 2094 0 
0 0 0 0 0 0 0 0 0 0 0 0 0 0 0 0 0 0 0 0 0 0 0 3 0 70897 70890 0 0 316 0 0 52 52237019 14947506 0 0 0 0 0 26559316 2119 0 0 
0 0 0 0 0 0 0 0 0 0 0 0 0 0 0 0 0 0 0 0 0 0 0 3 71078 0 0 19 0 0 313 52 0 67088210 0 0 0 0 0 26565618 0 0 2094 0 
0 0 0 0 0 0 0 0 0 0 0 0 0 0 0 0 0 0 0 0 0 0 0 3 0 71065 71058 0 0 316 0 0 52 52301371 14964340 0 0 0 0 0 26593094 2119 0 0 
0 0 0 0 0 0 0 0 0 0 0 0 0 0 0 0 0 0 0 0 0 0 0 3 71246 0 0 19 0 0 313 52 0 67181784 0 0 0 0 0 26602363 0 0 2094 0 
0 0 0 0 0 0 0 0 0 0 0 0 0 0 0 0 0 0 0 0 0 0 0 3 0 71233 71226 0 0 316 0 0 52 52371878 14987691 0 0 0 0 0 26629852 2119 0 0 
0 0 0 0 0 0 0 0 0 0 0 0 0 0 0 0 0 0 0 0 0 0 0 3 71318 0 0 19 0 0 313 52 0 67264712 0 0 0 0 0 26635895 0 0 2094 0 
0 0 0 0 0 0 0 0 0 0 0 0 0 0 0 0 0 0 0 0 0 0 0 3 0 71305 71296 0 0 316 0 0 52 52435913 15006929 0 0 0 0 0 26663391 2119 0 0 
0 0 0 0 0 0 0 0 0 0 0 0 0 0 0 0 0 0 0 0 0 0 0 3 71450 0 0 19 0 0 313 52 0 67321680 0 0 0 0 0 26658121 0 0 2094 0 
0 0 0 0 0 0 0 0 0 0 0 0 0 0 0 0 0 0 0 0 0 0 0 3 0 71437 71429 0 0 316 0 0 52 52480979 15018936 0 0 0 0 0 26685618 2119 0 0 
0 0 0 0 0 0 0 0 0 0 0 0 0 0 0 0 0 0 0 0 0 0 0 3 71618 0 0 19 0 0 313 52 0 67393929 0 0 0 0 0 26689754 0 0 2094 0 
0 0 0 0 0 0 0 0 0 0 0 0 0 0 0 0 0 0 0 0 0 0 0 3 0 71616 71596 0 0 316 0 0 52 52537917 15034462 0 0 0 0 0 26717259 2119 0 0 
0 0 0 0 0 0 0 0 0 0 0 0 0 0 0 0 0 0 0 0 0 0 0 3 71798 0 0 19 0 0 313 52 0 67488787 0 0 0 0 0 26726345 0 0 2094 0 
0 0 0 0 0 0 0 0 0 0 0 0 0 0 0 0 0 0 0 0 0 0 0 3 0 71785 71776 0 0 316 0 0 52 52609846 15057784 0 0 0 0 0 26753858 2119 0 0 
0 0 0 0 0 0 0 0 0 0 0 0 0 0 0 0 0 0 0 0 0 0 0 3 71966 0 0 19 0 0 313 52 0 67582866 0 0 0 0 0 26762785 0 0 2094 0 
0 0 0 0 0 0 0 0 0 0 0 0 0 0 0 0 0 0 0 0 0 0 0 3 0 71953 71944 0 0 316 0 0 52 52680961 15081074 0 0 0 0 0 26790306 2119 0 0 
0 0 0 0 0 0 0 0 0 0 0 0 0 0 0 0 0 0 0 0 0 0 0 3 72002 0 0 19 0 0 313 52 0 67656751 0 0 0 0 0 26789194 0 0 2094 0 
0 0 0 0 0 0 0 0 0 0 0 0 0 0 0 0 0 0 0 0 0 0 0 3 0 71989 71980 0 0 316 0 0 52 52737400 15098729 0 0 0 0 0 26816722 2119 0 0 
0 0 0 0 0 0 0 0 0 0 0 0 0 0 0 0 0 0 0 0 0 0 0 3 72170 0 0 19 0 0 313 52 0 67724027 0 0 0 0 0 26819530 0 0 2094 0 
0 0 0 0 0 0 0 0 0 0 0 0 0 0 0 0 0 0 0 0 0 0 0 3 0 72157 72148 0 0 316 0 0 52 52791709 15111855 0 0 0 0 0 26847057 2119 0 0 
0 0 0 0 0 0 0 0 0 0 0 0 0 0 0 0 0 0 0 0 0 0 0 3 72338 0 0 19 0 0 313 52 0 67798509 0 0 0 0 0 26850699 0 0 2094 0 
0 0 0 0 0 0 0 0 0 0 0 0 0 0 0 0 0 0 0 0 0 0 0 3 0 72325 72316 0 0 316 0 0 52 52850489 15127847 0 0 0 0 0 26878237 2119 0 0 
0 0 0 0 0 0 0 0 0 0 0 0 0 0 0 0 0 0 0 0 0 0 0 3 72506 0 0 19 0 0 313 52 0 67890106 0 0 0 0 0 26886109 0 0 2094 0 
0 0 0 0 0 0 0 0 0 0 0 0 0 0 0 0 0 0 0 0 0 0 0 3 0 72493 72484 0 0 316 0 0 52 52919064 15151224 0 0 0 0 0 26913642 2119 0 0 
0 0 0 0 0 0 0 0 0 0 0 0 0 0 0 0 0 0 0 0 0 0 0 3 72590 0 0 19 0 0 313 52 0 67974765 0 0 0 0 0 26920722 0 0 2094 0 
0 0 0 0 0 0 0 0 0 0 0 0 0 0 0 0 0 0 0 0 0 0 0 3 0 72577 72568 0 0 316 0 0 52 52984105 15171162 0 0 0 0 0 26948270 2119 0 0 
0 0 0 0 0 0 0 0 0 0 0 0 0 0 0 0 0 0 0 0 0 0 0 3 72710 0 0 19 0 0 313 52 0 68037433 0 0 0 0 0 26943144 0 0 2094 0 
0 0 0 0 0 0 0 0 0 0 0 0 0 0 0 0 0 0 0 0 0 0 0 3 0 72697 72688 0 0 316 0 0 52 53033229 15184816 0 0 0 0 0 26970691 2119 0 0 
0 0 0 0 0 0 0 0 0 0 0 0 0 0 0 0 0 0 0 0 0 0 0 3 72890 0 0 19 0 0 313 52 0 68115253 0 0 0 0 0 26975134 0 0 2094 0 
0 0 0 0 0 0 0 0 0 0 0 0 0 0 0 0 0 0 0 0 0 0 0 3 0 72877 72868 0 0 316 0 0 52 53092273 15203888 0 0 0 0 0 27002689 2119 0 0 
0 0 0 0 0 0 0 0 0 0 0 0 0 0 0 0 0 0 0 0 0 0 0 3 73058 0 0 19 0 0 313 52 0 68197711 0 0 0 0 0 27008143 0 0 2094 0 
0 0 0 0 0 0 0 0 0 0 0 0 0 0 0 0 0 0 0 0 0 0 0 3 0 73045 73036 0 0 316 0 0 52 53157550 15221308 0 0 0 0 0 27035695 2119 0 0 
0 0 0 0 0 0 0 0 0 0 0 0 0 0 0 0 0 0 0 0 0 0 0 3 73226 0 0 19 0 0 313 52 0 68291188 0 0 0 0 0 27044513 0 0 2094 0 
0 0 0 0 0 0 0 0 0 0 0 0 0 0 0 0 0 0 0 0 0 0 0 3 0 73214 73204 0 0 316 0 0 52 53227979 15244635 0 0 0 0 0 27072074 2119 0 0 
0 0 0 0 0 0 0 0 0 0 0 0 0 0 0 0 0 0 0 0 0 0 0 3 73322 0 0 19 0 0 313 52 0 68376123 0 0 0 0 0 27078914 0 0 2094 0 
0 0 0 0 0 0 0 0 0 0 0 0 0 0 0 0 0 0 0 0 0 0 0 3 0 73309 73300 0 0 316 0 0 52 53293299 15264572 0 0 0 0 0 27106482 2119 0 0 
0 0 0 0 0 0 0 0 0 0 0 0 0 0 0 0 0 0 0 0 0 0 0 3 73430 0 0 19 0 0 313 52 0 68445487 0 0 0 0 0 27101550 0 0 2094 0 
0 0 0 0 0 0 0 0 0 0 0 0 0 0 0 0 0 0 0 0 0 0 0 3 0 73428 73408 0 0 316 0 0 52 53346661 15280689 0 0 0 0 0 27129115 2119 0 0 
0 0 0 0 0 0 0 0 0 0 0 0 0 0 0 0 0 0 0 0 0 0 0 3 73610 0 0 19 0 0 313 52 0 68514840 0 0 0 0 0 27132554 0 0 2094 0 
0 0 0 0 0 0 0 0 0 0 0 0 0 0 0 0 0 0 0 0 0 0 0 3 0 73597 73588 0 0 316 0 0 52 53401074 15295938 0 0 0 0 0 27160133 2119 0 0 
0 0 0 0 0 0 0 0 0 0 0 0 0 0 0 0 0 0 0 0 0 0 0 3 73778 0 0 19 0 0 313 52 0 68598472 0 0 0 0 0 27167208 0 0 2094 0 
0 0 0 0 0 0 0 0 0 0 0 0 0 0 0 0 0 0 0 0 0 0 0 3 0 73765 73756 0 0 316 0 0 52 53466363 15314552 0 0 0 0 0 27194801 2119 0 0 
0 0 0 0 0 0 0 0 0 0 0 0 0 0 0 0 0 0 0 0 0 0 0 3 73946 0 0 19 0 0 313 52 0 68692141 0 0 0 0 0 27204518 0 0 2094 0 
0 0 0 0 0 0 0 0 0 0 0 0 0 0 0 0 0 0 0 0 0 0 0 3 0 73933 73924 0 0 316 0 0 52 53537109 15337830 0 0 0 0 0 27232122 2119 0 0 
0 0 0 0 0 0 0 0 0 0 0 0 0 0 0 0 0 0 0 0 0 0 0 3 73982 0 0 19 0 0 313 52 0 68761764 0 0 0 0 0 27230525 0 0 2094 0 
0 0 0 0 0 0 0 0 0 0 0 0 0 0 0 0 0 0 0 0 0 0 0 3 0 73969 73960 0 0 316 0 0 52 53591774 15352994 0 0 0 0 0 27258131 2119 0 0 
0 0 0 0 0 0 0 0 0 0 0 0 0 0 0 0 0 0 0 0 0 0 0 3 74150 0 0 19 0 0 313 52 0 68833973 0 0 0 0 0 27263180 0 0 2094 0 
0 0 0 0 0 0 0 0 0 0 0 0 0 0 0 0 0 0 0 0 0 0 0 3 0 74137 74128 0 0 316 0 0 52 53648752 15368462 0 0 0 0 0 27290795 2119 0 0 
0 0 0 0 0 0 0 0 0 0 0 0 0 0 0 0 0 0 0 0 0 0 0 3 74318 0 0 19 0 0 313 52 0 68911419 0 0 0 0 0 27296021 0 0 2094 0 
0 0 0 0 0 0 0 0 0 0 0 0 0 0 0 0 0 0 0 0 0 0 0 3 0 74305 74296 0 0 316 0 0 52 53710234 15384667 0 0 0 0 0 27323644 2119 0 0 
0 0 0 0 0 0 0 0 0 0 0 0 0 0 0 0 0 0 0 0 0 0 0 3 74486 0 0 19 0 0 313 52 0 69004224 0 0 0 0 0 27332095 0 0 2094 0 
0 0 0 0 0 0 0 0 0 0 0 0 0 0 0 0 0 0 0 0 0 0 0 3 0 74483 74464 0 0 316 0 0 52 53780031 15407937 0 0 0 0 0 27359727 2119 0 0 
0 0 0 0 0 0 0 0 0 0 0 0 0 0 0 0 0 0 0 0 0 0 0 3 74654 0 0 19 0 0 313 52 0 69095323 0 0 0 0 0 27367568 0 0 2094 0 
0 0 0 0 0 0 0 0 0 0 0 0 0 0 0 0 0 0 0 0 0 0 0 3 0 74649 74632 0 0 316 0 0 52 53848563 15430806 0 0 0 0 0 27395213 2119 0 0 
0 0 0 0 0 0 0 0 0 0 0 0 0 0 0 0 0 0 0 0 0 0 0 3 74690 0 0 19 0 0 313 52 0 69160720 0 0 0 0 0 27392764 0 0 2094 0 
0 0 0 0 0 0 0 0 0 0 0 0 0 0 0 0 0 0 0 0 0 0 0 3 0 74677 74668 0 0 316 0 0 52 53901567 15443345 0 0 0 0 0 27420411 2119 0 0 
0 0 0 0 0 0 0 0 0 0 0 0 0 0 0 0 0 0 0 0 0 0 0 3 74870 0 0 19 0 0 313 52 0 69228299 0 0 0 0 0 27423690 0 0 2094 0 
0 0 0 0 0 0 0 0 0 0 0 0 0 0 0 0 0 0 0 0 0 0 0 3 0 74857 74848 0 0 316 0 0 52 53954266 15458489 0 0 0 0 0 27451346 2119 0 0 
0 0 0 0 0 0 0 0 0 0 0 0 0 0 0 0 0 0 0 0 0 0 0 3 75038 0 0 19 0 0 313 52 0 69314074 0 0 0 0 0 27458578 0 0 2094 0 
0 0 0 0 0 0 0 0 0 0 0 0 0 0 0 0 0 0 0 0 0 0 0 3 0 75025 75016 0 0 316 0 0 52 54020824 15477973 0 0 0 0 0 27486239 2119 0 0 
0 0 0 0 0 0 0 0 0 0 0 0 0 0 0 0 0 0 0 0 0 0 0 3 75206 0 0 19 0 0 313 52 0 69409714 0 0 0 0 0 27495673 0 0 2094 0 
0 0 0 0 0 0 0 0 0 0 0 0 0 0 0 0 0 0 0 0 0 0 0 3 0 75193 75184 0 0 316 0 0 52 54093383 15501339 0 0 0 0 0 27523344 2119 0 0 
0 0 0 0 0 0 0 0 0 0 0 0 0 0 0 0 0 0 0 0 0 0 0 3 75254 0 0 19 0 0 313 52 0 69488823 0 0 0 0 0 27524672 0 0 2094 0 
0 0 0 0 0 0 0 0 0 0 0 0 0 0 0 0 0 0 0 0 0 0 0 3 0 75241 75232 0 0 316 0 0 52 54153782 15520304 0 0 0 0 0 27552348 2119 0 0 
0 0 0 0 0 0 0 0 0 0 0 0 0 0 0 0 0 0 0 0 0 0 0 3 75410 0 0 19 0 0 313 52 0 69549605 0 0 0 0 0 27552548 0 0 2094 0 
0 0 0 0 0 0 0 0 0 0 0 0 0 0 0 0 0 0 0 0 0 0 0 3 0 75397 75388 0 0 316 0 0 52 54202698 15532287 0 0 0 0 0 27580232 2119 0 0 
0 0 0 0 0 0 0 0 0 0 0 0 0 0 0 0 0 0 0 0 0 0 0 3 75578 0 0 19 0 0 313 52 0 69624995 0 0 0 0 0 27584739 0 0 2094 0 
0 0 0 0 0 0 0 0 0 0 0 0 0 0 0 0 0 0 0 0 0 0 0 3 0 75565 75556 0 0 316 0 0 52 54262494 15548109 0 0 0 0 0 27612423 2119 0 0 
0 0 0 0 0 0 0 0 0 0 0 0 0 0 0 0 0 0 0 0 0 0 0 3 75746 0 0 19 0 0 313 52 0 69719258 0 0 0 0 0 27621520 0 0 2094 0 
0 0 0 0 0 0 0 0 0 0 0 0 0 0 0 0 0 0 0 0 0 0 0 3 0 75733 75724 0 0 316 0 0 52 54333783 15571441 0 0 0 0 0 27649215 2119 0 0 
0 0 0 0 0 0 0 0 0 0 0 0 0 0 0 0 0 0 0 0 0 0 0 3 75818 0 0 19 0 0 313 52 0 69804804 0 0 0 0 0 27656201 0 0 2094 0 
0 0 0 0 0 0 0 0 0 0 0 0 0 0 0 0 0 0 0 0 0 0 0 3 0 75817 75796 0 0 316 0 0 52 54399746 15591324 0 0 0 0 0 27683910 2119 0 0 
0 0 0 0 0 0 0 0 0 0 0 0 0 0 0 0 0 0 0 0 0 0 0 3 75950 0 0 19 0 0 313 52 0 69858145 0 0 0 0 0 27678024 0 0 2094 0 
0 0 0 0 0 0 0 0 0 0 0 0 0 0 0 0 0 0 0 0 0 0 0 3 0 75937 75928 0 0 316 0 0 52 54442458 15602047 0 0 0 0 0 27705733 2119 0 0 
0 0 0 0 0 0 0 0 0 0 0 0 0 0 0 0 0 0 0 0 0 0 0 3 76118 0 0 19 0 0 313 52 0 69934434 0 0 0 0 0 27711858 0 0 2094 0 
0 0 0 0 0 0 0 0 0 0 0 0 0 0 0 0 0 0 0 0 0 0 0 3 0 76105 76096 0 0 316 0 0 52 54502905 15618153 0 0 0 0 0 27739578 2119 0 0 
0 0 0 0 0 0 0 0 0 0 0 0 0 0 0 0 0 0 0 0 0 0 0 3 76286 0 0 19 0 0 313 52 0 70026963 0 0 0 0 0 27747399 0 0 2094 0 
0 0 0 0 0 0 0 0 0 0 0 0 0 0 0 0 0 0 0 0 0 0 0 3 0 76273 76264 0 0 316 0 0 52 54572436 15641455 0 0 0 0 0 27775131 2119 0 0 
0 0 0 0 0 0 0 0 0 0 0 0 0 0 0 0 0 0 0 0 0 0 0 3 76418 0 0 19 0 0 313 52 0 70114960 0 0 0 0 0 27781532 0 0 2094 0 
0 0 0 0 0 0 0 0 0 0 0 0 0 0 0 0 0 0 0 0 0 0 0 3 0 76415 76396 0 0 316 0 0 52 54638686 15663542 0 0 0 0 0 27809272 2119 0 0 
0 0 0 0 0 0 0 0 0 0 0 0 0 0 0 0 0 0 0 0 0 0 0 3 76490 0 0 19 0 0 313 52 0 70175014 0 0 0 0 0 27805010 0 0 2094 0 
0 0 0 0 0 0 0 0 0 0 0 0 0 0 0 0 0 0 0 0 0 0 0 3 0 76477 76468 0 0 316 0 0 52 54687163 15675219 0 0 0 0 0 27832752 2119 0 0 
0 0 0 0 0 0 0 0 0 0 0 0 0 0 0 0 0 0 0 0 0 0 0 3 76670 0 0 19 0 0 313 52 0 70244564 0 0 0 0 0 27833753 0 0 2094 0 
0 0 0 0 0 0 0 0 0 0 0 0 0 0 0 0 0 0 0 0 0 0 0 3 0 76657 76648 0 0 316 0 0 52 54740986 15691175 0 0 0 0 0 27861506 2119 0 0 
0 0 0 0 0 0 0 0 0 0 0 0 0 0 0 0 0 0 0 0 0 0 0 3 76838 0 0 19 0 0 313 52 0 70331174 0 0 0 0 0 27869204 0 0 2094 0 
0 0 0 0 0 0 0 0 0 0 0 0 0 0 0 0 0 0 0 0 0 0 0 3 0 76825 76816 0 0 316 0 0 52 54807371 15711729 0 0 0 0 0 27896970 2119 0 0 
0 0 0 0 0 0 0 0 0 0 0 0 0 0 0 0 0 0 0 0 0 0 0 3 76946 0 0 19 0 0 313 52 0 70419735 0 0 0 0 0 27906062 0 0 2094 0 
0 0 0 0 0 0 0 0 0 0 0 0 0 0 0 0 0 0 0 0 0 0 0 3 0 76945 76924 0 0 316 0 0 52 54875566 15732367 0 0 0 0 0 27933836 2119 0 0 
0 0 0 0 0 0 0 0 0 0 0 0 0 0 0 0 0 0 0 0 0 0 0 3 77030 0 0 19 0 0 313 52 0 70473938 0 0 0 0 0 27929890 0 0 2094 0 
0 0 0 0 0 0 0 0 0 0 0 0 0 0 0 0 0 0 0 0 0 0 0 3 0 77017 77008 0 0 316 0 0 52 54919681 15742532 0 0 0 0 0 27957665 2119 0 0 
0 0 0 0 0 0 0 0 0 0 0 0 0 0 0 0 0 0 0 0 0 0 0 3 77198 0 0 19 0 0 313 52 0 70548484 0 0 0 0 0 27961755 0 0 2094 0 
0 0 0 0 0 0 0 0 0 0 0 0 0 0 0 0 0 0 0 0 0 0 0 3 0 77185 77176 0 0 316 0 0 52 54978572 15758446 0 0 0 0 0 27989536 2119 0 0 
0 0 0 0 0 0 0 0 0 0 0 0 0 0 0 0 0 0 0 0 0 0 0 3 77366 0 0 19 0 0 313 52 0 70642820 0 0 0 0 0 27998862 0 0 2094 0 
0 0 0 0 0 0 0 0 0 0 0 0 0 0 0 0 0 0 0 0 0 0 0 3 0 77353 77344 0 0 316 0 0 52 55049907 15781727 0 0 0 0 0 28026654 2119 0 0 
0 0 0 0 0 0 0 0 0 0 0 0 0 0 0 0 0 0 0 0 0 0 0 3 77498 0 0 19 0 0 313 52 0 70728893 0 0 0 0 0 28032716 0 0 2094 0 
0 0 0 0 0 0 0 0 0 0 0 0 0 0 0 0 0 0 0 0 0 0 0 3 0 77485 77476 0 0 316 0 0 52 55115574 15802398 0 0 0 0 0 28060522 2119 0 0 
0 0 0 0 0 0 0 0 0 0 0 0 0 0 0 0 0 0 0 0 0 0 0 3 77570 0 0 19 0 0 313 52 0 70798535 0 0 0 0 0 28056724 0 0 2094 0 
0 0 0 0 0 0 0 0 0 0 0 0 0 0 0 0 0 0 0 0 0 0 0 3 0 77564 77548 0 0 316 0 0 52 55170027 15817700 0 0 0 0 0 28084531 2119 0 0 
0 0 0 0 0 0 0 0 0 0 0 0 0 0 0 0 0 0 0 0 0 0 0 3 77750 0 0 19 0 0 313 52 0 70869807 0 0 0 0 0 28089395 0 0 2094 0 
0 0 0 0 0 0 0 0 0 0 0 0 0 0 0 0 0 0 0 0 0 0 0 3 0 77737 77728 0 0 316 0 0 52 55224625 15834621 0 0 0 0 0 28117212 2119 0 0 
0 0 0 0 0 0 0 0 0 0 0 0 0 0 0 0 0 0 0 0 0 0 0 3 77918 0 0 19 0 0 313 52 0 70952355 0 0 0 0 0 28123764 0 0 2094 0 
0 0 0 0 0 0 0 0 0 0 0 0 0 0 0 0 0 0 0 0 0 0 0 3 0 77905 77896 0 0 316 0 0 52 55290155 15851836 0 0 0 0 0 28151588 2119 0 0 
0 0 0 0 0 0 0 0 0 0 0 0 0 0 0 0 0 0 0 0 0 0 0 3 78086 0 0 19 0 0 313 52 0 71046949 0 0 0 0 0 28160380 0 0 2094 0 
0 0 0 0 0 0 0 0 0 0 0 0 0 0 0 0 0 0 0 0 0 0 0 3 0 78073 78064 0 0 316 0 0 52 55361595 15875245 0 0 0 0 0 28188217 2119 0 0 
0 0 0 0 0 0 0 0 0 0 0 0 0 0 0 0 0 0 0 0 0 0 0 3 78170 0 0 19 0 0 313 52 0 71133457 0 0 0 0 0 28195971 0 0 2094 0 
0 0 0 0 0 0 0 0 0 0 0 0 0 0 0 0 0 0 0 0 0 0 0 3 0 78168 78148 0 0 316 0 0 52 55428373 15895257 0 0 0 0 0 28223819 2119 0 0 
0 0 0 0 0 0 0 0 0 0 0 0 0 0 0 0 0 0 0 0 0 0 0 3 78290 0 0 19 0 0 313 52 0 71183601 0 0 0 0 0 28215253 0 0 2094 0 
0 0 0 0 0 0 0 0 0 0 0 0 0 0 0 0 0 0 0 0 0 0 0 3 0 78277 78268 0 0 316 0 0 52 55468098 15905781 0 0 0 0 0 28243102 2119 0 0 
0 0 0 0 0 0 0 0 0 0 0 0 0 0 0 0 0 0 0 0 0 0 0 3 78458 0 0 19 0 0 313 52 0 71260798 0 0 0 0 0 28247482 0 0 2094 0 
0 0 0 0 0 0 0 0 0 0 0 0 0 0 0 0 0 0 0 0 0 0 0 3 0 78446 78436 0 0 316 0 0 52 55529300 15922025 0 0 0 0 0 28275344 2119 0 0 
0 0 0 0 0 0 0 0 0 0 0 0 0 0 0 0 0 0 0 0 0 0 0 3 78626 0 0 19 0 0 313 52 0 71353902 0 0 0 0 0 28283908 0 0 2094 0 
0 0 0 0 0 0 0 0 0 0 0 0 0 0 0 0 0 0 0 0 0 0 0 3 0 78624 78604 0 0 316 0 0 52 55599449 15945310 0 0 0 0 0 28311774 2119 0 0 
0 0 0 0 0 0 0 0 0 0 0 0 0 0 0 0 0 0 0 0 0 0 0 3 78806 0 0 19 0 0 313 52 0 71448733 0 0 0 0 0 28320892 0 0 2094 0 
0 0 0 0 0 0 0 0 0 0 0 0 0 0 0 0 0 0 0 0 0 0 0 3 0 78793 78784 0 0 316 0 0 52 55671233 15968648 0 0 0 0 0 28348766 2119 0 0 
0 0 0 0 0 0 0 0 0 0 0 0 0 0 0 0 0 0 0 0 0 0 0 3 78854 0 0 19 0 0 313 52 0 71530209 0 0 0 0 0 28350455 0 0 2094 0 
0 0 0 0 0 0 0 0 0 0 0 0 0 0 0 0 0 0 0 0 0 0 0 3 0 78849 78832 0 0 316 0 0 52 55733906 15987684 0 0 0 0 0 28378332 2119 0 0 
0 0 0 0 0 0 0 0 0 0 0 0 0 0 0 0 0 0 0 0 0 0 0 3 79010 0 0 19 0 0 313 52 0 71590453 0 0 0 0 0 28377993 0 0 2094 0 
0 0 0 0 0 0 0 0 0 0 0 0 0 0 0 0 0 0 0 0 0 0 0 3 0 78997 78988 0 0 316 0 0 52 55782634 15999310 0 0 0 0 0 28405869 2119 0 0 
0 0 0 0 0 0 0 0 0 0 0 0 0 0 0 0 0 0 0 0 0 0 0 3 79190 0 0 19 0 0 313 52 0 71671507 0 0 0 0 0 28408560 0 0 2094 0 
0 0 0 0 0 0 0 0 0 0 0 0 0 0 0 0 0 0 0 0 0 0 0 3 0 79177 79168 0 0 316 0 0 52 55844537 16018731 0 0 0 0 0 28436443 2119 0 0 
0 0 0 0 0 0 0 0 0 0 0 0 0 0 0 0 0 0 0 0 0 0 0 3 79358 0 0 19 0 0 313 52 0 71759052 0 0 0 0 0 28444489 0 0 2094 0 
0 0 0 0 0 0 0 0 0 0 0 0 0 0 0 0 0 0 0 0 0 0 0 3 0 79345 79336 0 0 316 0 0 52 55912373 16038709 0 0 0 0 0 28472376 2119 0 0 
0 0 0 0 0 0 0 0 0 0 0 0 0 0 0 0 0 0 0 0 0 0 0 3 79526 0 0 19 0 0 313 52 0 71851856 0 0 0 0 0 28481049 0 0 2094 0 
0 0 0 0 0 0 0 0 0 0 0 0 0 0 0 0 0 0 0 0 0 0 0 3 0 79513 79503 0 0 316 0 0 52 55982135 16061988 0 0 0 0 0 28508951 2119 0 0 
0 0 0 0 0 0 0 0 0 0 0 0 0 0 0 0 0 0 0 0 0 0 0 3 79586 0 0 19 0 0 313 52 0 71937822 0 0 0 0 0 28515949 0 0 2094 0 
0 0 0 0 0 0 0 0 0 0 0 0 0 0 0 0 0 0 0 0 0 0 0 3 0 79574 79563 0 0 316 0 0 52 56049313 16081078 0 0 0 0 0 28543848 2119 0 0 
0 0 0 0 0 0 0 0 0 0 0 0 0 0 0 0 0 0 0 0 0 0 0 3 79730 0 0 19 0 0 313 52 0 71994270 0 0 0 0 0 28537795 0 0 2094 0 
0 0 0 0 0 0 0 0 0 0 0 0 0 0 0 0 0 0 0 0 0 0 0 3 0 79717 79707 0 0 316 0 0 52 56093656 16093262 0 0 0 0 0 28565697 2119 0 0 
0 0 0 0 0 0 0 0 0 0 0 0 0 0 0 0 0 0 0 0 0 0 0 3 79910 0 0 19 0 0 313 52 0 72072584 0 0 0 0 0 28567194 0 0 2094 0 
0 0 0 0 0 0 0 0 0 0 0 0 0 0 0 0 0 0 0 0 0 0 0 3 0 79897 79887 0 0 316 0 0 52 56152686 16112819 0 0 0 0 0 28595102 2119 0 0 
0 0 0 0 0 0 0 0 0 0 0 0 0 0 0 0 0 0 0 0 0 0 0 3 80078 0 0 19 0 0 313 52 0 72157003 0 0 0 0 0 28601834 0 0 2094 0 
0 0 0 0 0 0 0 0 0 0 0 0 0 0 0 0 0 0 0 0 0 0 0 3 0 80065 80055 0 0 316 0 0 52 56218168 16131984 0 0 0 0 0 28629757 2119 0 0 
0 0 0 0 0 0 0 0 0 0 0 0 0 0 0 0 0 0 0 0 0 0 0 3 80246 0 0 19 0 0 313 52 0 72252198 0 0 0 0 0 28638732 0 0 2094 0 
0 0 0 0 0 0 0 0 0 0 0 0 0 0 0 0 0 0 0 0 0 0 0 3 0 80233 80223 0 0 316 0 0 52 56290238 16155398 0 0 0 0 0 28666664 2119 0 0 
0 0 0 0 0 0 0 0 0 0 0 0 0 0 0 0 0 0 0 0 0 0 0 3 80270 0 0 19 0 0 313 52 0 72314497 0 0 0 0 0 28661618 0 0 2094 0 
0 0 0 0 0 0 0 0 0 0 0 0 0 0 0 0 0 0 0 0 0 0 0 3 0 80268 80247 0 0 316 0 0 52 56339720 16168319 0 0 0 0 0 28689548 2119 0 0 
0 0 0 0 0 0 0 0 0 0 0 0 0 0 0 0 0 0 0 0 0 0 0 3 80450 0 0 19 0 0 313 52 0 72386906 0 0 0 0 0 28694419 0 0 2094 0 
0 0 0 0 0 0 0 0 0 0 0 0 0 0 0 0 0 0 0 0 0 0 0 3 0 80437 80427 0 0 316 0 0 52 56395448 16185313 0 0 0 0 0 28722355 2119 0 0 
0 0 0 0 0 0 0 0 0 0 0 0 0 0 0 0 0 0 0 0 0 0 0 3 80618 0 0 19 0 0 313 52 0 72467881 0 0 0 0 0 28728631 0 0 2094 0 
0 0 0 0 0 0 0 0 0 0 0 0 0 0 0 0 0 0 0 0 0 0 0 3 0 80605 80595 0 0 316 0 0 52 56459860 16202126 0 0 0 0 0 28756570 2119 0 0 
0 0 0 0 0 0 0 0 0 0 0 0 0 0 0 0 0 0 0 0 0 0 0 3 80785 0 0 19 0 0 313 52 0 72560949 0 0 0 0 0 28765236 0 0 2094 0 
0 0 0 0 0 0 0 0 0 0 0 0 0 0 0 0 0 0 0 0 0 0 0 3 0 80773 80763 0 0 316 0 0 52 56529916 16225434 0 0 0 0 0 28793180 2119 0 0 
0 0 0 0 0 0 0 0 0 0 0 0 0 0 0 0 0 0 0 0 0 0 0 3 80821 0 0 19 0 0 313 52 0 72639876 0 0 0 0 0 28793485 0 0 2094 0 
0 0 0 0 0 0 0 0 0 0 0 0 0 0 0 0 0 0 0 0 0 0 0 3 0 80820 80799 0 0 316 0 0 52 56590241 16244255 0 0 0 0 0 28821436 2119 0 0 
0 0 0 0 0 0 0 0 0 0 0 0 0 0 0 0 0 0 0 0 0 0 0 3 80989 0 0 19 0 0 313 52 0 72704347 0 0 0 0 0 28823307 0 0 2094 0 
0 0 0 0 0 0 0 0 0 0 0 0 0 0 0 0 0 0 0 0 0 0 0 3 0 80977 80967 0 0 316 0 0 52 56642473 16256647 0 0 0 0 0 28851264 2119 0 0 
0 0 0 0 0 0 0 0 0 0 0 0 0 0 0 0 0 0 0 0 0 0 0 3 81157 0 0 19 0 0 313 52 0 72776305 0 0 0 0 0 28853614 0 0 2094 0 
0 0 0 0 0 0 0 0 0 0 0 0 0 0 0 0 0 0 0 0 0 0 0 3 0 81156 81135 0 0 316 0 0 52 56698983 16272311 0 0 0 0 0 28881581 2119 0 0 
0 0 0 0 0 0 0 0 0 0 0 0 0 0 0 0 0 0 0 0 0 0 0 3 81337 0 0 19 0 0 313 52 0 72870185 0 0 0 0 0 28889837 0 0 2094 0 
0 0 0 0 0 0 0 0 0 0 0 0 0 0 0 0 0 0 0 0 0 0 0 3 0 81325 81315 0 0 316 0 0 52 56769804 16295694 0 0 0 0 0 28917812 2119 0 0 
0 0 0 0 0 0 0 0 0 0 0 0 0 0 0 0 0 0 0 0 0 0 0 3 81505 0 0 19 0 0 313 52 0 72964407 0 0 0 0 0 28927321 0 0 2094 0 
0 0 0 0 0 0 0 0 0 0 0 0 0 0 0 0 0 0 0 0 0 0 0 3 0 81493 81483 0 0 316 0 0 52 56841004 16319037 0 0 0 0 0 28955309 2119 0 0 
0 0 0 0 0 0 0 0 0 0 0 0 0 0 0 0 0 0 0 0 0 0 0 3 81529 0 0 19 0 0 313 52 0 73028047 0 0 0 0 0 28951036 0 0 2094 0 
0 0 0 0 0 0 0 0 0 0 0 0 0 0 0 0 0 0 0 0 0 0 0 3 0 81517 81507 0 0 316 0 0 52 56892932 16330845 0 0 0 0 0 28979024 2119 0 0 
0 0 0 0 0 0 0 0 0 0 0 0 0 0 0 0 0 0 0 0 0 0 0 3 81709 0 0 19 0 0 313 52 0 73100640 0 0 0 0 0 28982219 0 0 2094 0 
0 0 0 0 0 0 0 0 0 0 0 0 0 0 0 0 0 0 0 0 0 0 0 3 0 81697 81687 0 0 316 0 0 52 56948270 16348376 0 0 0 0 0 29010215 2119 0 0 
0 0 0 0 0 0 0 0 0 0 0 0 0 0 0 0 0 0 0 0 0 0 0 3 81877 0 0 19 0 0 313 52 0 73182189 0 0 0 0 0 29016281 0 0 2094 0 
0 0 0 0 0 0 0 0 0 0 0 0 0 0 0 0 0 0 0 0 0 0 0 3 0 81865 81855 0 0 316 0 0 52 57012791 16365691 0 0 0 0 0 29044268 2119 0 0 
0 0 0 0 0 0 0 0 0 0 0 0 0 0 0 0 0 0 0 0 0 0 0 3 82045 0 0 19 0 0 313 52 0 73277298 0 0 0 0 0 29053299 0 0 2094 0 
0 0 0 0 0 0 0 0 0 0 0 0 0 0 0 0 0 0 0 0 0 0 0 3 0 82033 82023 0 0 316 0 0 52 57084887 16388996 0 0 0 0 0 29081293 2119 0 0 
0 0 0 0 0 0 0 0 0 0 0 0 0 0 0 0 0 0 0 0 0 0 0 3 82081 0 0 19 0 0 313 52 0 73352445 0 0 0 0 0 29079730 0 0 2094 0 
0 0 0 0 0 0 0 0 0 0 0 0 0 0 0 0 0 0 0 0 0 0 0 3 0 82069 82059 0 0 316 0 0 52 57142550 16406713 0 0 0 0 0 29107724 2119 0 0 
0 0 0 0 0 0 0 0 0 0 0 0 0 0 0 0 0 0 0 0 0 0 0 3 82249 0 0 19 0 0 313 52 0 73416786 0 0 0 0 0 29109426 0 0 2094 0 
0 0 0 0 0 0 0 0 0 0 0 0 0 0 0 0 0 0 0 0 0 0 0 3 0 82237 82227 0 0 316 0 0 52 57194100 16419675 0 0 0 0 0 29137428 2119 0 0 
0 0 0 0 0 0 0 0 0 0 0 0 0 0 0 0 0 0 0 0 0 0 0 3 82417 0 0 19 0 0 313 52 0 73493230 0 0 0 0 0 29141273 0 0 2094 0 
0 0 0 0 0 0 0 0 0 0 0 0 0 0 0 0 0 0 0 0 0 0 0 3 0 82405 82395 0 0 316 0 0 52 57254638 16435774 0 0 0 0 0 29169284 2119 0 0 
0 0 0 0 0 0 0 0 0 0 0 0 0 0 0 0 0 0 0 0 0 0 0 3 82585 0 0 19 0 0 313 52 0 73586805 0 0 0 0 0 29177793 0 0 2094 0 
0 0 0 0 0 0 0 0 0 0 0 0 0 0 0 0 0 0 0 0 0 0 0 3 0 82573 82563 0 0 316 0 0 52 57325182 16459069 0 0 0 0 0 29205810 2119 0 0 
0 0 0 0 0 0 0 0 0 0 0 0 0 0 0 0 0 0 0 0 0 0 0 3 82693 0 0 19 0 0 313 52 0 73673535 0 0 0 0 0 29212363 0 0 2094 0 
0 0 0 0 0 0 0 0 0 0 0 0 0 0 0 0 0 0 0 0 0 0 0 3 0 82693 82671 0 0 316 0 0 52 57391567 16479719 0 0 0 0 0 29240387 2119 0 0 
0 0 0 0 0 0 0 0 0 0 0 0 0 0 0 0 0 0 0 0 0 0 0 3 82789 0 0 19 0 0 313 52 0 73736148 0 0 0 0 0 29235258 0 0 2094 0 
0 0 0 0 0 0 0 0 0 0 0 0 0 0 0 0 0 0 0 0 0 0 0 3 0 82777 82767 0 0 316 0 0 52 57440870 16493148 0 0 0 0 0 29263281 2119 0 0 
0 0 0 0 0 0 0 0 0 0 0 0 0 0 0 0 0 0 0 0 0 0 0 3 82969 0 0 19 0 0 313 52 0 73807151 0 0 0 0 0 29265023 0 0 2094 0 
0 0 0 0 0 0 0 0 0 0 0 0 0 0 0 0 0 0 0 0 0 0 0 3 0 82957 82947 0 0 316 0 0 52 57495536 16509742 0 0 0 0 0 29293053 2119 0 0 
0 0 0 0 0 0 0 0 0 0 0 0 0 0 0 0 0 0 0 0 0 0 0 3 83137 0 0 19 0 0 313 52 0 73892394 0 0 0 0 0 29299837 0 0 2094 0 
0 0 0 0 0 0 0 0 0 0 0 0 0 0 0 0 0 0 0 0 0 0 0 3 0 83125 83115 0 0 316 0 0 52 57561604 16529143 0 0 0 0 0 29327876 2119 0 0 
0 0 0 0 0 0 0 0 0 0 0 0 0 0 0 0 0 0 0 0 0 0 0 3 83305 0 0 19 0 0 313 52 0 73986857 0 0 0 0 0 29337258 0 0 2094 0 
0 0 0 0 0 0 0 0 0 0 0 0 0 0 0 0 0 0 0 0 0 0 0 3 0 83293 83283 0 0 316 0 0 52 57633007 16552512 0 0 0 0 0 29365308 2119 0 0 
0 0 0 0 0 0 0 0 0 0 0 0 0 0 0 0 0 0 0 0 0 0 0 3 83365 0 0 19 0 0 313 52 0 74071595 0 0 0 0 0 29371057 0 0 2094 0 
0 0 0 0 0 0 0 0 0 0 0 0 0 0 0 0 0 0 0 0 0 0 0 3 0 83353 83343 0 0 316 0 0 52 57698853 16571732 0 0 0 0 0 29399116 2119 0 0 
0 0 0 0 0 0 0 0 0 0 0 0 0 0 0 0 0 0 0 0 0 0 0 3 83509 0 0 19 0 0 313 52 0 74128100 0 0 0 0 0 29395032 0 0 2094 0 
0 0 0 0 0 0 0 0 0 0 0 0 0 0 0 0 0 0 0 0 0 0 0 3 0 83497 83487 0 0 316 0 0 52 57743893 16583297 0 0 0 0 0 29423093 2119 0 0 
0 0 0 0 0 0 0 0 0 0 0 0 0 0 0 0 0 0 0 0 0 0 0 3 83677 0 0 19 0 0 313 52 0 74203718 0 0 0 0 0 29426918 0 0 2094 0 
0 0 0 0 0 0 0 0 0 0 0 0 0 0 0 0 0 0 0 0 0 0 0 3 0 83666 83655 0 0 316 0 0 52 57803678 16599313 0 0 0 0 0 29454978 2119 0 0 
0 0 0 0 0 0 0 0 0 0 0 0 0 0 0 0 0 0 0 0 0 0 0 3 83845 0 0 19 0 0 313 52 0 74295715 0 0 0 0 0 29462311 0 0 2094 0 
0 0 0 0 0 0 0 0 0 0 0 0 0 0 0 0 0 0 0 0 0 0 0 3 0 83842 83823 0 0 316 0 0 52 57872717 16622613 0 0 0 0 0 29490377 2119 0 0 
0 0 0 0 0 0 0 0 0 0 0 0 0 0 0 0 0 0 0 0 0 0 0 3 83929 0 0 19 0 0 313 52 0 74389847 0 0 0 0 0 29497393 0 0 2094 0 
0 0 0 0 0 0 0 0 0 0 0 0 0 0 0 0 0 0 0 0 0 0 0 3 0 83929 83907 0 0 316 0 0 52 57939681 16650044 0 0 0 0 0 29525464 2119 0 0 
0 0 0 0 0 0 0 0 0 0 0 0 0 0 0 0 0 0 0 0 0 0 0 3 84013 0 0 19 0 0 313 52 0 74404010 0 0 0 0 0 29498903 0 0 2094 0 
0 0 0 0 0 0 0 0 0 0 0 0 0 0 0 0 0 0 0 0 0 0 0 3 0 84013 83991 0 0 316 0 0 52 57944282 16659569 0 0 0 0 0 29526974 2119 0 0 
0 0 0 0 0 0 0 0 0 0 0 0 0 0 0 0 0 0 0 0 0 0 0 3 84013 0 0 19 0 0 313 52 0 74404010 0 0 0 0 0 29498903 0 0 2094 0 
0 0 0 0 0 0 0 0 0 0 0 0 0 0 0 0 0 0 0 0 0 0 0 3 0 84013 83991 0 0 316 0 0 52 57944282 16659569 0 0 0 0 0 29526974 2119 0 0 
0 0 0 0 0 0 0 0 0 0 0 0 0 0 0 0 0 0 0 0 0 0 0 3 84013 0 0 19 0 0 313 52 0 74404010 0 0 0 0 0 29498903 0 0 2094 0 
0 0 0 0 0 0 0 0 0 0 0 0 0 0 0 0 0 0 0 0 0 0 0 3 0 84013 83991 0 0 316 0 0 52 57944282 16659569 0 0 0 0 0 29526974 2119 0 0 
0 0 0 0 0 0 0 0 0 0 0 0 0 0 0 0 0 0 0 0 0 0 0 3 84013 0 0 19 0 0 313 52 0 74404010 0 0 0 0 0 29498903 0 0 2094 0 
0 0 0 0 0 0 0 0 0 0 0 0 0 0 0 0 0 0 0 0 0 0 0 3 0 84013 83991 0 0 316 0 0 52 57944282 16659569 0 0 0 0 0 29526974 2119 0 0 
0 0 0 0 0 0 0 0 0 0 0 0 0 0 0 0 0 0 0 0 0 0 0 3 84013 0 0 19 0 0 313 52 0 74404010 0 0 0 0 0 29498903 0 0 2094 0 
0 0 0 0 0 0 0 0 0 0 0 0 0 0 0 0 0 0 0 0 0 0 0 3 0 84013 83991 0 0 316 0 0 52 57944282 16659569 0 0 0 0 0 29526974 2119 0 0 
0 0 0 0 0 0 0 0 0 0 0 0 0 0 0 0 0 0 0 0 0 0 0 3 84013 0 0 19 0 0 313 52 0 74404010 0 0 0 0 0 29498903 0 0 2094 0 
0 0 0 0 0 0 0 0 0 0 0 0 0 0 0 0 0 0 0 0 0 0 0 3 0 84013 83991 0 0 316 0 0 52 57944282 16659569 0 0 0 0 0 29526974 2119 0 0 
0 0 0 0 0 0 0 0 0 0 0 0 0 0 0 0 0 0 0 0 0 0 0 3 84013 0 0 19 0 0 313 52 0 74404010 0 0 0 0 0 29498903 0 0 2094 0 
0 0 0 0 0 0 0 0 0 0 0 0 0 0 0 0 0 0 0 0 0 0 0 3 0 84013 83991 0 0 316 0 0 52 57944282 16659569 0 0 0 0 0 29526974 2119 0 0 
0 0 0 0 0 0 0 0 0 0 0 0 0 0 0 0 0 0 0 0 0 0 0 3 84013 0 0 19 0 0 313 52 0 74404010 0 0 0 0 0 29498903 0 0 2094 0 
0 0 0 0 0 0 0 0 0 0 0 0 0 0 0 0 0 0 0 0 0 0 0 3 0 84013 83991 0 0 316 0 0 52 57944282 16659569 0 0 0 0 0 29526974 2119 0 0 
0 0 0 0 0 0 0 0 0 0 0 0 0 0 0 0 0 0 0 0 0 0 0 3 84013 0 0 19 0 0 313 52 0 74404010 0 0 0 0 0 29498903 0 0 2094 0 
0 0 0 0 0 0 0 0 0 0 0 0 0 0 0 0 0 0 0 0 0 0 0 3 0 84013 83991 0 0 316 0 0 52 57944282 16659569 0 0 0 0 0 29526974 2119 0 0 
0 0 0 0 0 0 0 0 0 0 0 0 0 0 0 0 0 0 0 0 0 0 0 3 84013 0 0 19 0 0 313 52 0 74404010 0 0 0 0 0 29498903 0 0 2094 0 
0 0 0 0 0 0 0 0 0 0 0 0 0 0 0 0 0 0 0 0 0 0 0 3 0 84013 83991 0 0 316 0 0 52 57944282 16659569 0 0 0 0 0 29526974 2119 0 0 
0 0 0 0 0 0 0 0 0 0 0 0 0 0 0 0 0 0 0 0 0 0 0 3 84013 0 0 19 0 0 313 52 0 74404010 0 0 0 0 0 29498903 0 0 2094 0 
0 0 0 0 0 0 0 0 0 0 0 0 0 0 0 0 0 0 0 0 0 0 0 3 0 84013 83991 0 0 316 0 0 52 57944282 16659569 0 0 0 0 0 29526974 2119 0 0 
0 0 0 0 0 0 0 0 0 0 0 0 0 0 0 0 0 0 0 0 0 0 0 3 84013 0 0 19 0 0 313 52 0 74404010 0 0 0 0 0 29498903 0 0 2094 0 
0 0 0 0 0 0 0 0 0 0 0 0 0 0 0 0 0 0 0 0 0 0 0 3 0 84013 83991 0 0 316 0 0 52 57944282 16659569 0 0 0 0 0 29526974 2119 0 0 
0 0 0 0 0 0 0 0 0 0 0 0 0 0 0 0 0 0 0 0 0 0 0 3 84013 0 0 19 0 0 313 52 0 74404010 0 0 0 0 0 29498903 0 0 2094 0 
0 0 0 0 0 0 0 0 0 0 0 0 0 0 0 0 0 0 0 0 0 0 0 3 0 84013 83991 0 0 316 0 0 52 57944282 16659569 0 0 0 0 0 29526974 2119 0 0 
0 0 0 0 0 0 0 0 0 0 0 0 0 0 0 0 0 0 0 0 0 0 0 3 84013 0 0 19 0 0 313 52 0 74404010 0 0 0 0 0 29498903 0 0 2094 0 
0 0 0 0 0 0 0 0 0 0 0 0 0 0 0 0 0 0 0 0 0 0 0 3 0 84013 83991 0 0 316 0 0 52 57944282 16659569 0 0 0 0 0 29526974 2119 0 0 
0 0 0 0 0 0 0 0 0 0 0 0 0 0 0 0 0 0 0 0 0 0 0 3 84013 0 0 19 0 0 313 52 0 74404010 0 0 0 0 0 29498903 0 0 2094 0 
0 0 0 0 0 0 0 0 0 0 0 0 0 0 0 0 0 0 0 0 0 0 0 3 0 84013 83991 0 0 316 0 0 52 57944282 16659569 0 0 0 0 0 29526974 2119 0 0 
0 0 0 0 0 0 0 0 0 0 0 0 0 0 0 0 0 0 0 0 0 0 0 3 84013 0 0 19 0 0 313 52 0 74404010 0 0 0 0 0 29498903 0 0 2094 0 
0 0 0 0 0 0 0 0 0 0 0 0 0 0 0 0 0 0 0 0 0 0 0 3 0 84013 83991 0 0 316 0 0 52 57944282 16659569 0 0 0 0 0 29526974 2119 0 0 
0 0 0 0 0 0 0 0 0 0 0 0 0 0 0 0 0 0 0 0 0 0 0 3 84013 0 0 19 0 0 313 52 0 74404010 0 0 0 0 0 29498903 0 0 2094 0 
0 0 0 0 0 0 0 0 0 0 0 0 0 0 0 0 0 0 0 0 0 0 0 3 0 84013 83991 0 0 316 0 0 52 57944282 16659569 0 0 0 0 0 29526974 2119 0 0 
0 0 0 0 0 0 0 0 0 0 0 0 0 0 0 0 0 0 0 0 0 0 0 3 84013 0 0 19 0 0 313 52 0 74404010 0 0 0 0 0 29498903 0 0 2094 0 
0 0 0 0 0 0 0 0 0 0 0 0 0 0 0 0 0 0 0 0 0 0 0 3 0 84013 83991 0 0 316 0 0 52 57944282 16659569 0 0 0 0 0 29526974 2119 0 0 
0 0 0 0 0 0 0 0 0 0 0 0 0 0 0 0 0 0 0 0 0 0 0 3 84013 0 0 19 0 0 313 52 0 74404010 0 0 0 0 0 29498903 0 0 2094 0 
0 0 0 0 0 0 0 0 0 0 0 0 0 0 0 0 0 0 0 0 0 0 0 3 0 84013 83991 0 0 316 0 0 52 57944282 16659569 0 0 0 0 0 29526974 2119 0 0 
0 0 0 0 0 0 0 0 0 0 0 0 0 0 0 0 0 0 0 0 0 0 0 3 84013 0 0 19 0 0 313 52 0 74404010 0 0 0 0 0 29498903 0 0 2094 0 
0 0 0 0 0 0 0 0 0 0 0 0 0 0 0 0 0 0 0 0 0 0 0 3 0 84013 83991 0 0 316 0 0 52 57944282 16659569 0 0 0 0 0 29526974 2119 0 0 
0 0 0 0 0 0 0 0 0 0 0 0 0 0 0 0 0 0 0 0 0 0 0 3 84013 0 0 19 0 0 313 52 0 74404010 0 0 0 0 0 29498903 0 0 2094 0 
0 0 0 0 0 0 0 0 0 0 0 0 0 0 0 0 0 0 0 0 0 0 0 3 0 84013 83991 0 0 316 0 0 52 57944282 16659569 0 0 0 0 0 29526974 2119 0 0 
0 0 0 0 0 0 0 0 0 0 0 0 0 0 0 0 0 0 0 0 0 0 0 3 84013 0 0 19 0 0 313 52 0 74404010 0 0 0 0 0 29498903 0 0 2094 0 
0 0 0 0 0 0 0 0 0 0 0 0 0 0 0 0 0 0 0 0 0 0 0 3 0 84013 83991 0 0 316 0 0 52 57944282 16659569 0 0 0 0 0 29526974 2119 0 0 
0 0 0 0 0 0 0 0 0 0 0 0 0 0 0 0 0 0 0 0 0 0 0 3 84013 0 0 19 0 0 313 52 0 74404010 0 0 0 0 0 29498903 0 0 2094 0 
0 0 0 0 0 0 0 0 0 0 0 0 0 0 0 0 0 0 0 0 0 0 0 3 0 84013 83991 0 0 316 0 0 52 57944282 16659569 0 0 0 0 0 29526974 2119 0 0 
0 0 0 0 0 0 0 0 0 0 0 0 0 0 0 0 0 0 0 0 0 0 0 3 84013 0 0 19 0 0 313 52 0 74404010 0 0 0 0 0 29498903 0 0 2094 0 
0 0 0 0 0 0 0 0 0 0 0 0 0 0 0 0 0 0 0 0 0 0 0 3 0 84013 83991 0 0 316 0 0 52 57944282 16659569 0 0 0 0 0 29526974 2119 0 0 
0 0 0 0 0 0 0 0 0 0 0 0 0 0 0 0 0 0 0 0 0 0 0 3 84013 0 0 19 0 0 313 52 0 74404010 0 0 0 0 0 29498903 0 0 2094 0 
0 0 0 0 0 0 0 0 0 0 0 0 0 0 0 0 0 0 0 0 0 0 0 3 0 84013 83991 0 0 316 0 0 52 57944282 16659569 0 0 0 0 0 29526974 2119 0 0 
0 0 0 0 0 0 0 0 0 0 0 0 0 0 0 0 0 0 0 0 0 0 0 3 84013 0 0 19 0 0 313 52 0 74404010 0 0 0 0 0 29498903 0 0 2094 0 
0 0 0 0 0 0 0 0 0 0 0 0 0 0 0 0 0 0 0 0 0 0 0 3 0 84013 83991 0 0 316 0 0 52 57944282 16659569 0 0 0 0 0 29526974 2119 0 0 
0 0 0 0 0 0 0 0 0 0 0 0 0 0 0 0 0 0 0 0 0 0 0 3 84013 0 0 19 0 0 313 52 0 74404010 0 0 0 0 0 29498903 0 0 2094 0 
0 0 0 0 0 0 0 0 0 0 0 0 0 0 0 0 0 0 0 0 0 0 0 3 0 84013 83991 0 0 316 0 0 52 57944282 16659569 0 0 0 0 0 29526974 2119 0 0 
0 0 0 0 0 0 0 0 0 0 0 0 0 0 0 0 0 0 0 0 0 0 0 3 84013 0 0 19 0 0 313 52 0 74404010 0 0 0 0 0 29498903 0 0 2094 0 
0 0 0 0 0 0 0 0 0 0 0 0 0 0 0 0 0 0 0 0 0 0 0 3 0 84013 83991 0 0 316 0 0 52 57944282 16659569 0 0 0 0 0 29526974 2119 0 0 
0 0 0 0 0 0 0 0 0 0 0 0 0 0 0 0 0 0 0 0 0 0 0 3 84013 0 0 19 0 0 313 52 0 74404010 0 0 0 0 0 29498903 0 0 2094 0 
0 0 0 0 0 0 0 0 0 0 0 0 0 0 0 0 0 0 0 0 0 0 0 3 0 84013 83991 0 0 316 0 0 52 57944282 16659569 0 0 0 0 0 29526974 2119 0 0 
0 0 0 0 0 0 0 0 0 0 0 0 0 0 0 0 0 0 0 0 0 0 0 3 84013 0 0 19 0 0 313 52 0 74404010 0 0 0 0 0 29498903 0 0 2094 0 
0 0 0 0 0 0 0 0 0 0 0 0 0 0 0 0 0 0 0 0 0 0 0 3 0 84013 83991 0 0 316 0 0 52 57944282 16659569 0 0 0 0 0 29526974 2119 0 0 
0 0 0 0 0 0 0 0 0 0 0 0 0 0 0 0 0 0 0 0 0 0 0 3 84013 0 0 19 0 0 313 52 0 74404010 0 0 0 0 0 29498903 0 0 2094 0 
0 0 0 0 0 0 0 0 0 0 0 0 0 0 0 0 0 0 0 0 0 0 0 3 0 84013 83991 0 0 316 0 0 52 57944282 16659569 0 0 0 0 0 29526974 2119 0 0 
0 0 0 0 0 0 0 0 0 0 0 0 0 0 0 0 0 0 0 0 0 0 0 3 84013 0 0 19 0 0 313 52 0 74404010 0 0 0 0 0 29498903 0 0 2094 0 
0 0 0 0 0 0 0 0 0 0 0 0 0 0 0 0 0 0 0 0 0 0 0 3 0 84013 83991 0 0 316 0 0 52 57944282 16659569 0 0 0 0 0 29526974 2119 0 0 
0 0 0 0 0 0 0 0 0 0 0 0 0 0 0 0 0 0 0 0 0 0 0 3 84013 0 0 19 0 0 313 52 0 74404010 0 0 0 0 0 29498903 0 0 2094 0 
0 0 0 0 0 0 0 0 0 0 0 0 0 0 0 0 0 0 0 0 0 0 0 3 0 84013 83991 0 0 316 0 0 52 57944282 16659569 0 0 0 0 0 29526974 2119 0 0 
0 0 0 0 0 0 0 0 0 0 0 0 0 0 0 0 0 0 0 0 0 0 0 3 84013 0 0 19 0 0 313 52 0 74404010 0 0 0 0 0 29498903 0 0 2094 0 
0 0 0 0 0 0 0 0 0 0 0 0 0 0 0 0 0 0 0 0 0 0 0 3 0 84013 83991 0 0 316 0 0 52 57944282 16659569 0 0 0 0 0 29526974 2119 0 0 
0 0 0 0 0 0 0 0 0 0 0 0 0 0 0 0 0 0 0 0 0 0 0 3 84013 0 0 19 0 0 313 52 0 74404010 0 0 0 0 0 29498903 0 0 2094 0 
0 0 0 0 0 0 0 0 0 0 0 0 0 0 0 0 0 0 0 0 0 0 0 3 0 84013 83991 0 0 316 0 0 52 57944282 16659569 0 0 0 0 0 29526974 2119 0 0 
0 0 0 0 0 0 0 0 0 0 0 0 0 0 0 0 0 0 0 0 0 0 0 3 84013 0 0 19 0 0 313 52 0 74404010 0 0 0 0 0 29498903 0 0 2094 0 
0 0 0 0 0 0 0 0 0 0 0 0 0 0 0 0 0 0 0 0 0 0 0 3 0 84013 83991 0 0 316 0 0 52 57944282 16659569 0 0 0 0 0 29526974 2119 0 0 
0 0 0 0 0 0 0 0 0 0 0 0 0 0 0 0 0 0 0 0 0 0 0 3 84013 0 0 19 0 0 313 52 0 74404010 0 0 0 0 0 29498903 0 0 2094 0 
0 0 0 0 0 0 0 0 0 0 0 0 0 0 0 0 0 0 0 0 0 0 0 3 0 84013 83991 0 0 316 0 0 52 57944282 16659569 0 0 0 0 0 29526974 2119 0 0 
0 0 0 0 0 0 0 0 0 0 0 0 0 0 0 0 0 0 0 0 0 0 0 3 84013 0 0 19 0 0 313 52 0 74404010 0 0 0 0 0 29498903 0 0 2094 0 
0 0 0 0 0 0 0 0 0 0 0 0 0 0 0 0 0 0 0 0 0 0 0 3 0 84013 83991 0 0 316 0 0 52 57944282 16659569 0 0 0 0 0 29526974 2119 0 0 
0 0 0 0 0 0 0 0 0 0 0 0 0 0 0 0 0 0 0 0 0 0 0 3 84013 0 0 19 0 0 313 52 0 74404010 0 0 0 0 0 29498903 0 0 2094 0 
0 0 0 0 0 0 0 0 0 0 0 0 0 0 0 0 0 0 0 0 0 0 0 3 0 84013 83991 0 0 316 0 0 52 57944282 16659569 0 0 0 0 0 29526974 2119 0 0 
0 0 0 0 0 0 0 0 0 0 0 0 0 0 0 0 0 0 0 0 0 0 0 3 84013 0 0 19 0 0 313 52 0 74404010 0 0 0 0 0 29498903 0 0 2094 0 
0 0 0 0 0 0 0 0 0 0 0 0 0 0 0 0 0 0 0 0 0 0 0 3 0 84013 83991 0 0 316 0 0 52 57944282 16659569 0 0 0 0 0 29526974 2119 0 0 
0 0 0 0 0 0 0 0 0 0 0 0 0 0 0 0 0 0 0 0 0 0 0 3 84013 0 0 19 0 0 313 52 0 74404010 0 0 0 0 0 29498903 0 0 2094 0 
0 0 0 0 0 0 0 0 0 0 0 0 0 0 0 0 0 0 0 0 0 0 0 3 0 84013 83991 0 0 316 0 0 52 57944282 16659569 0 0 0 0 0 29526974 2119 0 0 
0 0 0 0 0 0 0 0 0 0 0 0 0 0 0 0 0 0 0 0 0 0 0 3 84013 0 0 19 0 0 313 52 0 74404010 0 0 0 0 0 29498903 0 0 2094 0 
0 0 0 0 0 0 0 0 0 0 0 0 0 0 0 0 0 0 0 0 0 0 0 3 0 84013 83991 0 0 316 0 0 52 57944282 16659569 0 0 0 0 0 29526974 2119 0 0 
0 0 0 0 0 0 0 0 0 0 0 0 0 0 0 0 0 0 0 0 0 0 0 3 84013 0 0 19 0 0 313 52 0 74404010 0 0 0 0 0 29498903 0 0 2094 0 
0 0 0 0 0 0 0 0 0 0 0 0 0 0 0 0 0 0 0 0 0 0 0 3 0 84013 83991 0 0 316 0 0 52 57944282 16659569 0 0 0 0 0 29526974 2119 0 0 
0 0 0 0 0 0 0 0 0 0 0 0 0 0 0 0 0 0 0 0 0 0 0 3 84013 0 0 19 0 0 313 52 0 74404010 0 0 0 0 0 29498903 0 0 2094 0 
0 0 0 0 0 0 0 0 0 0 0 0 0 0 0 0 0 0 0 0 0 0 0 3 0 84013 83991 0 0 316 0 0 52 57944282 16659569 0 0 0 0 0 29526974 2119 0 0 
0 0 0 0 0 0 0 0 0 0 0 0 0 0 0 0 0 0 0 0 0 0 0 3 84013 0 0 19 0 0 313 52 0 74404010 0 0 0 0 0 29498903 0 0 2094 0 
0 0 0 0 0 0 0 0 0 0 0 0 0 0 0 0 0 0 0 0 0 0 0 3 0 84013 83991 0 0 316 0 0 52 57944282 16659569 0 0 0 0 0 29526974 2119 0 0 
0 0 0 0 0 0 0 0 0 0 0 0 0 0 0 0 0 0 0 0 0 0 0 3 84013 0 0 19 0 0 313 52 0 74404010 0 0 0 0 0 29498903 0 0 2094 0 
0 0 0 0 0 0 0 0 0 0 0 0 0 0 0 0 0 0 0 0 0 0 0 3 0 84013 83991 0 0 316 0 0 52 57944282 16659569 0 0 0 0 0 29526974 2119 0 0 
0 0 0 0 0 0 0 0 0 0 0 0 0 0 0 0 0 0 0 0 0 0 0 3 84013 0 0 19 0 0 313 52 0 74404010 0 0 0 0 0 29498903 0 0 2094 0 
0 0 0 0 0 0 0 0 0 0 0 0 0 0 0 0 0 0 0 0 0 0 0 3 0 84013 83991 0 0 316 0 0 52 57944282 16659569 0 0 0 0 0 29526974 2119 0 0 
0 0 0 0 0 0 0 0 0 0 0 0 0 0 0 0 0 0 0 0 0 0 0 3 84013 0 0 19 0 0 313 52 0 74404010 0 0 0 0 0 29498903 0 0 2094 0 
0 0 0 0 0 0 0 0 0 0 0 0 0 0 0 0 0 0 0 0 0 0 0 3 0 84013 83991 0 0 316 0 0 52 57944282 16659569 0 0 0 0 0 29526974 2119 0 0 
0 0 0 0 0 0 0 0 0 0 0 0 0 0 0 0 0 0 0 0 0 0 0 3 84013 0 0 19 0 0 313 52 0 74404010 0 0 0 0 0 29498903 0 0 2094 0 
0 0 0 0 0 0 0 0 0 0 0 0 0 0 0 0 0 0 0 0 0 0 0 3 0 84013 83991 0 0 316 0 0 52 57944282 16659569 0 0 0 0 0 29526974 2119 0 0 
0 0 0 0 0 0 0 0 0 0 0 0 0 0 0 0 0 0 0 0 0 0 0 3 84013 0 0 19 0 0 313 52 0 74404010 0 0 0 0 0 29498903 0 0 2094 0 
0 0 0 0 0 0 0 0 0 0 0 0 0 0 0 0 0 0 0 0 0 0 0 3 0 84013 83991 0 0 316 0 0 52 57944282 16659569 0 0 0 0 0 29526974 2119 0 0 
0 0 0 0 0 0 0 0 0 0 0 0 0 0 0 0 0 0 0 0 0 0 0 3 84013 0 0 19 0 0 313 52 0 74404010 0 0 0 0 0 29498903 0 0 2094 0 
0 0 0 0 0 0 0 0 0 0 0 0 0 0 0 0 0 0 0 0 0 0 0 3 0 84013 83991 0 0 316 0 0 52 57944282 16659569 0 0 0 0 0 29526974 2119 0 0 
0 0 0 0 0 0 0 0 0 0 0 0 0 0 0 0 0 0 0 0 0 0 0 3 84013 0 0 19 0 0 313 52 0 74404010 0 0 0 0 0 29498903 0 0 2094 0 
0 0 0 0 0 0 0 0 0 0 0 0 0 0 0 0 0 0 0 0 0 0 0 3 0 84013 83991 0 0 316 0 0 52 57944282 16659569 0 0 0 0 0 29526974 2119 0 0 
0 0 0 0 0 0 0 0 0 0 0 0 0 0 0 0 0 0 0 0 0 0 0 3 84013 0 0 19 0 0 313 52 0 74404010 0 0 0 0 0 29498903 0 0 2094 0 
0 0 0 0 0 0 0 0 0 0 0 0 0 0 0 0 0 0 0 0 0 0 0 3 0 84013 83991 0 0 316 0 0 52 57944282 16659569 0 0 0 0 0 29526974 2119 0 0 
0 0 0 0 0 0 0 0 0 0 0 0 0 0 0 0 0 0 0 0 0 0 0 3 84013 0 0 19 0 0 313 52 0 74404010 0 0 0 0 0 29498903 0 0 2094 0 
0 0 0 0 0 0 0 0 0 0 0 0 0 0 0 0 0 0 0 0 0 0 0 3 0 84013 83991 0 0 316 0 0 52 57944282 16659569 0 0 0 0 0 29526974 2119 0 0 
0 0 0 0 0 0 0 0 0 0 0 0 0 0 0 0 0 0 0 0 0 0 0 3 84013 0 0 19 0 0 313 52 0 74404010 0 0 0 0 0 29498903 0 0 2094 0 
0 0 0 0 0 0 0 0 0 0 0 0 0 0 0 0 0 0 0 0 0 0 0 3 0 84013 83991 0 0 316 0 0 52 57944282 16659569 0 0 0 0 0 29526974 2119 0 0 
0 0 0 0 0 0 0 0 0 0 0 0 0 0 0 0 0 0 0 0 0 0 0 3 84013 0 0 19 0 0 313 52 0 74404010 0 0 0 0 0 29498903 0 0 2094 0 
0 0 0 0 0 0 0 0 0 0 0 0 0 0 0 0 0 0 0 0 0 0 0 3 0 84013 83991 0 0 316 0 0 52 57944282 16659569 0 0 0 0 0 29526974 2119 0 0 
0 0 0 0 0 0 0 0 0 0 0 0 0 0 0 0 0 0 0 0 0 0 0 3 84013 0 0 19 0 0 313 52 0 74404010 0 0 0 0 0 29498903 0 0 2094 0 
0 0 0 0 0 0 0 0 0 0 0 0 0 0 0 0 0 0 0 0 0 0 0 3 0 84013 83991 0 0 316 0 0 52 57944282 16659569 0 0 0 0 0 29526974 2119 0 0 
0 0 0 0 0 0 0 0 0 0 0 0 0 0 0 0 0 0 0 0 0 0 0 3 84013 0 0 19 0 0 313 52 0 74404010 0 0 0 0 0 29498903 0 0 2094 0 
0 0 0 0 0 0 0 0 0 0 0 0 0 0 0 0 0 0 0 0 0 0 0 3 0 84013 83991 0 0 316 0 0 52 57944282 16659569 0 0 0 0 0 29526974 2119 0 0 
0 0 0 0 0 0 0 0 0 0 0 0 0 0 0 0 0 0 0 0 0 0 0 3 84013 0 0 19 0 0 313 52 0 74404010 0 0 0 0 0 29498903 0 0 2094 0 
0 0 0 0 0 0 0 0 0 0 0 0 0 0 0 0 0 0 0 0 0 0 0 3 0 84013 83991 0 0 316 0 0 52 57944282 16659569 0 0 0 0 0 29526974 2119 0 0 
0 0 0 0 0 0 0 0 0 0 0 0 0 0 0 0 0 0 0 0 0 0 0 3 84013 0 0 19 0 0 313 52 0 74404010 0 0 0 0 0 29498903 0 0 2094 0 
0 0 0 0 0 0 0 0 0 0 0 0 0 0 0 0 0 0 0 0 0 0 0 3 0 84013 83991 0 0 316 0 0 52 57944282 16659569 0 0 0 0 0 29526974 2119 0 0 
0 0 0 0 0 0 0 0 0 0 0 0 0 0 0 0 0 0 0 0 0 0 0 3 84013 0 0 19 0 0 313 52 0 74404010 0 0 0 0 0 29498903 0 0 2094 0 
0 0 0 0 0 0 0 0 0 0 0 0 0 0 0 0 0 0 0 0 0 0 0 3 0 84013 83991 0 0 316 0 0 52 57944282 16659569 0 0 0 0 0 29526974 2119 0 0 
0 0 0 0 0 0 0 0 0 0 0 0 0 0 0 0 0 0 0 0 0 0 0 3 84013 0 0 19 0 0 313 52 0 74404010 0 0 0 0 0 29498903 0 0 2094 0 
0 0 0 0 0 0 0 0 0 0 0 0 0 0 0 0 0 0 0 0 0 0 0 3 0 84013 83991 0 0 316 0 0 52 57944282 16659569 0 0 0 0 0 29526974 2119 0 0 
0 0 0 0 0 0 0 0 0 0 0 0 0 0 0 0 0 0 0 0 0 0 0 3 84013 0 0 19 0 0 313 52 0 74404010 0 0 0 0 0 29498903 0 0 2094 0 
0 0 0 0 0 0 0 0 0 0 0 0 0 0 0 0 0 0 0 0 0 0 0 3 0 84013 83991 0 0 316 0 0 52 57944282 16659569 0 0 0 0 0 29526974 2119 0 0 
0 0 0 0 0 0 0 0 0 0 0 0 0 0 0 0 0 0 0 0 0 0 0 3 84013 0 0 19 0 0 313 52 0 74404010 0 0 0 0 0 29498903 0 0 2094 0 
0 0 0 0 0 0 0 0 0 0 0 0 0 0 0 0 0 0 0 0 0 0 0 3 0 84013 83991 0 0 316 0 0 52 57944282 16659569 0 0 0 0 0 29526974 2119 0 0 
0 0 0 0 0 0 0 0 0 0 0 0 0 0 0 0 0 0 0 0 0 0 0 3 84013 0 0 19 0 0 313 52 0 74404010 0 0 0 0 0 29498903 0 0 2094 0 
0 0 0 0 0 0 0 0 0 0 0 0 0 0 0 0 0 0 0 0 0 0 0 3 0 84013 83991 0 0 316 0 0 52 57944282 16659569 0 0 0 0 0 29526974 2119 0 0 
0 0 0 0 0 0 0 0 0 0 0 0 0 0 0 0 0 0 0 0 0 0 0 3 84013 0 0 19 0 0 313 52 0 74404010 0 0 0 0 0 29498903 0 0 2094 0 
0 0 0 0 0 0 0 0 0 0 0 0 0 0 0 0 0 0 0 0 0 0 0 3 0 84013 83991 0 0 316 0 0 52 57944282 16659569 0 0 0 0 0 29526974 2119 0 0 
0 0 0 0 0 0 0 0 0 0 0 0 0 0 0 0 0 0 0 0 0 0 0 3 84013 0 0 19 0 0 313 52 0 74404010 0 0 0 0 0 29498903 0 0 2094 0 
0 0 0 0 0 0 0 0 0 0 0 0 0 0 0 0 0 0 0 0 0 0 0 3 0 84013 83991 0 0 316 0 0 52 57944282 16659569 0 0 0 0 0 29526974 2119 0 0 
0 0 0 0 0 0 0 0 0 0 0 0 0 0 0 0 0 0 0 0 0 0 0 3 84013 0 0 19 0 0 313 52 0 74404010 0 0 0 0 0 29498903 0 0 2094 0 
0 0 0 0 0 0 0 0 0 0 0 0 0 0 0 0 0 0 0 0 0 0 0 3 0 84013 83991 0 0 316 0 0 52 57944282 16659569 0 0 0 0 0 29526974 2119 0 0 
0 0 0 0 0 0 0 0 0 0 0 0 0 0 0 0 0 0 0 0 0 0 0 3 84013 0 0 19 0 0 313 52 0 74404010 0 0 0 0 0 29498903 0 0 2094 0 
0 0 0 0 0 0 0 0 0 0 0 0 0 0 0 0 0 0 0 0 0 0 0 3 0 84013 83991 0 0 316 0 0 52 57944282 16659569 0 0 0 0 0 29526974 2119 0 0 
0 0 0 0 0 0 0 0 0 0 0 0 0 0 0 0 0 0 0 0 0 0 0 3 84013 0 0 19 0 0 313 52 0 74404010 0 0 0 0 0 29498903 0 0 2094 0 
0 0 0 0 0 0 0 0 0 0 0 0 0 0 0 0 0 0 0 0 0 0 0 3 0 84013 83991 0 0 316 0 0 52 57944282 16659569 0 0 0 0 0 29526974 2119 0 0 
0 0 0 0 0 0 0 0 0 0 0 0 0 0 0 0 0 0 0 0 0 0 0 3 84013 0 0 19 0 0 313 52 0 74404010 0 0 0 0 0 29498903 0 0 2094 0 
0 0 0 0 0 0 0 0 0 0 0 0 0 0 0 0 0 0 0 0 0 0 0 3 0 84013 83991 0 0 316 0 0 52 57944282 16659569 0 0 0 0 0 29526974 2119 0 0 
0 0 0 0 0 0 0 0 0 0 0 0 0 0 0 0 0 0 0 0 0 0 0 3 84013 0 0 19 0 0 313 52 0 74404010 0 0 0 0 0 29498903 0 0 2094 0 
0 0 0 0 0 0 0 0 0 0 0 0 0 0 0 0 0 0 0 0 0 0 0 3 0 84013 83991 0 0 316 0 0 52 57944282 16659569 0 0 0 0 0 29526974 2119 0 0 
0 0 0 0 0 0 0 0 0 0 0 0 0 0 0 0 0 0 0 0 0 0 0 3 84013 0 0 19 0 0 313 52 0 74404010 0 0 0 0 0 29498903 0 0 2094 0 
0 0 0 0 0 0 0 0 0 0 0 0 0 0 0 0 0 0 0 0 0 0 0 3 0 84013 83991 0 0 316 0 0 52 57944282 16659569 0 0 0 0 0 29526974 2119 0 0 
0 0 0 0 0 0 0 0 0 0 0 0 0 0 0 0 0 0 0 0 0 0 0 3 84013 0 0 19 0 0 313 52 0 74404010 0 0 0 0 0 29498903 0 0 2094 0 
0 0 0 0 0 0 0 0 0 0 0 0 0 0 0 0 0 0 0 0 0 0 0 3 0 84013 83991 0 0 316 0 0 52 57944282 16659569 0 0 0 0 0 29526974 2119 0 0 
0 0 0 0 0 0 0 0 0 0 0 0 0 0 0 0 0 0 0 0 0 0 0 3 84013 0 0 19 0 0 313 52 0 74404010 0 0 0 0 0 29498903 0 0 2094 0 
0 0 0 0 0 0 0 0 0 0 0 0 0 0 0 0 0 0 0 0 0 0 0 3 0 84013 83991 0 0 316 0 0 52 57944282 16659569 0 0 0 0 0 29526974 2119 0 0 
0 0 0 0 0 0 0 0 0 0 0 0 0 0 0 0 0 0 0 0 0 0 0 3 84013 0 0 19 0 0 313 52 0 74404010 0 0 0 0 0 29498903 0 0 2094 0 
0 0 0 0 0 0 0 0 0 0 0 0 0 0 0 0 0 0 0 0 0 0 0 3 0 84013 83991 0 0 316 0 0 52 57944282 16659569 0 0 0 0 0 29526974 2119 0 0 
0 0 0 0 0 0 0 0 0 0 0 0 0 0 0 0 0 0 0 0 0 0 0 3 84013 0 0 19 0 0 313 52 0 74404010 0 0 0 0 0 29498903 0 0 2094 0 
0 0 0 0 0 0 0 0 0 0 0 0 0 0 0 0 0 0 0 0 0 0 0 3 0 84013 83991 0 0 316 0 0 52 57944282 16659569 0 0 0 0 0 29526974 2119 0 0 
0 0 0 0 0 0 0 0 0 0 0 0 0 0 0 0 0 0 0 0 0 0 0 3 84013 0 0 19 0 0 313 52 0 74404010 0 0 0 0 0 29498903 0 0 2094 0 
0 0 0 0 0 0 0 0 0 0 0 0 0 0 0 0 0 0 0 0 0 0 0 3 0 84013 83991 0 0 316 0 0 52 57944282 16659569 0 0 0 0 0 29526974 2119 0 0 
0 0 0 0 0 0 0 0 0 0 0 0 0 0 0 0 0 0 0 0 0 0 0 3 84013 0 0 19 0 0 313 52 0 74404010 0 0 0 0 0 29498903 0 0 2094 0 
0 0 0 0 0 0 0 0 0 0 0 0 0 0 0 0 0 0 0 0 0 0 0 3 0 84013 83991 0 0 316 0 0 52 57944282 16659569 0 0 0 0 0 29526974 2119 0 0 
0 0 0 0 0 0 0 0 0 0 0 0 0 0 0 0 0 0 0 0 0 0 0 3 84013 0 0 19 0 0 313 52 0 74404010 0 0 0 0 0 29498903 0 0 2094 0 
0 0 0 0 0 0 0 0 0 0 0 0 0 0 0 0 0 0 0 0 0 0 0 3 0 84013 83991 0 0 316 0 0 52 57944282 16659569 0 0 0 0 0 29526974 2119 0 0 
0 0 0 0 0 0 0 0 0 0 0 0 0 0 0 0 0 0 0 0 0 0 0 3 84013 0 0 19 0 0 313 52 0 74404010 0 0 0 0 0 29498903 0 0 2094 0 
0 0 0 0 0 0 0 0 0 0 0 0 0 0 0 0 0 0 0 0 0 0 0 3 0 84013 83991 0 0 316 0 0 52 57944282 16659569 0 0 0 0 0 29526974 2119 0 0 
0 0 0 0 0 0 0 0 0 0 0 0 0 0 0 0 0 0 0 0 0 0 0 3 84013 0 0 19 0 0 313 52 0 74404010 0 0 0 0 0 29498903 0 0 2094 0 
0 0 0 0 0 0 0 0 0 0 0 0 0 0 0 0 0 0 0 0 0 0 0 3 0 84013 83991 0 0 316 0 0 52 57944282 16659569 0 0 0 0 0 29526974 2119 0 0 
0 0 0 0 0 0 0 0 0 0 0 0 0 0 0 0 0 0 0 0 0 0 0 3 84013 0 0 19 0 0 313 52 0 74404010 0 0 0 0 0 29498903 0 0 2094 0 
0 0 0 0 0 0 0 0 0 0 0 0 0 0 0 0 0 0 0 0 0 0 0 3 0 84013 83991 0 0 316 0 0 52 57944282 16659569 0 0 0 0 0 29526974 2119 0 0 
0 0 0 0 0 0 0 0 0 0 0 0 0 0 0 0 0 0 0 0 0 0 0 3 84013 0 0 19 0 0 313 52 0 74404010 0 0 0 0 0 29498903 0 0 2094 0 
0 0 0 0 0 0 0 0 0 0 0 0 0 0 0 0 0 0 0 0 0 0 0 3 0 84013 83991 0 0 316 0 0 52 57944282 16659569 0 0 0 0 0 29526974 2119 0 0 
0 0 0 0 0 0 0 0 0 0 0 0 0 0 0 0 0 0 0 0 0 0 0 3 84013 0 0 19 0 0 313 52 0 74404010 0 0 0 0 0 29498903 0 0 2094 0 
0 0 0 0 0 0 0 0 0 0 0 0 0 0 0 0 0 0 0 0 0 0 0 3 0 84013 83991 0 0 316 0 0 52 57944282 16659569 0 0 0 0 0 29526974 2119 0 0 
0 0 0 0 0 0 0 0 0 0 0 0 0 0 0 0 0 0 0 0 0 0 0 3 84013 0 0 19 0 0 313 52 0 74404010 0 0 0 0 0 29498903 0 0 2094 0 
0 0 0 0 0 0 0 0 0 0 0 0 0 0 0 0 0 0 0 0 0 0 0 3 0 84013 83991 0 0 316 0 0 52 57944282 16659569 0 0 0 0 0 29526974 2119 0 0 
0 0 0 0 0 0 0 0 0 0 0 0 0 0 0 0 0 0 0 0 0 0 0 3 84013 0 0 19 0 0 313 52 0 74404010 0 0 0 0 0 29498903 0 0 2094 0 
0 0 0 0 0 0 0 0 0 0 0 0 0 0 0 0 0 0 0 0 0 0 0 3 0 84013 83991 0 0 316 0 0 52 57944282 16659569 0 0 0 0 0 29526974 2119 0 0 
0 0 0 0 0 0 0 0 0 0 0 0 0 0 0 0 0 0 0 0 0 0 0 3 84013 0 0 19 0 0 313 52 0 74404010 0 0 0 0 0 29498903 0 0 2094 0 
0 0 0 0 0 0 0 0 0 0 0 0 0 0 0 0 0 0 0 0 0 0 0 3 0 84013 83991 0 0 316 0 0 52 57944282 16659569 0 0 0 0 0 29526974 2119 0 0 
0 0 0 0 0 0 0 0 0 0 0 0 0 0 0 0 0 0 0 0 0 0 0 3 84013 0 0 19 0 0 313 52 0 74404010 0 0 0 0 0 29498903 0 0 2094 0 
0 0 0 0 0 0 0 0 0 0 0 0 0 0 0 0 0 0 0 0 0 0 0 3 0 84013 83991 0 0 316 0 0 52 57944282 16659569 0 0 0 0 0 29526974 2119 0 0 
0 0 0 0 0 0 0 0 0 0 0 0 0 0 0 0 0 0 0 0 0 0 0 3 84013 0 0 19 0 0 313 52 0 74404010 0 0 0 0 0 29498903 0 0 2094 0 
0 0 0 0 0 0 0 0 0 0 0 0 0 0 0 0 0 0 0 0 0 0 0 3 0 84013 83991 0 0 316 0 0 52 57944282 16659569 0 0 0 0 0 29526974 2119 0 0 
