0 0 0 0 0 0 0 0 0 0 0 0 0 0 0 0 0 0 0 0 0 0 0 3 0 12471 12469 0 0 26 0 0 0 8613494 2644531 0 0 0 0 0 4394062 0 0 0 
0 0 0 0 0 0 0 0 0 0 0 0 0 0 0 0 0 0 0 0 0 0 0 3 12468 0 0 0 0 0 26 0 0 2644412 4534114 4078650 0 0 0 4394395 0 0 0 0 
0 0 0 0 0 0 0 0 0 0 0 0 0 0 0 0 0 0 0 0 0 0 0 3 0 12471 12469 0 0 26 0 0 0 8613494 2644531 0 0 0 0 0 4394062 0 0 0 
0 0 0 0 0 0 0 0 0 0 0 0 0 0 0 0 0 0 0 0 0 0 0 3 12468 0 0 0 0 0 26 0 0 2644412 4534114 4078650 0 0 0 4394395 0 0 0 0 
0 0 0 0 0 0 0 0 0 0 0 0 0 0 0 0 0 0 0 0 0 0 0 3 0 12471 12469 0 0 26 0 0 0 8613494 2644531 0 0 0 0 0 4394062 0 0 0 
0 0 0 0 0 0 0 0 0 0 0 0 0 0 0 0 0 0 0 0 0 0 0 3 12468 0 0 0 0 0 26 0 0 2644412 4534114 4078650 0 0 0 4394395 0 0 0 0 
0 0 0 0 0 0 0 0 0 0 0 0 0 0 0 0 0 0 0 0 0 0 0 3 0 12471 12469 0 0 26 0 0 0 8613494 2644531 0 0 0 0 0 4394062 0 0 0 
0 0 0 0 0 0 0 0 0 0 0 0 0 0 0 0 0 0 0 0 0 0 0 3 12468 0 0 0 0 0 26 0 0 2644412 4534114 4078650 0 0 0 4394395 0 0 0 0 
0 0 0 0 0 0 0 0 0 0 0 0 0 0 0 0 0 0 0 0 0 0 0 3 0 12471 12469 0 0 26 0 0 0 8613494 2644531 0 0 0 0 0 4394062 0 0 0 
0 0 0 0 0 0 0 0 0 0 0 0 0 0 0 0 0 0 0 0 0 0 0 3 12468 0 0 0 0 0 26 0 0 2644412 4534114 4078650 0 0 0 4394395 0 0 0 0 
====>
0 0 0 0 0 0 0 0 0 0 0 0 0 0 0 0 0 0 0 0 0 0 0 3 0 12471 12473 0 0 36 0 0 0 8633991 2644534 0 0 0 0 0 4398758 0 0 0 
0 0 0 0 0 0 0 0 0 0 0 0 0 0 0 0 0 0 0 0 0 0 0 3 12472 0 0 0 0 0 36 0 0 2644415 4553810 4079455 0 0 0 4399091 0 0 0 0 
0 0 0 0 0 0 0 0 0 0 0 0 0 0 0 0 0 0 0 0 0 0 0 3 0 12479 12481 0 0 37 0 0 0 8787238 2644544 0 0 0 0 0 4401348 0 0 0 
0 0 0 0 0 0 0 0 0 0 0 0 0 0 0 0 0 0 0 0 0 0 0 3 12480 0 0 0 0 0 37 0 0 2644425 4705570 4081015 0 0 0 4401681 0 0 0 0 
0 0 0 0 0 0 0 0 0 0 0 0 0 0 0 0 0 0 0 0 0 0 0 3 0 12483 12485 0 0 37 0 0 0 8798383 2644550 0 0 0 0 0 4407205 0 0 0 
0 0 0 0 0 0 0 0 0 0 0 0 0 0 0 0 0 0 0 0 0 0 0 3 12484 0 0 0 0 0 37 0 0 2644431 4711961 4085769 0 0 0 4407538 0 0 0 0 
0 0 0 0 0 0 0 0 0 0 0 0 0 0 0 0 0 0 0 0 0 0 0 3 0 12491 12493 0 0 37 0 0 0 8829955 2665441 0 0 0 0 0 4422719 0 0 0 
0 0 0 0 0 0 0 0 0 0 0 0 0 0 0 0 0 0 0 0 0 0 0 3 12492 0 0 0 0 0 37 0 0 2665321 4737432 4091870 0 0 0 4423052 0 0 0 0 
0 0 0 0 0 0 0 0 0 0 0 0 0 0 0 0 0 0 0 0 0 0 0 3 0 12491 12493 0 0 37 0 0 0 8896857 2710736 0 0 0 0 0 4446454 0 0 0 
0 0 0 0 0 0 0 0 0 0 0 0 0 0 0 0 0 0 0 0 0 0 0 3 12492 0 0 0 0 0 37 0 0 2710616 4796148 4100071 0 0 0 4446787 0 0 0 0 
0 0 0 0 0 0 0 0 0 0 0 0 0 0 0 0 0 0 0 0 0 0 0 3 0 12499 12501 0 0 37 0 0 0 8952710 2710746 0 0 0 0 0 4478311 0 0 0 
0 0 0 0 0 0 0 0 0 0 0 0 0 0 0 0 0 0 0 0 0 0 0 3 12500 0 0 0 0 0 37 0 0 2710626 4818450 4133593 0 0 0 4478648 0 0 0 0 
0 0 0 0 0 0 0 0 0 0 0 0 0 0 0 0 0 0 0 0 0 0 0 3 0 12507 12509 0 0 37 0 0 0 8973210 2710760 0 0 0 0 0 4494794 0 0 0 
0 0 0 0 0 0 0 0 0 0 0 0 0 0 0 0 0 0 0 0 0 0 0 3 12508 0 0 0 0 0 37 0 0 2710640 4832592 4139951 0 0 0 4495131 0 0 0 0 
0 0 0 0 0 0 0 0 0 0 0 0 0 0 0 0 0 0 0 0 0 0 0 3 0 12511 12513 0 0 37 0 0 0 9001931 2736362 0 0 0 0 0 4507838 0 0 0 
0 0 0 0 0 0 0 0 0 0 0 0 0 0 0 0 0 0 0 0 0 0 0 3 12512 0 0 0 0 0 37 0 0 2736240 4853641 4147624 0 0 0 4508176 0 0 0 0 
0 0 0 0 0 0 0 0 0 0 0 0 0 0 0 0 0 0 0 0 0 0 0 3 0 12515 12517 0 0 37 0 0 0 9076024 2764079 0 0 0 0 0 4561963 0 0 0 
0 0 0 0 0 0 0 0 0 0 0 0 0 0 0 0 0 0 0 0 0 0 0 3 12516 0 0 0 0 0 37 0 0 2763955 4903251 4172106 0 0 0 4562353 0 0 0 0 
0 0 0 0 0 0 0 0 0 0 0 0 0 0 0 0 0 0 0 0 0 0 0 3 0 12519 12521 0 0 37 0 0 0 9181323 2793327 0 0 0 0 0 4620860 0 0 0 
0 0 0 0 0 0 0 0 0 0 0 0 0 0 0 0 0 0 0 0 0 0 0 3 12520 0 0 0 0 0 37 0 0 2793205 4950246 4230376 0 0 0 4621265 0 0 0 0 
0 0 0 0 0 0 0 0 0 0 0 0 0 0 0 0 0 0 0 0 0 0 0 3 0 12523 12525 0 0 37 0 0 0 9256811 2810738 0 0 0 0 0 4654691 0 0 0 
0 0 0 0 0 0 0 0 0 0 0 0 0 0 0 0 0 0 0 0 0 0 0 3 12524 0 0 0 0 0 37 0 0 2810615 4993351 4262727 0 0 0 4655098 0 0 0 0 
0 0 0 0 0 0 0 0 0 0 0 0 0 0 0 0 0 0 0 0 0 0 0 3 0 12523 12525 0 0 37 0 0 0 9322647 2841946 0 0 0 0 0 4708791 0 0 0 
0 0 0 0 0 0 0 0 0 0 0 0 0 0 0 0 0 0 0 0 0 0 0 3 12524 0 0 0 0 0 37 0 0 2841821 5033671 4288244 0 0 0 4709208 0 0 0 0 
0 0 0 0 0 0 0 0 0 0 0 0 0 0 0 0 0 0 0 0 0 0 0 3 0 12527 12529 0 0 37 0 0 0 9370877 2843000 0 0 0 0 0 4722204 0 0 0 
0 0 0 0 0 0 0 0 0 0 0 0 0 0 0 0 0 0 0 0 0 0 0 3 12528 0 0 0 0 0 37 0 0 2842875 5060731 4309413 0 0 0 4722620 0 0 0 0 
0 0 0 0 0 0 0 0 0 0 0 0 0 0 0 0 0 0 0 0 0 0 0 3 0 12535 12537 0 0 37 0 0 0 9412652 2870194 0 0 0 0 0 4763705 0 0 0 
0 0 0 0 0 0 0 0 0 0 0 0 0 0 0 0 0 0 0 0 0 0 0 3 12536 0 0 0 0 0 37 0 0 2870071 5086091 4325822 0 0 0 4764131 0 0 0 0 
0 0 0 0 0 0 0 0 0 0 0 0 0 0 0 0 0 0 0 0 0 0 0 3 0 12539 12541 0 0 37 0 0 0 9490778 2885328 0 0 0 0 0 4797590 0 0 0 
0 0 0 0 0 0 0 0 0 0 0 0 0 0 0 0 0 0 0 0 0 0 0 3 12540 0 0 0 0 0 37 0 0 2885201 5131224 4358802 0 0 0 4798016 0 0 0 0 
0 0 0 0 0 0 0 0 0 0 0 0 0 0 0 0 0 0 0 0 0 0 0 3 0 12539 12541 0 0 37 0 0 0 9560026 2909193 0 0 0 0 0 4842671 0 0 0 
0 0 0 0 0 0 0 0 0 0 0 0 0 0 0 0 0 0 0 0 0 0 0 3 12540 0 0 0 0 0 37 0 0 2909066 5172806 4386453 0 0 0 4843101 0 0 0 0 
0 0 0 0 0 0 0 0 0 0 0 0 0 0 0 0 0 0 0 0 0 0 0 3 0 12547 12549 0 0 37 0 0 0 9590124 2909463 0 0 0 0 0 4850338 0 0 0 
0 0 0 0 0 0 0 0 0 0 0 0 0 0 0 0 0 0 0 0 0 0 0 3 12548 0 0 0 0 0 37 0 0 2909336 5188887 4400469 0 0 0 4850768 0 0 0 0 
0 0 0 0 0 0 0 0 0 0 0 0 0 0 0 0 0 0 0 0 0 0 0 3 0 12551 12553 0 0 37 0 0 0 9650077 2939931 0 0 0 0 0 4901355 0 0 0 
0 0 0 0 0 0 0 0 0 0 0 0 0 0 0 0 0 0 0 0 0 0 0 3 12552 0 0 0 0 0 37 0 0 2939803 5225838 4423468 0 0 0 4901795 0 0 0 0 
0 0 0 0 0 0 0 0 0 0 0 0 0 0 0 0 0 0 0 0 0 0 0 3 0 12555 12557 0 0 37 0 0 0 9724538 2964197 0 0 0 0 0 4942424 0 0 0 
0 0 0 0 0 0 0 0 0 0 0 0 0 0 0 0 0 0 0 0 0 0 0 3 12556 0 0 0 0 0 37 0 0 2964069 5268522 4455206 0 0 0 4942875 0 0 0 0 
0 0 0 0 0 0 0 0 0 0 0 0 0 0 0 0 0 0 0 0 0 0 0 3 0 12559 12561 0 0 37 0 0 0 9795378 2975394 0 0 0 0 0 4971505 0 0 0 
0 0 0 0 0 0 0 0 0 0 0 0 0 0 0 0 0 0 0 0 0 0 0 3 12560 0 0 0 0 0 37 0 0 2975266 5310084 4484462 0 0 0 4971957 0 0 0 0 
0 0 0 0 0 0 0 0 0 0 0 0 0 0 0 0 0 0 0 0 0 0 0 3 0 12567 12569 0 0 37 0 0 0 9817024 2980563 0 0 0 0 0 4987485 0 0 0 
0 0 0 0 0 0 0 0 0 0 0 0 0 0 0 0 0 0 0 0 0 0 0 3 12568 0 0 0 0 0 37 0 0 2980435 5323691 4492501 0 0 0 4987936 0 0 0 0 
0 0 0 0 0 0 0 0 0 0 0 0 0 0 0 0 0 0 0 0 0 0 0 3 0 12567 12569 0 0 37 0 0 0 9882515 3008400 0 0 0 0 0 5037798 0 0 0 
0 0 0 0 0 0 0 0 0 0 0 0 0 0 0 0 0 0 0 0 0 0 0 3 12568 0 0 0 0 0 37 0 0 3008272 5363722 4517945 0 0 0 5038259 0 0 0 0 
0 0 0 0 0 0 0 0 0 0 0 0 0 0 0 0 0 0 0 0 0 0 0 3 0 12571 12573 0 0 37 0 0 0 9958079 3037748 0 0 0 0 0 5084669 0 0 0 
0 0 0 0 0 0 0 0 0 0 0 0 0 0 0 0 0 0 0 0 0 0 0 3 12572 0 0 0 0 0 37 0 0 3037620 5407657 4549563 0 0 0 5085136 0 0 0 0 
0 0 0 0 0 0 0 0 0 0 0 0 0 0 0 0 0 0 0 0 0 0 0 3 0 12575 12577 0 0 37 0 0 0 10021203 3041592 0 0 0 0 0 5107967 0 0 0 
0 0 0 0 0 0 0 0 0 0 0 0 0 0 0 0 0 0 0 0 0 0 0 3 12576 0 0 0 0 0 37 0 0 3041464 5446572 4573762 0 0 0 5108434 0 0 0 0 
0 0 0 0 0 0 0 0 0 0 0 0 0 0 0 0 0 0 0 0 0 0 0 3 0 12583 12585 0 0 37 0 0 0 10045737 3051532 0 0 0 0 0 5128042 0 0 0 
0 0 0 0 0 0 0 0 0 0 0 0 0 0 0 0 0 0 0 0 0 0 0 3 12584 0 0 0 0 0 37 0 0 3051406 5461151 4583710 0 0 0 5128512 0 0 0 0 
0 0 0 0 0 0 0 0 0 0 0 0 0 0 0 0 0 0 0 0 0 0 0 3 0 12583 12585 0 0 37 0 0 0 10113409 3075014 0 0 0 0 0 5171562 0 0 0 
0 0 0 0 0 0 0 0 0 0 0 0 0 0 0 0 0 0 0 0 0 0 0 3 12584 0 0 0 0 0 37 0 0 3074885 5501220 4611294 0 0 0 5172033 0 0 0 0 
0 0 0 0 0 0 0 0 0 0 0 0 0 0 0 0 0 0 0 0 0 0 0 3 0 12587 12589 0 0 37 0 0 0 10186146 3105000 0 0 0 0 0 5220150 0 0 0 
0 0 0 0 0 0 0 0 0 0 0 0 0 0 0 0 0 0 0 0 0 0 0 3 12588 0 0 0 0 0 37 0 0 3104870 5543929 4641303 0 0 0 5220632 0 0 0 0 
0 0 0 0 0 0 0 0 0 0 0 0 0 0 0 0 0 0 0 0 0 0 0 3 0 12591 12593 0 0 37 0 0 0 10242685 3107791 0 0 0 0 0 5237065 0 0 0 
0 0 0 0 0 0 0 0 0 0 0 0 0 0 0 0 0 0 0 0 0 0 0 3 12592 0 0 0 0 0 37 0 0 3107661 5575694 4666073 0 0 0 5237547 0 0 0 0 
0 0 0 0 0 0 0 0 0 0 0 0 0 0 0 0 0 0 0 0 0 0 0 3 0 12599 12601 0 0 37 0 0 0 10273516 3124625 0 0 0 0 0 5265886 0 0 0 
0 0 0 0 0 0 0 0 0 0 0 0 0 0 0 0 0 0 0 0 0 0 0 3 12600 0 0 0 0 0 37 0 0 3124496 5594888 4677711 0 0 0 5266377 0 0 0 0 
0 0 0 0 0 0 0 0 0 0 0 0 0 0 0 0 0 0 0 0 0 0 0 3 0 12601 12601 0 0 37 0 0 0 10349694 3141214 0 0 0 0 0 5300038 0 0 0 
0 0 0 0 0 0 0 0 0 0 0 0 0 0 0 0 0 0 0 0 0 0 0 3 12600 0 0 0 0 0 37 0 0 3141084 5638555 4710174 0 0 0 5300534 0 0 0 0 
0 0 0 0 0 0 0 0 0 0 0 0 0 0 0 0 0 0 0 0 0 0 0 3 0 12603 12605 0 0 37 0 0 0 10413619 3172575 0 0 0 0 0 5352811 0 0 0 
0 0 0 0 0 0 0 0 0 0 0 0 0 0 0 0 0 0 0 0 0 0 0 3 12604 0 0 0 0 0 37 0 0 3172443 5677636 4734986 0 0 0 5353318 0 0 0 0 
0 0 0 0 0 0 0 0 0 0 0 0 0 0 0 0 0 0 0 0 0 0 0 3 0 12607 12609 0 0 37 0 0 0 10468834 3173988 0 0 0 0 0 5374302 0 0 0 
0 0 0 0 0 0 0 0 0 0 0 0 0 0 0 0 0 0 0 0 0 0 0 3 12608 0 0 0 0 0 37 0 0 3173856 5712962 4754871 0 0 0 5374810 0 0 0 0 
0 0 0 0 0 0 0 0 0 0 0 0 0 0 0 0 0 0 0 0 0 0 0 3 0 12615 12617 0 0 37 0 0 0 10502403 3189948 0 0 0 0 0 5404456 0 0 0 
0 0 0 0 0 0 0 0 0 0 0 0 0 0 0 0 0 0 0 0 0 0 0 3 12616 0 0 0 0 0 37 0 0 3189816 5734545 4766850 0 0 0 5404968 0 0 0 0 
0 0 0 0 0 0 0 0 0 0 0 0 0 0 0 0 0 0 0 0 0 0 0 3 0 12619 12621 0 0 37 0 0 0 10577883 3207925 0 0 0 0 0 5438989 0 0 0 
0 0 0 0 0 0 0 0 0 0 0 0 0 0 0 0 0 0 0 0 0 0 0 3 12620 0 0 0 0 0 37 0 0 3207792 5777801 4799068 0 0 0 5439507 0 0 0 0 
0 0 0 0 0 0 0 0 0 0 0 0 0 0 0 0 0 0 0 0 0 0 0 3 0 12619 12621 0 0 37 0 0 0 10643341 3238670 0 0 0 0 0 5492009 0 0 0 
0 0 0 0 0 0 0 0 0 0 0 0 0 0 0 0 0 0 0 0 0 0 0 3 12620 0 0 0 0 0 37 0 0 3238536 5817664 4824655 0 0 0 5492528 0 0 0 0 
0 0 0 0 0 0 0 0 0 0 0 0 0 0 0 0 0 0 0 0 0 0 0 3 0 12623 12625 0 0 37 0 0 0 10697359 3240187 0 0 0 0 0 5512889 0 0 0 
0 0 0 0 0 0 0 0 0 0 0 0 0 0 0 0 0 0 0 0 0 0 0 3 12624 0 0 0 0 0 37 0 0 3240052 5851569 4844768 0 0 0 5513408 0 0 0 0 
0 0 0 0 0 0 0 0 0 0 0 0 0 0 0 0 0 0 0 0 0 0 0 3 0 12631 12633 0 0 37 0 0 0 10737756 3261912 0 0 0 0 0 5550580 0 0 0 
0 0 0 0 0 0 0 0 0 0 0 0 0 0 0 0 0 0 0 0 0 0 0 3 12632 0 0 0 0 0 37 0 0 3261778 5877242 4859489 0 0 0 5551104 0 0 0 0 
0 0 0 0 0 0 0 0 0 0 0 0 0 0 0 0 0 0 0 0 0 0 0 3 0 12635 12637 0 0 37 0 0 0 10813768 3278914 0 0 0 0 0 5585113 0 0 0 
0 0 0 0 0 0 0 0 0 0 0 0 0 0 0 0 0 0 0 0 0 0 0 3 12636 0 0 0 0 0 37 0 0 3278779 5921263 4891443 0 0 0 5585641 0 0 0 0 
0 0 0 0 0 0 0 0 0 0 0 0 0 0 0 0 0 0 0 0 0 0 0 3 0 12635 12637 0 0 37 0 0 0 10874950 3305612 0 0 0 0 0 5632776 0 0 0 
0 0 0 0 0 0 0 0 0 0 0 0 0 0 0 0 0 0 0 0 0 0 0 3 12636 0 0 0 0 0 37 0 0 3305475 5957724 4916153 0 0 0 5633314 0 0 0 0 
0 0 0 0 0 0 0 0 0 0 0 0 0 0 0 0 0 0 0 0 0 0 0 3 0 12639 12641 0 0 37 0 0 0 10922130 3306385 0 0 0 0 0 5645252 0 0 0 
0 0 0 0 0 0 0 0 0 0 0 0 0 0 0 0 0 0 0 0 0 0 0 3 12640 0 0 0 0 0 37 0 0 3306248 5983958 4937100 0 0 0 5645790 0 0 0 0 
0 0 0 0 0 0 0 0 0 0 0 0 0 0 0 0 0 0 0 0 0 0 0 3 0 12647 12649 0 0 37 0 0 0 10962462 3332021 0 0 0 0 0 5684212 0 0 0 
0 0 0 0 0 0 0 0 0 0 0 0 0 0 0 0 0 0 0 0 0 0 0 3 12648 0 0 0 0 0 37 0 0 3331885 6008480 4952909 0 0 0 5684760 0 0 0 0 
0 0 0 0 0 0 0 0 0 0 0 0 0 0 0 0 0 0 0 0 0 0 0 3 0 12651 12653 0 0 37 0 0 0 11034160 3347122 0 0 0 0 0 5714156 0 0 0 
0 0 0 0 0 0 0 0 0 0 0 0 0 0 0 0 0 0 0 0 0 0 0 3 12652 0 0 0 0 0 37 0 0 3346988 6048545 4984536 0 0 0 5714711 0 0 0 0 
0 0 0 0 0 0 0 0 0 0 0 0 0 0 0 0 0 0 0 0 0 0 0 3 0 12651 12653 0 0 37 0 0 0 11098526 3372577 0 0 0 0 0 5760500 0 0 0 
0 0 0 0 0 0 0 0 0 0 0 0 0 0 0 0 0 0 0 0 0 0 0 3 12652 0 0 0 0 0 37 0 0 3372441 6087476 5009956 0 0 0 5761056 0 0 0 0 
0 0 0 0 0 0 0 0 0 0 0 0 0 0 0 0 0 0 0 0 0 0 0 3 0 12655 12657 0 0 37 0 0 0 11147685 3372582 0 0 0 0 0 5781731 0 0 0 
0 0 0 0 0 0 0 0 0 0 0 0 0 0 0 0 0 0 0 0 0 0 0 3 12656 0 0 0 0 0 37 0 0 3372446 6120463 5026132 0 0 0 5782288 0 0 0 0 
0 0 0 0 0 0 0 0 0 0 0 0 0 0 0 0 0 0 0 0 0 0 0 3 0 12663 12665 0 0 37 0 0 0 11192065 3398250 0 0 0 0 0 5823505 0 0 0 
0 0 0 0 0 0 0 0 0 0 0 0 0 0 0 0 0 0 0 0 0 0 0 3 12664 0 0 0 0 0 37 0 0 3398112 6148155 5042814 0 0 0 5824071 0 0 0 0 
0 0 0 0 0 0 0 0 0 0 0 0 0 0 0 0 0 0 0 0 0 0 0 3 0 12667 12669 0 0 37 0 0 0 11266900 3415905 0 0 0 0 0 5857961 0 0 0 
0 0 0 0 0 0 0 0 0 0 0 0 0 0 0 0 0 0 0 0 0 0 0 3 12668 0 0 0 0 0 37 0 0 3415767 6190940 5074861 0 0 0 5858532 0 0 0 0 
0 0 0 0 0 0 0 0 0 0 0 0 0 0 0 0 0 0 0 0 0 0 0 3 0 12667 12669 0 0 37 0 0 0 11337639 3438774 0 0 0 0 0 5900322 0 0 0 
0 0 0 0 0 0 0 0 0 0 0 0 0 0 0 0 0 0 0 0 0 0 0 3 12668 0 0 0 0 0 37 0 0 3438637 6232608 5103912 0 0 0 5900891 0 0 0 0 
0 0 0 0 0 0 0 0 0 0 0 0 0 0 0 0 0 0 0 0 0 0 0 3 0 12672 12673 0 0 37 0 0 0 11380249 3438780 0 0 0 0 0 5925656 0 0 0 
0 0 0 0 0 0 0 0 0 0 0 0 0 0 0 0 0 0 0 0 0 0 0 3 12672 0 0 0 0 0 37 0 0 3438643 6264410 5114725 0 0 0 5926226 0 0 0 0 
0 0 0 0 0 0 0 0 0 0 0 0 0 0 0 0 0 0 0 0 0 0 0 3 0 12679 12681 0 0 37 0 0 0 11428971 3467813 0 0 0 0 0 5971819 0 0 0 
0 0 0 0 0 0 0 0 0 0 0 0 0 0 0 0 0 0 0 0 0 0 0 3 12680 0 0 0 0 0 37 0 0 3467678 6294341 5133507 0 0 0 5972393 0 0 0 0 
0 0 0 0 0 0 0 0 0 0 0 0 0 0 0 0 0 0 0 0 0 0 0 3 0 12683 12685 0 0 37 0 0 0 11504529 3484964 0 0 0 0 0 6006066 0 0 0 
0 0 0 0 0 0 0 0 0 0 0 0 0 0 0 0 0 0 0 0 0 0 0 3 12684 0 0 0 0 0 37 0 0 3484829 6337687 5165699 0 0 0 6006640 0 0 0 0 
0 0 0 0 0 0 0 0 0 0 0 0 0 0 0 0 0 0 0 0 0 0 0 3 0 12683 12685 0 0 37 0 0 0 11575628 3504971 0 0 0 0 0 6047092 0 0 0 
0 0 0 0 0 0 0 0 0 0 0 0 0 0 0 0 0 0 0 0 0 0 0 3 12684 0 0 0 0 0 37 0 0 3504835 6380363 5194111 0 0 0 6047670 0 0 0 0 
0 0 0 0 0 0 0 0 0 0 0 0 0 0 0 0 0 0 0 0 0 0 0 3 0 12690 12689 0 0 37 0 0 0 11608073 3504979 0 0 0 0 0 6063673 0 0 0 
0 0 0 0 0 0 0 0 0 0 0 0 0 0 0 0 0 0 0 0 0 0 0 3 12688 0 0 0 0 0 37 0 0 3504843 6402445 5204478 0 0 0 6064251 0 0 0 0 
0 0 0 0 0 0 0 0 0 0 0 0 0 0 0 0 0 0 0 0 0 0 0 3 0 12695 12697 0 0 37 0 0 0 11662133 3535454 0 0 0 0 0 6112926 0 0 0 
0 0 0 0 0 0 0 0 0 0 0 0 0 0 0 0 0 0 0 0 0 0 0 3 12696 0 0 0 0 0 37 0 0 3535315 6435483 5225487 0 0 0 6113519 0 0 0 0 
0 0 0 0 0 0 0 0 0 0 0 0 0 0 0 0 0 0 0 0 0 0 0 3 0 12699 12701 0 0 37 0 0 0 11738635 3556720 0 0 0 0 0 6150737 0 0 0 
0 0 0 0 0 0 0 0 0 0 0 0 0 0 0 0 0 0 0 0 0 0 0 3 12700 0 0 0 0 0 37 0 0 3556581 6479198 5258249 0 0 0 6151334 0 0 0 0 
0 0 0 0 0 0 0 0 0 0 0 0 0 0 0 0 0 0 0 0 0 0 0 3 0 12703 12705 0 0 37 0 0 0 11813616 3571173 0 0 0 0 0 6183942 0 0 0 
0 0 0 0 0 0 0 0 0 0 0 0 0 0 0 0 0 0 0 0 0 0 0 3 12704 0 0 0 0 0 37 0 0 3571034 6522746 5289677 0 0 0 6184541 0 0 0 0 
0 0 0 0 0 0 0 0 0 0 0 0 0 0 0 0 0 0 0 0 0 0 0 3 0 12711 12713 0 0 37 0 0 0 11832171 3572852 0 0 0 0 0 6196896 0 0 0 
0 0 0 0 0 0 0 0 0 0 0 0 0 0 0 0 0 0 0 0 0 0 0 3 12712 0 0 0 0 0 37 0 0 3572713 6535157 5295818 0 0 0 6197496 0 0 0 0 
0 0 0 0 0 0 0 0 0 0 0 0 0 0 0 0 0 0 0 0 0 0 0 3 0 12711 12713 0 0 37 0 0 0 11898459 3603224 0 0 0 0 0 6249759 0 0 0 
0 0 0 0 0 0 0 0 0 0 0 0 0 0 0 0 0 0 0 0 0 0 0 3 12712 0 0 0 0 0 37 0 0 3603084 6576004 5321249 0 0 0 6250370 0 0 0 0 
0 0 0 0 0 0 0 0 0 0 0 0 0 0 0 0 0 0 0 0 0 0 0 3 0 12715 12717 0 0 37 0 0 0 11971657 3632701 0 0 0 0 0 6295840 0 0 0 
0 0 0 0 0 0 0 0 0 0 0 0 0 0 0 0 0 0 0 0 0 0 0 3 12716 0 0 0 0 0 37 0 0 3632562 6617850 5352590 0 0 0 6296454 0 0 0 0 
0 0 0 0 0 0 0 0 0 0 0 0 0 0 0 0 0 0 0 0 0 0 0 3 0 12719 12721 0 0 37 0 0 0 12036947 3637371 0 0 0 0 0 6317000 0 0 0 
0 0 0 0 0 0 0 0 0 0 0 0 0 0 0 0 0 0 0 0 0 0 0 3 12720 0 0 0 0 0 37 0 0 3637231 6655829 5379892 0 0 0 6317613 0 0 0 0 
0 0 0 0 0 0 0 0 0 0 0 0 0 0 0 0 0 0 0 0 0 0 0 3 0 12727 12729 0 0 37 0 0 0 12063171 3642915 0 0 0 0 0 6338269 0 0 0 
0 0 0 0 0 0 0 0 0 0 0 0 0 0 0 0 0 0 0 0 0 0 0 3 12728 0 0 0 0 0 37 0 0 3642775 6674140 5387804 0 0 0 6338884 0 0 0 0 
0 0 0 0 0 0 0 0 0 0 0 0 0 0 0 0 0 0 0 0 0 0 0 3 0 12727 12729 0 0 37 0 0 0 12127709 3669956 0 0 0 0 0 6388083 0 0 0 
0 0 0 0 0 0 0 0 0 0 0 0 0 0 0 0 0 0 0 0 0 0 0 3 12728 0 0 0 0 0 37 0 0 3669815 6713997 5412481 0 0 0 6388708 0 0 0 0 
0 0 0 0 0 0 0 0 0 0 0 0 0 0 0 0 0 0 0 0 0 0 0 3 0 12731 12733 0 0 37 0 0 0 12201395 3699470 0 0 0 0 0 6434537 0 0 0 
0 0 0 0 0 0 0 0 0 0 0 0 0 0 0 0 0 0 0 0 0 0 0 3 12732 0 0 0 0 0 37 0 0 3699325 6756150 5444013 0 0 0 6435169 0 0 0 0 
0 0 0 0 0 0 0 0 0 0 0 0 0 0 0 0 0 0 0 0 0 0 0 3 0 12735 12737 0 0 37 0 0 0 12266990 3703570 0 0 0 0 0 6455714 0 0 0 
0 0 0 0 0 0 0 0 0 0 0 0 0 0 0 0 0 0 0 0 0 0 0 3 12736 0 0 0 0 0 37 0 0 3703425 6794571 5471184 0 0 0 6456347 0 0 0 0 
0 0 0 0 0 0 0 0 0 0 0 0 0 0 0 0 0 0 0 0 0 0 0 3 0 12743 12745 0 0 37 0 0 0 12285536 3705889 0 0 0 0 0 6469302 0 0 0 
0 0 0 0 0 0 0 0 0 0 0 0 0 0 0 0 0 0 0 0 0 0 0 3 12744 0 0 0 0 0 37 0 0 3705744 6807295 5477005 0 0 0 6469935 0 0 0 0 
0 0 0 0 0 0 0 0 0 0 0 0 0 0 0 0 0 0 0 0 0 0 0 3 0 12743 12745 0 0 37 0 0 0 12350211 3735968 0 0 0 0 0 6521601 0 0 0 
0 0 0 0 0 0 0 0 0 0 0 0 0 0 0 0 0 0 0 0 0 0 0 3 12744 0 0 0 0 0 37 0 0 3735823 6846918 5502060 0 0 0 6522238 0 0 0 0 
0 0 0 0 0 0 0 0 0 0 0 0 0 0 0 0 0 0 0 0 0 0 0 3 0 12747 12749 0 0 37 0 0 0 12423343 3765030 0 0 0 0 0 6566568 0 0 0 
0 0 0 0 0 0 0 0 0 0 0 0 0 0 0 0 0 0 0 0 0 0 0 3 12748 0 0 0 0 0 37 0 0 3764885 6888557 5533532 0 0 0 6567219 0 0 0 0 
0 0 0 0 0 0 0 0 0 0 0 0 0 0 0 0 0 0 0 0 0 0 0 3 0 12751 12753 0 0 37 0 0 0 12488227 3769767 0 0 0 0 0 6587118 0 0 0 
0 0 0 0 0 0 0 0 0 0 0 0 0 0 0 0 0 0 0 0 0 0 0 3 12752 0 0 0 0 0 37 0 0 3769621 6926002 5560966 0 0 0 6587768 0 0 0 0 
0 0 0 0 0 0 0 0 0 0 0 0 0 0 0 0 0 0 0 0 0 0 0 3 0 12759 12761 0 0 37 0 0 0 12516233 3776821 0 0 0 0 0 6610932 0 0 0 
0 0 0 0 0 0 0 0 0 0 0 0 0 0 0 0 0 0 0 0 0 0 0 3 12760 0 0 0 0 0 37 0 0 3776676 6946275 5568698 0 0 0 6611584 0 0 0 0 
0 0 0 0 0 0 0 0 0 0 0 0 0 0 0 0 0 0 0 0 0 0 0 3 0 12759 12761 0 0 37 0 0 0 12582356 3803187 0 0 0 0 0 6659999 0 0 0 
0 0 0 0 0 0 0 0 0 0 0 0 0 0 0 0 0 0 0 0 0 0 0 3 12760 0 0 0 0 0 37 0 0 3803043 6986921 5594151 0 0 0 6660660 0 0 0 0 
0 0 0 0 0 0 0 0 0 0 0 0 0 0 0 0 0 0 0 0 0 0 0 3 0 12763 12765 0 0 37 0 0 0 12655578 3832920 0 0 0 0 0 6706455 0 0 0 
0 0 0 0 0 0 0 0 0 0 0 0 0 0 0 0 0 0 0 0 0 0 0 3 12764 0 0 0 0 0 37 0 0 3832773 7029120 5625167 0 0 0 6707119 0 0 0 0 
0 0 0 0 0 0 0 0 0 0 0 0 0 0 0 0 0 0 0 0 0 0 0 3 0 12767 12769 0 0 37 0 0 0 12717499 3835963 0 0 0 0 0 6727666 0 0 0 
0 0 0 0 0 0 0 0 0 0 0 0 0 0 0 0 0 0 0 0 0 0 0 3 12768 0 0 0 0 0 37 0 0 3835815 7066575 5649634 0 0 0 6728331 0 0 0 0 
0 0 0 0 0 0 0 0 0 0 0 0 0 0 0 0 0 0 0 0 0 0 0 3 0 12775 12777 0 0 37 0 0 0 12750223 3847209 0 0 0 0 0 6756327 0 0 0 
0 0 0 0 0 0 0 0 0 0 0 0 0 0 0 0 0 0 0 0 0 0 0 3 12776 0 0 0 0 0 37 0 0 3847062 7089244 5659685 0 0 0 6756996 0 0 0 0 
0 0 0 0 0 0 0 0 0 0 0 0 0 0 0 0 0 0 0 0 0 0 0 3 0 12775 12777 0 0 37 0 0 0 12819976 3869385 0 0 0 0 0 6800471 0 0 0 
0 0 0 0 0 0 0 0 0 0 0 0 0 0 0 0 0 0 0 0 0 0 0 3 12776 0 0 0 0 0 37 0 0 3869238 7131585 5687080 0 0 0 6801145 0 0 0 0 
0 0 0 0 0 0 0 0 0 0 0 0 0 0 0 0 0 0 0 0 0 0 0 3 0 12779 12781 0 0 37 0 0 0 12892656 3899220 0 0 0 0 0 6850192 0 0 0 
0 0 0 0 0 0 0 0 0 0 0 0 0 0 0 0 0 0 0 0 0 0 0 3 12780 0 0 0 0 0 37 0 0 3899072 7174921 5716408 0 0 0 6850878 0 0 0 0 
0 0 0 0 0 0 0 0 0 0 0 0 0 0 0 0 0 0 0 0 0 0 0 3 0 12783 12785 0 0 37 0 0 0 12949723 3902162 0 0 0 0 0 6869287 0 0 0 
0 0 0 0 0 0 0 0 0 0 0 0 0 0 0 0 0 0 0 0 0 0 0 3 12784 0 0 0 0 0 37 0 0 3902014 7208222 5740167 0 0 0 6869974 0 0 0 0 
0 0 0 0 0 0 0 0 0 0 0 0 0 0 0 0 0 0 0 0 0 0 0 3 0 12791 12793 0 0 37 0 0 0 12982839 3917995 0 0 0 0 0 6899263 0 0 0 
0 0 0 0 0 0 0 0 0 0 0 0 0 0 0 0 0 0 0 0 0 0 0 3 12792 0 0 0 0 0 37 0 0 3917847 7229598 5751902 0 0 0 6899953 0 0 0 0 
0 0 0 0 0 0 0 0 0 0 0 0 0 0 0 0 0 0 0 0 0 0 0 3 0 12791 12793 0 0 37 0 0 0 13060107 3935582 0 0 0 0 0 6936125 0 0 0 
0 0 0 0 0 0 0 0 0 0 0 0 0 0 0 0 0 0 0 0 0 0 0 3 12792 0 0 0 0 0 37 0 0 3935434 7274692 5784055 0 0 0 6936820 0 0 0 0 
0 0 0 0 0 0 0 0 0 0 0 0 0 0 0 0 0 0 0 0 0 0 0 3 0 12795 12797 0 0 37 0 0 0 13123877 3966959 0 0 0 0 0 6988762 0 0 0 
0 0 0 0 0 0 0 0 0 0 0 0 0 0 0 0 0 0 0 0 0 0 0 3 12796 0 0 0 0 0 37 0 0 3966809 7313734 5808765 0 0 0 6989468 0 0 0 0 
0 0 0 0 0 0 0 0 0 0 0 0 0 0 0 0 0 0 0 0 0 0 0 3 0 12799 12801 0 0 37 0 0 0 13174502 3968359 0 0 0 0 0 7003895 0 0 0 
0 0 0 0 0 0 0 0 0 0 0 0 0 0 0 0 0 0 0 0 0 0 0 3 12800 0 0 0 0 0 37 0 0 3968209 7342856 5830253 0 0 0 7004600 0 0 0 0 
0 0 0 0 0 0 0 0 0 0 0 0 0 0 0 0 0 0 0 0 0 0 0 3 0 12807 12809 0 0 37 0 0 0 13217148 3994242 0 0 0 0 0 7044920 0 0 0 
0 0 0 0 0 0 0 0 0 0 0 0 0 0 0 0 0 0 0 0 0 0 0 3 12808 0 0 0 0 0 37 0 0 3994091 7369468 5846284 0 0 0 7045635 0 0 0 0 
0 0 0 0 0 0 0 0 0 0 0 0 0 0 0 0 0 0 0 0 0 0 0 3 0 12811 12813 0 0 37 0 0 0 13289911 4010187 0 0 0 0 0 7077220 0 0 0 
0 0 0 0 0 0 0 0 0 0 0 0 0 0 0 0 0 0 0 0 0 0 0 3 12812 0 0 0 0 0 37 0 0 4010037 7410992 5877510 0 0 0 7077938 0 0 0 0 
0 0 0 0 0 0 0 0 0 0 0 0 0 0 0 0 0 0 0 0 0 0 0 3 0 12811 12813 0 0 37 0 0 0 13358135 4034552 0 0 0 0 0 7121990 0 0 0 
0 0 0 0 0 0 0 0 0 0 0 0 0 0 0 0 0 0 0 0 0 0 0 3 12812 0 0 0 0 0 37 0 0 4034401 7451356 5905365 0 0 0 7122709 0 0 0 0 
0 0 0 0 0 0 0 0 0 0 0 0 0 0 0 0 0 0 0 0 0 0 0 3 0 12817 12817 0 0 37 0 0 0 13394164 4034559 0 0 0 0 0 7134261 0 0 0 
0 0 0 0 0 0 0 0 0 0 0 0 0 0 0 0 0 0 0 0 0 0 0 3 12816 0 0 0 0 0 37 0 0 4034408 7473242 5919509 0 0 0 7134980 0 0 0 0 
0 0 0 0 0 0 0 0 0 0 0 0 0 0 0 0 0 0 0 0 0 0 0 3 0 12823 12825 0 0 37 0 0 0 13446409 4064395 0 0 0 0 0 7182462 0 0 0 
0 0 0 0 0 0 0 0 0 0 0 0 0 0 0 0 0 0 0 0 0 0 0 3 12824 0 0 0 0 0 37 0 0 4064243 7505342 5939648 0 0 0 7183186 0 0 0 0 
0 0 0 0 0 0 0 0 0 0 0 0 0 0 0 0 0 0 0 0 0 0 0 3 0 12827 12829 0 0 37 0 0 0 13520016 4080882 0 0 0 0 0 7215955 0 0 0 
0 0 0 0 0 0 0 0 0 0 0 0 0 0 0 0 0 0 0 0 0 0 0 3 12828 0 0 0 0 0 37 0 0 4080731 7547370 5971217 0 0 0 7216683 0 0 0 0 
0 0 0 0 0 0 0 0 0 0 0 0 0 0 0 0 0 0 0 0 0 0 0 3 0 12827 12829 0 0 37 0 0 0 13592047 4100751 0 0 0 0 0 7254355 0 0 0 
0 0 0 0 0 0 0 0 0 0 0 0 0 0 0 0 0 0 0 0 0 0 0 3 12828 0 0 0 0 0 37 0 0 4100599 7589243 6001351 0 0 0 7255084 0 0 0 0 
0 0 0 0 0 0 0 0 0 0 0 0 0 0 0 0 0 0 0 0 0 0 0 3 0 12833 12833 0 0 37 0 0 0 13618943 4100758 0 0 0 0 0 7268315 0 0 0 
0 0 0 0 0 0 0 0 0 0 0 0 0 0 0 0 0 0 0 0 0 0 0 3 12832 0 0 0 0 0 37 0 0 4100606 7607314 6010175 0 0 0 7269044 0 0 0 0 
<====
0 0 0 0 0 0 0 0 0 0 0 0 0 0 0 0 0 0 0 0 0 0 0 3 0 12835 12833 0 0 37 0 0 0 13618943 4101019 0 0 0 0 0 7268321 0 0 0 
0 0 0 0 0 0 0 0 0 0 0 0 0 0 0 0 0 0 0 0 0 0 0 3 12832 0 0 0 0 0 37 0 0 4100864 7607314 6010175 0 0 0 7269050 0 0 0 0 
0 0 0 0 0 0 0 0 0 0 0 0 0 0 0 0 0 0 0 0 0 0 0 3 0 12835 12833 0 0 37 0 0 0 13618943 4101019 0 0 0 0 0 7268321 0 0 0 
0 0 0 0 0 0 0 0 0 0 0 0 0 0 0 0 0 0 0 0 0 0 0 3 12832 0 0 0 0 0 37 0 0 4100864 7607314 6010175 0 0 0 7269050 0 0 0 0 
0 0 0 0 0 0 0 0 0 0 0 0 0 0 0 0 0 0 0 0 0 0 0 3 0 12835 12833 0 0 37 0 0 0 13618943 4101019 0 0 0 0 0 7268321 0 0 0 
0 0 0 0 0 0 0 0 0 0 0 0 0 0 0 0 0 0 0 0 0 0 0 3 12832 0 0 0 0 0 37 0 0 4100864 7607314 6010175 0 0 0 7269050 0 0 0 0 
0 0 0 0 0 0 0 0 0 0 0 0 0 0 0 0 0 0 0 0 0 0 0 3 0 12835 12833 0 0 37 0 0 0 13618943 4101019 0 0 0 0 0 7268321 0 0 0 
0 0 0 0 0 0 0 0 0 0 0 0 0 0 0 0 0 0 0 0 0 0 0 3 12832 0 0 0 0 0 37 0 0 4100864 7607314 6010175 0 0 0 7269050 0 0 0 0 
0 0 0 0 0 0 0 0 0 0 0 0 0 0 0 0 0 0 0 0 0 0 0 3 0 12835 12833 0 0 37 0 0 0 13618943 4101019 0 0 0 0 0 7268321 0 0 0 
0 0 0 0 0 0 0 0 0 0 0 0 0 0 0 0 0 0 0 0 0 0 0 3 12832 0 0 0 0 0 37 0 0 4100864 7607314 6010175 0 0 0 7269050 0 0 0 0 
0 0 0 0 0 0 0 0 0 0 0 0 0 0 0 0 0 0 0 0 0 0 0 3 0 12835 12833 0 0 37 0 0 0 13618943 4101019 0 0 0 0 0 7268321 0 0 0 
0 0 0 0 0 0 0 0 0 0 0 0 0 0 0 0 0 0 0 0 0 0 0 3 12832 0 0 0 0 0 37 0 0 4100864 7607314 6010175 0 0 0 7269050 0 0 0 0 
0 0 0 0 0 0 0 0 0 0 0 0 0 0 0 0 0 0 0 0 0 0 0 3 0 12835 12833 0 0 37 0 0 0 13618943 4101019 0 0 0 0 0 7268321 0 0 0 
0 0 0 0 0 0 0 0 0 0 0 0 0 0 0 0 0 0 0 0 0 0 0 3 12832 0 0 0 0 0 37 0 0 4100864 7607314 6010175 0 0 0 7269050 0 0 0 0 
0 0 0 0 0 0 0 0 0 0 0 0 0 0 0 0 0 0 0 0 0 0 0 3 0 12835 12833 0 0 37 0 0 0 13618943 4101019 0 0 0 0 0 7268321 0 0 0 
0 0 0 0 0 0 0 0 0 0 0 0 0 0 0 0 0 0 0 0 0 0 0 3 12832 0 0 0 0 0 37 0 0 4100864 7607314 6010175 0 0 0 7269050 0 0 0 0 
0 0 0 0 0 0 0 0 0 0 0 0 0 0 0 0 0 0 0 0 0 0 0 3 0 12835 12833 0 0 37 0 0 0 13618943 4101019 0 0 0 0 0 7268321 0 0 0 
0 0 0 0 0 0 0 0 0 0 0 0 0 0 0 0 0 0 0 0 0 0 0 3 12832 0 0 0 0 0 37 0 0 4100864 7607314 6010175 0 0 0 7269050 0 0 0 0 
0 0 0 0 0 0 0 0 0 0 0 0 0 0 0 0 0 0 0 0 0 0 0 3 0 12835 12833 0 0 37 0 0 0 13618943 4101019 0 0 0 0 0 7268321 0 0 0 
0 0 0 0 0 0 0 0 0 0 0 0 0 0 0 0 0 0 0 0 0 0 0 3 12832 0 0 0 0 0 37 0 0 4100864 7607314 6010175 0 0 0 7269050 0 0 0 0 
0 0 0 0 0 0 0 0 0 0 0 0 0 0 0 0 0 0 0 0 0 0 0 3 0 12835 12833 0 0 37 0 0 0 13618943 4101019 0 0 0 0 0 7268321 0 0 0 
0 0 0 0 0 0 0 0 0 0 0 0 0 0 0 0 0 0 0 0 0 0 0 3 12832 0 0 0 0 0 37 0 0 4100864 7607314 6010175 0 0 0 7269050 0 0 0 0 
0 0 0 0 0 0 0 0 0 0 0 0 0 0 0 0 0 0 0 0 0 0 0 3 0 12835 12833 0 0 37 0 0 0 13618943 4101019 0 0 0 0 0 7268321 0 0 0 
0 0 0 0 0 0 0 0 0 0 0 0 0 0 0 0 0 0 0 0 0 0 0 3 12832 0 0 0 0 0 37 0 0 4100864 7607314 6010175 0 0 0 7269050 0 0 0 0 
