0 0 0 0 0 0 0 0 0 0 0 0 0 0 0 0 0 0 0 0 0 0 0 3 36322 0 0 0 0 0 45 0 0 4708734 8433525 7576925 0 0 0 8348210 0 0 0 0 
0 0 0 0 0 0 0 0 0 0 0 0 0 0 0 0 0 0 0 0 0 0 0 3 0 36324 36312 0 0 45 0 0 0 16021303 4705911 0 0 0 0 0 8349989 0 0 0 
0 0 0 0 0 0 0 0 0 0 0 0 0 0 0 0 0 0 0 0 0 0 0 3 36322 0 0 0 0 0 45 0 0 4708734 8433525 7576925 0 0 0 8348210 0 0 0 0 
0 0 0 0 0 0 0 0 0 0 0 0 0 0 0 0 0 0 0 0 0 0 0 3 0 36324 36312 0 0 45 0 0 0 16021303 4705911 0 0 0 0 0 8349989 0 0 0 
0 0 0 0 0 0 0 0 0 0 0 0 0 0 0 0 0 0 0 0 0 0 0 3 36322 0 0 0 0 0 45 0 0 4708734 8433525 7576925 0 0 0 8348210 0 0 0 0 
0 0 0 0 0 0 0 0 0 0 0 0 0 0 0 0 0 0 0 0 0 0 0 3 0 36324 36312 0 0 45 0 0 0 16021303 4705911 0 0 0 0 0 8349989 0 0 0 
0 0 0 0 0 0 0 0 0 0 0 0 0 0 0 0 0 0 0 0 0 0 0 3 36322 0 0 0 0 0 45 0 0 4708734 8433525 7576925 0 0 0 8348210 0 0 0 0 
0 0 0 0 0 0 0 0 0 0 0 0 0 0 0 0 0 0 0 0 0 0 0 3 0 36324 36312 0 0 45 0 0 0 16021303 4705911 0 0 0 0 0 8349989 0 0 0 
0 0 0 0 0 0 0 0 0 0 0 0 0 0 0 0 0 0 0 0 0 0 0 3 36322 0 0 0 0 0 45 0 0 4708734 8433525 7576925 0 0 0 8348210 0 0 0 0 
0 0 0 0 0 0 0 0 0 0 0 0 0 0 0 0 0 0 0 0 0 0 0 3 0 36324 36312 0 0 45 0 0 0 16021303 4705911 0 0 0 0 0 8349989 0 0 0 
0 0 0 0 0 0 0 0 0 0 0 0 0 0 0 0 0 0 0 0 0 0 0 3 36322 0 0 0 0 0 45 0 0 4708734 8433525 7576925 0 0 0 8348210 0 0 0 0 
0 0 0 0 0 0 0 0 0 0 0 0 0 0 0 0 0 0 0 0 0 0 0 3 0 36324 36312 0 0 45 0 0 0 16021303 4705911 0 0 0 0 0 8349989 0 0 0 
0 0 0 0 0 0 0 0 0 0 0 0 0 0 0 0 0 0 0 0 0 0 0 3 36322 0 0 0 0 0 45 0 0 4708734 8433525 7576925 0 0 0 8348210 0 0 0 0 
0 0 0 0 0 0 0 0 0 0 0 0 0 0 0 0 0 0 0 0 0 0 0 3 0 36324 36312 0 0 45 0 0 0 16021303 4705911 0 0 0 0 0 8349989 0 0 0 
0 0 0 0 0 0 0 0 0 0 0 0 0 0 0 0 0 0 0 0 0 0 0 3 36322 0 0 0 0 0 45 0 0 4708734 8433525 7576925 0 0 0 8348210 0 0 0 0 
0 0 0 0 0 0 0 0 0 0 0 0 0 0 0 0 0 0 0 0 0 0 0 3 0 36324 36312 0 0 45 0 0 0 16021303 4705911 0 0 0 0 0 8349989 0 0 0 
0 0 0 0 0 0 0 0 0 0 0 0 0 0 0 0 0 0 0 0 0 0 0 3 36322 0 0 0 0 0 45 0 0 4708734 8433525 7576925 0 0 0 8348210 0 0 0 0 
0 0 0 0 0 0 0 0 0 0 0 0 0 0 0 0 0 0 0 0 0 0 0 3 0 36324 36312 0 0 45 0 0 0 16021303 4705911 0 0 0 0 0 8349989 0 0 0 
0 0 0 0 0 0 0 0 0 0 0 0 0 0 0 0 0 0 0 0 0 0 0 3 36322 0 0 0 0 0 45 0 0 4708734 8433525 7576925 0 0 0 8348210 0 0 0 0 
0 0 0 0 0 0 0 0 0 0 0 0 0 0 0 0 0 0 0 0 0 0 0 3 0 36324 36312 0 0 45 0 0 0 16021303 4705911 0 0 0 0 0 8349989 0 0 0 
0 0 0 0 0 0 0 0 0 0 0 0 0 0 0 0 0 0 0 0 0 0 0 3 36322 0 0 0 0 0 45 0 0 4708734 8433525 7576925 0 0 0 8348210 0 0 0 0 
0 0 0 0 0 0 0 0 0 0 0 0 0 0 0 0 0 0 0 0 0 0 0 3 0 36324 36312 0 0 45 0 0 0 16021303 4705911 0 0 0 0 0 8349989 0 0 0 
0 0 0 0 0 0 0 0 0 0 0 0 0 0 0 0 0 0 0 0 0 0 0 3 36322 0 0 0 0 0 45 0 0 4708734 8433525 7576925 0 0 0 8348210 0 0 0 0 
0 0 0 0 0 0 0 0 0 0 0 0 0 0 0 0 0 0 0 0 0 0 0 3 0 36324 36312 0 0 45 0 0 0 16021303 4705911 0 0 0 0 0 8349989 0 0 0 
====>
0 0 0 0 0 0 0 0 0 0 0 0 0 0 0 0 0 0 0 0 0 0 0 3 36322 0 0 0 0 0 45 0 0 4708734 8433525 7576925 0 0 0 8348210 0 0 0 0 
0 0 0 0 0 0 0 0 0 0 0 0 0 0 0 0 0 0 0 0 0 0 0 3 0 36324 36312 0 0 45 0 0 0 16021303 4705911 0 0 0 0 0 8349989 0 0 0 
0 0 0 0 0 0 0 0 0 0 0 0 0 0 0 0 0 0 0 0 0 0 0 3 36334 0 0 0 0 0 74 0 0 4708737 8677863 7579640 0 0 0 8352637 0 0 0 0 
0 0 0 0 0 0 0 0 0 0 0 0 0 0 0 0 0 0 0 0 0 0 0 3 0 36324 36324 0 0 74 0 0 0 16268190 4705914 0 0 0 0 0 8354416 0 0 0 
0 0 0 0 0 0 0 0 0 0 0 0 0 0 0 0 0 0 0 0 0 0 0 3 36382 0 0 0 0 0 77 0 0 4708821 8699015 7591514 0 0 0 8365956 0 0 0 0 
0 0 0 0 0 0 0 0 0 0 0 0 0 0 0 0 0 0 0 0 0 0 0 3 0 36372 36371 0 0 77 0 0 0 16301235 4705998 0 0 0 0 0 8367735 0 0 0 
0 0 0 0 0 0 0 0 0 0 0 0 0 0 0 0 0 0 0 0 0 0 0 3 36394 0 0 0 0 0 77 0 0 4782959 8769990 7613252 0 0 0 8392690 0 0 0 0 
0 0 0 0 0 0 0 0 0 0 0 0 0 0 0 0 0 0 0 0 0 0 0 3 0 36384 36383 0 0 77 0 0 0 16393944 4780068 0 0 0 0 0 8394467 0 0 0 
0 0 0 0 0 0 0 0 0 0 0 0 0 0 0 0 0 0 0 0 0 0 0 3 36418 0 0 0 0 0 77 0 0 4857488 8889670 7648220 0 0 0 8430685 0 0 0 0 
0 0 0 0 0 0 0 0 0 0 0 0 0 0 0 0 0 0 0 0 0 0 0 3 0 36408 36407 0 0 77 0 0 0 16548576 4854535 0 0 0 0 0 8432457 0 0 0 
0 0 0 0 0 0 0 0 0 0 0 0 0 0 0 0 0 0 0 0 0 0 0 3 36442 0 0 0 0 0 77 0 0 4857535 8902140 7710880 0 0 0 8494414 0 0 0 0 
0 0 0 0 0 0 0 0 0 0 0 0 0 0 0 0 0 0 0 0 0 0 0 3 0 36432 36431 0 0 77 0 0 0 16623844 4854582 0 0 0 0 0 8496178 0 0 0 
0 0 0 0 0 0 0 0 0 0 0 0 0 0 0 0 0 0 0 0 0 0 0 3 36454 0 0 0 0 0 77 0 0 4902201 8959518 7735345 0 0 0 8521414 0 0 0 0 
0 0 0 0 0 0 0 0 0 0 0 0 0 0 0 0 0 0 0 0 0 0 0 3 0 36444 36443 0 0 77 0 0 0 16705693 4899229 0 0 0 0 0 8523174 0 0 0 
0 0 0 0 0 0 0 0 0 0 0 0 0 0 0 0 0 0 0 0 0 0 0 3 36466 0 0 0 0 0 77 0 0 4972994 9051161 7802497 0 0 0 8621944 0 0 0 0 
0 0 0 0 0 0 0 0 0 0 0 0 0 0 0 0 0 0 0 0 0 0 0 3 0 36456 36455 0 0 77 0 0 0 16864501 4969962 0 0 0 0 0 8623776 0 0 0 
0 0 0 0 0 0 0 0 0 0 0 0 0 0 0 0 0 0 0 0 0 0 0 3 36478 0 0 0 0 0 77 0 0 5040108 9135779 7930971 0 0 0 8741596 0 0 0 0 
0 0 0 0 0 0 0 0 0 0 0 0 0 0 0 0 0 0 0 0 0 0 0 3 0 36468 36467 0 0 77 0 0 0 17077424 5037040 0 0 0 0 0 8743412 0 0 0 
0 0 0 0 0 0 0 0 0 0 0 0 0 0 0 0 0 0 0 0 0 0 0 3 36490 0 0 0 0 0 77 0 0 5092172 9220083 8009910 0 0 0 8815712 0 0 0 0 
0 0 0 0 0 0 0 0 0 0 0 0 0 0 0 0 0 0 0 0 0 0 0 3 0 36480 36479 0 0 77 0 0 0 17240603 5089075 0 0 0 0 0 8817542 0 0 0 
0 0 0 0 0 0 0 0 0 0 0 0 0 0 0 0 0 0 0 0 0 0 0 3 36490 0 0 0 0 0 77 0 0 5143287 9298478 8081340 0 0 0 8894632 0 0 0 0 
0 0 0 0 0 0 0 0 0 0 0 0 0 0 0 0 0 0 0 0 0 0 0 3 0 36480 36479 0 0 77 0 0 0 17390405 5140161 0 0 0 0 0 8896487 0 0 0 
0 0 0 0 0 0 0 0 0 0 0 0 0 0 0 0 0 0 0 0 0 0 0 3 36526 0 0 0 0 0 77 0 0 5170766 9339805 8121577 0 0 0 8937023 0 0 0 0 
0 0 0 0 0 0 0 0 0 0 0 0 0 0 0 0 0 0 0 0 0 0 0 3 0 36516 36515 0 0 77 0 0 0 17471956 5167623 0 0 0 0 0 8938891 0 0 0 
0 0 0 0 0 0 0 0 0 0 0 0 0 0 0 0 0 0 0 0 0 0 0 3 36526 0 0 0 0 0 77 0 0 5222658 9422004 8196437 0 0 0 9015885 0 0 0 0 
0 0 0 0 0 0 0 0 0 0 0 0 0 0 0 0 0 0 0 0 0 0 0 3 0 36516 36515 0 0 77 0 0 0 17628972 5219493 0 0 0 0 0 9017763 0 0 0 
0 0 0 0 0 0 0 0 0 0 0 0 0 0 0 0 0 0 0 0 0 0 0 3 36538 0 0 0 0 0 77 0 0 5275257 9493317 8261373 0 0 0 9096526 0 0 0 0 
0 0 0 0 0 0 0 0 0 0 0 0 0 0 0 0 0 0 0 0 0 0 0 3 0 36528 36527 0 0 77 0 0 0 17765215 5272068 0 0 0 0 0 9098439 0 0 0 
0 0 0 0 0 0 0 0 0 0 0 0 0 0 0 0 0 0 0 0 0 0 0 3 36550 0 0 0 0 0 77 0 0 5304616 9550437 8316880 0 0 0 9141056 0 0 0 0 
0 0 0 0 0 0 0 0 0 0 0 0 0 0 0 0 0 0 0 0 0 0 0 3 0 36551 36539 0 0 77 0 0 0 17877785 5301415 0 0 0 0 0 9142961 0 0 0 
0 0 0 0 0 0 0 0 0 0 0 0 0 0 0 0 0 0 0 0 0 0 0 3 36574 0 0 0 0 0 77 0 0 5348927 9610231 8369099 0 0 0 9213436 0 0 0 0 
0 0 0 0 0 0 0 0 0 0 0 0 0 0 0 0 0 0 0 0 0 0 0 3 0 36564 36563 0 0 77 0 0 0 17989828 5345709 0 0 0 0 0 9215384 0 0 0 
0 0 0 0 0 0 0 0 0 0 0 0 0 0 0 0 0 0 0 0 0 0 0 3 36586 0 0 0 0 0 77 0 0 5412926 9694631 8448814 0 0 0 9299361 0 0 0 0 
0 0 0 0 0 0 0 0 0 0 0 0 0 0 0 0 0 0 0 0 0 0 0 3 0 36576 36575 0 0 77 0 0 0 18153914 5409668 0 0 0 0 0 9301324 0 0 0 
0 0 0 0 0 0 0 0 0 0 0 0 0 0 0 0 0 0 0 0 0 0 0 3 36598 0 0 0 0 0 77 0 0 5453593 9772498 8522281 0 0 0 9363050 0 0 0 0 
0 0 0 0 0 0 0 0 0 0 0 0 0 0 0 0 0 0 0 0 0 0 0 3 0 36588 36587 0 0 77 0 0 0 18305191 5450328 0 0 0 0 0 9365015 0 0 0 
0 0 0 0 0 0 0 0 0 0 0 0 0 0 0 0 0 0 0 0 0 0 0 3 36622 0 0 0 0 0 77 0 0 5487174 9812099 8557130 0 0 0 9417998 0 0 0 0 
0 0 0 0 0 0 0 0 0 0 0 0 0 0 0 0 0 0 0 0 0 0 0 3 0 36612 36611 0 0 77 0 0 0 18379670 5483882 0 0 0 0 0 9419981 0 0 0 
0 0 0 0 0 0 0 0 0 0 0 0 0 0 0 0 0 0 0 0 0 0 0 3 36634 0 0 0 0 0 77 0 0 5540570 9898636 8636244 0 0 0 9492966 0 0 0 0 
0 0 0 0 0 0 0 0 0 0 0 0 0 0 0 0 0 0 0 0 0 0 0 3 0 36624 36623 0 0 77 0 0 0 18545275 5537226 0 0 0 0 0 9494949 0 0 0 
0 0 0 0 0 0 0 0 0 0 0 0 0 0 0 0 0 0 0 0 0 0 0 3 36634 0 0 0 0 0 77 0 0 5588040 9973257 8705031 0 0 0 9570159 0 0 0 0 
0 0 0 0 0 0 0 0 0 0 0 0 0 0 0 0 0 0 0 0 0 0 0 3 0 36624 36623 0 0 77 0 0 0 18688675 5584667 0 0 0 0 0 9572169 0 0 0 
0 0 0 0 0 0 0 0 0 0 0 0 0 0 0 0 0 0 0 0 0 0 0 3 36658 0 0 0 0 0 77 0 0 5602997 10006848 8740080 0 0 0 9597348 0 0 0 0 
0 0 0 0 0 0 0 0 0 0 0 0 0 0 0 0 0 0 0 0 0 0 0 3 0 36648 36647 0 0 77 0 0 0 18757290 5599620 0 0 0 0 0 9599358 0 0 0 
0 0 0 0 0 0 0 0 0 0 0 0 0 0 0 0 0 0 0 0 0 0 0 3 36670 0 0 0 0 0 77 0 0 5650532 10073040 8796811 0 0 0 9675471 0 0 0 0 
0 0 0 0 0 0 0 0 0 0 0 0 0 0 0 0 0 0 0 0 0 0 0 3 0 36660 36659 0 0 77 0 0 0 18880253 5647134 0 0 0 0 0 9677490 0 0 0 
0 0 0 0 0 0 0 0 0 0 0 0 0 0 0 0 0 0 0 0 0 0 0 3 36682 0 0 0 0 0 77 0 0 5713653 10155796 8874802 0 0 0 9760434 0 0 0 0 
0 0 0 0 0 0 0 0 0 0 0 0 0 0 0 0 0 0 0 0 0 0 0 3 0 36672 36671 0 0 77 0 0 0 19040972 5710223 0 0 0 0 0 9762477 0 0 0 
0 0 0 0 0 0 0 0 0 0 0 0 0 0 0 0 0 0 0 0 0 0 0 3 36694 0 0 0 0 0 77 0 0 5751575 10227356 8944250 0 0 0 9817835 0 0 0 0 
0 0 0 0 0 0 0 0 0 0 0 0 0 0 0 0 0 0 0 0 0 0 0 3 0 36684 36683 0 0 77 0 0 0 19181922 5748128 0 0 0 0 0 9819884 0 0 0 
0 0 0 0 0 0 0 0 0 0 0 0 0 0 0 0 0 0 0 0 0 0 0 3 36718 0 0 0 0 0 77 0 0 5791508 10278006 8988047 0 0 0 9881832 0 0 0 0 
0 0 0 0 0 0 0 0 0 0 0 0 0 0 0 0 0 0 0 0 0 0 0 3 0 36708 36707 0 0 77 0 0 0 19276393 5788031 0 0 0 0 0 9883904 0 0 0 
0 0 0 0 0 0 0 0 0 0 0 0 0 0 0 0 0 0 0 0 0 0 0 3 36730 0 0 0 0 0 77 0 0 5850175 10361438 9065618 0 0 0 9962465 0 0 0 0 
0 0 0 0 0 0 0 0 0 0 0 0 0 0 0 0 0 0 0 0 0 0 0 3 0 36720 36719 0 0 77 0 0 0 19437352 5846650 0 0 0 0 0 9964539 0 0 0 
0 0 0 0 0 0 0 0 0 0 0 0 0 0 0 0 0 0 0 0 0 0 0 3 36742 0 0 0 0 0 77 0 0 5900562 10445215 9145008 0 0 0 10035651 0 0 0 0 
0 0 0 0 0 0 0 0 0 0 0 0 0 0 0 0 0 0 0 0 0 0 0 3 0 36732 36731 0 0 77 0 0 0 19600455 5897025 0 0 0 0 0 10037742 0 0 0 
0 0 0 0 0 0 0 0 0 0 0 0 0 0 0 0 0 0 0 0 0 0 0 3 36766 0 0 0 0 0 77 0 0 5925922 10479189 9174271 0 0 0 10080411 0 0 0 0 
0 0 0 0 0 0 0 0 0 0 0 0 0 0 0 0 0 0 0 0 0 0 0 3 0 36756 36755 0 0 77 0 0 0 19663730 5922368 0 0 0 0 0 10082522 0 0 0 
0 0 0 0 0 0 0 0 0 0 0 0 0 0 0 0 0 0 0 0 0 0 0 3 36778 0 0 0 0 0 77 0 0 5979414 10566074 9256057 0 0 0 10156460 0 0 0 0 
0 0 0 0 0 0 0 0 0 0 0 0 0 0 0 0 0 0 0 0 0 0 0 3 0 36768 36767 0 0 77 0 0 0 19832362 5975824 0 0 0 0 0 10158590 0 0 0 
0 0 0 0 0 0 0 0 0 0 0 0 0 0 0 0 0 0 0 0 0 0 0 3 36778 0 0 0 0 0 77 0 0 6026351 10634997 9317722 0 0 0 10236333 0 0 0 0 
0 0 0 0 0 0 0 0 0 0 0 0 0 0 0 0 0 0 0 0 0 0 0 3 0 36768 36767 0 0 77 0 0 0 19963001 6022731 0 0 0 0 0 10238494 0 0 0 
0 0 0 0 0 0 0 0 0 0 0 0 0 0 0 0 0 0 0 0 0 0 0 3 36814 0 0 0 0 0 77 0 0 6055437 10685239 9365764 0 0 0 10276599 0 0 0 0 
0 0 0 0 0 0 0 0 0 0 0 0 0 0 0 0 0 0 0 0 0 0 0 3 0 36804 36803 0 0 77 0 0 0 20061252 6051798 0 0 0 0 0 10278752 0 0 0 
0 0 0 0 0 0 0 0 0 0 0 0 0 0 0 0 0 0 0 0 0 0 0 3 36814 0 0 0 0 0 77 0 0 6101570 10753703 9426752 0 0 0 10354814 0 0 0 0 
0 0 0 0 0 0 0 0 0 0 0 0 0 0 0 0 0 0 0 0 0 0 0 3 0 36804 36803 0 0 77 0 0 0 20190694 6097912 0 0 0 0 0 10356991 0 0 0 
0 0 0 0 0 0 0 0 0 0 0 0 0 0 0 0 0 0 0 0 0 0 0 3 36826 0 0 0 0 0 77 0 0 6164189 10836120 9503488 0 0 0 10439985 0 0 0 0 
0 0 0 0 0 0 0 0 0 0 0 0 0 0 0 0 0 0 0 0 0 0 0 3 0 36816 36815 0 0 77 0 0 0 20349837 6160493 0 0 0 0 0 10442194 0 0 0 
0 0 0 0 0 0 0 0 0 0 0 0 0 0 0 0 0 0 0 0 0 0 0 3 36838 0 0 0 0 0 77 0 0 6198547 10905296 9568068 0 0 0 10495668 0 0 0 0 
0 0 0 0 0 0 0 0 0 0 0 0 0 0 0 0 0 0 0 0 0 0 0 3 0 36828 36827 0 0 77 0 0 0 20483536 6194836 0 0 0 0 0 10497877 0 0 0 
0 0 0 0 0 0 0 0 0 0 0 0 0 0 0 0 0 0 0 0 0 0 0 3 36862 0 0 0 0 0 77 0 0 6237203 10952603 9608983 0 0 0 10556936 0 0 0 0 
0 0 0 0 0 0 0 0 0 0 0 0 0 0 0 0 0 0 0 0 0 0 0 3 0 36852 36851 0 0 77 0 0 0 20571773 6233475 0 0 0 0 0 10559174 0 0 0 
0 0 0 0 0 0 0 0 0 0 0 0 0 0 0 0 0 0 0 0 0 0 0 3 36874 0 0 0 0 0 77 0 0 6297372 11040043 9690286 0 0 0 10639613 0 0 0 0 
0 0 0 0 0 0 0 0 0 0 0 0 0 0 0 0 0 0 0 0 0 0 0 3 0 36864 36863 0 0 77 0 0 0 20740488 6293616 0 0 0 0 0 10641869 0 0 0 
0 0 0 0 0 0 0 0 0 0 0 0 0 0 0 0 0 0 0 0 0 0 0 3 36874 0 0 0 0 0 77 0 0 6345928 11123212 9767888 0 0 0 10714073 0 0 0 0 
0 0 0 0 0 0 0 0 0 0 0 0 0 0 0 0 0 0 0 0 0 0 0 3 0 36868 36863 0 0 77 0 0 0 20901202 6342147 0 0 0 0 0 10716339 0 0 0 
0 0 0 0 0 0 0 0 0 0 0 0 0 0 0 0 0 0 0 0 0 0 0 3 36910 0 0 0 0 0 77 0 0 6371708 11158166 9799091 0 0 0 10759263 0 0 0 0 
0 0 0 0 0 0 0 0 0 0 0 0 0 0 0 0 0 0 0 0 0 0 0 3 0 36900 36899 0 0 77 0 0 0 20967375 6367914 0 0 0 0 0 10761541 0 0 0 
0 0 0 0 0 0 0 0 0 0 0 0 0 0 0 0 0 0 0 0 0 0 0 3 36922 0 0 0 0 0 77 0 0 6425702 11246334 9880097 0 0 0 10835384 0 0 0 0 
0 0 0 0 0 0 0 0 0 0 0 0 0 0 0 0 0 0 0 0 0 0 0 3 0 36912 36911 0 0 77 0 0 0 21136507 6421886 0 0 0 0 0 10837675 0 0 0 
0 0 0 0 0 0 0 0 0 0 0 0 0 0 0 0 0 0 0 0 0 0 0 3 36922 0 0 0 0 0 77 0 0 6472745 11314974 9941715 0 0 0 10916103 0 0 0 0 
0 0 0 0 0 0 0 0 0 0 0 0 0 0 0 0 0 0 0 0 0 0 0 3 0 36912 36911 0 0 77 0 0 0 21266785 6468908 0 0 0 0 0 10918423 0 0 0 
0 0 0 0 0 0 0 0 0 0 0 0 0 0 0 0 0 0 0 0 0 0 0 3 36946 0 0 0 0 0 77 0 0 6496939 11364255 9989328 0 0 0 10954536 0 0 0 0 
0 0 0 0 0 0 0 0 0 0 0 0 0 0 0 0 0 0 0 0 0 0 0 3 0 36936 36935 0 0 77 0 0 0 21363615 6493092 0 0 0 0 0 10956853 0 0 0 
0 0 0 0 0 0 0 0 0 0 0 0 0 0 0 0 0 0 0 0 0 0 0 3 36958 0 0 0 0 0 77 0 0 6544129 11429167 10045623 0 0 0 11031566 0 0 0 0 
0 0 0 0 0 0 0 0 0 0 0 0 0 0 0 0 0 0 0 0 0 0 0 3 0 36948 36947 0 0 77 0 0 0 21484844 6540252 0 0 0 0 0 11033909 0 0 0 
0 0 0 0 0 0 0 0 0 0 0 0 0 0 0 0 0 0 0 0 0 0 0 3 36970 0 0 0 0 0 77 0 0 6607493 11512843 10123235 0 0 0 11116620 0 0 0 0 
0 0 0 0 0 0 0 0 0 0 0 0 0 0 0 0 0 0 0 0 0 0 0 3 0 36960 36959 0 0 77 0 0 0 21646118 6603577 0 0 0 0 0 11118986 0 0 0 
0 0 0 0 0 0 0 0 0 0 0 0 0 0 0 0 0 0 0 0 0 0 0 3 36982 0 0 0 0 0 77 0 0 6645506 11586423 10192532 0 0 0 11176667 0 0 0 0 
0 0 0 0 0 0 0 0 0 0 0 0 0 0 0 0 0 0 0 0 0 0 0 3 0 36972 36971 0 0 77 0 0 0 21788923 6641577 0 0 0 0 0 11179034 0 0 0 
0 0 0 0 0 0 0 0 0 0 0 0 0 0 0 0 0 0 0 0 0 0 0 3 37006 0 0 0 0 0 77 0 0 6679696 11627276 10227837 0 0 0 11232261 0 0 0 0 
0 0 0 0 0 0 0 0 0 0 0 0 0 0 0 0 0 0 0 0 0 0 0 3 0 36996 36995 0 0 77 0 0 0 21865071 6675751 0 0 0 0 0 11234635 0 0 0 
0 0 0 0 0 0 0 0 0 0 0 0 0 0 0 0 0 0 0 0 0 0 0 3 37018 0 0 0 0 0 77 0 0 6732934 11712861 10308198 0 0 0 11307861 0 0 0 0 
0 0 0 0 0 0 0 0 0 0 0 0 0 0 0 0 0 0 0 0 0 0 0 3 0 37008 37007 0 0 77 0 0 0 22030976 6728961 0 0 0 0 0 11310255 0 0 0 
0 0 0 0 0 0 0 0 0 0 0 0 0 0 0 0 0 0 0 0 0 0 0 3 37018 0 0 0 0 0 77 0 0 6785883 11793588 10381951 0 0 0 11387144 0 0 0 0 
0 0 0 0 0 0 0 0 0 0 0 0 0 0 0 0 0 0 0 0 0 0 0 3 0 37008 37007 0 0 77 0 0 0 22185424 6781891 0 0 0 0 0 11389549 0 0 0 
0 0 0 0 0 0 0 0 0 0 0 0 0 0 0 0 0 0 0 0 0 0 0 3 37054 0 0 0 0 0 77 0 0 6809691 11834293 10418533 0 0 0 11429969 0 0 0 0 
0 0 0 0 0 0 0 0 0 0 0 0 0 0 0 0 0 0 0 0 0 0 0 3 0 37044 37043 0 0 77 0 0 0 22262724 6805684 0 0 0 0 0 11432377 0 0 0 
0 0 0 0 0 0 0 0 0 0 0 0 0 0 0 0 0 0 0 0 0 0 0 3 37054 0 0 0 0 0 77 0 0 6860004 11915164 10492888 0 0 0 11509638 0 0 0 0 
0 0 0 0 0 0 0 0 0 0 0 0 0 0 0 0 0 0 0 0 0 0 0 3 0 37044 37043 0 0 77 0 0 0 22417915 6855980 0 0 0 0 0 11512060 0 0 0 
0 0 0 0 0 0 0 0 0 0 0 0 0 0 0 0 0 0 0 0 0 0 0 3 37066 0 0 0 0 0 77 0 0 6912844 11986325 10557597 0 0 0 11589423 0 0 0 0 
0 0 0 0 0 0 0 0 0 0 0 0 0 0 0 0 0 0 0 0 0 0 0 3 0 37056 37055 0 0 77 0 0 0 22553822 6908792 0 0 0 0 0 11591874 0 0 0 
0 0 0 0 0 0 0 0 0 0 0 0 0 0 0 0 0 0 0 0 0 0 0 3 37078 0 0 0 0 0 77 0 0 6943480 12049524 10616240 0 0 0 11639695 0 0 0 0 
0 0 0 0 0 0 0 0 0 0 0 0 0 0 0 0 0 0 0 0 0 0 0 3 0 37068 37067 0 0 77 0 0 0 22675611 6939412 0 0 0 0 0 11642146 0 0 0 
0 0 0 0 0 0 0 0 0 0 0 0 0 0 0 0 0 0 0 0 0 0 0 3 37102 0 0 0 0 0 77 0 0 6981357 12095116 10655063 0 0 0 11699416 0 0 0 0 
0 0 0 0 0 0 0 0 0 0 0 0 0 0 0 0 0 0 0 0 0 0 0 3 0 37092 37091 0 0 77 0 0 0 22760047 6977259 0 0 0 0 0 11701889 0 0 0 
0 0 0 0 0 0 0 0 0 0 0 0 0 0 0 0 0 0 0 0 0 0 0 3 37114 0 0 0 0 0 77 0 0 7037008 12178460 10733598 0 0 0 11776308 0 0 0 0 
0 0 0 0 0 0 0 0 0 0 0 0 0 0 0 0 0 0 0 0 0 0 0 3 0 37104 37103 0 0 77 0 0 0 22921883 7032883 0 0 0 0 0 11778793 0 0 0 
0 0 0 0 0 0 0 0 0 0 0 0 0 0 0 0 0 0 0 0 0 0 0 3 37114 0 0 0 0 0 77 0 0 7090033 12264414 10813920 0 0 0 11855147 0 0 0 0 
0 0 0 0 0 0 0 0 0 0 0 0 0 0 0 0 0 0 0 0 0 0 0 3 0 37108 37103 0 0 77 0 0 0 23088124 7085885 0 0 0 0 0 11857648 0 0 0 
0 0 0 0 0 0 0 0 0 0 0 0 0 0 0 0 0 0 0 0 0 0 0 3 37150 0 0 0 0 0 77 0 0 7108243 12295720 10840187 0 0 0 11892432 0 0 0 0 
0 0 0 0 0 0 0 0 0 0 0 0 0 0 0 0 0 0 0 0 0 0 0 3 0 37140 37139 0 0 77 0 0 0 23145704 7104086 0 0 0 0 0 11894933 0 0 0 
0 0 0 0 0 0 0 0 0 0 0 0 0 0 0 0 0 0 0 0 0 0 0 3 37150 0 0 0 0 0 77 0 0 7160773 12377665 10915334 0 0 0 11970533 0 0 0 0 
0 0 0 0 0 0 0 0 0 0 0 0 0 0 0 0 0 0 0 0 0 0 0 3 0 37140 37139 0 0 77 0 0 0 23302768 7156586 0 0 0 0 0 11973068 0 0 0 
0 0 0 0 0 0 0 0 0 0 0 0 0 0 0 0 0 0 0 0 0 0 0 3 37162 0 0 0 0 0 77 0 0 7212550 12448233 10978735 0 0 0 12050861 0 0 0 0 
0 0 0 0 0 0 0 0 0 0 0 0 0 0 0 0 0 0 0 0 0 0 0 3 0 37152 37151 0 0 77 0 0 0 23436749 7208344 0 0 0 0 0 12053419 0 0 0 
0 0 0 0 0 0 0 0 0 0 0 0 0 0 0 0 0 0 0 0 0 0 0 3 37174 0 0 0 0 0 77 0 0 7241482 12505992 11034159 0 0 0 12096102 0 0 0 0 
0 0 0 0 0 0 0 0 0 0 0 0 0 0 0 0 0 0 0 0 0 0 0 3 0 37176 37163 0 0 77 0 0 0 23549871 7237258 0 0 0 0 0 12098655 0 0 0 
0 0 0 0 0 0 0 0 0 0 0 0 0 0 0 0 0 0 0 0 0 0 0 3 37198 0 0 0 0 0 77 0 0 7285975 12565614 11085346 0 0 0 12169141 0 0 0 0 
0 0 0 0 0 0 0 0 0 0 0 0 0 0 0 0 0 0 0 0 0 0 0 3 0 37188 37187 0 0 77 0 0 0 23660725 7281728 0 0 0 0 0 12171714 0 0 0 
0 0 0 0 0 0 0 0 0 0 0 0 0 0 0 0 0 0 0 0 0 0 0 3 37210 0 0 0 0 0 77 0 0 7349830 12650007 11163503 0 0 0 12253917 0 0 0 0 
0 0 0 0 0 0 0 0 0 0 0 0 0 0 0 0 0 0 0 0 0 0 0 3 0 37200 37199 0 0 77 0 0 0 23823260 7345547 0 0 0 0 0 12256506 0 0 0 
0 0 0 0 0 0 0 0 0 0 0 0 0 0 0 0 0 0 0 0 0 0 0 3 37222 0 0 0 0 0 77 0 0 7390446 12726827 11238749 0 0 0 12316901 0 0 0 0 
0 0 0 0 0 0 0 0 0 0 0 0 0 0 0 0 0 0 0 0 0 0 0 3 0 37212 37211 0 0 77 0 0 0 23975278 7386152 0 0 0 0 0 12319492 0 0 0 
0 0 0 0 0 0 0 0 0 0 0 0 0 0 0 0 0 0 0 0 0 0 0 3 37246 0 0 0 0 0 77 0 0 7412163 12757930 11264152 0 0 0 12357235 0 0 0 0 
0 0 0 0 0 0 0 0 0 0 0 0 0 0 0 0 0 0 0 0 0 0 0 3 0 37236 37235 0 0 77 0 0 0 24031804 7407849 0 0 0 0 0 12359841 0 0 0 
0 0 0 0 0 0 0 0 0 0 0 0 0 0 0 0 0 0 0 0 0 0 0 3 37246 0 0 0 0 0 77 0 0 7462172 12841842 11342842 0 0 0 12432744 0 0 0 0 
0 0 0 0 0 0 0 0 0 0 0 0 0 0 0 0 0 0 0 0 0 0 0 3 0 37240 37235 0 0 77 0 0 0 24194347 7457836 0 0 0 0 0 12435368 0 0 0 
0 0 0 0 0 0 0 0 0 0 0 0 0 0 0 0 0 0 0 0 0 0 0 3 37258 0 0 0 0 0 77 0 0 7512106 12910349 11403141 0 0 0 12512526 0 0 0 0 
0 0 0 0 0 0 0 0 0 0 0 0 0 0 0 0 0 0 0 0 0 0 0 3 0 37248 37247 0 0 77 0 0 0 24323162 7507753 0 0 0 0 0 12515178 0 0 0 
0 0 0 0 0 0 0 0 0 0 0 0 0 0 0 0 0 0 0 0 0 0 0 3 37282 0 0 0 0 0 77 0 0 7539854 12964798 11455291 0 0 0 12554833 0 0 0 0 
0 0 0 0 0 0 0 0 0 0 0 0 0 0 0 0 0 0 0 0 0 0 0 3 0 37272 37271 0 0 77 0 0 0 24429704 7535483 0 0 0 0 0 12557485 0 0 0 
0 0 0 0 0 0 0 0 0 0 0 0 0 0 0 0 0 0 0 0 0 0 0 3 37294 0 0 0 0 0 77 0 0 7585588 13028591 11509915 0 0 0 12631138 0 0 0 0 
0 0 0 0 0 0 0 0 0 0 0 0 0 0 0 0 0 0 0 0 0 0 0 3 0 37284 37283 0 0 77 0 0 0 24548131 7581198 0 0 0 0 0 12633832 0 0 0 
0 0 0 0 0 0 0 0 0 0 0 0 0 0 0 0 0 0 0 0 0 0 0 3 37306 0 0 0 0 0 77 0 0 7648191 13111013 11586671 0 0 0 12715163 0 0 0 0 
0 0 0 0 0 0 0 0 0 0 0 0 0 0 0 0 0 0 0 0 0 0 0 3 0 37296 37295 0 0 77 0 0 0 24707301 7643776 0 0 0 0 0 12717885 0 0 0 
0 0 0 0 0 0 0 0 0 0 0 0 0 0 0 0 0 0 0 0 0 0 0 3 37318 0 0 0 0 0 77 0 0 7688419 13188328 11659941 0 0 0 12778296 0 0 0 0 
0 0 0 0 0 0 0 0 0 0 0 0 0 0 0 0 0 0 0 0 0 0 0 3 0 37308 37307 0 0 77 0 0 0 24857828 7683977 0 0 0 0 0 12781020 0 0 0 
0 0 0 0 0 0 0 0 0 0 0 0 0 0 0 0 0 0 0 0 0 0 0 3 37342 0 0 0 0 0 77 0 0 7712607 13222989 11686912 0 0 0 12823553 0 0 0 0 
0 0 0 0 0 0 0 0 0 0 0 0 0 0 0 0 0 0 0 0 0 0 0 3 0 37332 37331 0 0 77 0 0 0 24919490 7708146 0 0 0 0 0 12826291 0 0 0 
0 0 0 0 0 0 0 0 0 0 0 0 0 0 0 0 0 0 0 0 0 0 0 3 37342 0 0 0 0 0 77 0 0 7763326 13308384 11767456 0 0 0 12898031 0 0 0 0 
0 0 0 0 0 0 0 0 0 0 0 0 0 0 0 0 0 0 0 0 0 0 0 3 0 37341 37331 0 0 77 0 0 0 25085371 7758847 0 0 0 0 0 12900779 0 0 0 
0 0 0 0 0 0 0 0 0 0 0 0 0 0 0 0 0 0 0 0 0 0 0 3 37354 0 0 0 0 0 77 0 0 7810907 13375091 11825619 0 0 0 12976813 0 0 0 0 
0 0 0 0 0 0 0 0 0 0 0 0 0 0 0 0 0 0 0 0 0 0 0 3 0 37344 37343 0 0 77 0 0 0 25210271 7806409 0 0 0 0 0 12979592 0 0 0 
0 0 0 0 0 0 0 0 0 0 0 0 0 0 0 0 0 0 0 0 0 0 0 3 37366 0 0 0 0 0 77 0 0 7837415 13426215 11876524 0 0 0 13016141 0 0 0 0 
0 0 0 0 0 0 0 0 0 0 0 0 0 0 0 0 0 0 0 0 0 0 0 3 0 37362 37355 0 0 77 0 0 0 25312249 7832911 0 0 0 0 0 13018917 0 0 0 
0 0 0 0 0 0 0 0 0 0 0 0 0 0 0 0 0 0 0 0 0 0 0 3 37390 0 0 0 0 0 77 0 0 7878881 13479159 11922405 0 0 0 13082374 0 0 0 0 
0 0 0 0 0 0 0 0 0 0 0 0 0 0 0 0 0 0 0 0 0 0 0 3 0 37380 37379 0 0 77 0 0 0 25411085 7874357 0 0 0 0 0 13085189 0 0 0 
0 0 0 0 0 0 0 0 0 0 0 0 0 0 0 0 0 0 0 0 0 0 0 3 37402 0 0 0 0 0 77 0 0 7939618 13562540 12000738 0 0 0 13164466 0 0 0 0 
0 0 0 0 0 0 0 0 0 0 0 0 0 0 0 0 0 0 0 0 0 0 0 3 0 37392 37391 0 0 77 0 0 0 25572777 7935069 0 0 0 0 0 13167293 0 0 0 
0 0 0 0 0 0 0 0 0 0 0 0 0 0 0 0 0 0 0 0 0 0 0 3 37414 0 0 0 0 0 77 0 0 7986385 13644707 12077616 0 0 0 13234570 0 0 0 0 
0 0 0 0 0 0 0 0 0 0 0 0 0 0 0 0 0 0 0 0 0 0 0 3 0 37404 37402 0 0 77 0 0 0 25731750 7981822 0 0 0 0 0 13237399 0 0 0 
<====
0 0 0 0 0 0 0 0 0 0 0 0 0 0 0 0 0 0 0 0 0 0 0 3 37414 0 0 0 0 0 77 0 0 7986795 13657267 12085552 0 0 0 13247150 0 0 0 0 
0 0 0 0 0 0 0 0 0 0 0 0 0 0 0 0 0 0 0 0 0 0 0 3 0 37416 37402 0 0 77 0 0 0 25752246 7982232 0 0 0 0 0 13249979 0 0 0 
0 0 0 0 0 0 0 0 0 0 0 0 0 0 0 0 0 0 0 0 0 0 0 3 37414 0 0 0 0 0 77 0 0 7986795 13657267 12085552 0 0 0 13247150 0 0 0 0 
0 0 0 0 0 0 0 0 0 0 0 0 0 0 0 0 0 0 0 0 0 0 0 3 0 37416 37402 0 0 77 0 0 0 25752246 7982232 0 0 0 0 0 13249979 0 0 0 
0 0 0 0 0 0 0 0 0 0 0 0 0 0 0 0 0 0 0 0 0 0 0 3 37414 0 0 0 0 0 77 0 0 7986795 13657267 12085552 0 0 0 13247150 0 0 0 0 
0 0 0 0 0 0 0 0 0 0 0 0 0 0 0 0 0 0 0 0 0 0 0 3 0 37416 37402 0 0 77 0 0 0 25752246 7982232 0 0 0 0 0 13249979 0 0 0 
0 0 0 0 0 0 0 0 0 0 0 0 0 0 0 0 0 0 0 0 0 0 0 3 37414 0 0 0 0 0 77 0 0 7986795 13657267 12085552 0 0 0 13247150 0 0 0 0 
0 0 0 0 0 0 0 0 0 0 0 0 0 0 0 0 0 0 0 0 0 0 0 3 0 37416 37402 0 0 77 0 0 0 25752246 7982232 0 0 0 0 0 13249979 0 0 0 
0 0 0 0 0 0 0 0 0 0 0 0 0 0 0 0 0 0 0 0 0 0 0 3 37414 0 0 0 0 0 77 0 0 7986795 13657267 12085552 0 0 0 13247150 0 0 0 0 
0 0 0 0 0 0 0 0 0 0 0 0 0 0 0 0 0 0 0 0 0 0 0 3 0 37416 37402 0 0 77 0 0 0 25752246 7982232 0 0 0 0 0 13249979 0 0 0 
0 0 0 0 0 0 0 0 0 0 0 0 0 0 0 0 0 0 0 0 0 0 0 3 37414 0 0 0 0 0 77 0 0 7986795 13657267 12085552 0 0 0 13247150 0 0 0 0 
0 0 0 0 0 0 0 0 0 0 0 0 0 0 0 0 0 0 0 0 0 0 0 3 0 37416 37402 0 0 77 0 0 0 25752246 7982232 0 0 0 0 0 13249979 0 0 0 
