0 0 0 0 0 0 0 0 0 0 0 0 0 0 0 0 0 0 0 0 0 0 0 3 0 12470 12467 0 0 26 0 0 0 8597157 2730389 0 0 0 0 0 4448675 0 0 0 
0 0 0 0 0 0 0 0 0 0 0 0 0 0 0 0 0 0 0 0 0 0 0 3 12470 0 0 0 0 0 26 0 0 2730197 4581145 4014890 0 0 0 4449027 0 0 0 0 
0 0 0 0 0 0 0 0 0 0 0 0 0 0 0 0 0 0 0 0 0 0 0 3 0 12470 12467 0 0 26 0 0 0 8597157 2730389 0 0 0 0 0 4448675 0 0 0 
0 0 0 0 0 0 0 0 0 0 0 0 0 0 0 0 0 0 0 0 0 0 0 3 12470 0 0 0 0 0 26 0 0 2730197 4581145 4014890 0 0 0 4449027 0 0 0 0 
0 0 0 0 0 0 0 0 0 0 0 0 0 0 0 0 0 0 0 0 0 0 0 3 0 12470 12467 0 0 26 0 0 0 8597157 2730389 0 0 0 0 0 4448675 0 0 0 
0 0 0 0 0 0 0 0 0 0 0 0 0 0 0 0 0 0 0 0 0 0 0 3 12470 0 0 0 0 0 26 0 0 2730197 4581145 4014890 0 0 0 4449027 0 0 0 0 
0 0 0 0 0 0 0 0 0 0 0 0 0 0 0 0 0 0 0 0 0 0 0 3 0 12470 12467 0 0 26 0 0 0 8597157 2730389 0 0 0 0 0 4448675 0 0 0 
0 0 0 0 0 0 0 0 0 0 0 0 0 0 0 0 0 0 0 0 0 0 0 3 12470 0 0 0 0 0 26 0 0 2730197 4581145 4014890 0 0 0 4449027 0 0 0 0 
0 0 0 0 0 0 0 0 0 0 0 0 0 0 0 0 0 0 0 0 0 0 0 3 0 12470 12467 0 0 26 0 0 0 8597157 2730389 0 0 0 0 0 4448675 0 0 0 
0 0 0 0 0 0 0 0 0 0 0 0 0 0 0 0 0 0 0 0 0 0 0 3 12470 0 0 0 0 0 26 0 0 2730197 4581145 4014890 0 0 0 4449027 0 0 0 0 
====>
0 0 0 0 0 0 0 0 0 0 0 0 0 0 0 0 0 0 0 0 0 0 0 3 0 12470 12467 0 0 26 0 0 0 8597157 2730389 0 0 0 0 0 4448675 0 0 0 
0 0 0 0 0 0 0 0 0 0 0 0 0 0 0 0 0 0 0 0 0 0 0 3 12470 0 0 0 0 0 26 0 0 2730197 4581145 4014890 0 0 0 4449027 0 0 0 0 
0 0 0 0 0 0 0 0 0 0 0 0 0 0 0 0 0 0 0 0 0 0 0 3 0 12470 12467 0 0 26 0 0 0 8597157 2730389 0 0 0 0 0 4448675 0 0 0 
0 0 0 0 0 0 0 0 0 0 0 0 0 0 0 0 0 0 0 0 0 0 0 3 12470 0 0 0 0 0 26 0 0 2730197 4581145 4014890 0 0 0 4449027 0 0 0 0 
0 0 0 0 0 0 0 0 0 0 0 0 0 0 0 0 0 0 0 0 0 0 0 3 0 12470 12467 0 0 26 0 0 0 8597157 2730389 0 0 0 0 0 4448675 0 0 0 
0 0 0 0 0 0 0 0 0 0 0 0 0 0 0 0 0 0 0 0 0 0 0 3 12470 0 0 0 0 0 26 0 0 2730197 4581145 4014890 0 0 0 4449027 0 0 0 0 
0 0 0 0 0 0 0 0 0 0 0 0 0 0 0 0 0 0 0 0 0 0 0 3 0 12470 12467 0 0 26 0 0 0 8597157 2730389 0 0 0 0 0 4448675 0 0 0 
0 0 0 0 0 0 0 0 0 0 0 0 0 0 0 0 0 0 0 0 0 0 0 3 12470 0 0 0 0 0 26 0 0 2730197 4581145 4014890 0 0 0 4449027 0 0 0 0 
0 0 0 0 0 0 0 0 0 0 0 0 0 0 0 0 0 0 0 0 0 0 0 3 0 12470 12467 0 0 26 0 0 0 8597157 2730389 0 0 0 0 0 4448675 0 0 0 
0 0 0 0 0 0 0 0 0 0 0 0 0 0 0 0 0 0 0 0 0 0 0 3 12470 0 0 0 0 0 26 0 0 2730197 4581145 4014890 0 0 0 4449027 0 0 0 0 
0 0 0 0 0 0 0 0 0 0 0 0 0 0 0 0 0 0 0 0 0 0 0 3 0 12470 12467 0 0 26 0 0 0 8597157 2730389 0 0 0 0 0 4448675 0 0 0 
0 0 0 0 0 0 0 0 0 0 0 0 0 0 0 0 0 0 0 0 0 0 0 3 12470 0 0 0 0 0 26 0 0 2730197 4581145 4014890 0 0 0 4449027 0 0 0 0 
0 0 0 0 0 0 0 0 0 0 0 0 0 0 0 0 0 0 0 0 0 0 0 3 0 12470 12467 0 0 26 0 0 0 8597157 2730389 0 0 0 0 0 4448675 0 0 0 
0 0 0 0 0 0 0 0 0 0 0 0 0 0 0 0 0 0 0 0 0 0 0 3 12470 0 0 0 0 0 26 0 0 2730197 4581145 4014890 0 0 0 4449027 0 0 0 0 
0 0 0 0 0 0 0 0 0 0 0 0 0 0 0 0 0 0 0 0 0 0 0 3 0 12470 12467 0 0 26 0 0 0 8597157 2730389 0 0 0 0 0 4448675 0 0 0 
0 0 0 0 0 0 0 0 0 0 0 0 0 0 0 0 0 0 0 0 0 0 0 3 12470 0 0 0 0 0 26 0 0 2730197 4581145 4014890 0 0 0 4449027 0 0 0 0 
0 0 0 0 0 0 0 0 0 0 0 0 0 0 0 0 0 0 0 0 0 0 0 3 0 12470 12467 0 0 26 0 0 0 8597157 2730389 0 0 0 0 0 4448675 0 0 0 
0 0 0 0 0 0 0 0 0 0 0 0 0 0 0 0 0 0 0 0 0 0 0 3 12470 0 0 0 0 0 26 0 0 2730197 4581145 4014890 0 0 0 4449027 0 0 0 0 
0 0 0 0 0 0 0 0 0 0 0 0 0 0 0 0 0 0 0 0 0 0 0 3 0 12470 12467 0 0 26 0 0 0 8597157 2730389 0 0 0 0 0 4448675 0 0 0 
0 0 0 0 0 0 0 0 0 0 0 0 0 0 0 0 0 0 0 0 0 0 0 3 12470 0 0 0 0 0 26 0 0 2730197 4581145 4014890 0 0 0 4449027 0 0 0 0 
0 0 0 0 0 0 0 0 0 0 0 0 0 0 0 0 0 0 0 0 0 0 0 3 0 12470 12467 0 0 26 0 0 0 8597157 2730389 0 0 0 0 0 4448675 0 0 0 
0 0 0 0 0 0 0 0 0 0 0 0 0 0 0 0 0 0 0 0 0 0 0 3 12470 0 0 0 0 0 26 0 0 2730197 4581145 4014890 0 0 0 4449027 0 0 0 0 
0 0 0 0 0 0 0 0 0 0 0 0 0 0 0 0 0 0 0 0 0 0 0 3 0 12470 12467 0 0 26 0 0 0 8597157 2730389 0 0 0 0 0 4448675 0 0 0 
0 0 0 0 0 0 0 0 0 0 0 0 0 0 0 0 0 0 0 0 0 0 0 3 12470 0 0 0 0 0 26 0 0 2730197 4581145 4014890 0 0 0 4449027 0 0 0 0 
0 0 0 0 0 0 0 0 0 0 0 0 0 0 0 0 0 0 0 0 0 0 0 3 0 12470 12467 0 0 26 0 0 0 8597157 2730389 0 0 0 0 0 4448675 0 0 0 
0 0 0 0 0 0 0 0 0 0 0 0 0 0 0 0 0 0 0 0 0 0 0 3 12470 0 0 0 0 0 26 0 0 2730197 4581145 4014890 0 0 0 4449027 0 0 0 0 
0 0 0 0 0 0 0 0 0 0 0 0 0 0 0 0 0 0 0 0 0 0 0 3 0 12470 12467 0 0 26 0 0 0 8597157 2730389 0 0 0 0 0 4448675 0 0 0 
0 0 0 0 0 0 0 0 0 0 0 0 0 0 0 0 0 0 0 0 0 0 0 3 12470 0 0 0 0 0 26 0 0 2730197 4581145 4014890 0 0 0 4449027 0 0 0 0 
0 0 0 0 0 0 0 0 0 0 0 0 0 0 0 0 0 0 0 0 0 0 0 3 0 12470 12467 0 0 26 0 0 0 8597157 2730389 0 0 0 0 0 4448675 0 0 0 
0 0 0 0 0 0 0 0 0 0 0 0 0 0 0 0 0 0 0 0 0 0 0 3 12470 0 0 0 0 0 26 0 0 2730197 4581145 4014890 0 0 0 4449027 0 0 0 0 
0 0 0 0 0 0 0 0 0 0 0 0 0 0 0 0 0 0 0 0 0 0 0 3 0 12470 12467 0 0 26 0 0 0 8597157 2730389 0 0 0 0 0 4448675 0 0 0 
0 0 0 0 0 0 0 0 0 0 0 0 0 0 0 0 0 0 0 0 0 0 0 3 12470 0 0 0 0 0 26 0 0 2730197 4581145 4014890 0 0 0 4449027 0 0 0 0 
0 0 0 0 0 0 0 0 0 0 0 0 0 0 0 0 0 0 0 0 0 0 0 3 0 12470 12467 0 0 26 0 0 0 8597157 2730389 0 0 0 0 0 4448675 0 0 0 
0 0 0 0 0 0 0 0 0 0 0 0 0 0 0 0 0 0 0 0 0 0 0 3 12470 0 0 0 0 0 26 0 0 2730197 4581145 4014890 0 0 0 4449027 0 0 0 0 
0 0 0 0 0 0 0 0 0 0 0 0 0 0 0 0 0 0 0 0 0 0 0 3 0 12470 12467 0 0 26 0 0 0 8597157 2730389 0 0 0 0 0 4448675 0 0 0 
0 0 0 0 0 0 0 0 0 0 0 0 0 0 0 0 0 0 0 0 0 0 0 3 12470 0 0 0 0 0 26 0 0 2730197 4581145 4014890 0 0 0 4449027 0 0 0 0 
0 0 0 0 0 0 0 0 0 0 0 0 0 0 0 0 0 0 0 0 0 0 0 3 0 12470 12467 0 0 26 0 0 0 8597157 2730389 0 0 0 0 0 4448675 0 0 0 
0 0 0 0 0 0 0 0 0 0 0 0 0 0 0 0 0 0 0 0 0 0 0 3 12470 0 0 0 0 0 26 0 0 2730197 4581145 4014890 0 0 0 4449027 0 0 0 0 
0 0 0 0 0 0 0 0 0 0 0 0 0 0 0 0 0 0 0 0 0 0 0 3 0 12470 12467 0 0 26 0 0 0 8597157 2730389 0 0 0 0 0 4448675 0 0 0 
0 0 0 0 0 0 0 0 0 0 0 0 0 0 0 0 0 0 0 0 0 0 0 3 12470 0 0 0 0 0 26 0 0 2730197 4581145 4014890 0 0 0 4449027 0 0 0 0 
0 0 0 0 0 0 0 0 0 0 0 0 0 0 0 0 0 0 0 0 0 0 0 3 0 12470 12467 0 0 26 0 0 0 8597157 2730389 0 0 0 0 0 4448675 0 0 0 
0 0 0 0 0 0 0 0 0 0 0 0 0 0 0 0 0 0 0 0 0 0 0 3 12470 0 0 0 0 0 26 0 0 2730197 4581145 4014890 0 0 0 4449027 0 0 0 0 
0 0 0 0 0 0 0 0 0 0 0 0 0 0 0 0 0 0 0 0 0 0 0 3 0 12470 12467 0 0 26 0 0 0 8597157 2730389 0 0 0 0 0 4448675 0 0 0 
0 0 0 0 0 0 0 0 0 0 0 0 0 0 0 0 0 0 0 0 0 0 0 3 12470 0 0 0 0 0 26 0 0 2730197 4581145 4014890 0 0 0 4449027 0 0 0 0 
0 0 0 0 0 0 0 0 0 0 0 0 0 0 0 0 0 0 0 0 0 0 0 3 0 12470 12467 0 0 26 0 0 0 8597157 2730389 0 0 0 0 0 4448675 0 0 0 
0 0 0 0 0 0 0 0 0 0 0 0 0 0 0 0 0 0 0 0 0 0 0 3 12470 0 0 0 0 0 26 0 0 2730197 4581145 4014890 0 0 0 4449027 0 0 0 0 
0 0 0 0 0 0 0 0 0 0 0 0 0 0 0 0 0 0 0 0 0 0 0 3 0 12470 12467 0 0 26 0 0 0 8597157 2730389 0 0 0 0 0 4448675 0 0 0 
0 0 0 0 0 0 0 0 0 0 0 0 0 0 0 0 0 0 0 0 0 0 0 3 12470 0 0 0 0 0 26 0 0 2730197 4581145 4014890 0 0 0 4449027 0 0 0 0 
0 0 0 0 0 0 0 0 0 0 0 0 0 0 0 0 0 0 0 0 0 0 0 3 0 12470 12467 0 0 26 0 0 0 8597157 2730389 0 0 0 0 0 4448675 0 0 0 
0 0 0 0 0 0 0 0 0 0 0 0 0 0 0 0 0 0 0 0 0 0 0 3 12470 0 0 0 0 0 26 0 0 2730197 4581145 4014890 0 0 0 4449027 0 0 0 0 
0 0 0 0 0 0 0 0 0 0 0 0 0 0 0 0 0 0 0 0 0 0 0 3 0 12470 12467 0 0 26 0 0 0 8597157 2730389 0 0 0 0 0 4448675 0 0 0 
0 0 0 0 0 0 0 0 0 0 0 0 0 0 0 0 0 0 0 0 0 0 0 3 12470 0 0 0 0 0 26 0 0 2730197 4581145 4014890 0 0 0 4449027 0 0 0 0 
0 0 0 0 0 0 0 0 0 0 0 0 0 0 0 0 0 0 0 0 0 0 0 3 0 12470 12467 0 0 26 0 0 0 8597157 2730389 0 0 0 0 0 4448675 0 0 0 
0 0 0 0 0 0 0 0 0 0 0 0 0 0 0 0 0 0 0 0 0 0 0 3 12470 0 0 0 0 0 26 0 0 2730197 4581145 4014890 0 0 0 4449027 0 0 0 0 
0 0 0 0 0 0 0 0 0 0 0 0 0 0 0 0 0 0 0 0 0 0 0 3 0 12470 12467 0 0 26 0 0 0 8597157 2730389 0 0 0 0 0 4448675 0 0 0 
0 0 0 0 0 0 0 0 0 0 0 0 0 0 0 0 0 0 0 0 0 0 0 3 12470 0 0 0 0 0 26 0 0 2730197 4581145 4014890 0 0 0 4449027 0 0 0 0 
0 0 0 0 0 0 0 0 0 0 0 0 0 0 0 0 0 0 0 0 0 0 0 3 0 12470 12467 0 0 26 0 0 0 8597157 2730389 0 0 0 0 0 4448675 0 0 0 
0 0 0 0 0 0 0 0 0 0 0 0 0 0 0 0 0 0 0 0 0 0 0 3 12470 0 0 0 0 0 26 0 0 2730197 4581145 4014890 0 0 0 4449027 0 0 0 0 
0 0 0 0 0 0 0 0 0 0 0 0 0 0 0 0 0 0 0 0 0 0 0 3 0 12470 12467 0 0 26 0 0 0 8597157 2730389 0 0 0 0 0 4448675 0 0 0 
0 0 0 0 0 0 0 0 0 0 0 0 0 0 0 0 0 0 0 0 0 0 0 3 12470 0 0 0 0 0 26 0 0 2730197 4581145 4014890 0 0 0 4449027 0 0 0 0 
0 0 0 0 0 0 0 0 0 0 0 0 0 0 0 0 0 0 0 0 0 0 0 3 0 12470 12467 0 0 26 0 0 0 8597157 2730389 0 0 0 0 0 4448675 0 0 0 
0 0 0 0 0 0 0 0 0 0 0 0 0 0 0 0 0 0 0 0 0 0 0 3 12470 0 0 0 0 0 26 0 0 2730197 4581145 4014890 0 0 0 4449027 0 0 0 0 
0 0 0 0 0 0 0 0 0 0 0 0 0 0 0 0 0 0 0 0 0 0 0 3 0 12470 12467 0 0 26 0 0 0 8597157 2730389 0 0 0 0 0 4448675 0 0 0 
0 0 0 0 0 0 0 0 0 0 0 0 0 0 0 0 0 0 0 0 0 0 0 3 12470 0 0 0 0 0 26 0 0 2730197 4581145 4014890 0 0 0 4449027 0 0 0 0 
0 0 0 0 0 0 0 0 0 0 0 0 0 0 0 0 0 0 0 0 0 0 0 3 0 12470 12467 0 0 26 0 0 0 8597157 2730389 0 0 0 0 0 4448675 0 0 0 
0 0 0 0 0 0 0 0 0 0 0 0 0 0 0 0 0 0 0 0 0 0 0 3 12470 0 0 0 0 0 26 0 0 2730197 4581145 4014890 0 0 0 4449027 0 0 0 0 
0 0 0 0 0 0 0 0 0 0 0 0 0 0 0 0 0 0 0 0 0 0 0 3 0 12470 12467 0 0 26 0 0 0 8597157 2730389 0 0 0 0 0 4448675 0 0 0 
0 0 0 0 0 0 0 0 0 0 0 0 0 0 0 0 0 0 0 0 0 0 0 3 12470 0 0 0 0 0 26 0 0 2730197 4581145 4014890 0 0 0 4449027 0 0 0 0 
0 0 0 0 0 0 0 0 0 0 0 0 0 0 0 0 0 0 0 0 0 0 0 3 0 12470 12467 0 0 26 0 0 0 8597157 2730389 0 0 0 0 0 4448675 0 0 0 
0 0 0 0 0 0 0 0 0 0 0 0 0 0 0 0 0 0 0 0 0 0 0 3 12470 0 0 0 0 0 26 0 0 2730197 4581145 4014890 0 0 0 4449027 0 0 0 0 
0 0 0 0 0 0 0 0 0 0 0 0 0 0 0 0 0 0 0 0 0 0 0 3 0 12470 12467 0 0 26 0 0 0 8597157 2730389 0 0 0 0 0 4448675 0 0 0 
0 0 0 0 0 0 0 0 0 0 0 0 0 0 0 0 0 0 0 0 0 0 0 3 12470 0 0 0 0 0 26 0 0 2730197 4581145 4014890 0 0 0 4449027 0 0 0 0 
0 0 0 0 0 0 0 0 0 0 0 0 0 0 0 0 0 0 0 0 0 0 0 3 0 12470 12467 0 0 26 0 0 0 8597157 2730389 0 0 0 0 0 4448675 0 0 0 
0 0 0 0 0 0 0 0 0 0 0 0 0 0 0 0 0 0 0 0 0 0 0 3 12470 0 0 0 0 0 26 0 0 2730197 4581145 4014890 0 0 0 4449027 0 0 0 0 
0 0 0 0 0 0 0 0 0 0 0 0 0 0 0 0 0 0 0 0 0 0 0 3 0 12470 12467 0 0 26 0 0 0 8597157 2730389 0 0 0 0 0 4448675 0 0 0 
0 0 0 0 0 0 0 0 0 0 0 0 0 0 0 0 0 0 0 0 0 0 0 3 12470 0 0 0 0 0 26 0 0 2730197 4581145 4014890 0 0 0 4449027 0 0 0 0 
0 0 0 0 0 0 0 0 0 0 0 0 0 0 0 0 0 0 0 0 0 0 0 3 0 12470 12467 0 0 26 0 0 0 8597157 2730389 0 0 0 0 0 4448675 0 0 0 
0 0 0 0 0 0 0 0 0 0 0 0 0 0 0 0 0 0 0 0 0 0 0 3 12470 0 0 0 0 0 26 0 0 2730197 4581145 4014890 0 0 0 4449027 0 0 0 0 
0 0 0 0 0 0 0 0 0 0 0 0 0 0 0 0 0 0 0 0 0 0 0 3 0 12470 12467 0 0 26 0 0 0 8597157 2730389 0 0 0 0 0 4448675 0 0 0 
0 0 0 0 0 0 0 0 0 0 0 0 0 0 0 0 0 0 0 0 0 0 0 3 12470 0 0 0 0 0 26 0 0 2730197 4581145 4014890 0 0 0 4449027 0 0 0 0 
0 0 0 0 0 0 0 0 0 0 0 0 0 0 0 0 0 0 0 0 0 0 0 3 0 12470 12467 0 0 26 0 0 0 8597157 2730389 0 0 0 0 0 4448675 0 0 0 
0 0 0 0 0 0 0 0 0 0 0 0 0 0 0 0 0 0 0 0 0 0 0 3 12470 0 0 0 0 0 26 0 0 2730197 4581145 4014890 0 0 0 4449027 0 0 0 0 
0 0 0 0 0 0 0 0 0 0 0 0 0 0 0 0 0 0 0 0 0 0 0 3 0 12470 12467 0 0 26 0 0 0 8597157 2730389 0 0 0 0 0 4448675 0 0 0 
0 0 0 0 0 0 0 0 0 0 0 0 0 0 0 0 0 0 0 0 0 0 0 3 12470 0 0 0 0 0 26 0 0 2730197 4581145 4014890 0 0 0 4449027 0 0 0 0 
0 0 0 0 0 0 0 0 0 0 0 0 0 0 0 0 0 0 0 0 0 0 0 3 0 12470 12467 0 0 26 0 0 0 8597157 2730389 0 0 0 0 0 4448675 0 0 0 
0 0 0 0 0 0 0 0 0 0 0 0 0 0 0 0 0 0 0 0 0 0 0 3 12470 0 0 0 0 0 26 0 0 2730197 4581145 4014890 0 0 0 4449027 0 0 0 0 
0 0 0 0 0 0 0 0 0 0 0 0 0 0 0 0 0 0 0 0 0 0 0 3 0 12470 12467 0 0 26 0 0 0 8597157 2730389 0 0 0 0 0 4448675 0 0 0 
0 0 0 0 0 0 0 0 0 0 0 0 0 0 0 0 0 0 0 0 0 0 0 3 12470 0 0 0 0 0 26 0 0 2730197 4581145 4014890 0 0 0 4449027 0 0 0 0 
0 0 0 0 0 0 0 0 0 0 0 0 0 0 0 0 0 0 0 0 0 0 0 3 0 12470 12467 0 0 26 0 0 0 8597157 2730389 0 0 0 0 0 4448675 0 0 0 
0 0 0 0 0 0 0 0 0 0 0 0 0 0 0 0 0 0 0 0 0 0 0 3 12470 0 0 0 0 0 26 0 0 2730197 4581145 4014890 0 0 0 4449027 0 0 0 0 
0 0 0 0 0 0 0 0 0 0 0 0 0 0 0 0 0 0 0 0 0 0 0 3 0 12470 12467 0 0 26 0 0 0 8597157 2730389 0 0 0 0 0 4448675 0 0 0 
0 0 0 0 0 0 0 0 0 0 0 0 0 0 0 0 0 0 0 0 0 0 0 3 12470 0 0 0 0 0 26 0 0 2730197 4581145 4014890 0 0 0 4449027 0 0 0 0 
0 0 0 0 0 0 0 0 0 0 0 0 0 0 0 0 0 0 0 0 0 0 0 3 0 12470 12467 0 0 26 0 0 0 8597157 2730389 0 0 0 0 0 4448675 0 0 0 
0 0 0 0 0 0 0 0 0 0 0 0 0 0 0 0 0 0 0 0 0 0 0 3 12470 0 0 0 0 0 26 0 0 2730197 4581145 4014890 0 0 0 4449027 0 0 0 0 
0 0 0 0 0 0 0 0 0 0 0 0 0 0 0 0 0 0 0 0 0 0 0 3 0 12470 12467 0 0 26 0 0 0 8597157 2730389 0 0 0 0 0 4448675 0 0 0 
0 0 0 0 0 0 0 0 0 0 0 0 0 0 0 0 0 0 0 0 0 0 0 3 12470 0 0 0 0 0 26 0 0 2730197 4581145 4014890 0 0 0 4449027 0 0 0 0 
0 0 0 0 0 0 0 0 0 0 0 0 0 0 0 0 0 0 0 0 0 0 0 3 0 12470 12467 0 0 26 0 0 0 8597157 2730389 0 0 0 0 0 4448675 0 0 0 
0 0 0 0 0 0 0 0 0 0 0 0 0 0 0 0 0 0 0 0 0 0 0 3 12470 0 0 0 0 0 26 0 0 2730197 4581145 4014890 0 0 0 4449027 0 0 0 0 
0 0 0 0 0 0 0 0 0 0 0 0 0 0 0 0 0 0 0 0 0 0 0 3 0 12470 12467 0 0 26 0 0 0 8597157 2730389 0 0 0 0 0 4448675 0 0 0 
0 0 0 0 0 0 0 0 0 0 0 0 0 0 0 0 0 0 0 0 0 0 0 3 12470 0 0 0 0 0 26 0 0 2730197 4581145 4014890 0 0 0 4449027 0 0 0 0 
0 0 0 0 0 0 0 0 0 0 0 0 0 0 0 0 0 0 0 0 0 0 0 3 0 12470 12467 0 0 26 0 0 0 8597157 2730389 0 0 0 0 0 4448675 0 0 0 
0 0 0 0 0 0 0 0 0 0 0 0 0 0 0 0 0 0 0 0 0 0 0 3 12470 0 0 0 0 0 26 0 0 2730197 4581145 4014890 0 0 0 4449027 0 0 0 0 
0 0 0 0 0 0 0 0 0 0 0 0 0 0 0 0 0 0 0 0 0 0 0 3 0 12470 12467 0 0 26 0 0 0 8597157 2730389 0 0 0 0 0 4448675 0 0 0 
0 0 0 0 0 0 0 0 0 0 0 0 0 0 0 0 0 0 0 0 0 0 0 3 12470 0 0 0 0 0 26 0 0 2730197 4581145 4014890 0 0 0 4449027 0 0 0 0 
0 0 0 0 0 0 0 0 0 0 0 0 0 0 0 0 0 0 0 0 0 0 0 3 0 12470 12467 0 0 26 0 0 0 8597157 2730389 0 0 0 0 0 4448675 0 0 0 
0 0 0 0 0 0 0 0 0 0 0 0 0 0 0 0 0 0 0 0 0 0 0 3 12470 0 0 0 0 0 26 0 0 2730197 4581145 4014890 0 0 0 4449027 0 0 0 0 
0 0 0 0 0 0 0 0 0 0 0 0 0 0 0 0 0 0 0 0 0 0 0 3 0 12470 12467 0 0 26 0 0 0 8597157 2730389 0 0 0 0 0 4448675 0 0 0 
0 0 0 0 0 0 0 0 0 0 0 0 0 0 0 0 0 0 0 0 0 0 0 3 12470 0 0 0 0 0 26 0 0 2730197 4581145 4014890 0 0 0 4449027 0 0 0 0 
0 0 0 0 0 0 0 0 0 0 0 0 0 0 0 0 0 0 0 0 0 0 0 3 0 12470 12467 0 0 26 0 0 0 8597157 2730389 0 0 0 0 0 4448675 0 0 0 
0 0 0 0 0 0 0 0 0 0 0 0 0 0 0 0 0 0 0 0 0 0 0 3 12470 0 0 0 0 0 26 0 0 2730197 4581145 4014890 0 0 0 4449027 0 0 0 0 
0 0 0 0 0 0 0 0 0 0 0 0 0 0 0 0 0 0 0 0 0 0 0 3 0 12470 12467 0 0 26 0 0 0 8597157 2730389 0 0 0 0 0 4448675 0 0 0 
0 0 0 0 0 0 0 0 0 0 0 0 0 0 0 0 0 0 0 0 0 0 0 3 12470 0 0 0 0 0 26 0 0 2730197 4581145 4014890 0 0 0 4449027 0 0 0 0 
0 0 0 0 0 0 0 0 0 0 0 0 0 0 0 0 0 0 0 0 0 0 0 3 0 12470 12467 0 0 26 0 0 0 8597157 2730389 0 0 0 0 0 4448675 0 0 0 
0 0 0 0 0 0 0 0 0 0 0 0 0 0 0 0 0 0 0 0 0 0 0 3 12470 0 0 0 0 0 26 0 0 2730197 4581145 4014890 0 0 0 4449027 0 0 0 0 
0 0 0 0 0 0 0 0 0 0 0 0 0 0 0 0 0 0 0 0 0 0 0 3 0 12470 12467 0 0 26 0 0 0 8597157 2730389 0 0 0 0 0 4448675 0 0 0 
0 0 0 0 0 0 0 0 0 0 0 0 0 0 0 0 0 0 0 0 0 0 0 3 12470 0 0 0 0 0 26 0 0 2730197 4581145 4014890 0 0 0 4449027 0 0 0 0 
0 0 0 0 0 0 0 0 0 0 0 0 0 0 0 0 0 0 0 0 0 0 0 3 0 12470 12467 0 0 26 0 0 0 8597157 2730389 0 0 0 0 0 4448675 0 0 0 
0 0 0 0 0 0 0 0 0 0 0 0 0 0 0 0 0 0 0 0 0 0 0 3 12470 0 0 0 0 0 26 0 0 2730197 4581145 4014890 0 0 0 4449027 0 0 0 0 
0 0 0 0 0 0 0 0 0 0 0 0 0 0 0 0 0 0 0 0 0 0 0 3 0 12470 12467 0 0 26 0 0 0 8597157 2730389 0 0 0 0 0 4448675 0 0 0 
0 0 0 0 0 0 0 0 0 0 0 0 0 0 0 0 0 0 0 0 0 0 0 3 12470 0 0 0 0 0 26 0 0 2730197 4581145 4014890 0 0 0 4449027 0 0 0 0 
0 0 0 0 0 0 0 0 0 0 0 0 0 0 0 0 0 0 0 0 0 0 0 3 0 12470 12467 0 0 26 0 0 0 8597157 2730389 0 0 0 0 0 4448675 0 0 0 
0 0 0 0 0 0 0 0 0 0 0 0 0 0 0 0 0 0 0 0 0 0 0 3 12470 0 0 0 0 0 26 0 0 2730197 4581145 4014890 0 0 0 4449027 0 0 0 0 
0 0 0 0 0 0 0 0 0 0 0 0 0 0 0 0 0 0 0 0 0 0 0 3 0 12470 12467 0 0 26 0 0 0 8597157 2730389 0 0 0 0 0 4448675 0 0 0 
0 0 0 0 0 0 0 0 0 0 0 0 0 0 0 0 0 0 0 0 0 0 0 3 12470 0 0 0 0 0 26 0 0 2730197 4581145 4014890 0 0 0 4449027 0 0 0 0 
0 0 0 0 0 0 0 0 0 0 0 0 0 0 0 0 0 0 0 0 0 0 0 3 0 12470 12467 0 0 26 0 0 0 8597157 2730389 0 0 0 0 0 4448675 0 0 0 
0 0 0 0 0 0 0 0 0 0 0 0 0 0 0 0 0 0 0 0 0 0 0 3 12470 0 0 0 0 0 26 0 0 2730197 4581145 4014890 0 0 0 4449027 0 0 0 0 
0 0 0 0 0 0 0 0 0 0 0 0 0 0 0 0 0 0 0 0 0 0 0 3 0 12470 12467 0 0 26 0 0 0 8597157 2730389 0 0 0 0 0 4448675 0 0 0 
0 0 0 0 0 0 0 0 0 0 0 0 0 0 0 0 0 0 0 0 0 0 0 3 12470 0 0 0 0 0 26 0 0 2730197 4581145 4014890 0 0 0 4449027 0 0 0 0 
0 0 0 0 0 0 0 0 0 0 0 0 0 0 0 0 0 0 0 0 0 0 0 3 0 12470 12467 0 0 26 0 0 0 8597157 2730389 0 0 0 0 0 4448675 0 0 0 
0 0 0 0 0 0 0 0 0 0 0 0 0 0 0 0 0 0 0 0 0 0 0 3 12470 0 0 0 0 0 26 0 0 2730197 4581145 4014890 0 0 0 4449027 0 0 0 0 
0 0 0 0 0 0 0 0 0 0 0 0 0 0 0 0 0 0 0 0 0 0 0 3 0 12470 12467 0 0 26 0 0 0 8597157 2730389 0 0 0 0 0 4448675 0 0 0 
0 0 0 0 0 0 0 0 0 0 0 0 0 0 0 0 0 0 0 0 0 0 0 3 12470 0 0 0 0 0 26 0 0 2730197 4581145 4014890 0 0 0 4449027 0 0 0 0 
0 0 0 0 0 0 0 0 0 0 0 0 0 0 0 0 0 0 0 0 0 0 0 3 0 12470 12467 0 0 26 0 0 0 8597157 2730389 0 0 0 0 0 4448675 0 0 0 
0 0 0 0 0 0 0 0 0 0 0 0 0 0 0 0 0 0 0 0 0 0 0 3 12470 0 0 0 0 0 26 0 0 2730197 4581145 4014890 0 0 0 4449027 0 0 0 0 
0 0 0 0 0 0 0 0 0 0 0 0 0 0 0 0 0 0 0 0 0 0 0 3 0 12470 12467 0 0 26 0 0 0 8597157 2730389 0 0 0 0 0 4448675 0 0 0 
0 0 0 0 0 0 0 0 0 0 0 0 0 0 0 0 0 0 0 0 0 0 0 3 12470 0 0 0 0 0 26 0 0 2730197 4581145 4014890 0 0 0 4449027 0 0 0 0 
0 0 0 0 0 0 0 0 0 0 0 0 0 0 0 0 0 0 0 0 0 0 0 3 0 12470 12467 0 0 26 0 0 0 8597157 2730389 0 0 0 0 0 4448675 0 0 0 
0 0 0 0 0 0 0 0 0 0 0 0 0 0 0 0 0 0 0 0 0 0 0 3 12470 0 0 0 0 0 26 0 0 2730197 4581145 4014890 0 0 0 4449027 0 0 0 0 
0 0 0 0 0 0 0 0 0 0 0 0 0 0 0 0 0 0 0 0 0 0 0 3 0 12470 12467 0 0 26 0 0 0 8597157 2730389 0 0 0 0 0 4448675 0 0 0 
0 0 0 0 0 0 0 0 0 0 0 0 0 0 0 0 0 0 0 0 0 0 0 3 12470 0 0 0 0 0 26 0 0 2730197 4581145 4014890 0 0 0 4449027 0 0 0 0 
0 0 0 0 0 0 0 0 0 0 0 0 0 0 0 0 0 0 0 0 0 0 0 3 0 12470 12467 0 0 26 0 0 0 8597157 2730389 0 0 0 0 0 4448675 0 0 0 
0 0 0 0 0 0 0 0 0 0 0 0 0 0 0 0 0 0 0 0 0 0 0 3 12470 0 0 0 0 0 26 0 0 2730197 4581145 4014890 0 0 0 4449027 0 0 0 0 
0 0 0 0 0 0 0 0 0 0 0 0 0 0 0 0 0 0 0 0 0 0 0 3 0 12470 12467 0 0 26 0 0 0 8597157 2730389 0 0 0 0 0 4448675 0 0 0 
0 0 0 0 0 0 0 0 0 0 0 0 0 0 0 0 0 0 0 0 0 0 0 3 12470 0 0 0 0 0 26 0 0 2730197 4581145 4014890 0 0 0 4449027 0 0 0 0 
0 0 0 0 0 0 0 0 0 0 0 0 0 0 0 0 0 0 0 0 0 0 0 3 0 12470 12467 0 0 26 0 0 0 8597157 2730389 0 0 0 0 0 4448675 0 0 0 
0 0 0 0 0 0 0 0 0 0 0 0 0 0 0 0 0 0 0 0 0 0 0 3 12470 0 0 0 0 0 26 0 0 2730197 4581145 4014890 0 0 0 4449027 0 0 0 0 
0 0 0 0 0 0 0 0 0 0 0 0 0 0 0 0 0 0 0 0 0 0 0 3 0 12470 12467 0 0 26 0 0 0 8597157 2730389 0 0 0 0 0 4448675 0 0 0 
0 0 0 0 0 0 0 0 0 0 0 0 0 0 0 0 0 0 0 0 0 0 0 3 12470 0 0 0 0 0 26 0 0 2730197 4581145 4014890 0 0 0 4449027 0 0 0 0 
0 0 0 0 0 0 0 0 0 0 0 0 0 0 0 0 0 0 0 0 0 0 0 3 0 12470 12467 0 0 26 0 0 0 8597157 2730389 0 0 0 0 0 4448675 0 0 0 
0 0 0 0 0 0 0 0 0 0 0 0 0 0 0 0 0 0 0 0 0 0 0 3 12470 0 0 0 0 0 26 0 0 2730197 4581145 4014890 0 0 0 4449027 0 0 0 0 
0 0 0 0 0 0 0 0 0 0 0 0 0 0 0 0 0 0 0 0 0 0 0 3 0 12470 12467 0 0 26 0 0 0 8597157 2730389 0 0 0 0 0 4448675 0 0 0 
0 0 0 0 0 0 0 0 0 0 0 0 0 0 0 0 0 0 0 0 0 0 0 3 12470 0 0 0 0 0 26 0 0 2730197 4581145 4014890 0 0 0 4449027 0 0 0 0 
0 0 0 0 0 0 0 0 0 0 0 0 0 0 0 0 0 0 0 0 0 0 0 3 0 12470 12467 0 0 26 0 0 0 8597157 2730389 0 0 0 0 0 4448675 0 0 0 
0 0 0 0 0 0 0 0 0 0 0 0 0 0 0 0 0 0 0 0 0 0 0 3 12470 0 0 0 0 0 26 0 0 2730197 4581145 4014890 0 0 0 4449027 0 0 0 0 
0 0 0 0 0 0 0 0 0 0 0 0 0 0 0 0 0 0 0 0 0 0 0 3 0 12470 12467 0 0 26 0 0 0 8597157 2730389 0 0 0 0 0 4448675 0 0 0 
0 0 0 0 0 0 0 0 0 0 0 0 0 0 0 0 0 0 0 0 0 0 0 3 12470 0 0 0 0 0 26 0 0 2730197 4581145 4014890 0 0 0 4449027 0 0 0 0 
0 0 0 0 0 0 0 0 0 0 0 0 0 0 0 0 0 0 0 0 0 0 0 3 0 12470 12467 0 0 26 0 0 0 8597157 2730389 0 0 0 0 0 4448675 0 0 0 
0 0 0 0 0 0 0 0 0 0 0 0 0 0 0 0 0 0 0 0 0 0 0 3 12470 0 0 0 0 0 26 0 0 2730197 4581145 4014890 0 0 0 4449027 0 0 0 0 
0 0 0 0 0 0 0 0 0 0 0 0 0 0 0 0 0 0 0 0 0 0 0 3 0 12470 12467 0 0 26 0 0 0 8597157 2730389 0 0 0 0 0 4448675 0 0 0 
0 0 0 0 0 0 0 0 0 0 0 0 0 0 0 0 0 0 0 0 0 0 0 3 12470 0 0 0 0 0 26 0 0 2730197 4581145 4014890 0 0 0 4449027 0 0 0 0 
0 0 0 0 0 0 0 0 0 0 0 0 0 0 0 0 0 0 0 0 0 0 0 3 0 12470 12467 0 0 26 0 0 0 8597157 2730389 0 0 0 0 0 4448675 0 0 0 
0 0 0 0 0 0 0 0 0 0 0 0 0 0 0 0 0 0 0 0 0 0 0 3 12470 0 0 0 0 0 26 0 0 2730197 4581145 4014890 0 0 0 4449027 0 0 0 0 
0 0 0 0 0 0 0 0 0 0 0 0 0 0 0 0 0 0 0 0 0 0 0 3 0 12470 12467 0 0 26 0 0 0 8597157 2730389 0 0 0 0 0 4448675 0 0 0 
0 0 0 0 0 0 0 0 0 0 0 0 0 0 0 0 0 0 0 0 0 0 0 3 12470 0 0 0 0 0 26 0 0 2730197 4581145 4014890 0 0 0 4449027 0 0 0 0 
0 0 0 0 0 0 0 0 0 0 0 0 0 0 0 0 0 0 0 0 0 0 0 3 0 12470 12467 0 0 26 0 0 0 8597157 2730389 0 0 0 0 0 4448675 0 0 0 
0 0 0 0 0 0 0 0 0 0 0 0 0 0 0 0 0 0 0 0 0 0 0 3 12470 0 0 0 0 0 26 0 0 2730197 4581145 4014890 0 0 0 4449027 0 0 0 0 
0 0 0 0 0 0 0 0 0 0 0 0 0 0 0 0 0 0 0 0 0 0 0 3 0 12470 12467 0 0 26 0 0 0 8597157 2730389 0 0 0 0 0 4448675 0 0 0 
0 0 0 0 0 0 0 0 0 0 0 0 0 0 0 0 0 0 0 0 0 0 0 3 12470 0 0 0 0 0 26 0 0 2730197 4581145 4014890 0 0 0 4449027 0 0 0 0 
0 0 0 0 0 0 0 0 0 0 0 0 0 0 0 0 0 0 0 0 0 0 0 3 0 12470 12467 0 0 26 0 0 0 8597157 2730389 0 0 0 0 0 4448675 0 0 0 
0 0 0 0 0 0 0 0 0 0 0 0 0 0 0 0 0 0 0 0 0 0 0 3 12470 0 0 0 0 0 26 0 0 2730197 4581145 4014890 0 0 0 4449027 0 0 0 0 
0 0 0 0 0 0 0 0 0 0 0 0 0 0 0 0 0 0 0 0 0 0 0 3 0 12470 12467 0 0 26 0 0 0 8597157 2730389 0 0 0 0 0 4448675 0 0 0 
0 0 0 0 0 0 0 0 0 0 0 0 0 0 0 0 0 0 0 0 0 0 0 3 12470 0 0 0 0 0 26 0 0 2730197 4581145 4014890 0 0 0 4449027 0 0 0 0 
0 0 0 0 0 0 0 0 0 0 0 0 0 0 0 0 0 0 0 0 0 0 0 3 0 12470 12467 0 0 26 0 0 0 8597157 2730389 0 0 0 0 0 4448675 0 0 0 
0 0 0 0 0 0 0 0 0 0 0 0 0 0 0 0 0 0 0 0 0 0 0 3 12470 0 0 0 0 0 26 0 0 2730197 4581145 4014890 0 0 0 4449027 0 0 0 0 
<====
0 0 0 0 0 0 0 0 0 0 0 0 0 0 0 0 0 0 0 0 0 0 0 3 0 12470 12467 0 0 26 0 0 0 8597157 2730389 0 0 0 0 0 4448675 0 0 0 
0 0 0 0 0 0 0 0 0 0 0 0 0 0 0 0 0 0 0 0 0 0 0 3 12470 0 0 0 0 0 26 0 0 2730197 4581145 4014890 0 0 0 4449027 0 0 0 0 
0 0 0 0 0 0 0 0 0 0 0 0 0 0 0 0 0 0 0 0 0 0 0 3 0 12470 12467 0 0 26 0 0 0 8597157 2730389 0 0 0 0 0 4448675 0 0 0 
0 0 0 0 0 0 0 0 0 0 0 0 0 0 0 0 0 0 0 0 0 0 0 3 12470 0 0 0 0 0 26 0 0 2730197 4581145 4014890 0 0 0 4449027 0 0 0 0 
0 0 0 0 0 0 0 0 0 0 0 0 0 0 0 0 0 0 0 0 0 0 0 3 0 12470 12467 0 0 26 0 0 0 8597157 2730389 0 0 0 0 0 4448675 0 0 0 
0 0 0 0 0 0 0 0 0 0 0 0 0 0 0 0 0 0 0 0 0 0 0 3 12470 0 0 0 0 0 26 0 0 2730197 4581145 4014890 0 0 0 4449027 0 0 0 0 
0 0 0 0 0 0 0 0 0 0 0 0 0 0 0 0 0 0 0 0 0 0 0 3 0 12470 12467 0 0 26 0 0 0 8597157 2730389 0 0 0 0 0 4448675 0 0 0 
0 0 0 0 0 0 0 0 0 0 0 0 0 0 0 0 0 0 0 0 0 0 0 3 12470 0 0 0 0 0 26 0 0 2730197 4581145 4014890 0 0 0 4449027 0 0 0 0 
0 0 0 0 0 0 0 0 0 0 0 0 0 0 0 0 0 0 0 0 0 0 0 3 0 12470 12467 0 0 26 0 0 0 8597157 2730389 0 0 0 0 0 4448675 0 0 0 
0 0 0 0 0 0 0 0 0 0 0 0 0 0 0 0 0 0 0 0 0 0 0 3 12470 0 0 0 0 0 26 0 0 2730197 4581145 4014890 0 0 0 4449027 0 0 0 0 
0 0 0 0 0 0 0 0 0 0 0 0 0 0 0 0 0 0 0 0 0 0 0 3 0 12470 12467 0 0 26 0 0 0 8597157 2730389 0 0 0 0 0 4448675 0 0 0 
0 0 0 0 0 0 0 0 0 0 0 0 0 0 0 0 0 0 0 0 0 0 0 3 12470 0 0 0 0 0 26 0 0 2730197 4581145 4014890 0 0 0 4449027 0 0 0 0 
0 0 0 0 0 0 0 0 0 0 0 0 0 0 0 0 0 0 0 0 0 0 0 3 0 12470 12467 0 0 26 0 0 0 8597157 2730389 0 0 0 0 0 4448675 0 0 0 
0 0 0 0 0 0 0 0 0 0 0 0 0 0 0 0 0 0 0 0 0 0 0 3 12470 0 0 0 0 0 26 0 0 2730197 4581145 4014890 0 0 0 4449027 0 0 0 0 
0 0 0 0 0 0 0 0 0 0 0 0 0 0 0 0 0 0 0 0 0 0 0 3 0 12470 12467 0 0 26 0 0 0 8597157 2730389 0 0 0 0 0 4448675 0 0 0 
0 0 0 0 0 0 0 0 0 0 0 0 0 0 0 0 0 0 0 0 0 0 0 3 12470 0 0 0 0 0 26 0 0 2730197 4581145 4014890 0 0 0 4449027 0 0 0 0 
0 0 0 0 0 0 0 0 0 0 0 0 0 0 0 0 0 0 0 0 0 0 0 3 0 12470 12467 0 0 26 0 0 0 8597157 2730389 0 0 0 0 0 4448675 0 0 0 
0 0 0 0 0 0 0 0 0 0 0 0 0 0 0 0 0 0 0 0 0 0 0 3 12470 0 0 0 0 0 26 0 0 2730197 4581145 4014890 0 0 0 4449027 0 0 0 0 
0 0 0 0 0 0 0 0 0 0 0 0 0 0 0 0 0 0 0 0 0 0 0 3 0 12470 12467 0 0 26 0 0 0 8597157 2730389 0 0 0 0 0 4448675 0 0 0 
0 0 0 0 0 0 0 0 0 0 0 0 0 0 0 0 0 0 0 0 0 0 0 3 12470 0 0 0 0 0 26 0 0 2730197 4581145 4014890 0 0 0 4449027 0 0 0 0 
0 0 0 0 0 0 0 0 0 0 0 0 0 0 0 0 0 0 0 0 0 0 0 3 0 12470 12467 0 0 26 0 0 0 8597157 2730389 0 0 0 0 0 4448675 0 0 0 
0 0 0 0 0 0 0 0 0 0 0 0 0 0 0 0 0 0 0 0 0 0 0 3 12470 0 0 0 0 0 26 0 0 2730197 4581145 4014890 0 0 0 4449027 0 0 0 0 
0 0 0 0 0 0 0 0 0 0 0 0 0 0 0 0 0 0 0 0 0 0 0 3 0 12470 12467 0 0 26 0 0 0 8597157 2730389 0 0 0 0 0 4448675 0 0 0 
0 0 0 0 0 0 0 0 0 0 0 0 0 0 0 0 0 0 0 0 0 0 0 3 12470 0 0 0 0 0 26 0 0 2730197 4581145 4014890 0 0 0 4449027 0 0 0 0 
