0 0 0 0 0 0 0 0 0 0 0 0 0 0 0 0 0 0 0 0 0 0 0 3 37778 0 0 0 0 0 88 0 0 9443252 16730350 14017927 0 0 0 16121683 0 0 0 0 
0 0 0 0 0 0 0 0 0 0 0 0 0 0 0 0 0 0 0 0 0 0 0 3 0 37780 37766 0 0 88 0 0 0 30757440 9438744 0 0 0 0 0 16124532 0 0 0 
0 0 0 0 0 0 0 0 0 0 0 0 0 0 0 0 0 0 0 0 0 0 0 3 37778 0 0 0 0 0 88 0 0 9443252 16730350 14017927 0 0 0 16121683 0 0 0 0 
0 0 0 0 0 0 0 0 0 0 0 0 0 0 0 0 0 0 0 0 0 0 0 3 0 37780 37766 0 0 88 0 0 0 30757440 9438744 0 0 0 0 0 16124532 0 0 0 
0 0 0 0 0 0 0 0 0 0 0 0 0 0 0 0 0 0 0 0 0 0 0 3 37778 0 0 0 0 0 88 0 0 9443252 16730350 14017927 0 0 0 16121683 0 0 0 0 
0 0 0 0 0 0 0 0 0 0 0 0 0 0 0 0 0 0 0 0 0 0 0 3 0 37780 37766 0 0 88 0 0 0 30757440 9438744 0 0 0 0 0 16124532 0 0 0 
0 0 0 0 0 0 0 0 0 0 0 0 0 0 0 0 0 0 0 0 0 0 0 3 37778 0 0 0 0 0 88 0 0 9443252 16730350 14017927 0 0 0 16121683 0 0 0 0 
0 0 0 0 0 0 0 0 0 0 0 0 0 0 0 0 0 0 0 0 0 0 0 3 0 37780 37766 0 0 88 0 0 0 30757440 9438744 0 0 0 0 0 16124532 0 0 0 
0 0 0 0 0 0 0 0 0 0 0 0 0 0 0 0 0 0 0 0 0 0 0 3 37778 0 0 0 0 0 88 0 0 9443252 16730350 14017927 0 0 0 16121683 0 0 0 0 
0 0 0 0 0 0 0 0 0 0 0 0 0 0 0 0 0 0 0 0 0 0 0 3 0 37780 37766 0 0 88 0 0 0 30757440 9438744 0 0 0 0 0 16124532 0 0 0 
0 0 0 0 0 0 0 0 0 0 0 0 0 0 0 0 0 0 0 0 0 0 0 3 37778 0 0 0 0 0 88 0 0 9443252 16730350 14017927 0 0 0 16121683 0 0 0 0 
0 0 0 0 0 0 0 0 0 0 0 0 0 0 0 0 0 0 0 0 0 0 0 3 0 37780 37766 0 0 88 0 0 0 30757440 9438744 0 0 0 0 0 16124532 0 0 0 
====>
0 0 0 0 0 0 0 0 0 0 0 0 0 0 0 0 0 0 0 0 0 0 0 3 37786 0 0 0 0 0 108 0 0 9443255 16749853 14019384 0 0 0 16125939 0 0 0 0 
0 0 0 0 0 0 0 0 0 0 0 0 0 0 0 0 0 0 0 0 0 0 0 3 0 37780 37774 0 0 108 0 0 0 30778412 9438747 0 0 0 0 0 16128788 0 0 0 
0 0 0 0 0 0 0 0 0 0 0 0 0 0 0 0 0 0 0 0 0 0 0 3 37802 0 0 0 0 0 110 0 0 9443279 16958477 14021194 0 0 0 16129273 0 0 0 0 
0 0 0 0 0 0 0 0 0 0 0 0 0 0 0 0 0 0 0 0 0 0 0 3 0 37796 37790 0 0 110 0 0 0 30988686 9438771 0 0 0 0 0 16132122 0 0 0 
0 0 0 0 0 0 0 0 0 0 0 0 0 0 0 0 0 0 0 0 0 0 0 3 37818 0 0 0 0 0 110 0 0 9443310 16979052 14030908 0 0 0 16148776 0 0 0 0 
0 0 0 0 0 0 0 0 0 0 0 0 0 0 0 0 0 0 0 0 0 0 0 3 0 37812 37806 0 0 110 0 0 0 31018974 9438802 0 0 0 0 0 16151625 0 0 0 
0 0 0 0 0 0 0 0 0 0 0 0 0 0 0 0 0 0 0 0 0 0 0 3 37826 0 0 0 0 0 110 0 0 9508867 17031481 14044906 0 0 0 16171150 0 0 0 0 
0 0 0 0 0 0 0 0 0 0 0 0 0 0 0 0 0 0 0 0 0 0 0 3 0 37820 37814 0 0 110 0 0 0 31085407 9504340 0 0 0 0 0 16173999 0 0 0 
0 0 0 0 0 0 0 0 0 0 0 0 0 0 0 0 0 0 0 0 0 0 0 3 37834 0 0 0 0 0 110 0 0 9561089 17136425 14054667 0 0 0 16188056 0 0 0 0 
0 0 0 0 0 0 0 0 0 0 0 0 0 0 0 0 0 0 0 0 0 0 0 3 0 37828 37822 0 0 110 0 0 0 31200060 9556548 0 0 0 0 0 16190904 0 0 0 
0 0 0 0 0 0 0 0 0 0 0 0 0 0 0 0 0 0 0 0 0 0 0 3 37850 0 0 0 0 0 110 0 0 9561111 17146219 14118741 0 0 0 16256791 0 0 0 0 
0 0 0 0 0 0 0 0 0 0 0 0 0 0 0 0 0 0 0 0 0 0 0 3 0 37844 37838 0 0 110 0 0 0 31273957 9556570 0 0 0 0 0 16259640 0 0 0 
0 0 0 0 0 0 0 0 0 0 0 0 0 0 0 0 0 0 0 0 0 0 0 3 37866 0 0 0 0 0 110 0 0 9570508 17163658 14128002 0 0 0 16270063 0 0 0 0 
0 0 0 0 0 0 0 0 0 0 0 0 0 0 0 0 0 0 0 0 0 0 0 3 0 37860 37854 0 0 110 0 0 0 31300659 9565967 0 0 0 0 0 16272913 0 0 0 
0 0 0 0 0 0 0 0 0 0 0 0 0 0 0 0 0 0 0 0 0 0 0 3 37874 0 0 0 0 0 110 0 0 9623886 17241527 14144572 0 0 0 16296311 0 0 0 0 
0 0 0 0 0 0 0 0 0 0 0 0 0 0 0 0 0 0 0 0 0 0 0 3 0 37868 37862 0 0 110 0 0 0 31395086 9619327 0 0 0 0 0 16299159 0 0 0 
0 0 0 0 0 0 0 0 0 0 0 0 0 0 0 0 0 0 0 0 0 0 0 3 37874 0 0 0 0 0 110 0 0 9673102 17304291 14244378 0 0 0 16413050 0 0 0 0 
0 0 0 0 0 0 0 0 0 0 0 0 0 0 0 0 0 0 0 0 0 0 0 3 0 37868 37862 0 0 110 0 0 0 31557633 9668533 0 0 0 0 0 16415910 0 0 0 
0 0 0 0 0 0 0 0 0 0 0 0 0 0 0 0 0 0 0 0 0 0 0 3 37882 0 0 0 0 0 110 0 0 9717076 17360974 14304476 0 0 0 16486157 0 0 0 0 
0 0 0 0 0 0 0 0 0 0 0 0 0 0 0 0 0 0 0 0 0 0 0 3 0 37876 37870 0 0 110 0 0 0 31674407 9712500 0 0 0 0 0 16489024 0 0 0 
0 0 0 0 0 0 0 0 0 0 0 0 0 0 0 0 0 0 0 0 0 0 0 3 37890 0 0 0 0 0 110 0 0 9755855 17425721 14360968 0 0 0 16544102 0 0 0 0 
0 0 0 0 0 0 0 0 0 0 0 0 0 0 0 0 0 0 0 0 0 0 0 3 0 37884 37878 0 0 110 0 0 0 31795628 9751277 0 0 0 0 0 16546981 0 0 0 
0 0 0 0 0 0 0 0 0 0 0 0 0 0 0 0 0 0 0 0 0 0 0 3 37890 0 0 0 0 0 110 0 0 9792788 17491182 14415830 0 0 0 16604818 0 0 0 0 
0 0 0 0 0 0 0 0 0 0 0 0 0 0 0 0 0 0 0 0 0 0 0 3 0 37884 37878 0 0 110 0 0 0 31915943 9788207 0 0 0 0 0 16607700 0 0 0 
0 0 0 0 0 0 0 0 0 0 0 0 0 0 0 0 0 0 0 0 0 0 0 3 37914 0 0 0 0 0 110 0 0 9799469 17514748 14433011 0 0 0 16623927 0 0 0 0 
0 0 0 0 0 0 0 0 0 0 0 0 0 0 0 0 0 0 0 0 0 0 0 3 0 37908 37902 0 0 110 0 0 0 31956686 9794885 0 0 0 0 0 16626810 0 0 0 
0 0 0 0 0 0 0 0 0 0 0 0 0 0 0 0 0 0 0 0 0 0 0 3 37914 0 0 0 0 0 110 0 0 9840502 17570583 14476980 0 0 0 16694430 0 0 0 0 
0 0 0 0 0 0 0 0 0 0 0 0 0 0 0 0 0 0 0 0 0 0 0 3 0 37908 37902 0 0 110 0 0 0 32056493 9835914 0 0 0 0 0 16697321 0 0 0 
0 0 0 0 0 0 0 0 0 0 0 0 0 0 0 0 0 0 0 0 0 0 0 3 37922 0 0 0 0 0 110 0 0 9886666 17635505 14533274 0 0 0 16759097 0 0 0 0 
0 0 0 0 0 0 0 0 0 0 0 0 0 0 0 0 0 0 0 0 0 0 0 3 0 37916 37910 0 0 110 0 0 0 32177693 9882069 0 0 0 0 0 16761996 0 0 0 
0 0 0 0 0 0 0 0 0 0 0 0 0 0 0 0 0 0 0 0 0 0 0 3 37930 0 0 0 0 0 110 0 0 9915316 17698232 14588630 0 0 0 16807785 0 0 0 0 
0 0 0 0 0 0 0 0 0 0 0 0 0 0 0 0 0 0 0 0 0 0 0 3 0 37924 37918 0 0 110 0 0 0 32295747 9910712 0 0 0 0 0 16810684 0 0 0 
0 0 0 0 0 0 0 0 0 0 0 0 0 0 0 0 0 0 0 0 0 0 0 3 37946 0 0 0 0 0 110 0 0 9936378 17723949 14608991 0 0 0 16844209 0 0 0 0 
0 0 0 0 0 0 0 0 0 0 0 0 0 0 0 0 0 0 0 0 0 0 0 3 0 37940 37934 0 0 110 0 0 0 32341829 9931764 0 0 0 0 0 16847110 0 0 0 
0 0 0 0 0 0 0 0 0 0 0 0 0 0 0 0 0 0 0 0 0 0 0 3 37946 0 0 0 0 0 110 0 0 9972425 17791798 14666617 0 0 0 16903265 0 0 0 0 
0 0 0 0 0 0 0 0 0 0 0 0 0 0 0 0 0 0 0 0 0 0 0 3 0 37943 37934 0 0 110 0 0 0 32467290 9967801 0 0 0 0 0 16906173 0 0 0 
0 0 0 0 0 0 0 0 0 0 0 0 0 0 0 0 0 0 0 0 0 0 0 3 37954 0 0 0 0 0 110 0 0 10014494 17846092 14710184 0 0 0 16970296 0 0 0 0 
0 0 0 0 0 0 0 0 0 0 0 0 0 0 0 0 0 0 0 0 0 0 0 3 0 37948 37942 0 0 110 0 0 0 32565158 10009858 0 0 0 0 0 16973212 0 0 0 
0 0 0 0 0 0 0 0 0 0 0 0 0 0 0 0 0 0 0 0 0 0 0 3 37962 0 0 0 0 0 110 0 0 10033405 17897824 14754629 0 0 0 17007367 0 0 0 0 
0 0 0 0 0 0 0 0 0 0 0 0 0 0 0 0 0 0 0 0 0 0 0 3 0 37956 37950 0 0 110 0 0 0 32661296 10028768 0 0 0 0 0 17010283 0 0 0 
0 0 0 0 0 0 0 0 0 0 0 0 0 0 0 0 0 0 0 0 0 0 0 3 37978 0 0 0 0 0 110 0 0 10068401 17934906 14783607 0 0 0 17061275 0 0 0 0 
0 0 0 0 0 0 0 0 0 0 0 0 0 0 0 0 0 0 0 0 0 0 0 3 0 37972 37966 0 0 110 0 0 0 32727363 10063752 0 0 0 0 0 17064200 0 0 0 
0 0 0 0 0 0 0 0 0 0 0 0 0 0 0 0 0 0 0 0 0 0 0 3 37986 0 0 0 0 0 110 0 0 10106196 18002118 14842347 0 0 0 17118268 0 0 0 0 
0 0 0 0 0 0 0 0 0 0 0 0 0 0 0 0 0 0 0 0 0 0 0 3 0 37980 37974 0 0 110 0 0 0 32853302 10101537 0 0 0 0 0 17121192 0 0 0 
0 0 0 0 0 0 0 0 0 0 0 0 0 0 0 0 0 0 0 0 0 0 0 3 37986 0 0 0 0 0 110 0 0 10141380 18062032 14890409 0 0 0 17180795 0 0 0 0 
0 0 0 0 0 0 0 0 0 0 0 0 0 0 0 0 0 0 0 0 0 0 0 3 0 37980 37974 0 0 110 0 0 0 32961264 10136718 0 0 0 0 0 17183731 0 0 0 
0 0 0 0 0 0 0 0 0 0 0 0 0 0 0 0 0 0 0 0 0 0 0 3 38002 0 0 0 0 0 110 0 0 10151856 18091907 14917873 0 0 0 17201414 0 0 0 0 
0 0 0 0 0 0 0 0 0 0 0 0 0 0 0 0 0 0 0 0 0 0 0 3 0 37996 37990 0 0 110 0 0 0 33018575 10147192 0 0 0 0 0 17204349 0 0 0 
0 0 0 0 0 0 0 0 0 0 0 0 0 0 0 0 0 0 0 0 0 0 0 3 38010 0 0 0 0 0 110 0 0 10193728 18146107 14960011 0 0 0 17270628 0 0 0 0 
0 0 0 0 0 0 0 0 0 0 0 0 0 0 0 0 0 0 0 0 0 0 0 3 0 38004 37998 0 0 110 0 0 0 33114909 10189062 0 0 0 0 0 17273578 0 0 0 
0 0 0 0 0 0 0 0 0 0 0 0 0 0 0 0 0 0 0 0 0 0 0 3 38018 0 0 0 0 0 110 0 0 10242898 18211599 15017917 0 0 0 17337883 0 0 0 0 
0 0 0 0 0 0 0 0 0 0 0 0 0 0 0 0 0 0 0 0 0 0 0 3 0 38012 38006 0 0 110 0 0 0 33238306 10238226 0 0 0 0 0 17340847 0 0 0 
0 0 0 0 0 0 0 0 0 0 0 0 0 0 0 0 0 0 0 0 0 0 0 3 38026 0 0 0 0 0 110 0 0 10269572 18274280 15072782 0 0 0 17383753 0 0 0 0 
0 0 0 0 0 0 0 0 0 0 0 0 0 0 0 0 0 0 0 0 0 0 0 3 0 38020 38014 0 0 110 0 0 0 33355833 10264898 0 0 0 0 0 17386720 0 0 0 
0 0 0 0 0 0 0 0 0 0 0 0 0 0 0 0 0 0 0 0 0 0 0 3 38042 0 0 0 0 0 110 0 0 10289667 18302783 15092909 0 0 0 17422268 0 0 0 0 
0 0 0 0 0 0 0 0 0 0 0 0 0 0 0 0 0 0 0 0 0 0 0 3 0 38036 38030 0 0 110 0 0 0 33404470 10284982 0 0 0 0 0 17425236 0 0 0 
0 0 0 0 0 0 0 0 0 0 0 0 0 0 0 0 0 0 0 0 0 0 0 3 38042 0 0 0 0 0 110 0 0 10325494 18367690 15148879 0 0 0 17480196 0 0 0 0 
0 0 0 0 0 0 0 0 0 0 0 0 0 0 0 0 0 0 0 0 0 0 0 3 0 38036 38030 0 0 110 0 0 0 33525334 10320806 0 0 0 0 0 17483173 0 0 0 
0 0 0 0 0 0 0 0 0 0 0 0 0 0 0 0 0 0 0 0 0 0 0 3 38050 0 0 0 0 0 110 0 0 10369108 18424159 15193326 0 0 0 17548383 0 0 0 0 
0 0 0 0 0 0 0 0 0 0 0 0 0 0 0 0 0 0 0 0 0 0 0 3 0 38044 38038 0 0 110 0 0 0 33626236 10364408 0 0 0 0 0 17551370 0 0 0 
0 0 0 0 0 0 0 0 0 0 0 0 0 0 0 0 0 0 0 0 0 0 0 3 38058 0 0 0 0 0 110 0 0 10387660 18473209 15236635 0 0 0 17582657 0 0 0 0 
0 0 0 0 0 0 0 0 0 0 0 0 0 0 0 0 0 0 0 0 0 0 0 3 0 38052 38046 0 0 110 0 0 0 33718568 10382957 0 0 0 0 0 17585643 0 0 0 
0 0 0 0 0 0 0 0 0 0 0 0 0 0 0 0 0 0 0 0 0 0 0 3 38074 0 0 0 0 0 110 0 0 10422232 18510651 15264310 0 0 0 17636972 0 0 0 0 
0 0 0 0 0 0 0 0 0 0 0 0 0 0 0 0 0 0 0 0 0 0 0 3 0 38068 38062 0 0 110 0 0 0 33783703 10417529 0 0 0 0 0 17639969 0 0 0 
0 0 0 0 0 0 0 0 0 0 0 0 0 0 0 0 0 0 0 0 0 0 0 3 38082 0 0 0 0 0 110 0 0 10457740 18577278 15324146 0 0 0 17691763 0 0 0 0 
0 0 0 0 0 0 0 0 0 0 0 0 0 0 0 0 0 0 0 0 0 0 0 3 0 38076 38070 0 0 110 0 0 0 33910157 10453026 0 0 0 0 0 17694765 0 0 0 
0 0 0 0 0 0 0 0 0 0 0 0 0 0 0 0 0 0 0 0 0 0 0 3 38082 0 0 0 0 0 110 0 0 10495674 18638328 15373333 0 0 0 17757112 0 0 0 0 
0 0 0 0 0 0 0 0 0 0 0 0 0 0 0 0 0 0 0 0 0 0 0 3 0 38076 38070 0 0 110 0 0 0 34020386 10490956 0 0 0 0 0 17760116 0 0 0 
0 0 0 0 0 0 0 0 0 0 0 0 0 0 0 0 0 0 0 0 0 0 0 3 38098 0 0 0 0 0 110 0 0 10506113 18669955 15400700 0 0 0 17779393 0 0 0 0 
0 0 0 0 0 0 0 0 0 0 0 0 0 0 0 0 0 0 0 0 0 0 0 3 0 38092 38086 0 0 110 0 0 0 34079360 10501394 0 0 0 0 0 17782396 0 0 0 
0 0 0 0 0 0 0 0 0 0 0 0 0 0 0 0 0 0 0 0 0 0 0 3 38106 0 0 0 0 0 110 0 0 10548306 18725199 15443395 0 0 0 17848987 0 0 0 0 
0 0 0 0 0 0 0 0 0 0 0 0 0 0 0 0 0 0 0 0 0 0 0 3 0 38100 38094 0 0 110 0 0 0 34177313 10543576 0 0 0 0 0 17852007 0 0 0 
0 0 0 0 0 0 0 0 0 0 0 0 0 0 0 0 0 0 0 0 0 0 0 3 38114 0 0 0 0 0 110 0 0 10594725 18790066 15500685 0 0 0 17913959 0 0 0 0 
0 0 0 0 0 0 0 0 0 0 0 0 0 0 0 0 0 0 0 0 0 0 0 3 0 38108 38102 0 0 110 0 0 0 34299470 10589987 0 0 0 0 0 17916992 0 0 0 
0 0 0 0 0 0 0 0 0 0 0 0 0 0 0 0 0 0 0 0 0 0 0 3 38122 0 0 0 0 0 110 0 0 10623834 18851696 15555289 0 0 0 17961114 0 0 0 0 
0 0 0 0 0 0 0 0 0 0 0 0 0 0 0 0 0 0 0 0 0 0 0 3 0 38116 38110 0 0 110 0 0 0 34415686 10619094 0 0 0 0 0 17964149 0 0 0 
0 0 0 0 0 0 0 0 0 0 0 0 0 0 0 0 0 0 0 0 0 0 0 3 38138 0 0 0 0 0 110 0 0 10636916 18878533 15571705 0 0 0 17994337 0 0 0 0 
0 0 0 0 0 0 0 0 0 0 0 0 0 0 0 0 0 0 0 0 0 0 0 3 0 38132 38126 0 0 110 0 0 0 34458943 10632171 0 0 0 0 0 17997377 0 0 0 
0 0 0 0 0 0 0 0 0 0 0 0 0 0 0 0 0 0 0 0 0 0 0 3 38138 0 0 0 0 0 110 0 0 10669088 18932450 15614191 0 0 0 18055370 0 0 0 0 
0 0 0 0 0 0 0 0 0 0 0 0 0 0 0 0 0 0 0 0 0 0 0 3 0 38132 38126 0 0 110 0 0 0 34555333 10664342 0 0 0 0 0 18058413 0 0 0 
0 0 0 0 0 0 0 0 0 0 0 0 0 0 0 0 0 0 0 0 0 0 0 3 38146 0 0 0 0 0 110 0 0 10718422 18997226 15671038 0 0 0 18123454 0 0 0 0 
0 0 0 0 0 0 0 0 0 0 0 0 0 0 0 0 0 0 0 0 0 0 0 3 0 38140 38134 0 0 110 0 0 0 34676946 10713669 0 0 0 0 0 18126495 0 0 0 
0 0 0 0 0 0 0 0 0 0 0 0 0 0 0 0 0 0 0 0 0 0 0 3 38154 0 0 0 0 0 110 0 0 10741916 19056084 15723020 0 0 0 18165488 0 0 0 0 
0 0 0 0 0 0 0 0 0 0 0 0 0 0 0 0 0 0 0 0 0 0 0 3 0 38148 38142 0 0 110 0 0 0 34787759 10737164 0 0 0 0 0 18168529 0 0 0 
0 0 0 0 0 0 0 0 0 0 0 0 0 0 0 0 0 0 0 0 0 0 0 3 38170 0 0 0 0 0 110 0 0 10769545 19086192 15746707 0 0 0 18209445 0 0 0 0 
0 0 0 0 0 0 0 0 0 0 0 0 0 0 0 0 0 0 0 0 0 0 0 3 0 38164 38158 0 0 110 0 0 0 34841569 10764782 0 0 0 0 0 18212500 0 0 0 
0 0 0 0 0 0 0 0 0 0 0 0 0 0 0 0 0 0 0 0 0 0 0 3 38178 0 0 0 0 0 110 0 0 10805524 19155577 15806343 0 0 0 18266342 0 0 0 0 
0 0 0 0 0 0 0 0 0 0 0 0 0 0 0 0 0 0 0 0 0 0 0 3 0 38172 38166 0 0 110 0 0 0 34970573 10800756 0 0 0 0 0 18269401 0 0 0 
0 0 0 0 0 0 0 0 0 0 0 0 0 0 0 0 0 0 0 0 0 0 0 3 38178 0 0 0 0 0 110 0 0 10845207 19211798 15849731 0 0 0 18335208 0 0 0 0 
0 0 0 0 0 0 0 0 0 0 0 0 0 0 0 0 0 0 0 0 0 0 0 3 0 38172 38166 0 0 110 0 0 0 35070170 10840428 0 0 0 0 0 18338279 0 0 0 
0 0 0 0 0 0 0 0 0 0 0 0 0 0 0 0 0 0 0 0 0 0 0 3 38186 0 0 0 0 0 110 0 0 10860007 19253094 15886096 0 0 0 18362471 0 0 0 0 
0 0 0 0 0 0 0 0 0 0 0 0 0 0 0 0 0 0 0 0 0 0 0 3 0 38184 38174 0 0 110 0 0 0 35147802 10855224 0 0 0 0 0 18365542 0 0 0 
0 0 0 0 0 0 0 0 0 0 0 0 0 0 0 0 0 0 0 0 0 0 0 3 38202 0 0 0 0 0 110 0 0 10897063 19295330 15919138 0 0 0 18421153 0 0 0 0 
0 0 0 0 0 0 0 0 0 0 0 0 0 0 0 0 0 0 0 0 0 0 0 3 0 38196 38190 0 0 110 0 0 0 35223069 10892272 0 0 0 0 0 18424244 0 0 0 
0 0 0 0 0 0 0 0 0 0 0 0 0 0 0 0 0 0 0 0 0 0 0 3 38210 0 0 0 0 0 110 0 0 10936809 19362011 15977346 0 0 0 18479877 0 0 0 0 
0 0 0 0 0 0 0 0 0 0 0 0 0 0 0 0 0 0 0 0 0 0 0 3 0 38204 38198 0 0 110 0 0 0 35347945 10932017 0 0 0 0 0 18482973 0 0 0 
0 0 0 0 0 0 0 0 0 0 0 0 0 0 0 0 0 0 0 0 0 0 0 3 38210 0 0 0 0 0 110 0 0 10975046 19428842 16035098 0 0 0 18540653 0 0 0 0 
0 0 0 0 0 0 0 0 0 0 0 0 0 0 0 0 0 0 0 0 0 0 0 3 0 38204 38198 0 0 110 0 0 0 35472515 10970250 0 0 0 0 0 18543765 0 0 0 
0 0 0 0 0 0 0 0 0 0 0 0 0 0 0 0 0 0 0 0 0 0 0 3 38234 0 0 0 0 0 110 0 0 10984061 19449688 16052977 0 0 0 18561189 0 0 0 0 
0 0 0 0 0 0 0 0 0 0 0 0 0 0 0 0 0 0 0 0 0 0 0 3 0 38228 38222 0 0 110 0 0 0 35511241 10979257 0 0 0 0 0 18564301 0 0 0 
0 0 0 0 0 0 0 0 0 0 0 0 0 0 0 0 0 0 0 0 0 0 0 3 38234 0 0 0 0 0 110 0 0 11023064 19507500 16097189 0 0 0 18629717 0 0 0 0 
0 0 0 0 0 0 0 0 0 0 0 0 0 0 0 0 0 0 0 0 0 0 0 3 0 38228 38222 0 0 110 0 0 0 35613264 11018254 0 0 0 0 0 18632835 0 0 0 
0 0 0 0 0 0 0 0 0 0 0 0 0 0 0 0 0 0 0 0 0 0 0 3 38242 0 0 0 0 0 110 0 0 11071254 19571186 16152788 0 0 0 18697257 0 0 0 0 
0 0 0 0 0 0 0 0 0 0 0 0 0 0 0 0 0 0 0 0 0 0 0 3 0 38236 38230 0 0 110 0 0 0 35732537 11066439 0 0 0 0 0 18700386 0 0 0 
0 0 0 0 0 0 0 0 0 0 0 0 0 0 0 0 0 0 0 0 0 0 0 3 38250 0 0 0 0 0 110 0 0 11096173 19632349 16206707 0 0 0 18741663 0 0 0 0 
0 0 0 0 0 0 0 0 0 0 0 0 0 0 0 0 0 0 0 0 0 0 0 3 0 38244 38238 0 0 110 0 0 0 35847582 11091352 0 0 0 0 0 18744789 0 0 0 
0 0 0 0 0 0 0 0 0 0 0 0 0 0 0 0 0 0 0 0 0 0 0 3 38266 0 0 0 0 0 110 0 0 11116560 19659625 16226540 0 0 0 18779214 0 0 0 0 
0 0 0 0 0 0 0 0 0 0 0 0 0 0 0 0 0 0 0 0 0 0 0 3 0 38260 38254 0 0 110 0 0 0 35894695 11111734 0 0 0 0 0 18782344 0 0 0 
0 0 0 0 0 0 0 0 0 0 0 0 0 0 0 0 0 0 0 0 0 0 0 3 38266 0 0 0 0 0 110 0 0 11153650 19726928 16285791 0 0 0 18837938 0 0 0 0 
0 0 0 0 0 0 0 0 0 0 0 0 0 0 0 0 0 0 0 0 0 0 0 3 0 38262 38254 0 0 110 0 0 0 36021232 11148815 0 0 0 0 0 18841075 0 0 0 
0 0 0 0 0 0 0 0 0 0 0 0 0 0 0 0 0 0 0 0 0 0 0 3 38274 0 0 0 0 0 110 0 0 11196066 19781414 16328593 0 0 0 18905383 0 0 0 0 
0 0 0 0 0 0 0 0 0 0 0 0 0 0 0 0 0 0 0 0 0 0 0 3 0 38268 38262 0 0 110 0 0 0 36118527 11191226 0 0 0 0 0 18908527 0 0 0 
0 0 0 0 0 0 0 0 0 0 0 0 0 0 0 0 0 0 0 0 0 0 0 3 38282 0 0 0 0 0 110 0 0 11214262 19833596 16371140 0 0 0 18942903 0 0 0 0 
0 0 0 0 0 0 0 0 0 0 0 0 0 0 0 0 0 0 0 0 0 0 0 3 0 38276 38270 0 0 110 0 0 0 36213219 11209421 0 0 0 0 0 18946049 0 0 0 
0 0 0 0 0 0 0 0 0 0 0 0 0 0 0 0 0 0 0 0 0 0 0 3 38298 0 0 0 0 0 110 0 0 11246730 19867628 16397610 0 0 0 18994088 0 0 0 0 
0 0 0 0 0 0 0 0 0 0 0 0 0 0 0 0 0 0 0 0 0 0 0 3 0 38292 38286 0 0 110 0 0 0 36273726 11241881 0 0 0 0 0 18997238 0 0 0 
0 0 0 0 0 0 0 0 0 0 0 0 0 0 0 0 0 0 0 0 0 0 0 3 38306 0 0 0 0 0 110 0 0 11281286 19934418 16455860 0 0 0 19046638 0 0 0 0 
0 0 0 0 0 0 0 0 0 0 0 0 0 0 0 0 0 0 0 0 0 0 0 3 0 38300 38294 0 0 110 0 0 0 36398753 11276424 0 0 0 0 0 19049795 0 0 0 
0 0 0 0 0 0 0 0 0 0 0 0 0 0 0 0 0 0 0 0 0 0 0 3 38306 0 0 0 0 0 110 0 0 11319589 19991942 16501948 0 0 0 19113091 0 0 0 0 
0 0 0 0 0 0 0 0 0 0 0 0 0 0 0 0 0 0 0 0 0 0 0 3 0 38300 38294 0 0 110 0 0 0 36502349 11314720 0 0 0 0 0 19116260 0 0 0 
0 0 0 0 0 0 0 0 0 0 0 0 0 0 0 0 0 0 0 0 0 0 0 3 38314 0 0 0 0 0 110 0 0 11332357 20031731 16534881 0 0 0 19141010 0 0 0 0 
0 0 0 0 0 0 0 0 0 0 0 0 0 0 0 0 0 0 0 0 0 0 0 3 0 38314 38302 0 0 110 0 0 0 36575053 11327485 0 0 0 0 0 19144179 0 0 0 
0 0 0 0 0 0 0 0 0 0 0 0 0 0 0 0 0 0 0 0 0 0 0 3 38330 0 0 0 0 0 110 0 0 11370740 20076764 16569720 0 0 0 19201911 0 0 0 0 
0 0 0 0 0 0 0 0 0 0 0 0 0 0 0 0 0 0 0 0 0 0 0 3 0 38324 38318 0 0 110 0 0 0 36654937 11365858 0 0 0 0 0 19205081 0 0 0 
0 0 0 0 0 0 0 0 0 0 0 0 0 0 0 0 0 0 0 0 0 0 0 3 38338 0 0 0 0 0 110 0 0 11415481 20143982 16628783 0 0 0 19265761 0 0 0 0 
0 0 0 0 0 0 0 0 0 0 0 0 0 0 0 0 0 0 0 0 0 0 0 3 0 38332 38326 0 0 110 0 0 0 36781207 11410594 0 0 0 0 0 19268942 0 0 0 
0 0 0 0 0 0 0 0 0 0 0 0 0 0 0 0 0 0 0 0 0 0 0 3 38338 0 0 0 0 0 110 0 0 11450075 20211085 16688131 0 0 0 19320494 0 0 0 0 
0 0 0 0 0 0 0 0 0 0 0 0 0 0 0 0 0 0 0 0 0 0 0 3 0 38335 38326 0 0 110 0 0 0 36907651 11445184 0 0 0 0 0 19323681 0 0 0 
0 0 0 0 0 0 0 0 0 0 0 0 0 0 0 0 0 0 0 0 0 0 0 3 38362 0 0 0 0 0 110 0 0 11451419 20226466 16699853 0 0 0 19335221 0 0 0 0 
0 0 0 0 0 0 0 0 0 0 0 0 0 0 0 0 0 0 0 0 0 0 0 3 0 38356 38350 0 0 110 0 0 0 36934752 11446528 0 0 0 0 0 19338408 0 0 0 
0 0 0 0 0 0 0 0 0 0 0 0 0 0 0 0 0 0 0 0 0 0 0 3 38362 0 0 0 0 0 110 0 0 11493434 20282554 16744279 0 0 0 19406134 0 0 0 0 
0 0 0 0 0 0 0 0 0 0 0 0 0 0 0 0 0 0 0 0 0 0 0 3 0 38356 38350 0 0 110 0 0 0 37035261 11488533 0 0 0 0 0 19409337 0 0 0 
0 0 0 0 0 0 0 0 0 0 0 0 0 0 0 0 0 0 0 0 0 0 0 3 38370 0 0 0 0 0 110 0 0 11542203 20348403 16801383 0 0 0 19474166 0 0 0 0 
0 0 0 0 0 0 0 0 0 0 0 0 0 0 0 0 0 0 0 0 0 0 0 3 0 38364 38358 0 0 110 0 0 0 37158194 11537294 0 0 0 0 0 19477380 0 0 0 
0 0 0 0 0 0 0 0 0 0 0 0 0 0 0 0 0 0 0 0 0 0 0 3 38378 0 0 0 0 0 110 0 0 11568518 20411601 16856514 0 0 0 19520840 0 0 0 0 
0 0 0 0 0 0 0 0 0 0 0 0 0 0 0 0 0 0 0 0 0 0 0 3 0 38372 38366 0 0 110 0 0 0 37276499 11563606 0 0 0 0 0 19524052 0 0 0 
0 0 0 0 0 0 0 0 0 0 0 0 0 0 0 0 0 0 0 0 0 0 0 3 38394 0 0 0 0 0 110 0 0 11580163 20435594 16872844 0 0 0 19550590 0 0 0 0 
0 0 0 0 0 0 0 0 0 0 0 0 0 0 0 0 0 0 0 0 0 0 0 3 0 38388 38382 0 0 110 0 0 0 37316821 11575252 0 0 0 0 0 19553807 0 0 0 
0 0 0 0 0 0 0 0 0 0 0 0 0 0 0 0 0 0 0 0 0 0 0 3 38394 0 0 0 0 0 110 0 0 11616769 20495640 16920363 0 0 0 19615183 0 0 0 0 
0 0 0 0 0 0 0 0 0 0 0 0 0 0 0 0 0 0 0 0 0 0 0 3 0 38388 38382 0 0 110 0 0 0 37424387 11611860 0 0 0 0 0 19618411 0 0 0 
0 0 0 0 0 0 0 0 0 0 0 0 0 0 0 0 0 0 0 0 0 0 0 3 38402 0 0 0 0 0 110 0 0 11664823 20560363 16975040 0 0 0 19684876 0 0 0 0 
0 0 0 0 0 0 0 0 0 0 0 0 0 0 0 0 0 0 0 0 0 0 0 3 0 38396 38390 0 0 110 0 0 0 37543760 11659895 0 0 0 0 0 19688112 0 0 0 
0 0 0 0 0 0 0 0 0 0 0 0 0 0 0 0 0 0 0 0 0 0 0 3 38410 0 0 0 0 0 110 0 0 11686595 20615831 17023920 0 0 0 19725042 0 0 0 0 
0 0 0 0 0 0 0 0 0 0 0 0 0 0 0 0 0 0 0 0 0 0 0 3 0 38404 38398 0 0 110 0 0 0 37648088 11681662 0 0 0 0 0 19728281 0 0 0 
0 0 0 0 0 0 0 0 0 0 0 0 0 0 0 0 0 0 0 0 0 0 0 3 38426 0 0 0 0 0 110 0 0 11714657 20648473 17047285 0 0 0 19772948 0 0 0 0 
0 0 0 0 0 0 0 0 0 0 0 0 0 0 0 0 0 0 0 0 0 0 0 3 0 38420 38414 0 0 110 0 0 0 37704088 11709712 0 0 0 0 0 19776192 0 0 0 
0 0 0 0 0 0 0 0 0 0 0 0 0 0 0 0 0 0 0 0 0 0 0 3 38434 0 0 0 0 0 110 0 0 11747902 20717755 17106447 0 0 0 19826356 0 0 0 0 
0 0 0 0 0 0 0 0 0 0 0 0 0 0 0 0 0 0 0 0 0 0 0 3 0 38428 38422 0 0 110 0 0 0 37832498 11742948 0 0 0 0 0 19829599 0 0 0 
0 0 0 0 0 0 0 0 0 0 0 0 0 0 0 0 0 0 0 0 0 0 0 3 38434 0 0 0 0 0 110 0 0 11788518 20773347 17149762 0 0 0 19896550 0 0 0 0 
0 0 0 0 0 0 0 0 0 0 0 0 0 0 0 0 0 0 0 0 0 0 0 3 0 38428 38422 0 0 110 0 0 0 37931399 11783557 0 0 0 0 0 19899794 0 0 0 
0 0 0 0 0 0 0 0 0 0 0 0 0 0 0 0 0 0 0 0 0 0 0 3 38442 0 0 0 0 0 110 0 0 11804682 20816108 17189127 0 0 0 19925303 0 0 0 0 
0 0 0 0 0 0 0 0 0 0 0 0 0 0 0 0 0 0 0 0 0 0 0 3 0 38437 38430 0 0 110 0 0 0 38013505 11799718 0 0 0 0 0 19928549 0 0 0 
0 0 0 0 0 0 0 0 0 0 0 0 0 0 0 0 0 0 0 0 0 0 0 3 38458 0 0 0 0 0 110 0 0 11840926 20857503 17220021 0 0 0 19982763 0 0 0 0 
0 0 0 0 0 0 0 0 0 0 0 0 0 0 0 0 0 0 0 0 0 0 0 3 0 38452 38446 0 0 110 0 0 0 38085786 11835946 0 0 0 0 0 19986024 0 0 0 
0 0 0 0 0 0 0 0 0 0 0 0 0 0 0 0 0 0 0 0 0 0 0 3 38466 0 0 0 0 0 110 0 0 11877635 20923641 17277478 0 0 0 20039616 0 0 0 0 
0 0 0 0 0 0 0 0 0 0 0 0 0 0 0 0 0 0 0 0 0 0 0 3 0 38460 38453 0 0 110 0 0 0 38209358 11872648 0 0 0 0 0 20042876 0 0 0 
0 0 0 0 0 0 0 0 0 0 0 0 0 0 0 0 0 0 0 0 0 0 0 3 38466 0 0 0 0 0 110 0 0 11913325 20983646 17326045 0 0 0 20101423 0 0 0 0 
0 0 0 0 0 0 0 0 0 0 0 0 0 0 0 0 0 0 0 0 0 0 0 3 0 38460 38453 0 0 110 0 0 0 38317907 11908327 0 0 0 0 0 20104688 0 0 0 
0 0 0 0 0 0 0 0 0 0 0 0 0 0 0 0 0 0 0 0 0 0 0 3 38482 0 0 0 0 0 110 0 0 11923138 21012513 17353309 0 0 0 20121679 0 0 0 0 
0 0 0 0 0 0 0 0 0 0 0 0 0 0 0 0 0 0 0 0 0 0 0 3 0 38476 38469 0 0 110 0 0 0 38374012 11918138 0 0 0 0 0 20124945 0 0 0 
0 0 0 0 0 0 0 0 0 0 0 0 0 0 0 0 0 0 0 0 0 0 0 3 38490 0 0 0 0 0 110 0 0 11965087 21067336 17395496 0 0 0 20191646 0 0 0 0 
0 0 0 0 0 0 0 0 0 0 0 0 0 0 0 0 0 0 0 0 0 0 0 3 0 38484 38477 0 0 110 0 0 0 38471004 11960077 0 0 0 0 0 20194913 0 0 0 
0 0 0 0 0 0 0 0 0 0 0 0 0 0 0 0 0 0 0 0 0 0 0 3 38498 0 0 0 0 0 110 0 0 12013559 21132463 17452197 0 0 0 20258016 0 0 0 0 
0 0 0 0 0 0 0 0 0 0 0 0 0 0 0 0 0 0 0 0 0 0 0 3 0 38492 38485 0 0 110 0 0 0 38592802 12008529 0 0 0 0 0 20261286 0 0 0 
0 0 0 0 0 0 0 0 0 0 0 0 0 0 0 0 0 0 0 0 0 0 0 3 38506 0 0 0 0 0 110 0 0 12040857 21195726 17506513 0 0 0 20304873 0 0 0 0 
0 0 0 0 0 0 0 0 0 0 0 0 0 0 0 0 0 0 0 0 0 0 0 3 0 38500 38493 0 0 110 0 0 0 38710355 12035824 0 0 0 0 0 20308144 0 0 0 
<====
0 0 0 0 0 0 0 0 0 0 0 0 0 0 0 0 0 0 0 0 0 0 0 3 38506 0 0 0 0 0 110 0 0 12041219 21204433 17511665 0 0 0 20313594 0 0 0 0 
0 0 0 0 0 0 0 0 0 0 0 0 0 0 0 0 0 0 0 0 0 0 0 3 0 38508 38493 0 0 110 0 0 0 38724214 12036185 0 0 0 0 0 20316865 0 0 0 
0 0 0 0 0 0 0 0 0 0 0 0 0 0 0 0 0 0 0 0 0 0 0 3 38506 0 0 0 0 0 110 0 0 12041219 21204433 17511665 0 0 0 20313594 0 0 0 0 
0 0 0 0 0 0 0 0 0 0 0 0 0 0 0 0 0 0 0 0 0 0 0 3 0 38508 38493 0 0 110 0 0 0 38724214 12036185 0 0 0 0 0 20316865 0 0 0 
0 0 0 0 0 0 0 0 0 0 0 0 0 0 0 0 0 0 0 0 0 0 0 3 38506 0 0 0 0 0 110 0 0 12041219 21204433 17511665 0 0 0 20313594 0 0 0 0 
0 0 0 0 0 0 0 0 0 0 0 0 0 0 0 0 0 0 0 0 0 0 0 3 0 38508 38493 0 0 110 0 0 0 38724214 12036185 0 0 0 0 0 20316865 0 0 0 
0 0 0 0 0 0 0 0 0 0 0 0 0 0 0 0 0 0 0 0 0 0 0 3 38506 0 0 0 0 0 110 0 0 12041219 21204433 17511665 0 0 0 20313594 0 0 0 0 
0 0 0 0 0 0 0 0 0 0 0 0 0 0 0 0 0 0 0 0 0 0 0 3 0 38508 38493 0 0 110 0 0 0 38724214 12036185 0 0 0 0 0 20316865 0 0 0 
