0 0 0 0 0 0 0 0 0 0 0 0 0 0 0 0 0 0 0 0 0 0 0 3 0 37780 37766 0 0 88 0 0 0 30757440 9438744 0 0 0 0 0 16124532 0 0 0 
0 0 0 0 0 0 0 0 0 0 0 0 0 0 0 0 0 0 0 0 0 0 0 3 0 37780 37766 0 0 88 0 0 0 30757440 9438744 0 0 0 0 0 16124532 0 0 0 
0 0 0 0 0 0 0 0 0 0 0 0 0 0 0 0 0 0 0 0 0 0 0 3 0 37780 37766 0 0 88 0 0 0 30757440 9438744 0 0 0 0 0 16124532 0 0 0 
0 0 0 0 0 0 0 0 0 0 0 0 0 0 0 0 0 0 0 0 0 0 0 3 0 37780 37766 0 0 88 0 0 0 30757440 9438744 0 0 0 0 0 16124532 0 0 0 
0 0 0 0 0 0 0 0 0 0 0 0 0 0 0 0 0 0 0 0 0 0 0 3 0 37780 37766 0 0 88 0 0 0 30757440 9438744 0 0 0 0 0 16124532 0 0 0 
0 0 0 0 0 0 0 0 0 0 0 0 0 0 0 0 0 0 0 0 0 0 0 3 0 37780 37766 0 0 88 0 0 0 30757440 9438744 0 0 0 0 0 16124532 0 0 0 
0 0 0 0 0 0 0 0 0 0 0 0 0 0 0 0 0 0 0 0 0 0 0 3 37786 0 0 0 0 0 108 0 0 9443255 16749853 14019384 0 0 0 16125939 0 0 0 0 
0 0 0 0 0 0 0 0 0 0 0 0 0 0 0 0 0 0 0 0 0 0 0 3 37802 0 0 0 0 0 110 0 0 9443279 16958477 14021194 0 0 0 16129273 0 0 0 0 
0 0 0 0 0 0 0 0 0 0 0 0 0 0 0 0 0 0 0 0 0 0 0 3 37818 0 0 0 0 0 110 0 0 9443310 16979052 14030908 0 0 0 16148776 0 0 0 0 
0 0 0 0 0 0 0 0 0 0 0 0 0 0 0 0 0 0 0 0 0 0 0 3 37826 0 0 0 0 0 110 0 0 9508867 17031481 14044906 0 0 0 16171150 0 0 0 0 
0 0 0 0 0 0 0 0 0 0 0 0 0 0 0 0 0 0 0 0 0 0 0 3 37834 0 0 0 0 0 110 0 0 9561089 17136425 14054667 0 0 0 16188056 0 0 0 0 
0 0 0 0 0 0 0 0 0 0 0 0 0 0 0 0 0 0 0 0 0 0 0 3 37850 0 0 0 0 0 110 0 0 9561111 17146219 14118741 0 0 0 16256791 0 0 0 0 
0 0 0 0 0 0 0 0 0 0 0 0 0 0 0 0 0 0 0 0 0 0 0 3 37866 0 0 0 0 0 110 0 0 9570508 17163658 14128002 0 0 0 16270063 0 0 0 0 
0 0 0 0 0 0 0 0 0 0 0 0 0 0 0 0 0 0 0 0 0 0 0 3 37874 0 0 0 0 0 110 0 0 9623886 17241527 14144572 0 0 0 16296311 0 0 0 0 
0 0 0 0 0 0 0 0 0 0 0 0 0 0 0 0 0 0 0 0 0 0 0 3 37874 0 0 0 0 0 110 0 0 9673102 17304291 14244378 0 0 0 16413050 0 0 0 0 
0 0 0 0 0 0 0 0 0 0 0 0 0 0 0 0 0 0 0 0 0 0 0 3 37882 0 0 0 0 0 110 0 0 9717076 17360974 14304476 0 0 0 16486157 0 0 0 0 
0 0 0 0 0 0 0 0 0 0 0 0 0 0 0 0 0 0 0 0 0 0 0 3 37890 0 0 0 0 0 110 0 0 9755855 17425721 14360968 0 0 0 16544102 0 0 0 0 
0 0 0 0 0 0 0 0 0 0 0 0 0 0 0 0 0 0 0 0 0 0 0 3 37890 0 0 0 0 0 110 0 0 9792788 17491182 14415830 0 0 0 16604818 0 0 0 0 
0 0 0 0 0 0 0 0 0 0 0 0 0 0 0 0 0 0 0 0 0 0 0 3 37914 0 0 0 0 0 110 0 0 9799469 17514748 14433011 0 0 0 16623927 0 0 0 0 
0 0 0 0 0 0 0 0 0 0 0 0 0 0 0 0 0 0 0 0 0 0 0 3 37914 0 0 0 0 0 110 0 0 9840502 17570583 14476980 0 0 0 16694430 0 0 0 0 
0 0 0 0 0 0 0 0 0 0 0 0 0 0 0 0 0 0 0 0 0 0 0 3 37922 0 0 0 0 0 110 0 0 9886666 17635505 14533274 0 0 0 16759097 0 0 0 0 
0 0 0 0 0 0 0 0 0 0 0 0 0 0 0 0 0 0 0 0 0 0 0 3 37930 0 0 0 0 0 110 0 0 9915316 17698232 14588630 0 0 0 16807785 0 0 0 0 
0 0 0 0 0 0 0 0 0 0 0 0 0 0 0 0 0 0 0 0 0 0 0 3 37946 0 0 0 0 0 110 0 0 9936378 17723949 14608991 0 0 0 16844209 0 0 0 0 
0 0 0 0 0 0 0 0 0 0 0 0 0 0 0 0 0 0 0 0 0 0 0 3 37946 0 0 0 0 0 110 0 0 9972425 17791798 14666617 0 0 0 16903265 0 0 0 0 
0 0 0 0 0 0 0 0 0 0 0 0 0 0 0 0 0 0 0 0 0 0 0 3 37954 0 0 0 0 0 110 0 0 10014494 17846092 14710184 0 0 0 16970296 0 0 0 0 
0 0 0 0 0 0 0 0 0 0 0 0 0 0 0 0 0 0 0 0 0 0 0 3 37962 0 0 0 0 0 110 0 0 10033405 17897824 14754629 0 0 0 17007367 0 0 0 0 
0 0 0 0 0 0 0 0 0 0 0 0 0 0 0 0 0 0 0 0 0 0 0 3 37978 0 0 0 0 0 110 0 0 10068401 17934906 14783607 0 0 0 17061275 0 0 0 0 
0 0 0 0 0 0 0 0 0 0 0 0 0 0 0 0 0 0 0 0 0 0 0 3 37986 0 0 0 0 0 110 0 0 10106196 18002118 14842347 0 0 0 17118268 0 0 0 0 
0 0 0 0 0 0 0 0 0 0 0 0 0 0 0 0 0 0 0 0 0 0 0 3 37986 0 0 0 0 0 110 0 0 10141380 18062032 14890409 0 0 0 17180795 0 0 0 0 
0 0 0 0 0 0 0 0 0 0 0 0 0 0 0 0 0 0 0 0 0 0 0 3 38002 0 0 0 0 0 110 0 0 10151856 18091907 14917873 0 0 0 17201414 0 0 0 0 
0 0 0 0 0 0 0 0 0 0 0 0 0 0 0 0 0 0 0 0 0 0 0 3 38010 0 0 0 0 0 110 0 0 10193728 18146107 14960011 0 0 0 17270628 0 0 0 0 
0 0 0 0 0 0 0 0 0 0 0 0 0 0 0 0 0 0 0 0 0 0 0 3 38018 0 0 0 0 0 110 0 0 10242898 18211599 15017917 0 0 0 17337883 0 0 0 0 
0 0 0 0 0 0 0 0 0 0 0 0 0 0 0 0 0 0 0 0 0 0 0 3 38026 0 0 0 0 0 110 0 0 10269572 18274280 15072782 0 0 0 17383753 0 0 0 0 
0 0 0 0 0 0 0 0 0 0 0 0 0 0 0 0 0 0 0 0 0 0 0 3 38042 0 0 0 0 0 110 0 0 10289667 18302783 15092909 0 0 0 17422268 0 0 0 0 
0 0 0 0 0 0 0 0 0 0 0 0 0 0 0 0 0 0 0 0 0 0 0 3 38042 0 0 0 0 0 110 0 0 10325494 18367690 15148879 0 0 0 17480196 0 0 0 0 
0 0 0 0 0 0 0 0 0 0 0 0 0 0 0 0 0 0 0 0 0 0 0 3 38050 0 0 0 0 0 110 0 0 10369108 18424159 15193326 0 0 0 17548383 0 0 0 0 
0 0 0 0 0 0 0 0 0 0 0 0 0 0 0 0 0 0 0 0 0 0 0 3 38058 0 0 0 0 0 110 0 0 10387660 18473209 15236635 0 0 0 17582657 0 0 0 0 
0 0 0 0 0 0 0 0 0 0 0 0 0 0 0 0 0 0 0 0 0 0 0 3 38074 0 0 0 0 0 110 0 0 10422232 18510651 15264310 0 0 0 17636972 0 0 0 0 
0 0 0 0 0 0 0 0 0 0 0 0 0 0 0 0 0 0 0 0 0 0 0 3 38082 0 0 0 0 0 110 0 0 10457740 18577278 15324146 0 0 0 17691763 0 0 0 0 
0 0 0 0 0 0 0 0 0 0 0 0 0 0 0 0 0 0 0 0 0 0 0 3 38082 0 0 0 0 0 110 0 0 10495674 18638328 15373333 0 0 0 17757112 0 0 0 0 
0 0 0 0 0 0 0 0 0 0 0 0 0 0 0 0 0 0 0 0 0 0 0 3 38098 0 0 0 0 0 110 0 0 10506113 18669955 15400700 0 0 0 17779393 0 0 0 0 
0 0 0 0 0 0 0 0 0 0 0 0 0 0 0 0 0 0 0 0 0 0 0 3 38106 0 0 0 0 0 110 0 0 10548306 18725199 15443395 0 0 0 17848987 0 0 0 0 
0 0 0 0 0 0 0 0 0 0 0 0 0 0 0 0 0 0 0 0 0 0 0 3 38114 0 0 0 0 0 110 0 0 10594725 18790066 15500685 0 0 0 17913959 0 0 0 0 
0 0 0 0 0 0 0 0 0 0 0 0 0 0 0 0 0 0 0 0 0 0 0 3 38122 0 0 0 0 0 110 0 0 10623834 18851696 15555289 0 0 0 17961114 0 0 0 0 
0 0 0 0 0 0 0 0 0 0 0 0 0 0 0 0 0 0 0 0 0 0 0 3 38138 0 0 0 0 0 110 0 0 10636916 18878533 15571705 0 0 0 17994337 0 0 0 0 
0 0 0 0 0 0 0 0 0 0 0 0 0 0 0 0 0 0 0 0 0 0 0 3 38138 0 0 0 0 0 110 0 0 10669088 18932450 15614191 0 0 0 18055370 0 0 0 0 
0 0 0 0 0 0 0 0 0 0 0 0 0 0 0 0 0 0 0 0 0 0 0 3 38146 0 0 0 0 0 110 0 0 10718422 18997226 15671038 0 0 0 18123454 0 0 0 0 
0 0 0 0 0 0 0 0 0 0 0 0 0 0 0 0 0 0 0 0 0 0 0 3 38154 0 0 0 0 0 110 0 0 10741916 19056084 15723020 0 0 0 18165488 0 0 0 0 
0 0 0 0 0 0 0 0 0 0 0 0 0 0 0 0 0 0 0 0 0 0 0 3 38170 0 0 0 0 0 110 0 0 10769545 19086192 15746707 0 0 0 18209445 0 0 0 0 
0 0 0 0 0 0 0 0 0 0 0 0 0 0 0 0 0 0 0 0 0 0 0 3 38178 0 0 0 0 0 110 0 0 10805524 19155577 15806343 0 0 0 18266342 0 0 0 0 
0 0 0 0 0 0 0 0 0 0 0 0 0 0 0 0 0 0 0 0 0 0 0 3 38178 0 0 0 0 0 110 0 0 10845207 19211798 15849731 0 0 0 18335208 0 0 0 0 
0 0 0 0 0 0 0 0 0 0 0 0 0 0 0 0 0 0 0 0 0 0 0 3 38186 0 0 0 0 0 110 0 0 10860007 19253094 15886096 0 0 0 18362471 0 0 0 0 
0 0 0 0 0 0 0 0 0 0 0 0 0 0 0 0 0 0 0 0 0 0 0 3 38202 0 0 0 0 0 110 0 0 10897063 19295330 15919138 0 0 0 18421153 0 0 0 0 
0 0 0 0 0 0 0 0 0 0 0 0 0 0 0 0 0 0 0 0 0 0 0 3 38210 0 0 0 0 0 110 0 0 10936809 19362011 15977346 0 0 0 18479877 0 0 0 0 
0 0 0 0 0 0 0 0 0 0 0 0 0 0 0 0 0 0 0 0 0 0 0 3 38210 0 0 0 0 0 110 0 0 10975046 19428842 16035098 0 0 0 18540653 0 0 0 0 
0 0 0 0 0 0 0 0 0 0 0 0 0 0 0 0 0 0 0 0 0 0 0 3 38234 0 0 0 0 0 110 0 0 10984061 19449688 16052977 0 0 0 18561189 0 0 0 0 
0 0 0 0 0 0 0 0 0 0 0 0 0 0 0 0 0 0 0 0 0 0 0 3 38234 0 0 0 0 0 110 0 0 11023064 19507500 16097189 0 0 0 18629717 0 0 0 0 
0 0 0 0 0 0 0 0 0 0 0 0 0 0 0 0 0 0 0 0 0 0 0 3 38242 0 0 0 0 0 110 0 0 11071254 19571186 16152788 0 0 0 18697257 0 0 0 0 
0 0 0 0 0 0 0 0 0 0 0 0 0 0 0 0 0 0 0 0 0 0 0 3 38250 0 0 0 0 0 110 0 0 11096173 19632349 16206707 0 0 0 18741663 0 0 0 0 
0 0 0 0 0 0 0 0 0 0 0 0 0 0 0 0 0 0 0 0 0 0 0 3 38266 0 0 0 0 0 110 0 0 11116560 19659625 16226540 0 0 0 18779214 0 0 0 0 
0 0 0 0 0 0 0 0 0 0 0 0 0 0 0 0 0 0 0 0 0 0 0 3 38266 0 0 0 0 0 110 0 0 11153650 19726928 16285791 0 0 0 18837938 0 0 0 0 
0 0 0 0 0 0 0 0 0 0 0 0 0 0 0 0 0 0 0 0 0 0 0 3 38274 0 0 0 0 0 110 0 0 11196066 19781414 16328593 0 0 0 18905383 0 0 0 0 
0 0 0 0 0 0 0 0 0 0 0 0 0 0 0 0 0 0 0 0 0 0 0 3 38282 0 0 0 0 0 110 0 0 11214262 19833596 16371140 0 0 0 18942903 0 0 0 0 
0 0 0 0 0 0 0 0 0 0 0 0 0 0 0 0 0 0 0 0 0 0 0 3 38298 0 0 0 0 0 110 0 0 11246730 19867628 16397610 0 0 0 18994088 0 0 0 0 
0 0 0 0 0 0 0 0 0 0 0 0 0 0 0 0 0 0 0 0 0 0 0 3 38306 0 0 0 0 0 110 0 0 11281286 19934418 16455860 0 0 0 19046638 0 0 0 0 
0 0 0 0 0 0 0 0 0 0 0 0 0 0 0 0 0 0 0 0 0 0 0 3 38306 0 0 0 0 0 110 0 0 11319589 19991942 16501948 0 0 0 19113091 0 0 0 0 
0 0 0 0 0 0 0 0 0 0 0 0 0 0 0 0 0 0 0 0 0 0 0 3 38314 0 0 0 0 0 110 0 0 11332357 20031731 16534881 0 0 0 19141010 0 0 0 0 
0 0 0 0 0 0 0 0 0 0 0 0 0 0 0 0 0 0 0 0 0 0 0 3 38330 0 0 0 0 0 110 0 0 11370740 20076764 16569720 0 0 0 19201911 0 0 0 0 
0 0 0 0 0 0 0 0 0 0 0 0 0 0 0 0 0 0 0 0 0 0 0 3 38338 0 0 0 0 0 110 0 0 11415481 20143982 16628783 0 0 0 19265761 0 0 0 0 
0 0 0 0 0 0 0 0 0 0 0 0 0 0 0 0 0 0 0 0 0 0 0 3 38338 0 0 0 0 0 110 0 0 11450075 20211085 16688131 0 0 0 19320494 0 0 0 0 
0 0 0 0 0 0 0 0 0 0 0 0 0 0 0 0 0 0 0 0 0 0 0 3 38362 0 0 0 0 0 110 0 0 11451419 20226466 16699853 0 0 0 19335221 0 0 0 0 
0 0 0 0 0 0 0 0 0 0 0 0 0 0 0 0 0 0 0 0 0 0 0 3 38362 0 0 0 0 0 110 0 0 11493434 20282554 16744279 0 0 0 19406134 0 0 0 0 
0 0 0 0 0 0 0 0 0 0 0 0 0 0 0 0 0 0 0 0 0 0 0 3 38370 0 0 0 0 0 110 0 0 11542203 20348403 16801383 0 0 0 19474166 0 0 0 0 
0 0 0 0 0 0 0 0 0 0 0 0 0 0 0 0 0 0 0 0 0 0 0 3 38378 0 0 0 0 0 110 0 0 11568518 20411601 16856514 0 0 0 19520840 0 0 0 0 
0 0 0 0 0 0 0 0 0 0 0 0 0 0 0 0 0 0 0 0 0 0 0 3 38394 0 0 0 0 0 110 0 0 11580163 20435594 16872844 0 0 0 19550590 0 0 0 0 
0 0 0 0 0 0 0 0 0 0 0 0 0 0 0 0 0 0 0 0 0 0 0 3 38394 0 0 0 0 0 110 0 0 11616769 20495640 16920363 0 0 0 19615183 0 0 0 0 
0 0 0 0 0 0 0 0 0 0 0 0 0 0 0 0 0 0 0 0 0 0 0 3 38402 0 0 0 0 0 110 0 0 11664823 20560363 16975040 0 0 0 19684876 0 0 0 0 
0 0 0 0 0 0 0 0 0 0 0 0 0 0 0 0 0 0 0 0 0 0 0 3 38410 0 0 0 0 0 110 0 0 11686595 20615831 17023920 0 0 0 19725042 0 0 0 0 
0 0 0 0 0 0 0 0 0 0 0 0 0 0 0 0 0 0 0 0 0 0 0 3 38426 0 0 0 0 0 110 0 0 11714657 20648473 17047285 0 0 0 19772948 0 0 0 0 
0 0 0 0 0 0 0 0 0 0 0 0 0 0 0 0 0 0 0 0 0 0 0 3 38434 0 0 0 0 0 110 0 0 11747902 20717755 17106447 0 0 0 19826356 0 0 0 0 
0 0 0 0 0 0 0 0 0 0 0 0 0 0 0 0 0 0 0 0 0 0 0 3 38434 0 0 0 0 0 110 0 0 11788518 20773347 17149762 0 0 0 19896550 0 0 0 0 
0 0 0 0 0 0 0 0 0 0 0 0 0 0 0 0 0 0 0 0 0 0 0 3 38442 0 0 0 0 0 110 0 0 11804682 20816108 17189127 0 0 0 19925303 0 0 0 0 
0 0 0 0 0 0 0 0 0 0 0 0 0 0 0 0 0 0 0 0 0 0 0 3 38458 0 0 0 0 0 110 0 0 11840926 20857503 17220021 0 0 0 19982763 0 0 0 0 
0 0 0 0 0 0 0 0 0 0 0 0 0 0 0 0 0 0 0 0 0 0 0 3 38466 0 0 0 0 0 110 0 0 11877635 20923641 17277478 0 0 0 20039616 0 0 0 0 
0 0 0 0 0 0 0 0 0 0 0 0 0 0 0 0 0 0 0 0 0 0 0 3 38466 0 0 0 0 0 110 0 0 11913325 20983646 17326045 0 0 0 20101423 0 0 0 0 
0 0 0 0 0 0 0 0 0 0 0 0 0 0 0 0 0 0 0 0 0 0 0 3 38482 0 0 0 0 0 110 0 0 11923138 21012513 17353309 0 0 0 20121679 0 0 0 0 
0 0 0 0 0 0 0 0 0 0 0 0 0 0 0 0 0 0 0 0 0 0 0 3 38490 0 0 0 0 0 110 0 0 11965087 21067336 17395496 0 0 0 20191646 0 0 0 0 
0 0 0 0 0 0 0 0 0 0 0 0 0 0 0 0 0 0 0 0 0 0 0 3 38498 0 0 0 0 0 110 0 0 12013559 21132463 17452197 0 0 0 20258016 0 0 0 0 
0 0 0 0 0 0 0 0 0 0 0 0 0 0 0 0 0 0 0 0 0 0 0 3 38506 0 0 0 0 0 110 0 0 12040857 21195726 17506513 0 0 0 20304873 0 0 0 0 
<====
0 0 0 0 0 0 0 0 0 0 0 0 0 0 0 0 0 0 0 0 0 0 0 3 0 38508 38493 0 0 110 0 0 0 38724214 12036185 0 0 0 0 0 20316865 0 0 0 
0 0 0 0 0 0 0 0 0 0 0 0 0 0 0 0 0 0 0 0 0 0 0 3 0 38508 38493 0 0 110 0 0 0 38724214 12036185 0 0 0 0 0 20316865 0 0 0 
0 0 0 0 0 0 0 0 0 0 0 0 0 0 0 0 0 0 0 0 0 0 0 3 0 38508 38493 0 0 110 0 0 0 38724214 12036185 0 0 0 0 0 20316865 0 0 0 
0 0 0 0 0 0 0 0 0 0 0 0 0 0 0 0 0 0 0 0 0 0 0 3 0 38508 38493 0 0 110 0 0 0 38724214 12036185 0 0 0 0 0 20316865 0 0 0 
