0 0 0 0 0 0 0 0 0 0 0 0 0 0 0 0 0 0 0 0 0 0 0 3 0 12106 12103 0 0 15 0 0 0 5358040 1638495 0 0 0 0 0 2787309 0 0 0 
0 0 0 0 0 0 0 0 0 0 0 0 0 0 0 0 0 0 0 0 0 0 0 3 12106 0 0 0 0 0 15 0 0 1638335 2811522 2545802 0 0 0 2787587 0 0 0 0 
0 0 0 0 0 0 0 0 0 0 0 0 0 0 0 0 0 0 0 0 0 0 0 3 0 12106 12103 0 0 15 0 0 0 5358040 1638495 0 0 0 0 0 2787309 0 0 0 
0 0 0 0 0 0 0 0 0 0 0 0 0 0 0 0 0 0 0 0 0 0 0 3 12106 0 0 0 0 0 15 0 0 1638335 2811522 2545802 0 0 0 2787587 0 0 0 0 
0 0 0 0 0 0 0 0 0 0 0 0 0 0 0 0 0 0 0 0 0 0 0 3 0 12106 12103 0 0 15 0 0 0 5358040 1638495 0 0 0 0 0 2787309 0 0 0 
0 0 0 0 0 0 0 0 0 0 0 0 0 0 0 0 0 0 0 0 0 0 0 3 12106 0 0 0 0 0 15 0 0 1638335 2811522 2545802 0 0 0 2787587 0 0 0 0 
0 0 0 0 0 0 0 0 0 0 0 0 0 0 0 0 0 0 0 0 0 0 0 3 0 12106 12103 0 0 15 0 0 0 5358040 1638495 0 0 0 0 0 2787309 0 0 0 
0 0 0 0 0 0 0 0 0 0 0 0 0 0 0 0 0 0 0 0 0 0 0 3 12106 0 0 0 0 0 15 0 0 1638335 2811522 2545802 0 0 0 2787587 0 0 0 0 
0 0 0 0 0 0 0 0 0 0 0 0 0 0 0 0 0 0 0 0 0 0 0 3 0 12106 12103 0 0 15 0 0 0 5358040 1638495 0 0 0 0 0 2787309 0 0 0 
0 0 0 0 0 0 0 0 0 0 0 0 0 0 0 0 0 0 0 0 0 0 0 3 12106 0 0 0 0 0 15 0 0 1638335 2811522 2545802 0 0 0 2787587 0 0 0 0 
0 0 0 0 0 0 0 0 0 0 0 0 0 0 0 0 0 0 0 0 0 0 0 3 0 12106 12103 0 0 15 0 0 0 5358040 1638495 0 0 0 0 0 2787309 0 0 0 
0 0 0 0 0 0 0 0 0 0 0 0 0 0 0 0 0 0 0 0 0 0 0 3 12106 0 0 0 0 0 15 0 0 1638335 2811522 2545802 0 0 0 2787587 0 0 0 0 
0 0 0 0 0 0 0 0 0 0 0 0 0 0 0 0 0 0 0 0 0 0 0 3 0 12106 12103 0 0 15 0 0 0 5358040 1638495 0 0 0 0 0 2787309 0 0 0 
0 0 0 0 0 0 0 0 0 0 0 0 0 0 0 0 0 0 0 0 0 0 0 3 12106 0 0 0 0 0 15 0 0 1638335 2811522 2545802 0 0 0 2787587 0 0 0 0 
0 0 0 0 0 0 0 0 0 0 0 0 0 0 0 0 0 0 0 0 0 0 0 3 0 12106 12103 0 0 15 0 0 0 5358040 1638495 0 0 0 0 0 2787309 0 0 0 
0 0 0 0 0 0 0 0 0 0 0 0 0 0 0 0 0 0 0 0 0 0 0 3 12106 0 0 0 0 0 15 0 0 1638335 2811522 2545802 0 0 0 2787587 0 0 0 0 
0 0 0 0 0 0 0 0 0 0 0 0 0 0 0 0 0 0 0 0 0 0 0 3 0 12106 12103 0 0 15 0 0 0 5358040 1638495 0 0 0 0 0 2787309 0 0 0 
0 0 0 0 0 0 0 0 0 0 0 0 0 0 0 0 0 0 0 0 0 0 0 3 12106 0 0 0 0 0 15 0 0 1638335 2811522 2545802 0 0 0 2787587 0 0 0 0 
0 0 0 0 0 0 0 0 0 0 0 0 0 0 0 0 0 0 0 0 0 0 0 3 0 12106 12103 0 0 15 0 0 0 5358040 1638495 0 0 0 0 0 2787309 0 0 0 
0 0 0 0 0 0 0 0 0 0 0 0 0 0 0 0 0 0 0 0 0 0 0 3 12106 0 0 0 0 0 15 0 0 1638335 2811522 2545802 0 0 0 2787587 0 0 0 0 
0 0 0 0 0 0 0 0 0 0 0 0 0 0 0 0 0 0 0 0 0 0 0 3 0 12106 12103 0 0 15 0 0 0 5358040 1638495 0 0 0 0 0 2787309 0 0 0 
0 0 0 0 0 0 0 0 0 0 0 0 0 0 0 0 0 0 0 0 0 0 0 3 12106 0 0 0 0 0 15 0 0 1638335 2811522 2545802 0 0 0 2787587 0 0 0 0 
0 0 0 0 0 0 0 0 0 0 0 0 0 0 0 0 0 0 0 0 0 0 0 3 0 12106 12103 0 0 15 0 0 0 5358040 1638495 0 0 0 0 0 2787309 0 0 0 
0 0 0 0 0 0 0 0 0 0 0 0 0 0 0 0 0 0 0 0 0 0 0 3 12106 0 0 0 0 0 15 0 0 1638335 2811522 2545802 0 0 0 2787587 0 0 0 0 
====>
0 0 0 0 0 0 0 0 0 0 0 0 0 0 0 0 0 0 0 0 0 0 0 3 0 12106 12103 0 0 15 0 0 0 5358040 1638495 0 0 0 0 0 2787309 0 0 0 
0 0 0 0 0 0 0 0 0 0 0 0 0 0 0 0 0 0 0 0 0 0 0 3 12106 0 0 0 0 0 15 0 0 1638335 2811522 2545802 0 0 0 2787587 0 0 0 0 
0 0 0 0 0 0 0 0 0 0 0 0 0 0 0 0 0 0 0 0 0 0 0 3 0 12114 12115 0 0 26 0 0 0 5443800 1638508 0 0 0 0 0 2789604 0 0 0 
0 0 0 0 0 0 0 0 0 0 0 0 0 0 0 0 0 0 0 0 0 0 0 3 12118 0 0 0 0 0 26 0 0 1638348 2895907 2547209 0 0 0 2789882 0 0 0 0 
0 0 0 0 0 0 0 0 0 0 0 0 0 0 0 0 0 0 0 0 0 0 0 3 0 12122 12123 0 0 26 0 0 0 5453760 1638522 0 0 0 0 0 2793783 0 0 0 
0 0 0 0 0 0 0 0 0 0 0 0 0 0 0 0 0 0 0 0 0 0 0 3 12126 0 0 0 0 0 26 0 0 1638362 2900624 2552452 0 0 0 2794061 0 0 0 0 
0 0 0 0 0 0 0 0 0 0 0 0 0 0 0 0 0 0 0 0 0 0 0 3 0 12126 12127 0 0 26 0 0 0 5494349 1665680 0 0 0 0 0 2804008 0 0 0 
0 0 0 0 0 0 0 0 0 0 0 0 0 0 0 0 0 0 0 0 0 0 0 3 12130 0 0 0 0 0 26 0 0 1665518 2934574 2559103 0 0 0 2804286 0 0 0 0 
0 0 0 0 0 0 0 0 0 0 0 0 0 0 0 0 0 0 0 0 0 0 0 3 0 12134 12135 0 0 26 0 0 0 5544937 1688136 0 0 0 0 0 2826307 0 0 0 
0 0 0 0 0 0 0 0 0 0 0 0 0 0 0 0 0 0 0 0 0 0 0 3 12138 0 0 0 0 0 26 0 0 1687974 2963254 2580987 0 0 0 2826586 0 0 0 0 
0 0 0 0 0 0 0 0 0 0 0 0 0 0 0 0 0 0 0 0 0 0 0 3 0 12142 12143 0 0 26 0 0 0 5562657 1688150 0 0 0 0 0 2839066 0 0 0 
0 0 0 0 0 0 0 0 0 0 0 0 0 0 0 0 0 0 0 0 0 0 0 3 12146 0 0 0 0 0 26 0 0 1687988 2970750 2591213 0 0 0 2839345 0 0 0 0 
0 0 0 0 0 0 0 0 0 0 0 0 0 0 0 0 0 0 0 0 0 0 0 3 0 12146 12147 0 0 26 0 0 0 5599475 1708453 0 0 0 0 0 2847915 0 0 0 
0 0 0 0 0 0 0 0 0 0 0 0 0 0 0 0 0 0 0 0 0 0 0 3 12150 0 0 0 0 0 26 0 0 1708291 3000391 2598389 0 0 0 2848193 0 0 0 0 
0 0 0 0 0 0 0 0 0 0 0 0 0 0 0 0 0 0 0 0 0 0 0 3 0 12150 12151 0 0 26 0 0 0 5660218 1729286 0 0 0 0 0 2887282 0 0 0 
0 0 0 0 0 0 0 0 0 0 0 0 0 0 0 0 0 0 0 0 0 0 0 3 12154 0 0 0 0 0 26 0 0 1729123 3027025 2632462 0 0 0 2887559 0 0 0 0 
0 0 0 0 0 0 0 0 0 0 0 0 0 0 0 0 0 0 0 0 0 0 0 3 0 12154 12155 0 0 26 0 0 0 5722397 1750409 0 0 0 0 0 2924658 0 0 0 
0 0 0 0 0 0 0 0 0 0 0 0 0 0 0 0 0 0 0 0 0 0 0 3 12158 0 0 0 0 0 26 0 0 1750246 3054566 2667091 0 0 0 2924943 0 0 0 0 
0 0 0 0 0 0 0 0 0 0 0 0 0 0 0 0 0 0 0 0 0 0 0 3 0 12158 12159 0 0 26 0 0 0 5773215 1770816 0 0 0 0 0 2952238 0 0 0 
0 0 0 0 0 0 0 0 0 0 0 0 0 0 0 0 0 0 0 0 0 0 0 3 12162 0 0 0 0 0 26 0 0 1770653 3081129 2691338 0 0 0 2952525 0 0 0 0 
0 0 0 0 0 0 0 0 0 0 0 0 0 0 0 0 0 0 0 0 0 0 0 3 0 12162 12163 0 0 26 0 0 0 5827564 1787434 0 0 0 0 0 2977456 0 0 0 
0 0 0 0 0 0 0 0 0 0 0 0 0 0 0 0 0 0 0 0 0 0 0 3 12166 0 0 0 0 0 26 0 0 1787270 3109739 2717072 0 0 0 2977745 0 0 0 0 
0 0 0 0 0 0 0 0 0 0 0 0 0 0 0 0 0 0 0 0 0 0 0 3 0 12170 12171 0 0 26 0 0 0 5851087 1796920 0 0 0 0 0 2993735 0 0 0 
0 0 0 0 0 0 0 0 0 0 0 0 0 0 0 0 0 0 0 0 0 0 0 3 12174 0 0 0 0 0 26 0 0 1796756 3122247 2728078 0 0 0 2994024 0 0 0 0 
0 0 0 0 0 0 0 0 0 0 0 0 0 0 0 0 0 0 0 0 0 0 0 3 0 12174 12175 0 0 26 0 0 0 5904429 1813691 0 0 0 0 0 3017957 0 0 0 
0 0 0 0 0 0 0 0 0 0 0 0 0 0 0 0 0 0 0 0 0 0 0 3 12178 0 0 0 0 0 26 0 0 1813527 3150451 2753215 0 0 0 3018248 0 0 0 0 
0 0 0 0 0 0 0 0 0 0 0 0 0 0 0 0 0 0 0 0 0 0 0 3 0 12174 12175 0 0 26 0 0 0 5952209 1829010 0 0 0 0 0 3045342 0 0 0 
0 0 0 0 0 0 0 0 0 0 0 0 0 0 0 0 0 0 0 0 0 0 0 3 12178 0 0 0 0 0 26 0 0 1828845 3176267 2775180 0 0 0 3045630 0 0 0 0 
0 0 0 0 0 0 0 0 0 0 0 0 0 0 0 0 0 0 0 0 0 0 0 3 0 12186 12187 0 0 26 0 0 0 5981353 1838863 0 0 0 0 0 3058690 0 0 0 
0 0 0 0 0 0 0 0 0 0 0 0 0 0 0 0 0 0 0 0 0 0 0 3 12190 0 0 0 0 0 26 0 0 1838697 3191158 2789436 0 0 0 3058977 0 0 0 0 
0 0 0 0 0 0 0 0 0 0 0 0 0 0 0 0 0 0 0 0 0 0 0 3 0 12186 12187 0 0 26 0 0 0 6028253 1853128 0 0 0 0 0 3084778 0 0 0 
0 0 0 0 0 0 0 0 0 0 0 0 0 0 0 0 0 0 0 0 0 0 0 3 12190 0 0 0 0 0 26 0 0 1852960 3216435 2811045 0 0 0 3085067 0 0 0 0 
0 0 0 0 0 0 0 0 0 0 0 0 0 0 0 0 0 0 0 0 0 0 0 3 0 12190 12191 0 0 26 0 0 0 6080155 1875081 0 0 0 0 0 3114384 0 0 0 
0 0 0 0 0 0 0 0 0 0 0 0 0 0 0 0 0 0 0 0 0 0 0 3 12194 0 0 0 0 0 26 0 0 1874913 3243838 2835546 0 0 0 3114675 0 0 0 0 
0 0 0 0 0 0 0 0 0 0 0 0 0 0 0 0 0 0 0 0 0 0 0 3 0 12194 12195 0 0 26 0 0 0 6121644 1886679 0 0 0 0 0 3133044 0 0 0 
0 0 0 0 0 0 0 0 0 0 0 0 0 0 0 0 0 0 0 0 0 0 0 3 12198 0 0 0 0 0 26 0 0 1886509 3265347 2855524 0 0 0 3133335 0 0 0 0 
0 0 0 0 0 0 0 0 0 0 0 0 0 0 0 0 0 0 0 0 0 0 0 3 0 12202 12203 0 0 26 0 0 0 6151318 1899684 0 0 0 0 0 3153155 0 0 0 
0 0 0 0 0 0 0 0 0 0 0 0 0 0 0 0 0 0 0 0 0 0 0 3 12206 0 0 0 0 0 26 0 0 1899516 3281336 2869202 0 0 0 3153450 0 0 0 0 
0 0 0 0 0 0 0 0 0 0 0 0 0 0 0 0 0 0 0 0 0 0 0 3 0 12206 12207 0 0 26 0 0 0 6206642 1919740 0 0 0 0 0 3181148 0 0 0 
0 0 0 0 0 0 0 0 0 0 0 0 0 0 0 0 0 0 0 0 0 0 0 3 12210 0 0 0 0 0 26 0 0 1919569 3310499 2895354 0 0 0 3181444 0 0 0 0 
0 0 0 0 0 0 0 0 0 0 0 0 0 0 0 0 0 0 0 0 0 0 0 3 0 12210 12207 0 0 26 0 0 0 6260786 1936302 0 0 0 0 0 3206613 0 0 0 
0 0 0 0 0 0 0 0 0 0 0 0 0 0 0 0 0 0 0 0 0 0 0 3 12210 0 0 0 0 0 26 0 0 1936130 3338925 2921070 0 0 0 3206911 0 0 0 0 
0 0 0 0 0 0 0 0 0 0 0 0 0 0 0 0 0 0 0 0 0 0 0 3 0 12218 12219 0 0 26 0 0 0 6275944 1939965 0 0 0 0 0 3215409 0 0 0 
0 0 0 0 0 0 0 0 0 0 0 0 0 0 0 0 0 0 0 0 0 0 0 3 12222 0 0 0 0 0 26 0 0 1939793 3346962 2928188 0 0 0 3215707 0 0 0 0 
0 0 0 0 0 0 0 0 0 0 0 0 0 0 0 0 0 0 0 0 0 0 0 3 0 12218 12219 0 0 26 0 0 0 6327723 1955645 0 0 0 0 0 3242047 0 0 0 
0 0 0 0 0 0 0 0 0 0 0 0 0 0 0 0 0 0 0 0 0 0 0 3 12222 0 0 0 0 0 26 0 0 1955472 3374815 2952110 0 0 0 3242348 0 0 0 0 
0 0 0 0 0 0 0 0 0 0 0 0 0 0 0 0 0 0 0 0 0 0 0 3 0 12222 12223 0 0 26 0 0 0 6374525 1974713 0 0 0 0 0 3269888 0 0 0 
0 0 0 0 0 0 0 0 0 0 0 0 0 0 0 0 0 0 0 0 0 0 0 3 12226 0 0 0 0 0 26 0 0 1974539 3399548 2974172 0 0 0 3270190 0 0 0 0 
0 0 0 0 0 0 0 0 0 0 0 0 0 0 0 0 0 0 0 0 0 0 0 3 0 12227 12227 0 0 26 0 0 0 6411762 1985925 0 0 0 0 0 3286278 0 0 0 
0 0 0 0 0 0 0 0 0 0 0 0 0 0 0 0 0 0 0 0 0 0 0 3 12230 0 0 0 0 0 26 0 0 1985751 3418608 2992350 0 0 0 3286582 0 0 0 0 
0 0 0 0 0 0 0 0 0 0 0 0 0 0 0 0 0 0 0 0 0 0 0 3 0 12234 12235 0 0 26 0 0 0 6454590 2000589 0 0 0 0 0 3311077 0 0 0 
0 0 0 0 0 0 0 0 0 0 0 0 0 0 0 0 0 0 0 0 0 0 0 3 12238 0 0 0 0 0 26 0 0 2000415 3441997 3011776 0 0 0 3311383 0 0 0 0 
0 0 0 0 0 0 0 0 0 0 0 0 0 0 0 0 0 0 0 0 0 0 0 3 0 12238 12239 0 0 26 0 0 0 6503312 2022082 0 0 0 0 0 3339918 0 0 0 
0 0 0 0 0 0 0 0 0 0 0 0 0 0 0 0 0 0 0 0 0 0 0 3 12242 0 0 0 0 0 26 0 0 2021906 3467876 3034609 0 0 0 3340227 0 0 0 0 
0 0 0 0 0 0 0 0 0 0 0 0 0 0 0 0 0 0 0 0 0 0 0 3 0 12242 12243 0 0 26 0 0 0 6551719 2035546 0 0 0 0 0 3360292 0 0 0 
0 0 0 0 0 0 0 0 0 0 0 0 0 0 0 0 0 0 0 0 0 0 0 3 12246 0 0 0 0 0 26 0 0 2035370 3492632 3058255 0 0 0 3360602 0 0 0 0 
0 0 0 0 0 0 0 0 0 0 0 0 0 0 0 0 0 0 0 0 0 0 0 3 0 12250 12251 0 0 26 0 0 0 6579837 2046891 0 0 0 0 0 3379193 0 0 0 
0 0 0 0 0 0 0 0 0 0 0 0 0 0 0 0 0 0 0 0 0 0 0 3 12254 0 0 0 0 0 26 0 0 2046715 3508113 3070877 0 0 0 3379504 0 0 0 0 
0 0 0 0 0 0 0 0 0 0 0 0 0 0 0 0 0 0 0 0 0 0 0 3 0 12254 12255 0 0 26 0 0 0 6634241 2066024 0 0 0 0 0 3406204 0 0 0 
0 0 0 0 0 0 0 0 0 0 0 0 0 0 0 0 0 0 0 0 0 0 0 3 12258 0 0 0 0 0 26 0 0 2065851 3536495 3096887 0 0 0 3406520 0 0 0 0 
0 0 0 0 0 0 0 0 0 0 0 0 0 0 0 0 0 0 0 0 0 0 0 3 0 12254 12255 0 0 26 0 0 0 6692469 2082692 0 0 0 0 0 3432741 0 0 0 
0 0 0 0 0 0 0 0 0 0 0 0 0 0 0 0 0 0 0 0 0 0 0 3 12258 0 0 0 0 0 26 0 0 2082515 3567337 3124270 0 0 0 3433059 0 0 0 0 
0 0 0 0 0 0 0 0 0 0 0 0 0 0 0 0 0 0 0 0 0 0 0 3 0 12266 12267 0 0 26 0 0 0 6711326 2090978 0 0 0 0 0 3446380 0 0 0 
0 0 0 0 0 0 0 0 0 0 0 0 0 0 0 0 0 0 0 0 0 0 0 3 12270 0 0 0 0 0 26 0 0 2090802 3577172 3133286 0 0 0 3446699 0 0 0 0 
0 0 0 0 0 0 0 0 0 0 0 0 0 0 0 0 0 0 0 0 0 0 0 3 0 12267 12267 0 0 26 0 0 0 6769238 2107480 0 0 0 0 0 3472519 0 0 0 
0 0 0 0 0 0 0 0 0 0 0 0 0 0 0 0 0 0 0 0 0 0 0 3 12270 0 0 0 0 0 26 0 0 2107304 3607889 3160489 0 0 0 3472839 0 0 0 0 
0 0 0 0 0 0 0 0 0 0 0 0 0 0 0 0 0 0 0 0 0 0 0 3 0 12270 12271 0 0 26 0 0 0 6810985 2124809 0 0 0 0 0 3500201 0 0 0 
0 0 0 0 0 0 0 0 0 0 0 0 0 0 0 0 0 0 0 0 0 0 0 3 12274 0 0 0 0 0 26 0 0 2124632 3630445 3179679 0 0 0 3500522 0 0 0 0 
0 0 0 0 0 0 0 0 0 0 0 0 0 0 0 0 0 0 0 0 0 0 0 3 0 12278 12275 0 0 26 0 0 0 6843424 2134795 0 0 0 0 0 3514330 0 0 0 
0 0 0 0 0 0 0 0 0 0 0 0 0 0 0 0 0 0 0 0 0 0 0 3 12278 0 0 0 0 0 26 0 0 2134618 3646692 3195871 0 0 0 3514650 0 0 0 0 
0 0 0 0 0 0 0 0 0 0 0 0 0 0 0 0 0 0 0 0 0 0 0 3 0 12282 12283 0 0 26 0 0 0 6884771 2149142 0 0 0 0 0 3538727 0 0 0 
0 0 0 0 0 0 0 0 0 0 0 0 0 0 0 0 0 0 0 0 0 0 0 3 12286 0 0 0 0 0 26 0 0 2148964 3669188 3214711 0 0 0 3539047 0 0 0 0 
0 0 0 0 0 0 0 0 0 0 0 0 0 0 0 0 0 0 0 0 0 0 0 3 0 12286 12287 0 0 26 0 0 0 6937687 2170839 0 0 0 0 0 3568272 0 0 0 
0 0 0 0 0 0 0 0 0 0 0 0 0 0 0 0 0 0 0 0 0 0 0 3 12290 0 0 0 0 0 26 0 0 2170661 3696987 3239822 0 0 0 3568599 0 0 0 0 
0 0 0 0 0 0 0 0 0 0 0 0 0 0 0 0 0 0 0 0 0 0 0 3 0 12290 12291 0 0 26 0 0 0 6985186 2184413 0 0 0 0 0 3589332 0 0 0 
0 0 0 0 0 0 0 0 0 0 0 0 0 0 0 0 0 0 0 0 0 0 0 3 12294 0 0 0 0 0 26 0 0 2184235 3721708 3262596 0 0 0 3589657 0 0 0 0 
0 0 0 0 0 0 0 0 0 0 0 0 0 0 0 0 0 0 0 0 0 0 0 3 0 12298 12299 0 0 26 0 0 0 7012473 2195819 0 0 0 0 0 3607975 0 0 0 
0 0 0 0 0 0 0 0 0 0 0 0 0 0 0 0 0 0 0 0 0 0 0 3 12302 0 0 0 0 0 26 0 0 2195642 3736325 3275261 0 0 0 3608300 0 0 0 0 
0 0 0 0 0 0 0 0 0 0 0 0 0 0 0 0 0 0 0 0 0 0 0 3 0 12302 12303 0 0 26 0 0 0 7067124 2214982 0 0 0 0 0 3634887 0 0 0 
0 0 0 0 0 0 0 0 0 0 0 0 0 0 0 0 0 0 0 0 0 0 0 3 12306 0 0 0 0 0 26 0 0 2214806 3764985 3301244 0 0 0 3635214 0 0 0 0 
0 0 0 0 0 0 0 0 0 0 0 0 0 0 0 0 0 0 0 0 0 0 0 3 0 12302 12303 0 0 26 0 0 0 7122401 2230521 0 0 0 0 0 3660787 0 0 0 
0 0 0 0 0 0 0 0 0 0 0 0 0 0 0 0 0 0 0 0 0 0 0 3 12306 0 0 0 0 0 26 0 0 2230346 3794452 3327053 0 0 0 3661114 0 0 0 0 
0 0 0 0 0 0 0 0 0 0 0 0 0 0 0 0 0 0 0 0 0 0 0 3 0 12314 12315 0 0 26 0 0 0 7138726 2237166 0 0 0 0 0 3671198 0 0 0 
0 0 0 0 0 0 0 0 0 0 0 0 0 0 0 0 0 0 0 0 0 0 0 3 12318 0 0 0 0 0 26 0 0 2236991 3802629 3335195 0 0 0 3671524 0 0 0 0 
0 0 0 0 0 0 0 0 0 0 0 0 0 0 0 0 0 0 0 0 0 0 0 3 0 12314 12315 0 0 26 0 0 0 7186532 2252671 0 0 0 0 0 3696755 0 0 0 
0 0 0 0 0 0 0 0 0 0 0 0 0 0 0 0 0 0 0 0 0 0 0 3 12318 0 0 0 0 0 26 0 0 2252495 3828213 3357399 0 0 0 3697083 0 0 0 0 
0 0 0 0 0 0 0 0 0 0 0 0 0 0 0 0 0 0 0 0 0 0 0 3 0 12318 12319 0 0 26 0 0 0 7237752 2272428 0 0 0 0 0 3725443 0 0 0 
0 0 0 0 0 0 0 0 0 0 0 0 0 0 0 0 0 0 0 0 0 0 0 3 12322 0 0 0 0 0 26 0 0 2272252 3855514 3381304 0 0 0 3725772 0 0 0 0 
0 0 0 0 0 0 0 0 0 0 0 0 0 0 0 0 0 0 0 0 0 0 0 3 0 12322 12323 0 0 26 0 0 0 7276013 2283655 0 0 0 0 0 3742293 0 0 0 
0 0 0 0 0 0 0 0 0 0 0 0 0 0 0 0 0 0 0 0 0 0 0 3 12326 0 0 0 0 0 26 0 0 2283478 3874687 3400392 0 0 0 3742623 0 0 0 0 
0 0 0 0 0 0 0 0 0 0 0 0 0 0 0 0 0 0 0 0 0 0 0 3 0 12330 12331 0 0 26 0 0 0 7309783 2296311 0 0 0 0 0 3763399 0 0 0 
0 0 0 0 0 0 0 0 0 0 0 0 0 0 0 0 0 0 0 0 0 0 0 3 12334 0 0 0 0 0 26 0 0 2296135 3893233 3415611 0 0 0 3763728 0 0 0 0 
0 0 0 0 0 0 0 0 0 0 0 0 0 0 0 0 0 0 0 0 0 0 0 3 0 12334 12335 0 0 26 0 0 0 7360849 2317474 0 0 0 0 0 3791721 0 0 0 
0 0 0 0 0 0 0 0 0 0 0 0 0 0 0 0 0 0 0 0 0 0 0 3 12338 0 0 0 0 0 26 0 0 2317298 3919906 3439993 0 0 0 3792051 0 0 0 0 
0 0 0 0 0 0 0 0 0 0 0 0 0 0 0 0 0 0 0 0 0 0 0 3 0 12338 12339 0 0 26 0 0 0 7414033 2333277 0 0 0 0 0 3815183 0 0 0 
0 0 0 0 0 0 0 0 0 0 0 0 0 0 0 0 0 0 0 0 0 0 0 3 12342 0 0 0 0 0 26 0 0 2333099 3947585 3465499 0 0 0 3815514 0 0 0 0 
0 0 0 0 0 0 0 0 0 0 0 0 0 0 0 0 0 0 0 0 0 0 0 3 0 12346 12347 0 0 26 0 0 0 7437113 2342695 0 0 0 0 0 3831428 0 0 0 
0 0 0 0 0 0 0 0 0 0 0 0 0 0 0 0 0 0 0 0 0 0 0 3 12350 0 0 0 0 0 26 0 0 2342517 3960191 3475955 0 0 0 3831762 0 0 0 0 
0 0 0 0 0 0 0 0 0 0 0 0 0 0 0 0 0 0 0 0 0 0 0 3 0 12350 12351 0 0 26 0 0 0 7491870 2359563 0 0 0 0 0 3856684 0 0 0 
0 0 0 0 0 0 0 0 0 0 0 0 0 0 0 0 0 0 0 0 0 0 0 3 12354 0 0 0 0 0 26 0 0 2359386 3988907 3501989 0 0 0 3857017 0 0 0 0 
0 0 0 0 0 0 0 0 0 0 0 0 0 0 0 0 0 0 0 0 0 0 0 3 0 12350 12351 0 0 26 0 0 0 7539091 2374439 0 0 0 0 0 3883214 0 0 0 
0 0 0 0 0 0 0 0 0 0 0 0 0 0 0 0 0 0 0 0 0 0 0 3 12354 0 0 0 0 0 26 0 0 2374260 4014593 3523518 0 0 0 3883546 0 0 0 0 
0 0 0 0 0 0 0 0 0 0 0 0 0 0 0 0 0 0 0 0 0 0 0 3 0 12357 12355 0 0 26 0 0 0 7567334 2382904 0 0 0 0 0 3897388 0 0 0 
0 0 0 0 0 0 0 0 0 0 0 0 0 0 0 0 0 0 0 0 0 0 0 3 12358 0 0 0 0 0 26 0 0 2382724 4029795 3536560 0 0 0 3897720 0 0 0 0 
0 0 0 0 0 0 0 0 0 0 0 0 0 0 0 0 0 0 0 0 0 0 0 3 0 12362 12363 0 0 26 0 0 0 7604438 2396849 0 0 0 0 0 3920579 0 0 0 
0 0 0 0 0 0 0 0 0 0 0 0 0 0 0 0 0 0 0 0 0 0 0 3 12366 0 0 0 0 0 26 0 0 2396668 4049924 3553528 0 0 0 3920913 0 0 0 0 
0 0 0 0 0 0 0 0 0 0 0 0 0 0 0 0 0 0 0 0 0 0 0 3 0 12366 12367 0 0 26 0 0 0 7658567 2417868 0 0 0 0 0 3949413 0 0 0 
0 0 0 0 0 0 0 0 0 0 0 0 0 0 0 0 0 0 0 0 0 0 0 3 12370 0 0 0 0 0 26 0 0 2417684 4078306 3579270 0 0 0 3949752 0 0 0 0 
0 0 0 0 0 0 0 0 0 0 0 0 0 0 0 0 0 0 0 0 0 0 0 3 0 12370 12371 0 0 26 0 0 0 7709077 2432522 0 0 0 0 0 3972679 0 0 0 
0 0 0 0 0 0 0 0 0 0 0 0 0 0 0 0 0 0 0 0 0 0 0 3 12374 0 0 0 0 0 26 0 0 2432337 4105103 3602980 0 0 0 3973019 0 0 0 0 
0 0 0 0 0 0 0 0 0 0 0 0 0 0 0 0 0 0 0 0 0 0 0 3 0 12378 12379 0 0 26 0 0 0 7731942 2442008 0 0 0 0 0 3989682 0 0 0 
0 0 0 0 0 0 0 0 0 0 0 0 0 0 0 0 0 0 0 0 0 0 0 3 12382 0 0 0 0 0 26 0 0 2441824 4118125 3612822 0 0 0 3990022 0 0 0 0 
0 0 0 0 0 0 0 0 0 0 0 0 0 0 0 0 0 0 0 0 0 0 0 3 0 12382 12383 0 0 26 0 0 0 7787005 2459370 0 0 0 0 0 4015054 0 0 0 
0 0 0 0 0 0 0 0 0 0 0 0 0 0 0 0 0 0 0 0 0 0 0 3 12386 0 0 0 0 0 26 0 0 2459187 4146994 3639010 0 0 0 4015397 0 0 0 0 
0 0 0 0 0 0 0 0 0 0 0 0 0 0 0 0 0 0 0 0 0 0 0 3 0 12382 12383 0 0 26 0 0 0 7837989 2475037 0 0 0 0 0 4042237 0 0 0 
0 0 0 0 0 0 0 0 0 0 0 0 0 0 0 0 0 0 0 0 0 0 0 3 12386 0 0 0 0 0 26 0 0 2474852 4174715 3662264 0 0 0 4042583 0 0 0 0 
0 0 0 0 0 0 0 0 0 0 0 0 0 0 0 0 0 0 0 0 0 0 0 3 0 12394 12395 0 0 26 0 0 0 7862571 2483823 0 0 0 0 0 4055030 0 0 0 
0 0 0 0 0 0 0 0 0 0 0 0 0 0 0 0 0 0 0 0 0 0 0 3 12398 0 0 0 0 0 26 0 0 2483637 4187224 3674338 0 0 0 4055374 0 0 0 0 
0 0 0 0 0 0 0 0 0 0 0 0 0 0 0 0 0 0 0 0 0 0 0 3 0 12394 12395 0 0 26 0 0 0 7906073 2498945 0 0 0 0 0 4080162 0 0 0 
0 0 0 0 0 0 0 0 0 0 0 0 0 0 0 0 0 0 0 0 0 0 0 3 12398 0 0 0 0 0 26 0 0 2498760 4210735 3694312 0 0 0 4080507 0 0 0 0 
0 0 0 0 0 0 0 0 0 0 0 0 0 0 0 0 0 0 0 0 0 0 0 3 0 12398 12399 0 0 26 0 0 0 7958648 2519937 0 0 0 0 0 4108908 0 0 0 
0 0 0 0 0 0 0 0 0 0 0 0 0 0 0 0 0 0 0 0 0 0 0 3 12402 0 0 0 0 0 26 0 0 2519750 4238146 3719466 0 0 0 4109252 0 0 0 0 
0 0 0 0 0 0 0 0 0 0 0 0 0 0 0 0 0 0 0 0 0 0 0 3 0 12402 12403 0 0 26 0 0 0 8001817 2531767 0 0 0 0 0 4128175 0 0 0 
0 0 0 0 0 0 0 0 0 0 0 0 0 0 0 0 0 0 0 0 0 0 0 3 12406 0 0 0 0 0 26 0 0 2531580 4260616 3740168 0 0 0 4128519 0 0 0 0 
0 0 0 0 0 0 0 0 0 0 0 0 0 0 0 0 0 0 0 0 0 0 0 3 0 12410 12411 0 0 26 0 0 0 8026691 2542499 0 0 0 0 0 4146418 0 0 0 
0 0 0 0 0 0 0 0 0 0 0 0 0 0 0 0 0 0 0 0 0 0 0 3 12414 0 0 0 0 0 26 0 0 2542312 4274575 3751077 0 0 0 4146763 0 0 0 0 
0 0 0 0 0 0 0 0 0 0 0 0 0 0 0 0 0 0 0 0 0 0 0 3 0 12414 12415 0 0 26 0 0 0 8080847 2559629 0 0 0 0 0 4171818 0 0 0 
0 0 0 0 0 0 0 0 0 0 0 0 0 0 0 0 0 0 0 0 0 0 0 3 12418 0 0 0 0 0 26 0 0 2559441 4302961 3776835 0 0 0 4172165 0 0 0 0 
0 0 0 0 0 0 0 0 0 0 0 0 0 0 0 0 0 0 0 0 0 0 0 3 0 12414 12415 0 0 26 0 0 0 8132626 2575661 0 0 0 0 0 4198532 0 0 0 
0 0 0 0 0 0 0 0 0 0 0 0 0 0 0 0 0 0 0 0 0 0 0 3 12418 0 0 0 0 0 26 0 0 2575475 4330938 3800623 0 0 0 4198880 0 0 0 0 
0 0 0 0 0 0 0 0 0 0 0 0 0 0 0 0 0 0 0 0 0 0 0 3 0 12426 12427 0 0 26 0 0 0 8157194 2583744 0 0 0 0 0 4212057 0 0 0 
0 0 0 0 0 0 0 0 0 0 0 0 0 0 0 0 0 0 0 0 0 0 0 3 12430 0 0 0 0 0 26 0 0 2583555 4344234 3811888 0 0 0 4212404 0 0 0 0 
0 0 0 0 0 0 0 0 0 0 0 0 0 0 0 0 0 0 0 0 0 0 0 3 0 12426 12427 0 0 26 0 0 0 8208369 2598631 0 0 0 0 0 4239124 0 0 0 
0 0 0 0 0 0 0 0 0 0 0 0 0 0 0 0 0 0 0 0 0 0 0 3 12430 0 0 0 0 0 26 0 0 2598444 4372227 3835064 0 0 0 4239470 0 0 0 0 
0 0 0 0 0 0 0 0 0 0 0 0 0 0 0 0 0 0 0 0 0 0 0 3 0 12430 12431 0 0 26 0 0 0 8255668 2619247 0 0 0 0 0 4267753 0 0 0 
0 0 0 0 0 0 0 0 0 0 0 0 0 0 0 0 0 0 0 0 0 0 0 3 12434 0 0 0 0 0 26 0 0 2619059 4397328 3857258 0 0 0 4268103 0 0 0 0 
0 0 0 0 0 0 0 0 0 0 0 0 0 0 0 0 0 0 0 0 0 0 0 3 0 12434 12435 0 0 26 0 0 0 8299162 2631007 0 0 0 0 0 4288201 0 0 0 
0 0 0 0 0 0 0 0 0 0 0 0 0 0 0 0 0 0 0 0 0 0 0 3 12438 0 0 0 0 0 26 0 0 2630820 4420661 3877420 0 0 0 4288548 0 0 0 0 
0 0 0 0 0 0 0 0 0 0 0 0 0 0 0 0 0 0 0 0 0 0 0 3 0 12442 12443 0 0 26 0 0 0 8326781 2642349 0 0 0 0 0 4307383 0 0 0 
0 0 0 0 0 0 0 0 0 0 0 0 0 0 0 0 0 0 0 0 0 0 0 3 12446 0 0 0 0 0 26 0 0 2642160 4436338 3889346 0 0 0 4307734 0 0 0 0 
0 0 0 0 0 0 0 0 0 0 0 0 0 0 0 0 0 0 0 0 0 0 0 3 0 12446 12447 0 0 26 0 0 0 8380411 2659906 0 0 0 0 0 4332780 0 0 0 
0 0 0 0 0 0 0 0 0 0 0 0 0 0 0 0 0 0 0 0 0 0 0 3 12450 0 0 0 0 0 26 0 0 2659717 4464282 3915027 0 0 0 4333130 0 0 0 0 
0 0 0 0 0 0 0 0 0 0 0 0 0 0 0 0 0 0 0 0 0 0 0 3 0 12446 12447 0 0 26 0 0 0 8431502 2675187 0 0 0 0 0 4358677 0 0 0 
0 0 0 0 0 0 0 0 0 0 0 0 0 0 0 0 0 0 0 0 0 0 0 3 12450 0 0 0 0 0 26 0 0 2674999 4491761 3938635 0 0 0 4359026 0 0 0 0 
0 0 0 0 0 0 0 0 0 0 0 0 0 0 0 0 0 0 0 0 0 0 0 3 0 12454 12455 0 0 26 0 0 0 8448880 2680767 0 0 0 0 0 4368176 0 0 0 
0 0 0 0 0 0 0 0 0 0 0 0 0 0 0 0 0 0 0 0 0 0 0 3 12458 0 0 0 0 0 26 0 0 2680578 4500644 3947133 0 0 0 4368525 0 0 0 0 
0 0 0 0 0 0 0 0 0 0 0 0 0 0 0 0 0 0 0 0 0 0 0 3 0 12458 12459 0 0 26 0 0 0 8493119 2695499 0 0 0 0 0 4393783 0 0 0 
0 0 0 0 0 0 0 0 0 0 0 0 0 0 0 0 0 0 0 0 0 0 0 3 12462 0 0 0 0 0 26 0 0 2695309 4524724 3967280 0 0 0 4394134 0 0 0 0 
0 0 0 0 0 0 0 0 0 0 0 0 0 0 0 0 0 0 0 0 0 0 0 3 0 12462 12463 0 0 26 0 0 0 8544265 2717269 0 0 0 0 0 4422873 0 0 0 
0 0 0 0 0 0 0 0 0 0 0 0 0 0 0 0 0 0 0 0 0 0 0 3 12466 0 0 0 0 0 26 0 0 2717077 4551724 3991417 0 0 0 4423225 0 0 0 0 
0 0 0 0 0 0 0 0 0 0 0 0 0 0 0 0 0 0 0 0 0 0 0 3 0 12466 12467 0 0 26 0 0 0 8592004 2730252 0 0 0 0 0 4445057 0 0 0 
0 0 0 0 0 0 0 0 0 0 0 0 0 0 0 0 0 0 0 0 0 0 0 3 12470 0 0 0 0 0 26 0 0 2730060 4577535 4013347 0 0 0 4445409 0 0 0 0 
<====
0 0 0 0 0 0 0 0 0 0 0 0 0 0 0 0 0 0 0 0 0 0 0 3 0 12470 12467 0 0 26 0 0 0 8597157 2730389 0 0 0 0 0 4448675 0 0 0 
0 0 0 0 0 0 0 0 0 0 0 0 0 0 0 0 0 0 0 0 0 0 0 3 12470 0 0 0 0 0 26 0 0 2730197 4581145 4014890 0 0 0 4449027 0 0 0 0 
0 0 0 0 0 0 0 0 0 0 0 0 0 0 0 0 0 0 0 0 0 0 0 3 0 12470 12467 0 0 26 0 0 0 8597157 2730389 0 0 0 0 0 4448675 0 0 0 
0 0 0 0 0 0 0 0 0 0 0 0 0 0 0 0 0 0 0 0 0 0 0 3 12470 0 0 0 0 0 26 0 0 2730197 4581145 4014890 0 0 0 4449027 0 0 0 0 
0 0 0 0 0 0 0 0 0 0 0 0 0 0 0 0 0 0 0 0 0 0 0 3 0 12470 12467 0 0 26 0 0 0 8597157 2730389 0 0 0 0 0 4448675 0 0 0 
0 0 0 0 0 0 0 0 0 0 0 0 0 0 0 0 0 0 0 0 0 0 0 3 12470 0 0 0 0 0 26 0 0 2730197 4581145 4014890 0 0 0 4449027 0 0 0 0 
0 0 0 0 0 0 0 0 0 0 0 0 0 0 0 0 0 0 0 0 0 0 0 3 0 12470 12467 0 0 26 0 0 0 8597157 2730389 0 0 0 0 0 4448675 0 0 0 
0 0 0 0 0 0 0 0 0 0 0 0 0 0 0 0 0 0 0 0 0 0 0 3 12470 0 0 0 0 0 26 0 0 2730197 4581145 4014890 0 0 0 4449027 0 0 0 0 
0 0 0 0 0 0 0 0 0 0 0 0 0 0 0 0 0 0 0 0 0 0 0 3 0 12470 12467 0 0 26 0 0 0 8597157 2730389 0 0 0 0 0 4448675 0 0 0 
0 0 0 0 0 0 0 0 0 0 0 0 0 0 0 0 0 0 0 0 0 0 0 3 12470 0 0 0 0 0 26 0 0 2730197 4581145 4014890 0 0 0 4449027 0 0 0 0 
0 0 0 0 0 0 0 0 0 0 0 0 0 0 0 0 0 0 0 0 0 0 0 3 0 12470 12467 0 0 26 0 0 0 8597157 2730389 0 0 0 0 0 4448675 0 0 0 
0 0 0 0 0 0 0 0 0 0 0 0 0 0 0 0 0 0 0 0 0 0 0 3 12470 0 0 0 0 0 26 0 0 2730197 4581145 4014890 0 0 0 4449027 0 0 0 0 
