0 0 0 0 0 0 0 0 0 0 0 0 0 0 0 0 0 0 0 0 0 0 0 3 0 12108 12104 0 0 15 0 0 0 5301517 1521558 0 0 0 0 0 2775997 0 0 0 
0 0 0 0 0 0 0 0 0 0 0 0 0 0 0 0 0 0 0 0 0 0 0 3 12107 0 0 0 0 0 15 0 0 1521510 2807658 2493314 0 0 0 2776211 0 0 0 0 
0 0 0 0 0 0 0 0 0 0 0 0 0 0 0 0 0 0 0 0 0 0 0 3 0 12108 12104 0 0 15 0 0 0 5301517 1521558 0 0 0 0 0 2775997 0 0 0 
0 0 0 0 0 0 0 0 0 0 0 0 0 0 0 0 0 0 0 0 0 0 0 3 12107 0 0 0 0 0 15 0 0 1521510 2807658 2493314 0 0 0 2776211 0 0 0 0 
0 0 0 0 0 0 0 0 0 0 0 0 0 0 0 0 0 0 0 0 0 0 0 3 0 12108 12104 0 0 15 0 0 0 5301517 1521558 0 0 0 0 0 2775997 0 0 0 
0 0 0 0 0 0 0 0 0 0 0 0 0 0 0 0 0 0 0 0 0 0 0 3 12107 0 0 0 0 0 15 0 0 1521510 2807658 2493314 0 0 0 2776211 0 0 0 0 
0 0 0 0 0 0 0 0 0 0 0 0 0 0 0 0 0 0 0 0 0 0 0 3 0 12108 12104 0 0 15 0 0 0 5301517 1521558 0 0 0 0 0 2775997 0 0 0 
0 0 0 0 0 0 0 0 0 0 0 0 0 0 0 0 0 0 0 0 0 0 0 3 12107 0 0 0 0 0 15 0 0 1521510 2807658 2493314 0 0 0 2776211 0 0 0 0 
0 0 0 0 0 0 0 0 0 0 0 0 0 0 0 0 0 0 0 0 0 0 0 3 0 12108 12104 0 0 15 0 0 0 5301517 1521558 0 0 0 0 0 2775997 0 0 0 
0 0 0 0 0 0 0 0 0 0 0 0 0 0 0 0 0 0 0 0 0 0 0 3 12107 0 0 0 0 0 15 0 0 1521510 2807658 2493314 0 0 0 2776211 0 0 0 0 
0 0 0 0 0 0 0 0 0 0 0 0 0 0 0 0 0 0 0 0 0 0 0 3 0 12108 12104 0 0 15 0 0 0 5301517 1521558 0 0 0 0 0 2775997 0 0 0 
0 0 0 0 0 0 0 0 0 0 0 0 0 0 0 0 0 0 0 0 0 0 0 3 12107 0 0 0 0 0 15 0 0 1521510 2807658 2493314 0 0 0 2776211 0 0 0 0 
0 0 0 0 0 0 0 0 0 0 0 0 0 0 0 0 0 0 0 0 0 0 0 3 0 12108 12104 0 0 15 0 0 0 5301517 1521558 0 0 0 0 0 2775997 0 0 0 
0 0 0 0 0 0 0 0 0 0 0 0 0 0 0 0 0 0 0 0 0 0 0 3 12107 0 0 0 0 0 15 0 0 1521510 2807658 2493314 0 0 0 2776211 0 0 0 0 
0 0 0 0 0 0 0 0 0 0 0 0 0 0 0 0 0 0 0 0 0 0 0 3 0 12108 12104 0 0 15 0 0 0 5301517 1521558 0 0 0 0 0 2775997 0 0 0 
0 0 0 0 0 0 0 0 0 0 0 0 0 0 0 0 0 0 0 0 0 0 0 3 12107 0 0 0 0 0 15 0 0 1521510 2807658 2493314 0 0 0 2776211 0 0 0 0 
0 0 0 0 0 0 0 0 0 0 0 0 0 0 0 0 0 0 0 0 0 0 0 3 0 12108 12104 0 0 15 0 0 0 5301517 1521558 0 0 0 0 0 2775997 0 0 0 
0 0 0 0 0 0 0 0 0 0 0 0 0 0 0 0 0 0 0 0 0 0 0 3 12107 0 0 0 0 0 15 0 0 1521510 2807658 2493314 0 0 0 2776211 0 0 0 0 
0 0 0 0 0 0 0 0 0 0 0 0 0 0 0 0 0 0 0 0 0 0 0 3 0 12108 12104 0 0 15 0 0 0 5301517 1521558 0 0 0 0 0 2775997 0 0 0 
0 0 0 0 0 0 0 0 0 0 0 0 0 0 0 0 0 0 0 0 0 0 0 3 12107 0 0 0 0 0 15 0 0 1521510 2807658 2493314 0 0 0 2776211 0 0 0 0 
0 0 0 0 0 0 0 0 0 0 0 0 0 0 0 0 0 0 0 0 0 0 0 3 0 12108 12104 0 0 15 0 0 0 5301517 1521558 0 0 0 0 0 2775997 0 0 0 
0 0 0 0 0 0 0 0 0 0 0 0 0 0 0 0 0 0 0 0 0 0 0 3 12107 0 0 0 0 0 15 0 0 1521510 2807658 2493314 0 0 0 2776211 0 0 0 0 
0 0 0 0 0 0 0 0 0 0 0 0 0 0 0 0 0 0 0 0 0 0 0 3 0 12108 12104 0 0 15 0 0 0 5301517 1521558 0 0 0 0 0 2775997 0 0 0 
0 0 0 0 0 0 0 0 0 0 0 0 0 0 0 0 0 0 0 0 0 0 0 3 12107 0 0 0 0 0 15 0 0 1521510 2807658 2493314 0 0 0 2776211 0 0 0 0 
====>
0 0 0 0 0 0 0 0 0 0 0 0 0 0 0 0 0 0 0 0 0 0 0 3 0 12108 12104 0 0 15 0 0 0 5301517 1521558 0 0 0 0 0 2775997 0 0 0 
0 0 0 0 0 0 0 0 0 0 0 0 0 0 0 0 0 0 0 0 0 0 0 3 12107 0 0 0 0 0 15 0 0 1521510 2807658 2493314 0 0 0 2776211 0 0 0 0 
0 0 0 0 0 0 0 0 0 0 0 0 0 0 0 0 0 0 0 0 0 0 0 3 0 12112 12112 0 0 25 0 0 0 5387288 1521566 0 0 0 0 0 2778157 0 0 0 
0 0 0 0 0 0 0 0 0 0 0 0 0 0 0 0 0 0 0 0 0 0 0 3 12115 0 0 0 0 0 25 0 0 1521518 2891909 2494859 0 0 0 2778371 0 0 0 0 
0 0 0 0 0 0 0 0 0 0 0 0 0 0 0 0 0 0 0 0 0 0 0 3 0 12124 12124 0 0 25 0 0 0 5398622 1521588 0 0 0 0 0 2784345 0 0 0 
0 0 0 0 0 0 0 0 0 0 0 0 0 0 0 0 0 0 0 0 0 0 0 3 12127 0 0 0 0 0 25 0 0 1521540 2898636 2499466 0 0 0 2784559 0 0 0 0 
0 0 0 0 0 0 0 0 0 0 0 0 0 0 0 0 0 0 0 0 0 0 0 3 0 12128 12128 0 0 25 0 0 0 5430826 1549817 0 0 0 0 0 2793019 0 0 0 
0 0 0 0 0 0 0 0 0 0 0 0 0 0 0 0 0 0 0 0 0 0 0 3 12131 0 0 0 0 0 25 0 0 1549768 2923763 2506549 0 0 0 2793233 0 0 0 0 
0 0 0 0 0 0 0 0 0 0 0 0 0 0 0 0 0 0 0 0 0 0 0 3 0 12136 12136 0 0 25 0 0 0 5486544 1571202 0 0 0 0 0 2812664 0 0 0 
0 0 0 0 0 0 0 0 0 0 0 0 0 0 0 0 0 0 0 0 0 0 0 3 12139 0 0 0 0 0 25 0 0 1571150 2960166 2525864 0 0 0 2812882 0 0 0 0 
0 0 0 0 0 0 0 0 0 0 0 0 0 0 0 0 0 0 0 0 0 0 0 3 0 12144 12144 0 0 25 0 0 0 5504495 1571218 0 0 0 0 0 2825784 0 0 0 
0 0 0 0 0 0 0 0 0 0 0 0 0 0 0 0 0 0 0 0 0 0 0 3 12147 0 0 0 0 0 25 0 0 1571166 2964918 2539059 0 0 0 2825998 0 0 0 0 
0 0 0 0 0 0 0 0 0 0 0 0 0 0 0 0 0 0 0 0 0 0 0 3 0 12148 12148 0 0 25 0 0 0 5534734 1590039 0 0 0 0 0 2834013 0 0 0 
0 0 0 0 0 0 0 0 0 0 0 0 0 0 0 0 0 0 0 0 0 0 0 3 12151 0 0 0 0 0 25 0 0 1589986 2987397 2546817 0 0 0 2834227 0 0 0 0 
0 0 0 0 0 0 0 0 0 0 0 0 0 0 0 0 0 0 0 0 0 0 0 3 0 12152 12152 0 0 25 0 0 0 5590223 1611827 0 0 0 0 0 2871832 0 0 0 
0 0 0 0 0 0 0 0 0 0 0 0 0 0 0 0 0 0 0 0 0 0 0 3 12155 0 0 0 0 0 25 0 0 1611775 3015978 2573697 0 0 0 2872056 0 0 0 0 
0 0 0 0 0 0 0 0 0 0 0 0 0 0 0 0 0 0 0 0 0 0 0 3 0 12156 12156 0 0 25 0 0 0 5658643 1633568 0 0 0 0 0 2909257 0 0 0 
0 0 0 0 0 0 0 0 0 0 0 0 0 0 0 0 0 0 0 0 0 0 0 3 12159 0 0 0 0 0 25 0 0 1633517 3044124 2613966 0 0 0 2909486 0 0 0 0 
0 0 0 0 0 0 0 0 0 0 0 0 0 0 0 0 0 0 0 0 0 0 0 3 0 12160 12160 0 0 25 0 0 0 5713353 1652608 0 0 0 0 0 2935724 0 0 0 
0 0 0 0 0 0 0 0 0 0 0 0 0 0 0 0 0 0 0 0 0 0 0 3 12163 0 0 0 0 0 25 0 0 1652557 3072388 2640410 0 0 0 2935956 0 0 0 0 
0 0 0 0 0 0 0 0 0 0 0 0 0 0 0 0 0 0 0 0 0 0 0 3 0 12164 12160 0 0 25 0 0 0 5770885 1670248 0 0 0 0 0 2961690 0 0 0 
0 0 0 0 0 0 0 0 0 0 0 0 0 0 0 0 0 0 0 0 0 0 0 3 12163 0 0 0 0 0 25 0 0 1670195 3101937 2668388 0 0 0 2961923 0 0 0 0 
0 0 0 0 0 0 0 0 0 0 0 0 0 0 0 0 0 0 0 0 0 0 0 3 0 12172 12172 0 0 25 0 0 0 5791086 1678971 0 0 0 0 0 2976479 0 0 0 
0 0 0 0 0 0 0 0 0 0 0 0 0 0 0 0 0 0 0 0 0 0 0 3 12175 0 0 0 0 0 25 0 0 1678918 3112585 2677940 0 0 0 2976716 0 0 0 0 
0 0 0 0 0 0 0 0 0 0 0 0 0 0 0 0 0 0 0 0 0 0 0 3 0 12176 12172 0 0 25 0 0 0 5846493 1695505 0 0 0 0 0 3001188 0 0 0 
0 0 0 0 0 0 0 0 0 0 0 0 0 0 0 0 0 0 0 0 0 0 0 3 12175 0 0 0 0 0 25 0 0 1695451 3140933 2704998 0 0 0 3001426 0 0 0 0 
0 0 0 0 0 0 0 0 0 0 0 0 0 0 0 0 0 0 0 0 0 0 0 3 0 12176 12176 0 0 25 0 0 0 5888826 1711846 0 0 0 0 0 3027867 0 0 0 
0 0 0 0 0 0 0 0 0 0 0 0 0 0 0 0 0 0 0 0 0 0 0 3 12179 0 0 0 0 0 25 0 0 1711791 3163452 2724792 0 0 0 3028107 0 0 0 0 
0 0 0 0 0 0 0 0 0 0 0 0 0 0 0 0 0 0 0 0 0 0 0 3 0 12188 12188 0 0 25 0 0 0 5921953 1720534 0 0 0 0 0 3040079 0 0 0 
0 0 0 0 0 0 0 0 0 0 0 0 0 0 0 0 0 0 0 0 0 0 0 3 12191 0 0 0 0 0 25 0 0 1720478 3180145 2741227 0 0 0 3040319 0 0 0 0 
0 0 0 0 0 0 0 0 0 0 0 0 0 0 0 0 0 0 0 0 0 0 0 3 0 12188 12188 0 0 25 0 0 0 5962225 1736469 0 0 0 0 0 3066306 0 0 0 
0 0 0 0 0 0 0 0 0 0 0 0 0 0 0 0 0 0 0 0 0 0 0 3 12191 0 0 0 0 0 25 0 0 1736413 3201141 2760489 0 0 0 3066548 0 0 0 0 
0 0 0 0 0 0 0 0 0 0 0 0 0 0 0 0 0 0 0 0 0 0 0 3 0 12192 12192 0 0 25 0 0 0 6019437 1757751 0 0 0 0 0 3095273 0 0 0 
0 0 0 0 0 0 0 0 0 0 0 0 0 0 0 0 0 0 0 0 0 0 0 3 12195 0 0 0 0 0 25 0 0 1757696 3230826 2788013 0 0 0 3095517 0 0 0 0 
0 0 0 0 0 0 0 0 0 0 0 0 0 0 0 0 0 0 0 0 0 0 0 3 0 12196 12196 0 0 25 0 0 0 6063902 1769758 0 0 0 0 0 3113225 0 0 0 
0 0 0 0 0 0 0 0 0 0 0 0 0 0 0 0 0 0 0 0 0 0 0 3 12199 0 0 0 0 0 25 0 0 1769703 3252993 2810312 0 0 0 3113471 0 0 0 0 
0 0 0 0 0 0 0 0 0 0 0 0 0 0 0 0 0 0 0 0 0 0 0 3 0 12204 12204 0 0 25 0 0 0 6093456 1782368 0 0 0 0 0 3133347 0 0 0 
0 0 0 0 0 0 0 0 0 0 0 0 0 0 0 0 0 0 0 0 0 0 0 3 12207 0 0 0 0 0 25 0 0 1782313 3268894 2823968 0 0 0 3133593 0 0 0 0 
0 0 0 0 0 0 0 0 0 0 0 0 0 0 0 0 0 0 0 0 0 0 0 3 0 12208 12208 0 0 25 0 0 0 6147315 1801948 0 0 0 0 0 3160381 0 0 0 
0 0 0 0 0 0 0 0 0 0 0 0 0 0 0 0 0 0 0 0 0 0 0 3 12211 0 0 0 0 0 25 0 0 1801892 3296671 2850045 0 0 0 3160629 0 0 0 0 
0 0 0 0 0 0 0 0 0 0 0 0 0 0 0 0 0 0 0 0 0 0 0 3 0 12208 12208 0 0 25 0 0 0 6200976 1818605 0 0 0 0 0 3185459 0 0 0 
0 0 0 0 0 0 0 0 0 0 0 0 0 0 0 0 0 0 0 0 0 0 0 3 12211 0 0 0 0 0 25 0 0 1818550 3324402 2875965 0 0 0 3185709 0 0 0 0 
0 0 0 0 0 0 0 0 0 0 0 0 0 0 0 0 0 0 0 0 0 0 0 3 0 12220 12220 0 0 25 0 0 0 6216798 1821962 0 0 0 0 0 3192560 0 0 0 
0 0 0 0 0 0 0 0 0 0 0 0 0 0 0 0 0 0 0 0 0 0 0 3 12223 0 0 0 0 0 25 0 0 1821906 3331841 2884348 0 0 0 3192811 0 0 0 0 
0 0 0 0 0 0 0 0 0 0 0 0 0 0 0 0 0 0 0 0 0 0 0 3 0 12220 12220 0 0 25 0 0 0 6261842 1837671 0 0 0 0 0 3218836 0 0 0 
0 0 0 0 0 0 0 0 0 0 0 0 0 0 0 0 0 0 0 0 0 0 0 3 12223 0 0 0 0 0 25 0 0 1837616 3355779 2905451 0 0 0 3219087 0 0 0 0 
0 0 0 0 0 0 0 0 0 0 0 0 0 0 0 0 0 0 0 0 0 0 0 3 0 12224 12224 0 0 25 0 0 0 6312629 1857789 0 0 0 0 0 3246725 0 0 0 
0 0 0 0 0 0 0 0 0 0 0 0 0 0 0 0 0 0 0 0 0 0 0 3 12227 0 0 0 0 0 25 0 0 1857734 3382027 2929968 0 0 0 3246988 0 0 0 0 
0 0 0 0 0 0 0 0 0 0 0 0 0 0 0 0 0 0 0 0 0 0 0 3 0 12228 12228 0 0 25 0 0 0 6354482 1869011 0 0 0 0 0 3263221 0 0 0 
0 0 0 0 0 0 0 0 0 0 0 0 0 0 0 0 0 0 0 0 0 0 0 3 12231 0 0 0 0 0 25 0 0 1868955 3403023 2950822 0 0 0 3263485 0 0 0 0 
0 0 0 0 0 0 0 0 0 0 0 0 0 0 0 0 0 0 0 0 0 0 0 3 0 12236 12236 0 0 25 0 0 0 6389703 1883808 0 0 0 0 0 3286537 0 0 0 
0 0 0 0 0 0 0 0 0 0 0 0 0 0 0 0 0 0 0 0 0 0 0 3 12239 0 0 0 0 0 25 0 0 1883752 3421825 2967229 0 0 0 3286802 0 0 0 0 
0 0 0 0 0 0 0 0 0 0 0 0 0 0 0 0 0 0 0 0 0 0 0 3 0 12240 12240 0 0 25 0 0 0 6445291 1904635 0 0 0 0 0 3315222 0 0 0 
0 0 0 0 0 0 0 0 0 0 0 0 0 0 0 0 0 0 0 0 0 0 0 3 12243 0 0 0 0 0 25 0 0 1904578 3450647 2993987 0 0 0 3315486 0 0 0 0 
0 0 0 0 0 0 0 0 0 0 0 0 0 0 0 0 0 0 0 0 0 0 0 3 0 12244 12244 0 0 25 0 0 0 6494933 1918635 0 0 0 0 0 3336192 0 0 0 
0 0 0 0 0 0 0 0 0 0 0 0 0 0 0 0 0 0 0 0 0 0 0 3 12247 0 0 0 0 0 25 0 0 1918577 3476004 3018279 0 0 0 3336457 0 0 0 0 
0 0 0 0 0 0 0 0 0 0 0 0 0 0 0 0 0 0 0 0 0 0 0 3 0 12252 12252 0 0 25 0 0 0 6518792 1929903 0 0 0 0 0 3353940 0 0 0 
0 0 0 0 0 0 0 0 0 0 0 0 0 0 0 0 0 0 0 0 0 0 0 3 12255 0 0 0 0 0 25 0 0 1929846 3488825 3029309 0 0 0 3354207 0 0 0 0 
0 0 0 0 0 0 0 0 0 0 0 0 0 0 0 0 0 0 0 0 0 0 0 3 0 12256 12256 0 0 25 0 0 0 6575595 1947797 0 0 0 0 0 3379276 0 0 0 
0 0 0 0 0 0 0 0 0 0 0 0 0 0 0 0 0 0 0 0 0 0 0 3 12259 0 0 0 0 0 25 0 0 1947740 3517763 3057169 0 0 0 3379543 0 0 0 0 
0 0 0 0 0 0 0 0 0 0 0 0 0 0 0 0 0 0 0 0 0 0 0 3 0 12256 12256 0 0 25 0 0 0 6624278 1965036 0 0 0 0 0 3405349 0 0 0 
0 0 0 0 0 0 0 0 0 0 0 0 0 0 0 0 0 0 0 0 0 0 0 3 12259 0 0 0 0 0 25 0 0 1964979 3543159 3080445 0 0 0 3405621 0 0 0 0 
0 0 0 0 0 0 0 0 0 0 0 0 0 0 0 0 0 0 0 0 0 0 0 3 0 12268 12268 0 0 25 0 0 0 6651061 1973205 0 0 0 0 0 3419871 0 0 0 
0 0 0 0 0 0 0 0 0 0 0 0 0 0 0 0 0 0 0 0 0 0 0 3 12271 0 0 0 0 0 25 0 0 1973148 3557290 3093098 0 0 0 3420144 0 0 0 0 
0 0 0 0 0 0 0 0 0 0 0 0 0 0 0 0 0 0 0 0 0 0 0 3 0 12268 12268 0 0 25 0 0 0 6699423 1989901 0 0 0 0 0 3445071 0 0 0 
0 0 0 0 0 0 0 0 0 0 0 0 0 0 0 0 0 0 0 0 0 0 0 3 12271 0 0 0 0 0 25 0 0 1989843 3582458 3116289 0 0 0 3445344 0 0 0 0 
0 0 0 0 0 0 0 0 0 0 0 0 0 0 0 0 0 0 0 0 0 0 0 3 0 12272 12272 0 0 25 0 0 0 6747915 2007982 0 0 0 0 0 3472387 0 0 0 
0 0 0 0 0 0 0 0 0 0 0 0 0 0 0 0 0 0 0 0 0 0 0 3 12275 0 0 0 0 0 25 0 0 2007922 3607924 3139313 0 0 0 3472662 0 0 0 0 
0 0 0 0 0 0 0 0 0 0 0 0 0 0 0 0 0 0 0 0 0 0 0 3 0 12278 12276 0 0 25 0 0 0 6788026 2017889 0 0 0 0 0 3489203 0 0 0 
0 0 0 0 0 0 0 0 0 0 0 0 0 0 0 0 0 0 0 0 0 0 0 3 12279 0 0 0 0 0 25 0 0 2017829 3629036 3158313 0 0 0 3489477 0 0 0 0 
0 0 0 0 0 0 0 0 0 0 0 0 0 0 0 0 0 0 0 0 0 0 0 3 0 12284 12284 0 0 25 0 0 0 6820830 2032479 0 0 0 0 0 3511797 0 0 0 
0 0 0 0 0 0 0 0 0 0 0 0 0 0 0 0 0 0 0 0 0 0 0 3 12287 0 0 0 0 0 25 0 0 2032419 3646377 3173764 0 0 0 3512075 0 0 0 0 
0 0 0 0 0 0 0 0 0 0 0 0 0 0 0 0 0 0 0 0 0 0 0 3 0 12288 12288 0 0 25 0 0 0 6877124 2053690 0 0 0 0 0 3540127 0 0 0 
0 0 0 0 0 0 0 0 0 0 0 0 0 0 0 0 0 0 0 0 0 0 0 3 12291 0 0 0 0 0 25 0 0 2053630 3675380 3201043 0 0 0 3540407 0 0 0 0 
0 0 0 0 0 0 0 0 0 0 0 0 0 0 0 0 0 0 0 0 0 0 0 3 0 12292 12292 0 0 25 0 0 0 6928574 2067514 0 0 0 0 0 3562092 0 0 0 
0 0 0 0 0 0 0 0 0 0 0 0 0 0 0 0 0 0 0 0 0 0 0 3 12295 0 0 0 0 0 25 0 0 2067452 3701937 3225937 0 0 0 3562371 0 0 0 0 
0 0 0 0 0 0 0 0 0 0 0 0 0 0 0 0 0 0 0 0 0 0 0 3 0 12300 12300 0 0 25 0 0 0 6953770 2078546 0 0 0 0 0 3580921 0 0 0 
0 0 0 0 0 0 0 0 0 0 0 0 0 0 0 0 0 0 0 0 0 0 0 3 12303 0 0 0 0 0 25 0 0 2078485 3715650 3237418 0 0 0 3581203 0 0 0 0 
0 0 0 0 0 0 0 0 0 0 0 0 0 0 0 0 0 0 0 0 0 0 0 3 0 12304 12304 0 0 25 0 0 0 7010068 2096821 0 0 0 0 0 3606207 0 0 0 
0 0 0 0 0 0 0 0 0 0 0 0 0 0 0 0 0 0 0 0 0 0 0 3 12307 0 0 0 0 0 25 0 0 2096759 3744528 3264836 0 0 0 3606490 0 0 0 0 
0 0 0 0 0 0 0 0 0 0 0 0 0 0 0 0 0 0 0 0 0 0 0 3 0 12304 12304 0 0 25 0 0 0 7058964 2112772 0 0 0 0 0 3632311 0 0 0 
0 0 0 0 0 0 0 0 0 0 0 0 0 0 0 0 0 0 0 0 0 0 0 3 12307 0 0 0 0 0 25 0 0 2112710 3769991 3288272 0 0 0 3632596 0 0 0 0 
0 0 0 0 0 0 0 0 0 0 0 0 0 0 0 0 0 0 0 0 0 0 0 3 0 12316 12316 0 0 25 0 0 0 7084652 2119364 0 0 0 0 0 3644861 0 0 0 
0 0 0 0 0 0 0 0 0 0 0 0 0 0 0 0 0 0 0 0 0 0 0 3 12319 0 0 0 0 0 25 0 0 2119301 3784199 3299752 0 0 0 3645146 0 0 0 0 
0 0 0 0 0 0 0 0 0 0 0 0 0 0 0 0 0 0 0 0 0 0 0 3 0 12316 12316 0 0 25 0 0 0 7129477 2134580 0 0 0 0 0 3671180 0 0 0 
0 0 0 0 0 0 0 0 0 0 0 0 0 0 0 0 0 0 0 0 0 0 0 3 12319 0 0 0 0 0 25 0 0 2134516 3807957 3320811 0 0 0 3671469 0 0 0 0 
0 0 0 0 0 0 0 0 0 0 0 0 0 0 0 0 0 0 0 0 0 0 0 3 0 12320 12320 0 0 25 0 0 0 7182442 2155503 0 0 0 0 0 3699958 0 0 0 
0 0 0 0 0 0 0 0 0 0 0 0 0 0 0 0 0 0 0 0 0 0 0 3 12323 0 0 0 0 0 25 0 0 2155437 3835317 3346418 0 0 0 3700250 0 0 0 0 
0 0 0 0 0 0 0 0 0 0 0 0 0 0 0 0 0 0 0 0 0 0 0 3 0 12324 12324 0 0 25 0 0 0 7227762 2166766 0 0 0 0 0 3719612 0 0 0 
0 0 0 0 0 0 0 0 0 0 0 0 0 0 0 0 0 0 0 0 0 0 0 3 12327 0 0 0 0 0 25 0 0 2166700 3859486 3367570 0 0 0 3719905 0 0 0 0 
0 0 0 0 0 0 0 0 0 0 0 0 0 0 0 0 0 0 0 0 0 0 0 3 0 12332 12332 0 0 25 0 0 0 7255869 2179519 0 0 0 0 0 3739593 0 0 0 
0 0 0 0 0 0 0 0 0 0 0 0 0 0 0 0 0 0 0 0 0 0 0 3 12335 0 0 0 0 0 25 0 0 2179453 3874565 3380593 0 0 0 3739889 0 0 0 0 
0 0 0 0 0 0 0 0 0 0 0 0 0 0 0 0 0 0 0 0 0 0 0 3 0 12336 12336 0 0 25 0 0 0 7313189 2199235 0 0 0 0 0 3766956 0 0 0 
0 0 0 0 0 0 0 0 0 0 0 0 0 0 0 0 0 0 0 0 0 0 0 3 12339 0 0 0 0 0 25 0 0 2199168 3904250 3408220 0 0 0 3767253 0 0 0 0 
0 0 0 0 0 0 0 0 0 0 0 0 0 0 0 0 0 0 0 0 0 0 0 3 0 12340 12340 0 0 25 0 0 0 7367873 2216392 0 0 0 0 0 3792531 0 0 0 
0 0 0 0 0 0 0 0 0 0 0 0 0 0 0 0 0 0 0 0 0 0 0 3 12343 0 0 0 0 0 25 0 0 2216323 3932417 3434723 0 0 0 3792830 0 0 0 0 
0 0 0 0 0 0 0 0 0 0 0 0 0 0 0 0 0 0 0 0 0 0 0 3 0 12348 12348 0 0 25 0 0 0 7391222 2224771 0 0 0 0 0 3809030 0 0 0 
0 0 0 0 0 0 0 0 0 0 0 0 0 0 0 0 0 0 0 0 0 0 0 3 12351 0 0 0 0 0 25 0 0 2224701 3945446 3445044 0 0 0 3809330 0 0 0 0 
0 0 0 0 0 0 0 0 0 0 0 0 0 0 0 0 0 0 0 0 0 0 0 3 0 12352 12348 0 0 25 0 0 0 7446927 2241408 0 0 0 0 0 3833807 0 0 0 
0 0 0 0 0 0 0 0 0 0 0 0 0 0 0 0 0 0 0 0 0 0 0 3 12351 0 0 0 0 0 25 0 0 2241338 3973890 3472309 0 0 0 3834106 0 0 0 0 
0 0 0 0 0 0 0 0 0 0 0 0 0 0 0 0 0 0 0 0 0 0 0 3 0 12352 12352 0 0 25 0 0 0 7487393 2257693 0 0 0 0 0 3860574 0 0 0 
0 0 0 0 0 0 0 0 0 0 0 0 0 0 0 0 0 0 0 0 0 0 0 3 12355 0 0 0 0 0 25 0 0 2257623 3995213 3491449 0 0 0 3860878 0 0 0 0 
0 0 0 0 0 0 0 0 0 0 0 0 0 0 0 0 0 0 0 0 0 0 0 3 0 12360 12356 0 0 25 0 0 0 7524274 2266023 0 0 0 0 0 3874406 0 0 0 
0 0 0 0 0 0 0 0 0 0 0 0 0 0 0 0 0 0 0 0 0 0 0 3 12359 0 0 0 0 0 25 0 0 2265954 4014305 3509238 0 0 0 3874711 0 0 0 0 
0 0 0 0 0 0 0 0 0 0 0 0 0 0 0 0 0 0 0 0 0 0 0 3 0 12364 12364 0 0 25 0 0 0 7557622 2279849 0 0 0 0 0 3896637 0 0 0 
0 0 0 0 0 0 0 0 0 0 0 0 0 0 0 0 0 0 0 0 0 0 0 3 12367 0 0 0 0 0 25 0 0 2279780 4032326 3524557 0 0 0 3896948 0 0 0 0 
0 0 0 0 0 0 0 0 0 0 0 0 0 0 0 0 0 0 0 0 0 0 0 3 0 12368 12368 0 0 25 0 0 0 7610979 2300057 0 0 0 0 0 3924045 0 0 0 
0 0 0 0 0 0 0 0 0 0 0 0 0 0 0 0 0 0 0 0 0 0 0 3 12371 0 0 0 0 0 25 0 0 2299987 4059523 3550720 0 0 0 3924354 0 0 0 0 
0 0 0 0 0 0 0 0 0 0 0 0 0 0 0 0 0 0 0 0 0 0 0 3 0 12372 12372 0 0 25 0 0 0 7664753 2315645 0 0 0 0 0 3947157 0 0 0 
0 0 0 0 0 0 0 0 0 0 0 0 0 0 0 0 0 0 0 0 0 0 0 3 12375 0 0 0 0 0 25 0 0 2315575 4087074 3576946 0 0 0 3947467 0 0 0 0 
0 0 0 0 0 0 0 0 0 0 0 0 0 0 0 0 0 0 0 0 0 0 0 3 0 12380 12380 0 0 25 0 0 0 7685963 2324195 0 0 0 0 0 3962630 0 0 0 
0 0 0 0 0 0 0 0 0 0 0 0 0 0 0 0 0 0 0 0 0 0 0 3 12383 0 0 0 0 0 25 0 0 2324124 4098915 3586306 0 0 0 3962942 0 0 0 0 
0 0 0 0 0 0 0 0 0 0 0 0 0 0 0 0 0 0 0 0 0 0 0 3 0 12384 12384 0 0 25 0 0 0 7740296 2341542 0 0 0 0 0 3986771 0 0 0 
0 0 0 0 0 0 0 0 0 0 0 0 0 0 0 0 0 0 0 0 0 0 0 3 12387 0 0 0 0 0 25 0 0 2341471 4127149 3612397 0 0 0 3987087 0 0 0 0 
0 0 0 0 0 0 0 0 0 0 0 0 0 0 0 0 0 0 0 0 0 0 0 3 0 12384 12384 0 0 25 0 0 0 7782554 2357344 0 0 0 0 0 4013540 0 0 0 
0 0 0 0 0 0 0 0 0 0 0 0 0 0 0 0 0 0 0 0 0 0 0 3 12387 0 0 0 0 0 25 0 0 2357273 4148982 3632814 0 0 0 4013855 0 0 0 0 
0 0 0 0 0 0 0 0 0 0 0 0 0 0 0 0 0 0 0 0 0 0 0 3 0 12396 12392 0 0 25 0 0 0 7815917 2365417 0 0 0 0 0 4026369 0 0 0 
0 0 0 0 0 0 0 0 0 0 0 0 0 0 0 0 0 0 0 0 0 0 0 3 12395 0 0 0 0 0 25 0 0 2365346 4166298 3648865 0 0 0 4026685 0 0 0 0 
0 0 0 0 0 0 0 0 0 0 0 0 0 0 0 0 0 0 0 0 0 0 0 3 0 12396 12396 0 0 25 0 0 0 7858865 2381478 0 0 0 0 0 4053184 0 0 0 
0 0 0 0 0 0 0 0 0 0 0 0 0 0 0 0 0 0 0 0 0 0 0 3 12399 0 0 0 0 0 25 0 0 2381408 4189493 3668604 0 0 0 4053504 0 0 0 0 
0 0 0 0 0 0 0 0 0 0 0 0 0 0 0 0 0 0 0 0 0 0 0 3 0 12400 12400 0 0 25 0 0 0 7913356 2402769 0 0 0 0 0 4081912 0 0 0 
0 0 0 0 0 0 0 0 0 0 0 0 0 0 0 0 0 0 0 0 0 0 0 3 12403 0 0 0 0 0 25 0 0 2402699 4217528 3695066 0 0 0 4082233 0 0 0 0 
0 0 0 0 0 0 0 0 0 0 0 0 0 0 0 0 0 0 0 0 0 0 0 3 0 12404 12404 0 0 25 0 0 0 7959630 2414896 0 0 0 0 0 4101017 0 0 0 
0 0 0 0 0 0 0 0 0 0 0 0 0 0 0 0 0 0 0 0 0 0 0 3 12407 0 0 0 0 0 25 0 0 2414826 4240960 3717911 0 0 0 4101336 0 0 0 0 
0 0 0 0 0 0 0 0 0 0 0 0 0 0 0 0 0 0 0 0 0 0 0 3 0 12412 12412 0 0 25 0 0 0 7980601 2425131 0 0 0 0 0 4117270 0 0 0 
0 0 0 0 0 0 0 0 0 0 0 0 0 0 0 0 0 0 0 0 0 0 0 3 12415 0 0 0 0 0 25 0 0 2425061 4252103 3727734 0 0 0 4117596 0 0 0 0 
0 0 0 0 0 0 0 0 0 0 0 0 0 0 0 0 0 0 0 0 0 0 0 3 0 12416 12416 0 0 25 0 0 0 8036394 2441371 0 0 0 0 0 4141152 0 0 0 
0 0 0 0 0 0 0 0 0 0 0 0 0 0 0 0 0 0 0 0 0 0 0 3 12419 0 0 0 0 0 25 0 0 2441299 4280788 3754841 0 0 0 4141478 0 0 0 0 
0 0 0 0 0 0 0 0 0 0 0 0 0 0 0 0 0 0 0 0 0 0 0 3 0 12416 12416 0 0 25 0 0 0 8081528 2457752 0 0 0 0 0 4168021 0 0 0 
0 0 0 0 0 0 0 0 0 0 0 0 0 0 0 0 0 0 0 0 0 0 0 3 12419 0 0 0 0 0 25 0 0 2457680 4304939 3775814 0 0 0 4168347 0 0 0 0 
0 0 0 0 0 0 0 0 0 0 0 0 0 0 0 0 0 0 0 0 0 0 0 3 0 12428 12428 0 0 25 0 0 0 8111176 2465948 0 0 0 0 0 4180202 0 0 0 
0 0 0 0 0 0 0 0 0 0 0 0 0 0 0 0 0 0 0 0 0 0 0 3 12431 0 0 0 0 0 25 0 0 2465875 4320294 3790114 0 0 0 4180528 0 0 0 0 
0 0 0 0 0 0 0 0 0 0 0 0 0 0 0 0 0 0 0 0 0 0 0 3 0 12428 12428 0 0 25 0 0 0 8152414 2481423 0 0 0 0 0 4206866 0 0 0 
0 0 0 0 0 0 0 0 0 0 0 0 0 0 0 0 0 0 0 0 0 0 0 3 12431 0 0 0 0 0 25 0 0 2481350 4342273 3809368 0 0 0 4207195 0 0 0 0 
0 0 0 0 0 0 0 0 0 0 0 0 0 0 0 0 0 0 0 0 0 0 0 3 0 12432 12432 0 0 25 0 0 0 8207340 2502172 0 0 0 0 0 4235213 0 0 0 
0 0 0 0 0 0 0 0 0 0 0 0 0 0 0 0 0 0 0 0 0 0 0 3 12435 0 0 0 0 0 25 0 0 2502100 4370793 3835780 0 0 0 4235541 0 0 0 0 
0 0 0 0 0 0 0 0 0 0 0 0 0 0 0 0 0 0 0 0 0 0 0 3 0 12436 12436 0 0 25 0 0 0 8252608 2514149 0 0 0 0 0 4254018 0 0 0 
0 0 0 0 0 0 0 0 0 0 0 0 0 0 0 0 0 0 0 0 0 0 0 3 12439 0 0 0 0 0 25 0 0 2514076 4393986 3857858 0 0 0 4254347 0 0 0 0 
0 0 0 0 0 0 0 0 0 0 0 0 0 0 0 0 0 0 0 0 0 0 0 3 0 12444 12444 0 0 25 0 0 0 8276389 2525427 0 0 0 0 0 4272221 0 0 0 
0 0 0 0 0 0 0 0 0 0 0 0 0 0 0 0 0 0 0 0 0 0 0 3 12447 0 0 0 0 0 25 0 0 2525353 4407018 3868606 0 0 0 4272552 0 0 0 0 
0 0 0 0 0 0 0 0 0 0 0 0 0 0 0 0 0 0 0 0 0 0 0 3 0 12448 12448 0 0 25 0 0 0 8331841 2542012 0 0 0 0 0 4296653 0 0 0 
0 0 0 0 0 0 0 0 0 0 0 0 0 0 0 0 0 0 0 0 0 0 0 3 12451 0 0 0 0 0 25 0 0 2541936 4435330 3895739 0 0 0 4296985 0 0 0 0 
0 0 0 0 0 0 0 0 0 0 0 0 0 0 0 0 0 0 0 0 0 0 0 3 0 12448 12448 0 0 25 0 0 0 8376852 2557512 0 0 0 0 0 4322129 0 0 0 
0 0 0 0 0 0 0 0 0 0 0 0 0 0 0 0 0 0 0 0 0 0 0 3 12451 0 0 0 0 0 25 0 0 2557434 4458926 3917146 0 0 0 4322462 0 0 0 0 
0 0 0 0 0 0 0 0 0 0 0 0 0 0 0 0 0 0 0 0 0 0 0 3 0 12456 12456 0 0 25 0 0 0 8402421 2563915 0 0 0 0 0 4331621 0 0 0 
0 0 0 0 0 0 0 0 0 0 0 0 0 0 0 0 0 0 0 0 0 0 0 3 12459 0 0 0 0 0 25 0 0 2563837 4471599 3930043 0 0 0 4331954 0 0 0 0 
0 0 0 0 0 0 0 0 0 0 0 0 0 0 0 0 0 0 0 0 0 0 0 3 0 12460 12460 0 0 25 0 0 0 8441547 2578851 0 0 0 0 0 4356518 0 0 0 
0 0 0 0 0 0 0 0 0 0 0 0 0 0 0 0 0 0 0 0 0 0 0 3 12463 0 0 0 0 0 25 0 0 2578769 4492414 3948346 0 0 0 4356854 0 0 0 0 
0 0 0 0 0 0 0 0 0 0 0 0 0 0 0 0 0 0 0 0 0 0 0 3 0 12464 12464 0 0 25 0 0 0 8495118 2600060 0 0 0 0 0 4384978 0 0 0 
0 0 0 0 0 0 0 0 0 0 0 0 0 0 0 0 0 0 0 0 0 0 0 3 12467 0 0 0 0 0 25 0 0 2599977 4519998 3974331 0 0 0 4385312 0 0 0 0 
0 0 0 0 0 0 0 0 0 0 0 0 0 0 0 0 0 0 0 0 0 0 0 3 0 12468 12468 0 0 25 0 0 0 8543254 2613403 0 0 0 0 0 4404671 0 0 0 
0 0 0 0 0 0 0 0 0 0 0 0 0 0 0 0 0 0 0 0 0 0 0 3 12471 0 0 0 0 0 25 0 0 2613320 4544662 3997795 0 0 0 4405006 0 0 0 0 
<====
0 0 0 0 0 0 0 0 0 0 0 0 0 0 0 0 0 0 0 0 0 0 0 3 0 12472 12468 0 0 25 0 0 0 8548053 2613540 0 0 0 0 0 4407535 0 0 0 
0 0 0 0 0 0 0 0 0 0 0 0 0 0 0 0 0 0 0 0 0 0 0 3 12471 0 0 0 0 0 25 0 0 2613457 4547520 3999736 0 0 0 4407870 0 0 0 0 
0 0 0 0 0 0 0 0 0 0 0 0 0 0 0 0 0 0 0 0 0 0 0 3 0 12472 12468 0 0 25 0 0 0 8548053 2613540 0 0 0 0 0 4407535 0 0 0 
0 0 0 0 0 0 0 0 0 0 0 0 0 0 0 0 0 0 0 0 0 0 0 3 12471 0 0 0 0 0 25 0 0 2613457 4547520 3999736 0 0 0 4407870 0 0 0 0 
0 0 0 0 0 0 0 0 0 0 0 0 0 0 0 0 0 0 0 0 0 0 0 3 0 12472 12468 0 0 25 0 0 0 8548053 2613540 0 0 0 0 0 4407535 0 0 0 
0 0 0 0 0 0 0 0 0 0 0 0 0 0 0 0 0 0 0 0 0 0 0 3 12471 0 0 0 0 0 25 0 0 2613457 4547520 3999736 0 0 0 4407870 0 0 0 0 
0 0 0 0 0 0 0 0 0 0 0 0 0 0 0 0 0 0 0 0 0 0 0 3 0 12472 12468 0 0 25 0 0 0 8548053 2613540 0 0 0 0 0 4407535 0 0 0 
0 0 0 0 0 0 0 0 0 0 0 0 0 0 0 0 0 0 0 0 0 0 0 3 12471 0 0 0 0 0 25 0 0 2613457 4547520 3999736 0 0 0 4407870 0 0 0 0 
0 0 0 0 0 0 0 0 0 0 0 0 0 0 0 0 0 0 0 0 0 0 0 3 0 12472 12468 0 0 25 0 0 0 8548053 2613540 0 0 0 0 0 4407535 0 0 0 
0 0 0 0 0 0 0 0 0 0 0 0 0 0 0 0 0 0 0 0 0 0 0 3 12471 0 0 0 0 0 25 0 0 2613457 4547520 3999736 0 0 0 4407870 0 0 0 0 
0 0 0 0 0 0 0 0 0 0 0 0 0 0 0 0 0 0 0 0 0 0 0 3 0 12472 12468 0 0 25 0 0 0 8548053 2613540 0 0 0 0 0 4407535 0 0 0 
0 0 0 0 0 0 0 0 0 0 0 0 0 0 0 0 0 0 0 0 0 0 0 3 12471 0 0 0 0 0 25 0 0 2613457 4547520 3999736 0 0 0 4407870 0 0 0 0 
