0 0 0 0 0 0 0 0 0 0 0 0 0 0 0 0 0 0 0 0 0 0 0 3 0 12107 12105 0 0 15 0 0 0 5364384 1549987 0 0 0 0 0 2786507 0 0 0 
0 0 0 0 0 0 0 0 0 0 0 0 0 0 0 0 0 0 0 0 0 0 0 3 12104 0 0 0 0 0 15 0 0 1549915 2818305 2545494 0 0 0 2786749 0 0 0 0 
0 0 0 0 0 0 0 0 0 0 0 0 0 0 0 0 0 0 0 0 0 0 0 3 0 12107 12105 0 0 15 0 0 0 5364384 1549987 0 0 0 0 0 2786507 0 0 0 
0 0 0 0 0 0 0 0 0 0 0 0 0 0 0 0 0 0 0 0 0 0 0 3 12104 0 0 0 0 0 15 0 0 1549915 2818305 2545494 0 0 0 2786749 0 0 0 0 
0 0 0 0 0 0 0 0 0 0 0 0 0 0 0 0 0 0 0 0 0 0 0 3 0 12107 12105 0 0 15 0 0 0 5364384 1549987 0 0 0 0 0 2786507 0 0 0 
0 0 0 0 0 0 0 0 0 0 0 0 0 0 0 0 0 0 0 0 0 0 0 3 12104 0 0 0 0 0 15 0 0 1549915 2818305 2545494 0 0 0 2786749 0 0 0 0 
0 0 0 0 0 0 0 0 0 0 0 0 0 0 0 0 0 0 0 0 0 0 0 3 0 12107 12105 0 0 15 0 0 0 5364384 1549987 0 0 0 0 0 2786507 0 0 0 
0 0 0 0 0 0 0 0 0 0 0 0 0 0 0 0 0 0 0 0 0 0 0 3 12104 0 0 0 0 0 15 0 0 1549915 2818305 2545494 0 0 0 2786749 0 0 0 0 
0 0 0 0 0 0 0 0 0 0 0 0 0 0 0 0 0 0 0 0 0 0 0 3 0 12107 12105 0 0 15 0 0 0 5364384 1549987 0 0 0 0 0 2786507 0 0 0 
0 0 0 0 0 0 0 0 0 0 0 0 0 0 0 0 0 0 0 0 0 0 0 3 12104 0 0 0 0 0 15 0 0 1549915 2818305 2545494 0 0 0 2786749 0 0 0 0 
0 0 0 0 0 0 0 0 0 0 0 0 0 0 0 0 0 0 0 0 0 0 0 3 0 12107 12105 0 0 15 0 0 0 5364384 1549987 0 0 0 0 0 2786507 0 0 0 
0 0 0 0 0 0 0 0 0 0 0 0 0 0 0 0 0 0 0 0 0 0 0 3 12104 0 0 0 0 0 15 0 0 1549915 2818305 2545494 0 0 0 2786749 0 0 0 0 
0 0 0 0 0 0 0 0 0 0 0 0 0 0 0 0 0 0 0 0 0 0 0 3 0 12107 12105 0 0 15 0 0 0 5364384 1549987 0 0 0 0 0 2786507 0 0 0 
0 0 0 0 0 0 0 0 0 0 0 0 0 0 0 0 0 0 0 0 0 0 0 3 12104 0 0 0 0 0 15 0 0 1549915 2818305 2545494 0 0 0 2786749 0 0 0 0 
0 0 0 0 0 0 0 0 0 0 0 0 0 0 0 0 0 0 0 0 0 0 0 3 0 12107 12105 0 0 15 0 0 0 5364384 1549987 0 0 0 0 0 2786507 0 0 0 
0 0 0 0 0 0 0 0 0 0 0 0 0 0 0 0 0 0 0 0 0 0 0 3 12104 0 0 0 0 0 15 0 0 1549915 2818305 2545494 0 0 0 2786749 0 0 0 0 
0 0 0 0 0 0 0 0 0 0 0 0 0 0 0 0 0 0 0 0 0 0 0 3 0 12107 12105 0 0 15 0 0 0 5364384 1549987 0 0 0 0 0 2786507 0 0 0 
0 0 0 0 0 0 0 0 0 0 0 0 0 0 0 0 0 0 0 0 0 0 0 3 12104 0 0 0 0 0 15 0 0 1549915 2818305 2545494 0 0 0 2786749 0 0 0 0 
0 0 0 0 0 0 0 0 0 0 0 0 0 0 0 0 0 0 0 0 0 0 0 3 0 12107 12105 0 0 15 0 0 0 5364384 1549987 0 0 0 0 0 2786507 0 0 0 
0 0 0 0 0 0 0 0 0 0 0 0 0 0 0 0 0 0 0 0 0 0 0 3 12104 0 0 0 0 0 15 0 0 1549915 2818305 2545494 0 0 0 2786749 0 0 0 0 
0 0 0 0 0 0 0 0 0 0 0 0 0 0 0 0 0 0 0 0 0 0 0 3 0 12107 12105 0 0 15 0 0 0 5364384 1549987 0 0 0 0 0 2786507 0 0 0 
0 0 0 0 0 0 0 0 0 0 0 0 0 0 0 0 0 0 0 0 0 0 0 3 12104 0 0 0 0 0 15 0 0 1549915 2818305 2545494 0 0 0 2786749 0 0 0 0 
0 0 0 0 0 0 0 0 0 0 0 0 0 0 0 0 0 0 0 0 0 0 0 3 0 12107 12105 0 0 15 0 0 0 5364384 1549987 0 0 0 0 0 2786507 0 0 0 
0 0 0 0 0 0 0 0 0 0 0 0 0 0 0 0 0 0 0 0 0 0 0 3 12104 0 0 0 0 0 15 0 0 1549915 2818305 2545494 0 0 0 2786749 0 0 0 0 
====>
0 0 0 0 0 0 0 0 0 0 0 0 0 0 0 0 0 0 0 0 0 0 0 3 0 12107 12105 0 0 15 0 0 0 5364384 1549987 0 0 0 0 0 2786507 0 0 0 
0 0 0 0 0 0 0 0 0 0 0 0 0 0 0 0 0 0 0 0 0 0 0 3 12104 0 0 0 0 0 15 0 0 1549915 2818305 2545494 0 0 0 2786749 0 0 0 0 
0 0 0 0 0 0 0 0 0 0 0 0 0 0 0 0 0 0 0 0 0 0 0 3 0 12111 12113 0 0 26 0 0 0 5448873 1549995 0 0 0 0 0 2787882 0 0 0 
0 0 0 0 0 0 0 0 0 0 0 0 0 0 0 0 0 0 0 0 0 0 0 3 12112 0 0 0 0 0 26 0 0 1549923 2901770 2546535 0 0 0 2788124 0 0 0 0 
0 0 0 0 0 0 0 0 0 0 0 0 0 0 0 0 0 0 0 0 0 0 0 3 0 12123 12125 0 0 26 0 0 0 5458637 1550018 0 0 0 0 0 2792810 0 0 0 
0 0 0 0 0 0 0 0 0 0 0 0 0 0 0 0 0 0 0 0 0 0 0 3 12124 0 0 0 0 0 26 0 0 1549946 2907237 2550835 0 0 0 2793052 0 0 0 0 
0 0 0 0 0 0 0 0 0 0 0 0 0 0 0 0 0 0 0 0 0 0 0 3 0 12127 12129 0 0 26 0 0 0 5490734 1576912 0 0 0 0 0 2802057 0 0 0 
0 0 0 0 0 0 0 0 0 0 0 0 0 0 0 0 0 0 0 0 0 0 0 3 12128 0 0 0 0 0 26 0 0 1576838 2931328 2558847 0 0 0 2802300 0 0 0 0 
0 0 0 0 0 0 0 0 0 0 0 0 0 0 0 0 0 0 0 0 0 0 0 3 0 12135 12137 0 0 26 0 0 0 5545054 1599503 0 0 0 0 0 2818723 0 0 0 
0 0 0 0 0 0 0 0 0 0 0 0 0 0 0 0 0 0 0 0 0 0 0 3 12136 0 0 0 0 0 26 0 0 1599429 2970419 2574074 0 0 0 2818966 0 0 0 0 
0 0 0 0 0 0 0 0 0 0 0 0 0 0 0 0 0 0 0 0 0 0 0 3 0 12143 12145 0 0 26 0 0 0 5566535 1599520 0 0 0 0 0 2834988 0 0 0 
0 0 0 0 0 0 0 0 0 0 0 0 0 0 0 0 0 0 0 0 0 0 0 3 12144 0 0 0 0 0 26 0 0 1599446 2974453 2591511 0 0 0 2835232 0 0 0 0 
0 0 0 0 0 0 0 0 0 0 0 0 0 0 0 0 0 0 0 0 0 0 0 3 0 12147 12149 0 0 26 0 0 0 5594515 1615780 0 0 0 0 0 2843721 0 0 0 
0 0 0 0 0 0 0 0 0 0 0 0 0 0 0 0 0 0 0 0 0 0 0 3 12148 0 0 0 0 0 26 0 0 1615701 2993875 2600067 0 0 0 2843965 0 0 0 0 
0 0 0 0 0 0 0 0 0 0 0 0 0 0 0 0 0 0 0 0 0 0 0 3 0 12151 12153 0 0 26 0 0 0 5646299 1639518 0 0 0 0 0 2880056 0 0 0 
0 0 0 0 0 0 0 0 0 0 0 0 0 0 0 0 0 0 0 0 0 0 0 3 12152 0 0 0 0 0 26 0 0 1639438 3023324 2622394 0 0 0 2880310 0 0 0 0 
0 0 0 0 0 0 0 0 0 0 0 0 0 0 0 0 0 0 0 0 0 0 0 3 0 12155 12157 0 0 26 0 0 0 5718152 1661800 0 0 0 0 0 2917868 0 0 0 
0 0 0 0 0 0 0 0 0 0 0 0 0 0 0 0 0 0 0 0 0 0 0 3 12156 0 0 0 0 0 26 0 0 1661718 3051410 2666145 0 0 0 2918120 0 0 0 0 
0 0 0 0 0 0 0 0 0 0 0 0 0 0 0 0 0 0 0 0 0 0 0 3 0 12159 12161 0 0 26 0 0 0 5774395 1679557 0 0 0 0 0 2942768 0 0 0 
0 0 0 0 0 0 0 0 0 0 0 0 0 0 0 0 0 0 0 0 0 0 0 3 12160 0 0 0 0 0 26 0 0 1679471 3079939 2693849 0 0 0 2943021 0 0 0 0 
0 0 0 0 0 0 0 0 0 0 0 0 0 0 0 0 0 0 0 0 0 0 0 3 0 12159 12161 0 0 26 0 0 0 5823814 1698312 0 0 0 0 0 2968922 0 0 0 
0 0 0 0 0 0 0 0 0 0 0 0 0 0 0 0 0 0 0 0 0 0 0 3 12160 0 0 0 0 0 26 0 0 1698223 3104936 2718267 0 0 0 2969174 0 0 0 0 
0 0 0 0 0 0 0 0 0 0 0 0 0 0 0 0 0 0 0 0 0 0 0 3 0 12171 12173 0 0 26 0 0 0 5849815 1705865 0 0 0 0 0 2982328 0 0 0 
0 0 0 0 0 0 0 0 0 0 0 0 0 0 0 0 0 0 0 0 0 0 0 3 12172 0 0 0 0 0 26 0 0 1705776 3118674 2730526 0 0 0 2982580 0 0 0 0 
0 0 0 0 0 0 0 0 0 0 0 0 0 0 0 0 0 0 0 0 0 0 0 3 0 12171 12173 0 0 26 0 0 0 5902664 1724041 0 0 0 0 0 3008199 0 0 0 
0 0 0 0 0 0 0 0 0 0 0 0 0 0 0 0 0 0 0 0 0 0 0 3 12172 0 0 0 0 0 26 0 0 1723952 3145263 2756784 0 0 0 3008452 0 0 0 0 
0 0 0 0 0 0 0 0 0 0 0 0 0 0 0 0 0 0 0 0 0 0 0 3 0 12175 12177 0 0 26 0 0 0 5946875 1740206 0 0 0 0 0 3034004 0 0 0 
0 0 0 0 0 0 0 0 0 0 0 0 0 0 0 0 0 0 0 0 0 0 0 3 12176 0 0 0 0 0 26 0 0 1740114 3168275 2777975 0 0 0 3034257 0 0 0 0 
0 0 0 0 0 0 0 0 0 0 0 0 0 0 0 0 0 0 0 0 0 0 0 3 0 12183 12185 0 0 26 0 0 0 5984921 1748960 0 0 0 0 0 3047993 0 0 0 
0 0 0 0 0 0 0 0 0 0 0 0 0 0 0 0 0 0 0 0 0 0 0 3 12184 0 0 0 0 0 26 0 0 1748868 3187811 2796491 0 0 0 3048248 0 0 0 0 
0 0 0 0 0 0 0 0 0 0 0 0 0 0 0 0 0 0 0 0 0 0 0 3 0 12187 12189 0 0 26 0 0 0 6022541 1765028 0 0 0 0 0 3073693 0 0 0 
0 0 0 0 0 0 0 0 0 0 0 0 0 0 0 0 0 0 0 0 0 0 0 3 12188 0 0 0 0 0 26 0 0 1764935 3207262 2814661 0 0 0 3073950 0 0 0 0 
0 0 0 0 0 0 0 0 0 0 0 0 0 0 0 0 0 0 0 0 0 0 0 3 0 12191 12193 0 0 26 0 0 0 6078689 1786081 0 0 0 0 0 3101711 0 0 0 
0 0 0 0 0 0 0 0 0 0 0 0 0 0 0 0 0 0 0 0 0 0 0 3 12192 0 0 0 0 0 26 0 0 1785988 3235654 2842416 0 0 0 3101971 0 0 0 0 
0 0 0 0 0 0 0 0 0 0 0 0 0 0 0 0 0 0 0 0 0 0 0 3 0 12195 12197 0 0 26 0 0 0 6129297 1798573 0 0 0 0 0 3121830 0 0 0 
0 0 0 0 0 0 0 0 0 0 0 0 0 0 0 0 0 0 0 0 0 0 0 3 12196 0 0 0 0 0 26 0 0 1798481 3261661 2867018 0 0 0 3122088 0 0 0 0 
0 0 0 0 0 0 0 0 0 0 0 0 0 0 0 0 0 0 0 0 0 0 0 3 0 12203 12205 0 0 26 0 0 0 6154912 1810947 0 0 0 0 0 3141151 0 0 0 
0 0 0 0 0 0 0 0 0 0 0 0 0 0 0 0 0 0 0 0 0 0 0 3 12204 0 0 0 0 0 26 0 0 1810855 3275105 2879189 0 0 0 3141413 0 0 0 0 
0 0 0 0 0 0 0 0 0 0 0 0 0 0 0 0 0 0 0 0 0 0 0 3 0 12207 12209 0 0 26 0 0 0 6211992 1829081 0 0 0 0 0 3166772 0 0 0 
0 0 0 0 0 0 0 0 0 0 0 0 0 0 0 0 0 0 0 0 0 0 0 3 12208 0 0 0 0 0 26 0 0 1828987 3304334 2907040 0 0 0 3167032 0 0 0 0 
0 0 0 0 0 0 0 0 0 0 0 0 0 0 0 0 0 0 0 0 0 0 0 3 0 12207 12209 0 0 26 0 0 0 6260598 1846060 0 0 0 0 0 3192203 0 0 0 
0 0 0 0 0 0 0 0 0 0 0 0 0 0 0 0 0 0 0 0 0 0 0 3 12208 0 0 0 0 0 26 0 0 1845966 3329107 2930868 0 0 0 3192465 0 0 0 0 
0 0 0 0 0 0 0 0 0 0 0 0 0 0 0 0 0 0 0 0 0 0 0 3 0 12219 12221 0 0 26 0 0 0 6281123 1849432 0 0 0 0 0 3199683 0 0 0 
0 0 0 0 0 0 0 0 0 0 0 0 0 0 0 0 0 0 0 0 0 0 0 3 12220 0 0 0 0 0 26 0 0 1849337 3339818 2940682 0 0 0 3199946 0 0 0 0 
0 0 0 0 0 0 0 0 0 0 0 0 0 0 0 0 0 0 0 0 0 0 0 3 0 12219 12221 0 0 26 0 0 0 6320175 1865784 0 0 0 0 0 3226761 0 0 0 
0 0 0 0 0 0 0 0 0 0 0 0 0 0 0 0 0 0 0 0 0 0 0 3 12220 0 0 0 0 0 26 0 0 1865689 3359859 2959691 0 0 0 3227028 0 0 0 0 
0 0 0 0 0 0 0 0 0 0 0 0 0 0 0 0 0 0 0 0 0 0 0 3 0 12223 12225 0 0 26 0 0 0 6374969 1886334 0 0 0 0 0 3254133 0 0 0 
0 0 0 0 0 0 0 0 0 0 0 0 0 0 0 0 0 0 0 0 0 0 0 3 12224 0 0 0 0 0 26 0 0 1886238 3387910 2986434 0 0 0 3254404 0 0 0 0 
0 0 0 0 0 0 0 0 0 0 0 0 0 0 0 0 0 0 0 0 0 0 0 3 0 12227 12229 0 0 26 0 0 0 6423287 1898083 0 0 0 0 0 3272241 0 0 0 
0 0 0 0 0 0 0 0 0 0 0 0 0 0 0 0 0 0 0 0 0 0 0 3 12228 0 0 0 0 0 26 0 0 1897987 3412103 3010559 0 0 0 3272512 0 0 0 0 
0 0 0 0 0 0 0 0 0 0 0 0 0 0 0 0 0 0 0 0 0 0 0 3 0 12235 12237 0 0 26 0 0 0 6454275 1912947 0 0 0 0 0 3294885 0 0 0 
0 0 0 0 0 0 0 0 0 0 0 0 0 0 0 0 0 0 0 0 0 0 0 3 12236 0 0 0 0 0 26 0 0 1912850 3428323 3025326 0 0 0 3295159 0 0 0 0 
0 0 0 0 0 0 0 0 0 0 0 0 0 0 0 0 0 0 0 0 0 0 0 3 0 12239 12241 0 0 26 0 0 0 6510409 1932874 0 0 0 0 0 3321877 0 0 0 
0 0 0 0 0 0 0 0 0 0 0 0 0 0 0 0 0 0 0 0 0 0 0 3 12240 0 0 0 0 0 26 0 0 1932778 3456899 3052882 0 0 0 3322151 0 0 0 0 
0 0 0 0 0 0 0 0 0 0 0 0 0 0 0 0 0 0 0 0 0 0 0 3 0 12243 12245 0 0 26 0 0 0 6563543 1947836 0 0 0 0 0 3343845 0 0 0 
0 0 0 0 0 0 0 0 0 0 0 0 0 0 0 0 0 0 0 0 0 0 0 3 12244 0 0 0 0 0 26 0 0 1947739 3483718 3079195 0 0 0 3344119 0 0 0 0 
0 0 0 0 0 0 0 0 0 0 0 0 0 0 0 0 0 0 0 0 0 0 0 3 0 12251 12253 0 0 26 0 0 0 6586398 1958133 0 0 0 0 0 3361168 0 0 0 
0 0 0 0 0 0 0 0 0 0 0 0 0 0 0 0 0 0 0 0 0 0 0 3 12252 0 0 0 0 0 26 0 0 1958039 3495990 3089775 0 0 0 3361447 0 0 0 0 
0 0 0 0 0 0 0 0 0 0 0 0 0 0 0 0 0 0 0 0 0 0 0 3 0 12255 12257 0 0 26 0 0 0 6644416 1975439 0 0 0 0 0 3386474 0 0 0 
0 0 0 0 0 0 0 0 0 0 0 0 0 0 0 0 0 0 0 0 0 0 0 3 12256 0 0 0 0 0 26 0 0 1975343 3525509 3118268 0 0 0 3386754 0 0 0 0 
0 0 0 0 0 0 0 0 0 0 0 0 0 0 0 0 0 0 0 0 0 0 0 3 0 12255 12257 0 0 26 0 0 0 6687829 1992472 0 0 0 0 0 3412807 0 0 0 
0 0 0 0 0 0 0 0 0 0 0 0 0 0 0 0 0 0 0 0 0 0 0 3 12256 0 0 0 0 0 26 0 0 1992377 3547991 3139193 0 0 0 3413089 0 0 0 0 
0 0 0 0 0 0 0 0 0 0 0 0 0 0 0 0 0 0 0 0 0 0 0 3 0 12267 12269 0 0 26 0 0 0 6719964 2001086 0 0 0 0 0 3425603 0 0 0 
0 0 0 0 0 0 0 0 0 0 0 0 0 0 0 0 0 0 0 0 0 0 0 3 12268 0 0 0 0 0 26 0 0 2000992 3564136 3155184 0 0 0 3425887 0 0 0 0 
0 0 0 0 0 0 0 0 0 0 0 0 0 0 0 0 0 0 0 0 0 0 0 3 0 12267 12269 0 0 26 0 0 0 6762963 2017927 0 0 0 0 0 3451708 0 0 0 
0 0 0 0 0 0 0 0 0 0 0 0 0 0 0 0 0 0 0 0 0 0 0 3 12268 0 0 0 0 0 26 0 0 2017832 3586268 3176048 0 0 0 3451991 0 0 0 0 
0 0 0 0 0 0 0 0 0 0 0 0 0 0 0 0 0 0 0 0 0 0 0 3 0 12271 12273 0 0 26 0 0 0 6814041 2036866 0 0 0 0 0 3478435 0 0 0 
0 0 0 0 0 0 0 0 0 0 0 0 0 0 0 0 0 0 0 0 0 0 0 3 12272 0 0 0 0 0 26 0 0 2036767 3612649 3200737 0 0 0 3478718 0 0 0 0 
0 0 0 0 0 0 0 0 0 0 0 0 0 0 0 0 0 0 0 0 0 0 0 3 0 12275 12277 0 0 26 0 0 0 6859259 2047344 0 0 0 0 0 3495882 0 0 0 
0 0 0 0 0 0 0 0 0 0 0 0 0 0 0 0 0 0 0 0 0 0 0 3 12276 0 0 0 0 0 26 0 0 2047245 3635779 3222826 0 0 0 3496165 0 0 0 0 
0 0 0 0 0 0 0 0 0 0 0 0 0 0 0 0 0 0 0 0 0 0 0 3 0 12283 12285 0 0 26 0 0 0 6890602 2061395 0 0 0 0 0 3518067 0 0 0 
0 0 0 0 0 0 0 0 0 0 0 0 0 0 0 0 0 0 0 0 0 0 0 3 12284 0 0 0 0 0 26 0 0 2061297 3652368 3237583 0 0 0 3518352 0 0 0 0 
0 0 0 0 0 0 0 0 0 0 0 0 0 0 0 0 0 0 0 0 0 0 0 3 0 12287 12289 0 0 26 0 0 0 6946982 2081985 0 0 0 0 0 3545770 0 0 0 
0 0 0 0 0 0 0 0 0 0 0 0 0 0 0 0 0 0 0 0 0 0 0 3 12288 0 0 0 0 0 26 0 0 2081886 3681030 3265290 0 0 0 3546056 0 0 0 0 
0 0 0 0 0 0 0 0 0 0 0 0 0 0 0 0 0 0 0 0 0 0 0 3 0 12291 12293 0 0 26 0 0 0 7001010 2097098 0 0 0 0 0 3568777 0 0 0 
0 0 0 0 0 0 0 0 0 0 0 0 0 0 0 0 0 0 0 0 0 0 0 3 12292 0 0 0 0 0 26 0 0 2096999 3708684 3291667 0 0 0 3569062 0 0 0 0 
0 0 0 0 0 0 0 0 0 0 0 0 0 0 0 0 0 0 0 0 0 0 0 3 0 12299 12301 0 0 26 0 0 0 7024096 2106950 0 0 0 0 0 3585857 0 0 0 
0 0 0 0 0 0 0 0 0 0 0 0 0 0 0 0 0 0 0 0 0 0 0 3 12300 0 0 0 0 0 26 0 0 2106851 3720873 3302566 0 0 0 3586144 0 0 0 0 
0 0 0 0 0 0 0 0 0 0 0 0 0 0 0 0 0 0 0 0 0 0 0 3 0 12303 12305 0 0 26 0 0 0 7080976 2124593 0 0 0 0 0 3610736 0 0 0 
0 0 0 0 0 0 0 0 0 0 0 0 0 0 0 0 0 0 0 0 0 0 0 3 12304 0 0 0 0 0 26 0 0 2124494 3749861 3330457 0 0 0 3611027 0 0 0 0 
0 0 0 0 0 0 0 0 0 0 0 0 0 0 0 0 0 0 0 0 0 0 0 3 0 12303 12305 0 0 26 0 0 0 7121919 2140868 0 0 0 0 0 3636685 0 0 0 
0 0 0 0 0 0 0 0 0 0 0 0 0 0 0 0 0 0 0 0 0 0 0 3 12304 0 0 0 0 0 26 0 0 2140769 3771005 3350251 0 0 0 3636978 0 0 0 0 
0 0 0 0 0 0 0 0 0 0 0 0 0 0 0 0 0 0 0 0 0 0 0 3 0 12315 12313 0 0 26 0 0 0 7153641 2146997 0 0 0 0 0 3647253 0 0 0 
0 0 0 0 0 0 0 0 0 0 0 0 0 0 0 0 0 0 0 0 0 0 0 3 12312 0 0 0 0 0 26 0 0 2146898 3787174 3365806 0 0 0 3647545 0 0 0 0 
0 0 0 0 0 0 0 0 0 0 0 0 0 0 0 0 0 0 0 0 0 0 0 3 0 12315 12317 0 0 26 0 0 0 7194842 2164085 0 0 0 0 0 3675122 0 0 0 
0 0 0 0 0 0 0 0 0 0 0 0 0 0 0 0 0 0 0 0 0 0 0 3 12316 0 0 0 0 0 26 0 0 2163985 3808941 3385228 0 0 0 3675415 0 0 0 0 
0 0 0 0 0 0 0 0 0 0 0 0 0 0 0 0 0 0 0 0 0 0 0 3 0 12319 12321 0 0 26 0 0 0 7249173 2184955 0 0 0 0 0 3702780 0 0 0 
0 0 0 0 0 0 0 0 0 0 0 0 0 0 0 0 0 0 0 0 0 0 0 3 12320 0 0 0 0 0 26 0 0 2184849 3836685 3411816 0 0 0 3703076 0 0 0 0 
0 0 0 0 0 0 0 0 0 0 0 0 0 0 0 0 0 0 0 0 0 0 0 3 0 12323 12325 0 0 26 0 0 0 7297104 2196608 0 0 0 0 0 3720859 0 0 0 
0 0 0 0 0 0 0 0 0 0 0 0 0 0 0 0 0 0 0 0 0 0 0 3 12324 0 0 0 0 0 26 0 0 2196501 3860793 3435642 0 0 0 3721155 0 0 0 0 
0 0 0 0 0 0 0 0 0 0 0 0 0 0 0 0 0 0 0 0 0 0 0 3 0 12331 12333 0 0 26 0 0 0 7321157 2209295 0 0 0 0 0 3740041 0 0 0 
0 0 0 0 0 0 0 0 0 0 0 0 0 0 0 0 0 0 0 0 0 0 0 3 12332 0 0 0 0 0 26 0 0 2209187 3873377 3447108 0 0 0 3740339 0 0 0 0 
0 0 0 0 0 0 0 0 0 0 0 0 0 0 0 0 0 0 0 0 0 0 0 3 0 12335 12337 0 0 26 0 0 0 7378953 2227398 0 0 0 0 0 3765337 0 0 0 
0 0 0 0 0 0 0 0 0 0 0 0 0 0 0 0 0 0 0 0 0 0 0 3 12336 0 0 0 0 0 26 0 0 2227288 3902693 3475580 0 0 0 3765640 0 0 0 0 
0 0 0 0 0 0 0 0 0 0 0 0 0 0 0 0 0 0 0 0 0 0 0 3 0 12335 12337 0 0 26 0 0 0 7431156 2246054 0 0 0 0 0 3791337 0 0 0 
0 0 0 0 0 0 0 0 0 0 0 0 0 0 0 0 0 0 0 0 0 0 0 3 12336 0 0 0 0 0 26 0 0 2245943 3929567 3500906 0 0 0 3791644 0 0 0 0 
0 0 0 0 0 0 0 0 0 0 0 0 0 0 0 0 0 0 0 0 0 0 0 3 0 12347 12349 0 0 26 0 0 0 7455461 2253098 0 0 0 0 0 3805289 0 0 0 
0 0 0 0 0 0 0 0 0 0 0 0 0 0 0 0 0 0 0 0 0 0 0 3 12348 0 0 0 0 0 26 0 0 2252987 3942266 3512509 0 0 0 3805594 0 0 0 0 
0 0 0 0 0 0 0 0 0 0 0 0 0 0 0 0 0 0 0 0 0 0 0 3 0 12347 12349 0 0 26 0 0 0 7509294 2270826 0 0 0 0 0 3832135 0 0 0 
0 0 0 0 0 0 0 0 0 0 0 0 0 0 0 0 0 0 0 0 0 0 0 3 12348 0 0 0 0 0 26 0 0 2270715 3969826 3538775 0 0 0 3832446 0 0 0 0 
0 0 0 0 0 0 0 0 0 0 0 0 0 0 0 0 0 0 0 0 0 0 0 3 0 12351 12353 0 0 26 0 0 0 7551602 2287180 0 0 0 0 0 3857372 0 0 0 
0 0 0 0 0 0 0 0 0 0 0 0 0 0 0 0 0 0 0 0 0 0 0 3 12352 0 0 0 0 0 26 0 0 2287068 3991857 3559041 0 0 0 3857685 0 0 0 0 
0 0 0 0 0 0 0 0 0 0 0 0 0 0 0 0 0 0 0 0 0 0 0 3 0 12355 12357 0 0 26 0 0 0 7591041 2296117 0 0 0 0 0 3871537 0 0 0 
0 0 0 0 0 0 0 0 0 0 0 0 0 0 0 0 0 0 0 0 0 0 0 3 12356 0 0 0 0 0 26 0 0 2296005 4011509 3578827 0 0 0 3871854 0 0 0 0 
0 0 0 0 0 0 0 0 0 0 0 0 0 0 0 0 0 0 0 0 0 0 0 3 0 12363 12365 0 0 26 0 0 0 7620404 2309956 0 0 0 0 0 3892904 0 0 0 
0 0 0 0 0 0 0 0 0 0 0 0 0 0 0 0 0 0 0 0 0 0 0 3 12364 0 0 0 0 0 26 0 0 2309844 4027114 3592586 0 0 0 3893220 0 0 0 0 
0 0 0 0 0 0 0 0 0 0 0 0 0 0 0 0 0 0 0 0 0 0 0 3 0 12367 12369 0 0 26 0 0 0 7674001 2328876 0 0 0 0 0 3918439 0 0 0 
0 0 0 0 0 0 0 0 0 0 0 0 0 0 0 0 0 0 0 0 0 0 0 3 12368 0 0 0 0 0 26 0 0 2328763 4054278 3619010 0 0 0 3918757 0 0 0 0 
0 0 0 0 0 0 0 0 0 0 0 0 0 0 0 0 0 0 0 0 0 0 0 3 0 12370 12369 0 0 26 0 0 0 7730580 2345869 0 0 0 0 0 3942770 0 0 0 
0 0 0 0 0 0 0 0 0 0 0 0 0 0 0 0 0 0 0 0 0 0 0 3 12368 0 0 0 0 0 26 0 0 2345756 4082750 3647121 0 0 0 3943088 0 0 0 0 
0 0 0 0 0 0 0 0 0 0 0 0 0 0 0 0 0 0 0 0 0 0 0 3 0 12379 12381 0 0 26 0 0 0 7749971 2352888 0 0 0 0 0 3956440 0 0 0 
0 0 0 0 0 0 0 0 0 0 0 0 0 0 0 0 0 0 0 0 0 0 0 3 12380 0 0 0 0 0 26 0 0 2352776 4093074 3656185 0 0 0 3956759 0 0 0 0 
0 0 0 0 0 0 0 0 0 0 0 0 0 0 0 0 0 0 0 0 0 0 0 3 0 12379 12381 0 0 26 0 0 0 7803229 2370847 0 0 0 0 0 3981527 0 0 0 
0 0 0 0 0 0 0 0 0 0 0 0 0 0 0 0 0 0 0 0 0 0 0 3 12380 0 0 0 0 0 26 0 0 2370734 4120239 3682277 0 0 0 3981845 0 0 0 0 
0 0 0 0 0 0 0 0 0 0 0 0 0 0 0 0 0 0 0 0 0 0 0 3 0 12383 12385 0 0 26 0 0 0 7844048 2387223 0 0 0 0 0 4007489 0 0 0 
0 0 0 0 0 0 0 0 0 0 0 0 0 0 0 0 0 0 0 0 0 0 0 3 12384 0 0 0 0 0 26 0 0 2387110 4141467 3701866 0 0 0 4007810 0 0 0 0 
0 0 0 0 0 0 0 0 0 0 0 0 0 0 0 0 0 0 0 0 0 0 0 3 0 12391 12393 0 0 26 0 0 0 7883202 2395766 0 0 0 0 0 4021278 0 0 0 
0 0 0 0 0 0 0 0 0 0 0 0 0 0 0 0 0 0 0 0 0 0 0 3 12392 0 0 0 0 0 26 0 0 2395652 4161271 3721216 0 0 0 4021598 0 0 0 0 
0 0 0 0 0 0 0 0 0 0 0 0 0 0 0 0 0 0 0 0 0 0 0 3 0 12395 12397 0 0 26 0 0 0 7920957 2411981 0 0 0 0 0 4047227 0 0 0 
0 0 0 0 0 0 0 0 0 0 0 0 0 0 0 0 0 0 0 0 0 0 0 3 12396 0 0 0 0 0 26 0 0 2411866 4181085 3739151 0 0 0 4047545 0 0 0 0 
0 0 0 0 0 0 0 0 0 0 0 0 0 0 0 0 0 0 0 0 0 0 0 3 0 12399 12401 0 0 26 0 0 0 7975679 2432734 0 0 0 0 0 4074915 0 0 0 
0 0 0 0 0 0 0 0 0 0 0 0 0 0 0 0 0 0 0 0 0 0 0 3 12400 0 0 0 0 0 26 0 0 2432621 4208971 3765984 0 0 0 4075234 0 0 0 0 
0 0 0 0 0 0 0 0 0 0 0 0 0 0 0 0 0 0 0 0 0 0 0 3 0 12403 12405 0 0 26 0 0 0 8026004 2445379 0 0 0 0 0 4094375 0 0 0 
0 0 0 0 0 0 0 0 0 0 0 0 0 0 0 0 0 0 0 0 0 0 0 3 12404 0 0 0 0 0 26 0 0 2445266 4234380 3790909 0 0 0 4094694 0 0 0 0 
0 0 0 0 0 0 0 0 0 0 0 0 0 0 0 0 0 0 0 0 0 0 0 3 0 12411 12413 0 0 26 0 0 0 8046292 2454154 0 0 0 0 0 4109076 0 0 0 
0 0 0 0 0 0 0 0 0 0 0 0 0 0 0 0 0 0 0 0 0 0 0 3 12412 0 0 0 0 0 26 0 0 2454040 4244837 3800736 0 0 0 4109396 0 0 0 0 
0 0 0 0 0 0 0 0 0 0 0 0 0 0 0 0 0 0 0 0 0 0 0 3 0 12413 12413 0 0 26 0 0 0 8101035 2470355 0 0 0 0 0 4132359 0 0 0 
0 0 0 0 0 0 0 0 0 0 0 0 0 0 0 0 0 0 0 0 0 0 0 3 12412 0 0 0 0 0 26 0 0 2470242 4272561 3827770 0 0 0 4132678 0 0 0 0 
0 0 0 0 0 0 0 0 0 0 0 0 0 0 0 0 0 0 0 0 0 0 0 3 0 12415 12417 0 0 26 0 0 0 8139154 2487299 0 0 0 0 0 4158826 0 0 0 
0 0 0 0 0 0 0 0 0 0 0 0 0 0 0 0 0 0 0 0 0 0 0 3 12416 0 0 0 0 0 26 0 0 2487184 4292298 3846152 0 0 0 4159147 0 0 0 0 
0 0 0 0 0 0 0 0 0 0 0 0 0 0 0 0 0 0 0 0 0 0 0 3 0 12423 12425 0 0 26 0 0 0 8175769 2495272 0 0 0 0 0 4170426 0 0 0 
0 0 0 0 0 0 0 0 0 0 0 0 0 0 0 0 0 0 0 0 0 0 0 3 12424 0 0 0 0 0 26 0 0 2495157 4310440 3864622 0 0 0 4170745 0 0 0 0 
0 0 0 0 0 0 0 0 0 0 0 0 0 0 0 0 0 0 0 0 0 0 0 3 0 12427 12429 0 0 26 0 0 0 8213532 2512164 0 0 0 0 0 4196943 0 0 0 
0 0 0 0 0 0 0 0 0 0 0 0 0 0 0 0 0 0 0 0 0 0 0 3 12428 0 0 0 0 0 26 0 0 2512051 4330182 3882640 0 0 0 4197265 0 0 0 0 
0 0 0 0 0 0 0 0 0 0 0 0 0 0 0 0 0 0 0 0 0 0 0 3 0 12431 12433 0 0 26 0 0 0 8269195 2532421 0 0 0 0 0 4224446 0 0 0 
0 0 0 0 0 0 0 0 0 0 0 0 0 0 0 0 0 0 0 0 0 0 0 3 12432 0 0 0 0 0 26 0 0 2532306 4358423 3910064 0 0 0 4224773 0 0 0 0 
0 0 0 0 0 0 0 0 0 0 0 0 0 0 0 0 0 0 0 0 0 0 0 3 0 12435 12437 0 0 26 0 0 0 8318822 2544887 0 0 0 0 0 4243668 0 0 0 
0 0 0 0 0 0 0 0 0 0 0 0 0 0 0 0 0 0 0 0 0 0 0 3 12436 0 0 0 0 0 26 0 0 2544771 4383699 3934416 0 0 0 4243996 0 0 0 0 
0 0 0 0 0 0 0 0 0 0 0 0 0 0 0 0 0 0 0 0 0 0 0 3 0 12443 12445 0 0 26 0 0 0 8340385 2554839 0 0 0 0 0 4259527 0 0 0 
0 0 0 0 0 0 0 0 0 0 0 0 0 0 0 0 0 0 0 0 0 0 0 3 12444 0 0 0 0 0 26 0 0 2554723 4394894 3944782 0 0 0 4259855 0 0 0 0 
0 0 0 0 0 0 0 0 0 0 0 0 0 0 0 0 0 0 0 0 0 0 0 3 0 12447 12449 0 0 26 0 0 0 8395968 2571329 0 0 0 0 0 4283341 0 0 0 
0 0 0 0 0 0 0 0 0 0 0 0 0 0 0 0 0 0 0 0 0 0 0 3 12448 0 0 0 0 0 26 0 0 2571212 4423104 3972143 0 0 0 4283671 0 0 0 0 
0 0 0 0 0 0 0 0 0 0 0 0 0 0 0 0 0 0 0 0 0 0 0 3 0 12447 12449 0 0 26 0 0 0 8434350 2586945 0 0 0 0 0 4309043 0 0 0 
0 0 0 0 0 0 0 0 0 0 0 0 0 0 0 0 0 0 0 0 0 0 0 3 12448 0 0 0 0 0 26 0 0 2586829 4443180 3990444 0 0 0 4309376 0 0 0 0 
0 0 0 0 0 0 0 0 0 0 0 0 0 0 0 0 0 0 0 0 0 0 0 3 0 12453 12453 0 0 26 0 0 0 8468354 2594643 0 0 0 0 0 4320036 0 0 0 
0 0 0 0 0 0 0 0 0 0 0 0 0 0 0 0 0 0 0 0 0 0 0 3 12452 0 0 0 0 0 26 0 0 2594527 4460082 4007548 0 0 0 4320369 0 0 0 0 
0 0 0 0 0 0 0 0 0 0 0 0 0 0 0 0 0 0 0 0 0 0 0 3 0 12459 12461 0 0 26 0 0 0 8500962 2609888 0 0 0 0 0 4343791 0 0 0 
0 0 0 0 0 0 0 0 0 0 0 0 0 0 0 0 0 0 0 0 0 0 0 3 12460 0 0 0 0 0 26 0 0 2609770 4477125 4023108 0 0 0 4344126 0 0 0 0 
0 0 0 0 0 0 0 0 0 0 0 0 0 0 0 0 0 0 0 0 0 0 0 3 0 12463 12465 0 0 26 0 0 0 8556040 2630598 0 0 0 0 0 4370906 0 0 0 
0 0 0 0 0 0 0 0 0 0 0 0 0 0 0 0 0 0 0 0 0 0 0 3 12464 0 0 0 0 0 26 0 0 2630479 4504963 4050349 0 0 0 4371238 0 0 0 0 
0 0 0 0 0 0 0 0 0 0 0 0 0 0 0 0 0 0 0 0 0 0 0 3 0 12467 12469 0 0 26 0 0 0 8608687 2644394 0 0 0 0 0 4391844 0 0 0 
0 0 0 0 0 0 0 0 0 0 0 0 0 0 0 0 0 0 0 0 0 0 0 3 12468 0 0 0 0 0 26 0 0 2644275 4531902 4076055 0 0 0 4392177 0 0 0 0 
<====
0 0 0 0 0 0 0 0 0 0 0 0 0 0 0 0 0 0 0 0 0 0 0 3 0 12471 12469 0 0 26 0 0 0 8613494 2644531 0 0 0 0 0 4394062 0 0 0 
0 0 0 0 0 0 0 0 0 0 0 0 0 0 0 0 0 0 0 0 0 0 0 3 12468 0 0 0 0 0 26 0 0 2644412 4534114 4078650 0 0 0 4394395 0 0 0 0 
0 0 0 0 0 0 0 0 0 0 0 0 0 0 0 0 0 0 0 0 0 0 0 3 0 12471 12469 0 0 26 0 0 0 8613494 2644531 0 0 0 0 0 4394062 0 0 0 
0 0 0 0 0 0 0 0 0 0 0 0 0 0 0 0 0 0 0 0 0 0 0 3 12468 0 0 0 0 0 26 0 0 2644412 4534114 4078650 0 0 0 4394395 0 0 0 0 
0 0 0 0 0 0 0 0 0 0 0 0 0 0 0 0 0 0 0 0 0 0 0 3 0 12471 12469 0 0 26 0 0 0 8613494 2644531 0 0 0 0 0 4394062 0 0 0 
0 0 0 0 0 0 0 0 0 0 0 0 0 0 0 0 0 0 0 0 0 0 0 3 12468 0 0 0 0 0 26 0 0 2644412 4534114 4078650 0 0 0 4394395 0 0 0 0 
0 0 0 0 0 0 0 0 0 0 0 0 0 0 0 0 0 0 0 0 0 0 0 3 0 12471 12469 0 0 26 0 0 0 8613494 2644531 0 0 0 0 0 4394062 0 0 0 
0 0 0 0 0 0 0 0 0 0 0 0 0 0 0 0 0 0 0 0 0 0 0 3 12468 0 0 0 0 0 26 0 0 2644412 4534114 4078650 0 0 0 4394395 0 0 0 0 
0 0 0 0 0 0 0 0 0 0 0 0 0 0 0 0 0 0 0 0 0 0 0 3 0 12471 12469 0 0 26 0 0 0 8613494 2644531 0 0 0 0 0 4394062 0 0 0 
0 0 0 0 0 0 0 0 0 0 0 0 0 0 0 0 0 0 0 0 0 0 0 3 12468 0 0 0 0 0 26 0 0 2644412 4534114 4078650 0 0 0 4394395 0 0 0 0 
0 0 0 0 0 0 0 0 0 0 0 0 0 0 0 0 0 0 0 0 0 0 0 3 0 12471 12469 0 0 26 0 0 0 8613494 2644531 0 0 0 0 0 4394062 0 0 0 
0 0 0 0 0 0 0 0 0 0 0 0 0 0 0 0 0 0 0 0 0 0 0 3 12468 0 0 0 0 0 26 0 0 2644412 4534114 4078650 0 0 0 4394395 0 0 0 0 
