0 0 0 0 0 0 0 0 0 0 0 0 0 0 0 0 0 0 0 0 0 0 0 3 0 52578 52574 0 0 162 0 0 22 49990210 0 0 0 0 0 0 22310746 713 0 0 
0 0 0 0 0 0 0 0 0 0 0 0 0 0 0 0 0 0 0 0 0 0 0 3 52573 0 0 8 0 0 163 22 0 10249154 23579383 16158770 0 0 0 22313391 0 0 713 0 
0 0 0 0 0 0 0 0 0 0 0 0 0 0 0 0 0 0 0 0 0 0 0 3 0 52578 52574 0 0 162 0 0 22 49990210 0 0 0 0 0 0 22310746 713 0 0 
0 0 0 0 0 0 0 0 0 0 0 0 0 0 0 0 0 0 0 0 0 0 0 3 52573 0 0 8 0 0 163 22 0 10249154 23579383 16158770 0 0 0 22313391 0 0 713 0 
0 0 0 0 0 0 0 0 0 0 0 0 0 0 0 0 0 0 0 0 0 0 0 3 0 52578 52574 0 0 162 0 0 22 49990210 0 0 0 0 0 0 22310746 713 0 0 
0 0 0 0 0 0 0 0 0 0 0 0 0 0 0 0 0 0 0 0 0 0 0 3 52573 0 0 8 0 0 163 22 0 10249154 23579383 16158770 0 0 0 22313391 0 0 713 0 
====>
0 0 0 0 0 0 0 0 0 0 0 0 0 0 0 0 0 0 0 0 0 0 0 3 0 52578 52578 0 0 170 0 0 22 49991556 0 0 0 0 0 0 22311054 713 0 0 
0 0 0 0 0 0 0 0 0 0 0 0 0 0 0 0 0 0 0 0 0 0 0 3 52577 0 0 8 0 0 171 22 0 10249154 23580725 16158775 0 0 0 22313699 0 0 713 0 
0 0 0 0 0 0 0 0 0 0 0 0 0 0 0 0 0 0 0 0 0 0 0 3 0 52578 52578 0 0 170 0 0 22 49992153 0 0 0 0 0 0 22311640 713 0 0 
0 0 0 0 0 0 0 0 0 0 0 0 0 0 0 0 0 0 0 0 0 0 0 3 52577 0 0 8 0 0 171 22 0 10249154 23581311 16158786 0 0 0 22314285 0 0 713 0 
0 0 0 0 0 0 0 0 0 0 0 0 0 0 0 0 0 0 0 0 0 0 0 3 0 52578 52578 0 0 170 0 0 22 49992922 0 0 0 0 0 0 22312401 713 0 0 
0 0 0 0 0 0 0 0 0 0 0 0 0 0 0 0 0 0 0 0 0 0 0 3 52577 0 0 8 0 0 171 22 0 10249154 23582072 16158794 0 0 0 22315046 0 0 713 0 
0 0 0 0 0 0 0 0 0 0 0 0 0 0 0 0 0 0 0 0 0 0 0 3 0 52578 52578 0 0 170 0 0 22 49993706 0 0 0 0 0 0 22313170 713 0 0 
0 0 0 0 0 0 0 0 0 0 0 0 0 0 0 0 0 0 0 0 0 0 0 3 52577 0 0 8 0 0 171 22 0 10249154 23582841 16158809 0 0 0 22315815 0 0 713 0 
0 0 0 0 0 0 0 0 0 0 0 0 0 0 0 0 0 0 0 0 0 0 0 3 0 52578 52578 0 0 170 0 0 22 49994506 0 0 0 0 0 0 22313947 713 0 0 
0 0 0 0 0 0 0 0 0 0 0 0 0 0 0 0 0 0 0 0 0 0 0 3 52577 0 0 8 0 0 171 22 0 10249154 23583619 16158831 0 0 0 22316592 0 0 713 0 
0 0 0 0 0 0 0 0 0 0 0 0 0 0 0 0 0 0 0 0 0 0 0 3 0 52578 52578 0 0 170 0 0 22 49995235 0 0 0 0 0 0 22314670 713 0 0 
0 0 0 0 0 0 0 0 0 0 0 0 0 0 0 0 0 0 0 0 0 0 0 3 52577 0 0 8 0 0 171 22 0 10249154 23584342 16158837 0 0 0 22317315 0 0 713 0 
0 0 0 0 0 0 0 0 0 0 0 0 0 0 0 0 0 0 0 0 0 0 0 3 0 52578 52578 0 0 170 0 0 22 49995939 0 0 0 0 0 0 22315335 713 0 0 
0 0 0 0 0 0 0 0 0 0 0 0 0 0 0 0 0 0 0 0 0 0 0 3 52577 0 0 8 0 0 171 22 0 10249154 23585007 16158876 0 0 0 22317980 0 0 713 0 
0 0 0 0 0 0 0 0 0 0 0 0 0 0 0 0 0 0 0 0 0 0 0 3 0 52578 52578 0 0 170 0 0 22 49997030 0 0 0 0 0 0 22316255 713 0 0 
0 0 0 0 0 0 0 0 0 0 0 0 0 0 0 0 0 0 0 0 0 0 0 3 52577 0 0 8 0 0 171 22 0 10249154 23585927 16159047 0 0 0 22318900 0 0 713 0 
0 0 0 0 0 0 0 0 0 0 0 0 0 0 0 0 0 0 0 0 0 0 0 3 0 52578 52578 0 0 170 0 0 22 49997904 0 0 0 0 0 0 22317092 713 0 0 
0 0 0 0 0 0 0 0 0 0 0 0 0 0 0 0 0 0 0 0 0 0 0 3 52577 0 0 8 0 0 171 22 0 10249154 23586764 16159084 0 0 0 22319737 0 0 713 0 
0 0 0 0 0 0 0 0 0 0 0 0 0 0 0 0 0 0 0 0 0 0 0 3 0 52578 52578 0 0 170 0 0 22 49998634 0 0 0 0 0 0 22317813 713 0 0 
0 0 0 0 0 0 0 0 0 0 0 0 0 0 0 0 0 0 0 0 0 0 0 3 52577 0 0 8 0 0 171 22 0 10249154 23587485 16159093 0 0 0 22320458 0 0 713 0 
0 0 0 0 0 0 0 0 0 0 0 0 0 0 0 0 0 0 0 0 0 0 0 3 0 52578 52578 0 0 170 0 0 22 49999313 0 0 0 0 0 0 22318482 713 0 0 
0 0 0 0 0 0 0 0 0 0 0 0 0 0 0 0 0 0 0 0 0 0 0 3 52577 0 0 8 0 0 171 22 0 10249154 23588154 16159103 0 0 0 22321127 0 0 713 0 
0 0 0 0 0 0 0 0 0 0 0 0 0 0 0 0 0 0 0 0 0 0 0 3 0 52578 52578 0 0 170 0 0 22 49999981 0 0 0 0 0 0 22319148 713 0 0 
0 0 0 0 0 0 0 0 0 0 0 0 0 0 0 0 0 0 0 0 0 0 0 3 52577 0 0 8 0 0 171 22 0 10249154 23588820 16159105 0 0 0 22321793 0 0 713 0 
0 0 0 0 0 0 0 0 0 0 0 0 0 0 0 0 0 0 0 0 0 0 0 3 0 52578 52578 0 0 170 0 0 22 50000774 0 0 0 0 0 0 22319896 713 0 0 
0 0 0 0 0 0 0 0 0 0 0 0 0 0 0 0 0 0 0 0 0 0 0 3 52577 0 0 8 0 0 171 22 0 10249154 23589568 16159150 0 0 0 22322541 0 0 713 0 
0 0 0 0 0 0 0 0 0 0 0 0 0 0 0 0 0 0 0 0 0 0 0 3 0 52578 52578 0 0 170 0 0 22 50001541 0 0 0 0 0 0 22320650 713 0 0 
0 0 0 0 0 0 0 0 0 0 0 0 0 0 0 0 0 0 0 0 0 0 0 3 52577 0 0 8 0 0 171 22 0 10249154 23590322 16159162 0 0 0 22323295 0 0 713 0 
0 0 0 0 0 0 0 0 0 0 0 0 0 0 0 0 0 0 0 0 0 0 0 3 0 52578 52578 0 0 170 0 0 22 50002294 0 0 0 0 0 0 22321391 713 0 0 
0 0 0 0 0 0 0 0 0 0 0 0 0 0 0 0 0 0 0 0 0 0 0 3 52577 0 0 8 0 0 171 22 0 10249154 23591063 16159175 0 0 0 22324036 0 0 713 0 
0 0 0 0 0 0 0 0 0 0 0 0 0 0 0 0 0 0 0 0 0 0 0 3 0 52578 52578 0 0 170 0 0 22 50003033 0 0 0 0 0 0 22322124 713 0 0 
0 0 0 0 0 0 0 0 0 0 0 0 0 0 0 0 0 0 0 0 0 0 0 3 52577 0 0 8 0 0 171 22 0 10249154 23591796 16159181 0 0 0 22324769 0 0 713 0 
0 0 0 0 0 0 0 0 0 0 0 0 0 0 0 0 0 0 0 0 0 0 0 3 0 52578 52578 0 0 170 0 0 22 50003742 0 0 0 0 0 0 22322804 713 0 0 
0 0 0 0 0 0 0 0 0 0 0 0 0 0 0 0 0 0 0 0 0 0 0 3 52577 0 0 8 0 0 171 22 0 10249154 23592476 16159210 0 0 0 22325449 0 0 713 0 
0 0 0 0 0 0 0 0 0 0 0 0 0 0 0 0 0 0 0 0 0 0 0 3 0 52578 52578 0 0 170 0 0 22 50004511 0 0 0 0 0 0 22323529 713 0 0 
0 0 0 0 0 0 0 0 0 0 0 0 0 0 0 0 0 0 0 0 0 0 0 3 52577 0 0 8 0 0 171 22 0 10249154 23593201 16159254 0 0 0 22326174 0 0 713 0 
0 0 0 0 0 0 0 0 0 0 0 0 0 0 0 0 0 0 0 0 0 0 0 3 0 52578 52578 0 0 170 0 0 22 50005308 0 0 0 0 0 0 22324294 713 0 0 
0 0 0 0 0 0 0 0 0 0 0 0 0 0 0 0 0 0 0 0 0 0 0 3 52577 0 0 8 0 0 171 22 0 10249154 23593966 16159286 0 0 0 22326939 0 0 713 0 
0 0 0 0 0 0 0 0 0 0 0 0 0 0 0 0 0 0 0 0 0 0 0 3 0 52578 52578 0 0 170 0 0 22 50006076 0 0 0 0 0 0 22325052 713 0 0 
0 0 0 0 0 0 0 0 0 0 0 0 0 0 0 0 0 0 0 0 0 0 0 3 52577 0 0 8 0 0 171 22 0 10249154 23594724 16159296 0 0 0 22327697 0 0 713 0 
0 0 0 0 0 0 0 0 0 0 0 0 0 0 0 0 0 0 0 0 0 0 0 3 0 52578 52578 0 0 170 0 0 22 50006860 0 0 0 0 0 0 22325827 713 0 0 
0 0 0 0 0 0 0 0 0 0 0 0 0 0 0 0 0 0 0 0 0 0 0 3 52577 0 0 8 0 0 171 22 0 10249154 23595499 16159305 0 0 0 22328472 0 0 713 0 
0 0 0 0 0 0 0 0 0 0 0 0 0 0 0 0 0 0 0 0 0 0 0 3 0 52582 52578 0 0 170 0 0 22 50007582 0 0 0 0 0 0 22326505 713 0 0 
0 0 0 0 0 0 0 0 0 0 0 0 0 0 0 0 0 0 0 0 0 0 0 3 52577 0 0 8 0 0 171 22 0 10249162 23596175 16159343 0 0 0 22329150 0 0 713 0 
<====
0 0 0 0 0 0 0 0 0 0 0 0 0 0 0 0 0 0 0 0 0 0 0 3 0 52582 52578 0 0 170 0 0 22 50007587 0 0 0 0 0 0 22326506 713 0 0 
0 0 0 0 0 0 0 0 0 0 0 0 0 0 0 0 0 0 0 0 0 0 0 3 52577 0 0 8 0 0 171 22 0 10249167 23596175 16159343 0 0 0 22329151 0 0 713 0 
0 0 0 0 0 0 0 0 0 0 0 0 0 0 0 0 0 0 0 0 0 0 0 3 0 52582 52578 0 0 170 0 0 22 50007587 0 0 0 0 0 0 22326506 713 0 0 
0 0 0 0 0 0 0 0 0 0 0 0 0 0 0 0 0 0 0 0 0 0 0 3 52577 0 0 8 0 0 171 22 0 10249167 23596175 16159343 0 0 0 22329151 0 0 713 0 
0 0 0 0 0 0 0 0 0 0 0 0 0 0 0 0 0 0 0 0 0 0 0 3 0 52582 52578 0 0 170 0 0 22 50007587 0 0 0 0 0 0 22326506 713 0 0 
0 0 0 0 0 0 0 0 0 0 0 0 0 0 0 0 0 0 0 0 0 0 0 3 52577 0 0 8 0 0 171 22 0 10249167 23596175 16159343 0 0 0 22329151 0 0 713 0 
0 0 0 0 0 0 0 0 0 0 0 0 0 0 0 0 0 0 0 0 0 0 0 3 0 52582 52578 0 0 170 0 0 22 50007587 0 0 0 0 0 0 22326506 713 0 0 
0 0 0 0 0 0 0 0 0 0 0 0 0 0 0 0 0 0 0 0 0 0 0 3 52577 0 0 8 0 0 171 22 0 10249167 23596175 16159343 0 0 0 22329151 0 0 713 0 
0 0 0 0 0 0 0 0 0 0 0 0 0 0 0 0 0 0 0 0 0 0 0 3 0 52582 52578 0 0 170 0 0 22 50007587 0 0 0 0 0 0 22326506 713 0 0 
0 0 0 0 0 0 0 0 0 0 0 0 0 0 0 0 0 0 0 0 0 0 0 3 52577 0 0 8 0 0 171 22 0 10249167 23596175 16159343 0 0 0 22329151 0 0 713 0 
0 0 0 0 0 0 0 0 0 0 0 0 0 0 0 0 0 0 0 0 0 0 0 3 0 52582 52578 0 0 170 0 0 22 50007587 0 0 0 0 0 0 22326506 713 0 0 
0 0 0 0 0 0 0 0 0 0 0 0 0 0 0 0 0 0 0 0 0 0 0 3 52577 0 0 8 0 0 171 22 0 10249167 23596175 16159343 0 0 0 22329151 0 0 713 0 
0 0 0 0 0 0 0 0 0 0 0 0 0 0 0 0 0 0 0 0 0 0 0 3 0 52582 52578 0 0 170 0 0 22 50007587 0 0 0 0 0 0 22326506 713 0 0 
0 0 0 0 0 0 0 0 0 0 0 0 0 0 0 0 0 0 0 0 0 0 0 3 52577 0 0 8 0 0 171 22 0 10249167 23596175 16159343 0 0 0 22329151 0 0 713 0 
0 0 0 0 0 0 0 0 0 0 0 0 0 0 0 0 0 0 0 0 0 0 0 3 0 52582 52578 0 0 170 0 0 22 50007587 0 0 0 0 0 0 22326506 713 0 0 
0 0 0 0 0 0 0 0 0 0 0 0 0 0 0 0 0 0 0 0 0 0 0 3 52577 0 0 8 0 0 171 22 0 10249167 23596175 16159343 0 0 0 22329151 0 0 713 0 
0 0 0 0 0 0 0 0 0 0 0 0 0 0 0 0 0 0 0 0 0 0 0 3 0 52582 52578 0 0 170 0 0 22 50007587 0 0 0 0 0 0 22326506 713 0 0 
0 0 0 0 0 0 0 0 0 0 0 0 0 0 0 0 0 0 0 0 0 0 0 3 52577 0 0 8 0 0 171 22 0 10249167 23596175 16159343 0 0 0 22329151 0 0 713 0 
0 0 0 0 0 0 0 0 0 0 0 0 0 0 0 0 0 0 0 0 0 0 0 3 0 52582 52578 0 0 170 0 0 22 50007587 0 0 0 0 0 0 22326506 713 0 0 
0 0 0 0 0 0 0 0 0 0 0 0 0 0 0 0 0 0 0 0 0 0 0 3 52577 0 0 8 0 0 171 22 0 10249167 23596175 16159343 0 0 0 22329151 0 0 713 0 
0 0 0 0 0 0 0 0 0 0 0 0 0 0 0 0 0 0 0 0 0 0 0 3 0 52582 52578 0 0 170 0 0 22 50007587 0 0 0 0 0 0 22326506 713 0 0 
0 0 0 0 0 0 0 0 0 0 0 0 0 0 0 0 0 0 0 0 0 0 0 3 52577 0 0 8 0 0 171 22 0 10249167 23596175 16159343 0 0 0 22329151 0 0 713 0 
0 0 0 0 0 0 0 0 0 0 0 0 0 0 0 0 0 0 0 0 0 0 0 3 0 52582 52578 0 0 170 0 0 22 50007587 0 0 0 0 0 0 22326506 713 0 0 
0 0 0 0 0 0 0 0 0 0 0 0 0 0 0 0 0 0 0 0 0 0 0 3 52577 0 0 8 0 0 171 22 0 10249167 23596175 16159343 0 0 0 22329151 0 0 713 0 
