0 0 0 0 0 0 0 0 0 0 0 0 0 0 0 0 0 0 0 0 0 0 0 3 0 27996 27998 0 0 98 0 0 15 25998550 0 0 0 0 0 0 9249327 694 0 0 
0 0 0 0 0 0 0 0 0 0 0 0 0 0 0 0 0 0 0 0 0 0 0 3 27997 0 0 6 0 0 98 15 0 6308295 10758906 8928485 0 0 0 9250424 0 0 694 0 
0 0 0 0 0 0 0 0 0 0 0 0 0 0 0 0 0 0 0 0 0 0 0 3 0 27996 27998 0 0 98 0 0 15 25998550 0 0 0 0 0 0 9249327 694 0 0 
0 0 0 0 0 0 0 0 0 0 0 0 0 0 0 0 0 0 0 0 0 0 0 3 27997 0 0 6 0 0 98 15 0 6308295 10758906 8928485 0 0 0 9250424 0 0 694 0 
0 0 0 0 0 0 0 0 0 0 0 0 0 0 0 0 0 0 0 0 0 0 0 3 0 27996 27998 0 0 98 0 0 15 25998550 0 0 0 0 0 0 9249327 694 0 0 
0 0 0 0 0 0 0 0 0 0 0 0 0 0 0 0 0 0 0 0 0 0 0 3 27997 0 0 6 0 0 98 15 0 6308295 10758906 8928485 0 0 0 9250424 0 0 694 0 
0 0 0 0 0 0 0 0 0 0 0 0 0 0 0 0 0 0 0 0 0 0 0 3 0 27996 27998 0 0 98 0 0 15 25998550 0 0 0 0 0 0 9249327 694 0 0 
0 0 0 0 0 0 0 0 0 0 0 0 0 0 0 0 0 0 0 0 0 0 0 3 27997 0 0 6 0 0 98 15 0 6308295 10758906 8928485 0 0 0 9250424 0 0 694 0 
0 0 0 0 0 0 0 0 0 0 0 0 0 0 0 0 0 0 0 0 0 0 0 3 0 27996 27998 0 0 98 0 0 15 25998550 0 0 0 0 0 0 9249327 694 0 0 
0 0 0 0 0 0 0 0 0 0 0 0 0 0 0 0 0 0 0 0 0 0 0 3 27997 0 0 6 0 0 98 15 0 6308295 10758906 8928485 0 0 0 9250424 0 0 694 0 
0 0 0 0 0 0 0 0 0 0 0 0 0 0 0 0 0 0 0 0 0 0 0 3 0 27996 27998 0 0 98 0 0 15 25998550 0 0 0 0 0 0 9249327 694 0 0 
0 0 0 0 0 0 0 0 0 0 0 0 0 0 0 0 0 0 0 0 0 0 0 3 27997 0 0 6 0 0 98 15 0 6308295 10758906 8928485 0 0 0 9250424 0 0 694 0 
====>
0 0 0 0 0 0 0 0 0 0 0 0 0 0 0 0 0 0 0 0 0 0 0 3 0 27996 27998 0 0 98 0 0 15 25998550 0 0 0 0 0 0 9249327 694 0 0 
0 0 0 0 0 0 0 0 0 0 0 0 0 0 0 0 0 0 0 0 0 0 0 3 27997 0 0 6 0 0 98 15 0 6308295 10758906 8928485 0 0 0 9250424 0 0 694 0 
0 0 0 0 0 0 0 0 0 0 0 0 0 0 0 0 0 0 0 0 0 0 0 3 0 27996 27998 0 0 98 0 0 15 25998550 0 0 0 0 0 0 9249327 694 0 0 
0 0 0 0 0 0 0 0 0 0 0 0 0 0 0 0 0 0 0 0 0 0 0 3 27997 0 0 6 0 0 98 15 0 6308295 10758906 8928485 0 0 0 9250424 0 0 694 0 
0 0 0 0 0 0 0 0 0 0 0 0 0 0 0 0 0 0 0 0 0 0 0 3 0 27996 27998 0 0 98 0 0 15 25998550 0 0 0 0 0 0 9249327 694 0 0 
0 0 0 0 0 0 0 0 0 0 0 0 0 0 0 0 0 0 0 0 0 0 0 3 27997 0 0 6 0 0 98 15 0 6308295 10758906 8928485 0 0 0 9250424 0 0 694 0 
0 0 0 0 0 0 0 0 0 0 0 0 0 0 0 0 0 0 0 0 0 0 0 3 0 27996 27998 0 0 98 0 0 15 25998550 0 0 0 0 0 0 9249327 694 0 0 
0 0 0 0 0 0 0 0 0 0 0 0 0 0 0 0 0 0 0 0 0 0 0 3 27997 0 0 6 0 0 98 15 0 6308295 10758906 8928485 0 0 0 9250424 0 0 694 0 
0 0 0 0 0 0 0 0 0 0 0 0 0 0 0 0 0 0 0 0 0 0 0 3 0 27996 27998 0 0 98 0 0 15 25998550 0 0 0 0 0 0 9249327 694 0 0 
0 0 0 0 0 0 0 0 0 0 0 0 0 0 0 0 0 0 0 0 0 0 0 3 27997 0 0 6 0 0 98 15 0 6308295 10758906 8928485 0 0 0 9250424 0 0 694 0 
0 0 0 0 0 0 0 0 0 0 0 0 0 0 0 0 0 0 0 0 0 0 0 3 0 27996 27998 0 0 98 0 0 15 25998550 0 0 0 0 0 0 9249327 694 0 0 
0 0 0 0 0 0 0 0 0 0 0 0 0 0 0 0 0 0 0 0 0 0 0 3 27997 0 0 6 0 0 98 15 0 6308295 10758906 8928485 0 0 0 9250424 0 0 694 0 
0 0 0 0 0 0 0 0 0 0 0 0 0 0 0 0 0 0 0 0 0 0 0 3 0 27996 27998 0 0 98 0 0 15 25998550 0 0 0 0 0 0 9249327 694 0 0 
0 0 0 0 0 0 0 0 0 0 0 0 0 0 0 0 0 0 0 0 0 0 0 3 27997 0 0 6 0 0 98 15 0 6308295 10758906 8928485 0 0 0 9250424 0 0 694 0 
0 0 0 0 0 0 0 0 0 0 0 0 0 0 0 0 0 0 0 0 0 0 0 3 0 27996 27998 0 0 98 0 0 15 25998550 0 0 0 0 0 0 9249327 694 0 0 
0 0 0 0 0 0 0 0 0 0 0 0 0 0 0 0 0 0 0 0 0 0 0 3 27997 0 0 6 0 0 98 15 0 6308295 10758906 8928485 0 0 0 9250424 0 0 694 0 
0 0 0 0 0 0 0 0 0 0 0 0 0 0 0 0 0 0 0 0 0 0 0 3 0 27996 27998 0 0 98 0 0 15 25998550 0 0 0 0 0 0 9249327 694 0 0 
0 0 0 0 0 0 0 0 0 0 0 0 0 0 0 0 0 0 0 0 0 0 0 3 27997 0 0 6 0 0 98 15 0 6308295 10758906 8928485 0 0 0 9250424 0 0 694 0 
0 0 0 0 0 0 0 0 0 0 0 0 0 0 0 0 0 0 0 0 0 0 0 3 0 27996 27998 0 0 98 0 0 15 25998550 0 0 0 0 0 0 9249327 694 0 0 
0 0 0 0 0 0 0 0 0 0 0 0 0 0 0 0 0 0 0 0 0 0 0 3 27997 0 0 6 0 0 98 15 0 6308295 10758906 8928485 0 0 0 9250424 0 0 694 0 
0 0 0 0 0 0 0 0 0 0 0 0 0 0 0 0 0 0 0 0 0 0 0 3 0 27996 27998 0 0 98 0 0 15 25998550 0 0 0 0 0 0 9249327 694 0 0 
0 0 0 0 0 0 0 0 0 0 0 0 0 0 0 0 0 0 0 0 0 0 0 3 27997 0 0 6 0 0 98 15 0 6308295 10758906 8928485 0 0 0 9250424 0 0 694 0 
0 0 0 0 0 0 0 0 0 0 0 0 0 0 0 0 0 0 0 0 0 0 0 3 0 27996 27998 0 0 98 0 0 15 25998550 0 0 0 0 0 0 9249327 694 0 0 
0 0 0 0 0 0 0 0 0 0 0 0 0 0 0 0 0 0 0 0 0 0 0 3 27997 0 0 6 0 0 98 15 0 6308295 10758906 8928485 0 0 0 9250424 0 0 694 0 
0 0 0 0 0 0 0 0 0 0 0 0 0 0 0 0 0 0 0 0 0 0 0 3 0 27996 27998 0 0 98 0 0 15 25998550 0 0 0 0 0 0 9249327 694 0 0 
0 0 0 0 0 0 0 0 0 0 0 0 0 0 0 0 0 0 0 0 0 0 0 3 27997 0 0 6 0 0 98 15 0 6308295 10758906 8928485 0 0 0 9250424 0 0 694 0 
0 0 0 0 0 0 0 0 0 0 0 0 0 0 0 0 0 0 0 0 0 0 0 3 0 27996 27998 0 0 98 0 0 15 25998550 0 0 0 0 0 0 9249327 694 0 0 
0 0 0 0 0 0 0 0 0 0 0 0 0 0 0 0 0 0 0 0 0 0 0 3 27997 0 0 6 0 0 98 15 0 6308295 10758906 8928485 0 0 0 9250424 0 0 694 0 
0 0 0 0 0 0 0 0 0 0 0 0 0 0 0 0 0 0 0 0 0 0 0 3 0 27996 27998 0 0 98 0 0 15 25998550 0 0 0 0 0 0 9249327 694 0 0 
0 0 0 0 0 0 0 0 0 0 0 0 0 0 0 0 0 0 0 0 0 0 0 3 27997 0 0 6 0 0 98 15 0 6308295 10758906 8928485 0 0 0 9250424 0 0 694 0 
<====
0 0 0 0 0 0 0 0 0 0 0 0 0 0 0 0 0 0 0 0 0 0 0 3 0 27996 27998 0 0 98 0 0 15 25998550 0 0 0 0 0 0 9249327 694 0 0 
0 0 0 0 0 0 0 0 0 0 0 0 0 0 0 0 0 0 0 0 0 0 0 3 27997 0 0 6 0 0 98 15 0 6308295 10758906 8928485 0 0 0 9250424 0 0 694 0 
0 0 0 0 0 0 0 0 0 0 0 0 0 0 0 0 0 0 0 0 0 0 0 3 0 27996 27998 0 0 98 0 0 15 25998550 0 0 0 0 0 0 9249327 694 0 0 
0 0 0 0 0 0 0 0 0 0 0 0 0 0 0 0 0 0 0 0 0 0 0 3 27997 0 0 6 0 0 98 15 0 6308295 10758906 8928485 0 0 0 9250424 0 0 694 0 
0 0 0 0 0 0 0 0 0 0 0 0 0 0 0 0 0 0 0 0 0 0 0 3 0 27996 27998 0 0 98 0 0 15 25998550 0 0 0 0 0 0 9249327 694 0 0 
0 0 0 0 0 0 0 0 0 0 0 0 0 0 0 0 0 0 0 0 0 0 0 3 27997 0 0 6 0 0 98 15 0 6308295 10758906 8928485 0 0 0 9250424 0 0 694 0 
0 0 0 0 0 0 0 0 0 0 0 0 0 0 0 0 0 0 0 0 0 0 0 3 0 27996 27998 0 0 98 0 0 15 25998550 0 0 0 0 0 0 9249327 694 0 0 
0 0 0 0 0 0 0 0 0 0 0 0 0 0 0 0 0 0 0 0 0 0 0 3 27997 0 0 6 0 0 98 15 0 6308295 10758906 8928485 0 0 0 9250424 0 0 694 0 
0 0 0 0 0 0 0 0 0 0 0 0 0 0 0 0 0 0 0 0 0 0 0 3 0 27996 27998 0 0 98 0 0 15 25998550 0 0 0 0 0 0 9249327 694 0 0 
0 0 0 0 0 0 0 0 0 0 0 0 0 0 0 0 0 0 0 0 0 0 0 3 27997 0 0 6 0 0 98 15 0 6308295 10758906 8928485 0 0 0 9250424 0 0 694 0 
0 0 0 0 0 0 0 0 0 0 0 0 0 0 0 0 0 0 0 0 0 0 0 3 0 27996 27998 0 0 98 0 0 15 25998550 0 0 0 0 0 0 9249327 694 0 0 
0 0 0 0 0 0 0 0 0 0 0 0 0 0 0 0 0 0 0 0 0 0 0 3 27997 0 0 6 0 0 98 15 0 6308295 10758906 8928485 0 0 0 9250424 0 0 694 0 
0 0 0 0 0 0 0 0 0 0 0 0 0 0 0 0 0 0 0 0 0 0 0 3 0 27996 27998 0 0 98 0 0 15 25998550 0 0 0 0 0 0 9249327 694 0 0 
0 0 0 0 0 0 0 0 0 0 0 0 0 0 0 0 0 0 0 0 0 0 0 3 27997 0 0 6 0 0 98 15 0 6308295 10758906 8928485 0 0 0 9250424 0 0 694 0 
