0 0 0 0 0 0 0 0 0 0 0 0 0 0 0 0 0 0 0 0 0 0 0 3 120329 0 0 19 0 0 341 52 0 102302056 0 0 0 0 0 42164856 0 0 2094 0 
0 0 0 0 0 0 0 0 0 0 0 0 0 0 0 0 0 0 0 0 0 0 0 3 0 120329 120291 0 0 345 0 0 52 80203492 22334528 0 0 0 0 0 42193700 2119 0 0 
0 0 0 0 0 0 0 0 0 0 0 0 0 0 0 0 0 0 0 0 0 0 0 3 120329 0 0 19 0 0 341 52 0 102302056 0 0 0 0 0 42164856 0 0 2094 0 
0 0 0 0 0 0 0 0 0 0 0 0 0 0 0 0 0 0 0 0 0 0 0 3 0 120329 120291 0 0 345 0 0 52 80203492 22334528 0 0 0 0 0 42193700 2119 0 0 
0 0 0 0 0 0 0 0 0 0 0 0 0 0 0 0 0 0 0 0 0 0 0 3 120329 0 0 19 0 0 341 52 0 102302056 0 0 0 0 0 42164856 0 0 2094 0 
0 0 0 0 0 0 0 0 0 0 0 0 0 0 0 0 0 0 0 0 0 0 0 3 0 120329 120291 0 0 345 0 0 52 80203492 22334528 0 0 0 0 0 42193700 2119 0 0 
0 0 0 0 0 0 0 0 0 0 0 0 0 0 0 0 0 0 0 0 0 0 0 3 120329 0 0 19 0 0 341 52 0 102302056 0 0 0 0 0 42164856 0 0 2094 0 
0 0 0 0 0 0 0 0 0 0 0 0 0 0 0 0 0 0 0 0 0 0 0 3 0 120329 120291 0 0 345 0 0 52 80203492 22334528 0 0 0 0 0 42193700 2119 0 0 
0 0 0 0 0 0 0 0 0 0 0 0 0 0 0 0 0 0 0 0 0 0 0 3 120329 0 0 19 0 0 341 52 0 102302056 0 0 0 0 0 42164856 0 0 2094 0 
0 0 0 0 0 0 0 0 0 0 0 0 0 0 0 0 0 0 0 0 0 0 0 3 0 120329 120291 0 0 345 0 0 52 80203492 22334528 0 0 0 0 0 42193700 2119 0 0 
0 0 0 0 0 0 0 0 0 0 0 0 0 0 0 0 0 0 0 0 0 0 0 3 120329 0 0 19 0 0 341 52 0 102302056 0 0 0 0 0 42164856 0 0 2094 0 
0 0 0 0 0 0 0 0 0 0 0 0 0 0 0 0 0 0 0 0 0 0 0 3 0 120329 120291 0 0 345 0 0 52 80203492 22334528 0 0 0 0 0 42193700 2119 0 0 
0 0 0 0 0 0 0 0 0 0 0 0 0 0 0 0 0 0 0 0 0 0 0 3 120337 0 0 19 0 0 356 52 0 102304395 0 0 0 0 0 42165082 0 0 2094 0 
0 0 0 0 0 0 0 0 0 0 0 0 0 0 0 0 0 0 0 0 0 0 0 3 0 120329 120299 0 0 361 0 0 52 80205832 22334528 0 0 0 0 0 42193926 2119 0 0 
0 0 0 0 0 0 0 0 0 0 0 0 0 0 0 0 0 0 0 0 0 0 0 3 120337 0 0 19 0 0 356 52 0 102305793 0 0 0 0 0 42166371 0 0 2094 0 
0 0 0 0 0 0 0 0 0 0 0 0 0 0 0 0 0 0 0 0 0 0 0 3 0 120329 120299 0 0 361 0 0 52 80207230 22334528 0 0 0 0 0 42195215 2119 0 0 
0 0 0 0 0 0 0 0 0 0 0 0 0 0 0 0 0 0 0 0 0 0 0 3 120337 0 0 19 0 0 356 52 0 102307532 0 0 0 0 0 42167976 0 0 2094 0 
0 0 0 0 0 0 0 0 0 0 0 0 0 0 0 0 0 0 0 0 0 0 0 3 0 120329 120299 0 0 361 0 0 52 80208969 22334528 0 0 0 0 0 42196820 2119 0 0 
0 0 0 0 0 0 0 0 0 0 0 0 0 0 0 0 0 0 0 0 0 0 0 3 120337 0 0 19 0 0 356 52 0 102309085 0 0 0 0 0 42169452 0 0 2094 0 
0 0 0 0 0 0 0 0 0 0 0 0 0 0 0 0 0 0 0 0 0 0 0 3 0 120329 120299 0 0 361 0 0 52 80210522 22334528 0 0 0 0 0 42198296 2119 0 0 
0 0 0 0 0 0 0 0 0 0 0 0 0 0 0 0 0 0 0 0 0 0 0 3 120337 0 0 19 0 0 356 52 0 102310712 0 0 0 0 0 42170929 0 0 2094 0 
0 0 0 0 0 0 0 0 0 0 0 0 0 0 0 0 0 0 0 0 0 0 0 3 0 120329 120299 0 0 361 0 0 52 80212149 22334528 0 0 0 0 0 42199773 2119 0 0 
0 0 0 0 0 0 0 0 0 0 0 0 0 0 0 0 0 0 0 0 0 0 0 3 120337 0 0 19 0 0 356 52 0 102312174 0 0 0 0 0 42172302 0 0 2094 0 
0 0 0 0 0 0 0 0 0 0 0 0 0 0 0 0 0 0 0 0 0 0 0 3 0 120329 120299 0 0 361 0 0 52 80213611 22334528 0 0 0 0 0 42201146 2119 0 0 
0 0 0 0 0 0 0 0 0 0 0 0 0 0 0 0 0 0 0 0 0 0 0 3 120337 0 0 19 0 0 356 52 0 102313817 0 0 0 0 0 42173843 0 0 2094 0 
0 0 0 0 0 0 0 0 0 0 0 0 0 0 0 0 0 0 0 0 0 0 0 3 0 120329 120299 0 0 361 0 0 52 80215254 22334528 0 0 0 0 0 42202687 2119 0 0 
0 0 0 0 0 0 0 0 0 0 0 0 0 0 0 0 0 0 0 0 0 0 0 3 120337 0 0 19 0 0 356 52 0 102315511 0 0 0 0 0 42175407 0 0 2094 0 
0 0 0 0 0 0 0 0 0 0 0 0 0 0 0 0 0 0 0 0 0 0 0 3 0 120329 120299 0 0 361 0 0 52 80216948 22334528 0 0 0 0 0 42204251 2119 0 0 
0 0 0 0 0 0 0 0 0 0 0 0 0 0 0 0 0 0 0 0 0 0 0 3 120337 0 0 19 0 0 356 52 0 102317138 0 0 0 0 0 42176892 0 0 2094 0 
0 0 0 0 0 0 0 0 0 0 0 0 0 0 0 0 0 0 0 0 0 0 0 3 0 120329 120299 0 0 361 0 0 52 80218575 22334528 0 0 0 0 0 42205736 2119 0 0 
0 0 0 0 0 0 0 0 0 0 0 0 0 0 0 0 0 0 0 0 0 0 0 3 120337 0 0 19 0 0 356 52 0 102318969 0 0 0 0 0 42178539 0 0 2094 0 
0 0 0 0 0 0 0 0 0 0 0 0 0 0 0 0 0 0 0 0 0 0 0 3 0 120329 120299 0 0 361 0 0 52 80220406 22334528 0 0 0 0 0 42207383 2119 0 0 
0 0 0 0 0 0 0 0 0 0 0 0 0 0 0 0 0 0 0 0 0 0 0 3 120337 0 0 19 0 0 356 52 0 102320791 0 0 0 0 0 42180168 0 0 2094 0 
0 0 0 0 0 0 0 0 0 0 0 0 0 0 0 0 0 0 0 0 0 0 0 3 0 120329 120299 0 0 361 0 0 52 80222228 22334528 0 0 0 0 0 42209012 2119 0 0 
0 0 0 0 0 0 0 0 0 0 0 0 0 0 0 0 0 0 0 0 0 0 0 3 120337 0 0 19 0 0 356 52 0 102322451 0 0 0 0 0 42181722 0 0 2094 0 
0 0 0 0 0 0 0 0 0 0 0 0 0 0 0 0 0 0 0 0 0 0 0 3 0 120329 120299 0 0 361 0 0 52 80223888 22334528 0 0 0 0 0 42210566 2119 0 0 
0 0 0 0 0 0 0 0 0 0 0 0 0 0 0 0 0 0 0 0 0 0 0 3 120337 0 0 19 0 0 356 52 0 102324137 0 0 0 0 0 42183283 0 0 2094 0 
0 0 0 0 0 0 0 0 0 0 0 0 0 0 0 0 0 0 0 0 0 0 0 3 0 120329 120299 0 0 361 0 0 52 80225574 22334528 0 0 0 0 0 42212127 2119 0 0 
0 0 0 0 0 0 0 0 0 0 0 0 0 0 0 0 0 0 0 0 0 0 0 3 120337 0 0 19 0 0 356 52 0 102325736 0 0 0 0 0 42184773 0 0 2094 0 
0 0 0 0 0 0 0 0 0 0 0 0 0 0 0 0 0 0 0 0 0 0 0 3 0 120329 120299 0 0 361 0 0 52 80227173 22334528 0 0 0 0 0 42213617 2119 0 0 
0 0 0 0 0 0 0 0 0 0 0 0 0 0 0 0 0 0 0 0 0 0 0 3 120337 0 0 19 0 0 356 52 0 102327382 0 0 0 0 0 42186279 0 0 2094 0 
0 0 0 0 0 0 0 0 0 0 0 0 0 0 0 0 0 0 0 0 0 0 0 3 0 120329 120299 0 0 361 0 0 52 80228819 22334528 0 0 0 0 0 42215123 2119 0 0 
0 0 0 0 0 0 0 0 0 0 0 0 0 0 0 0 0 0 0 0 0 0 0 3 120337 0 0 19 0 0 356 52 0 102327895 0 0 0 0 0 42186727 0 0 2094 0 
0 0 0 0 0 0 0 0 0 0 0 0 0 0 0 0 0 0 0 0 0 0 0 3 0 120337 120299 0 0 361 0 0 52 80229303 22334557 0 0 0 0 0 42215571 2119 0 0 
0 0 0 0 0 0 0 0 0 0 0 0 0 0 0 0 0 0 0 0 0 0 0 3 120337 0 0 19 0 0 356 52 0 102327895 0 0 0 0 0 42186727 0 0 2094 0 
0 0 0 0 0 0 0 0 0 0 0 0 0 0 0 0 0 0 0 0 0 0 0 3 0 120337 120299 0 0 361 0 0 52 80229303 22334557 0 0 0 0 0 42215571 2119 0 0 
0 0 0 0 0 0 0 0 0 0 0 0 0 0 0 0 0 0 0 0 0 0 0 3 120337 0 0 19 0 0 356 52 0 102327895 0 0 0 0 0 42186727 0 0 2094 0 
0 0 0 0 0 0 0 0 0 0 0 0 0 0 0 0 0 0 0 0 0 0 0 3 0 120337 120299 0 0 361 0 0 52 80229303 22334557 0 0 0 0 0 42215571 2119 0 0 
0 0 0 0 0 0 0 0 0 0 0 0 0 0 0 0 0 0 0 0 0 0 0 3 120337 0 0 19 0 0 356 52 0 102327895 0 0 0 0 0 42186727 0 0 2094 0 
0 0 0 0 0 0 0 0 0 0 0 0 0 0 0 0 0 0 0 0 0 0 0 3 0 120337 120299 0 0 361 0 0 52 80229303 22334557 0 0 0 0 0 42215571 2119 0 0 
0 0 0 0 0 0 0 0 0 0 0 0 0 0 0 0 0 0 0 0 0 0 0 3 120337 0 0 19 0 0 356 52 0 102327895 0 0 0 0 0 42186727 0 0 2094 0 
0 0 0 0 0 0 0 0 0 0 0 0 0 0 0 0 0 0 0 0 0 0 0 3 0 120337 120299 0 0 361 0 0 52 80229303 22334557 0 0 0 0 0 42215571 2119 0 0 
0 0 0 0 0 0 0 0 0 0 0 0 0 0 0 0 0 0 0 0 0 0 0 3 120337 0 0 19 0 0 356 52 0 102327895 0 0 0 0 0 42186727 0 0 2094 0 
0 0 0 0 0 0 0 0 0 0 0 0 0 0 0 0 0 0 0 0 0 0 0 3 0 120337 120299 0 0 361 0 0 52 80229303 22334557 0 0 0 0 0 42215571 2119 0 0 
0 0 0 0 0 0 0 0 0 0 0 0 0 0 0 0 0 0 0 0 0 0 0 3 120337 0 0 19 0 0 356 52 0 102327895 0 0 0 0 0 42186727 0 0 2094 0 
0 0 0 0 0 0 0 0 0 0 0 0 0 0 0 0 0 0 0 0 0 0 0 3 0 120337 120299 0 0 361 0 0 52 80229303 22334557 0 0 0 0 0 42215571 2119 0 0 
