0 0 0 0 0 0 0 0 0 0 0 0 0 0 0 0 0 0 0 0 0 0 0 3 0 52206 52202 0 0 135 0 0 22 43531018 0 0 0 0 0 0 19443153 713 0 0 
0 0 0 0 0 0 0 0 0 0 0 0 0 0 0 0 0 0 0 0 0 0 0 3 52202 0 0 7 0 0 136 22 0 8792682 20510707 14225465 0 0 0 19445354 0 0 713 0 
0 0 0 0 0 0 0 0 0 0 0 0 0 0 0 0 0 0 0 0 0 0 0 3 0 52206 52202 0 0 135 0 0 22 43531018 0 0 0 0 0 0 19443153 713 0 0 
0 0 0 0 0 0 0 0 0 0 0 0 0 0 0 0 0 0 0 0 0 0 0 3 52202 0 0 7 0 0 136 22 0 8792682 20510707 14225465 0 0 0 19445354 0 0 713 0 
0 0 0 0 0 0 0 0 0 0 0 0 0 0 0 0 0 0 0 0 0 0 0 3 0 52206 52202 0 0 135 0 0 22 43531018 0 0 0 0 0 0 19443153 713 0 0 
0 0 0 0 0 0 0 0 0 0 0 0 0 0 0 0 0 0 0 0 0 0 0 3 52202 0 0 7 0 0 136 22 0 8792682 20510707 14225465 0 0 0 19445354 0 0 713 0 
0 0 0 0 0 0 0 0 0 0 0 0 0 0 0 0 0 0 0 0 0 0 0 3 0 52206 52202 0 0 135 0 0 22 43531018 0 0 0 0 0 0 19443153 713 0 0 
0 0 0 0 0 0 0 0 0 0 0 0 0 0 0 0 0 0 0 0 0 0 0 3 52202 0 0 7 0 0 136 22 0 8792682 20510707 14225465 0 0 0 19445354 0 0 713 0 
0 0 0 0 0 0 0 0 0 0 0 0 0 0 0 0 0 0 0 0 0 0 0 3 0 52206 52202 0 0 135 0 0 22 43531018 0 0 0 0 0 0 19443153 713 0 0 
0 0 0 0 0 0 0 0 0 0 0 0 0 0 0 0 0 0 0 0 0 0 0 3 52202 0 0 7 0 0 136 22 0 8792682 20510707 14225465 0 0 0 19445354 0 0 713 0 
0 0 0 0 0 0 0 0 0 0 0 0 0 0 0 0 0 0 0 0 0 0 0 3 0 52206 52202 0 0 135 0 0 22 43531018 0 0 0 0 0 0 19443153 713 0 0 
0 0 0 0 0 0 0 0 0 0 0 0 0 0 0 0 0 0 0 0 0 0 0 3 52202 0 0 7 0 0 136 22 0 8792682 20510707 14225465 0 0 0 19445354 0 0 713 0 
====>
0 0 0 0 0 0 0 0 0 0 0 0 0 0 0 0 0 0 0 0 0 0 0 3 0 52206 52206 0 0 143 0 0 22 43532177 0 0 0 0 0 0 19443262 713 0 0 
0 0 0 0 0 0 0 0 0 0 0 0 0 0 0 0 0 0 0 0 0 0 0 3 52206 0 0 7 0 0 144 22 0 8792682 20511850 14225482 0 0 0 19445463 0 0 713 0 
0 0 0 0 0 0 0 0 0 0 0 0 0 0 0 0 0 0 0 0 0 0 0 3 0 52206 52206 0 0 143 0 0 22 43532767 0 0 0 0 0 0 19443797 713 0 0 
0 0 0 0 0 0 0 0 0 0 0 0 0 0 0 0 0 0 0 0 0 0 0 3 52206 0 0 7 0 0 144 22 0 8792682 20512385 14225537 0 0 0 19445998 0 0 713 0 
0 0 0 0 0 0 0 0 0 0 0 0 0 0 0 0 0 0 0 0 0 0 0 3 0 52206 52206 0 0 143 0 0 22 43533588 0 0 0 0 0 0 19444574 713 0 0 
0 0 0 0 0 0 0 0 0 0 0 0 0 0 0 0 0 0 0 0 0 0 0 3 52206 0 0 7 0 0 144 22 0 8792682 20513162 14225581 0 0 0 19446775 0 0 713 0 
0 0 0 0 0 0 0 0 0 0 0 0 0 0 0 0 0 0 0 0 0 0 0 3 0 52206 52206 0 0 143 0 0 22 43534365 0 0 0 0 0 0 19445308 713 0 0 
0 0 0 0 0 0 0 0 0 0 0 0 0 0 0 0 0 0 0 0 0 0 0 3 52206 0 0 7 0 0 144 22 0 8792682 20513896 14225624 0 0 0 19447509 0 0 713 0 
0 0 0 0 0 0 0 0 0 0 0 0 0 0 0 0 0 0 0 0 0 0 0 3 0 52206 52206 0 0 143 0 0 22 43535187 0 0 0 0 0 0 19446017 713 0 0 
0 0 0 0 0 0 0 0 0 0 0 0 0 0 0 0 0 0 0 0 0 0 0 3 52206 0 0 7 0 0 144 22 0 8792682 20514605 14225737 0 0 0 19448218 0 0 713 0 
0 0 0 0 0 0 0 0 0 0 0 0 0 0 0 0 0 0 0 0 0 0 0 3 0 52206 52206 0 0 143 0 0 22 43535975 0 0 0 0 0 0 19446748 713 0 0 
0 0 0 0 0 0 0 0 0 0 0 0 0 0 0 0 0 0 0 0 0 0 0 3 52206 0 0 7 0 0 144 22 0 8792682 20515336 14225794 0 0 0 19448949 0 0 713 0 
0 0 0 0 0 0 0 0 0 0 0 0 0 0 0 0 0 0 0 0 0 0 0 3 0 52206 52206 0 0 143 0 0 22 43536824 0 0 0 0 0 0 19447540 713 0 0 
0 0 0 0 0 0 0 0 0 0 0 0 0 0 0 0 0 0 0 0 0 0 0 3 52206 0 0 7 0 0 144 22 0 8792682 20516128 14225851 0 0 0 19449741 0 0 713 0 
0 0 0 0 0 0 0 0 0 0 0 0 0 0 0 0 0 0 0 0 0 0 0 3 0 52206 52206 0 0 143 0 0 22 43537701 0 0 0 0 0 0 19448338 713 0 0 
0 0 0 0 0 0 0 0 0 0 0 0 0 0 0 0 0 0 0 0 0 0 0 3 52206 0 0 7 0 0 144 22 0 8792682 20516926 14225930 0 0 0 19450539 0 0 713 0 
0 0 0 0 0 0 0 0 0 0 0 0 0 0 0 0 0 0 0 0 0 0 0 3 0 52206 52206 0 0 143 0 0 22 43538521 0 0 0 0 0 0 19449102 713 0 0 
0 0 0 0 0 0 0 0 0 0 0 0 0 0 0 0 0 0 0 0 0 0 0 3 52206 0 0 7 0 0 144 22 0 8792682 20517690 14225986 0 0 0 19451303 0 0 713 0 
0 0 0 0 0 0 0 0 0 0 0 0 0 0 0 0 0 0 0 0 0 0 0 3 0 52206 52206 0 0 143 0 0 22 43539379 0 0 0 0 0 0 19449903 713 0 0 
0 0 0 0 0 0 0 0 0 0 0 0 0 0 0 0 0 0 0 0 0 0 0 3 52206 0 0 7 0 0 144 22 0 8792682 20518491 14226043 0 0 0 19452104 0 0 713 0 
0 0 0 0 0 0 0 0 0 0 0 0 0 0 0 0 0 0 0 0 0 0 0 3 0 52206 52206 0 0 143 0 0 22 43540255 0 0 0 0 0 0 19450703 713 0 0 
0 0 0 0 0 0 0 0 0 0 0 0 0 0 0 0 0 0 0 0 0 0 0 3 52206 0 0 7 0 0 144 22 0 8792682 20519291 14226119 0 0 0 19452904 0 0 713 0 
0 0 0 0 0 0 0 0 0 0 0 0 0 0 0 0 0 0 0 0 0 0 0 3 0 52206 52206 0 0 143 0 0 22 43541113 0 0 0 0 0 0 19451485 713 0 0 
0 0 0 0 0 0 0 0 0 0 0 0 0 0 0 0 0 0 0 0 0 0 0 3 52206 0 0 7 0 0 144 22 0 8792682 20520073 14226195 0 0 0 19453686 0 0 713 0 
0 0 0 0 0 0 0 0 0 0 0 0 0 0 0 0 0 0 0 0 0 0 0 3 0 52206 52206 0 0 143 0 0 22 43541997 0 0 0 0 0 0 19452284 713 0 0 
0 0 0 0 0 0 0 0 0 0 0 0 0 0 0 0 0 0 0 0 0 0 0 3 52206 0 0 7 0 0 144 22 0 8792682 20520872 14226280 0 0 0 19454485 0 0 713 0 
0 0 0 0 0 0 0 0 0 0 0 0 0 0 0 0 0 0 0 0 0 0 0 3 0 52206 52206 0 0 143 0 0 22 43542712 0 0 0 0 0 0 19452963 713 0 0 
0 0 0 0 0 0 0 0 0 0 0 0 0 0 0 0 0 0 0 0 0 0 0 3 52206 0 0 7 0 0 144 22 0 8792682 20521551 14226316 0 0 0 19455164 0 0 713 0 
0 0 0 0 0 0 0 0 0 0 0 0 0 0 0 0 0 0 0 0 0 0 0 3 0 52206 52206 0 0 143 0 0 22 43543562 0 0 0 0 0 0 19453726 713 0 0 
0 0 0 0 0 0 0 0 0 0 0 0 0 0 0 0 0 0 0 0 0 0 0 3 52206 0 0 7 0 0 144 22 0 8792682 20522314 14226403 0 0 0 19455927 0 0 713 0 
<====
0 0 0 0 0 0 0 0 0 0 0 0 0 0 0 0 0 0 0 0 0 0 0 3 0 52210 52206 0 0 143 0 0 22 43543741 0 0 0 0 0 0 19453882 713 0 0 
0 0 0 0 0 0 0 0 0 0 0 0 0 0 0 0 0 0 0 0 0 0 0 3 52206 0 0 7 0 0 144 22 0 8792696 20522466 14226416 0 0 0 19456083 0 0 713 0 
0 0 0 0 0 0 0 0 0 0 0 0 0 0 0 0 0 0 0 0 0 0 0 3 0 52210 52206 0 0 143 0 0 22 43543741 0 0 0 0 0 0 19453882 713 0 0 
0 0 0 0 0 0 0 0 0 0 0 0 0 0 0 0 0 0 0 0 0 0 0 3 52206 0 0 7 0 0 144 22 0 8792696 20522466 14226416 0 0 0 19456083 0 0 713 0 
0 0 0 0 0 0 0 0 0 0 0 0 0 0 0 0 0 0 0 0 0 0 0 3 0 52210 52206 0 0 143 0 0 22 43543741 0 0 0 0 0 0 19453882 713 0 0 
0 0 0 0 0 0 0 0 0 0 0 0 0 0 0 0 0 0 0 0 0 0 0 3 52206 0 0 7 0 0 144 22 0 8792696 20522466 14226416 0 0 0 19456083 0 0 713 0 
0 0 0 0 0 0 0 0 0 0 0 0 0 0 0 0 0 0 0 0 0 0 0 3 0 52210 52206 0 0 143 0 0 22 43543741 0 0 0 0 0 0 19453882 713 0 0 
0 0 0 0 0 0 0 0 0 0 0 0 0 0 0 0 0 0 0 0 0 0 0 3 52206 0 0 7 0 0 144 22 0 8792696 20522466 14226416 0 0 0 19456083 0 0 713 0 
0 0 0 0 0 0 0 0 0 0 0 0 0 0 0 0 0 0 0 0 0 0 0 3 0 52210 52206 0 0 143 0 0 22 43543741 0 0 0 0 0 0 19453882 713 0 0 
0 0 0 0 0 0 0 0 0 0 0 0 0 0 0 0 0 0 0 0 0 0 0 3 52206 0 0 7 0 0 144 22 0 8792696 20522466 14226416 0 0 0 19456083 0 0 713 0 
0 0 0 0 0 0 0 0 0 0 0 0 0 0 0 0 0 0 0 0 0 0 0 3 0 52210 52206 0 0 143 0 0 22 43543741 0 0 0 0 0 0 19453882 713 0 0 
0 0 0 0 0 0 0 0 0 0 0 0 0 0 0 0 0 0 0 0 0 0 0 3 52206 0 0 7 0 0 144 22 0 8792696 20522466 14226416 0 0 0 19456083 0 0 713 0 
0 0 0 0 0 0 0 0 0 0 0 0 0 0 0 0 0 0 0 0 0 0 0 3 0 52210 52206 0 0 143 0 0 22 43543741 0 0 0 0 0 0 19453882 713 0 0 
0 0 0 0 0 0 0 0 0 0 0 0 0 0 0 0 0 0 0 0 0 0 0 3 52206 0 0 7 0 0 144 22 0 8792696 20522466 14226416 0 0 0 19456083 0 0 713 0 
