0 0 0 0 0 0 0 0 0 0 0 0 0 0 0 0 0 0 0 0 0 0 0 3 120329 0 0 19 0 0 341 52 0 102302056 0 0 0 0 0 42164856 0 0 2094 0 
0 0 0 0 0 0 0 0 0 0 0 0 0 0 0 0 0 0 0 0 0 0 0 3 120329 0 0 19 0 0 341 52 0 102302056 0 0 0 0 0 42164856 0 0 2094 0 
0 0 0 0 0 0 0 0 0 0 0 0 0 0 0 0 0 0 0 0 0 0 0 3 120329 0 0 19 0 0 341 52 0 102302056 0 0 0 0 0 42164856 0 0 2094 0 
0 0 0 0 0 0 0 0 0 0 0 0 0 0 0 0 0 0 0 0 0 0 0 3 120329 0 0 19 0 0 341 52 0 102302056 0 0 0 0 0 42164856 0 0 2094 0 
0 0 0 0 0 0 0 0 0 0 0 0 0 0 0 0 0 0 0 0 0 0 0 3 120329 0 0 19 0 0 341 52 0 102302056 0 0 0 0 0 42164856 0 0 2094 0 
0 0 0 0 0 0 0 0 0 0 0 0 0 0 0 0 0 0 0 0 0 0 0 3 120329 0 0 19 0 0 341 52 0 102302056 0 0 0 0 0 42164856 0 0 2094 0 
0 0 0 0 0 0 0 0 0 0 0 0 0 0 0 0 0 0 0 0 0 0 0 3 120337 0 0 19 0 0 356 52 0 102304395 0 0 0 0 0 42165082 0 0 2094 0 
0 0 0 0 0 0 0 0 0 0 0 0 0 0 0 0 0 0 0 0 0 0 0 3 120337 0 0 19 0 0 356 52 0 102305793 0 0 0 0 0 42166371 0 0 2094 0 
0 0 0 0 0 0 0 0 0 0 0 0 0 0 0 0 0 0 0 0 0 0 0 3 120337 0 0 19 0 0 356 52 0 102307532 0 0 0 0 0 42167976 0 0 2094 0 
0 0 0 0 0 0 0 0 0 0 0 0 0 0 0 0 0 0 0 0 0 0 0 3 120337 0 0 19 0 0 356 52 0 102309085 0 0 0 0 0 42169452 0 0 2094 0 
0 0 0 0 0 0 0 0 0 0 0 0 0 0 0 0 0 0 0 0 0 0 0 3 120337 0 0 19 0 0 356 52 0 102310712 0 0 0 0 0 42170929 0 0 2094 0 
0 0 0 0 0 0 0 0 0 0 0 0 0 0 0 0 0 0 0 0 0 0 0 3 120337 0 0 19 0 0 356 52 0 102312174 0 0 0 0 0 42172302 0 0 2094 0 
0 0 0 0 0 0 0 0 0 0 0 0 0 0 0 0 0 0 0 0 0 0 0 3 120337 0 0 19 0 0 356 52 0 102313817 0 0 0 0 0 42173843 0 0 2094 0 
0 0 0 0 0 0 0 0 0 0 0 0 0 0 0 0 0 0 0 0 0 0 0 3 120337 0 0 19 0 0 356 52 0 102315511 0 0 0 0 0 42175407 0 0 2094 0 
0 0 0 0 0 0 0 0 0 0 0 0 0 0 0 0 0 0 0 0 0 0 0 3 120337 0 0 19 0 0 356 52 0 102317138 0 0 0 0 0 42176892 0 0 2094 0 
0 0 0 0 0 0 0 0 0 0 0 0 0 0 0 0 0 0 0 0 0 0 0 3 120337 0 0 19 0 0 356 52 0 102318969 0 0 0 0 0 42178539 0 0 2094 0 
0 0 0 0 0 0 0 0 0 0 0 0 0 0 0 0 0 0 0 0 0 0 0 3 120337 0 0 19 0 0 356 52 0 102320791 0 0 0 0 0 42180168 0 0 2094 0 
0 0 0 0 0 0 0 0 0 0 0 0 0 0 0 0 0 0 0 0 0 0 0 3 120337 0 0 19 0 0 356 52 0 102322451 0 0 0 0 0 42181722 0 0 2094 0 
0 0 0 0 0 0 0 0 0 0 0 0 0 0 0 0 0 0 0 0 0 0 0 3 120337 0 0 19 0 0 356 52 0 102324137 0 0 0 0 0 42183283 0 0 2094 0 
0 0 0 0 0 0 0 0 0 0 0 0 0 0 0 0 0 0 0 0 0 0 0 3 120337 0 0 19 0 0 356 52 0 102325736 0 0 0 0 0 42184773 0 0 2094 0 
0 0 0 0 0 0 0 0 0 0 0 0 0 0 0 0 0 0 0 0 0 0 0 3 120337 0 0 19 0 0 356 52 0 102327382 0 0 0 0 0 42186279 0 0 2094 0 
0 0 0 0 0 0 0 0 0 0 0 0 0 0 0 0 0 0 0 0 0 0 0 3 120337 0 0 19 0 0 356 52 0 102327895 0 0 0 0 0 42186727 0 0 2094 0 
0 0 0 0 0 0 0 0 0 0 0 0 0 0 0 0 0 0 0 0 0 0 0 3 120337 0 0 19 0 0 356 52 0 102327895 0 0 0 0 0 42186727 0 0 2094 0 
0 0 0 0 0 0 0 0 0 0 0 0 0 0 0 0 0 0 0 0 0 0 0 3 120337 0 0 19 0 0 356 52 0 102327895 0 0 0 0 0 42186727 0 0 2094 0 
0 0 0 0 0 0 0 0 0 0 0 0 0 0 0 0 0 0 0 0 0 0 0 3 120337 0 0 19 0 0 356 52 0 102327895 0 0 0 0 0 42186727 0 0 2094 0 
0 0 0 0 0 0 0 0 0 0 0 0 0 0 0 0 0 0 0 0 0 0 0 3 120337 0 0 19 0 0 356 52 0 102327895 0 0 0 0 0 42186727 0 0 2094 0 
0 0 0 0 0 0 0 0 0 0 0 0 0 0 0 0 0 0 0 0 0 0 0 3 120337 0 0 19 0 0 356 52 0 102327895 0 0 0 0 0 42186727 0 0 2094 0 
0 0 0 0 0 0 0 0 0 0 0 0 0 0 0 0 0 0 0 0 0 0 0 3 120337 0 0 19 0 0 356 52 0 102327895 0 0 0 0 0 42186727 0 0 2094 0 
