0 0 0 0 0 0 0 0 0 0 0 0 0 0 0 0 0 0 0 0 0 0 0 3 0 120337 120299 0 0 361 0 0 52 80229303 22334557 0 0 0 0 0 42215571 2119 0 0 
0 0 0 0 0 0 0 0 0 0 0 0 0 0 0 0 0 0 0 0 0 0 0 3 0 120337 120299 0 0 361 0 0 52 80229303 22334557 0 0 0 0 0 42215571 2119 0 0 
0 0 0 0 0 0 0 0 0 0 0 0 0 0 0 0 0 0 0 0 0 0 0 3 0 120337 120299 0 0 361 0 0 52 80229303 22334557 0 0 0 0 0 42215571 2119 0 0 
0 0 0 0 0 0 0 0 0 0 0 0 0 0 0 0 0 0 0 0 0 0 0 3 0 120337 120299 0 0 361 0 0 52 80229303 22334557 0 0 0 0 0 42215571 2119 0 0 
0 0 0 0 0 0 0 0 0 0 0 0 0 0 0 0 0 0 0 0 0 0 0 3 0 120337 120299 0 0 361 0 0 52 80229303 22334557 0 0 0 0 0 42215571 2119 0 0 
0 0 0 0 0 0 0 0 0 0 0 0 0 0 0 0 0 0 0 0 0 0 0 3 0 120337 120299 0 0 361 0 0 52 80229303 22334557 0 0 0 0 0 42215571 2119 0 0 
0 0 0 0 0 0 0 0 0 0 0 0 0 0 0 0 0 0 0 0 0 0 0 3 0 120337 120299 0 0 361 0 0 52 80229303 22334557 0 0 0 0 0 42215571 2119 0 0 
0 0 0 0 0 0 0 0 0 0 0 0 0 0 0 0 0 0 0 0 0 0 0 3 0 120337 120311 0 0 385 0 0 52 80233852 22334557 0 0 0 0 0 42216915 2119 0 0 
0 0 0 0 0 0 0 0 0 0 0 0 0 0 0 0 0 0 0 0 0 0 0 3 0 120337 120311 0 0 385 0 0 52 80236418 22334557 0 0 0 0 0 42219216 2119 0 0 
0 0 0 0 0 0 0 0 0 0 0 0 0 0 0 0 0 0 0 0 0 0 0 3 0 120337 120311 0 0 385 0 0 52 80238964 22334557 0 0 0 0 0 42221550 2119 0 0 
0 0 0 0 0 0 0 0 0 0 0 0 0 0 0 0 0 0 0 0 0 0 0 3 0 120337 120311 0 0 385 0 0 52 80241313 22334557 0 0 0 0 0 42223752 2119 0 0 
0 0 0 0 0 0 0 0 0 0 0 0 0 0 0 0 0 0 0 0 0 0 0 3 0 120337 120311 0 0 385 0 0 52 80243820 22334557 0 0 0 0 0 42226065 2119 0 0 
0 0 0 0 0 0 0 0 0 0 0 0 0 0 0 0 0 0 0 0 0 0 0 3 0 120337 120311 0 0 385 0 0 52 80246292 22334557 0 0 0 0 0 42228333 2119 0 0 
0 0 0 0 0 0 0 0 0 0 0 0 0 0 0 0 0 0 0 0 0 0 0 3 0 120337 120311 0 0 385 0 0 52 80248700 22334557 0 0 0 0 0 42230567 2119 0 0 
0 0 0 0 0 0 0 0 0 0 0 0 0 0 0 0 0 0 0 0 0 0 0 3 0 120337 120311 0 0 385 0 0 52 80251116 22334557 0 0 0 0 0 42232856 2119 0 0 
0 0 0 0 0 0 0 0 0 0 0 0 0 0 0 0 0 0 0 0 0 0 0 3 0 120337 120311 0 0 385 0 0 52 80253538 22334557 0 0 0 0 0 42235115 2119 0 0 
0 0 0 0 0 0 0 0 0 0 0 0 0 0 0 0 0 0 0 0 0 0 0 3 0 120337 120311 0 0 385 0 0 52 80255984 22334557 0 0 0 0 0 42237402 2119 0 0 
0 0 0 0 0 0 0 0 0 0 0 0 0 0 0 0 0 0 0 0 0 0 0 3 0 120337 120311 0 0 385 0 0 52 80258434 22334557 0 0 0 0 0 42239630 2119 0 0 
0 0 0 0 0 0 0 0 0 0 0 0 0 0 0 0 0 0 0 0 0 0 0 3 0 120349 120311 0 0 385 0 0 52 80258938 22334606 0 0 0 0 0 42240078 2119 0 0 
0 0 0 0 0 0 0 0 0 0 0 0 0 0 0 0 0 0 0 0 0 0 0 3 0 120349 120311 0 0 385 0 0 52 80258938 22334606 0 0 0 0 0 42240078 2119 0 0 
0 0 0 0 0 0 0 0 0 0 0 0 0 0 0 0 0 0 0 0 0 0 0 3 0 120349 120311 0 0 385 0 0 52 80258938 22334606 0 0 0 0 0 42240078 2119 0 0 
0 0 0 0 0 0 0 0 0 0 0 0 0 0 0 0 0 0 0 0 0 0 0 3 0 120349 120311 0 0 385 0 0 52 80258938 22334606 0 0 0 0 0 42240078 2119 0 0 
0 0 0 0 0 0 0 0 0 0 0 0 0 0 0 0 0 0 0 0 0 0 0 3 0 120349 120311 0 0 385 0 0 52 80258938 22334606 0 0 0 0 0 42240078 2119 0 0 
