0 0 0 0 0 0 0 0 0 0 0 0 0 0 0 0 0 0 0 0 0 0 0 3 120713 0 0 22 0 0 390 52 0 108791797 0 0 0 0 0 45060360 0 0 2094 0 
0 0 0 0 0 0 0 0 0 0 0 0 0 0 0 0 0 0 0 0 0 0 0 3 120713 0 0 22 0 0 390 52 0 108791797 0 0 0 0 0 45060360 0 0 2094 0 
0 0 0 0 0 0 0 0 0 0 0 0 0 0 0 0 0 0 0 0 0 0 0 3 120713 0 0 22 0 0 390 52 0 108791797 0 0 0 0 0 45060360 0 0 2094 0 
0 0 0 0 0 0 0 0 0 0 0 0 0 0 0 0 0 0 0 0 0 0 0 3 120717 0 0 22 0 0 398 52 0 108793105 0 0 0 0 0 45060629 0 0 2094 0 
0 0 0 0 0 0 0 0 0 0 0 0 0 0 0 0 0 0 0 0 0 0 0 3 120717 0 0 22 0 0 398 52 0 108793694 0 0 0 0 0 45061207 0 0 2094 0 
0 0 0 0 0 0 0 0 0 0 0 0 0 0 0 0 0 0 0 0 0 0 0 3 120717 0 0 22 0 0 398 52 0 108794458 0 0 0 0 0 45061963 0 0 2094 0 
0 0 0 0 0 0 0 0 0 0 0 0 0 0 0 0 0 0 0 0 0 0 0 3 120717 0 0 22 0 0 398 52 0 108795248 0 0 0 0 0 45062738 0 0 2094 0 
0 0 0 0 0 0 0 0 0 0 0 0 0 0 0 0 0 0 0 0 0 0 0 3 120717 0 0 22 0 0 398 52 0 108796043 0 0 0 0 0 45063510 0 0 2094 0 
0 0 0 0 0 0 0 0 0 0 0 0 0 0 0 0 0 0 0 0 0 0 0 3 120717 0 0 22 0 0 398 52 0 108796777 0 0 0 0 0 45064238 0 0 2094 0 
0 0 0 0 0 0 0 0 0 0 0 0 0 0 0 0 0 0 0 0 0 0 0 3 120717 0 0 22 0 0 398 52 0 108797423 0 0 0 0 0 45064860 0 0 2094 0 
0 0 0 0 0 0 0 0 0 0 0 0 0 0 0 0 0 0 0 0 0 0 0 3 120717 0 0 22 0 0 398 52 0 108798563 0 0 0 0 0 45065814 0 0 2094 0 
0 0 0 0 0 0 0 0 0 0 0 0 0 0 0 0 0 0 0 0 0 0 0 3 120717 0 0 22 0 0 398 52 0 108799381 0 0 0 0 0 45066595 0 0 2094 0 
0 0 0 0 0 0 0 0 0 0 0 0 0 0 0 0 0 0 0 0 0 0 0 3 120717 0 0 22 0 0 398 52 0 108800183 0 0 0 0 0 45067388 0 0 2094 0 
0 0 0 0 0 0 0 0 0 0 0 0 0 0 0 0 0 0 0 0 0 0 0 3 120717 0 0 22 0 0 398 52 0 108800844 0 0 0 0 0 45068039 0 0 2094 0 
0 0 0 0 0 0 0 0 0 0 0 0 0 0 0 0 0 0 0 0 0 0 0 3 120717 0 0 22 0 0 398 52 0 108801523 0 0 0 0 0 45068717 0 0 2094 0 
0 0 0 0 0 0 0 0 0 0 0 0 0 0 0 0 0 0 0 0 0 0 0 3 120717 0 0 22 0 0 398 52 0 108802309 0 0 0 0 0 45069459 0 0 2094 0 
0 0 0 0 0 0 0 0 0 0 0 0 0 0 0 0 0 0 0 0 0 0 0 3 120717 0 0 22 0 0 398 52 0 108803079 0 0 0 0 0 45070215 0 0 2094 0 
0 0 0 0 0 0 0 0 0 0 0 0 0 0 0 0 0 0 0 0 0 0 0 3 120717 0 0 22 0 0 398 52 0 108803827 0 0 0 0 0 45070950 0 0 2094 0 
0 0 0 0 0 0 0 0 0 0 0 0 0 0 0 0 0 0 0 0 0 0 0 3 120717 0 0 22 0 0 398 52 0 108804561 0 0 0 0 0 45071682 0 0 2094 0 
0 0 0 0 0 0 0 0 0 0 0 0 0 0 0 0 0 0 0 0 0 0 0 3 120717 0 0 22 0 0 398 52 0 108805284 0 0 0 0 0 45072372 0 0 2094 0 
0 0 0 0 0 0 0 0 0 0 0 0 0 0 0 0 0 0 0 0 0 0 0 3 120717 0 0 22 0 0 398 52 0 108806049 0 0 0 0 0 45073093 0 0 2094 0 
0 0 0 0 0 0 0 0 0 0 0 0 0 0 0 0 0 0 0 0 0 0 0 3 120717 0 0 22 0 0 398 52 0 108806840 0 0 0 0 0 45073853 0 0 2094 0 
0 0 0 0 0 0 0 0 0 0 0 0 0 0 0 0 0 0 0 0 0 0 0 3 120717 0 0 22 0 0 398 52 0 108807616 0 0 0 0 0 45074618 0 0 2094 0 
0 0 0 0 0 0 0 0 0 0 0 0 0 0 0 0 0 0 0 0 0 0 0 3 120717 0 0 22 0 0 398 52 0 108808388 0 0 0 0 0 45075382 0 0 2094 0 
0 0 0 0 0 0 0 0 0 0 0 0 0 0 0 0 0 0 0 0 0 0 0 3 120717 0 0 22 0 0 398 52 0 108809170 0 0 0 0 0 45076119 0 0 2094 0 
0 0 0 0 0 0 0 0 0 0 0 0 0 0 0 0 0 0 0 0 0 0 0 3 120717 0 0 22 0 0 398 52 0 108809175 0 0 0 0 0 45076120 0 0 2094 0 
0 0 0 0 0 0 0 0 0 0 0 0 0 0 0 0 0 0 0 0 0 0 0 3 120717 0 0 22 0 0 398 52 0 108809175 0 0 0 0 0 45076120 0 0 2094 0 
0 0 0 0 0 0 0 0 0 0 0 0 0 0 0 0 0 0 0 0 0 0 0 3 120717 0 0 22 0 0 398 52 0 108809175 0 0 0 0 0 45076120 0 0 2094 0 
0 0 0 0 0 0 0 0 0 0 0 0 0 0 0 0 0 0 0 0 0 0 0 3 120717 0 0 22 0 0 398 52 0 108809175 0 0 0 0 0 45076120 0 0 2094 0 
0 0 0 0 0 0 0 0 0 0 0 0 0 0 0 0 0 0 0 0 0 0 0 3 120717 0 0 22 0 0 398 52 0 108809175 0 0 0 0 0 45076120 0 0 2094 0 
0 0 0 0 0 0 0 0 0 0 0 0 0 0 0 0 0 0 0 0 0 0 0 3 120717 0 0 22 0 0 398 52 0 108809175 0 0 0 0 0 45076120 0 0 2094 0 
0 0 0 0 0 0 0 0 0 0 0 0 0 0 0 0 0 0 0 0 0 0 0 3 120717 0 0 22 0 0 398 52 0 108809175 0 0 0 0 0 45076120 0 0 2094 0 
0 0 0 0 0 0 0 0 0 0 0 0 0 0 0 0 0 0 0 0 0 0 0 3 120717 0 0 22 0 0 398 52 0 108809175 0 0 0 0 0 45076120 0 0 2094 0 
0 0 0 0 0 0 0 0 0 0 0 0 0 0 0 0 0 0 0 0 0 0 0 3 120717 0 0 22 0 0 398 52 0 108809175 0 0 0 0 0 45076120 0 0 2094 0 
0 0 0 0 0 0 0 0 0 0 0 0 0 0 0 0 0 0 0 0 0 0 0 3 120717 0 0 22 0 0 398 52 0 108809175 0 0 0 0 0 45076120 0 0 2094 0 
0 0 0 0 0 0 0 0 0 0 0 0 0 0 0 0 0 0 0 0 0 0 0 3 120717 0 0 22 0 0 398 52 0 108809175 0 0 0 0 0 45076120 0 0 2094 0 
0 0 0 0 0 0 0 0 0 0 0 0 0 0 0 0 0 0 0 0 0 0 0 3 120717 0 0 22 0 0 398 52 0 108809175 0 0 0 0 0 45076120 0 0 2094 0 
