0 0 0 0 0 0 0 0 0 0 0 0 0 0 0 0 0 0 0 0 0 0 0 3 120713 0 0 22 0 0 390 52 0 108791797 0 0 0 0 0 45060360 0 0 2094 0 
0 0 0 0 0 0 0 0 0 0 0 0 0 0 0 0 0 0 0 0 0 0 0 3 0 120713 120674 0 0 396 0 0 52 85239205 23791121 0 0 0 0 0 45089249 2119 0 0 
0 0 0 0 0 0 0 0 0 0 0 0 0 0 0 0 0 0 0 0 0 0 0 3 120713 0 0 22 0 0 390 52 0 108791797 0 0 0 0 0 45060360 0 0 2094 0 
0 0 0 0 0 0 0 0 0 0 0 0 0 0 0 0 0 0 0 0 0 0 0 3 0 120713 120674 0 0 396 0 0 52 85239205 23791121 0 0 0 0 0 45089249 2119 0 0 
0 0 0 0 0 0 0 0 0 0 0 0 0 0 0 0 0 0 0 0 0 0 0 3 120713 0 0 22 0 0 390 52 0 108791797 0 0 0 0 0 45060360 0 0 2094 0 
0 0 0 0 0 0 0 0 0 0 0 0 0 0 0 0 0 0 0 0 0 0 0 3 0 120713 120674 0 0 396 0 0 52 85239205 23791121 0 0 0 0 0 45089249 2119 0 0 
0 0 0 0 0 0 0 0 0 0 0 0 0 0 0 0 0 0 0 0 0 0 0 3 120717 0 0 22 0 0 398 52 0 108793105 0 0 0 0 0 45060629 0 0 2094 0 
0 0 0 0 0 0 0 0 0 0 0 0 0 0 0 0 0 0 0 0 0 0 0 3 0 120713 120678 0 0 404 0 0 52 85240513 23791121 0 0 0 0 0 45089518 2119 0 0 
0 0 0 0 0 0 0 0 0 0 0 0 0 0 0 0 0 0 0 0 0 0 0 3 120717 0 0 22 0 0 398 52 0 108793694 0 0 0 0 0 45061207 0 0 2094 0 
0 0 0 0 0 0 0 0 0 0 0 0 0 0 0 0 0 0 0 0 0 0 0 3 0 120713 120678 0 0 404 0 0 52 85241102 23791121 0 0 0 0 0 45090096 2119 0 0 
0 0 0 0 0 0 0 0 0 0 0 0 0 0 0 0 0 0 0 0 0 0 0 3 120717 0 0 22 0 0 398 52 0 108794458 0 0 0 0 0 45061963 0 0 2094 0 
0 0 0 0 0 0 0 0 0 0 0 0 0 0 0 0 0 0 0 0 0 0 0 3 0 120713 120678 0 0 404 0 0 52 85241866 23791121 0 0 0 0 0 45090852 2119 0 0 
0 0 0 0 0 0 0 0 0 0 0 0 0 0 0 0 0 0 0 0 0 0 0 3 120717 0 0 22 0 0 398 52 0 108795248 0 0 0 0 0 45062738 0 0 2094 0 
0 0 0 0 0 0 0 0 0 0 0 0 0 0 0 0 0 0 0 0 0 0 0 3 0 120713 120678 0 0 404 0 0 52 85242656 23791121 0 0 0 0 0 45091627 2119 0 0 
0 0 0 0 0 0 0 0 0 0 0 0 0 0 0 0 0 0 0 0 0 0 0 3 120717 0 0 22 0 0 398 52 0 108796043 0 0 0 0 0 45063510 0 0 2094 0 
0 0 0 0 0 0 0 0 0 0 0 0 0 0 0 0 0 0 0 0 0 0 0 3 0 120713 120678 0 0 404 0 0 52 85243451 23791121 0 0 0 0 0 45092399 2119 0 0 
0 0 0 0 0 0 0 0 0 0 0 0 0 0 0 0 0 0 0 0 0 0 0 3 120717 0 0 22 0 0 398 52 0 108796777 0 0 0 0 0 45064238 0 0 2094 0 
0 0 0 0 0 0 0 0 0 0 0 0 0 0 0 0 0 0 0 0 0 0 0 3 0 120713 120678 0 0 404 0 0 52 85244185 23791121 0 0 0 0 0 45093127 2119 0 0 
0 0 0 0 0 0 0 0 0 0 0 0 0 0 0 0 0 0 0 0 0 0 0 3 120717 0 0 22 0 0 398 52 0 108797423 0 0 0 0 0 45064860 0 0 2094 0 
0 0 0 0 0 0 0 0 0 0 0 0 0 0 0 0 0 0 0 0 0 0 0 3 0 120713 120678 0 0 404 0 0 52 85244831 23791121 0 0 0 0 0 45093749 2119 0 0 
0 0 0 0 0 0 0 0 0 0 0 0 0 0 0 0 0 0 0 0 0 0 0 3 120717 0 0 22 0 0 398 52 0 108798563 0 0 0 0 0 45065814 0 0 2094 0 
0 0 0 0 0 0 0 0 0 0 0 0 0 0 0 0 0 0 0 0 0 0 0 3 0 120713 120678 0 0 404 0 0 52 85245971 23791121 0 0 0 0 0 45094703 2119 0 0 
0 0 0 0 0 0 0 0 0 0 0 0 0 0 0 0 0 0 0 0 0 0 0 3 120717 0 0 22 0 0 398 52 0 108799381 0 0 0 0 0 45066595 0 0 2094 0 
0 0 0 0 0 0 0 0 0 0 0 0 0 0 0 0 0 0 0 0 0 0 0 3 0 120713 120678 0 0 404 0 0 52 85246789 23791121 0 0 0 0 0 45095484 2119 0 0 
0 0 0 0 0 0 0 0 0 0 0 0 0 0 0 0 0 0 0 0 0 0 0 3 120717 0 0 22 0 0 398 52 0 108800183 0 0 0 0 0 45067388 0 0 2094 0 
0 0 0 0 0 0 0 0 0 0 0 0 0 0 0 0 0 0 0 0 0 0 0 3 0 120713 120678 0 0 404 0 0 52 85247591 23791121 0 0 0 0 0 45096277 2119 0 0 
0 0 0 0 0 0 0 0 0 0 0 0 0 0 0 0 0 0 0 0 0 0 0 3 120717 0 0 22 0 0 398 52 0 108800844 0 0 0 0 0 45068039 0 0 2094 0 
0 0 0 0 0 0 0 0 0 0 0 0 0 0 0 0 0 0 0 0 0 0 0 3 0 120713 120678 0 0 404 0 0 52 85248252 23791121 0 0 0 0 0 45096928 2119 0 0 
0 0 0 0 0 0 0 0 0 0 0 0 0 0 0 0 0 0 0 0 0 0 0 3 120717 0 0 22 0 0 398 52 0 108801523 0 0 0 0 0 45068717 0 0 2094 0 
0 0 0 0 0 0 0 0 0 0 0 0 0 0 0 0 0 0 0 0 0 0 0 3 0 120713 120678 0 0 404 0 0 52 85248931 23791121 0 0 0 0 0 45097606 2119 0 0 
0 0 0 0 0 0 0 0 0 0 0 0 0 0 0 0 0 0 0 0 0 0 0 3 120717 0 0 22 0 0 398 52 0 108802309 0 0 0 0 0 45069459 0 0 2094 0 
0 0 0 0 0 0 0 0 0 0 0 0 0 0 0 0 0 0 0 0 0 0 0 3 0 120713 120678 0 0 404 0 0 52 85249717 23791121 0 0 0 0 0 45098348 2119 0 0 
0 0 0 0 0 0 0 0 0 0 0 0 0 0 0 0 0 0 0 0 0 0 0 3 120717 0 0 22 0 0 398 52 0 108803079 0 0 0 0 0 45070215 0 0 2094 0 
0 0 0 0 0 0 0 0 0 0 0 0 0 0 0 0 0 0 0 0 0 0 0 3 0 120713 120678 0 0 404 0 0 52 85250487 23791121 0 0 0 0 0 45099104 2119 0 0 
0 0 0 0 0 0 0 0 0 0 0 0 0 0 0 0 0 0 0 0 0 0 0 3 120717 0 0 22 0 0 398 52 0 108803827 0 0 0 0 0 45070950 0 0 2094 0 
0 0 0 0 0 0 0 0 0 0 0 0 0 0 0 0 0 0 0 0 0 0 0 3 0 120713 120678 0 0 404 0 0 52 85251235 23791121 0 0 0 0 0 45099839 2119 0 0 
0 0 0 0 0 0 0 0 0 0 0 0 0 0 0 0 0 0 0 0 0 0 0 3 120717 0 0 22 0 0 398 52 0 108804561 0 0 0 0 0 45071682 0 0 2094 0 
0 0 0 0 0 0 0 0 0 0 0 0 0 0 0 0 0 0 0 0 0 0 0 3 0 120713 120678 0 0 404 0 0 52 85251969 23791121 0 0 0 0 0 45100571 2119 0 0 
0 0 0 0 0 0 0 0 0 0 0 0 0 0 0 0 0 0 0 0 0 0 0 3 120717 0 0 22 0 0 398 52 0 108805284 0 0 0 0 0 45072372 0 0 2094 0 
0 0 0 0 0 0 0 0 0 0 0 0 0 0 0 0 0 0 0 0 0 0 0 3 0 120713 120678 0 0 404 0 0 52 85252693 23791121 0 0 0 0 0 45101261 2119 0 0 
0 0 0 0 0 0 0 0 0 0 0 0 0 0 0 0 0 0 0 0 0 0 0 3 120717 0 0 22 0 0 398 52 0 108806049 0 0 0 0 0 45073093 0 0 2094 0 
0 0 0 0 0 0 0 0 0 0 0 0 0 0 0 0 0 0 0 0 0 0 0 3 0 120713 120678 0 0 404 0 0 52 85253457 23791121 0 0 0 0 0 45101982 2119 0 0 
0 0 0 0 0 0 0 0 0 0 0 0 0 0 0 0 0 0 0 0 0 0 0 3 120717 0 0 22 0 0 398 52 0 108806840 0 0 0 0 0 45073853 0 0 2094 0 
0 0 0 0 0 0 0 0 0 0 0 0 0 0 0 0 0 0 0 0 0 0 0 3 0 120713 120678 0 0 404 0 0 52 85254248 23791121 0 0 0 0 0 45102742 2119 0 0 
0 0 0 0 0 0 0 0 0 0 0 0 0 0 0 0 0 0 0 0 0 0 0 3 120717 0 0 22 0 0 398 52 0 108807616 0 0 0 0 0 45074618 0 0 2094 0 
0 0 0 0 0 0 0 0 0 0 0 0 0 0 0 0 0 0 0 0 0 0 0 3 0 120713 120678 0 0 404 0 0 52 85255024 23791121 0 0 0 0 0 45103507 2119 0 0 
0 0 0 0 0 0 0 0 0 0 0 0 0 0 0 0 0 0 0 0 0 0 0 3 120717 0 0 22 0 0 398 52 0 108808388 0 0 0 0 0 45075382 0 0 2094 0 
0 0 0 0 0 0 0 0 0 0 0 0 0 0 0 0 0 0 0 0 0 0 0 3 0 120713 120678 0 0 404 0 0 52 85255796 23791121 0 0 0 0 0 45104271 2119 0 0 
0 0 0 0 0 0 0 0 0 0 0 0 0 0 0 0 0 0 0 0 0 0 0 3 120717 0 0 22 0 0 398 52 0 108809170 0 0 0 0 0 45076119 0 0 2094 0 
0 0 0 0 0 0 0 0 0 0 0 0 0 0 0 0 0 0 0 0 0 0 0 3 0 120717 120678 0 0 404 0 0 52 85256570 23791129 0 0 0 0 0 45105008 2119 0 0 
0 0 0 0 0 0 0 0 0 0 0 0 0 0 0 0 0 0 0 0 0 0 0 3 120717 0 0 22 0 0 398 52 0 108809175 0 0 0 0 0 45076120 0 0 2094 0 
0 0 0 0 0 0 0 0 0 0 0 0 0 0 0 0 0 0 0 0 0 0 0 3 0 120717 120678 0 0 404 0 0 52 85256570 23791134 0 0 0 0 0 45105009 2119 0 0 
0 0 0 0 0 0 0 0 0 0 0 0 0 0 0 0 0 0 0 0 0 0 0 3 120717 0 0 22 0 0 398 52 0 108809175 0 0 0 0 0 45076120 0 0 2094 0 
0 0 0 0 0 0 0 0 0 0 0 0 0 0 0 0 0 0 0 0 0 0 0 3 0 120717 120678 0 0 404 0 0 52 85256570 23791134 0 0 0 0 0 45105009 2119 0 0 
0 0 0 0 0 0 0 0 0 0 0 0 0 0 0 0 0 0 0 0 0 0 0 3 120717 0 0 22 0 0 398 52 0 108809175 0 0 0 0 0 45076120 0 0 2094 0 
0 0 0 0 0 0 0 0 0 0 0 0 0 0 0 0 0 0 0 0 0 0 0 3 0 120717 120678 0 0 404 0 0 52 85256570 23791134 0 0 0 0 0 45105009 2119 0 0 
0 0 0 0 0 0 0 0 0 0 0 0 0 0 0 0 0 0 0 0 0 0 0 3 120717 0 0 22 0 0 398 52 0 108809175 0 0 0 0 0 45076120 0 0 2094 0 
0 0 0 0 0 0 0 0 0 0 0 0 0 0 0 0 0 0 0 0 0 0 0 3 0 120717 120678 0 0 404 0 0 52 85256570 23791134 0 0 0 0 0 45105009 2119 0 0 
0 0 0 0 0 0 0 0 0 0 0 0 0 0 0 0 0 0 0 0 0 0 0 3 120717 0 0 22 0 0 398 52 0 108809175 0 0 0 0 0 45076120 0 0 2094 0 
0 0 0 0 0 0 0 0 0 0 0 0 0 0 0 0 0 0 0 0 0 0 0 3 0 120717 120678 0 0 404 0 0 52 85256570 23791134 0 0 0 0 0 45105009 2119 0 0 
0 0 0 0 0 0 0 0 0 0 0 0 0 0 0 0 0 0 0 0 0 0 0 3 120717 0 0 22 0 0 398 52 0 108809175 0 0 0 0 0 45076120 0 0 2094 0 
0 0 0 0 0 0 0 0 0 0 0 0 0 0 0 0 0 0 0 0 0 0 0 3 0 120717 120678 0 0 404 0 0 52 85256570 23791134 0 0 0 0 0 45105009 2119 0 0 
0 0 0 0 0 0 0 0 0 0 0 0 0 0 0 0 0 0 0 0 0 0 0 3 120717 0 0 22 0 0 398 52 0 108809175 0 0 0 0 0 45076120 0 0 2094 0 
0 0 0 0 0 0 0 0 0 0 0 0 0 0 0 0 0 0 0 0 0 0 0 3 0 120717 120678 0 0 404 0 0 52 85256570 23791134 0 0 0 0 0 45105009 2119 0 0 
0 0 0 0 0 0 0 0 0 0 0 0 0 0 0 0 0 0 0 0 0 0 0 3 120717 0 0 22 0 0 398 52 0 108809175 0 0 0 0 0 45076120 0 0 2094 0 
0 0 0 0 0 0 0 0 0 0 0 0 0 0 0 0 0 0 0 0 0 0 0 3 0 120717 120678 0 0 404 0 0 52 85256570 23791134 0 0 0 0 0 45105009 2119 0 0 
0 0 0 0 0 0 0 0 0 0 0 0 0 0 0 0 0 0 0 0 0 0 0 3 120717 0 0 22 0 0 398 52 0 108809175 0 0 0 0 0 45076120 0 0 2094 0 
0 0 0 0 0 0 0 0 0 0 0 0 0 0 0 0 0 0 0 0 0 0 0 3 0 120717 120678 0 0 404 0 0 52 85256570 23791134 0 0 0 0 0 45105009 2119 0 0 
0 0 0 0 0 0 0 0 0 0 0 0 0 0 0 0 0 0 0 0 0 0 0 3 120717 0 0 22 0 0 398 52 0 108809175 0 0 0 0 0 45076120 0 0 2094 0 
0 0 0 0 0 0 0 0 0 0 0 0 0 0 0 0 0 0 0 0 0 0 0 3 0 120717 120678 0 0 404 0 0 52 85256570 23791134 0 0 0 0 0 45105009 2119 0 0 
0 0 0 0 0 0 0 0 0 0 0 0 0 0 0 0 0 0 0 0 0 0 0 3 120717 0 0 22 0 0 398 52 0 108809175 0 0 0 0 0 45076120 0 0 2094 0 
0 0 0 0 0 0 0 0 0 0 0 0 0 0 0 0 0 0 0 0 0 0 0 3 0 120717 120678 0 0 404 0 0 52 85256570 23791134 0 0 0 0 0 45105009 2119 0 0 
0 0 0 0 0 0 0 0 0 0 0 0 0 0 0 0 0 0 0 0 0 0 0 3 120717 0 0 22 0 0 398 52 0 108809175 0 0 0 0 0 45076120 0 0 2094 0 
0 0 0 0 0 0 0 0 0 0 0 0 0 0 0 0 0 0 0 0 0 0 0 3 0 120717 120678 0 0 404 0 0 52 85256570 23791134 0 0 0 0 0 45105009 2119 0 0 
