0 0 0 0 0 0 0 0 0 0 0 0 0 0 0 0 0 0 0 0 0 0 0 3 0 40106 40099 0 0 119 0 0 15 33050440 0 0 0 0 0 0 13518600 712 0 0 
0 0 0 0 0 0 0 0 0 0 0 0 0 0 0 0 0 0 0 0 0 0 0 3 40105 0 0 6 0 0 119 15 0 7247600 14761911 11039445 0 0 0 13520202 0 0 712 0 
0 0 0 0 0 0 0 0 0 0 0 0 0 0 0 0 0 0 0 0 0 0 0 3 0 40106 40099 0 0 119 0 0 15 33050440 0 0 0 0 0 0 13518600 712 0 0 
0 0 0 0 0 0 0 0 0 0 0 0 0 0 0 0 0 0 0 0 0 0 0 3 40105 0 0 6 0 0 119 15 0 7247600 14761911 11039445 0 0 0 13520202 0 0 712 0 
0 0 0 0 0 0 0 0 0 0 0 0 0 0 0 0 0 0 0 0 0 0 0 3 0 40106 40099 0 0 119 0 0 15 33050440 0 0 0 0 0 0 13518600 712 0 0 
0 0 0 0 0 0 0 0 0 0 0 0 0 0 0 0 0 0 0 0 0 0 0 3 40105 0 0 6 0 0 119 15 0 7247600 14761911 11039445 0 0 0 13520202 0 0 712 0 
0 0 0 0 0 0 0 0 0 0 0 0 0 0 0 0 0 0 0 0 0 0 0 3 0 40106 40099 0 0 119 0 0 15 33050440 0 0 0 0 0 0 13518600 712 0 0 
0 0 0 0 0 0 0 0 0 0 0 0 0 0 0 0 0 0 0 0 0 0 0 3 40105 0 0 6 0 0 119 15 0 7247600 14761911 11039445 0 0 0 13520202 0 0 712 0 
0 0 0 0 0 0 0 0 0 0 0 0 0 0 0 0 0 0 0 0 0 0 0 3 0 40106 40099 0 0 119 0 0 15 33050440 0 0 0 0 0 0 13518600 712 0 0 
0 0 0 0 0 0 0 0 0 0 0 0 0 0 0 0 0 0 0 0 0 0 0 3 40105 0 0 6 0 0 119 15 0 7247600 14761911 11039445 0 0 0 13520202 0 0 712 0 
0 0 0 0 0 0 0 0 0 0 0 0 0 0 0 0 0 0 0 0 0 0 0 3 0 40106 40099 0 0 119 0 0 15 33050440 0 0 0 0 0 0 13518600 712 0 0 
0 0 0 0 0 0 0 0 0 0 0 0 0 0 0 0 0 0 0 0 0 0 0 3 40105 0 0 6 0 0 119 15 0 7247600 14761911 11039445 0 0 0 13520202 0 0 712 0 
0 0 0 0 0 0 0 0 0 0 0 0 0 0 0 0 0 0 0 0 0 0 0 3 0 40106 40099 0 0 119 0 0 15 33050440 0 0 0 0 0 0 13518600 712 0 0 
0 0 0 0 0 0 0 0 0 0 0 0 0 0 0 0 0 0 0 0 0 0 0 3 40105 0 0 6 0 0 119 15 0 7247600 14761911 11039445 0 0 0 13520202 0 0 712 0 
====>
0 0 0 0 0 0 0 0 0 0 0 0 0 0 0 0 0 0 0 0 0 0 0 3 0 40106 40103 0 0 127 0 0 15 33051981 0 0 0 0 0 0 13519068 712 0 0 
0 0 0 0 0 0 0 0 0 0 0 0 0 0 0 0 0 0 0 0 0 0 0 3 40109 0 0 6 0 0 127 15 0 7247600 14763413 11039484 0 0 0 13520670 0 0 712 0 
0 0 0 0 0 0 0 0 0 0 0 0 0 0 0 0 0 0 0 0 0 0 0 3 0 40106 40103 0 0 127 0 0 15 33052896 0 0 0 0 0 0 13519877 712 0 0 
0 0 0 0 0 0 0 0 0 0 0 0 0 0 0 0 0 0 0 0 0 0 0 3 40109 0 0 6 0 0 127 15 0 7247600 14764222 11039590 0 0 0 13521479 0 0 712 0 
0 0 0 0 0 0 0 0 0 0 0 0 0 0 0 0 0 0 0 0 0 0 0 3 0 40106 40103 0 0 127 0 0 15 33053702 0 0 0 0 0 0 13520605 712 0 0 
0 0 0 0 0 0 0 0 0 0 0 0 0 0 0 0 0 0 0 0 0 0 0 3 40109 0 0 6 0 0 127 15 0 7247600 14764950 11039668 0 0 0 13522207 0 0 712 0 
0 0 0 0 0 0 0 0 0 0 0 0 0 0 0 0 0 0 0 0 0 0 0 3 0 40106 40103 0 0 127 0 0 15 33054512 0 0 0 0 0 0 13521349 712 0 0 
0 0 0 0 0 0 0 0 0 0 0 0 0 0 0 0 0 0 0 0 0 0 0 3 40109 0 0 6 0 0 127 15 0 7247600 14765694 11039734 0 0 0 13522951 0 0 712 0 
0 0 0 0 0 0 0 0 0 0 0 0 0 0 0 0 0 0 0 0 0 0 0 3 0 40106 40103 0 0 127 0 0 15 33055354 0 0 0 0 0 0 13522122 712 0 0 
0 0 0 0 0 0 0 0 0 0 0 0 0 0 0 0 0 0 0 0 0 0 0 3 40109 0 0 6 0 0 127 15 0 7247600 14766467 11039803 0 0 0 13523724 0 0 712 0 
0 0 0 0 0 0 0 0 0 0 0 0 0 0 0 0 0 0 0 0 0 0 0 3 0 40106 40103 0 0 127 0 0 15 33056204 0 0 0 0 0 0 13522911 712 0 0 
0 0 0 0 0 0 0 0 0 0 0 0 0 0 0 0 0 0 0 0 0 0 0 3 40109 0 0 6 0 0 127 15 0 7247600 14767256 11039864 0 0 0 13524513 0 0 712 0 
0 0 0 0 0 0 0 0 0 0 0 0 0 0 0 0 0 0 0 0 0 0 0 3 0 40106 40103 0 0 127 0 0 15 33057013 0 0 0 0 0 0 13523670 712 0 0 
0 0 0 0 0 0 0 0 0 0 0 0 0 0 0 0 0 0 0 0 0 0 0 3 40109 0 0 6 0 0 127 15 0 7247600 14768015 11039914 0 0 0 13525272 0 0 712 0 
0 0 0 0 0 0 0 0 0 0 0 0 0 0 0 0 0 0 0 0 0 0 0 3 0 40106 40103 0 0 127 0 0 15 33057812 0 0 0 0 0 0 13524423 712 0 0 
0 0 0 0 0 0 0 0 0 0 0 0 0 0 0 0 0 0 0 0 0 0 0 3 40109 0 0 6 0 0 127 15 0 7247600 14768768 11039960 0 0 0 13526025 0 0 712 0 
0 0 0 0 0 0 0 0 0 0 0 0 0 0 0 0 0 0 0 0 0 0 0 3 0 40106 40103 0 0 127 0 0 15 33058610 0 0 0 0 0 0 13525184 712 0 0 
0 0 0 0 0 0 0 0 0 0 0 0 0 0 0 0 0 0 0 0 0 0 0 3 40109 0 0 6 0 0 127 15 0 7247600 14769529 11039997 0 0 0 13526786 0 0 712 0 
0 0 0 0 0 0 0 0 0 0 0 0 0 0 0 0 0 0 0 0 0 0 0 3 0 40106 40103 0 0 127 0 0 15 33059443 0 0 0 0 0 0 13525966 712 0 0 
0 0 0 0 0 0 0 0 0 0 0 0 0 0 0 0 0 0 0 0 0 0 0 3 40109 0 0 6 0 0 127 15 0 7247600 14770311 11040048 0 0 0 13527568 0 0 712 0 
0 0 0 0 0 0 0 0 0 0 0 0 0 0 0 0 0 0 0 0 0 0 0 3 0 40106 40103 0 0 127 0 0 15 33060284 0 0 0 0 0 0 13526744 712 0 0 
0 0 0 0 0 0 0 0 0 0 0 0 0 0 0 0 0 0 0 0 0 0 0 3 40109 0 0 6 0 0 127 15 0 7247600 14771088 11040112 0 0 0 13528346 0 0 712 0 
<====
0 0 0 0 0 0 0 0 0 0 0 0 0 0 0 0 0 0 0 0 0 0 0 3 0 40110 40103 0 0 127 0 0 15 33060347 0 0 0 0 0 0 13526782 712 0 0 
0 0 0 0 0 0 0 0 0 0 0 0 0 0 0 0 0 0 0 0 0 0 0 3 40109 0 0 7 0 0 127 15 0 7247618 14771126 11040120 0 0 0 13528384 0 0 712 0 
0 0 0 0 0 0 0 0 0 0 0 0 0 0 0 0 0 0 0 0 0 0 0 3 0 40110 40103 0 0 127 0 0 15 33060347 0 0 0 0 0 0 13526782 712 0 0 
0 0 0 0 0 0 0 0 0 0 0 0 0 0 0 0 0 0 0 0 0 0 0 3 40109 0 0 7 0 0 127 15 0 7247618 14771126 11040120 0 0 0 13528384 0 0 712 0 
0 0 0 0 0 0 0 0 0 0 0 0 0 0 0 0 0 0 0 0 0 0 0 3 0 40110 40103 0 0 127 0 0 15 33060347 0 0 0 0 0 0 13526782 712 0 0 
0 0 0 0 0 0 0 0 0 0 0 0 0 0 0 0 0 0 0 0 0 0 0 3 40109 0 0 7 0 0 127 15 0 7247618 14771126 11040120 0 0 0 13528384 0 0 712 0 
0 0 0 0 0 0 0 0 0 0 0 0 0 0 0 0 0 0 0 0 0 0 0 3 0 40110 40103 0 0 127 0 0 15 33060347 0 0 0 0 0 0 13526782 712 0 0 
0 0 0 0 0 0 0 0 0 0 0 0 0 0 0 0 0 0 0 0 0 0 0 3 40109 0 0 7 0 0 127 15 0 7247618 14771126 11040120 0 0 0 13528384 0 0 712 0 
0 0 0 0 0 0 0 0 0 0 0 0 0 0 0 0 0 0 0 0 0 0 0 3 0 40110 40103 0 0 127 0 0 15 33060347 0 0 0 0 0 0 13526782 712 0 0 
0 0 0 0 0 0 0 0 0 0 0 0 0 0 0 0 0 0 0 0 0 0 0 3 40109 0 0 7 0 0 127 15 0 7247618 14771126 11040120 0 0 0 13528384 0 0 712 0 
