0 0 0 0 0 0 0 0 0 0 0 0 0 0 0 0 0 0 0 0 0 0 0 3 0 27996 27998 0 0 98 0 0 15 25998550 0 0 0 0 0 0 9249327 694 0 0 
0 0 0 0 0 0 0 0 0 0 0 0 0 0 0 0 0 0 0 0 0 0 0 3 27997 0 0 6 0 0 98 15 0 6308295 10758906 8928485 0 0 0 9250424 0 0 694 0 
0 0 0 0 0 0 0 0 0 0 0 0 0 0 0 0 0 0 0 0 0 0 0 3 0 27996 27998 0 0 98 0 0 15 25998550 0 0 0 0 0 0 9249327 694 0 0 
0 0 0 0 0 0 0 0 0 0 0 0 0 0 0 0 0 0 0 0 0 0 0 3 27997 0 0 6 0 0 98 15 0 6308295 10758906 8928485 0 0 0 9250424 0 0 694 0 
0 0 0 0 0 0 0 0 0 0 0 0 0 0 0 0 0 0 0 0 0 0 0 3 0 27996 27998 0 0 98 0 0 15 25998550 0 0 0 0 0 0 9249327 694 0 0 
0 0 0 0 0 0 0 0 0 0 0 0 0 0 0 0 0 0 0 0 0 0 0 3 27997 0 0 6 0 0 98 15 0 6308295 10758906 8928485 0 0 0 9250424 0 0 694 0 
0 0 0 0 0 0 0 0 0 0 0 0 0 0 0 0 0 0 0 0 0 0 0 3 0 27996 27998 0 0 98 0 0 15 25998550 0 0 0 0 0 0 9249327 694 0 0 
0 0 0 0 0 0 0 0 0 0 0 0 0 0 0 0 0 0 0 0 0 0 0 3 27997 0 0 6 0 0 98 15 0 6308295 10758906 8928485 0 0 0 9250424 0 0 694 0 
0 0 0 0 0 0 0 0 0 0 0 0 0 0 0 0 0 0 0 0 0 0 0 3 0 27996 27998 0 0 98 0 0 15 25998550 0 0 0 0 0 0 9249327 694 0 0 
0 0 0 0 0 0 0 0 0 0 0 0 0 0 0 0 0 0 0 0 0 0 0 3 27997 0 0 6 0 0 98 15 0 6308295 10758906 8928485 0 0 0 9250424 0 0 694 0 
0 0 0 0 0 0 0 0 0 0 0 0 0 0 0 0 0 0 0 0 0 0 0 3 0 27996 27998 0 0 98 0 0 15 25998550 0 0 0 0 0 0 9249327 694 0 0 
0 0 0 0 0 0 0 0 0 0 0 0 0 0 0 0 0 0 0 0 0 0 0 3 27997 0 0 6 0 0 98 15 0 6308295 10758906 8928485 0 0 0 9250424 0 0 694 0 
0 0 0 0 0 0 0 0 0 0 0 0 0 0 0 0 0 0 0 0 0 0 0 3 0 27996 27998 0 0 98 0 0 15 25998550 0 0 0 0 0 0 9249327 694 0 0 
0 0 0 0 0 0 0 0 0 0 0 0 0 0 0 0 0 0 0 0 0 0 0 3 27997 0 0 6 0 0 98 15 0 6308295 10758906 8928485 0 0 0 9250424 0 0 694 0 
====>
0 0 0 0 0 0 0 0 0 0 0 0 0 0 0 0 0 0 0 0 0 0 0 3 0 27996 28002 0 0 106 0 0 15 26000221 0 0 0 0 0 0 9249940 694 0 0 
0 0 0 0 0 0 0 0 0 0 0 0 0 0 0 0 0 0 0 0 0 0 0 3 28001 0 0 6 0 0 106 15 0 6308295 10760553 8928509 0 0 0 9251037 0 0 694 0 
0 0 0 0 0 0 0 0 0 0 0 0 0 0 0 0 0 0 0 0 0 0 0 3 0 27996 28002 0 0 106 0 0 15 26001105 0 0 0 0 0 0 9250723 694 0 0 
0 0 0 0 0 0 0 0 0 0 0 0 0 0 0 0 0 0 0 0 0 0 0 3 28001 0 0 6 0 0 106 15 0 6308295 10761336 8928610 0 0 0 9251820 0 0 694 0 
0 0 0 0 0 0 0 0 0 0 0 0 0 0 0 0 0 0 0 0 0 0 0 3 0 27996 28002 0 0 106 0 0 15 26001930 0 0 0 0 0 0 9251499 694 0 0 
0 0 0 0 0 0 0 0 0 0 0 0 0 0 0 0 0 0 0 0 0 0 0 3 28001 0 0 6 0 0 106 15 0 6308295 10762112 8928659 0 0 0 9252596 0 0 694 0 
0 0 0 0 0 0 0 0 0 0 0 0 0 0 0 0 0 0 0 0 0 0 0 3 0 27996 28002 0 0 106 0 0 15 26002756 0 0 0 0 0 0 9252268 694 0 0 
0 0 0 0 0 0 0 0 0 0 0 0 0 0 0 0 0 0 0 0 0 0 0 3 28001 0 0 6 0 0 106 15 0 6308295 10762881 8928716 0 0 0 9253365 0 0 694 0 
0 0 0 0 0 0 0 0 0 0 0 0 0 0 0 0 0 0 0 0 0 0 0 3 0 27996 28002 0 0 106 0 0 15 26003569 0 0 0 0 0 0 9253010 694 0 0 
0 0 0 0 0 0 0 0 0 0 0 0 0 0 0 0 0 0 0 0 0 0 0 3 28001 0 0 6 0 0 106 15 0 6308295 10763624 8928786 0 0 0 9254107 0 0 694 0 
0 0 0 0 0 0 0 0 0 0 0 0 0 0 0 0 0 0 0 0 0 0 0 3 0 27996 28002 0 0 106 0 0 15 26004411 0 0 0 0 0 0 9253787 694 0 0 
0 0 0 0 0 0 0 0 0 0 0 0 0 0 0 0 0 0 0 0 0 0 0 3 28001 0 0 6 0 0 106 15 0 6308295 10764401 8928851 0 0 0 9254884 0 0 694 0 
0 0 0 0 0 0 0 0 0 0 0 0 0 0 0 0 0 0 0 0 0 0 0 3 0 27996 28002 0 0 106 0 0 15 26005221 0 0 0 0 0 0 9254544 694 0 0 
0 0 0 0 0 0 0 0 0 0 0 0 0 0 0 0 0 0 0 0 0 0 0 3 28001 0 0 6 0 0 106 15 0 6308295 10765158 8928904 0 0 0 9255641 0 0 694 0 
0 0 0 0 0 0 0 0 0 0 0 0 0 0 0 0 0 0 0 0 0 0 0 3 0 27996 28002 0 0 106 0 0 15 26006031 0 0 0 0 0 0 9255302 694 0 0 
0 0 0 0 0 0 0 0 0 0 0 0 0 0 0 0 0 0 0 0 0 0 0 3 28001 0 0 6 0 0 106 15 0 6308295 10765916 8928956 0 0 0 9256399 0 0 694 0 
0 0 0 0 0 0 0 0 0 0 0 0 0 0 0 0 0 0 0 0 0 0 0 3 0 27996 28002 0 0 106 0 0 15 26006832 0 0 0 0 0 0 9256052 694 0 0 
0 0 0 0 0 0 0 0 0 0 0 0 0 0 0 0 0 0 0 0 0 0 0 3 28001 0 0 6 0 0 106 15 0 6308295 10766666 8929007 0 0 0 9257149 0 0 694 0 
0 0 0 0 0 0 0 0 0 0 0 0 0 0 0 0 0 0 0 0 0 0 0 3 0 27996 28002 0 0 106 0 0 15 26007675 0 0 0 0 0 0 9256830 694 0 0 
0 0 0 0 0 0 0 0 0 0 0 0 0 0 0 0 0 0 0 0 0 0 0 3 28001 0 0 6 0 0 106 15 0 6308295 10767444 8929072 0 0 0 9257927 0 0 694 0 
0 0 0 0 0 0 0 0 0 0 0 0 0 0 0 0 0 0 0 0 0 0 0 3 0 27999 28002 0 0 106 0 0 15 26008498 0 0 0 0 0 0 9257577 694 0 0 
0 0 0 0 0 0 0 0 0 0 0 0 0 0 0 0 0 0 0 0 0 0 0 3 28001 0 0 6 0 0 106 15 0 6308304 10768192 8929138 0 0 0 9258674 0 0 694 0 
<====
0 0 0 0 0 0 0 0 0 0 0 0 0 0 0 0 0 0 0 0 0 0 0 3 0 28000 28002 0 0 106 0 0 15 26008509 0 0 0 0 0 0 9257581 694 0 0 
0 0 0 0 0 0 0 0 0 0 0 0 0 0 0 0 0 0 0 0 0 0 0 3 28001 0 0 7 0 0 106 15 0 6308311 10768195 8929139 0 0 0 9258678 0 0 694 0 
0 0 0 0 0 0 0 0 0 0 0 0 0 0 0 0 0 0 0 0 0 0 0 3 0 28000 28002 0 0 106 0 0 15 26008509 0 0 0 0 0 0 9257581 694 0 0 
0 0 0 0 0 0 0 0 0 0 0 0 0 0 0 0 0 0 0 0 0 0 0 3 28001 0 0 7 0 0 106 15 0 6308311 10768195 8929139 0 0 0 9258678 0 0 694 0 
0 0 0 0 0 0 0 0 0 0 0 0 0 0 0 0 0 0 0 0 0 0 0 3 0 28000 28002 0 0 106 0 0 15 26008509 0 0 0 0 0 0 9257581 694 0 0 
0 0 0 0 0 0 0 0 0 0 0 0 0 0 0 0 0 0 0 0 0 0 0 3 28001 0 0 7 0 0 106 15 0 6308311 10768195 8929139 0 0 0 9258678 0 0 694 0 
0 0 0 0 0 0 0 0 0 0 0 0 0 0 0 0 0 0 0 0 0 0 0 3 0 28000 28002 0 0 106 0 0 15 26008509 0 0 0 0 0 0 9257581 694 0 0 
0 0 0 0 0 0 0 0 0 0 0 0 0 0 0 0 0 0 0 0 0 0 0 3 28001 0 0 7 0 0 106 15 0 6308311 10768195 8929139 0 0 0 9258678 0 0 694 0 
0 0 0 0 0 0 0 0 0 0 0 0 0 0 0 0 0 0 0 0 0 0 0 3 0 28000 28002 0 0 106 0 0 15 26008509 0 0 0 0 0 0 9257581 694 0 0 
0 0 0 0 0 0 0 0 0 0 0 0 0 0 0 0 0 0 0 0 0 0 0 3 28001 0 0 7 0 0 106 15 0 6308311 10768195 8929139 0 0 0 9258678 0 0 694 0 
