0 0 0 0 0 0 0 0 0 0 0 0 0 0 0 0 0 0 0 0 0 0 0 3 120337 0 0 19 0 0 356 52 0 102327895 0 0 0 0 0 42186727 0 0 2094 0 
0 0 0 0 0 0 0 0 0 0 0 0 0 0 0 0 0 0 0 0 0 0 0 3 120337 0 0 19 0 0 356 52 0 102327895 0 0 0 0 0 42186727 0 0 2094 0 
0 0 0 0 0 0 0 0 0 0 0 0 0 0 0 0 0 0 0 0 0 0 0 3 120337 0 0 19 0 0 356 52 0 102327895 0 0 0 0 0 42186727 0 0 2094 0 
0 0 0 0 0 0 0 0 0 0 0 0 0 0 0 0 0 0 0 0 0 0 0 3 120337 0 0 19 0 0 356 52 0 102327895 0 0 0 0 0 42186727 0 0 2094 0 
0 0 0 0 0 0 0 0 0 0 0 0 0 0 0 0 0 0 0 0 0 0 0 3 120337 0 0 19 0 0 356 52 0 102327895 0 0 0 0 0 42186727 0 0 2094 0 
0 0 0 0 0 0 0 0 0 0 0 0 0 0 0 0 0 0 0 0 0 0 0 3 120337 0 0 19 0 0 356 52 0 102327895 0 0 0 0 0 42186727 0 0 2094 0 
0 0 0 0 0 0 0 0 0 0 0 0 0 0 0 0 0 0 0 0 0 0 0 3 120337 0 0 19 0 0 356 52 0 102327895 0 0 0 0 0 42186727 0 0 2094 0 
0 0 0 0 0 0 0 0 0 0 0 0 0 0 0 0 0 0 0 0 0 0 0 3 120349 0 0 19 0 0 379 52 0 102332435 0 0 0 0 0 42188071 0 0 2094 0 
0 0 0 0 0 0 0 0 0 0 0 0 0 0 0 0 0 0 0 0 0 0 0 3 120349 0 0 19 0 0 379 52 0 102335001 0 0 0 0 0 42190372 0 0 2094 0 
0 0 0 0 0 0 0 0 0 0 0 0 0 0 0 0 0 0 0 0 0 0 0 3 120349 0 0 19 0 0 379 52 0 102337547 0 0 0 0 0 42192707 0 0 2094 0 
0 0 0 0 0 0 0 0 0 0 0 0 0 0 0 0 0 0 0 0 0 0 0 3 120349 0 0 19 0 0 379 52 0 102339896 0 0 0 0 0 42194908 0 0 2094 0 
0 0 0 0 0 0 0 0 0 0 0 0 0 0 0 0 0 0 0 0 0 0 0 3 120349 0 0 19 0 0 379 52 0 102342403 0 0 0 0 0 42197221 0 0 2094 0 
0 0 0 0 0 0 0 0 0 0 0 0 0 0 0 0 0 0 0 0 0 0 0 3 120349 0 0 19 0 0 379 52 0 102344875 0 0 0 0 0 42199489 0 0 2094 0 
0 0 0 0 0 0 0 0 0 0 0 0 0 0 0 0 0 0 0 0 0 0 0 3 120349 0 0 19 0 0 379 52 0 102347283 0 0 0 0 0 42201723 0 0 2094 0 
0 0 0 0 0 0 0 0 0 0 0 0 0 0 0 0 0 0 0 0 0 0 0 3 120349 0 0 19 0 0 379 52 0 102349699 0 0 0 0 0 42204012 0 0 2094 0 
0 0 0 0 0 0 0 0 0 0 0 0 0 0 0 0 0 0 0 0 0 0 0 3 120349 0 0 19 0 0 379 52 0 102352121 0 0 0 0 0 42206271 0 0 2094 0 
0 0 0 0 0 0 0 0 0 0 0 0 0 0 0 0 0 0 0 0 0 0 0 3 120349 0 0 19 0 0 379 52 0 102354567 0 0 0 0 0 42208558 0 0 2094 0 
0 0 0 0 0 0 0 0 0 0 0 0 0 0 0 0 0 0 0 0 0 0 0 3 120349 0 0 19 0 0 379 52 0 102357017 0 0 0 0 0 42210786 0 0 2094 0 
0 0 0 0 0 0 0 0 0 0 0 0 0 0 0 0 0 0 0 0 0 0 0 3 120349 0 0 22 0 0 379 52 0 102357570 0 0 0 0 0 42211234 0 0 2094 0 
0 0 0 0 0 0 0 0 0 0 0 0 0 0 0 0 0 0 0 0 0 0 0 3 120349 0 0 22 0 0 379 52 0 102357570 0 0 0 0 0 42211234 0 0 2094 0 
0 0 0 0 0 0 0 0 0 0 0 0 0 0 0 0 0 0 0 0 0 0 0 3 120349 0 0 22 0 0 379 52 0 102357570 0 0 0 0 0 42211234 0 0 2094 0 
0 0 0 0 0 0 0 0 0 0 0 0 0 0 0 0 0 0 0 0 0 0 0 3 120349 0 0 22 0 0 379 52 0 102357570 0 0 0 0 0 42211234 0 0 2094 0 
0 0 0 0 0 0 0 0 0 0 0 0 0 0 0 0 0 0 0 0 0 0 0 3 120349 0 0 22 0 0 379 52 0 102357570 0 0 0 0 0 42211234 0 0 2094 0 
