0 0 0 0 0 0 0 0 0 0 0 0 0 0 0 0 0 0 0 0 0 0 0 3 0 52210 52206 0 0 143 0 0 22 43543741 0 0 0 0 0 0 19453882 713 0 0 
0 0 0 0 0 0 0 0 0 0 0 0 0 0 0 0 0 0 0 0 0 0 0 3 52206 0 0 7 0 0 144 22 0 8792696 20522466 14226416 0 0 0 19456083 0 0 713 0 
0 0 0 0 0 0 0 0 0 0 0 0 0 0 0 0 0 0 0 0 0 0 0 3 0 52210 52206 0 0 143 0 0 22 43543741 0 0 0 0 0 0 19453882 713 0 0 
0 0 0 0 0 0 0 0 0 0 0 0 0 0 0 0 0 0 0 0 0 0 0 3 52206 0 0 7 0 0 144 22 0 8792696 20522466 14226416 0 0 0 19456083 0 0 713 0 
0 0 0 0 0 0 0 0 0 0 0 0 0 0 0 0 0 0 0 0 0 0 0 3 0 52210 52206 0 0 143 0 0 22 43543741 0 0 0 0 0 0 19453882 713 0 0 
0 0 0 0 0 0 0 0 0 0 0 0 0 0 0 0 0 0 0 0 0 0 0 3 52206 0 0 7 0 0 144 22 0 8792696 20522466 14226416 0 0 0 19456083 0 0 713 0 
0 0 0 0 0 0 0 0 0 0 0 0 0 0 0 0 0 0 0 0 0 0 0 3 0 52210 52206 0 0 143 0 0 22 43543741 0 0 0 0 0 0 19453882 713 0 0 
0 0 0 0 0 0 0 0 0 0 0 0 0 0 0 0 0 0 0 0 0 0 0 3 52206 0 0 7 0 0 144 22 0 8792696 20522466 14226416 0 0 0 19456083 0 0 713 0 
0 0 0 0 0 0 0 0 0 0 0 0 0 0 0 0 0 0 0 0 0 0 0 3 0 52210 52206 0 0 143 0 0 22 43543741 0 0 0 0 0 0 19453882 713 0 0 
0 0 0 0 0 0 0 0 0 0 0 0 0 0 0 0 0 0 0 0 0 0 0 3 52206 0 0 7 0 0 144 22 0 8792696 20522466 14226416 0 0 0 19456083 0 0 713 0 
0 0 0 0 0 0 0 0 0 0 0 0 0 0 0 0 0 0 0 0 0 0 0 3 0 52210 52206 0 0 143 0 0 22 43543741 0 0 0 0 0 0 19453882 713 0 0 
0 0 0 0 0 0 0 0 0 0 0 0 0 0 0 0 0 0 0 0 0 0 0 3 52206 0 0 7 0 0 144 22 0 8792696 20522466 14226416 0 0 0 19456083 0 0 713 0 
0 0 0 0 0 0 0 0 0 0 0 0 0 0 0 0 0 0 0 0 0 0 0 3 0 52210 52206 0 0 143 0 0 22 43543741 0 0 0 0 0 0 19453882 713 0 0 
0 0 0 0 0 0 0 0 0 0 0 0 0 0 0 0 0 0 0 0 0 0 0 3 52206 0 0 7 0 0 144 22 0 8792696 20522466 14226416 0 0 0 19456083 0 0 713 0 
====>
0 0 0 0 0 0 0 0 0 0 0 0 0 0 0 0 0 0 0 0 0 0 0 3 0 52210 52210 0 0 151 0 0 22 43545384 0 0 0 0 0 0 19454428 713 0 0 
0 0 0 0 0 0 0 0 0 0 0 0 0 0 0 0 0 0 0 0 0 0 0 3 52210 0 0 7 0 0 152 22 0 8792696 20524046 14226479 0 0 0 19456629 0 0 713 0 
0 0 0 0 0 0 0 0 0 0 0 0 0 0 0 0 0 0 0 0 0 0 0 3 0 52210 52210 0 0 151 0 0 22 43546238 0 0 0 0 0 0 19455197 713 0 0 
0 0 0 0 0 0 0 0 0 0 0 0 0 0 0 0 0 0 0 0 0 0 0 3 52210 0 0 7 0 0 152 22 0 8792696 20524815 14226564 0 0 0 19457398 0 0 713 0 
0 0 0 0 0 0 0 0 0 0 0 0 0 0 0 0 0 0 0 0 0 0 0 3 0 52210 52210 0 0 151 0 0 22 43547071 0 0 0 0 0 0 19455978 713 0 0 
0 0 0 0 0 0 0 0 0 0 0 0 0 0 0 0 0 0 0 0 0 0 0 3 52210 0 0 7 0 0 152 22 0 8792696 20525596 14226616 0 0 0 19458179 0 0 713 0 
0 0 0 0 0 0 0 0 0 0 0 0 0 0 0 0 0 0 0 0 0 0 0 3 0 52210 52210 0 0 151 0 0 22 43547764 0 0 0 0 0 0 19456648 713 0 0 
0 0 0 0 0 0 0 0 0 0 0 0 0 0 0 0 0 0 0 0 0 0 0 3 52210 0 0 7 0 0 152 22 0 8792696 20526266 14226639 0 0 0 19458849 0 0 713 0 
0 0 0 0 0 0 0 0 0 0 0 0 0 0 0 0 0 0 0 0 0 0 0 3 0 52210 52210 0 0 151 0 0 22 43548594 0 0 0 0 0 0 19457416 713 0 0 
0 0 0 0 0 0 0 0 0 0 0 0 0 0 0 0 0 0 0 0 0 0 0 3 52210 0 0 7 0 0 152 22 0 8792696 20527034 14226701 0 0 0 19459617 0 0 713 0 
0 0 0 0 0 0 0 0 0 0 0 0 0 0 0 0 0 0 0 0 0 0 0 3 0 52210 52210 0 0 151 0 0 22 43549449 0 0 0 0 0 0 19458189 713 0 0 
0 0 0 0 0 0 0 0 0 0 0 0 0 0 0 0 0 0 0 0 0 0 0 3 52210 0 0 7 0 0 152 22 0 8792696 20527807 14226783 0 0 0 19460390 0 0 713 0 
0 0 0 0 0 0 0 0 0 0 0 0 0 0 0 0 0 0 0 0 0 0 0 3 0 52210 52210 0 0 151 0 0 22 43550198 0 0 0 0 0 0 19458882 713 0 0 
0 0 0 0 0 0 0 0 0 0 0 0 0 0 0 0 0 0 0 0 0 0 0 3 52210 0 0 7 0 0 152 22 0 8792696 20528500 14226839 0 0 0 19461083 0 0 713 0 
0 0 0 0 0 0 0 0 0 0 0 0 0 0 0 0 0 0 0 0 0 0 0 3 0 52210 52210 0 0 151 0 0 22 43551011 0 0 0 0 0 0 19459644 713 0 0 
0 0 0 0 0 0 0 0 0 0 0 0 0 0 0 0 0 0 0 0 0 0 0 3 52210 0 0 7 0 0 152 22 0 8792696 20529262 14226890 0 0 0 19461845 0 0 713 0 
0 0 0 0 0 0 0 0 0 0 0 0 0 0 0 0 0 0 0 0 0 0 0 3 0 52210 52210 0 0 151 0 0 22 43551843 0 0 0 0 0 0 19460416 713 0 0 
0 0 0 0 0 0 0 0 0 0 0 0 0 0 0 0 0 0 0 0 0 0 0 3 52210 0 0 7 0 0 152 22 0 8792696 20530034 14226950 0 0 0 19462617 0 0 713 0 
0 0 0 0 0 0 0 0 0 0 0 0 0 0 0 0 0 0 0 0 0 0 0 3 0 52210 52210 0 0 151 0 0 22 43552659 0 0 0 0 0 0 19461162 713 0 0 
0 0 0 0 0 0 0 0 0 0 0 0 0 0 0 0 0 0 0 0 0 0 0 3 52210 0 0 7 0 0 152 22 0 8792696 20530780 14227020 0 0 0 19463363 0 0 713 0 
0 0 0 0 0 0 0 0 0 0 0 0 0 0 0 0 0 0 0 0 0 0 0 3 0 52210 52210 0 0 151 0 0 22 43553445 0 0 0 0 0 0 19461868 713 0 0 
0 0 0 0 0 0 0 0 0 0 0 0 0 0 0 0 0 0 0 0 0 0 0 3 52210 0 0 7 0 0 152 22 0 8792696 20531486 14227100 0 0 0 19464069 0 0 713 0 
<====
0 0 0 0 0 0 0 0 0 0 0 0 0 0 0 0 0 0 0 0 0 0 0 3 0 52214 52210 0 0 151 0 0 22 43553558 0 0 0 0 0 0 19461953 713 0 0 
0 0 0 0 0 0 0 0 0 0 0 0 0 0 0 0 0 0 0 0 0 0 0 3 52210 0 0 8 0 0 152 22 0 8792711 20531568 14227116 0 0 0 19464154 0 0 713 0 
0 0 0 0 0 0 0 0 0 0 0 0 0 0 0 0 0 0 0 0 0 0 0 3 0 52214 52210 0 0 151 0 0 22 43553558 0 0 0 0 0 0 19461953 713 0 0 
0 0 0 0 0 0 0 0 0 0 0 0 0 0 0 0 0 0 0 0 0 0 0 3 52210 0 0 8 0 0 152 22 0 8792711 20531568 14227116 0 0 0 19464154 0 0 713 0 
0 0 0 0 0 0 0 0 0 0 0 0 0 0 0 0 0 0 0 0 0 0 0 3 0 52214 52210 0 0 151 0 0 22 43553558 0 0 0 0 0 0 19461953 713 0 0 
0 0 0 0 0 0 0 0 0 0 0 0 0 0 0 0 0 0 0 0 0 0 0 3 52210 0 0 8 0 0 152 22 0 8792711 20531568 14227116 0 0 0 19464154 0 0 713 0 
0 0 0 0 0 0 0 0 0 0 0 0 0 0 0 0 0 0 0 0 0 0 0 3 0 52214 52210 0 0 151 0 0 22 43553558 0 0 0 0 0 0 19461953 713 0 0 
0 0 0 0 0 0 0 0 0 0 0 0 0 0 0 0 0 0 0 0 0 0 0 3 52210 0 0 8 0 0 152 22 0 8792711 20531568 14227116 0 0 0 19464154 0 0 713 0 
0 0 0 0 0 0 0 0 0 0 0 0 0 0 0 0 0 0 0 0 0 0 0 3 0 52214 52210 0 0 151 0 0 22 43553558 0 0 0 0 0 0 19461953 713 0 0 
0 0 0 0 0 0 0 0 0 0 0 0 0 0 0 0 0 0 0 0 0 0 0 3 52210 0 0 8 0 0 152 22 0 8792711 20531568 14227116 0 0 0 19464154 0 0 713 0 
