0 0 0 0 0 0 0 0 0 0 0 0 0 0 0 0 0 0 0 0 0 0 0 3 0 28000 28002 0 0 106 0 0 15 26008509 0 0 0 0 0 0 9257581 694 0 0 
0 0 0 0 0 0 0 0 0 0 0 0 0 0 0 0 0 0 0 0 0 0 0 3 28001 0 0 7 0 0 106 15 0 6308311 10768195 8929139 0 0 0 9258678 0 0 694 0 
0 0 0 0 0 0 0 0 0 0 0 0 0 0 0 0 0 0 0 0 0 0 0 3 0 28000 28002 0 0 106 0 0 15 26008509 0 0 0 0 0 0 9257581 694 0 0 
0 0 0 0 0 0 0 0 0 0 0 0 0 0 0 0 0 0 0 0 0 0 0 3 28001 0 0 7 0 0 106 15 0 6308311 10768195 8929139 0 0 0 9258678 0 0 694 0 
0 0 0 0 0 0 0 0 0 0 0 0 0 0 0 0 0 0 0 0 0 0 0 3 0 28000 28002 0 0 106 0 0 15 26008509 0 0 0 0 0 0 9257581 694 0 0 
0 0 0 0 0 0 0 0 0 0 0 0 0 0 0 0 0 0 0 0 0 0 0 3 28001 0 0 7 0 0 106 15 0 6308311 10768195 8929139 0 0 0 9258678 0 0 694 0 
====>
0 0 0 0 0 0 0 0 0 0 0 0 0 0 0 0 0 0 0 0 0 0 0 3 0 28000 28002 0 0 106 0 0 15 26008509 0 0 0 0 0 0 9257581 694 0 0 
0 0 0 0 0 0 0 0 0 0 0 0 0 0 0 0 0 0 0 0 0 0 0 3 28001 0 0 7 0 0 106 15 0 6308311 10768195 8929139 0 0 0 9258678 0 0 694 0 
0 0 0 0 0 0 0 0 0 0 0 0 0 0 0 0 0 0 0 0 0 0 0 3 0 28000 28002 0 0 106 0 0 15 26008509 0 0 0 0 0 0 9257581 694 0 0 
0 0 0 0 0 0 0 0 0 0 0 0 0 0 0 0 0 0 0 0 0 0 0 3 28001 0 0 7 0 0 106 15 0 6308311 10768195 8929139 0 0 0 9258678 0 0 694 0 
0 0 0 0 0 0 0 0 0 0 0 0 0 0 0 0 0 0 0 0 0 0 0 3 0 28000 28002 0 0 106 0 0 15 26008509 0 0 0 0 0 0 9257581 694 0 0 
0 0 0 0 0 0 0 0 0 0 0 0 0 0 0 0 0 0 0 0 0 0 0 3 28001 0 0 7 0 0 106 15 0 6308311 10768195 8929139 0 0 0 9258678 0 0 694 0 
0 0 0 0 0 0 0 0 0 0 0 0 0 0 0 0 0 0 0 0 0 0 0 3 0 28000 28002 0 0 106 0 0 15 26008509 0 0 0 0 0 0 9257581 694 0 0 
0 0 0 0 0 0 0 0 0 0 0 0 0 0 0 0 0 0 0 0 0 0 0 3 28001 0 0 7 0 0 106 15 0 6308311 10768195 8929139 0 0 0 9258678 0 0 694 0 
0 0 0 0 0 0 0 0 0 0 0 0 0 0 0 0 0 0 0 0 0 0 0 3 0 28000 28002 0 0 106 0 0 15 26008509 0 0 0 0 0 0 9257581 694 0 0 
0 0 0 0 0 0 0 0 0 0 0 0 0 0 0 0 0 0 0 0 0 0 0 3 28001 0 0 7 0 0 106 15 0 6308311 10768195 8929139 0 0 0 9258678 0 0 694 0 
0 0 0 0 0 0 0 0 0 0 0 0 0 0 0 0 0 0 0 0 0 0 0 3 0 28000 28002 0 0 106 0 0 15 26008509 0 0 0 0 0 0 9257581 694 0 0 
0 0 0 0 0 0 0 0 0 0 0 0 0 0 0 0 0 0 0 0 0 0 0 3 28001 0 0 7 0 0 106 15 0 6308311 10768195 8929139 0 0 0 9258678 0 0 694 0 
0 0 0 0 0 0 0 0 0 0 0 0 0 0 0 0 0 0 0 0 0 0 0 3 0 28000 28002 0 0 106 0 0 15 26008509 0 0 0 0 0 0 9257581 694 0 0 
0 0 0 0 0 0 0 0 0 0 0 0 0 0 0 0 0 0 0 0 0 0 0 3 28001 0 0 7 0 0 106 15 0 6308311 10768195 8929139 0 0 0 9258678 0 0 694 0 
0 0 0 0 0 0 0 0 0 0 0 0 0 0 0 0 0 0 0 0 0 0 0 3 0 28000 28002 0 0 106 0 0 15 26008509 0 0 0 0 0 0 9257581 694 0 0 
0 0 0 0 0 0 0 0 0 0 0 0 0 0 0 0 0 0 0 0 0 0 0 3 28001 0 0 7 0 0 106 15 0 6308311 10768195 8929139 0 0 0 9258678 0 0 694 0 
0 0 0 0 0 0 0 0 0 0 0 0 0 0 0 0 0 0 0 0 0 0 0 3 0 28000 28002 0 0 106 0 0 15 26008509 0 0 0 0 0 0 9257581 694 0 0 
0 0 0 0 0 0 0 0 0 0 0 0 0 0 0 0 0 0 0 0 0 0 0 3 28001 0 0 7 0 0 106 15 0 6308311 10768195 8929139 0 0 0 9258678 0 0 694 0 
0 0 0 0 0 0 0 0 0 0 0 0 0 0 0 0 0 0 0 0 0 0 0 3 0 28000 28002 0 0 106 0 0 15 26008509 0 0 0 0 0 0 9257581 694 0 0 
0 0 0 0 0 0 0 0 0 0 0 0 0 0 0 0 0 0 0 0 0 0 0 3 28001 0 0 7 0 0 106 15 0 6308311 10768195 8929139 0 0 0 9258678 0 0 694 0 
0 0 0 0 0 0 0 0 0 0 0 0 0 0 0 0 0 0 0 0 0 0 0 3 0 28000 28002 0 0 106 0 0 15 26008509 0 0 0 0 0 0 9257581 694 0 0 
0 0 0 0 0 0 0 0 0 0 0 0 0 0 0 0 0 0 0 0 0 0 0 3 28001 0 0 7 0 0 106 15 0 6308311 10768195 8929139 0 0 0 9258678 0 0 694 0 
0 0 0 0 0 0 0 0 0 0 0 0 0 0 0 0 0 0 0 0 0 0 0 3 0 28000 28002 0 0 106 0 0 15 26008509 0 0 0 0 0 0 9257581 694 0 0 
0 0 0 0 0 0 0 0 0 0 0 0 0 0 0 0 0 0 0 0 0 0 0 3 28001 0 0 7 0 0 106 15 0 6308311 10768195 8929139 0 0 0 9258678 0 0 694 0 
0 0 0 0 0 0 0 0 0 0 0 0 0 0 0 0 0 0 0 0 0 0 0 3 0 28000 28002 0 0 106 0 0 15 26008509 0 0 0 0 0 0 9257581 694 0 0 
0 0 0 0 0 0 0 0 0 0 0 0 0 0 0 0 0 0 0 0 0 0 0 3 28001 0 0 7 0 0 106 15 0 6308311 10768195 8929139 0 0 0 9258678 0 0 694 0 
0 0 0 0 0 0 0 0 0 0 0 0 0 0 0 0 0 0 0 0 0 0 0 3 0 28000 28002 0 0 106 0 0 15 26008509 0 0 0 0 0 0 9257581 694 0 0 
0 0 0 0 0 0 0 0 0 0 0 0 0 0 0 0 0 0 0 0 0 0 0 3 28001 0 0 7 0 0 106 15 0 6308311 10768195 8929139 0 0 0 9258678 0 0 694 0 
0 0 0 0 0 0 0 0 0 0 0 0 0 0 0 0 0 0 0 0 0 0 0 3 0 28000 28002 0 0 106 0 0 15 26008509 0 0 0 0 0 0 9257581 694 0 0 
0 0 0 0 0 0 0 0 0 0 0 0 0 0 0 0 0 0 0 0 0 0 0 3 28001 0 0 7 0 0 106 15 0 6308311 10768195 8929139 0 0 0 9258678 0 0 694 0 
0 0 0 0 0 0 0 0 0 0 0 0 0 0 0 0 0 0 0 0 0 0 0 3 0 28000 28002 0 0 106 0 0 15 26008509 0 0 0 0 0 0 9257581 694 0 0 
0 0 0 0 0 0 0 0 0 0 0 0 0 0 0 0 0 0 0 0 0 0 0 3 28001 0 0 7 0 0 106 15 0 6308311 10768195 8929139 0 0 0 9258678 0 0 694 0 
0 0 0 0 0 0 0 0 0 0 0 0 0 0 0 0 0 0 0 0 0 0 0 3 0 28000 28002 0 0 106 0 0 15 26008509 0 0 0 0 0 0 9257581 694 0 0 
0 0 0 0 0 0 0 0 0 0 0 0 0 0 0 0 0 0 0 0 0 0 0 3 28001 0 0 7 0 0 106 15 0 6308311 10768195 8929139 0 0 0 9258678 0 0 694 0 
0 0 0 0 0 0 0 0 0 0 0 0 0 0 0 0 0 0 0 0 0 0 0 3 0 28000 28002 0 0 106 0 0 15 26008509 0 0 0 0 0 0 9257581 694 0 0 
0 0 0 0 0 0 0 0 0 0 0 0 0 0 0 0 0 0 0 0 0 0 0 3 28001 0 0 7 0 0 106 15 0 6308311 10768195 8929139 0 0 0 9258678 0 0 694 0 
0 0 0 0 0 0 0 0 0 0 0 0 0 0 0 0 0 0 0 0 0 0 0 3 0 28000 28002 0 0 106 0 0 15 26008509 0 0 0 0 0 0 9257581 694 0 0 
0 0 0 0 0 0 0 0 0 0 0 0 0 0 0 0 0 0 0 0 0 0 0 3 28001 0 0 7 0 0 106 15 0 6308311 10768195 8929139 0 0 0 9258678 0 0 694 0 
0 0 0 0 0 0 0 0 0 0 0 0 0 0 0 0 0 0 0 0 0 0 0 3 0 28000 28002 0 0 106 0 0 15 26008509 0 0 0 0 0 0 9257581 694 0 0 
0 0 0 0 0 0 0 0 0 0 0 0 0 0 0 0 0 0 0 0 0 0 0 3 28001 0 0 7 0 0 106 15 0 6308311 10768195 8929139 0 0 0 9258678 0 0 694 0 
0 0 0 0 0 0 0 0 0 0 0 0 0 0 0 0 0 0 0 0 0 0 0 3 0 28000 28002 0 0 106 0 0 15 26008509 0 0 0 0 0 0 9257581 694 0 0 
0 0 0 0 0 0 0 0 0 0 0 0 0 0 0 0 0 0 0 0 0 0 0 3 28001 0 0 7 0 0 106 15 0 6308311 10768195 8929139 0 0 0 9258678 0 0 694 0 
0 0 0 0 0 0 0 0 0 0 0 0 0 0 0 0 0 0 0 0 0 0 0 3 0 28000 28002 0 0 106 0 0 15 26008509 0 0 0 0 0 0 9257581 694 0 0 
0 0 0 0 0 0 0 0 0 0 0 0 0 0 0 0 0 0 0 0 0 0 0 3 28001 0 0 7 0 0 106 15 0 6308311 10768195 8929139 0 0 0 9258678 0 0 694 0 
<====
0 0 0 0 0 0 0 0 0 0 0 0 0 0 0 0 0 0 0 0 0 0 0 3 0 28000 28002 0 0 106 0 0 15 26008509 0 0 0 0 0 0 9257581 694 0 0 
0 0 0 0 0 0 0 0 0 0 0 0 0 0 0 0 0 0 0 0 0 0 0 3 28001 0 0 7 0 0 106 15 0 6308311 10768195 8929139 0 0 0 9258678 0 0 694 0 
0 0 0 0 0 0 0 0 0 0 0 0 0 0 0 0 0 0 0 0 0 0 0 3 0 28000 28002 0 0 106 0 0 15 26008509 0 0 0 0 0 0 9257581 694 0 0 
0 0 0 0 0 0 0 0 0 0 0 0 0 0 0 0 0 0 0 0 0 0 0 3 28001 0 0 7 0 0 106 15 0 6308311 10768195 8929139 0 0 0 9258678 0 0 694 0 
0 0 0 0 0 0 0 0 0 0 0 0 0 0 0 0 0 0 0 0 0 0 0 3 0 28000 28002 0 0 106 0 0 15 26008509 0 0 0 0 0 0 9257581 694 0 0 
0 0 0 0 0 0 0 0 0 0 0 0 0 0 0 0 0 0 0 0 0 0 0 3 28001 0 0 7 0 0 106 15 0 6308311 10768195 8929139 0 0 0 9258678 0 0 694 0 
0 0 0 0 0 0 0 0 0 0 0 0 0 0 0 0 0 0 0 0 0 0 0 3 0 28000 28002 0 0 106 0 0 15 26008509 0 0 0 0 0 0 9257581 694 0 0 
0 0 0 0 0 0 0 0 0 0 0 0 0 0 0 0 0 0 0 0 0 0 0 3 28001 0 0 7 0 0 106 15 0 6308311 10768195 8929139 0 0 0 9258678 0 0 694 0 
0 0 0 0 0 0 0 0 0 0 0 0 0 0 0 0 0 0 0 0 0 0 0 3 0 28000 28002 0 0 106 0 0 15 26008509 0 0 0 0 0 0 9257581 694 0 0 
0 0 0 0 0 0 0 0 0 0 0 0 0 0 0 0 0 0 0 0 0 0 0 3 28001 0 0 7 0 0 106 15 0 6308311 10768195 8929139 0 0 0 9258678 0 0 694 0 
0 0 0 0 0 0 0 0 0 0 0 0 0 0 0 0 0 0 0 0 0 0 0 3 0 28000 28002 0 0 106 0 0 15 26008509 0 0 0 0 0 0 9257581 694 0 0 
0 0 0 0 0 0 0 0 0 0 0 0 0 0 0 0 0 0 0 0 0 0 0 3 28001 0 0 7 0 0 106 15 0 6308311 10768195 8929139 0 0 0 9258678 0 0 694 0 
0 0 0 0 0 0 0 0 0 0 0 0 0 0 0 0 0 0 0 0 0 0 0 3 0 28000 28002 0 0 106 0 0 15 26008509 0 0 0 0 0 0 9257581 694 0 0 
0 0 0 0 0 0 0 0 0 0 0 0 0 0 0 0 0 0 0 0 0 0 0 3 28001 0 0 7 0 0 106 15 0 6308311 10768195 8929139 0 0 0 9258678 0 0 694 0 
0 0 0 0 0 0 0 0 0 0 0 0 0 0 0 0 0 0 0 0 0 0 0 3 0 28000 28002 0 0 106 0 0 15 26008509 0 0 0 0 0 0 9257581 694 0 0 
0 0 0 0 0 0 0 0 0 0 0 0 0 0 0 0 0 0 0 0 0 0 0 3 28001 0 0 7 0 0 106 15 0 6308311 10768195 8929139 0 0 0 9258678 0 0 694 0 
0 0 0 0 0 0 0 0 0 0 0 0 0 0 0 0 0 0 0 0 0 0 0 3 0 28000 28002 0 0 106 0 0 15 26008509 0 0 0 0 0 0 9257581 694 0 0 
0 0 0 0 0 0 0 0 0 0 0 0 0 0 0 0 0 0 0 0 0 0 0 3 28001 0 0 7 0 0 106 15 0 6308311 10768195 8929139 0 0 0 9258678 0 0 694 0 
0 0 0 0 0 0 0 0 0 0 0 0 0 0 0 0 0 0 0 0 0 0 0 3 0 28000 28002 0 0 106 0 0 15 26008509 0 0 0 0 0 0 9257581 694 0 0 
0 0 0 0 0 0 0 0 0 0 0 0 0 0 0 0 0 0 0 0 0 0 0 3 28001 0 0 7 0 0 106 15 0 6308311 10768195 8929139 0 0 0 9258678 0 0 694 0 
0 0 0 0 0 0 0 0 0 0 0 0 0 0 0 0 0 0 0 0 0 0 0 3 0 28000 28002 0 0 106 0 0 15 26008509 0 0 0 0 0 0 9257581 694 0 0 
0 0 0 0 0 0 0 0 0 0 0 0 0 0 0 0 0 0 0 0 0 0 0 3 28001 0 0 7 0 0 106 15 0 6308311 10768195 8929139 0 0 0 9258678 0 0 694 0 
0 0 0 0 0 0 0 0 0 0 0 0 0 0 0 0 0 0 0 0 0 0 0 3 0 28000 28002 0 0 106 0 0 15 26008509 0 0 0 0 0 0 9257581 694 0 0 
0 0 0 0 0 0 0 0 0 0 0 0 0 0 0 0 0 0 0 0 0 0 0 3 28001 0 0 7 0 0 106 15 0 6308311 10768195 8929139 0 0 0 9258678 0 0 694 0 
