0 0 0 0 0 0 0 0 0 0 0 0 0 0 0 0 0 0 0 0 0 0 0 3 0 40102 40095 0 0 111 0 0 15 33037324 0 0 0 0 0 0 13507458 712 0 0 
0 0 0 0 0 0 0 0 0 0 0 0 0 0 0 0 0 0 0 0 0 0 0 3 40101 0 0 6 0 0 111 15 0 7247585 14749736 11038519 0 0 0 13509060 0 0 712 0 
0 0 0 0 0 0 0 0 0 0 0 0 0 0 0 0 0 0 0 0 0 0 0 3 0 40102 40095 0 0 111 0 0 15 33037324 0 0 0 0 0 0 13507458 712 0 0 
0 0 0 0 0 0 0 0 0 0 0 0 0 0 0 0 0 0 0 0 0 0 0 3 40101 0 0 6 0 0 111 15 0 7247585 14749736 11038519 0 0 0 13509060 0 0 712 0 
0 0 0 0 0 0 0 0 0 0 0 0 0 0 0 0 0 0 0 0 0 0 0 3 0 40102 40095 0 0 111 0 0 15 33037324 0 0 0 0 0 0 13507458 712 0 0 
0 0 0 0 0 0 0 0 0 0 0 0 0 0 0 0 0 0 0 0 0 0 0 3 40101 0 0 6 0 0 111 15 0 7247585 14749736 11038519 0 0 0 13509060 0 0 712 0 
0 0 0 0 0 0 0 0 0 0 0 0 0 0 0 0 0 0 0 0 0 0 0 3 0 40102 40095 0 0 111 0 0 15 33037324 0 0 0 0 0 0 13507458 712 0 0 
0 0 0 0 0 0 0 0 0 0 0 0 0 0 0 0 0 0 0 0 0 0 0 3 40101 0 0 6 0 0 111 15 0 7247585 14749736 11038519 0 0 0 13509060 0 0 712 0 
0 0 0 0 0 0 0 0 0 0 0 0 0 0 0 0 0 0 0 0 0 0 0 3 0 40102 40095 0 0 111 0 0 15 33037324 0 0 0 0 0 0 13507458 712 0 0 
0 0 0 0 0 0 0 0 0 0 0 0 0 0 0 0 0 0 0 0 0 0 0 3 40101 0 0 6 0 0 111 15 0 7247585 14749736 11038519 0 0 0 13509060 0 0 712 0 
0 0 0 0 0 0 0 0 0 0 0 0 0 0 0 0 0 0 0 0 0 0 0 3 0 40102 40095 0 0 111 0 0 15 33037324 0 0 0 0 0 0 13507458 712 0 0 
0 0 0 0 0 0 0 0 0 0 0 0 0 0 0 0 0 0 0 0 0 0 0 3 40101 0 0 6 0 0 111 15 0 7247585 14749736 11038519 0 0 0 13509060 0 0 712 0 
====>
0 0 0 0 0 0 0 0 0 0 0 0 0 0 0 0 0 0 0 0 0 0 0 3 0 40102 40099 0 0 119 0 0 15 33038653 0 0 0 0 0 0 13507718 712 0 0 
0 0 0 0 0 0 0 0 0 0 0 0 0 0 0 0 0 0 0 0 0 0 0 3 40105 0 0 6 0 0 119 15 0 7247585 14751030 11038554 0 0 0 13509320 0 0 712 0 
0 0 0 0 0 0 0 0 0 0 0 0 0 0 0 0 0 0 0 0 0 0 0 3 0 40102 40099 0 0 119 0 0 15 33039511 0 0 0 0 0 0 13508504 712 0 0 
0 0 0 0 0 0 0 0 0 0 0 0 0 0 0 0 0 0 0 0 0 0 0 3 40105 0 0 6 0 0 119 15 0 7247585 14751816 11038626 0 0 0 13510106 0 0 712 0 
0 0 0 0 0 0 0 0 0 0 0 0 0 0 0 0 0 0 0 0 0 0 0 3 0 40102 40099 0 0 119 0 0 15 33040368 0 0 0 0 0 0 13509295 712 0 0 
0 0 0 0 0 0 0 0 0 0 0 0 0 0 0 0 0 0 0 0 0 0 0 3 40105 0 0 6 0 0 119 15 0 7247585 14752607 11038692 0 0 0 13510897 0 0 712 0 
0 0 0 0 0 0 0 0 0 0 0 0 0 0 0 0 0 0 0 0 0 0 0 3 0 40102 40099 0 0 119 0 0 15 33041164 0 0 0 0 0 0 13510049 712 0 0 
0 0 0 0 0 0 0 0 0 0 0 0 0 0 0 0 0 0 0 0 0 0 0 3 40105 0 0 6 0 0 119 15 0 7247585 14753361 11038734 0 0 0 13511651 0 0 712 0 
0 0 0 0 0 0 0 0 0 0 0 0 0 0 0 0 0 0 0 0 0 0 0 3 0 40102 40099 0 0 119 0 0 15 33041967 0 0 0 0 0 0 13510817 712 0 0 
0 0 0 0 0 0 0 0 0 0 0 0 0 0 0 0 0 0 0 0 0 0 0 3 40105 0 0 6 0 0 119 15 0 7247585 14754129 11038769 0 0 0 13512419 0 0 712 0 
0 0 0 0 0 0 0 0 0 0 0 0 0 0 0 0 0 0 0 0 0 0 0 3 0 40102 40099 0 0 119 0 0 15 33042635 0 0 0 0 0 0 13511447 712 0 0 
0 0 0 0 0 0 0 0 0 0 0 0 0 0 0 0 0 0 0 0 0 0 0 3 40105 0 0 6 0 0 119 15 0 7247585 14754759 11038807 0 0 0 13513049 0 0 712 0 
0 0 0 0 0 0 0 0 0 0 0 0 0 0 0 0 0 0 0 0 0 0 0 3 0 40102 40099 0 0 119 0 0 15 33043441 0 0 0 0 0 0 13512204 712 0 0 
0 0 0 0 0 0 0 0 0 0 0 0 0 0 0 0 0 0 0 0 0 0 0 3 40105 0 0 6 0 0 119 15 0 7247585 14755516 11038856 0 0 0 13513806 0 0 712 0 
0 0 0 0 0 0 0 0 0 0 0 0 0 0 0 0 0 0 0 0 0 0 0 3 0 40102 40099 0 0 119 0 0 15 33044254 0 0 0 0 0 0 13512964 712 0 0 
0 0 0 0 0 0 0 0 0 0 0 0 0 0 0 0 0 0 0 0 0 0 0 3 40105 0 0 6 0 0 119 15 0 7247585 14756276 11038909 0 0 0 13514566 0 0 712 0 
0 0 0 0 0 0 0 0 0 0 0 0 0 0 0 0 0 0 0 0 0 0 0 3 0 40102 40099 0 0 119 0 0 15 33045084 0 0 0 0 0 0 13513710 712 0 0 
0 0 0 0 0 0 0 0 0 0 0 0 0 0 0 0 0 0 0 0 0 0 0 3 40105 0 0 6 0 0 119 15 0 7247585 14757022 11038993 0 0 0 13515312 0 0 712 0 
0 0 0 0 0 0 0 0 0 0 0 0 0 0 0 0 0 0 0 0 0 0 0 3 0 40102 40099 0 0 119 0 0 15 33046061 0 0 0 0 0 0 13514566 712 0 0 
0 0 0 0 0 0 0 0 0 0 0 0 0 0 0 0 0 0 0 0 0 0 0 3 40105 0 0 6 0 0 119 15 0 7247585 14757878 11039114 0 0 0 13516168 0 0 712 0 
0 0 0 0 0 0 0 0 0 0 0 0 0 0 0 0 0 0 0 0 0 0 0 3 0 40102 40099 0 0 119 0 0 15 33047018 0 0 0 0 0 0 13515393 712 0 0 
0 0 0 0 0 0 0 0 0 0 0 0 0 0 0 0 0 0 0 0 0 0 0 3 40105 0 0 6 0 0 119 15 0 7247585 14758705 11039244 0 0 0 13516995 0 0 712 0 
0 0 0 0 0 0 0 0 0 0 0 0 0 0 0 0 0 0 0 0 0 0 0 3 0 40102 40099 0 0 119 0 0 15 33047784 0 0 0 0 0 0 13516143 712 0 0 
0 0 0 0 0 0 0 0 0 0 0 0 0 0 0 0 0 0 0 0 0 0 0 3 40105 0 0 6 0 0 119 15 0 7247585 14759455 11039260 0 0 0 13517745 0 0 712 0 
0 0 0 0 0 0 0 0 0 0 0 0 0 0 0 0 0 0 0 0 0 0 0 3 0 40102 40099 0 0 119 0 0 15 33048630 0 0 0 0 0 0 13516931 712 0 0 
0 0 0 0 0 0 0 0 0 0 0 0 0 0 0 0 0 0 0 0 0 0 0 3 40105 0 0 6 0 0 119 15 0 7247585 14760244 11039317 0 0 0 13518533 0 0 712 0 
0 0 0 0 0 0 0 0 0 0 0 0 0 0 0 0 0 0 0 0 0 0 0 3 0 40102 40099 0 0 119 0 0 15 33049467 0 0 0 0 0 0 13517713 712 0 0 
0 0 0 0 0 0 0 0 0 0 0 0 0 0 0 0 0 0 0 0 0 0 0 3 40105 0 0 6 0 0 119 15 0 7247585 14761026 11039372 0 0 0 13519315 0 0 712 0 
0 0 0 0 0 0 0 0 0 0 0 0 0 0 0 0 0 0 0 0 0 0 0 3 0 40102 40099 0 0 119 0 0 15 33050276 0 0 0 0 0 0 13518468 712 0 0 
0 0 0 0 0 0 0 0 0 0 0 0 0 0 0 0 0 0 0 0 0 0 0 3 40105 0 0 6 0 0 119 15 0 7247585 14761781 11039426 0 0 0 13520070 0 0 712 0 
<====
0 0 0 0 0 0 0 0 0 0 0 0 0 0 0 0 0 0 0 0 0 0 0 3 0 40106 40099 0 0 119 0 0 15 33050440 0 0 0 0 0 0 13518600 712 0 0 
0 0 0 0 0 0 0 0 0 0 0 0 0 0 0 0 0 0 0 0 0 0 0 3 40105 0 0 6 0 0 119 15 0 7247600 14761911 11039445 0 0 0 13520202 0 0 712 0 
0 0 0 0 0 0 0 0 0 0 0 0 0 0 0 0 0 0 0 0 0 0 0 3 0 40106 40099 0 0 119 0 0 15 33050440 0 0 0 0 0 0 13518600 712 0 0 
0 0 0 0 0 0 0 0 0 0 0 0 0 0 0 0 0 0 0 0 0 0 0 3 40105 0 0 6 0 0 119 15 0 7247600 14761911 11039445 0 0 0 13520202 0 0 712 0 
0 0 0 0 0 0 0 0 0 0 0 0 0 0 0 0 0 0 0 0 0 0 0 3 0 40106 40099 0 0 119 0 0 15 33050440 0 0 0 0 0 0 13518600 712 0 0 
0 0 0 0 0 0 0 0 0 0 0 0 0 0 0 0 0 0 0 0 0 0 0 3 40105 0 0 6 0 0 119 15 0 7247600 14761911 11039445 0 0 0 13520202 0 0 712 0 
0 0 0 0 0 0 0 0 0 0 0 0 0 0 0 0 0 0 0 0 0 0 0 3 0 40106 40099 0 0 119 0 0 15 33050440 0 0 0 0 0 0 13518600 712 0 0 
0 0 0 0 0 0 0 0 0 0 0 0 0 0 0 0 0 0 0 0 0 0 0 3 40105 0 0 6 0 0 119 15 0 7247600 14761911 11039445 0 0 0 13520202 0 0 712 0 
0 0 0 0 0 0 0 0 0 0 0 0 0 0 0 0 0 0 0 0 0 0 0 3 0 40106 40099 0 0 119 0 0 15 33050440 0 0 0 0 0 0 13518600 712 0 0 
0 0 0 0 0 0 0 0 0 0 0 0 0 0 0 0 0 0 0 0 0 0 0 3 40105 0 0 6 0 0 119 15 0 7247600 14761911 11039445 0 0 0 13520202 0 0 712 0 
0 0 0 0 0 0 0 0 0 0 0 0 0 0 0 0 0 0 0 0 0 0 0 3 0 40106 40099 0 0 119 0 0 15 33050440 0 0 0 0 0 0 13518600 712 0 0 
0 0 0 0 0 0 0 0 0 0 0 0 0 0 0 0 0 0 0 0 0 0 0 3 40105 0 0 6 0 0 119 15 0 7247600 14761911 11039445 0 0 0 13520202 0 0 712 0 
0 0 0 0 0 0 0 0 0 0 0 0 0 0 0 0 0 0 0 0 0 0 0 3 0 40106 40099 0 0 119 0 0 15 33050440 0 0 0 0 0 0 13518600 712 0 0 
0 0 0 0 0 0 0 0 0 0 0 0 0 0 0 0 0 0 0 0 0 0 0 3 40105 0 0 6 0 0 119 15 0 7247600 14761911 11039445 0 0 0 13520202 0 0 712 0 
