bk echo1 t2 
0 0 0 0 0 0 0 0 0 0 0 0 0 0 0 0 0 0 0 0 0 0 0 3 20 0 0 5 0 0 59 67 0 112896 0 0 0 0 0 30 0 0 0 0 
0 0 0 0 0 0 0 0 0 0 0 0 0 0 0 0 0 0 0 0 0 0 0 3 24 0 0 6 0 0 71 74 0 152176 0 0 0 0 0 36 0 0 0 0 



bk echo1 t3 
0 0 0 0 0 0 0 0 0 0 0 0 0 0 0 0 0 0 0 0 0 0 0 3 12 0 0 3 0 0 35 45 0 60197 0 0 0 0 0 18 0 0 0 0 
0 0 0 0 0 0 0 0 0 0 0 0 0 0 0 0 0 0 0 0 0 0 0 3 20 0 0 5 0 0 59 67 0 112896 0 0 0 0 0 30 0 0 0 0 



bk echo1 t4 
0 0 0 0 0 0 0 0 0 0 0 0 0 0 0 0 0 0 0 0 0 0 0 3 0 0 0 0 0 0 0 0 0 0 0 0 0 0 0 0 0 0 0 0 
0 0 0 0 0 0 0 0 0 0 0 0 0 0 0 0 0 0 0 0 0 0 0 3 12 0 0 3 0 0 35 45 0 60197 0 0 0 0 0 18 0 0 0 0 



btb echo1 t2 
0 0 0 0 0 0 0 0 0 0 0 0 0 0 0 0 0 0 0 0 0 0 0 3 108221 0 0 19 0 0 327 52 0 91146219 0 0 0 0 0 36623710 0 0 2094 0 
0 0 0 0 0 0 0 0 0 0 0 0 0 0 0 0 0 0 0 0 0 0 0 3 120325 0 0 19 0 0 333 52 0 102286606 0 0 0 0 0 42150977 0 0 2094 0 



btb echo1 t3 
0 0 0 0 0 0 0 0 0 0 0 0 0 0 0 0 0 0 0 0 0 0 0 3 84013 0 0 19 0 0 313 52 0 74404010 0 0 0 0 0 29498903 0 0 2094 0 
0 0 0 0 0 0 0 0 0 0 0 0 0 0 0 0 0 0 0 0 0 0 0 3 108221 0 0 19 0 0 327 52 0 91146219 0 0 0 0 0 36623710 0 0 2094 0 



btb echo1 t4 
0 0 0 0 0 0 0 0 0 0 0 0 0 0 0 0 0 0 0 0 0 0 0 3 47703 0 0 19 0 0 292 52 0 53897764 0 0 0 0 0 21272505 0 0 2094 0 
0 0 0 0 0 0 0 0 0 0 0 0 0 0 0 0 0 0 0 0 0 0 0 3 84013 0 0 19 0 0 313 52 0 74404010 0 0 0 0 0 29498903 0 0 2094 0 



epb echo1 t2 
0 0 0 0 0 0 0 0 0 0 0 0 0 0 0 0 0 0 0 0 0 0 0 3 120713 0 0 22 0 0 390 52 0 108791797 0 0 0 0 0 45060360 0 0 2094 0 
0 0 0 0 0 0 0 0 0 0 0 0 0 0 0 0 0 0 0 0 0 0 0 3 120717 0 0 22 0 0 398 52 0 108809175 0 0 0 0 0 45076120 0 0 2094 0 



epb echo1 t3 
0 0 0 0 0 0 0 0 0 0 0 0 0 0 0 0 0 0 0 0 0 0 0 3 120329 0 0 19 0 0 341 52 0 102302056 0 0 0 0 0 42164856 0 0 2094 0 
0 0 0 0 0 0 0 0 0 0 0 0 0 0 0 0 0 0 0 0 0 0 0 3 120337 0 0 19 0 0 356 52 0 102327895 0 0 0 0 0 42186727 0 0 2094 0 



epb echo1 t4 
0 0 0 0 0 0 0 0 0 0 0 0 0 0 0 0 0 0 0 0 0 0 0 3 120337 0 0 19 0 0 356 52 0 102327895 0 0 0 0 0 42186727 0 0 2094 0 
0 0 0 0 0 0 0 0 0 0 0 0 0 0 0 0 0 0 0 0 0 0 0 3 120349 0 0 22 0 0 379 52 0 102357570 0 0 0 0 0 42211234 0 0 2094 0 



ftb echo1 t2 
0 0 0 0 0 0 0 0 0 0 0 0 0 0 0 0 0 0 0 0 0 0 0 3 120717 0 0 22 0 0 398 52 0 108809175 0 0 0 0 0 45076120 0 0 2094 0 
0 0 0 0 0 0 0 0 0 0 0 0 0 0 0 0 0 0 0 0 0 0 0 3 121081 0 0 22 0 0 406 52 0 115277666 0 0 0 0 0 47947012 0 0 2094 0 



ftb echo1 t3 
0 0 0 0 0 0 0 0 0 0 0 0 0 0 0 0 0 0 0 0 0 0 0 3 121081 0 0 22 0 0 406 52 0 115277666 0 0 0 0 0 47947012 0 0 2094 0 
0 0 0 0 0 0 0 0 0 0 0 0 0 0 0 0 0 0 0 0 0 0 0 3 121809 0 0 22 0 0 427 52 0 125785068 0 0 0 0 0 52106082 0 0 2094 0 



ftb echo1 t4 
0 0 0 0 0 0 0 0 0 0 0 0 0 0 0 0 0 0 0 0 0 0 0 3 121809 0 0 22 0 0 427 52 0 125785068 0 0 0 0 0 52106082 0 0 2094 0 
0 0 0 0 0 0 0 0 0 0 0 0 0 0 0 0 0 0 0 0 0 0 0 3 122901 0 0 25 0 0 459 52 0 138820168 0 0 0 0 0 57042915 0 0 2094 0 



numa_bfs echo1 t2 
0 0 0 0 0 0 0 0 0 0 0 0 0 0 0 0 0 0 0 0 0 0 0 3 122901 0 0 25 0 0 459 52 0 138820168 0 0 0 0 0 57042915 0 0 2094 0 
0 0 0 0 0 0 0 0 0 0 0 0 0 0 0 0 0 0 0 0 0 0 0 3 122905 0 0 25 0 0 483 52 0 139995755 0 0 0 0 0 57061378 0 0 2098 0 



numa_bfs echo1 t3 
0 0 0 0 0 0 0 0 0 0 0 0 0 0 0 0 0 0 0 0 0 0 0 3 0 0 0 0 0 0 0 0 0 0 0 0 0 0 0 0 0 0 0 0 
0 0 0 0 0 0 0 0 0 0 0 0 0 0 0 0 0 0 0 0 0 0 0 3 8 0 0 0 0 0 41 0 0 1181920 0 0 0 0 0 159138 0 0 8 0 



numa_bfs echo1 t4 
0 0 0 0 0 0 0 0 0 0 0 0 0 0 0 0 0 0 0 0 0 0 0 3 0 0 0 0 0 0 0 0 0 0 0 0 0 0 0 0 0 0 0 0 
0 0 0 0 0 0 0 0 0 0 0 0 0 0 0 0 0 0 0 0 0 0 0 3 12 0 0 3 0 0 79 0 0 1657081 0 0 0 0 0 232432 0 0 15 0 



numa_page echo1 t2 
0 0 0 0 0 0 0 0 0 0 0 0 0 0 0 0 0 0 0 0 0 0 0 3 24 0 0 6 0 0 71 74 0 152176 0 0 0 0 0 36 0 0 0 0 
0 0 0 0 0 0 0 0 0 0 0 0 0 0 0 0 0 0 0 0 0 0 0 3 28 0 0 7 0 0 94 74 0 6025994 0 0 0 0 0 409055 0 0 669 0 



numa_page echo1 t3 
0 0 0 0 0 0 0 0 0 0 0 0 0 0 0 0 0 0 0 0 0 0 0 3 28 0 0 7 0 0 94 74 0 6025994 0 0 0 0 0 409055 0 0 669 0 
0 0 0 0 0 0 0 0 0 0 0 0 0 0 0 0 0 0 0 0 0 0 0 3 36 0 0 9 0 0 123 74 0 14828033 0 0 0 0 0 4125938 0 0 2032 0 



numa_page echo1 t4 
0 0 0 0 0 0 0 0 0 0 0 0 0 0 0 0 0 0 0 0 0 0 0 3 36 0 0 9 0 0 123 74 0 14828033 0 0 0 0 0 4125938 0 0 2032 0 
0 0 0 0 0 0 0 0 0 0 0 0 0 0 0 0 0 0 0 0 0 0 0 3 48 0 0 12 0 0 178 74 0 27638400 0 0 0 0 0 9650328 0 0 4101 0 



