0 0 0 0 0 0 0 0 0 0 0 0 0 0 0 0 0 0 0 0 0 0 0 3 37778 0 0 0 0 0 88 0 0 9443252 16730350 14017927 0 0 0 16121683 0 0 0 0 
0 0 0 0 0 0 0 0 0 0 0 0 0 0 0 0 0 0 0 0 0 0 0 3 37778 0 0 0 0 0 88 0 0 9443252 16730350 14017927 0 0 0 16121683 0 0 0 0 
0 0 0 0 0 0 0 0 0 0 0 0 0 0 0 0 0 0 0 0 0 0 0 3 37778 0 0 0 0 0 88 0 0 9443252 16730350 14017927 0 0 0 16121683 0 0 0 0 
0 0 0 0 0 0 0 0 0 0 0 0 0 0 0 0 0 0 0 0 0 0 0 3 37778 0 0 0 0 0 88 0 0 9443252 16730350 14017927 0 0 0 16121683 0 0 0 0 
0 0 0 0 0 0 0 0 0 0 0 0 0 0 0 0 0 0 0 0 0 0 0 3 37778 0 0 0 0 0 88 0 0 9443252 16730350 14017927 0 0 0 16121683 0 0 0 0 
0 0 0 0 0 0 0 0 0 0 0 0 0 0 0 0 0 0 0 0 0 0 0 3 37778 0 0 0 0 0 88 0 0 9443252 16730350 14017927 0 0 0 16121683 0 0 0 0 
====>
0 0 0 0 0 0 0 0 0 0 0 0 0 0 0 0 0 0 0 0 0 0 0 3 0 37780 37774 0 0 108 0 0 0 30778412 9438747 0 0 0 0 0 16128788 0 0 0 
0 0 0 0 0 0 0 0 0 0 0 0 0 0 0 0 0 0 0 0 0 0 0 3 0 37796 37790 0 0 110 0 0 0 30988686 9438771 0 0 0 0 0 16132122 0 0 0 
0 0 0 0 0 0 0 0 0 0 0 0 0 0 0 0 0 0 0 0 0 0 0 3 0 37812 37806 0 0 110 0 0 0 31018974 9438802 0 0 0 0 0 16151625 0 0 0 
0 0 0 0 0 0 0 0 0 0 0 0 0 0 0 0 0 0 0 0 0 0 0 3 0 37820 37814 0 0 110 0 0 0 31085407 9504340 0 0 0 0 0 16173999 0 0 0 
0 0 0 0 0 0 0 0 0 0 0 0 0 0 0 0 0 0 0 0 0 0 0 3 0 37828 37822 0 0 110 0 0 0 31200060 9556548 0 0 0 0 0 16190904 0 0 0 
0 0 0 0 0 0 0 0 0 0 0 0 0 0 0 0 0 0 0 0 0 0 0 3 0 37844 37838 0 0 110 0 0 0 31273957 9556570 0 0 0 0 0 16259640 0 0 0 
0 0 0 0 0 0 0 0 0 0 0 0 0 0 0 0 0 0 0 0 0 0 0 3 0 37860 37854 0 0 110 0 0 0 31300659 9565967 0 0 0 0 0 16272913 0 0 0 
0 0 0 0 0 0 0 0 0 0 0 0 0 0 0 0 0 0 0 0 0 0 0 3 0 37868 37862 0 0 110 0 0 0 31395086 9619327 0 0 0 0 0 16299159 0 0 0 
0 0 0 0 0 0 0 0 0 0 0 0 0 0 0 0 0 0 0 0 0 0 0 3 0 37868 37862 0 0 110 0 0 0 31557633 9668533 0 0 0 0 0 16415910 0 0 0 
0 0 0 0 0 0 0 0 0 0 0 0 0 0 0 0 0 0 0 0 0 0 0 3 0 37876 37870 0 0 110 0 0 0 31674407 9712500 0 0 0 0 0 16489024 0 0 0 
0 0 0 0 0 0 0 0 0 0 0 0 0 0 0 0 0 0 0 0 0 0 0 3 0 37884 37878 0 0 110 0 0 0 31795628 9751277 0 0 0 0 0 16546981 0 0 0 
0 0 0 0 0 0 0 0 0 0 0 0 0 0 0 0 0 0 0 0 0 0 0 3 0 37884 37878 0 0 110 0 0 0 31915943 9788207 0 0 0 0 0 16607700 0 0 0 
0 0 0 0 0 0 0 0 0 0 0 0 0 0 0 0 0 0 0 0 0 0 0 3 0 37908 37902 0 0 110 0 0 0 31956686 9794885 0 0 0 0 0 16626810 0 0 0 
0 0 0 0 0 0 0 0 0 0 0 0 0 0 0 0 0 0 0 0 0 0 0 3 0 37908 37902 0 0 110 0 0 0 32056493 9835914 0 0 0 0 0 16697321 0 0 0 
0 0 0 0 0 0 0 0 0 0 0 0 0 0 0 0 0 0 0 0 0 0 0 3 0 37916 37910 0 0 110 0 0 0 32177693 9882069 0 0 0 0 0 16761996 0 0 0 
0 0 0 0 0 0 0 0 0 0 0 0 0 0 0 0 0 0 0 0 0 0 0 3 0 37924 37918 0 0 110 0 0 0 32295747 9910712 0 0 0 0 0 16810684 0 0 0 
0 0 0 0 0 0 0 0 0 0 0 0 0 0 0 0 0 0 0 0 0 0 0 3 0 37940 37934 0 0 110 0 0 0 32341829 9931764 0 0 0 0 0 16847110 0 0 0 
0 0 0 0 0 0 0 0 0 0 0 0 0 0 0 0 0 0 0 0 0 0 0 3 0 37943 37934 0 0 110 0 0 0 32467290 9967801 0 0 0 0 0 16906173 0 0 0 
0 0 0 0 0 0 0 0 0 0 0 0 0 0 0 0 0 0 0 0 0 0 0 3 0 37948 37942 0 0 110 0 0 0 32565158 10009858 0 0 0 0 0 16973212 0 0 0 
0 0 0 0 0 0 0 0 0 0 0 0 0 0 0 0 0 0 0 0 0 0 0 3 0 37956 37950 0 0 110 0 0 0 32661296 10028768 0 0 0 0 0 17010283 0 0 0 
0 0 0 0 0 0 0 0 0 0 0 0 0 0 0 0 0 0 0 0 0 0 0 3 0 37972 37966 0 0 110 0 0 0 32727363 10063752 0 0 0 0 0 17064200 0 0 0 
0 0 0 0 0 0 0 0 0 0 0 0 0 0 0 0 0 0 0 0 0 0 0 3 0 37980 37974 0 0 110 0 0 0 32853302 10101537 0 0 0 0 0 17121192 0 0 0 
0 0 0 0 0 0 0 0 0 0 0 0 0 0 0 0 0 0 0 0 0 0 0 3 0 37980 37974 0 0 110 0 0 0 32961264 10136718 0 0 0 0 0 17183731 0 0 0 
0 0 0 0 0 0 0 0 0 0 0 0 0 0 0 0 0 0 0 0 0 0 0 3 0 37996 37990 0 0 110 0 0 0 33018575 10147192 0 0 0 0 0 17204349 0 0 0 
0 0 0 0 0 0 0 0 0 0 0 0 0 0 0 0 0 0 0 0 0 0 0 3 0 38004 37998 0 0 110 0 0 0 33114909 10189062 0 0 0 0 0 17273578 0 0 0 
0 0 0 0 0 0 0 0 0 0 0 0 0 0 0 0 0 0 0 0 0 0 0 3 0 38012 38006 0 0 110 0 0 0 33238306 10238226 0 0 0 0 0 17340847 0 0 0 
0 0 0 0 0 0 0 0 0 0 0 0 0 0 0 0 0 0 0 0 0 0 0 3 0 38020 38014 0 0 110 0 0 0 33355833 10264898 0 0 0 0 0 17386720 0 0 0 
0 0 0 0 0 0 0 0 0 0 0 0 0 0 0 0 0 0 0 0 0 0 0 3 0 38036 38030 0 0 110 0 0 0 33404470 10284982 0 0 0 0 0 17425236 0 0 0 
0 0 0 0 0 0 0 0 0 0 0 0 0 0 0 0 0 0 0 0 0 0 0 3 0 38036 38030 0 0 110 0 0 0 33525334 10320806 0 0 0 0 0 17483173 0 0 0 
0 0 0 0 0 0 0 0 0 0 0 0 0 0 0 0 0 0 0 0 0 0 0 3 0 38044 38038 0 0 110 0 0 0 33626236 10364408 0 0 0 0 0 17551370 0 0 0 
0 0 0 0 0 0 0 0 0 0 0 0 0 0 0 0 0 0 0 0 0 0 0 3 0 38052 38046 0 0 110 0 0 0 33718568 10382957 0 0 0 0 0 17585643 0 0 0 
0 0 0 0 0 0 0 0 0 0 0 0 0 0 0 0 0 0 0 0 0 0 0 3 0 38068 38062 0 0 110 0 0 0 33783703 10417529 0 0 0 0 0 17639969 0 0 0 
0 0 0 0 0 0 0 0 0 0 0 0 0 0 0 0 0 0 0 0 0 0 0 3 0 38076 38070 0 0 110 0 0 0 33910157 10453026 0 0 0 0 0 17694765 0 0 0 
0 0 0 0 0 0 0 0 0 0 0 0 0 0 0 0 0 0 0 0 0 0 0 3 0 38076 38070 0 0 110 0 0 0 34020386 10490956 0 0 0 0 0 17760116 0 0 0 
0 0 0 0 0 0 0 0 0 0 0 0 0 0 0 0 0 0 0 0 0 0 0 3 0 38092 38086 0 0 110 0 0 0 34079360 10501394 0 0 0 0 0 17782396 0 0 0 
0 0 0 0 0 0 0 0 0 0 0 0 0 0 0 0 0 0 0 0 0 0 0 3 0 38100 38094 0 0 110 0 0 0 34177313 10543576 0 0 0 0 0 17852007 0 0 0 
0 0 0 0 0 0 0 0 0 0 0 0 0 0 0 0 0 0 0 0 0 0 0 3 0 38108 38102 0 0 110 0 0 0 34299470 10589987 0 0 0 0 0 17916992 0 0 0 
0 0 0 0 0 0 0 0 0 0 0 0 0 0 0 0 0 0 0 0 0 0 0 3 0 38116 38110 0 0 110 0 0 0 34415686 10619094 0 0 0 0 0 17964149 0 0 0 
0 0 0 0 0 0 0 0 0 0 0 0 0 0 0 0 0 0 0 0 0 0 0 3 0 38132 38126 0 0 110 0 0 0 34458943 10632171 0 0 0 0 0 17997377 0 0 0 
0 0 0 0 0 0 0 0 0 0 0 0 0 0 0 0 0 0 0 0 0 0 0 3 0 38132 38126 0 0 110 0 0 0 34555333 10664342 0 0 0 0 0 18058413 0 0 0 
0 0 0 0 0 0 0 0 0 0 0 0 0 0 0 0 0 0 0 0 0 0 0 3 0 38140 38134 0 0 110 0 0 0 34676946 10713669 0 0 0 0 0 18126495 0 0 0 
0 0 0 0 0 0 0 0 0 0 0 0 0 0 0 0 0 0 0 0 0 0 0 3 0 38148 38142 0 0 110 0 0 0 34787759 10737164 0 0 0 0 0 18168529 0 0 0 
0 0 0 0 0 0 0 0 0 0 0 0 0 0 0 0 0 0 0 0 0 0 0 3 0 38164 38158 0 0 110 0 0 0 34841569 10764782 0 0 0 0 0 18212500 0 0 0 
0 0 0 0 0 0 0 0 0 0 0 0 0 0 0 0 0 0 0 0 0 0 0 3 0 38172 38166 0 0 110 0 0 0 34970573 10800756 0 0 0 0 0 18269401 0 0 0 
0 0 0 0 0 0 0 0 0 0 0 0 0 0 0 0 0 0 0 0 0 0 0 3 0 38172 38166 0 0 110 0 0 0 35070170 10840428 0 0 0 0 0 18338279 0 0 0 
0 0 0 0 0 0 0 0 0 0 0 0 0 0 0 0 0 0 0 0 0 0 0 3 0 38184 38174 0 0 110 0 0 0 35147802 10855224 0 0 0 0 0 18365542 0 0 0 
0 0 0 0 0 0 0 0 0 0 0 0 0 0 0 0 0 0 0 0 0 0 0 3 0 38196 38190 0 0 110 0 0 0 35223069 10892272 0 0 0 0 0 18424244 0 0 0 
0 0 0 0 0 0 0 0 0 0 0 0 0 0 0 0 0 0 0 0 0 0 0 3 0 38204 38198 0 0 110 0 0 0 35347945 10932017 0 0 0 0 0 18482973 0 0 0 
0 0 0 0 0 0 0 0 0 0 0 0 0 0 0 0 0 0 0 0 0 0 0 3 0 38204 38198 0 0 110 0 0 0 35472515 10970250 0 0 0 0 0 18543765 0 0 0 
0 0 0 0 0 0 0 0 0 0 0 0 0 0 0 0 0 0 0 0 0 0 0 3 0 38228 38222 0 0 110 0 0 0 35511241 10979257 0 0 0 0 0 18564301 0 0 0 
0 0 0 0 0 0 0 0 0 0 0 0 0 0 0 0 0 0 0 0 0 0 0 3 0 38228 38222 0 0 110 0 0 0 35613264 11018254 0 0 0 0 0 18632835 0 0 0 
0 0 0 0 0 0 0 0 0 0 0 0 0 0 0 0 0 0 0 0 0 0 0 3 0 38236 38230 0 0 110 0 0 0 35732537 11066439 0 0 0 0 0 18700386 0 0 0 
0 0 0 0 0 0 0 0 0 0 0 0 0 0 0 0 0 0 0 0 0 0 0 3 0 38244 38238 0 0 110 0 0 0 35847582 11091352 0 0 0 0 0 18744789 0 0 0 
0 0 0 0 0 0 0 0 0 0 0 0 0 0 0 0 0 0 0 0 0 0 0 3 0 38260 38254 0 0 110 0 0 0 35894695 11111734 0 0 0 0 0 18782344 0 0 0 
0 0 0 0 0 0 0 0 0 0 0 0 0 0 0 0 0 0 0 0 0 0 0 3 0 38262 38254 0 0 110 0 0 0 36021232 11148815 0 0 0 0 0 18841075 0 0 0 
0 0 0 0 0 0 0 0 0 0 0 0 0 0 0 0 0 0 0 0 0 0 0 3 0 38268 38262 0 0 110 0 0 0 36118527 11191226 0 0 0 0 0 18908527 0 0 0 
0 0 0 0 0 0 0 0 0 0 0 0 0 0 0 0 0 0 0 0 0 0 0 3 0 38276 38270 0 0 110 0 0 0 36213219 11209421 0 0 0 0 0 18946049 0 0 0 
0 0 0 0 0 0 0 0 0 0 0 0 0 0 0 0 0 0 0 0 0 0 0 3 0 38292 38286 0 0 110 0 0 0 36273726 11241881 0 0 0 0 0 18997238 0 0 0 
0 0 0 0 0 0 0 0 0 0 0 0 0 0 0 0 0 0 0 0 0 0 0 3 0 38300 38294 0 0 110 0 0 0 36398753 11276424 0 0 0 0 0 19049795 0 0 0 
0 0 0 0 0 0 0 0 0 0 0 0 0 0 0 0 0 0 0 0 0 0 0 3 0 38300 38294 0 0 110 0 0 0 36502349 11314720 0 0 0 0 0 19116260 0 0 0 
0 0 0 0 0 0 0 0 0 0 0 0 0 0 0 0 0 0 0 0 0 0 0 3 0 38314 38302 0 0 110 0 0 0 36575053 11327485 0 0 0 0 0 19144179 0 0 0 
0 0 0 0 0 0 0 0 0 0 0 0 0 0 0 0 0 0 0 0 0 0 0 3 0 38324 38318 0 0 110 0 0 0 36654937 11365858 0 0 0 0 0 19205081 0 0 0 
0 0 0 0 0 0 0 0 0 0 0 0 0 0 0 0 0 0 0 0 0 0 0 3 0 38332 38326 0 0 110 0 0 0 36781207 11410594 0 0 0 0 0 19268942 0 0 0 
0 0 0 0 0 0 0 0 0 0 0 0 0 0 0 0 0 0 0 0 0 0 0 3 0 38335 38326 0 0 110 0 0 0 36907651 11445184 0 0 0 0 0 19323681 0 0 0 
0 0 0 0 0 0 0 0 0 0 0 0 0 0 0 0 0 0 0 0 0 0 0 3 0 38356 38350 0 0 110 0 0 0 36934752 11446528 0 0 0 0 0 19338408 0 0 0 
0 0 0 0 0 0 0 0 0 0 0 0 0 0 0 0 0 0 0 0 0 0 0 3 0 38356 38350 0 0 110 0 0 0 37035261 11488533 0 0 0 0 0 19409337 0 0 0 
0 0 0 0 0 0 0 0 0 0 0 0 0 0 0 0 0 0 0 0 0 0 0 3 0 38364 38358 0 0 110 0 0 0 37158194 11537294 0 0 0 0 0 19477380 0 0 0 
0 0 0 0 0 0 0 0 0 0 0 0 0 0 0 0 0 0 0 0 0 0 0 3 0 38372 38366 0 0 110 0 0 0 37276499 11563606 0 0 0 0 0 19524052 0 0 0 
0 0 0 0 0 0 0 0 0 0 0 0 0 0 0 0 0 0 0 0 0 0 0 3 0 38388 38382 0 0 110 0 0 0 37316821 11575252 0 0 0 0 0 19553807 0 0 0 
0 0 0 0 0 0 0 0 0 0 0 0 0 0 0 0 0 0 0 0 0 0 0 3 0 38388 38382 0 0 110 0 0 0 37424387 11611860 0 0 0 0 0 19618411 0 0 0 
0 0 0 0 0 0 0 0 0 0 0 0 0 0 0 0 0 0 0 0 0 0 0 3 0 38396 38390 0 0 110 0 0 0 37543760 11659895 0 0 0 0 0 19688112 0 0 0 
0 0 0 0 0 0 0 0 0 0 0 0 0 0 0 0 0 0 0 0 0 0 0 3 0 38404 38398 0 0 110 0 0 0 37648088 11681662 0 0 0 0 0 19728281 0 0 0 
0 0 0 0 0 0 0 0 0 0 0 0 0 0 0 0 0 0 0 0 0 0 0 3 0 38420 38414 0 0 110 0 0 0 37704088 11709712 0 0 0 0 0 19776192 0 0 0 
0 0 0 0 0 0 0 0 0 0 0 0 0 0 0 0 0 0 0 0 0 0 0 3 0 38428 38422 0 0 110 0 0 0 37832498 11742948 0 0 0 0 0 19829599 0 0 0 
0 0 0 0 0 0 0 0 0 0 0 0 0 0 0 0 0 0 0 0 0 0 0 3 0 38428 38422 0 0 110 0 0 0 37931399 11783557 0 0 0 0 0 19899794 0 0 0 
0 0 0 0 0 0 0 0 0 0 0 0 0 0 0 0 0 0 0 0 0 0 0 3 0 38437 38430 0 0 110 0 0 0 38013505 11799718 0 0 0 0 0 19928549 0 0 0 
0 0 0 0 0 0 0 0 0 0 0 0 0 0 0 0 0 0 0 0 0 0 0 3 0 38452 38446 0 0 110 0 0 0 38085786 11835946 0 0 0 0 0 19986024 0 0 0 
0 0 0 0 0 0 0 0 0 0 0 0 0 0 0 0 0 0 0 0 0 0 0 3 0 38460 38453 0 0 110 0 0 0 38209358 11872648 0 0 0 0 0 20042876 0 0 0 
0 0 0 0 0 0 0 0 0 0 0 0 0 0 0 0 0 0 0 0 0 0 0 3 0 38460 38453 0 0 110 0 0 0 38317907 11908327 0 0 0 0 0 20104688 0 0 0 
0 0 0 0 0 0 0 0 0 0 0 0 0 0 0 0 0 0 0 0 0 0 0 3 0 38476 38469 0 0 110 0 0 0 38374012 11918138 0 0 0 0 0 20124945 0 0 0 
0 0 0 0 0 0 0 0 0 0 0 0 0 0 0 0 0 0 0 0 0 0 0 3 0 38484 38477 0 0 110 0 0 0 38471004 11960077 0 0 0 0 0 20194913 0 0 0 
0 0 0 0 0 0 0 0 0 0 0 0 0 0 0 0 0 0 0 0 0 0 0 3 0 38492 38485 0 0 110 0 0 0 38592802 12008529 0 0 0 0 0 20261286 0 0 0 
0 0 0 0 0 0 0 0 0 0 0 0 0 0 0 0 0 0 0 0 0 0 0 3 0 38500 38493 0 0 110 0 0 0 38710355 12035824 0 0 0 0 0 20308144 0 0 0 
0 0 0 0 0 0 0 0 0 0 0 0 0 0 0 0 0 0 0 0 0 0 0 3 38506 0 0 0 0 0 110 0 0 12041219 21204433 17511665 0 0 0 20313594 0 0 0 0 
0 0 0 0 0 0 0 0 0 0 0 0 0 0 0 0 0 0 0 0 0 0 0 3 38506 0 0 0 0 0 110 0 0 12041219 21204433 17511665 0 0 0 20313594 0 0 0 0 
0 0 0 0 0 0 0 0 0 0 0 0 0 0 0 0 0 0 0 0 0 0 0 3 38506 0 0 0 0 0 110 0 0 12041219 21204433 17511665 0 0 0 20313594 0 0 0 0 
0 0 0 0 0 0 0 0 0 0 0 0 0 0 0 0 0 0 0 0 0 0 0 3 38506 0 0 0 0 0 110 0 0 12041219 21204433 17511665 0 0 0 20313594 0 0 0 0 
