0 0 0 0 0 0 0 0 0 0 0 0 0 0 0 0 0 0 0 0 0 0 0 3 0 12472 12468 0 0 25 0 0 0 8548053 2613540 0 0 0 0 0 4407535 0 0 0 
0 0 0 0 0 0 0 0 0 0 0 0 0 0 0 0 0 0 0 0 0 0 0 3 12471 0 0 0 0 0 25 0 0 2613457 4547520 3999736 0 0 0 4407870 0 0 0 0 
0 0 0 0 0 0 0 0 0 0 0 0 0 0 0 0 0 0 0 0 0 0 0 3 0 12472 12468 0 0 25 0 0 0 8548053 2613540 0 0 0 0 0 4407535 0 0 0 
0 0 0 0 0 0 0 0 0 0 0 0 0 0 0 0 0 0 0 0 0 0 0 3 12471 0 0 0 0 0 25 0 0 2613457 4547520 3999736 0 0 0 4407870 0 0 0 0 
0 0 0 0 0 0 0 0 0 0 0 0 0 0 0 0 0 0 0 0 0 0 0 3 0 12472 12468 0 0 25 0 0 0 8548053 2613540 0 0 0 0 0 4407535 0 0 0 
0 0 0 0 0 0 0 0 0 0 0 0 0 0 0 0 0 0 0 0 0 0 0 3 12471 0 0 0 0 0 25 0 0 2613457 4547520 3999736 0 0 0 4407870 0 0 0 0 
0 0 0 0 0 0 0 0 0 0 0 0 0 0 0 0 0 0 0 0 0 0 0 3 0 12472 12468 0 0 25 0 0 0 8548053 2613540 0 0 0 0 0 4407535 0 0 0 
0 0 0 0 0 0 0 0 0 0 0 0 0 0 0 0 0 0 0 0 0 0 0 3 12471 0 0 0 0 0 25 0 0 2613457 4547520 3999736 0 0 0 4407870 0 0 0 0 
0 0 0 0 0 0 0 0 0 0 0 0 0 0 0 0 0 0 0 0 0 0 0 3 0 12472 12468 0 0 25 0 0 0 8548053 2613540 0 0 0 0 0 4407535 0 0 0 
0 0 0 0 0 0 0 0 0 0 0 0 0 0 0 0 0 0 0 0 0 0 0 3 12471 0 0 0 0 0 25 0 0 2613457 4547520 3999736 0 0 0 4407870 0 0 0 0 
====>
0 0 0 0 0 0 0 0 0 0 0 0 0 0 0 0 0 0 0 0 0 0 0 3 0 12472 12468 0 0 25 0 0 0 8548053 2613540 0 0 0 0 0 4407535 0 0 0 
0 0 0 0 0 0 0 0 0 0 0 0 0 0 0 0 0 0 0 0 0 0 0 3 12471 0 0 0 0 0 25 0 0 2613457 4547520 3999736 0 0 0 4407870 0 0 0 0 
0 0 0 0 0 0 0 0 0 0 0 0 0 0 0 0 0 0 0 0 0 0 0 3 0 12472 12468 0 0 25 0 0 0 8548053 2613540 0 0 0 0 0 4407535 0 0 0 
0 0 0 0 0 0 0 0 0 0 0 0 0 0 0 0 0 0 0 0 0 0 0 3 12471 0 0 0 0 0 25 0 0 2613457 4547520 3999736 0 0 0 4407870 0 0 0 0 
0 0 0 0 0 0 0 0 0 0 0 0 0 0 0 0 0 0 0 0 0 0 0 3 0 12472 12468 0 0 25 0 0 0 8548053 2613540 0 0 0 0 0 4407535 0 0 0 
0 0 0 0 0 0 0 0 0 0 0 0 0 0 0 0 0 0 0 0 0 0 0 3 12471 0 0 0 0 0 25 0 0 2613457 4547520 3999736 0 0 0 4407870 0 0 0 0 
0 0 0 0 0 0 0 0 0 0 0 0 0 0 0 0 0 0 0 0 0 0 0 3 0 12472 12468 0 0 25 0 0 0 8548053 2613540 0 0 0 0 0 4407535 0 0 0 
0 0 0 0 0 0 0 0 0 0 0 0 0 0 0 0 0 0 0 0 0 0 0 3 12471 0 0 0 0 0 25 0 0 2613457 4547520 3999736 0 0 0 4407870 0 0 0 0 
0 0 0 0 0 0 0 0 0 0 0 0 0 0 0 0 0 0 0 0 0 0 0 3 0 12472 12468 0 0 25 0 0 0 8548053 2613540 0 0 0 0 0 4407535 0 0 0 
0 0 0 0 0 0 0 0 0 0 0 0 0 0 0 0 0 0 0 0 0 0 0 3 12471 0 0 0 0 0 25 0 0 2613457 4547520 3999736 0 0 0 4407870 0 0 0 0 
0 0 0 0 0 0 0 0 0 0 0 0 0 0 0 0 0 0 0 0 0 0 0 3 0 12472 12468 0 0 25 0 0 0 8548053 2613540 0 0 0 0 0 4407535 0 0 0 
0 0 0 0 0 0 0 0 0 0 0 0 0 0 0 0 0 0 0 0 0 0 0 3 12471 0 0 0 0 0 25 0 0 2613457 4547520 3999736 0 0 0 4407870 0 0 0 0 
0 0 0 0 0 0 0 0 0 0 0 0 0 0 0 0 0 0 0 0 0 0 0 3 0 12472 12468 0 0 25 0 0 0 8548053 2613540 0 0 0 0 0 4407535 0 0 0 
0 0 0 0 0 0 0 0 0 0 0 0 0 0 0 0 0 0 0 0 0 0 0 3 12471 0 0 0 0 0 25 0 0 2613457 4547520 3999736 0 0 0 4407870 0 0 0 0 
0 0 0 0 0 0 0 0 0 0 0 0 0 0 0 0 0 0 0 0 0 0 0 3 0 12472 12468 0 0 25 0 0 0 8548053 2613540 0 0 0 0 0 4407535 0 0 0 
0 0 0 0 0 0 0 0 0 0 0 0 0 0 0 0 0 0 0 0 0 0 0 3 12471 0 0 0 0 0 25 0 0 2613457 4547520 3999736 0 0 0 4407870 0 0 0 0 
0 0 0 0 0 0 0 0 0 0 0 0 0 0 0 0 0 0 0 0 0 0 0 3 0 12472 12468 0 0 25 0 0 0 8548053 2613540 0 0 0 0 0 4407535 0 0 0 
0 0 0 0 0 0 0 0 0 0 0 0 0 0 0 0 0 0 0 0 0 0 0 3 12471 0 0 0 0 0 25 0 0 2613457 4547520 3999736 0 0 0 4407870 0 0 0 0 
0 0 0 0 0 0 0 0 0 0 0 0 0 0 0 0 0 0 0 0 0 0 0 3 0 12472 12468 0 0 25 0 0 0 8548053 2613540 0 0 0 0 0 4407535 0 0 0 
0 0 0 0 0 0 0 0 0 0 0 0 0 0 0 0 0 0 0 0 0 0 0 3 12471 0 0 0 0 0 25 0 0 2613457 4547520 3999736 0 0 0 4407870 0 0 0 0 
0 0 0 0 0 0 0 0 0 0 0 0 0 0 0 0 0 0 0 0 0 0 0 3 0 12472 12468 0 0 25 0 0 0 8548053 2613540 0 0 0 0 0 4407535 0 0 0 
0 0 0 0 0 0 0 0 0 0 0 0 0 0 0 0 0 0 0 0 0 0 0 3 12471 0 0 0 0 0 25 0 0 2613457 4547520 3999736 0 0 0 4407870 0 0 0 0 
0 0 0 0 0 0 0 0 0 0 0 0 0 0 0 0 0 0 0 0 0 0 0 3 0 12472 12468 0 0 25 0 0 0 8548053 2613540 0 0 0 0 0 4407535 0 0 0 
0 0 0 0 0 0 0 0 0 0 0 0 0 0 0 0 0 0 0 0 0 0 0 3 12471 0 0 0 0 0 25 0 0 2613457 4547520 3999736 0 0 0 4407870 0 0 0 0 
0 0 0 0 0 0 0 0 0 0 0 0 0 0 0 0 0 0 0 0 0 0 0 3 0 12472 12468 0 0 25 0 0 0 8548053 2613540 0 0 0 0 0 4407535 0 0 0 
0 0 0 0 0 0 0 0 0 0 0 0 0 0 0 0 0 0 0 0 0 0 0 3 12471 0 0 0 0 0 25 0 0 2613457 4547520 3999736 0 0 0 4407870 0 0 0 0 
0 0 0 0 0 0 0 0 0 0 0 0 0 0 0 0 0 0 0 0 0 0 0 3 0 12472 12468 0 0 25 0 0 0 8548053 2613540 0 0 0 0 0 4407535 0 0 0 
0 0 0 0 0 0 0 0 0 0 0 0 0 0 0 0 0 0 0 0 0 0 0 3 12471 0 0 0 0 0 25 0 0 2613457 4547520 3999736 0 0 0 4407870 0 0 0 0 
0 0 0 0 0 0 0 0 0 0 0 0 0 0 0 0 0 0 0 0 0 0 0 3 0 12472 12468 0 0 25 0 0 0 8548053 2613540 0 0 0 0 0 4407535 0 0 0 
0 0 0 0 0 0 0 0 0 0 0 0 0 0 0 0 0 0 0 0 0 0 0 3 12471 0 0 0 0 0 25 0 0 2613457 4547520 3999736 0 0 0 4407870 0 0 0 0 
0 0 0 0 0 0 0 0 0 0 0 0 0 0 0 0 0 0 0 0 0 0 0 3 0 12472 12468 0 0 25 0 0 0 8548053 2613540 0 0 0 0 0 4407535 0 0 0 
0 0 0 0 0 0 0 0 0 0 0 0 0 0 0 0 0 0 0 0 0 0 0 3 12471 0 0 0 0 0 25 0 0 2613457 4547520 3999736 0 0 0 4407870 0 0 0 0 
0 0 0 0 0 0 0 0 0 0 0 0 0 0 0 0 0 0 0 0 0 0 0 3 0 12472 12468 0 0 25 0 0 0 8548053 2613540 0 0 0 0 0 4407535 0 0 0 
0 0 0 0 0 0 0 0 0 0 0 0 0 0 0 0 0 0 0 0 0 0 0 3 12471 0 0 0 0 0 25 0 0 2613457 4547520 3999736 0 0 0 4407870 0 0 0 0 
0 0 0 0 0 0 0 0 0 0 0 0 0 0 0 0 0 0 0 0 0 0 0 3 0 12472 12468 0 0 25 0 0 0 8548053 2613540 0 0 0 0 0 4407535 0 0 0 
0 0 0 0 0 0 0 0 0 0 0 0 0 0 0 0 0 0 0 0 0 0 0 3 12471 0 0 0 0 0 25 0 0 2613457 4547520 3999736 0 0 0 4407870 0 0 0 0 
0 0 0 0 0 0 0 0 0 0 0 0 0 0 0 0 0 0 0 0 0 0 0 3 0 12472 12468 0 0 25 0 0 0 8548053 2613540 0 0 0 0 0 4407535 0 0 0 
0 0 0 0 0 0 0 0 0 0 0 0 0 0 0 0 0 0 0 0 0 0 0 3 12471 0 0 0 0 0 25 0 0 2613457 4547520 3999736 0 0 0 4407870 0 0 0 0 
0 0 0 0 0 0 0 0 0 0 0 0 0 0 0 0 0 0 0 0 0 0 0 3 0 12472 12468 0 0 25 0 0 0 8548053 2613540 0 0 0 0 0 4407535 0 0 0 
0 0 0 0 0 0 0 0 0 0 0 0 0 0 0 0 0 0 0 0 0 0 0 3 12471 0 0 0 0 0 25 0 0 2613457 4547520 3999736 0 0 0 4407870 0 0 0 0 
0 0 0 0 0 0 0 0 0 0 0 0 0 0 0 0 0 0 0 0 0 0 0 3 0 12472 12468 0 0 25 0 0 0 8548053 2613540 0 0 0 0 0 4407535 0 0 0 
0 0 0 0 0 0 0 0 0 0 0 0 0 0 0 0 0 0 0 0 0 0 0 3 12471 0 0 0 0 0 25 0 0 2613457 4547520 3999736 0 0 0 4407870 0 0 0 0 
0 0 0 0 0 0 0 0 0 0 0 0 0 0 0 0 0 0 0 0 0 0 0 3 0 12472 12468 0 0 25 0 0 0 8548053 2613540 0 0 0 0 0 4407535 0 0 0 
0 0 0 0 0 0 0 0 0 0 0 0 0 0 0 0 0 0 0 0 0 0 0 3 12471 0 0 0 0 0 25 0 0 2613457 4547520 3999736 0 0 0 4407870 0 0 0 0 
0 0 0 0 0 0 0 0 0 0 0 0 0 0 0 0 0 0 0 0 0 0 0 3 0 12472 12468 0 0 25 0 0 0 8548053 2613540 0 0 0 0 0 4407535 0 0 0 
0 0 0 0 0 0 0 0 0 0 0 0 0 0 0 0 0 0 0 0 0 0 0 3 12471 0 0 0 0 0 25 0 0 2613457 4547520 3999736 0 0 0 4407870 0 0 0 0 
0 0 0 0 0 0 0 0 0 0 0 0 0 0 0 0 0 0 0 0 0 0 0 3 0 12472 12468 0 0 25 0 0 0 8548053 2613540 0 0 0 0 0 4407535 0 0 0 
0 0 0 0 0 0 0 0 0 0 0 0 0 0 0 0 0 0 0 0 0 0 0 3 12471 0 0 0 0 0 25 0 0 2613457 4547520 3999736 0 0 0 4407870 0 0 0 0 
0 0 0 0 0 0 0 0 0 0 0 0 0 0 0 0 0 0 0 0 0 0 0 3 0 12472 12468 0 0 25 0 0 0 8548053 2613540 0 0 0 0 0 4407535 0 0 0 
0 0 0 0 0 0 0 0 0 0 0 0 0 0 0 0 0 0 0 0 0 0 0 3 12471 0 0 0 0 0 25 0 0 2613457 4547520 3999736 0 0 0 4407870 0 0 0 0 
0 0 0 0 0 0 0 0 0 0 0 0 0 0 0 0 0 0 0 0 0 0 0 3 0 12472 12468 0 0 25 0 0 0 8548053 2613540 0 0 0 0 0 4407535 0 0 0 
0 0 0 0 0 0 0 0 0 0 0 0 0 0 0 0 0 0 0 0 0 0 0 3 12471 0 0 0 0 0 25 0 0 2613457 4547520 3999736 0 0 0 4407870 0 0 0 0 
0 0 0 0 0 0 0 0 0 0 0 0 0 0 0 0 0 0 0 0 0 0 0 3 0 12472 12468 0 0 25 0 0 0 8548053 2613540 0 0 0 0 0 4407535 0 0 0 
0 0 0 0 0 0 0 0 0 0 0 0 0 0 0 0 0 0 0 0 0 0 0 3 12471 0 0 0 0 0 25 0 0 2613457 4547520 3999736 0 0 0 4407870 0 0 0 0 
0 0 0 0 0 0 0 0 0 0 0 0 0 0 0 0 0 0 0 0 0 0 0 3 0 12472 12468 0 0 25 0 0 0 8548053 2613540 0 0 0 0 0 4407535 0 0 0 
0 0 0 0 0 0 0 0 0 0 0 0 0 0 0 0 0 0 0 0 0 0 0 3 12471 0 0 0 0 0 25 0 0 2613457 4547520 3999736 0 0 0 4407870 0 0 0 0 
0 0 0 0 0 0 0 0 0 0 0 0 0 0 0 0 0 0 0 0 0 0 0 3 0 12472 12468 0 0 25 0 0 0 8548053 2613540 0 0 0 0 0 4407535 0 0 0 
0 0 0 0 0 0 0 0 0 0 0 0 0 0 0 0 0 0 0 0 0 0 0 3 12471 0 0 0 0 0 25 0 0 2613457 4547520 3999736 0 0 0 4407870 0 0 0 0 
0 0 0 0 0 0 0 0 0 0 0 0 0 0 0 0 0 0 0 0 0 0 0 3 0 12472 12468 0 0 25 0 0 0 8548053 2613540 0 0 0 0 0 4407535 0 0 0 
0 0 0 0 0 0 0 0 0 0 0 0 0 0 0 0 0 0 0 0 0 0 0 3 12471 0 0 0 0 0 25 0 0 2613457 4547520 3999736 0 0 0 4407870 0 0 0 0 
0 0 0 0 0 0 0 0 0 0 0 0 0 0 0 0 0 0 0 0 0 0 0 3 0 12472 12468 0 0 25 0 0 0 8548053 2613540 0 0 0 0 0 4407535 0 0 0 
0 0 0 0 0 0 0 0 0 0 0 0 0 0 0 0 0 0 0 0 0 0 0 3 12471 0 0 0 0 0 25 0 0 2613457 4547520 3999736 0 0 0 4407870 0 0 0 0 
0 0 0 0 0 0 0 0 0 0 0 0 0 0 0 0 0 0 0 0 0 0 0 3 0 12472 12468 0 0 25 0 0 0 8548053 2613540 0 0 0 0 0 4407535 0 0 0 
0 0 0 0 0 0 0 0 0 0 0 0 0 0 0 0 0 0 0 0 0 0 0 3 12471 0 0 0 0 0 25 0 0 2613457 4547520 3999736 0 0 0 4407870 0 0 0 0 
0 0 0 0 0 0 0 0 0 0 0 0 0 0 0 0 0 0 0 0 0 0 0 3 0 12472 12468 0 0 25 0 0 0 8548053 2613540 0 0 0 0 0 4407535 0 0 0 
0 0 0 0 0 0 0 0 0 0 0 0 0 0 0 0 0 0 0 0 0 0 0 3 12471 0 0 0 0 0 25 0 0 2613457 4547520 3999736 0 0 0 4407870 0 0 0 0 
0 0 0 0 0 0 0 0 0 0 0 0 0 0 0 0 0 0 0 0 0 0 0 3 0 12472 12468 0 0 25 0 0 0 8548053 2613540 0 0 0 0 0 4407535 0 0 0 
0 0 0 0 0 0 0 0 0 0 0 0 0 0 0 0 0 0 0 0 0 0 0 3 12471 0 0 0 0 0 25 0 0 2613457 4547520 3999736 0 0 0 4407870 0 0 0 0 
0 0 0 0 0 0 0 0 0 0 0 0 0 0 0 0 0 0 0 0 0 0 0 3 0 12472 12468 0 0 25 0 0 0 8548053 2613540 0 0 0 0 0 4407535 0 0 0 
0 0 0 0 0 0 0 0 0 0 0 0 0 0 0 0 0 0 0 0 0 0 0 3 12471 0 0 0 0 0 25 0 0 2613457 4547520 3999736 0 0 0 4407870 0 0 0 0 
0 0 0 0 0 0 0 0 0 0 0 0 0 0 0 0 0 0 0 0 0 0 0 3 0 12472 12468 0 0 25 0 0 0 8548053 2613540 0 0 0 0 0 4407535 0 0 0 
0 0 0 0 0 0 0 0 0 0 0 0 0 0 0 0 0 0 0 0 0 0 0 3 12471 0 0 0 0 0 25 0 0 2613457 4547520 3999736 0 0 0 4407870 0 0 0 0 
0 0 0 0 0 0 0 0 0 0 0 0 0 0 0 0 0 0 0 0 0 0 0 3 0 12472 12468 0 0 25 0 0 0 8548053 2613540 0 0 0 0 0 4407535 0 0 0 
0 0 0 0 0 0 0 0 0 0 0 0 0 0 0 0 0 0 0 0 0 0 0 3 12471 0 0 0 0 0 25 0 0 2613457 4547520 3999736 0 0 0 4407870 0 0 0 0 
0 0 0 0 0 0 0 0 0 0 0 0 0 0 0 0 0 0 0 0 0 0 0 3 0 12472 12468 0 0 25 0 0 0 8548053 2613540 0 0 0 0 0 4407535 0 0 0 
0 0 0 0 0 0 0 0 0 0 0 0 0 0 0 0 0 0 0 0 0 0 0 3 12471 0 0 0 0 0 25 0 0 2613457 4547520 3999736 0 0 0 4407870 0 0 0 0 
0 0 0 0 0 0 0 0 0 0 0 0 0 0 0 0 0 0 0 0 0 0 0 3 0 12472 12468 0 0 25 0 0 0 8548053 2613540 0 0 0 0 0 4407535 0 0 0 
0 0 0 0 0 0 0 0 0 0 0 0 0 0 0 0 0 0 0 0 0 0 0 3 12471 0 0 0 0 0 25 0 0 2613457 4547520 3999736 0 0 0 4407870 0 0 0 0 
0 0 0 0 0 0 0 0 0 0 0 0 0 0 0 0 0 0 0 0 0 0 0 3 0 12472 12468 0 0 25 0 0 0 8548053 2613540 0 0 0 0 0 4407535 0 0 0 
0 0 0 0 0 0 0 0 0 0 0 0 0 0 0 0 0 0 0 0 0 0 0 3 12471 0 0 0 0 0 25 0 0 2613457 4547520 3999736 0 0 0 4407870 0 0 0 0 
0 0 0 0 0 0 0 0 0 0 0 0 0 0 0 0 0 0 0 0 0 0 0 3 0 12472 12468 0 0 25 0 0 0 8548053 2613540 0 0 0 0 0 4407535 0 0 0 
0 0 0 0 0 0 0 0 0 0 0 0 0 0 0 0 0 0 0 0 0 0 0 3 12471 0 0 0 0 0 25 0 0 2613457 4547520 3999736 0 0 0 4407870 0 0 0 0 
0 0 0 0 0 0 0 0 0 0 0 0 0 0 0 0 0 0 0 0 0 0 0 3 0 12472 12468 0 0 25 0 0 0 8548053 2613540 0 0 0 0 0 4407535 0 0 0 
0 0 0 0 0 0 0 0 0 0 0 0 0 0 0 0 0 0 0 0 0 0 0 3 12471 0 0 0 0 0 25 0 0 2613457 4547520 3999736 0 0 0 4407870 0 0 0 0 
0 0 0 0 0 0 0 0 0 0 0 0 0 0 0 0 0 0 0 0 0 0 0 3 0 12472 12468 0 0 25 0 0 0 8548053 2613540 0 0 0 0 0 4407535 0 0 0 
0 0 0 0 0 0 0 0 0 0 0 0 0 0 0 0 0 0 0 0 0 0 0 3 12471 0 0 0 0 0 25 0 0 2613457 4547520 3999736 0 0 0 4407870 0 0 0 0 
0 0 0 0 0 0 0 0 0 0 0 0 0 0 0 0 0 0 0 0 0 0 0 3 0 12472 12468 0 0 25 0 0 0 8548053 2613540 0 0 0 0 0 4407535 0 0 0 
0 0 0 0 0 0 0 0 0 0 0 0 0 0 0 0 0 0 0 0 0 0 0 3 12471 0 0 0 0 0 25 0 0 2613457 4547520 3999736 0 0 0 4407870 0 0 0 0 
0 0 0 0 0 0 0 0 0 0 0 0 0 0 0 0 0 0 0 0 0 0 0 3 0 12472 12468 0 0 25 0 0 0 8548053 2613540 0 0 0 0 0 4407535 0 0 0 
0 0 0 0 0 0 0 0 0 0 0 0 0 0 0 0 0 0 0 0 0 0 0 3 12471 0 0 0 0 0 25 0 0 2613457 4547520 3999736 0 0 0 4407870 0 0 0 0 
0 0 0 0 0 0 0 0 0 0 0 0 0 0 0 0 0 0 0 0 0 0 0 3 0 12472 12468 0 0 25 0 0 0 8548053 2613540 0 0 0 0 0 4407535 0 0 0 
0 0 0 0 0 0 0 0 0 0 0 0 0 0 0 0 0 0 0 0 0 0 0 3 12471 0 0 0 0 0 25 0 0 2613457 4547520 3999736 0 0 0 4407870 0 0 0 0 
0 0 0 0 0 0 0 0 0 0 0 0 0 0 0 0 0 0 0 0 0 0 0 3 0 12472 12468 0 0 25 0 0 0 8548053 2613540 0 0 0 0 0 4407535 0 0 0 
0 0 0 0 0 0 0 0 0 0 0 0 0 0 0 0 0 0 0 0 0 0 0 3 12471 0 0 0 0 0 25 0 0 2613457 4547520 3999736 0 0 0 4407870 0 0 0 0 
0 0 0 0 0 0 0 0 0 0 0 0 0 0 0 0 0 0 0 0 0 0 0 3 0 12472 12468 0 0 25 0 0 0 8548053 2613540 0 0 0 0 0 4407535 0 0 0 
0 0 0 0 0 0 0 0 0 0 0 0 0 0 0 0 0 0 0 0 0 0 0 3 12471 0 0 0 0 0 25 0 0 2613457 4547520 3999736 0 0 0 4407870 0 0 0 0 
0 0 0 0 0 0 0 0 0 0 0 0 0 0 0 0 0 0 0 0 0 0 0 3 0 12472 12468 0 0 25 0 0 0 8548053 2613540 0 0 0 0 0 4407535 0 0 0 
0 0 0 0 0 0 0 0 0 0 0 0 0 0 0 0 0 0 0 0 0 0 0 3 12471 0 0 0 0 0 25 0 0 2613457 4547520 3999736 0 0 0 4407870 0 0 0 0 
0 0 0 0 0 0 0 0 0 0 0 0 0 0 0 0 0 0 0 0 0 0 0 3 0 12472 12468 0 0 25 0 0 0 8548053 2613540 0 0 0 0 0 4407535 0 0 0 
0 0 0 0 0 0 0 0 0 0 0 0 0 0 0 0 0 0 0 0 0 0 0 3 12471 0 0 0 0 0 25 0 0 2613457 4547520 3999736 0 0 0 4407870 0 0 0 0 
0 0 0 0 0 0 0 0 0 0 0 0 0 0 0 0 0 0 0 0 0 0 0 3 0 12472 12468 0 0 25 0 0 0 8548053 2613540 0 0 0 0 0 4407535 0 0 0 
0 0 0 0 0 0 0 0 0 0 0 0 0 0 0 0 0 0 0 0 0 0 0 3 12471 0 0 0 0 0 25 0 0 2613457 4547520 3999736 0 0 0 4407870 0 0 0 0 
0 0 0 0 0 0 0 0 0 0 0 0 0 0 0 0 0 0 0 0 0 0 0 3 0 12472 12468 0 0 25 0 0 0 8548053 2613540 0 0 0 0 0 4407535 0 0 0 
0 0 0 0 0 0 0 0 0 0 0 0 0 0 0 0 0 0 0 0 0 0 0 3 12471 0 0 0 0 0 25 0 0 2613457 4547520 3999736 0 0 0 4407870 0 0 0 0 
0 0 0 0 0 0 0 0 0 0 0 0 0 0 0 0 0 0 0 0 0 0 0 3 0 12472 12468 0 0 25 0 0 0 8548053 2613540 0 0 0 0 0 4407535 0 0 0 
0 0 0 0 0 0 0 0 0 0 0 0 0 0 0 0 0 0 0 0 0 0 0 3 12471 0 0 0 0 0 25 0 0 2613457 4547520 3999736 0 0 0 4407870 0 0 0 0 
0 0 0 0 0 0 0 0 0 0 0 0 0 0 0 0 0 0 0 0 0 0 0 3 0 12472 12468 0 0 25 0 0 0 8548053 2613540 0 0 0 0 0 4407535 0 0 0 
0 0 0 0 0 0 0 0 0 0 0 0 0 0 0 0 0 0 0 0 0 0 0 3 12471 0 0 0 0 0 25 0 0 2613457 4547520 3999736 0 0 0 4407870 0 0 0 0 
0 0 0 0 0 0 0 0 0 0 0 0 0 0 0 0 0 0 0 0 0 0 0 3 0 12472 12468 0 0 25 0 0 0 8548053 2613540 0 0 0 0 0 4407535 0 0 0 
0 0 0 0 0 0 0 0 0 0 0 0 0 0 0 0 0 0 0 0 0 0 0 3 12471 0 0 0 0 0 25 0 0 2613457 4547520 3999736 0 0 0 4407870 0 0 0 0 
0 0 0 0 0 0 0 0 0 0 0 0 0 0 0 0 0 0 0 0 0 0 0 3 0 12472 12468 0 0 25 0 0 0 8548053 2613540 0 0 0 0 0 4407535 0 0 0 
0 0 0 0 0 0 0 0 0 0 0 0 0 0 0 0 0 0 0 0 0 0 0 3 12471 0 0 0 0 0 25 0 0 2613457 4547520 3999736 0 0 0 4407870 0 0 0 0 
0 0 0 0 0 0 0 0 0 0 0 0 0 0 0 0 0 0 0 0 0 0 0 3 0 12472 12468 0 0 25 0 0 0 8548053 2613540 0 0 0 0 0 4407535 0 0 0 
0 0 0 0 0 0 0 0 0 0 0 0 0 0 0 0 0 0 0 0 0 0 0 3 12471 0 0 0 0 0 25 0 0 2613457 4547520 3999736 0 0 0 4407870 0 0 0 0 
0 0 0 0 0 0 0 0 0 0 0 0 0 0 0 0 0 0 0 0 0 0 0 3 0 12472 12468 0 0 25 0 0 0 8548053 2613540 0 0 0 0 0 4407535 0 0 0 
0 0 0 0 0 0 0 0 0 0 0 0 0 0 0 0 0 0 0 0 0 0 0 3 12471 0 0 0 0 0 25 0 0 2613457 4547520 3999736 0 0 0 4407870 0 0 0 0 
0 0 0 0 0 0 0 0 0 0 0 0 0 0 0 0 0 0 0 0 0 0 0 3 0 12472 12468 0 0 25 0 0 0 8548053 2613540 0 0 0 0 0 4407535 0 0 0 
0 0 0 0 0 0 0 0 0 0 0 0 0 0 0 0 0 0 0 0 0 0 0 3 12471 0 0 0 0 0 25 0 0 2613457 4547520 3999736 0 0 0 4407870 0 0 0 0 
0 0 0 0 0 0 0 0 0 0 0 0 0 0 0 0 0 0 0 0 0 0 0 3 0 12472 12468 0 0 25 0 0 0 8548053 2613540 0 0 0 0 0 4407535 0 0 0 
0 0 0 0 0 0 0 0 0 0 0 0 0 0 0 0 0 0 0 0 0 0 0 3 12471 0 0 0 0 0 25 0 0 2613457 4547520 3999736 0 0 0 4407870 0 0 0 0 
0 0 0 0 0 0 0 0 0 0 0 0 0 0 0 0 0 0 0 0 0 0 0 3 0 12472 12468 0 0 25 0 0 0 8548053 2613540 0 0 0 0 0 4407535 0 0 0 
0 0 0 0 0 0 0 0 0 0 0 0 0 0 0 0 0 0 0 0 0 0 0 3 12471 0 0 0 0 0 25 0 0 2613457 4547520 3999736 0 0 0 4407870 0 0 0 0 
0 0 0 0 0 0 0 0 0 0 0 0 0 0 0 0 0 0 0 0 0 0 0 3 0 12472 12468 0 0 25 0 0 0 8548053 2613540 0 0 0 0 0 4407535 0 0 0 
0 0 0 0 0 0 0 0 0 0 0 0 0 0 0 0 0 0 0 0 0 0 0 3 12471 0 0 0 0 0 25 0 0 2613457 4547520 3999736 0 0 0 4407870 0 0 0 0 
0 0 0 0 0 0 0 0 0 0 0 0 0 0 0 0 0 0 0 0 0 0 0 3 0 12472 12468 0 0 25 0 0 0 8548053 2613540 0 0 0 0 0 4407535 0 0 0 
0 0 0 0 0 0 0 0 0 0 0 0 0 0 0 0 0 0 0 0 0 0 0 3 12471 0 0 0 0 0 25 0 0 2613457 4547520 3999736 0 0 0 4407870 0 0 0 0 
0 0 0 0 0 0 0 0 0 0 0 0 0 0 0 0 0 0 0 0 0 0 0 3 0 12472 12468 0 0 25 0 0 0 8548053 2613540 0 0 0 0 0 4407535 0 0 0 
0 0 0 0 0 0 0 0 0 0 0 0 0 0 0 0 0 0 0 0 0 0 0 3 12471 0 0 0 0 0 25 0 0 2613457 4547520 3999736 0 0 0 4407870 0 0 0 0 
0 0 0 0 0 0 0 0 0 0 0 0 0 0 0 0 0 0 0 0 0 0 0 3 0 12472 12468 0 0 25 0 0 0 8548053 2613540 0 0 0 0 0 4407535 0 0 0 
0 0 0 0 0 0 0 0 0 0 0 0 0 0 0 0 0 0 0 0 0 0 0 3 12471 0 0 0 0 0 25 0 0 2613457 4547520 3999736 0 0 0 4407870 0 0 0 0 
0 0 0 0 0 0 0 0 0 0 0 0 0 0 0 0 0 0 0 0 0 0 0 3 0 12472 12468 0 0 25 0 0 0 8548053 2613540 0 0 0 0 0 4407535 0 0 0 
0 0 0 0 0 0 0 0 0 0 0 0 0 0 0 0 0 0 0 0 0 0 0 3 12471 0 0 0 0 0 25 0 0 2613457 4547520 3999736 0 0 0 4407870 0 0 0 0 
0 0 0 0 0 0 0 0 0 0 0 0 0 0 0 0 0 0 0 0 0 0 0 3 0 12472 12468 0 0 25 0 0 0 8548053 2613540 0 0 0 0 0 4407535 0 0 0 
0 0 0 0 0 0 0 0 0 0 0 0 0 0 0 0 0 0 0 0 0 0 0 3 12471 0 0 0 0 0 25 0 0 2613457 4547520 3999736 0 0 0 4407870 0 0 0 0 
0 0 0 0 0 0 0 0 0 0 0 0 0 0 0 0 0 0 0 0 0 0 0 3 0 12472 12468 0 0 25 0 0 0 8548053 2613540 0 0 0 0 0 4407535 0 0 0 
0 0 0 0 0 0 0 0 0 0 0 0 0 0 0 0 0 0 0 0 0 0 0 3 12471 0 0 0 0 0 25 0 0 2613457 4547520 3999736 0 0 0 4407870 0 0 0 0 
0 0 0 0 0 0 0 0 0 0 0 0 0 0 0 0 0 0 0 0 0 0 0 3 0 12472 12468 0 0 25 0 0 0 8548053 2613540 0 0 0 0 0 4407535 0 0 0 
0 0 0 0 0 0 0 0 0 0 0 0 0 0 0 0 0 0 0 0 0 0 0 3 12471 0 0 0 0 0 25 0 0 2613457 4547520 3999736 0 0 0 4407870 0 0 0 0 
0 0 0 0 0 0 0 0 0 0 0 0 0 0 0 0 0 0 0 0 0 0 0 3 0 12472 12468 0 0 25 0 0 0 8548053 2613540 0 0 0 0 0 4407535 0 0 0 
0 0 0 0 0 0 0 0 0 0 0 0 0 0 0 0 0 0 0 0 0 0 0 3 12471 0 0 0 0 0 25 0 0 2613457 4547520 3999736 0 0 0 4407870 0 0 0 0 
0 0 0 0 0 0 0 0 0 0 0 0 0 0 0 0 0 0 0 0 0 0 0 3 0 12472 12468 0 0 25 0 0 0 8548053 2613540 0 0 0 0 0 4407535 0 0 0 
0 0 0 0 0 0 0 0 0 0 0 0 0 0 0 0 0 0 0 0 0 0 0 3 12471 0 0 0 0 0 25 0 0 2613457 4547520 3999736 0 0 0 4407870 0 0 0 0 
0 0 0 0 0 0 0 0 0 0 0 0 0 0 0 0 0 0 0 0 0 0 0 3 0 12472 12468 0 0 25 0 0 0 8548053 2613540 0 0 0 0 0 4407535 0 0 0 
0 0 0 0 0 0 0 0 0 0 0 0 0 0 0 0 0 0 0 0 0 0 0 3 12471 0 0 0 0 0 25 0 0 2613457 4547520 3999736 0 0 0 4407870 0 0 0 0 
0 0 0 0 0 0 0 0 0 0 0 0 0 0 0 0 0 0 0 0 0 0 0 3 0 12472 12468 0 0 25 0 0 0 8548053 2613540 0 0 0 0 0 4407535 0 0 0 
0 0 0 0 0 0 0 0 0 0 0 0 0 0 0 0 0 0 0 0 0 0 0 3 12471 0 0 0 0 0 25 0 0 2613457 4547520 3999736 0 0 0 4407870 0 0 0 0 
0 0 0 0 0 0 0 0 0 0 0 0 0 0 0 0 0 0 0 0 0 0 0 3 0 12472 12468 0 0 25 0 0 0 8548053 2613540 0 0 0 0 0 4407535 0 0 0 
0 0 0 0 0 0 0 0 0 0 0 0 0 0 0 0 0 0 0 0 0 0 0 3 12471 0 0 0 0 0 25 0 0 2613457 4547520 3999736 0 0 0 4407870 0 0 0 0 
0 0 0 0 0 0 0 0 0 0 0 0 0 0 0 0 0 0 0 0 0 0 0 3 0 12472 12468 0 0 25 0 0 0 8548053 2613540 0 0 0 0 0 4407535 0 0 0 
0 0 0 0 0 0 0 0 0 0 0 0 0 0 0 0 0 0 0 0 0 0 0 3 12471 0 0 0 0 0 25 0 0 2613457 4547520 3999736 0 0 0 4407870 0 0 0 0 
0 0 0 0 0 0 0 0 0 0 0 0 0 0 0 0 0 0 0 0 0 0 0 3 0 12472 12468 0 0 25 0 0 0 8548053 2613540 0 0 0 0 0 4407535 0 0 0 
0 0 0 0 0 0 0 0 0 0 0 0 0 0 0 0 0 0 0 0 0 0 0 3 12471 0 0 0 0 0 25 0 0 2613457 4547520 3999736 0 0 0 4407870 0 0 0 0 
0 0 0 0 0 0 0 0 0 0 0 0 0 0 0 0 0 0 0 0 0 0 0 3 0 12472 12468 0 0 25 0 0 0 8548053 2613540 0 0 0 0 0 4407535 0 0 0 
0 0 0 0 0 0 0 0 0 0 0 0 0 0 0 0 0 0 0 0 0 0 0 3 12471 0 0 0 0 0 25 0 0 2613457 4547520 3999736 0 0 0 4407870 0 0 0 0 
0 0 0 0 0 0 0 0 0 0 0 0 0 0 0 0 0 0 0 0 0 0 0 3 0 12472 12468 0 0 25 0 0 0 8548053 2613540 0 0 0 0 0 4407535 0 0 0 
0 0 0 0 0 0 0 0 0 0 0 0 0 0 0 0 0 0 0 0 0 0 0 3 12471 0 0 0 0 0 25 0 0 2613457 4547520 3999736 0 0 0 4407870 0 0 0 0 
0 0 0 0 0 0 0 0 0 0 0 0 0 0 0 0 0 0 0 0 0 0 0 3 0 12472 12468 0 0 25 0 0 0 8548053 2613540 0 0 0 0 0 4407535 0 0 0 
0 0 0 0 0 0 0 0 0 0 0 0 0 0 0 0 0 0 0 0 0 0 0 3 12471 0 0 0 0 0 25 0 0 2613457 4547520 3999736 0 0 0 4407870 0 0 0 0 
0 0 0 0 0 0 0 0 0 0 0 0 0 0 0 0 0 0 0 0 0 0 0 3 0 12472 12468 0 0 25 0 0 0 8548053 2613540 0 0 0 0 0 4407535 0 0 0 
0 0 0 0 0 0 0 0 0 0 0 0 0 0 0 0 0 0 0 0 0 0 0 3 12471 0 0 0 0 0 25 0 0 2613457 4547520 3999736 0 0 0 4407870 0 0 0 0 
0 0 0 0 0 0 0 0 0 0 0 0 0 0 0 0 0 0 0 0 0 0 0 3 0 12472 12468 0 0 25 0 0 0 8548053 2613540 0 0 0 0 0 4407535 0 0 0 
0 0 0 0 0 0 0 0 0 0 0 0 0 0 0 0 0 0 0 0 0 0 0 3 12471 0 0 0 0 0 25 0 0 2613457 4547520 3999736 0 0 0 4407870 0 0 0 0 
0 0 0 0 0 0 0 0 0 0 0 0 0 0 0 0 0 0 0 0 0 0 0 3 0 12472 12468 0 0 25 0 0 0 8548053 2613540 0 0 0 0 0 4407535 0 0 0 
0 0 0 0 0 0 0 0 0 0 0 0 0 0 0 0 0 0 0 0 0 0 0 3 12471 0 0 0 0 0 25 0 0 2613457 4547520 3999736 0 0 0 4407870 0 0 0 0 
0 0 0 0 0 0 0 0 0 0 0 0 0 0 0 0 0 0 0 0 0 0 0 3 0 12472 12468 0 0 25 0 0 0 8548053 2613540 0 0 0 0 0 4407535 0 0 0 
0 0 0 0 0 0 0 0 0 0 0 0 0 0 0 0 0 0 0 0 0 0 0 3 12471 0 0 0 0 0 25 0 0 2613457 4547520 3999736 0 0 0 4407870 0 0 0 0 
0 0 0 0 0 0 0 0 0 0 0 0 0 0 0 0 0 0 0 0 0 0 0 3 0 12472 12468 0 0 25 0 0 0 8548053 2613540 0 0 0 0 0 4407535 0 0 0 
0 0 0 0 0 0 0 0 0 0 0 0 0 0 0 0 0 0 0 0 0 0 0 3 12471 0 0 0 0 0 25 0 0 2613457 4547520 3999736 0 0 0 4407870 0 0 0 0 
0 0 0 0 0 0 0 0 0 0 0 0 0 0 0 0 0 0 0 0 0 0 0 3 0 12472 12468 0 0 25 0 0 0 8548053 2613540 0 0 0 0 0 4407535 0 0 0 
0 0 0 0 0 0 0 0 0 0 0 0 0 0 0 0 0 0 0 0 0 0 0 3 12471 0 0 0 0 0 25 0 0 2613457 4547520 3999736 0 0 0 4407870 0 0 0 0 
0 0 0 0 0 0 0 0 0 0 0 0 0 0 0 0 0 0 0 0 0 0 0 3 0 12472 12468 0 0 25 0 0 0 8548053 2613540 0 0 0 0 0 4407535 0 0 0 
0 0 0 0 0 0 0 0 0 0 0 0 0 0 0 0 0 0 0 0 0 0 0 3 12471 0 0 0 0 0 25 0 0 2613457 4547520 3999736 0 0 0 4407870 0 0 0 0 
0 0 0 0 0 0 0 0 0 0 0 0 0 0 0 0 0 0 0 0 0 0 0 3 0 12472 12468 0 0 25 0 0 0 8548053 2613540 0 0 0 0 0 4407535 0 0 0 
0 0 0 0 0 0 0 0 0 0 0 0 0 0 0 0 0 0 0 0 0 0 0 3 12471 0 0 0 0 0 25 0 0 2613457 4547520 3999736 0 0 0 4407870 0 0 0 0 
<====
0 0 0 0 0 0 0 0 0 0 0 0 0 0 0 0 0 0 0 0 0 0 0 3 0 12472 12468 0 0 25 0 0 0 8548053 2613540 0 0 0 0 0 4407535 0 0 0 
0 0 0 0 0 0 0 0 0 0 0 0 0 0 0 0 0 0 0 0 0 0 0 3 12471 0 0 0 0 0 25 0 0 2613457 4547520 3999736 0 0 0 4407870 0 0 0 0 
0 0 0 0 0 0 0 0 0 0 0 0 0 0 0 0 0 0 0 0 0 0 0 3 0 12472 12468 0 0 25 0 0 0 8548053 2613540 0 0 0 0 0 4407535 0 0 0 
0 0 0 0 0 0 0 0 0 0 0 0 0 0 0 0 0 0 0 0 0 0 0 3 12471 0 0 0 0 0 25 0 0 2613457 4547520 3999736 0 0 0 4407870 0 0 0 0 
0 0 0 0 0 0 0 0 0 0 0 0 0 0 0 0 0 0 0 0 0 0 0 3 0 12472 12468 0 0 25 0 0 0 8548053 2613540 0 0 0 0 0 4407535 0 0 0 
0 0 0 0 0 0 0 0 0 0 0 0 0 0 0 0 0 0 0 0 0 0 0 3 12471 0 0 0 0 0 25 0 0 2613457 4547520 3999736 0 0 0 4407870 0 0 0 0 
0 0 0 0 0 0 0 0 0 0 0 0 0 0 0 0 0 0 0 0 0 0 0 3 0 12472 12468 0 0 25 0 0 0 8548053 2613540 0 0 0 0 0 4407535 0 0 0 
0 0 0 0 0 0 0 0 0 0 0 0 0 0 0 0 0 0 0 0 0 0 0 3 12471 0 0 0 0 0 25 0 0 2613457 4547520 3999736 0 0 0 4407870 0 0 0 0 
0 0 0 0 0 0 0 0 0 0 0 0 0 0 0 0 0 0 0 0 0 0 0 3 0 12472 12468 0 0 25 0 0 0 8548053 2613540 0 0 0 0 0 4407535 0 0 0 
0 0 0 0 0 0 0 0 0 0 0 0 0 0 0 0 0 0 0 0 0 0 0 3 12471 0 0 0 0 0 25 0 0 2613457 4547520 3999736 0 0 0 4407870 0 0 0 0 
0 0 0 0 0 0 0 0 0 0 0 0 0 0 0 0 0 0 0 0 0 0 0 3 0 12472 12468 0 0 25 0 0 0 8548053 2613540 0 0 0 0 0 4407535 0 0 0 
0 0 0 0 0 0 0 0 0 0 0 0 0 0 0 0 0 0 0 0 0 0 0 3 12471 0 0 0 0 0 25 0 0 2613457 4547520 3999736 0 0 0 4407870 0 0 0 0 
0 0 0 0 0 0 0 0 0 0 0 0 0 0 0 0 0 0 0 0 0 0 0 3 0 12472 12468 0 0 25 0 0 0 8548053 2613540 0 0 0 0 0 4407535 0 0 0 
0 0 0 0 0 0 0 0 0 0 0 0 0 0 0 0 0 0 0 0 0 0 0 3 12471 0 0 0 0 0 25 0 0 2613457 4547520 3999736 0 0 0 4407870 0 0 0 0 
0 0 0 0 0 0 0 0 0 0 0 0 0 0 0 0 0 0 0 0 0 0 0 3 0 12472 12468 0 0 25 0 0 0 8548053 2613540 0 0 0 0 0 4407535 0 0 0 
0 0 0 0 0 0 0 0 0 0 0 0 0 0 0 0 0 0 0 0 0 0 0 3 12471 0 0 0 0 0 25 0 0 2613457 4547520 3999736 0 0 0 4407870 0 0 0 0 
0 0 0 0 0 0 0 0 0 0 0 0 0 0 0 0 0 0 0 0 0 0 0 3 0 12472 12468 0 0 25 0 0 0 8548053 2613540 0 0 0 0 0 4407535 0 0 0 
0 0 0 0 0 0 0 0 0 0 0 0 0 0 0 0 0 0 0 0 0 0 0 3 12471 0 0 0 0 0 25 0 0 2613457 4547520 3999736 0 0 0 4407870 0 0 0 0 
0 0 0 0 0 0 0 0 0 0 0 0 0 0 0 0 0 0 0 0 0 0 0 3 0 12472 12468 0 0 25 0 0 0 8548053 2613540 0 0 0 0 0 4407535 0 0 0 
0 0 0 0 0 0 0 0 0 0 0 0 0 0 0 0 0 0 0 0 0 0 0 3 12471 0 0 0 0 0 25 0 0 2613457 4547520 3999736 0 0 0 4407870 0 0 0 0 
0 0 0 0 0 0 0 0 0 0 0 0 0 0 0 0 0 0 0 0 0 0 0 3 0 12472 12468 0 0 25 0 0 0 8548053 2613540 0 0 0 0 0 4407535 0 0 0 
0 0 0 0 0 0 0 0 0 0 0 0 0 0 0 0 0 0 0 0 0 0 0 3 12471 0 0 0 0 0 25 0 0 2613457 4547520 3999736 0 0 0 4407870 0 0 0 0 
0 0 0 0 0 0 0 0 0 0 0 0 0 0 0 0 0 0 0 0 0 0 0 3 0 12472 12468 0 0 25 0 0 0 8548053 2613540 0 0 0 0 0 4407535 0 0 0 
0 0 0 0 0 0 0 0 0 0 0 0 0 0 0 0 0 0 0 0 0 0 0 3 12471 0 0 0 0 0 25 0 0 2613457 4547520 3999736 0 0 0 4407870 0 0 0 0 
