0 0 0 0 0 0 0 0 0 0 0 0 0 0 0 0 0 0 0 0 0 0 0 3 37414 0 0 0 0 0 77 0 0 7986795 13657267 12085552 0 0 0 13247150 0 0 0 0 
0 0 0 0 0 0 0 0 0 0 0 0 0 0 0 0 0 0 0 0 0 0 0 3 0 37416 37402 0 0 77 0 0 0 25752246 7982232 0 0 0 0 0 13249979 0 0 0 
0 0 0 0 0 0 0 0 0 0 0 0 0 0 0 0 0 0 0 0 0 0 0 3 37414 0 0 0 0 0 77 0 0 7986795 13657267 12085552 0 0 0 13247150 0 0 0 0 
0 0 0 0 0 0 0 0 0 0 0 0 0 0 0 0 0 0 0 0 0 0 0 3 0 37416 37402 0 0 77 0 0 0 25752246 7982232 0 0 0 0 0 13249979 0 0 0 
0 0 0 0 0 0 0 0 0 0 0 0 0 0 0 0 0 0 0 0 0 0 0 3 37414 0 0 0 0 0 77 0 0 7986795 13657267 12085552 0 0 0 13247150 0 0 0 0 
0 0 0 0 0 0 0 0 0 0 0 0 0 0 0 0 0 0 0 0 0 0 0 3 0 37416 37402 0 0 77 0 0 0 25752246 7982232 0 0 0 0 0 13249979 0 0 0 
0 0 0 0 0 0 0 0 0 0 0 0 0 0 0 0 0 0 0 0 0 0 0 3 37414 0 0 0 0 0 77 0 0 7986795 13657267 12085552 0 0 0 13247150 0 0 0 0 
0 0 0 0 0 0 0 0 0 0 0 0 0 0 0 0 0 0 0 0 0 0 0 3 0 37416 37402 0 0 77 0 0 0 25752246 7982232 0 0 0 0 0 13249979 0 0 0 
0 0 0 0 0 0 0 0 0 0 0 0 0 0 0 0 0 0 0 0 0 0 0 3 37414 0 0 0 0 0 77 0 0 7986795 13657267 12085552 0 0 0 13247150 0 0 0 0 
0 0 0 0 0 0 0 0 0 0 0 0 0 0 0 0 0 0 0 0 0 0 0 3 0 37416 37402 0 0 77 0 0 0 25752246 7982232 0 0 0 0 0 13249979 0 0 0 
====>
0 0 0 0 0 0 0 0 0 0 0 0 0 0 0 0 0 0 0 0 0 0 0 3 37418 0 0 0 0 0 87 0 0 7986795 13669441 12085947 0 0 0 13250048 0 0 0 0 
0 0 0 0 0 0 0 0 0 0 0 0 0 0 0 0 0 0 0 0 0 0 0 3 0 37416 37406 0 0 87 0 0 0 25764829 7982232 0 0 0 0 0 13252877 0 0 0 
0 0 0 0 0 0 0 0 0 0 0 0 0 0 0 0 0 0 0 0 0 0 0 3 37426 0 0 0 0 0 88 0 0 7986808 13828686 12087917 0 0 0 13254436 0 0 0 0 
0 0 0 0 0 0 0 0 0 0 0 0 0 0 0 0 0 0 0 0 0 0 0 3 0 37424 37414 0 0 88 0 0 0 25926034 7982245 0 0 0 0 0 13257265 0 0 0 
0 0 0 0 0 0 0 0 0 0 0 0 0 0 0 0 0 0 0 0 0 0 0 3 37430 0 0 0 0 0 88 0 0 7986814 13835077 12092671 0 0 0 13260293 0 0 0 0 
0 0 0 0 0 0 0 0 0 0 0 0 0 0 0 0 0 0 0 0 0 0 0 3 0 37428 37418 0 0 88 0 0 0 25937179 7982251 0 0 0 0 0 13263122 0 0 0 
0 0 0 0 0 0 0 0 0 0 0 0 0 0 0 0 0 0 0 0 0 0 0 3 37438 0 0 0 0 0 88 0 0 8002626 13856070 12098233 0 0 0 13274116 0 0 0 0 
0 0 0 0 0 0 0 0 0 0 0 0 0 0 0 0 0 0 0 0 0 0 0 3 0 37436 37426 0 0 88 0 0 0 25963733 7998064 0 0 0 0 0 13276945 0 0 0 
0 0 0 0 0 0 0 0 0 0 0 0 0 0 0 0 0 0 0 0 0 0 0 3 37438 0 0 0 0 0 88 0 0 8052230 13913906 12106397 0 0 0 13297413 0 0 0 0 
0 0 0 0 0 0 0 0 0 0 0 0 0 0 0 0 0 0 0 0 0 0 0 3 0 37436 37426 0 0 88 0 0 0 26029734 8047669 0 0 0 0 0 13300242 0 0 0 
0 0 0 0 0 0 0 0 0 0 0 0 0 0 0 0 0 0 0 0 0 0 0 3 37446 0 0 0 0 0 88 0 0 8053008 13941559 12136777 0 0 0 13327619 0 0 0 0 
0 0 0 0 0 0 0 0 0 0 0 0 0 0 0 0 0 0 0 0 0 0 0 3 0 37444 37434 0 0 88 0 0 0 26087768 8048447 0 0 0 0 0 13330457 0 0 0 
0 0 0 0 0 0 0 0 0 0 0 0 0 0 0 0 0 0 0 0 0 0 0 3 37454 0 0 0 0 0 88 0 0 8053022 13953392 12146666 0 0 0 13345568 0 0 0 0 
0 0 0 0 0 0 0 0 0 0 0 0 0 0 0 0 0 0 0 0 0 0 0 3 0 37452 37442 0 0 88 0 0 0 26109488 8048461 0 0 0 0 0 13348405 0 0 0 
0 0 0 0 0 0 0 0 0 0 0 0 0 0 0 0 0 0 0 0 0 0 0 3 37458 0 0 0 0 0 88 0 0 8074569 13974330 12154009 0 0 0 13359723 0 0 0 0 
0 0 0 0 0 0 0 0 0 0 0 0 0 0 0 0 0 0 0 0 0 0 0 3 0 37456 37446 0 0 88 0 0 0 26137770 8070010 0 0 0 0 0 13362560 0 0 0 
0 0 0 0 0 0 0 0 0 0 0 0 0 0 0 0 0 0 0 0 0 0 0 3 37462 0 0 0 0 0 88 0 0 8103059 14023478 12175484 0 0 0 13407283 0 0 0 0 
0 0 0 0 0 0 0 0 0 0 0 0 0 0 0 0 0 0 0 0 0 0 0 3 0 37460 37450 0 0 88 0 0 0 26208393 8098502 0 0 0 0 0 13410127 0 0 0 
0 0 0 0 0 0 0 0 0 0 0 0 0 0 0 0 0 0 0 0 0 0 0 3 37466 0 0 0 0 0 88 0 0 8132076 14069939 12235228 0 0 0 13468614 0 0 0 0 
0 0 0 0 0 0 0 0 0 0 0 0 0 0 0 0 0 0 0 0 0 0 0 3 0 37464 37454 0 0 88 0 0 0 26314585 8127521 0 0 0 0 0 13471471 0 0 0 
0 0 0 0 0 0 0 0 0 0 0 0 0 0 0 0 0 0 0 0 0 0 0 3 37466 0 0 0 0 0 88 0 0 8152481 14112561 12266108 0 0 0 13507553 0 0 0 0 
0 0 0 0 0 0 0 0 0 0 0 0 0 0 0 0 0 0 0 0 0 0 0 3 0 37464 37454 0 0 88 0 0 0 26388088 8147927 0 0 0 0 0 13510411 0 0 0 
0 0 0 0 0 0 0 0 0 0 0 0 0 0 0 0 0 0 0 0 0 0 0 3 37470 0 0 0 0 0 88 0 0 8183588 14153441 12293309 0 0 0 13559525 0 0 0 0 
0 0 0 0 0 0 0 0 0 0 0 0 0 0 0 0 0 0 0 0 0 0 0 3 0 37468 37458 0 0 88 0 0 0 26456161 8179035 0 0 0 0 0 13562382 0 0 0 
0 0 0 0 0 0 0 0 0 0 0 0 0 0 0 0 0 0 0 0 0 0 0 3 37474 0 0 0 0 0 88 0 0 8185257 14183832 12316429 0 0 0 13575331 0 0 0 0 
0 0 0 0 0 0 0 0 0 0 0 0 0 0 0 0 0 0 0 0 0 0 0 3 0 37472 37462 0 0 88 0 0 0 26509671 8180704 0 0 0 0 0 13578188 0 0 0 
0 0 0 0 0 0 0 0 0 0 0 0 0 0 0 0 0 0 0 0 0 0 0 3 37482 0 0 0 0 0 88 0 0 8209299 14206046 12330855 0 0 0 13611853 0 0 0 0 
0 0 0 0 0 0 0 0 0 0 0 0 0 0 0 0 0 0 0 0 0 0 0 3 0 37480 37470 0 0 88 0 0 0 26546303 8204747 0 0 0 0 0 13614709 0 0 0 
0 0 0 0 0 0 0 0 0 0 0 0 0 0 0 0 0 0 0 0 0 0 0 3 37486 0 0 0 0 0 88 0 0 8224705 14251351 12364077 0 0 0 13645948 0 0 0 0 
0 0 0 0 0 0 0 0 0 0 0 0 0 0 0 0 0 0 0 0 0 0 0 3 0 37484 37474 0 0 88 0 0 0 26624827 8220153 0 0 0 0 0 13648806 0 0 0 
0 0 0 0 0 0 0 0 0 0 0 0 0 0 0 0 0 0 0 0 0 0 0 3 37486 0 0 0 0 0 88 0 0 8251393 14292046 12389747 0 0 0 13695278 0 0 0 0 
0 0 0 0 0 0 0 0 0 0 0 0 0 0 0 0 0 0 0 0 0 0 0 3 0 37484 37474 0 0 88 0 0 0 26691193 8246841 0 0 0 0 0 13698134 0 0 0 
0 0 0 0 0 0 0 0 0 0 0 0 0 0 0 0 0 0 0 0 0 0 0 3 37494 0 0 0 0 0 88 0 0 8251720 14311059 12406917 0 0 0 13702553 0 0 0 0 
0 0 0 0 0 0 0 0 0 0 0 0 0 0 0 0 0 0 0 0 0 0 0 3 0 37492 37482 0 0 88 0 0 0 26727376 8247168 0 0 0 0 0 13705409 0 0 0 
0 0 0 0 0 0 0 0 0 0 0 0 0 0 0 0 0 0 0 0 0 0 0 3 37498 0 0 0 0 0 88 0 0 8281675 14345778 12428759 0 0 0 13752279 0 0 0 0 
0 0 0 0 0 0 0 0 0 0 0 0 0 0 0 0 0 0 0 0 0 0 0 3 0 37496 37486 0 0 88 0 0 0 26783934 8277125 0 0 0 0 0 13755135 0 0 0 
0 0 0 0 0 0 0 0 0 0 0 0 0 0 0 0 0 0 0 0 0 0 0 3 37502 0 0 0 0 0 88 0 0 8303645 14389126 12460719 0 0 0 13791408 0 0 0 0 
0 0 0 0 0 0 0 0 0 0 0 0 0 0 0 0 0 0 0 0 0 0 0 3 0 37500 37490 0 0 88 0 0 0 26859236 8299095 0 0 0 0 0 13794267 0 0 0 
0 0 0 0 0 0 0 0 0 0 0 0 0 0 0 0 0 0 0 0 0 0 0 3 37506 0 0 0 0 0 88 0 0 8317650 14431676 12491131 0 0 0 13823158 0 0 0 0 
0 0 0 0 0 0 0 0 0 0 0 0 0 0 0 0 0 0 0 0 0 0 0 3 0 37504 37494 0 0 88 0 0 0 26932194 8313101 0 0 0 0 0 13826021 0 0 0 
0 0 0 0 0 0 0 0 0 0 0 0 0 0 0 0 0 0 0 0 0 0 0 3 37514 0 0 0 0 0 88 0 0 8319569 14443809 12497983 0 0 0 13835789 0 0 0 0 
0 0 0 0 0 0 0 0 0 0 0 0 0 0 0 0 0 0 0 0 0 0 0 3 0 37512 37502 0 0 88 0 0 0 26951178 8315020 0 0 0 0 0 13838652 0 0 0 
0 0 0 0 0 0 0 0 0 0 0 0 0 0 0 0 0 0 0 0 0 0 0 3 37514 0 0 0 0 0 88 0 0 8350047 14484535 12523535 0 0 0 13889196 0 0 0 0 
0 0 0 0 0 0 0 0 0 0 0 0 0 0 0 0 0 0 0 0 0 0 0 3 0 37512 37502 0 0 88 0 0 0 27017455 8345500 0 0 0 0 0 13892060 0 0 0 
0 0 0 0 0 0 0 0 0 0 0 0 0 0 0 0 0 0 0 0 0 0 0 3 37518 0 0 0 0 0 88 0 0 8379133 14527851 12555078 0 0 0 13935255 0 0 0 0 
0 0 0 0 0 0 0 0 0 0 0 0 0 0 0 0 0 0 0 0 0 0 0 3 0 37516 37506 0 0 88 0 0 0 27092295 8374588 0 0 0 0 0 13938116 0 0 0 
0 0 0 0 0 0 0 0 0 0 0 0 0 0 0 0 0 0 0 0 0 0 0 3 37522 0 0 0 0 0 88 0 0 8383845 14567508 12580746 0 0 0 13958982 0 0 0 0 
0 0 0 0 0 0 0 0 0 0 0 0 0 0 0 0 0 0 0 0 0 0 0 3 0 37520 37510 0 0 88 0 0 0 27157619 8379300 0 0 0 0 0 13961844 0 0 0 
0 0 0 0 0 0 0 0 0 0 0 0 0 0 0 0 0 0 0 0 0 0 0 3 37530 0 0 0 0 0 88 0 0 8390754 14581426 12589056 0 0 0 13976614 0 0 0 0 
0 0 0 0 0 0 0 0 0 0 0 0 0 0 0 0 0 0 0 0 0 0 0 3 0 37528 37518 0 0 88 0 0 0 27179851 8386209 0 0 0 0 0 13979477 0 0 0 
0 0 0 0 0 0 0 0 0 0 0 0 0 0 0 0 0 0 0 0 0 0 0 3 37530 0 0 0 0 0 88 0 0 8417267 14620335 12614366 0 0 0 14024735 0 0 0 0 
0 0 0 0 0 0 0 0 0 0 0 0 0 0 0 0 0 0 0 0 0 0 0 3 0 37528 37518 0 0 88 0 0 0 27244068 8412722 0 0 0 0 0 14027592 0 0 0 
0 0 0 0 0 0 0 0 0 0 0 0 0 0 0 0 0 0 0 0 0 0 0 3 37534 0 0 0 0 0 88 0 0 8446709 14663287 12646141 0 0 0 14070919 0 0 0 0 
0 0 0 0 0 0 0 0 0 0 0 0 0 0 0 0 0 0 0 0 0 0 0 3 0 37532 37522 0 0 88 0 0 0 27318792 8442166 0 0 0 0 0 14073778 0 0 0 
0 0 0 0 0 0 0 0 0 0 0 0 0 0 0 0 0 0 0 0 0 0 0 3 37538 0 0 0 0 0 88 0 0 8450042 14697830 12672714 0 0 0 14089298 0 0 0 0 
0 0 0 0 0 0 0 0 0 0 0 0 0 0 0 0 0 0 0 0 0 0 0 3 0 37536 37526 0 0 88 0 0 0 27379892 8445499 0 0 0 0 0 14092157 0 0 0 
0 0 0 0 0 0 0 0 0 0 0 0 0 0 0 0 0 0 0 0 0 0 0 3 37546 0 0 0 0 0 88 0 0 8463812 14714714 12683139 0 0 0 14114241 0 0 0 0 
0 0 0 0 0 0 0 0 0 0 0 0 0 0 0 0 0 0 0 0 0 0 0 3 0 37544 37534 0 0 88 0 0 0 27407196 8459269 0 0 0 0 0 14117098 0 0 0 
0 0 0 0 0 0 0 0 0 0 0 0 0 0 0 0 0 0 0 0 0 0 0 3 37546 0 0 0 0 0 88 0 0 8483461 14757213 12712928 0 0 0 14153224 0 0 0 0 
0 0 0 0 0 0 0 0 0 0 0 0 0 0 0 0 0 0 0 0 0 0 0 3 0 37544 37534 0 0 88 0 0 0 27479484 8478921 0 0 0 0 0 14156082 0 0 0 
0 0 0 0 0 0 0 0 0 0 0 0 0 0 0 0 0 0 0 0 0 0 0 3 37550 0 0 0 0 0 88 0 0 8514184 14798319 12740486 0 0 0 14204004 0 0 0 0 
0 0 0 0 0 0 0 0 0 0 0 0 0 0 0 0 0 0 0 0 0 0 0 3 0 37548 37538 0 0 88 0 0 0 27548139 8509646 0 0 0 0 0 14206865 0 0 0 
0 0 0 0 0 0 0 0 0 0 0 0 0 0 0 0 0 0 0 0 0 0 0 3 37554 0 0 0 0 0 88 0 0 8516236 14834003 12761785 0 0 0 14225466 0 0 0 0 
0 0 0 0 0 0 0 0 0 0 0 0 0 0 0 0 0 0 0 0 0 0 0 3 0 37552 37542 0 0 88 0 0 0 27605124 8511698 0 0 0 0 0 14228327 0 0 0 
0 0 0 0 0 0 0 0 0 0 0 0 0 0 0 0 0 0 0 0 0 0 0 3 37562 0 0 0 0 0 88 0 0 8529434 14854894 12772421 0 0 0 14253314 0 0 0 0 
0 0 0 0 0 0 0 0 0 0 0 0 0 0 0 0 0 0 0 0 0 0 0 3 0 37560 37550 0 0 88 0 0 0 27636651 8524896 0 0 0 0 0 14256174 0 0 0 
0 0 0 0 0 0 0 0 0 0 0 0 0 0 0 0 0 0 0 0 0 0 0 3 37562 0 0 0 0 0 88 0 0 8549658 14897221 12803067 0 0 0 14291873 0 0 0 0 
0 0 0 0 0 0 0 0 0 0 0 0 0 0 0 0 0 0 0 0 0 0 0 3 0 37560 37550 0 0 88 0 0 0 27709620 8545120 0 0 0 0 0 14294734 0 0 0 
0 0 0 0 0 0 0 0 0 0 0 0 0 0 0 0 0 0 0 0 0 0 0 3 37566 0 0 0 0 0 88 0 0 8580472 14937150 12829654 0 0 0 14342818 0 0 0 0 
0 0 0 0 0 0 0 0 0 0 0 0 0 0 0 0 0 0 0 0 0 0 0 3 0 37564 37554 0 0 88 0 0 0 27776126 8575934 0 0 0 0 0 14345673 0 0 0 
0 0 0 0 0 0 0 0 0 0 0 0 0 0 0 0 0 0 0 0 0 0 0 3 37570 0 0 0 0 0 88 0 0 8582435 14973106 12851550 0 0 0 14364558 0 0 0 0 
0 0 0 0 0 0 0 0 0 0 0 0 0 0 0 0 0 0 0 0 0 0 0 3 0 37568 37558 0 0 88 0 0 0 27833974 8577897 0 0 0 0 0 14367414 0 0 0 
0 0 0 0 0 0 0 0 0 0 0 0 0 0 0 0 0 0 0 0 0 0 0 3 37578 0 0 0 0 0 88 0 0 8601288 14997234 12864950 0 0 0 14399287 0 0 0 0 
0 0 0 0 0 0 0 0 0 0 0 0 0 0 0 0 0 0 0 0 0 0 0 3 0 37576 37566 0 0 88 0 0 0 27871497 8596750 0 0 0 0 0 14402144 0 0 0 
0 0 0 0 0 0 0 0 0 0 0 0 0 0 0 0 0 0 0 0 0 0 0 3 37582 0 0 0 0 0 88 0 0 8618076 15040964 12897193 0 0 0 14433495 0 0 0 0 
0 0 0 0 0 0 0 0 0 0 0 0 0 0 0 0 0 0 0 0 0 0 0 3 0 37580 37570 0 0 88 0 0 0 27947469 8613538 0 0 0 0 0 14436355 0 0 0 
0 0 0 0 0 0 0 0 0 0 0 0 0 0 0 0 0 0 0 0 0 0 0 3 37582 0 0 0 0 0 88 0 0 8647185 15078556 12921783 0 0 0 14483961 0 0 0 0 
0 0 0 0 0 0 0 0 0 0 0 0 0 0 0 0 0 0 0 0 0 0 0 3 0 37580 37570 0 0 88 0 0 0 28009655 8642647 0 0 0 0 0 14486827 0 0 0 
0 0 0 0 0 0 0 0 0 0 0 0 0 0 0 0 0 0 0 0 0 0 0 3 37586 0 0 0 0 0 88 0 0 8648634 15106535 12944184 0 0 0 14497975 0 0 0 0 
0 0 0 0 0 0 0 0 0 0 0 0 0 0 0 0 0 0 0 0 0 0 0 3 0 37584 37574 0 0 88 0 0 0 28060031 8644096 0 0 0 0 0 14500841 0 0 0 
0 0 0 0 0 0 0 0 0 0 0 0 0 0 0 0 0 0 0 0 0 0 0 3 37594 0 0 0 0 0 88 0 0 8671431 15128874 12958435 0 0 0 14533244 0 0 0 0 
0 0 0 0 0 0 0 0 0 0 0 0 0 0 0 0 0 0 0 0 0 0 0 3 0 37592 37582 0 0 88 0 0 0 28096615 8666894 0 0 0 0 0 14536111 0 0 0 
0 0 0 0 0 0 0 0 0 0 0 0 0 0 0 0 0 0 0 0 0 0 0 3 37598 0 0 0 0 0 88 0 0 8686274 15168663 12990038 0 0 0 14562604 0 0 0 0 
0 0 0 0 0 0 0 0 0 0 0 0 0 0 0 0 0 0 0 0 0 0 0 3 0 37596 37586 0 0 88 0 0 0 28168005 8681737 0 0 0 0 0 14565472 0 0 0 
0 0 0 0 0 0 0 0 0 0 0 0 0 0 0 0 0 0 0 0 0 0 0 3 37598 0 0 0 0 0 88 0 0 8714481 15207605 13014831 0 0 0 14612422 0 0 0 0 
0 0 0 0 0 0 0 0 0 0 0 0 0 0 0 0 0 0 0 0 0 0 0 3 0 37596 37586 0 0 88 0 0 0 28231735 8709945 0 0 0 0 0 14615286 0 0 0 
0 0 0 0 0 0 0 0 0 0 0 0 0 0 0 0 0 0 0 0 0 0 0 3 37602 0 0 0 0 0 88 0 0 8714831 15241905 13032968 0 0 0 14633338 0 0 0 0 
0 0 0 0 0 0 0 0 0 0 0 0 0 0 0 0 0 0 0 0 0 0 0 3 0 37600 37590 0 0 88 0 0 0 28284171 8710295 0 0 0 0 0 14636202 0 0 0 
0 0 0 0 0 0 0 0 0 0 0 0 0 0 0 0 0 0 0 0 0 0 0 3 37610 0 0 0 0 0 88 0 0 8737626 15268023 13048237 0 0 0 14671955 0 0 0 0 
0 0 0 0 0 0 0 0 0 0 0 0 0 0 0 0 0 0 0 0 0 0 0 3 0 37608 37598 0 0 88 0 0 0 28325552 8733089 0 0 0 0 0 14674818 0 0 0 
0 0 0 0 0 0 0 0 0 0 0 0 0 0 0 0 0 0 0 0 0 0 0 3 37614 0 0 0 0 0 88 0 0 8754856 15311289 13080554 0 0 0 14706484 0 0 0 0 
0 0 0 0 0 0 0 0 0 0 0 0 0 0 0 0 0 0 0 0 0 0 0 3 0 37612 37602 0 0 88 0 0 0 28401131 8750320 0 0 0 0 0 14709344 0 0 0 
0 0 0 0 0 0 0 0 0 0 0 0 0 0 0 0 0 0 0 0 0 0 0 3 37614 0 0 0 0 0 88 0 0 8781023 15352004 13107670 0 0 0 14753562 0 0 0 0 
0 0 0 0 0 0 0 0 0 0 0 0 0 0 0 0 0 0 0 0 0 0 0 3 0 37612 37602 0 0 88 0 0 0 28468959 8776489 0 0 0 0 0 14756425 0 0 0 
0 0 0 0 0 0 0 0 0 0 0 0 0 0 0 0 0 0 0 0 0 0 0 3 37618 0 0 0 0 0 88 0 0 8781028 15384929 13121873 0 0 0 14776355 0 0 0 0 
0 0 0 0 0 0 0 0 0 0 0 0 0 0 0 0 0 0 0 0 0 0 0 3 0 37616 37606 0 0 88 0 0 0 28516083 8776494 0 0 0 0 0 14779218 0 0 0 
0 0 0 0 0 0 0 0 0 0 0 0 0 0 0 0 0 0 0 0 0 0 0 3 37626 0 0 0 0 0 88 0 0 8807171 15413933 13138899 0 0 0 14820149 0 0 0 0 
0 0 0 0 0 0 0 0 0 0 0 0 0 0 0 0 0 0 0 0 0 0 0 3 0 37624 37614 0 0 88 0 0 0 28562110 8802640 0 0 0 0 0 14823009 0 0 0 
0 0 0 0 0 0 0 0 0 0 0 0 0 0 0 0 0 0 0 0 0 0 0 3 37630 0 0 0 0 0 88 0 0 8824216 15457564 13171198 0 0 0 14854623 0 0 0 0 
0 0 0 0 0 0 0 0 0 0 0 0 0 0 0 0 0 0 0 0 0 0 0 3 0 37628 37618 0 0 88 0 0 0 28638035 8819687 0 0 0 0 0 14857483 0 0 0 
0 0 0 0 0 0 0 0 0 0 0 0 0 0 0 0 0 0 0 0 0 0 0 3 37630 0 0 0 0 0 88 0 0 8847217 15499964 13198047 0 0 0 14900341 0 0 0 0 
0 0 0 0 0 0 0 0 0 0 0 0 0 0 0 0 0 0 0 0 0 0 0 3 0 37628 37618 0 0 88 0 0 0 28707283 8842688 0 0 0 0 0 14903198 0 0 0 
0 0 0 0 0 0 0 0 0 0 0 0 0 0 0 0 0 0 0 0 0 0 0 3 37634 0 0 0 0 0 88 0 0 8847223 15525499 13211909 0 0 0 14916919 0 0 0 0 
0 0 0 0 0 0 0 0 0 0 0 0 0 0 0 0 0 0 0 0 0 0 0 3 0 37633 37622 0 0 88 0 0 0 28746678 8842693 0 0 0 0 0 14919776 0 0 0 
0 0 0 0 0 0 0 0 0 0 0 0 0 0 0 0 0 0 0 0 0 0 0 3 37642 0 0 0 0 0 88 0 0 8877060 15555803 13230914 0 0 0 14964018 0 0 0 0 
0 0 0 0 0 0 0 0 0 0 0 0 0 0 0 0 0 0 0 0 0 0 0 3 0 37640 37630 0 0 88 0 0 0 28795983 8872531 0 0 0 0 0 14966877 0 0 0 
0 0 0 0 0 0 0 0 0 0 0 0 0 0 0 0 0 0 0 0 0 0 0 3 37646 0 0 0 0 0 88 0 0 8895799 15598841 13263488 0 0 0 14998970 0 0 0 0 
0 0 0 0 0 0 0 0 0 0 0 0 0 0 0 0 0 0 0 0 0 0 0 3 0 37644 37634 0 0 88 0 0 0 28871586 8891270 0 0 0 0 0 15001826 0 0 0 
0 0 0 0 0 0 0 0 0 0 0 0 0 0 0 0 0 0 0 0 0 0 0 3 37646 0 0 0 0 0 88 0 0 8913415 15644312 13295883 0 0 0 15036510 0 0 0 0 
0 0 0 0 0 0 0 0 0 0 0 0 0 0 0 0 0 0 0 0 0 0 0 3 0 37644 37634 0 0 88 0 0 0 28949450 8908887 0 0 0 0 0 15039368 0 0 0 
0 0 0 0 0 0 0 0 0 0 0 0 0 0 0 0 0 0 0 0 0 0 0 3 37654 0 0 0 0 0 88 0 0 8913687 15656861 13302497 0 0 0 15048268 0 0 0 0 
0 0 0 0 0 0 0 0 0 0 0 0 0 0 0 0 0 0 0 0 0 0 0 3 0 37652 37642 0 0 88 0 0 0 28968612 8909159 0 0 0 0 0 15051126 0 0 0 
0 0 0 0 0 0 0 0 0 0 0 0 0 0 0 0 0 0 0 0 0 0 0 3 37658 0 0 0 0 0 88 0 0 8944792 15696333 13326927 0 0 0 15100938 0 0 0 0 
0 0 0 0 0 0 0 0 0 0 0 0 0 0 0 0 0 0 0 0 0 0 0 3 0 37656 37646 0 0 88 0 0 0 29032505 8940266 0 0 0 0 0 15103795 0 0 0 
0 0 0 0 0 0 0 0 0 0 0 0 0 0 0 0 0 0 0 0 0 0 0 3 37662 0 0 0 0 0 88 0 0 8971425 15738149 13358382 0 0 0 15144031 0 0 0 0 
0 0 0 0 0 0 0 0 0 0 0 0 0 0 0 0 0 0 0 0 0 0 0 3 0 37660 37650 0 0 88 0 0 0 29105772 8966900 0 0 0 0 0 15146885 0 0 0 
0 0 0 0 0 0 0 0 0 0 0 0 0 0 0 0 0 0 0 0 0 0 0 3 37666 0 0 0 0 0 88 0 0 8979615 15776882 13387217 0 0 0 15168281 0 0 0 0 
0 0 0 0 0 0 0 0 0 0 0 0 0 0 0 0 0 0 0 0 0 0 0 3 0 37664 37654 0 0 88 0 0 0 29173341 8975090 0 0 0 0 0 15171135 0 0 0 
0 0 0 0 0 0 0 0 0 0 0 0 0 0 0 0 0 0 0 0 0 0 0 3 37674 0 0 0 0 0 88 0 0 8982332 15794643 13393783 0 0 0 15187299 0 0 0 0 
0 0 0 0 0 0 0 0 0 0 0 0 0 0 0 0 0 0 0 0 0 0 0 3 0 37672 37662 0 0 88 0 0 0 29197669 8977807 0 0 0 0 0 15190153 0 0 0 
0 0 0 0 0 0 0 0 0 0 0 0 0 0 0 0 0 0 0 0 0 0 0 3 37674 0 0 0 0 0 88 0 0 9011757 15834233 13418268 0 0 0 15239317 0 0 0 0 
0 0 0 0 0 0 0 0 0 0 0 0 0 0 0 0 0 0 0 0 0 0 0 3 0 37672 37662 0 0 88 0 0 0 29261737 9007233 0 0 0 0 0 15242170 0 0 0 
0 0 0 0 0 0 0 0 0 0 0 0 0 0 0 0 0 0 0 0 0 0 0 3 37678 0 0 0 0 0 88 0 0 9039150 15876563 13449836 0 0 0 15283636 0 0 0 0 
0 0 0 0 0 0 0 0 0 0 0 0 0 0 0 0 0 0 0 0 0 0 0 3 0 37676 37666 0 0 88 0 0 0 29335631 9034628 0 0 0 0 0 15286495 0 0 0 
0 0 0 0 0 0 0 0 0 0 0 0 0 0 0 0 0 0 0 0 0 0 0 3 37682 0 0 0 0 0 88 0 0 9045810 15916438 13478201 0 0 0 15307823 0 0 0 0 
0 0 0 0 0 0 0 0 0 0 0 0 0 0 0 0 0 0 0 0 0 0 0 3 0 37680 37670 0 0 88 0 0 0 29403873 9041288 0 0 0 0 0 15310682 0 0 0 
0 0 0 0 0 0 0 0 0 0 0 0 0 0 0 0 0 0 0 0 0 0 0 3 37686 0 0 0 0 0 88 0 0 9046078 15928353 13483212 0 0 0 15319740 0 0 0 0 
0 0 0 0 0 0 0 0 0 0 0 0 0 0 0 0 0 0 0 0 0 0 0 3 0 37684 37674 0 0 88 0 0 0 29420799 9041556 0 0 0 0 0 15322599 0 0 0 
0 0 0 0 0 0 0 0 0 0 0 0 0 0 0 0 0 0 0 0 0 0 0 3 37690 0 0 0 0 0 88 0 0 9077697 15967605 13507943 0 0 0 15372963 0 0 0 0 
0 0 0 0 0 0 0 0 0 0 0 0 0 0 0 0 0 0 0 0 0 0 0 3 0 37688 37678 0 0 88 0 0 0 29484786 9073175 0 0 0 0 0 15375822 0 0 0 
0 0 0 0 0 0 0 0 0 0 0 0 0 0 0 0 0 0 0 0 0 0 0 3 37694 0 0 0 0 0 88 0 0 9104087 16008644 13539091 0 0 0 15415056 0 0 0 0 
0 0 0 0 0 0 0 0 0 0 0 0 0 0 0 0 0 0 0 0 0 0 0 3 0 37692 37682 0 0 88 0 0 0 29556969 9099568 0 0 0 0 0 15417913 0 0 0 
0 0 0 0 0 0 0 0 0 0 0 0 0 0 0 0 0 0 0 0 0 0 0 3 37698 0 0 0 0 0 88 0 0 9112006 16048099 13568060 0 0 0 15439473 0 0 0 0 
0 0 0 0 0 0 0 0 0 0 0 0 0 0 0 0 0 0 0 0 0 0 0 3 0 37696 37686 0 0 88 0 0 0 29625389 9107487 0 0 0 0 0 15442331 0 0 0 
0 0 0 0 0 0 0 0 0 0 0 0 0 0 0 0 0 0 0 0 0 0 0 3 37706 0 0 0 0 0 88 0 0 9115897 16066115 13574518 0 0 0 15459518 0 0 0 0 
0 0 0 0 0 0 0 0 0 0 0 0 0 0 0 0 0 0 0 0 0 0 0 3 0 37704 37694 0 0 88 0 0 0 29649861 9111378 0 0 0 0 0 15462376 0 0 0 
0 0 0 0 0 0 0 0 0 0 0 0 0 0 0 0 0 0 0 0 0 0 0 3 37706 0 0 0 0 0 88 0 0 9144787 16107153 13599849 0 0 0 15511039 0 0 0 0 
0 0 0 0 0 0 0 0 0 0 0 0 0 0 0 0 0 0 0 0 0 0 0 3 0 37704 37694 0 0 88 0 0 0 29716224 9140270 0 0 0 0 0 15513894 0 0 0 
0 0 0 0 0 0 0 0 0 0 0 0 0 0 0 0 0 0 0 0 0 0 0 3 37710 0 0 0 0 0 88 0 0 9174487 16149170 13630950 0 0 0 15557404 0 0 0 0 
0 0 0 0 0 0 0 0 0 0 0 0 0 0 0 0 0 0 0 0 0 0 0 3 0 37708 37698 0 0 88 0 0 0 29789340 9169970 0 0 0 0 0 15560263 0 0 0 
0 0 0 0 0 0 0 0 0 0 0 0 0 0 0 0 0 0 0 0 0 0 0 3 37714 0 0 0 0 0 88 0 0 9178203 16188001 13656794 0 0 0 15579366 0 0 0 0 
0 0 0 0 0 0 0 0 0 0 0 0 0 0 0 0 0 0 0 0 0 0 0 3 0 37712 37702 0 0 88 0 0 0 29854016 9173686 0 0 0 0 0 15582225 0 0 0 
0 0 0 0 0 0 0 0 0 0 0 0 0 0 0 0 0 0 0 0 0 0 0 3 37722 0 0 0 0 0 88 0 0 9186793 16209521 13665682 0 0 0 15605575 0 0 0 0 
0 0 0 0 0 0 0 0 0 0 0 0 0 0 0 0 0 0 0 0 0 0 0 3 0 37720 37710 0 0 88 0 0 0 29884423 9182277 0 0 0 0 0 15608437 0 0 0 
0 0 0 0 0 0 0 0 0 0 0 0 0 0 0 0 0 0 0 0 0 0 0 3 37722 0 0 0 0 0 88 0 0 9211622 16250647 13690971 0 0 0 15653245 0 0 0 0 
0 0 0 0 0 0 0 0 0 0 0 0 0 0 0 0 0 0 0 0 0 0 0 3 0 37720 37710 0 0 88 0 0 0 29950830 9207109 0 0 0 0 0 15656107 0 0 0 
0 0 0 0 0 0 0 0 0 0 0 0 0 0 0 0 0 0 0 0 0 0 0 3 37726 0 0 0 0 0 88 0 0 9241041 16295121 13722226 0 0 0 15701507 0 0 0 0 
0 0 0 0 0 0 0 0 0 0 0 0 0 0 0 0 0 0 0 0 0 0 0 3 0 37724 37714 0 0 88 0 0 0 30026550 9236528 0 0 0 0 0 15704370 0 0 0 
0 0 0 0 0 0 0 0 0 0 0 0 0 0 0 0 0 0 0 0 0 0 0 3 37730 0 0 0 0 0 88 0 0 9244399 16329451 13747304 0 0 0 15720807 0 0 0 0 
0 0 0 0 0 0 0 0 0 0 0 0 0 0 0 0 0 0 0 0 0 0 0 3 0 37728 37718 0 0 88 0 0 0 30085959 9239886 0 0 0 0 0 15723669 0 0 0 
0 0 0 0 0 0 0 0 0 0 0 0 0 0 0 0 0 0 0 0 0 0 0 3 37738 0 0 0 0 0 88 0 0 9256829 16349197 13757586 0 0 0 15747362 0 0 0 0 
0 0 0 0 0 0 0 0 0 0 0 0 0 0 0 0 0 0 0 0 0 0 0 3 0 37736 37726 0 0 88 0 0 0 30115985 9252316 0 0 0 0 0 15750223 0 0 0 
0 0 0 0 0 0 0 0 0 0 0 0 0 0 0 0 0 0 0 0 0 0 0 3 37738 0 0 0 0 0 88 0 0 9277818 16394026 13787850 0 0 0 15789469 0 0 0 0 
0 0 0 0 0 0 0 0 0 0 0 0 0 0 0 0 0 0 0 0 0 0 0 3 0 37736 37726 0 0 88 0 0 0 30191067 9273308 0 0 0 0 0 15792332 0 0 0 
0 0 0 0 0 0 0 0 0 0 0 0 0 0 0 0 0 0 0 0 0 0 0 3 37742 0 0 0 0 0 88 0 0 9308668 16434050 13814823 0 0 0 15839963 0 0 0 0 
0 0 0 0 0 0 0 0 0 0 0 0 0 0 0 0 0 0 0 0 0 0 0 3 0 37740 37730 0 0 88 0 0 0 30258064 9304159 0 0 0 0 0 15842819 0 0 0 
0 0 0 0 0 0 0 0 0 0 0 0 0 0 0 0 0 0 0 0 0 0 0 3 37746 0 0 0 0 0 88 0 0 9310593 16464931 13837691 0 0 0 15856279 0 0 0 0 
0 0 0 0 0 0 0 0 0 0 0 0 0 0 0 0 0 0 0 0 0 0 0 3 0 37744 37734 0 0 88 0 0 0 30311811 9306084 0 0 0 0 0 15859135 0 0 0 
0 0 0 0 0 0 0 0 0 0 0 0 0 0 0 0 0 0 0 0 0 0 0 3 37754 0 0 0 0 0 88 0 0 9333538 16489702 13852135 0 0 0 15893912 0 0 0 0 
0 0 0 0 0 0 0 0 0 0 0 0 0 0 0 0 0 0 0 0 0 0 0 3 0 37752 37742 0 0 88 0 0 0 30351020 9329029 0 0 0 0 0 15896761 0 0 0 
0 0 0 0 0 0 0 0 0 0 0 0 0 0 0 0 0 0 0 0 0 0 0 3 37758 0 0 0 0 0 88 0 0 9349503 16531358 13883718 0 0 0 15926184 0 0 0 0 
0 0 0 0 0 0 0 0 0 0 0 0 0 0 0 0 0 0 0 0 0 0 0 3 0 37756 37746 0 0 88 0 0 0 30424255 9344994 0 0 0 0 0 15929033 0 0 0 
0 0 0 0 0 0 0 0 0 0 0 0 0 0 0 0 0 0 0 0 0 0 0 3 37758 0 0 0 0 0 88 0 0 9376666 16570275 13908982 0 0 0 15974916 0 0 0 0 
0 0 0 0 0 0 0 0 0 0 0 0 0 0 0 0 0 0 0 0 0 0 0 3 0 37756 37746 0 0 88 0 0 0 30488436 9372157 0 0 0 0 0 15977764 0 0 0 
0 0 0 0 0 0 0 0 0 0 0 0 0 0 0 0 0 0 0 0 0 0 0 3 37762 0 0 0 0 0 88 0 0 9376792 16596281 13927222 0 0 0 15987621 0 0 0 0 
0 0 0 0 0 0 0 0 0 0 0 0 0 0 0 0 0 0 0 0 0 0 0 3 0 37760 37750 0 0 88 0 0 0 30532679 9372283 0 0 0 0 0 15990469 0 0 0 
0 0 0 0 0 0 0 0 0 0 0 0 0 0 0 0 0 0 0 0 0 0 0 3 37770 0 0 0 0 0 88 0 0 9405861 16625321 13945490 0 0 0 16033295 0 0 0 0 
0 0 0 0 0 0 0 0 0 0 0 0 0 0 0 0 0 0 0 0 0 0 0 3 0 37768 37758 0 0 88 0 0 0 30579982 9401352 0 0 0 0 0 16036139 0 0 0 
0 0 0 0 0 0 0 0 0 0 0 0 0 0 0 0 0 0 0 0 0 0 0 3 37774 0 0 0 0 0 88 0 0 9420202 16667708 13977426 0 0 0 16064860 0 0 0 0 
0 0 0 0 0 0 0 0 0 0 0 0 0 0 0 0 0 0 0 0 0 0 0 3 0 37772 37762 0 0 88 0 0 0 30654303 9415692 0 0 0 0 0 16067701 0 0 0 
0 0 0 0 0 0 0 0 0 0 0 0 0 0 0 0 0 0 0 0 0 0 0 3 37774 0 0 0 0 0 88 0 0 9442983 16708644 14005114 0 0 0 16107717 0 0 0 0 
0 0 0 0 0 0 0 0 0 0 0 0 0 0 0 0 0 0 0 0 0 0 0 3 0 37772 37762 0 0 88 0 0 0 30722929 9438475 0 0 0 0 0 16110566 0 0 0 
0 0 0 0 0 0 0 0 0 0 0 0 0 0 0 0 0 0 0 0 0 0 0 3 37778 0 0 0 0 0 88 0 0 9442990 16730350 14017927 0 0 0 16121677 0 0 0 0 
0 0 0 0 0 0 0 0 0 0 0 0 0 0 0 0 0 0 0 0 0 0 0 3 0 37778 37766 0 0 88 0 0 0 30757440 9438482 0 0 0 0 0 16124526 0 0 0 
<====
0 0 0 0 0 0 0 0 0 0 0 0 0 0 0 0 0 0 0 0 0 0 0 3 37778 0 0 0 0 0 88 0 0 9443252 16730350 14017927 0 0 0 16121683 0 0 0 0 
0 0 0 0 0 0 0 0 0 0 0 0 0 0 0 0 0 0 0 0 0 0 0 3 0 37780 37766 0 0 88 0 0 0 30757440 9438744 0 0 0 0 0 16124532 0 0 0 
0 0 0 0 0 0 0 0 0 0 0 0 0 0 0 0 0 0 0 0 0 0 0 3 37778 0 0 0 0 0 88 0 0 9443252 16730350 14017927 0 0 0 16121683 0 0 0 0 
0 0 0 0 0 0 0 0 0 0 0 0 0 0 0 0 0 0 0 0 0 0 0 3 0 37780 37766 0 0 88 0 0 0 30757440 9438744 0 0 0 0 0 16124532 0 0 0 
0 0 0 0 0 0 0 0 0 0 0 0 0 0 0 0 0 0 0 0 0 0 0 3 37778 0 0 0 0 0 88 0 0 9443252 16730350 14017927 0 0 0 16121683 0 0 0 0 
0 0 0 0 0 0 0 0 0 0 0 0 0 0 0 0 0 0 0 0 0 0 0 3 0 37780 37766 0 0 88 0 0 0 30757440 9438744 0 0 0 0 0 16124532 0 0 0 
0 0 0 0 0 0 0 0 0 0 0 0 0 0 0 0 0 0 0 0 0 0 0 3 37778 0 0 0 0 0 88 0 0 9443252 16730350 14017927 0 0 0 16121683 0 0 0 0 
0 0 0 0 0 0 0 0 0 0 0 0 0 0 0 0 0 0 0 0 0 0 0 3 0 37780 37766 0 0 88 0 0 0 30757440 9438744 0 0 0 0 0 16124532 0 0 0 
0 0 0 0 0 0 0 0 0 0 0 0 0 0 0 0 0 0 0 0 0 0 0 3 37778 0 0 0 0 0 88 0 0 9443252 16730350 14017927 0 0 0 16121683 0 0 0 0 
0 0 0 0 0 0 0 0 0 0 0 0 0 0 0 0 0 0 0 0 0 0 0 3 0 37780 37766 0 0 88 0 0 0 30757440 9438744 0 0 0 0 0 16124532 0 0 0 
0 0 0 0 0 0 0 0 0 0 0 0 0 0 0 0 0 0 0 0 0 0 0 3 37778 0 0 0 0 0 88 0 0 9443252 16730350 14017927 0 0 0 16121683 0 0 0 0 
0 0 0 0 0 0 0 0 0 0 0 0 0 0 0 0 0 0 0 0 0 0 0 3 0 37780 37766 0 0 88 0 0 0 30757440 9438744 0 0 0 0 0 16124532 0 0 0 
0 0 0 0 0 0 0 0 0 0 0 0 0 0 0 0 0 0 0 0 0 0 0 3 37778 0 0 0 0 0 88 0 0 9443252 16730350 14017927 0 0 0 16121683 0 0 0 0 
0 0 0 0 0 0 0 0 0 0 0 0 0 0 0 0 0 0 0 0 0 0 0 3 0 37780 37766 0 0 88 0 0 0 30757440 9438744 0 0 0 0 0 16124532 0 0 0 
0 0 0 0 0 0 0 0 0 0 0 0 0 0 0 0 0 0 0 0 0 0 0 3 37778 0 0 0 0 0 88 0 0 9443252 16730350 14017927 0 0 0 16121683 0 0 0 0 
0 0 0 0 0 0 0 0 0 0 0 0 0 0 0 0 0 0 0 0 0 0 0 3 0 37780 37766 0 0 88 0 0 0 30757440 9438744 0 0 0 0 0 16124532 0 0 0 
0 0 0 0 0 0 0 0 0 0 0 0 0 0 0 0 0 0 0 0 0 0 0 3 37778 0 0 0 0 0 88 0 0 9443252 16730350 14017927 0 0 0 16121683 0 0 0 0 
0 0 0 0 0 0 0 0 0 0 0 0 0 0 0 0 0 0 0 0 0 0 0 3 0 37780 37766 0 0 88 0 0 0 30757440 9438744 0 0 0 0 0 16124532 0 0 0 
0 0 0 0 0 0 0 0 0 0 0 0 0 0 0 0 0 0 0 0 0 0 0 3 37778 0 0 0 0 0 88 0 0 9443252 16730350 14017927 0 0 0 16121683 0 0 0 0 
0 0 0 0 0 0 0 0 0 0 0 0 0 0 0 0 0 0 0 0 0 0 0 3 0 37780 37766 0 0 88 0 0 0 30757440 9438744 0 0 0 0 0 16124532 0 0 0 
0 0 0 0 0 0 0 0 0 0 0 0 0 0 0 0 0 0 0 0 0 0 0 3 37778 0 0 0 0 0 88 0 0 9443252 16730350 14017927 0 0 0 16121683 0 0 0 0 
0 0 0 0 0 0 0 0 0 0 0 0 0 0 0 0 0 0 0 0 0 0 0 3 0 37780 37766 0 0 88 0 0 0 30757440 9438744 0 0 0 0 0 16124532 0 0 0 
