0 0 0 0 0 0 0 0 0 0 0 0 0 0 0 0 0 0 0 0 0 0 0 3 36322 0 0 0 0 0 45 0 0 4708734 8433525 7576925 0 0 0 8348210 0 0 0 0 
0 0 0 0 0 0 0 0 0 0 0 0 0 0 0 0 0 0 0 0 0 0 0 3 36322 0 0 0 0 0 45 0 0 4708734 8433525 7576925 0 0 0 8348210 0 0 0 0 
0 0 0 0 0 0 0 0 0 0 0 0 0 0 0 0 0 0 0 0 0 0 0 3 36322 0 0 0 0 0 45 0 0 4708734 8433525 7576925 0 0 0 8348210 0 0 0 0 
0 0 0 0 0 0 0 0 0 0 0 0 0 0 0 0 0 0 0 0 0 0 0 3 36322 0 0 0 0 0 45 0 0 4708734 8433525 7576925 0 0 0 8348210 0 0 0 0 
0 0 0 0 0 0 0 0 0 0 0 0 0 0 0 0 0 0 0 0 0 0 0 3 36322 0 0 0 0 0 45 0 0 4708734 8433525 7576925 0 0 0 8348210 0 0 0 0 
0 0 0 0 0 0 0 0 0 0 0 0 0 0 0 0 0 0 0 0 0 0 0 3 36322 0 0 0 0 0 45 0 0 4708734 8433525 7576925 0 0 0 8348210 0 0 0 0 
0 0 0 0 0 0 0 0 0 0 0 0 0 0 0 0 0 0 0 0 0 0 0 3 36322 0 0 0 0 0 45 0 0 4708734 8433525 7576925 0 0 0 8348210 0 0 0 0 
0 0 0 0 0 0 0 0 0 0 0 0 0 0 0 0 0 0 0 0 0 0 0 3 36322 0 0 0 0 0 45 0 0 4708734 8433525 7576925 0 0 0 8348210 0 0 0 0 
0 0 0 0 0 0 0 0 0 0 0 0 0 0 0 0 0 0 0 0 0 0 0 3 36322 0 0 0 0 0 45 0 0 4708734 8433525 7576925 0 0 0 8348210 0 0 0 0 
0 0 0 0 0 0 0 0 0 0 0 0 0 0 0 0 0 0 0 0 0 0 0 3 36322 0 0 0 0 0 45 0 0 4708734 8433525 7576925 0 0 0 8348210 0 0 0 0 
0 0 0 0 0 0 0 0 0 0 0 0 0 0 0 0 0 0 0 0 0 0 0 3 36322 0 0 0 0 0 45 0 0 4708734 8433525 7576925 0 0 0 8348210 0 0 0 0 
0 0 0 0 0 0 0 0 0 0 0 0 0 0 0 0 0 0 0 0 0 0 0 3 36322 0 0 0 0 0 45 0 0 4708734 8433525 7576925 0 0 0 8348210 0 0 0 0 
====>
0 0 0 0 0 0 0 0 0 0 0 0 0 0 0 0 0 0 0 0 0 0 0 3 0 36324 36312 0 0 45 0 0 0 16021303 4705911 0 0 0 0 0 8349989 0 0 0 
0 0 0 0 0 0 0 0 0 0 0 0 0 0 0 0 0 0 0 0 0 0 0 3 0 36324 36324 0 0 74 0 0 0 16268190 4705914 0 0 0 0 0 8354416 0 0 0 
0 0 0 0 0 0 0 0 0 0 0 0 0 0 0 0 0 0 0 0 0 0 0 3 0 36372 36371 0 0 77 0 0 0 16301235 4705998 0 0 0 0 0 8367735 0 0 0 
0 0 0 0 0 0 0 0 0 0 0 0 0 0 0 0 0 0 0 0 0 0 0 3 0 36384 36383 0 0 77 0 0 0 16393944 4780068 0 0 0 0 0 8394467 0 0 0 
0 0 0 0 0 0 0 0 0 0 0 0 0 0 0 0 0 0 0 0 0 0 0 3 0 36408 36407 0 0 77 0 0 0 16548576 4854535 0 0 0 0 0 8432457 0 0 0 
0 0 0 0 0 0 0 0 0 0 0 0 0 0 0 0 0 0 0 0 0 0 0 3 0 36432 36431 0 0 77 0 0 0 16623844 4854582 0 0 0 0 0 8496178 0 0 0 
0 0 0 0 0 0 0 0 0 0 0 0 0 0 0 0 0 0 0 0 0 0 0 3 0 36444 36443 0 0 77 0 0 0 16705693 4899229 0 0 0 0 0 8523174 0 0 0 
0 0 0 0 0 0 0 0 0 0 0 0 0 0 0 0 0 0 0 0 0 0 0 3 0 36456 36455 0 0 77 0 0 0 16864501 4969962 0 0 0 0 0 8623776 0 0 0 
0 0 0 0 0 0 0 0 0 0 0 0 0 0 0 0 0 0 0 0 0 0 0 3 0 36468 36467 0 0 77 0 0 0 17077424 5037040 0 0 0 0 0 8743412 0 0 0 
0 0 0 0 0 0 0 0 0 0 0 0 0 0 0 0 0 0 0 0 0 0 0 3 0 36480 36479 0 0 77 0 0 0 17240603 5089075 0 0 0 0 0 8817542 0 0 0 
0 0 0 0 0 0 0 0 0 0 0 0 0 0 0 0 0 0 0 0 0 0 0 3 0 36480 36479 0 0 77 0 0 0 17390405 5140161 0 0 0 0 0 8896487 0 0 0 
0 0 0 0 0 0 0 0 0 0 0 0 0 0 0 0 0 0 0 0 0 0 0 3 0 36516 36515 0 0 77 0 0 0 17471956 5167623 0 0 0 0 0 8938891 0 0 0 
0 0 0 0 0 0 0 0 0 0 0 0 0 0 0 0 0 0 0 0 0 0 0 3 0 36516 36515 0 0 77 0 0 0 17628972 5219493 0 0 0 0 0 9017763 0 0 0 
0 0 0 0 0 0 0 0 0 0 0 0 0 0 0 0 0 0 0 0 0 0 0 3 0 36528 36527 0 0 77 0 0 0 17765215 5272068 0 0 0 0 0 9098439 0 0 0 
0 0 0 0 0 0 0 0 0 0 0 0 0 0 0 0 0 0 0 0 0 0 0 3 0 36551 36539 0 0 77 0 0 0 17877785 5301415 0 0 0 0 0 9142961 0 0 0 
0 0 0 0 0 0 0 0 0 0 0 0 0 0 0 0 0 0 0 0 0 0 0 3 0 36564 36563 0 0 77 0 0 0 17989828 5345709 0 0 0 0 0 9215384 0 0 0 
0 0 0 0 0 0 0 0 0 0 0 0 0 0 0 0 0 0 0 0 0 0 0 3 0 36576 36575 0 0 77 0 0 0 18153914 5409668 0 0 0 0 0 9301324 0 0 0 
0 0 0 0 0 0 0 0 0 0 0 0 0 0 0 0 0 0 0 0 0 0 0 3 0 36588 36587 0 0 77 0 0 0 18305191 5450328 0 0 0 0 0 9365015 0 0 0 
0 0 0 0 0 0 0 0 0 0 0 0 0 0 0 0 0 0 0 0 0 0 0 3 0 36612 36611 0 0 77 0 0 0 18379670 5483882 0 0 0 0 0 9419981 0 0 0 
0 0 0 0 0 0 0 0 0 0 0 0 0 0 0 0 0 0 0 0 0 0 0 3 0 36624 36623 0 0 77 0 0 0 18545275 5537226 0 0 0 0 0 9494949 0 0 0 
0 0 0 0 0 0 0 0 0 0 0 0 0 0 0 0 0 0 0 0 0 0 0 3 0 36624 36623 0 0 77 0 0 0 18688675 5584667 0 0 0 0 0 9572169 0 0 0 
0 0 0 0 0 0 0 0 0 0 0 0 0 0 0 0 0 0 0 0 0 0 0 3 0 36648 36647 0 0 77 0 0 0 18757290 5599620 0 0 0 0 0 9599358 0 0 0 
0 0 0 0 0 0 0 0 0 0 0 0 0 0 0 0 0 0 0 0 0 0 0 3 0 36660 36659 0 0 77 0 0 0 18880253 5647134 0 0 0 0 0 9677490 0 0 0 
0 0 0 0 0 0 0 0 0 0 0 0 0 0 0 0 0 0 0 0 0 0 0 3 0 36672 36671 0 0 77 0 0 0 19040972 5710223 0 0 0 0 0 9762477 0 0 0 
0 0 0 0 0 0 0 0 0 0 0 0 0 0 0 0 0 0 0 0 0 0 0 3 0 36684 36683 0 0 77 0 0 0 19181922 5748128 0 0 0 0 0 9819884 0 0 0 
0 0 0 0 0 0 0 0 0 0 0 0 0 0 0 0 0 0 0 0 0 0 0 3 0 36708 36707 0 0 77 0 0 0 19276393 5788031 0 0 0 0 0 9883904 0 0 0 
0 0 0 0 0 0 0 0 0 0 0 0 0 0 0 0 0 0 0 0 0 0 0 3 0 36720 36719 0 0 77 0 0 0 19437352 5846650 0 0 0 0 0 9964539 0 0 0 
0 0 0 0 0 0 0 0 0 0 0 0 0 0 0 0 0 0 0 0 0 0 0 3 0 36732 36731 0 0 77 0 0 0 19600455 5897025 0 0 0 0 0 10037742 0 0 0 
0 0 0 0 0 0 0 0 0 0 0 0 0 0 0 0 0 0 0 0 0 0 0 3 0 36756 36755 0 0 77 0 0 0 19663730 5922368 0 0 0 0 0 10082522 0 0 0 
0 0 0 0 0 0 0 0 0 0 0 0 0 0 0 0 0 0 0 0 0 0 0 3 0 36768 36767 0 0 77 0 0 0 19832362 5975824 0 0 0 0 0 10158590 0 0 0 
0 0 0 0 0 0 0 0 0 0 0 0 0 0 0 0 0 0 0 0 0 0 0 3 0 36768 36767 0 0 77 0 0 0 19963001 6022731 0 0 0 0 0 10238494 0 0 0 
0 0 0 0 0 0 0 0 0 0 0 0 0 0 0 0 0 0 0 0 0 0 0 3 0 36804 36803 0 0 77 0 0 0 20061252 6051798 0 0 0 0 0 10278752 0 0 0 
0 0 0 0 0 0 0 0 0 0 0 0 0 0 0 0 0 0 0 0 0 0 0 3 0 36804 36803 0 0 77 0 0 0 20190694 6097912 0 0 0 0 0 10356991 0 0 0 
0 0 0 0 0 0 0 0 0 0 0 0 0 0 0 0 0 0 0 0 0 0 0 3 0 36816 36815 0 0 77 0 0 0 20349837 6160493 0 0 0 0 0 10442194 0 0 0 
0 0 0 0 0 0 0 0 0 0 0 0 0 0 0 0 0 0 0 0 0 0 0 3 0 36828 36827 0 0 77 0 0 0 20483536 6194836 0 0 0 0 0 10497877 0 0 0 
0 0 0 0 0 0 0 0 0 0 0 0 0 0 0 0 0 0 0 0 0 0 0 3 0 36852 36851 0 0 77 0 0 0 20571773 6233475 0 0 0 0 0 10559174 0 0 0 
0 0 0 0 0 0 0 0 0 0 0 0 0 0 0 0 0 0 0 0 0 0 0 3 0 36864 36863 0 0 77 0 0 0 20740488 6293616 0 0 0 0 0 10641869 0 0 0 
0 0 0 0 0 0 0 0 0 0 0 0 0 0 0 0 0 0 0 0 0 0 0 3 0 36868 36863 0 0 77 0 0 0 20901202 6342147 0 0 0 0 0 10716339 0 0 0 
0 0 0 0 0 0 0 0 0 0 0 0 0 0 0 0 0 0 0 0 0 0 0 3 0 36900 36899 0 0 77 0 0 0 20967375 6367914 0 0 0 0 0 10761541 0 0 0 
0 0 0 0 0 0 0 0 0 0 0 0 0 0 0 0 0 0 0 0 0 0 0 3 0 36912 36911 0 0 77 0 0 0 21136507 6421886 0 0 0 0 0 10837675 0 0 0 
0 0 0 0 0 0 0 0 0 0 0 0 0 0 0 0 0 0 0 0 0 0 0 3 0 36912 36911 0 0 77 0 0 0 21266785 6468908 0 0 0 0 0 10918423 0 0 0 
0 0 0 0 0 0 0 0 0 0 0 0 0 0 0 0 0 0 0 0 0 0 0 3 0 36936 36935 0 0 77 0 0 0 21363615 6493092 0 0 0 0 0 10956853 0 0 0 
0 0 0 0 0 0 0 0 0 0 0 0 0 0 0 0 0 0 0 0 0 0 0 3 0 36948 36947 0 0 77 0 0 0 21484844 6540252 0 0 0 0 0 11033909 0 0 0 
0 0 0 0 0 0 0 0 0 0 0 0 0 0 0 0 0 0 0 0 0 0 0 3 0 36960 36959 0 0 77 0 0 0 21646118 6603577 0 0 0 0 0 11118986 0 0 0 
0 0 0 0 0 0 0 0 0 0 0 0 0 0 0 0 0 0 0 0 0 0 0 3 0 36972 36971 0 0 77 0 0 0 21788923 6641577 0 0 0 0 0 11179034 0 0 0 
0 0 0 0 0 0 0 0 0 0 0 0 0 0 0 0 0 0 0 0 0 0 0 3 0 36996 36995 0 0 77 0 0 0 21865071 6675751 0 0 0 0 0 11234635 0 0 0 
0 0 0 0 0 0 0 0 0 0 0 0 0 0 0 0 0 0 0 0 0 0 0 3 0 37008 37007 0 0 77 0 0 0 22030976 6728961 0 0 0 0 0 11310255 0 0 0 
0 0 0 0 0 0 0 0 0 0 0 0 0 0 0 0 0 0 0 0 0 0 0 3 0 37008 37007 0 0 77 0 0 0 22185424 6781891 0 0 0 0 0 11389549 0 0 0 
0 0 0 0 0 0 0 0 0 0 0 0 0 0 0 0 0 0 0 0 0 0 0 3 0 37044 37043 0 0 77 0 0 0 22262724 6805684 0 0 0 0 0 11432377 0 0 0 
0 0 0 0 0 0 0 0 0 0 0 0 0 0 0 0 0 0 0 0 0 0 0 3 0 37044 37043 0 0 77 0 0 0 22417915 6855980 0 0 0 0 0 11512060 0 0 0 
0 0 0 0 0 0 0 0 0 0 0 0 0 0 0 0 0 0 0 0 0 0 0 3 0 37056 37055 0 0 77 0 0 0 22553822 6908792 0 0 0 0 0 11591874 0 0 0 
0 0 0 0 0 0 0 0 0 0 0 0 0 0 0 0 0 0 0 0 0 0 0 3 0 37068 37067 0 0 77 0 0 0 22675611 6939412 0 0 0 0 0 11642146 0 0 0 
0 0 0 0 0 0 0 0 0 0 0 0 0 0 0 0 0 0 0 0 0 0 0 3 0 37092 37091 0 0 77 0 0 0 22760047 6977259 0 0 0 0 0 11701889 0 0 0 
0 0 0 0 0 0 0 0 0 0 0 0 0 0 0 0 0 0 0 0 0 0 0 3 0 37104 37103 0 0 77 0 0 0 22921883 7032883 0 0 0 0 0 11778793 0 0 0 
0 0 0 0 0 0 0 0 0 0 0 0 0 0 0 0 0 0 0 0 0 0 0 3 0 37108 37103 0 0 77 0 0 0 23088124 7085885 0 0 0 0 0 11857648 0 0 0 
0 0 0 0 0 0 0 0 0 0 0 0 0 0 0 0 0 0 0 0 0 0 0 3 0 37140 37139 0 0 77 0 0 0 23145704 7104086 0 0 0 0 0 11894933 0 0 0 
0 0 0 0 0 0 0 0 0 0 0 0 0 0 0 0 0 0 0 0 0 0 0 3 0 37140 37139 0 0 77 0 0 0 23302768 7156586 0 0 0 0 0 11973068 0 0 0 
0 0 0 0 0 0 0 0 0 0 0 0 0 0 0 0 0 0 0 0 0 0 0 3 0 37152 37151 0 0 77 0 0 0 23436749 7208344 0 0 0 0 0 12053419 0 0 0 
0 0 0 0 0 0 0 0 0 0 0 0 0 0 0 0 0 0 0 0 0 0 0 3 0 37176 37163 0 0 77 0 0 0 23549871 7237258 0 0 0 0 0 12098655 0 0 0 
0 0 0 0 0 0 0 0 0 0 0 0 0 0 0 0 0 0 0 0 0 0 0 3 0 37188 37187 0 0 77 0 0 0 23660725 7281728 0 0 0 0 0 12171714 0 0 0 
0 0 0 0 0 0 0 0 0 0 0 0 0 0 0 0 0 0 0 0 0 0 0 3 0 37200 37199 0 0 77 0 0 0 23823260 7345547 0 0 0 0 0 12256506 0 0 0 
0 0 0 0 0 0 0 0 0 0 0 0 0 0 0 0 0 0 0 0 0 0 0 3 0 37212 37211 0 0 77 0 0 0 23975278 7386152 0 0 0 0 0 12319492 0 0 0 
0 0 0 0 0 0 0 0 0 0 0 0 0 0 0 0 0 0 0 0 0 0 0 3 0 37236 37235 0 0 77 0 0 0 24031804 7407849 0 0 0 0 0 12359841 0 0 0 
0 0 0 0 0 0 0 0 0 0 0 0 0 0 0 0 0 0 0 0 0 0 0 3 0 37240 37235 0 0 77 0 0 0 24194347 7457836 0 0 0 0 0 12435368 0 0 0 
0 0 0 0 0 0 0 0 0 0 0 0 0 0 0 0 0 0 0 0 0 0 0 3 0 37248 37247 0 0 77 0 0 0 24323162 7507753 0 0 0 0 0 12515178 0 0 0 
0 0 0 0 0 0 0 0 0 0 0 0 0 0 0 0 0 0 0 0 0 0 0 3 0 37272 37271 0 0 77 0 0 0 24429704 7535483 0 0 0 0 0 12557485 0 0 0 
0 0 0 0 0 0 0 0 0 0 0 0 0 0 0 0 0 0 0 0 0 0 0 3 0 37284 37283 0 0 77 0 0 0 24548131 7581198 0 0 0 0 0 12633832 0 0 0 
0 0 0 0 0 0 0 0 0 0 0 0 0 0 0 0 0 0 0 0 0 0 0 3 0 37296 37295 0 0 77 0 0 0 24707301 7643776 0 0 0 0 0 12717885 0 0 0 
0 0 0 0 0 0 0 0 0 0 0 0 0 0 0 0 0 0 0 0 0 0 0 3 0 37308 37307 0 0 77 0 0 0 24857828 7683977 0 0 0 0 0 12781020 0 0 0 
0 0 0 0 0 0 0 0 0 0 0 0 0 0 0 0 0 0 0 0 0 0 0 3 0 37332 37331 0 0 77 0 0 0 24919490 7708146 0 0 0 0 0 12826291 0 0 0 
0 0 0 0 0 0 0 0 0 0 0 0 0 0 0 0 0 0 0 0 0 0 0 3 0 37341 37331 0 0 77 0 0 0 25085371 7758847 0 0 0 0 0 12900779 0 0 0 
0 0 0 0 0 0 0 0 0 0 0 0 0 0 0 0 0 0 0 0 0 0 0 3 0 37344 37343 0 0 77 0 0 0 25210271 7806409 0 0 0 0 0 12979592 0 0 0 
0 0 0 0 0 0 0 0 0 0 0 0 0 0 0 0 0 0 0 0 0 0 0 3 0 37362 37355 0 0 77 0 0 0 25312249 7832911 0 0 0 0 0 13018917 0 0 0 
0 0 0 0 0 0 0 0 0 0 0 0 0 0 0 0 0 0 0 0 0 0 0 3 0 37380 37379 0 0 77 0 0 0 25411085 7874357 0 0 0 0 0 13085189 0 0 0 
0 0 0 0 0 0 0 0 0 0 0 0 0 0 0 0 0 0 0 0 0 0 0 3 0 37392 37391 0 0 77 0 0 0 25572777 7935069 0 0 0 0 0 13167293 0 0 0 
0 0 0 0 0 0 0 0 0 0 0 0 0 0 0 0 0 0 0 0 0 0 0 3 0 37404 37402 0 0 77 0 0 0 25731750 7981822 0 0 0 0 0 13237399 0 0 0 
0 0 0 0 0 0 0 0 0 0 0 0 0 0 0 0 0 0 0 0 0 0 0 3 37414 0 0 0 0 0 77 0 0 7986795 13657267 12085552 0 0 0 13247150 0 0 0 0 
0 0 0 0 0 0 0 0 0 0 0 0 0 0 0 0 0 0 0 0 0 0 0 3 37414 0 0 0 0 0 77 0 0 7986795 13657267 12085552 0 0 0 13247150 0 0 0 0 
0 0 0 0 0 0 0 0 0 0 0 0 0 0 0 0 0 0 0 0 0 0 0 3 37414 0 0 0 0 0 77 0 0 7986795 13657267 12085552 0 0 0 13247150 0 0 0 0 
0 0 0 0 0 0 0 0 0 0 0 0 0 0 0 0 0 0 0 0 0 0 0 3 37414 0 0 0 0 0 77 0 0 7986795 13657267 12085552 0 0 0 13247150 0 0 0 0 
0 0 0 0 0 0 0 0 0 0 0 0 0 0 0 0 0 0 0 0 0 0 0 3 37414 0 0 0 0 0 77 0 0 7986795 13657267 12085552 0 0 0 13247150 0 0 0 0 
0 0 0 0 0 0 0 0 0 0 0 0 0 0 0 0 0 0 0 0 0 0 0 3 37414 0 0 0 0 0 77 0 0 7986795 13657267 12085552 0 0 0 13247150 0 0 0 0 
