0 0 0 0 0 0 0 0 0 0 0 0 0 0 0 0 0 0 0 0 0 0 0 3 0 12835 12833 0 0 37 0 0 0 13618943 4101019 0 0 0 0 0 7268321 0 0 0 
0 0 0 0 0 0 0 0 0 0 0 0 0 0 0 0 0 0 0 0 0 0 0 3 12832 0 0 0 0 0 37 0 0 4100864 7607314 6010175 0 0 0 7269050 0 0 0 0 
0 0 0 0 0 0 0 0 0 0 0 0 0 0 0 0 0 0 0 0 0 0 0 3 0 12835 12833 0 0 37 0 0 0 13618943 4101019 0 0 0 0 0 7268321 0 0 0 
0 0 0 0 0 0 0 0 0 0 0 0 0 0 0 0 0 0 0 0 0 0 0 3 12832 0 0 0 0 0 37 0 0 4100864 7607314 6010175 0 0 0 7269050 0 0 0 0 
0 0 0 0 0 0 0 0 0 0 0 0 0 0 0 0 0 0 0 0 0 0 0 3 0 12835 12833 0 0 37 0 0 0 13618943 4101019 0 0 0 0 0 7268321 0 0 0 
0 0 0 0 0 0 0 0 0 0 0 0 0 0 0 0 0 0 0 0 0 0 0 3 12832 0 0 0 0 0 37 0 0 4100864 7607314 6010175 0 0 0 7269050 0 0 0 0 
0 0 0 0 0 0 0 0 0 0 0 0 0 0 0 0 0 0 0 0 0 0 0 3 0 12835 12833 0 0 37 0 0 0 13618943 4101019 0 0 0 0 0 7268321 0 0 0 
0 0 0 0 0 0 0 0 0 0 0 0 0 0 0 0 0 0 0 0 0 0 0 3 12832 0 0 0 0 0 37 0 0 4100864 7607314 6010175 0 0 0 7269050 0 0 0 0 
0 0 0 0 0 0 0 0 0 0 0 0 0 0 0 0 0 0 0 0 0 0 0 3 0 12835 12833 0 0 37 0 0 0 13618943 4101019 0 0 0 0 0 7268321 0 0 0 
0 0 0 0 0 0 0 0 0 0 0 0 0 0 0 0 0 0 0 0 0 0 0 3 12832 0 0 0 0 0 37 0 0 4100864 7607314 6010175 0 0 0 7269050 0 0 0 0 
0 0 0 0 0 0 0 0 0 0 0 0 0 0 0 0 0 0 0 0 0 0 0 3 0 12835 12833 0 0 37 0 0 0 13618943 4101019 0 0 0 0 0 7268321 0 0 0 
0 0 0 0 0 0 0 0 0 0 0 0 0 0 0 0 0 0 0 0 0 0 0 3 12832 0 0 0 0 0 37 0 0 4100864 7607314 6010175 0 0 0 7269050 0 0 0 0 
====>
0 0 0 0 0 0 0 0 0 0 0 0 0 0 0 0 0 0 0 0 0 0 0 3 0 12835 12837 0 0 47 0 0 0 13633532 4101022 0 0 0 0 0 7271355 0 0 0 
0 0 0 0 0 0 0 0 0 0 0 0 0 0 0 0 0 0 0 0 0 0 0 3 12836 0 0 0 0 0 47 0 0 4100867 7620844 6011242 0 0 0 7272084 0 0 0 0 
0 0 0 0 0 0 0 0 0 0 0 0 0 0 0 0 0 0 0 0 0 0 0 3 0 12847 12845 0 0 48 0 0 0 13732106 4101038 0 0 0 0 0 7272078 0 0 0 
0 0 0 0 0 0 0 0 0 0 0 0 0 0 0 0 0 0 0 0 0 0 0 3 12844 0 0 0 0 0 48 0 0 4100883 7718807 6011898 0 0 0 7272807 0 0 0 0 
0 0 0 0 0 0 0 0 0 0 0 0 0 0 0 0 0 0 0 0 0 0 0 3 0 12851 12853 0 0 48 0 0 0 13748249 4101050 0 0 0 0 0 7282182 0 0 0 
0 0 0 0 0 0 0 0 0 0 0 0 0 0 0 0 0 0 0 0 0 0 0 3 12852 0 0 0 0 0 48 0 0 4100895 7729452 6017396 0 0 0 7282911 0 0 0 0 
0 0 0 0 0 0 0 0 0 0 0 0 0 0 0 0 0 0 0 0 0 0 0 3 0 12855 12857 0 0 48 0 0 0 13784382 4135142 0 0 0 0 0 7293590 0 0 0 
0 0 0 0 0 0 0 0 0 0 0 0 0 0 0 0 0 0 0 0 0 0 0 3 12856 0 0 0 0 0 48 0 0 4134984 7757868 6025114 0 0 0 7294319 0 0 0 0 
0 0 0 0 0 0 0 0 0 0 0 0 0 0 0 0 0 0 0 0 0 0 0 3 0 12859 12861 0 0 48 0 0 0 13837731 4159192 0 0 0 0 0 7300669 0 0 0 
0 0 0 0 0 0 0 0 0 0 0 0 0 0 0 0 0 0 0 0 0 0 0 3 12860 0 0 0 0 0 48 0 0 4159031 7806502 6029841 0 0 0 7301398 0 0 0 0 
0 0 0 0 0 0 0 0 0 0 0 0 0 0 0 0 0 0 0 0 0 0 0 3 0 12867 12869 0 0 48 0 0 0 13877860 4159203 0 0 0 0 0 7338160 0 0 0 
0 0 0 0 0 0 0 0 0 0 0 0 0 0 0 0 0 0 0 0 0 0 0 3 12868 0 0 0 0 0 48 0 0 4159042 7814759 6061702 0 0 0 7338887 0 0 0 0 
0 0 0 0 0 0 0 0 0 0 0 0 0 0 0 0 0 0 0 0 0 0 0 3 0 12875 12877 0 0 48 0 0 0 13893814 4167159 0 0 0 0 0 7346143 0 0 0 
0 0 0 0 0 0 0 0 0 0 0 0 0 0 0 0 0 0 0 0 0 0 0 3 12876 0 0 0 0 0 48 0 0 4166999 7825755 6066660 0 0 0 7346870 0 0 0 0 
0 0 0 0 0 0 0 0 0 0 0 0 0 0 0 0 0 0 0 0 0 0 0 3 0 12879 12881 0 0 48 0 0 0 13941731 4193073 0 0 0 0 0 7364058 0 0 0 
0 0 0 0 0 0 0 0 0 0 0 0 0 0 0 0 0 0 0 0 0 0 0 3 12880 0 0 0 0 0 48 0 0 4192914 7863524 6076809 0 0 0 7364786 0 0 0 0 
0 0 0 0 0 0 0 0 0 0 0 0 0 0 0 0 0 0 0 0 0 0 0 3 0 12879 12881 0 0 48 0 0 0 14025085 4216863 0 0 0 0 0 7419544 0 0 0 
0 0 0 0 0 0 0 0 0 0 0 0 0 0 0 0 0 0 0 0 0 0 0 3 12880 0 0 0 0 0 48 0 0 4216705 7894744 6128935 0 0 0 7420288 0 0 0 0 
0 0 0 0 0 0 0 0 0 0 0 0 0 0 0 0 0 0 0 0 0 0 0 3 0 12883 12885 0 0 48 0 0 0 14077551 4237697 0 0 0 0 0 7453109 0 0 0 
0 0 0 0 0 0 0 0 0 0 0 0 0 0 0 0 0 0 0 0 0 0 0 3 12884 0 0 0 0 0 48 0 0 4237539 7921118 6155025 0 0 0 7453863 0 0 0 0 
0 0 0 0 0 0 0 0 0 0 0 0 0 0 0 0 0 0 0 0 0 0 0 3 0 12887 12889 0 0 48 0 0 0 14140765 4257406 0 0 0 0 0 7482716 0 0 0 
0 0 0 0 0 0 0 0 0 0 0 0 0 0 0 0 0 0 0 0 0 0 0 3 12888 0 0 0 0 0 48 0 0 4257245 7954832 6184515 0 0 0 7483471 0 0 0 0 
0 0 0 0 0 0 0 0 0 0 0 0 0 0 0 0 0 0 0 0 0 0 0 3 0 12887 12889 0 0 48 0 0 0 14204394 4275494 0 0 0 0 0 7511650 0 0 0 
0 0 0 0 0 0 0 0 0 0 0 0 0 0 0 0 0 0 0 0 0 0 0 3 12888 0 0 0 0 0 48 0 0 4275332 7988824 6214156 0 0 0 7512405 0 0 0 0 
0 0 0 0 0 0 0 0 0 0 0 0 0 0 0 0 0 0 0 0 0 0 0 3 0 12899 12901 0 0 48 0 0 0 14218943 4279172 0 0 0 0 0 7521375 0 0 0 
0 0 0 0 0 0 0 0 0 0 0 0 0 0 0 0 0 0 0 0 0 0 0 3 12900 0 0 0 0 0 48 0 0 4279010 7996961 6220569 0 0 0 7522127 0 0 0 0 
0 0 0 0 0 0 0 0 0 0 0 0 0 0 0 0 0 0 0 0 0 0 0 3 0 12899 12901 0 0 48 0 0 0 14265019 4298884 0 0 0 0 0 7554709 0 0 0 
0 0 0 0 0 0 0 0 0 0 0 0 0 0 0 0 0 0 0 0 0 0 0 3 12900 0 0 0 0 0 48 0 0 4298720 8022645 6240963 0 0 0 7555462 0 0 0 0 
0 0 0 0 0 0 0 0 0 0 0 0 0 0 0 0 0 0 0 0 0 0 0 3 0 12903 12905 0 0 48 0 0 0 14327345 4321710 0 0 0 0 0 7586569 0 0 0 
0 0 0 0 0 0 0 0 0 0 0 0 0 0 0 0 0 0 0 0 0 0 0 3 12904 0 0 0 0 0 48 0 0 4321544 8055572 6270347 0 0 0 7587330 0 0 0 0 
0 0 0 0 0 0 0 0 0 0 0 0 0 0 0 0 0 0 0 0 0 0 0 3 0 12907 12909 0 0 48 0 0 0 14384437 4334430 0 0 0 0 0 7608811 0 0 0 
0 0 0 0 0 0 0 0 0 0 0 0 0 0 0 0 0 0 0 0 0 0 0 3 12908 0 0 0 0 0 48 0 0 4334264 8085801 6297214 0 0 0 7609569 0 0 0 0 
0 0 0 0 0 0 0 0 0 0 0 0 0 0 0 0 0 0 0 0 0 0 0 3 0 12915 12917 0 0 48 0 0 0 14408571 4346962 0 0 0 0 0 7629222 0 0 0 
0 0 0 0 0 0 0 0 0 0 0 0 0 0 0 0 0 0 0 0 0 0 0 3 12916 0 0 0 0 0 48 0 0 4346794 8099090 6308054 0 0 0 7629983 0 0 0 0 
0 0 0 0 0 0 0 0 0 0 0 0 0 0 0 0 0 0 0 0 0 0 0 3 0 12917 12917 0 0 48 0 0 0 14472404 4363684 0 0 0 0 0 7656030 0 0 0 
0 0 0 0 0 0 0 0 0 0 0 0 0 0 0 0 0 0 0 0 0 0 0 3 12916 0 0 0 0 0 48 0 0 4363516 8132856 6338112 0 0 0 7656791 0 0 0 0 
0 0 0 0 0 0 0 0 0 0 0 0 0 0 0 0 0 0 0 0 0 0 0 3 0 12919 12921 0 0 48 0 0 0 14519018 4384737 0 0 0 0 0 7689942 0 0 0 
0 0 0 0 0 0 0 0 0 0 0 0 0 0 0 0 0 0 0 0 0 0 0 3 12920 0 0 0 0 0 48 0 0 4384568 8158564 6359016 0 0 0 7690702 0 0 0 0 
0 0 0 0 0 0 0 0 0 0 0 0 0 0 0 0 0 0 0 0 0 0 0 3 0 12923 12925 0 0 48 0 0 0 14566689 4392845 0 0 0 0 0 7708038 0 0 0 
0 0 0 0 0 0 0 0 0 0 0 0 0 0 0 0 0 0 0 0 0 0 0 3 12924 0 0 0 0 0 48 0 0 4392675 8185040 6380208 0 0 0 7708799 0 0 0 0 
0 0 0 0 0 0 0 0 0 0 0 0 0 0 0 0 0 0 0 0 0 0 0 3 0 12931 12932 0 0 48 0 0 0 14600536 4411715 0 0 0 0 0 7736582 0 0 0 
0 0 0 0 0 0 0 0 0 0 0 0 0 0 0 0 0 0 0 0 0 0 0 3 12932 0 0 0 0 0 48 0 0 4411545 8203836 6395255 0 0 0 7737349 0 0 0 0 
0 0 0 0 0 0 0 0 0 0 0 0 0 0 0 0 0 0 0 0 0 0 0 3 0 12935 12936 0 0 48 0 0 0 14663844 4431028 0 0 0 0 0 7764410 0 0 0 
0 0 0 0 0 0 0 0 0 0 0 0 0 0 0 0 0 0 0 0 0 0 0 3 12936 0 0 0 0 0 48 0 0 4430860 8237042 6425345 0 0 0 7765177 0 0 0 0 
0 0 0 0 0 0 0 0 0 0 0 0 0 0 0 0 0 0 0 0 0 0 0 3 0 12935 12936 0 0 48 0 0 0 14717315 4448721 0 0 0 0 0 7793855 0 0 0 
0 0 0 0 0 0 0 0 0 0 0 0 0 0 0 0 0 0 0 0 0 0 0 3 12936 0 0 0 0 0 48 0 0 4448553 8265947 6449907 0 0 0 7794625 0 0 0 0 
0 0 0 0 0 0 0 0 0 0 0 0 0 0 0 0 0 0 0 0 0 0 0 3 0 12947 12948 0 0 48 0 0 0 14746419 4453131 0 0 0 0 0 7805160 0 0 0 
0 0 0 0 0 0 0 0 0 0 0 0 0 0 0 0 0 0 0 0 0 0 0 3 12948 0 0 0 0 0 48 0 0 4452963 8281788 6463171 0 0 0 7805929 0 0 0 0 
0 0 0 0 0 0 0 0 0 0 0 0 0 0 0 0 0 0 0 0 0 0 0 3 0 12947 12948 0 0 48 0 0 0 14795671 4473105 0 0 0 0 0 7839505 0 0 0 
0 0 0 0 0 0 0 0 0 0 0 0 0 0 0 0 0 0 0 0 0 0 0 3 12948 0 0 0 0 0 48 0 0 4472938 8309156 6485050 0 0 0 7840278 0 0 0 0 
0 0 0 0 0 0 0 0 0 0 0 0 0 0 0 0 0 0 0 0 0 0 0 3 0 12951 12952 0 0 48 0 0 0 14855098 4497654 0 0 0 0 0 7872554 0 0 0 
0 0 0 0 0 0 0 0 0 0 0 0 0 0 0 0 0 0 0 0 0 0 0 3 12952 0 0 0 0 0 48 0 0 4497486 8340506 6513127 0 0 0 7873328 0 0 0 0 
0 0 0 0 0 0 0 0 0 0 0 0 0 0 0 0 0 0 0 0 0 0 0 3 0 12955 12956 0 0 48 0 0 0 14911159 4509670 0 0 0 0 0 7892615 0 0 0 
0 0 0 0 0 0 0 0 0 0 0 0 0 0 0 0 0 0 0 0 0 0 0 3 12956 0 0 0 0 0 48 0 0 4509502 8369646 6540050 0 0 0 7893389 0 0 0 0 
0 0 0 0 0 0 0 0 0 0 0 0 0 0 0 0 0 0 0 0 0 0 0 3 0 12963 12964 0 0 48 0 0 0 14937102 4521800 0 0 0 0 0 7914012 0 0 0 
0 0 0 0 0 0 0 0 0 0 0 0 0 0 0 0 0 0 0 0 0 0 0 3 12964 0 0 0 0 0 48 0 0 4521634 8384452 6551183 0 0 0 7914788 0 0 0 0 
0 0 0 0 0 0 0 0 0 0 0 0 0 0 0 0 0 0 0 0 0 0 0 3 0 12964 12964 0 0 48 0 0 0 15001450 4538586 0 0 0 0 0 7940794 0 0 0 
0 0 0 0 0 0 0 0 0 0 0 0 0 0 0 0 0 0 0 0 0 0 0 3 12964 0 0 0 0 0 48 0 0 4538415 8418428 6581558 0 0 0 7941571 0 0 0 0 
0 0 0 0 0 0 0 0 0 0 0 0 0 0 0 0 0 0 0 0 0 0 0 3 0 12967 12968 0 0 48 0 0 0 15046405 4559853 0 0 0 0 0 7974627 0 0 0 
0 0 0 0 0 0 0 0 0 0 0 0 0 0 0 0 0 0 0 0 0 0 0 3 12968 0 0 0 0 0 48 0 0 4559682 8443604 6601325 0 0 0 7975404 0 0 0 0 
0 0 0 0 0 0 0 0 0 0 0 0 0 0 0 0 0 0 0 0 0 0 0 3 0 12971 12972 0 0 48 0 0 0 15090484 4568083 0 0 0 0 0 7989483 0 0 0 
0 0 0 0 0 0 0 0 0 0 0 0 0 0 0 0 0 0 0 0 0 0 0 3 12972 0 0 0 0 0 48 0 0 4567911 8466529 6622480 0 0 0 7990261 0 0 0 0 
0 0 0 0 0 0 0 0 0 0 0 0 0 0 0 0 0 0 0 0 0 0 0 3 0 12979 12980 0 0 48 0 0 0 15122715 4586247 0 0 0 0 0 8016777 0 0 0 
0 0 0 0 0 0 0 0 0 0 0 0 0 0 0 0 0 0 0 0 0 0 0 3 12980 0 0 0 0 0 48 0 0 4586072 8484196 6637042 0 0 0 8017556 0 0 0 0 
0 0 0 0 0 0 0 0 0 0 0 0 0 0 0 0 0 0 0 0 0 0 0 3 0 12983 12984 0 0 48 0 0 0 15187290 4604933 0 0 0 0 0 8044548 0 0 0 
0 0 0 0 0 0 0 0 0 0 0 0 0 0 0 0 0 0 0 0 0 0 0 3 12984 0 0 0 0 0 48 0 0 4604759 8518054 6667749 0 0 0 8045327 0 0 0 0 
0 0 0 0 0 0 0 0 0 0 0 0 0 0 0 0 0 0 0 0 0 0 0 3 0 12983 12984 0 0 48 0 0 0 15242972 4623673 0 0 0 0 0 8075394 0 0 0 
0 0 0 0 0 0 0 0 0 0 0 0 0 0 0 0 0 0 0 0 0 0 0 3 12984 0 0 0 0 0 48 0 0 4623498 8548086 6693398 0 0 0 8076178 0 0 0 0 
0 0 0 0 0 0 0 0 0 0 0 0 0 0 0 0 0 0 0 0 0 0 0 3 0 12995 12996 0 0 48 0 0 0 15267163 4627606 0 0 0 0 0 8083226 0 0 0 
0 0 0 0 0 0 0 0 0 0 0 0 0 0 0 0 0 0 0 0 0 0 0 3 12996 0 0 0 0 0 48 0 0 4627431 8560500 6705175 0 0 0 8084011 0 0 0 0 
0 0 0 0 0 0 0 0 0 0 0 0 0 0 0 0 0 0 0 0 0 0 0 3 0 12995 12996 0 0 48 0 0 0 15314415 4649114 0 0 0 0 0 8118558 0 0 0 
0 0 0 0 0 0 0 0 0 0 0 0 0 0 0 0 0 0 0 0 0 0 0 3 12996 0 0 0 0 0 48 0 0 4648937 8586354 6726559 0 0 0 8119349 0 0 0 0 
0 0 0 0 0 0 0 0 0 0 0 0 0 0 0 0 0 0 0 0 0 0 0 3 0 12999 13000 0 0 48 0 0 0 15374468 4671914 0 0 0 0 0 8149432 0 0 0 
0 0 0 0 0 0 0 0 0 0 0 0 0 0 0 0 0 0 0 0 0 0 0 3 13000 0 0 0 0 0 48 0 0 4671737 8617663 6755292 0 0 0 8150223 0 0 0 0 
0 0 0 0 0 0 0 0 0 0 0 0 0 0 0 0 0 0 0 0 0 0 0 3 0 13003 13004 0 0 48 0 0 0 15433203 4684912 0 0 0 0 0 8171811 0 0 0 
0 0 0 0 0 0 0 0 0 0 0 0 0 0 0 0 0 0 0 0 0 0 0 3 13004 0 0 0 0 0 48 0 0 4684735 8648888 6782792 0 0 0 8172603 0 0 0 0 
0 0 0 0 0 0 0 0 0 0 0 0 0 0 0 0 0 0 0 0 0 0 0 3 0 13011 13012 0 0 48 0 0 0 15455309 4693321 0 0 0 0 0 8189086 0 0 0 
0 0 0 0 0 0 0 0 0 0 0 0 0 0 0 0 0 0 0 0 0 0 0 3 13012 0 0 0 0 0 48 0 0 4693144 8661797 6791986 0 0 0 8189877 0 0 0 0 
0 0 0 0 0 0 0 0 0 0 0 0 0 0 0 0 0 0 0 0 0 0 0 3 0 13011 13012 0 0 48 0 0 0 15504239 4710139 0 0 0 0 0 8218437 0 0 0 
0 0 0 0 0 0 0 0 0 0 0 0 0 0 0 0 0 0 0 0 0 0 0 3 13012 0 0 0 0 0 48 0 0 4709962 8688431 6814281 0 0 0 8219228 0 0 0 0 
0 0 0 0 0 0 0 0 0 0 0 0 0 0 0 0 0 0 0 0 0 0 0 3 0 13015 13016 0 0 48 0 0 0 15561876 4732545 0 0 0 0 0 8250702 0 0 0 
0 0 0 0 0 0 0 0 0 0 0 0 0 0 0 0 0 0 0 0 0 0 0 3 13016 0 0 0 0 0 48 0 0 4732369 8719012 6841334 0 0 0 8251495 0 0 0 0 
0 0 0 0 0 0 0 0 0 0 0 0 0 0 0 0 0 0 0 0 0 0 0 3 0 13019 13020 0 0 48 0 0 0 15614552 4743327 0 0 0 0 0 8269565 0 0 0 
0 0 0 0 0 0 0 0 0 0 0 0 0 0 0 0 0 0 0 0 0 0 0 3 13020 0 0 0 0 0 48 0 0 4743151 8746650 6866376 0 0 0 8270357 0 0 0 0 
0 0 0 0 0 0 0 0 0 0 0 0 0 0 0 0 0 0 0 0 0 0 0 3 0 13027 13028 0 0 48 0 0 0 15641402 4759182 0 0 0 0 0 8293356 0 0 0 
0 0 0 0 0 0 0 0 0 0 0 0 0 0 0 0 0 0 0 0 0 0 0 3 13028 0 0 0 0 0 48 0 0 4759005 8761402 6878468 0 0 0 8294152 0 0 0 0 
0 0 0 0 0 0 0 0 0 0 0 0 0 0 0 0 0 0 0 0 0 0 0 3 0 13031 13032 0 0 48 0 0 0 15706548 4776965 0 0 0 0 0 8320456 0 0 0 
0 0 0 0 0 0 0 0 0 0 0 0 0 0 0 0 0 0 0 0 0 0 0 3 13032 0 0 0 0 0 48 0 0 4776787 8795743 6909271 0 0 0 8321253 0 0 0 0 
0 0 0 0 0 0 0 0 0 0 0 0 0 0 0 0 0 0 0 0 0 0 0 3 0 13031 13032 0 0 48 0 0 0 15754992 4796037 0 0 0 0 0 8352527 0 0 0 
0 0 0 0 0 0 0 0 0 0 0 0 0 0 0 0 0 0 0 0 0 0 0 3 13032 0 0 0 0 0 48 0 0 4795857 8822599 6930852 0 0 0 8353328 0 0 0 0 
0 0 0 0 0 0 0 0 0 0 0 0 0 0 0 0 0 0 0 0 0 0 0 3 0 13039 13040 0 0 48 0 0 0 15792864 4801919 0 0 0 0 0 8366818 0 0 0 
0 0 0 0 0 0 0 0 0 0 0 0 0 0 0 0 0 0 0 0 0 0 0 3 13040 0 0 0 0 0 48 0 0 4801739 8843923 6947401 0 0 0 8367623 0 0 0 0 
0 0 0 0 0 0 0 0 0 0 0 0 0 0 0 0 0 0 0 0 0 0 0 3 0 13043 13044 0 0 48 0 0 0 15832665 4821255 0 0 0 0 0 8397733 0 0 0 
0 0 0 0 0 0 0 0 0 0 0 0 0 0 0 0 0 0 0 0 0 0 0 3 13044 0 0 0 0 0 48 0 0 4821075 8866227 6964893 0 0 0 8398539 0 0 0 0 
0 0 0 0 0 0 0 0 0 0 0 0 0 0 0 0 0 0 0 0 0 0 0 3 0 13047 13048 0 0 48 0 0 0 15893390 4842204 0 0 0 0 0 8427320 0 0 0 
0 0 0 0 0 0 0 0 0 0 0 0 0 0 0 0 0 0 0 0 0 0 0 3 13048 0 0 0 0 0 48 0 0 4842023 8897956 6993883 0 0 0 8428131 0 0 0 0 
0 0 0 0 0 0 0 0 0 0 0 0 0 0 0 0 0 0 0 0 0 0 0 3 0 13048 13048 0 0 48 0 0 0 15957964 4859915 0 0 0 0 0 8455261 0 0 0 
0 0 0 0 0 0 0 0 0 0 0 0 0 0 0 0 0 0 0 0 0 0 0 3 13048 0 0 0 0 0 48 0 0 4859734 8931888 7024522 0 0 0 8456070 0 0 0 0 
0 0 0 0 0 0 0 0 0 0 0 0 0 0 0 0 0 0 0 0 0 0 0 3 0 13059 13060 0 0 48 0 0 0 15976303 4865256 0 0 0 0 0 8467719 0 0 0 
0 0 0 0 0 0 0 0 0 0 0 0 0 0 0 0 0 0 0 0 0 0 0 3 13060 0 0 0 0 0 48 0 0 4865076 8942228 7032519 0 0 0 8468526 0 0 0 0 
0 0 0 0 0 0 0 0 0 0 0 0 0 0 0 0 0 0 0 0 0 0 0 3 0 13059 13060 0 0 48 0 0 0 16023715 4883863 0 0 0 0 0 8500024 0 0 0 
0 0 0 0 0 0 0 0 0 0 0 0 0 0 0 0 0 0 0 0 0 0 0 3 13060 0 0 0 0 0 48 0 0 4883681 8968496 7053659 0 0 0 8500834 0 0 0 0 
0 0 0 0 0 0 0 0 0 0 0 0 0 0 0 0 0 0 0 0 0 0 0 3 0 13063 13064 0 0 48 0 0 0 16083833 4907415 0 0 0 0 0 8532409 0 0 0 
0 0 0 0 0 0 0 0 0 0 0 0 0 0 0 0 0 0 0 0 0 0 0 3 13064 0 0 0 0 0 48 0 0 4907232 9000046 7082219 0 0 0 8533221 0 0 0 0 
0 0 0 0 0 0 0 0 0 0 0 0 0 0 0 0 0 0 0 0 0 0 0 3 0 13067 13068 0 0 48 0 0 0 16140346 4918569 0 0 0 0 0 8553019 0 0 0 
0 0 0 0 0 0 0 0 0 0 0 0 0 0 0 0 0 0 0 0 0 0 0 3 13068 0 0 0 0 0 48 0 0 4918386 9030150 7108631 0 0 0 8553831 0 0 0 0 
0 0 0 0 0 0 0 0 0 0 0 0 0 0 0 0 0 0 0 0 0 0 0 3 0 13075 13076 0 0 48 0 0 0 16167568 4931437 0 0 0 0 0 8576445 0 0 0 
0 0 0 0 0 0 0 0 0 0 0 0 0 0 0 0 0 0 0 0 0 0 0 3 13076 0 0 0 0 0 48 0 0 4931253 9046143 7119857 0 0 0 8577258 0 0 0 0 
0 0 0 0 0 0 0 0 0 0 0 0 0 0 0 0 0 0 0 0 0 0 0 3 0 13079 13076 0 0 48 0 0 0 16231409 4947758 0 0 0 0 0 8602140 0 0 0 
0 0 0 0 0 0 0 0 0 0 0 0 0 0 0 0 0 0 0 0 0 0 0 3 13076 0 0 0 0 0 48 0 0 4947574 9079615 7150219 0 0 0 8602954 0 0 0 0 
0 0 0 0 0 0 0 0 0 0 0 0 0 0 0 0 0 0 0 0 0 0 0 3 0 13079 13080 0 0 48 0 0 0 16276681 4969331 0 0 0 0 0 8636232 0 0 0 
0 0 0 0 0 0 0 0 0 0 0 0 0 0 0 0 0 0 0 0 0 0 0 3 13080 0 0 0 0 0 48 0 0 4969148 9104638 7170458 0 0 0 8637048 0 0 0 0 
0 0 0 0 0 0 0 0 0 0 0 0 0 0 0 0 0 0 0 0 0 0 0 3 0 13083 13084 0 0 48 0 0 0 16318975 4976983 0 0 0 0 0 8648596 0 0 0 
0 0 0 0 0 0 0 0 0 0 0 0 0 0 0 0 0 0 0 0 0 0 0 3 13084 0 0 0 0 0 48 0 0 4976799 9125739 7191638 0 0 0 8649411 0 0 0 0 
0 0 0 0 0 0 0 0 0 0 0 0 0 0 0 0 0 0 0 0 0 0 0 3 0 13091 13092 0 0 48 0 0 0 16351591 4994339 0 0 0 0 0 8675604 0 0 0 
0 0 0 0 0 0 0 0 0 0 0 0 0 0 0 0 0 0 0 0 0 0 0 3 13092 0 0 0 0 0 48 0 0 4994154 9143743 7206247 0 0 0 8676424 0 0 0 0 
0 0 0 0 0 0 0 0 0 0 0 0 0 0 0 0 0 0 0 0 0 0 0 3 0 13095 13096 0 0 48 0 0 0 16414253 5012040 0 0 0 0 0 8702247 0 0 0 
0 0 0 0 0 0 0 0 0 0 0 0 0 0 0 0 0 0 0 0 0 0 0 3 13096 0 0 0 0 0 48 0 0 5011855 9176818 7235828 0 0 0 8703068 0 0 0 0 
0 0 0 0 0 0 0 0 0 0 0 0 0 0 0 0 0 0 0 0 0 0 0 3 0 13095 13096 0 0 48 0 0 0 16465990 5031166 0 0 0 0 0 8733619 0 0 0 
0 0 0 0 0 0 0 0 0 0 0 0 0 0 0 0 0 0 0 0 0 0 0 3 13096 0 0 0 0 0 48 0 0 5030979 9204809 7259572 0 0 0 8734442 0 0 0 0 
0 0 0 0 0 0 0 0 0 0 0 0 0 0 0 0 0 0 0 0 0 0 0 3 0 13103 13104 0 0 48 0 0 0 16497101 5035576 0 0 0 0 0 8744340 0 0 0 
0 0 0 0 0 0 0 0 0 0 0 0 0 0 0 0 0 0 0 0 0 0 0 3 13104 0 0 0 0 0 48 0 0 5035389 9221497 7273997 0 0 0 8745163 0 0 0 0 
0 0 0 0 0 0 0 0 0 0 0 0 0 0 0 0 0 0 0 0 0 0 0 3 0 13107 13108 0 0 48 0 0 0 16537640 5055914 0 0 0 0 0 8776193 0 0 0 
0 0 0 0 0 0 0 0 0 0 0 0 0 0 0 0 0 0 0 0 0 0 0 3 13108 0 0 0 0 0 48 0 0 5055724 9244069 7291959 0 0 0 8777015 0 0 0 0 
0 0 0 0 0 0 0 0 0 0 0 0 0 0 0 0 0 0 0 0 0 0 0 3 0 13111 13112 0 0 48 0 0 0 16601116 5078529 0 0 0 0 0 8807927 0 0 0 
0 0 0 0 0 0 0 0 0 0 0 0 0 0 0 0 0 0 0 0 0 0 0 3 13112 0 0 0 0 0 48 0 0 5078338 9277574 7321925 0 0 0 8808753 0 0 0 0 
0 0 0 0 0 0 0 0 0 0 0 0 0 0 0 0 0 0 0 0 0 0 0 3 0 13115 13116 0 0 48 0 0 0 16662027 5093811 0 0 0 0 0 8832037 0 0 0 
0 0 0 0 0 0 0 0 0 0 0 0 0 0 0 0 0 0 0 0 0 0 0 3 13116 0 0 0 0 0 48 0 0 5093621 9309209 7351196 0 0 0 8832862 0 0 0 0 
0 0 0 0 0 0 0 0 0 0 0 0 0 0 0 0 0 0 0 0 0 0 0 3 0 13123 13124 0 0 48 0 0 0 16675506 5096878 0 0 0 0 0 8840103 0 0 0 
0 0 0 0 0 0 0 0 0 0 0 0 0 0 0 0 0 0 0 0 0 0 0 3 13124 0 0 0 0 0 48 0 0 5096688 9315937 7357947 0 0 0 8840929 0 0 0 0 
0 0 0 0 0 0 0 0 0 0 0 0 0 0 0 0 0 0 0 0 0 0 0 3 0 13123 13124 0 0 48 0 0 0 16723160 5116596 0 0 0 0 0 8873800 0 0 0 
0 0 0 0 0 0 0 0 0 0 0 0 0 0 0 0 0 0 0 0 0 0 0 3 13124 0 0 0 0 0 48 0 0 5116406 9341970 7379565 0 0 0 8874630 0 0 0 0 
0 0 0 0 0 0 0 0 0 0 0 0 0 0 0 0 0 0 0 0 0 0 0 3 0 13127 13128 0 0 48 0 0 0 16784701 5140353 0 0 0 0 0 8906278 0 0 0 
0 0 0 0 0 0 0 0 0 0 0 0 0 0 0 0 0 0 0 0 0 0 0 3 13128 0 0 0 0 0 48 0 0 5140165 9374371 7408695 0 0 0 8907104 0 0 0 0 
0 0 0 0 0 0 0 0 0 0 0 0 0 0 0 0 0 0 0 0 0 0 0 3 0 13131 13132 0 0 48 0 0 0 16842510 5152225 0 0 0 0 0 8927863 0 0 0 
0 0 0 0 0 0 0 0 0 0 0 0 0 0 0 0 0 0 0 0 0 0 0 3 13132 0 0 0 0 0 48 0 0 5152036 9405046 7435831 0 0 0 8928689 0 0 0 0 
0 0 0 0 0 0 0 0 0 0 0 0 0 0 0 0 0 0 0 0 0 0 0 3 0 13139 13140 0 0 48 0 0 0 16863338 5160007 0 0 0 0 0 8943848 0 0 0 
0 0 0 0 0 0 0 0 0 0 0 0 0 0 0 0 0 0 0 0 0 0 0 3 13140 0 0 0 0 0 48 0 0 5159817 9417042 7444660 0 0 0 8944675 0 0 0 0 
0 0 0 0 0 0 0 0 0 0 0 0 0 0 0 0 0 0 0 0 0 0 0 3 0 13139 13140 0 0 48 0 0 0 16919488 5178633 0 0 0 0 0 8975276 0 0 0 
0 0 0 0 0 0 0 0 0 0 0 0 0 0 0 0 0 0 0 0 0 0 0 3 13140 0 0 0 0 0 48 0 0 5178443 9447476 7470376 0 0 0 8976103 0 0 0 0 
0 0 0 0 0 0 0 0 0 0 0 0 0 0 0 0 0 0 0 0 0 0 0 3 0 13143 13144 0 0 48 0 0 0 16973920 5200840 0 0 0 0 0 9008350 0 0 0 
0 0 0 0 0 0 0 0 0 0 0 0 0 0 0 0 0 0 0 0 0 0 0 3 13144 0 0 0 0 0 48 0 0 5200646 9477040 7495238 0 0 0 9009177 0 0 0 0 
0 0 0 0 0 0 0 0 0 0 0 0 0 0 0 0 0 0 0 0 0 0 0 3 0 13147 13148 0 0 48 0 0 0 17024093 5210641 0 0 0 0 0 9025729 0 0 0 
0 0 0 0 0 0 0 0 0 0 0 0 0 0 0 0 0 0 0 0 0 0 0 3 13148 0 0 0 0 0 48 0 0 5210447 9502922 7519535 0 0 0 9026555 0 0 0 0 
0 0 0 0 0 0 0 0 0 0 0 0 0 0 0 0 0 0 0 0 0 0 0 3 0 13155 13156 0 0 48 0 0 0 17051903 5226873 0 0 0 0 0 9050572 0 0 0 
0 0 0 0 0 0 0 0 0 0 0 0 0 0 0 0 0 0 0 0 0 0 0 3 13156 0 0 0 0 0 48 0 0 5226679 9518395 7531872 0 0 0 9051403 0 0 0 0 
0 0 0 0 0 0 0 0 0 0 0 0 0 0 0 0 0 0 0 0 0 0 0 3 0 13159 13160 0 0 48 0 0 0 17116103 5242569 0 0 0 0 0 9075965 0 0 0 
0 0 0 0 0 0 0 0 0 0 0 0 0 0 0 0 0 0 0 0 0 0 0 3 13160 0 0 0 0 0 48 0 0 5242376 9552174 7562290 0 0 0 9076797 0 0 0 0 
0 0 0 0 0 0 0 0 0 0 0 0 0 0 0 0 0 0 0 0 0 0 0 3 0 13159 13160 0 0 48 0 0 0 17164414 5262205 0 0 0 0 0 9109852 0 0 0 
0 0 0 0 0 0 0 0 0 0 0 0 0 0 0 0 0 0 0 0 0 0 0 3 13160 0 0 0 0 0 48 0 0 5262011 9579081 7583685 0 0 0 9110687 0 0 0 0 
0 0 0 0 0 0 0 0 0 0 0 0 0 0 0 0 0 0 0 0 0 0 0 3 0 13166 13164 0 0 48 0 0 0 17204728 5269059 0 0 0 0 0 9123630 0 0 0 
0 0 0 0 0 0 0 0 0 0 0 0 0 0 0 0 0 0 0 0 0 0 0 3 13164 0 0 0 0 0 48 0 0 5268865 9600835 7602244 0 0 0 9124464 0 0 0 0 
0 0 0 0 0 0 0 0 0 0 0 0 0 0 0 0 0 0 0 0 0 0 0 3 0 13171 13172 0 0 48 0 0 0 17243414 5288089 0 0 0 0 0 9154516 0 0 0 
0 0 0 0 0 0 0 0 0 0 0 0 0 0 0 0 0 0 0 0 0 0 0 3 13172 0 0 0 0 0 48 0 0 5287895 9622888 7618881 0 0 0 9155355 0 0 0 0 
0 0 0 0 0 0 0 0 0 0 0 0 0 0 0 0 0 0 0 0 0 0 0 3 0 13175 13176 0 0 48 0 0 0 17305016 5307182 0 0 0 0 0 9182810 0 0 0 
0 0 0 0 0 0 0 0 0 0 0 0 0 0 0 0 0 0 0 0 0 0 0 3 13176 0 0 0 0 0 48 0 0 5306989 9655472 7647896 0 0 0 9183651 0 0 0 0 
0 0 0 0 0 0 0 0 0 0 0 0 0 0 0 0 0 0 0 0 0 0 0 3 0 13175 13176 0 0 48 0 0 0 17360444 5325037 0 0 0 0 0 9211752 0 0 0 
0 0 0 0 0 0 0 0 0 0 0 0 0 0 0 0 0 0 0 0 0 0 0 3 13176 0 0 0 0 0 48 0 0 5324845 9685222 7673573 0 0 0 9212594 0 0 0 0 
0 0 0 0 0 0 0 0 0 0 0 0 0 0 0 0 0 0 0 0 0 0 0 3 0 13187 13188 0 0 48 0 0 0 17385303 5329541 0 0 0 0 0 9221410 0 0 0 
0 0 0 0 0 0 0 0 0 0 0 0 0 0 0 0 0 0 0 0 0 0 0 3 13188 0 0 0 0 0 48 0 0 5329349 9697904 7685747 0 0 0 9222256 0 0 0 0 
0 0 0 0 0 0 0 0 0 0 0 0 0 0 0 0 0 0 0 0 0 0 0 3 0 13187 13188 0 0 48 0 0 0 17434121 5349640 0 0 0 0 0 9256114 0 0 0 
0 0 0 0 0 0 0 0 0 0 0 0 0 0 0 0 0 0 0 0 0 0 0 3 13188 0 0 0 0 0 48 0 0 5349445 9725465 7707003 0 0 0 9256962 0 0 0 0 
0 0 0 0 0 0 0 0 0 0 0 0 0 0 0 0 0 0 0 0 0 0 0 3 0 13191 13192 0 0 48 0 0 0 17493926 5373689 0 0 0 0 0 9288850 0 0 0 
0 0 0 0 0 0 0 0 0 0 0 0 0 0 0 0 0 0 0 0 0 0 0 3 13192 0 0 0 0 0 48 0 0 5373493 9757145 7735119 0 0 0 9289699 0 0 0 0 
0 0 0 0 0 0 0 0 0 0 0 0 0 0 0 0 0 0 0 0 0 0 0 3 0 13195 13196 0 0 48 0 0 0 17551989 5385882 0 0 0 0 0 9311286 0 0 0 
0 0 0 0 0 0 0 0 0 0 0 0 0 0 0 0 0 0 0 0 0 0 0 3 13196 0 0 0 0 0 48 0 0 5385686 9788522 7761798 0 0 0 9312134 0 0 0 0 
<====
0 0 0 0 0 0 0 0 0 0 0 0 0 0 0 0 0 0 0 0 0 0 0 3 0 13199 13196 0 0 48 0 0 0 17558361 5386059 0 0 0 0 0 9315444 0 0 0 
0 0 0 0 0 0 0 0 0 0 0 0 0 0 0 0 0 0 0 0 0 0 0 3 13196 0 0 0 0 0 48 0 0 5385863 9792674 7764018 0 0 0 9316292 0 0 0 0 
0 0 0 0 0 0 0 0 0 0 0 0 0 0 0 0 0 0 0 0 0 0 0 3 0 13199 13196 0 0 48 0 0 0 17558361 5386059 0 0 0 0 0 9315444 0 0 0 
0 0 0 0 0 0 0 0 0 0 0 0 0 0 0 0 0 0 0 0 0 0 0 3 13196 0 0 0 0 0 48 0 0 5385863 9792674 7764018 0 0 0 9316292 0 0 0 0 
0 0 0 0 0 0 0 0 0 0 0 0 0 0 0 0 0 0 0 0 0 0 0 3 0 13199 13196 0 0 48 0 0 0 17558361 5386059 0 0 0 0 0 9315444 0 0 0 
0 0 0 0 0 0 0 0 0 0 0 0 0 0 0 0 0 0 0 0 0 0 0 3 13196 0 0 0 0 0 48 0 0 5385863 9792674 7764018 0 0 0 9316292 0 0 0 0 
0 0 0 0 0 0 0 0 0 0 0 0 0 0 0 0 0 0 0 0 0 0 0 3 0 13199 13196 0 0 48 0 0 0 17558361 5386059 0 0 0 0 0 9315444 0 0 0 
0 0 0 0 0 0 0 0 0 0 0 0 0 0 0 0 0 0 0 0 0 0 0 3 13196 0 0 0 0 0 48 0 0 5385863 9792674 7764018 0 0 0 9316292 0 0 0 0 
