0 0 0 0 0 0 0 0 0 0 0 0 0 0 0 0 0 0 0 0 0 0 0 3 0 37416 37402 0 0 77 0 0 0 25752246 7982232 0 0 0 0 0 13249979 0 0 0 
0 0 0 0 0 0 0 0 0 0 0 0 0 0 0 0 0 0 0 0 0 0 0 3 0 37416 37402 0 0 77 0 0 0 25752246 7982232 0 0 0 0 0 13249979 0 0 0 
0 0 0 0 0 0 0 0 0 0 0 0 0 0 0 0 0 0 0 0 0 0 0 3 0 37416 37402 0 0 77 0 0 0 25752246 7982232 0 0 0 0 0 13249979 0 0 0 
0 0 0 0 0 0 0 0 0 0 0 0 0 0 0 0 0 0 0 0 0 0 0 3 0 37416 37402 0 0 77 0 0 0 25752246 7982232 0 0 0 0 0 13249979 0 0 0 
0 0 0 0 0 0 0 0 0 0 0 0 0 0 0 0 0 0 0 0 0 0 0 3 0 37416 37402 0 0 77 0 0 0 25752246 7982232 0 0 0 0 0 13249979 0 0 0 
0 0 0 0 0 0 0 0 0 0 0 0 0 0 0 0 0 0 0 0 0 0 0 3 37418 0 0 0 0 0 87 0 0 7986795 13669441 12085947 0 0 0 13250048 0 0 0 0 
0 0 0 0 0 0 0 0 0 0 0 0 0 0 0 0 0 0 0 0 0 0 0 3 37426 0 0 0 0 0 88 0 0 7986808 13828686 12087917 0 0 0 13254436 0 0 0 0 
0 0 0 0 0 0 0 0 0 0 0 0 0 0 0 0 0 0 0 0 0 0 0 3 37430 0 0 0 0 0 88 0 0 7986814 13835077 12092671 0 0 0 13260293 0 0 0 0 
0 0 0 0 0 0 0 0 0 0 0 0 0 0 0 0 0 0 0 0 0 0 0 3 37438 0 0 0 0 0 88 0 0 8002626 13856070 12098233 0 0 0 13274116 0 0 0 0 
0 0 0 0 0 0 0 0 0 0 0 0 0 0 0 0 0 0 0 0 0 0 0 3 37438 0 0 0 0 0 88 0 0 8052230 13913906 12106397 0 0 0 13297413 0 0 0 0 
0 0 0 0 0 0 0 0 0 0 0 0 0 0 0 0 0 0 0 0 0 0 0 3 37446 0 0 0 0 0 88 0 0 8053008 13941559 12136777 0 0 0 13327619 0 0 0 0 
0 0 0 0 0 0 0 0 0 0 0 0 0 0 0 0 0 0 0 0 0 0 0 3 37454 0 0 0 0 0 88 0 0 8053022 13953392 12146666 0 0 0 13345568 0 0 0 0 
0 0 0 0 0 0 0 0 0 0 0 0 0 0 0 0 0 0 0 0 0 0 0 3 37458 0 0 0 0 0 88 0 0 8074569 13974330 12154009 0 0 0 13359723 0 0 0 0 
0 0 0 0 0 0 0 0 0 0 0 0 0 0 0 0 0 0 0 0 0 0 0 3 37462 0 0 0 0 0 88 0 0 8103059 14023478 12175484 0 0 0 13407283 0 0 0 0 
0 0 0 0 0 0 0 0 0 0 0 0 0 0 0 0 0 0 0 0 0 0 0 3 37466 0 0 0 0 0 88 0 0 8132076 14069939 12235228 0 0 0 13468614 0 0 0 0 
0 0 0 0 0 0 0 0 0 0 0 0 0 0 0 0 0 0 0 0 0 0 0 3 37466 0 0 0 0 0 88 0 0 8152481 14112561 12266108 0 0 0 13507553 0 0 0 0 
0 0 0 0 0 0 0 0 0 0 0 0 0 0 0 0 0 0 0 0 0 0 0 3 37470 0 0 0 0 0 88 0 0 8183588 14153441 12293309 0 0 0 13559525 0 0 0 0 
0 0 0 0 0 0 0 0 0 0 0 0 0 0 0 0 0 0 0 0 0 0 0 3 37474 0 0 0 0 0 88 0 0 8185257 14183832 12316429 0 0 0 13575331 0 0 0 0 
0 0 0 0 0 0 0 0 0 0 0 0 0 0 0 0 0 0 0 0 0 0 0 3 37482 0 0 0 0 0 88 0 0 8209299 14206046 12330855 0 0 0 13611853 0 0 0 0 
0 0 0 0 0 0 0 0 0 0 0 0 0 0 0 0 0 0 0 0 0 0 0 3 37486 0 0 0 0 0 88 0 0 8224705 14251351 12364077 0 0 0 13645948 0 0 0 0 
0 0 0 0 0 0 0 0 0 0 0 0 0 0 0 0 0 0 0 0 0 0 0 3 37486 0 0 0 0 0 88 0 0 8251393 14292046 12389747 0 0 0 13695278 0 0 0 0 
0 0 0 0 0 0 0 0 0 0 0 0 0 0 0 0 0 0 0 0 0 0 0 3 37494 0 0 0 0 0 88 0 0 8251720 14311059 12406917 0 0 0 13702553 0 0 0 0 
0 0 0 0 0 0 0 0 0 0 0 0 0 0 0 0 0 0 0 0 0 0 0 3 37498 0 0 0 0 0 88 0 0 8281675 14345778 12428759 0 0 0 13752279 0 0 0 0 
0 0 0 0 0 0 0 0 0 0 0 0 0 0 0 0 0 0 0 0 0 0 0 3 37502 0 0 0 0 0 88 0 0 8303645 14389126 12460719 0 0 0 13791408 0 0 0 0 
0 0 0 0 0 0 0 0 0 0 0 0 0 0 0 0 0 0 0 0 0 0 0 3 37506 0 0 0 0 0 88 0 0 8317650 14431676 12491131 0 0 0 13823158 0 0 0 0 
0 0 0 0 0 0 0 0 0 0 0 0 0 0 0 0 0 0 0 0 0 0 0 3 37514 0 0 0 0 0 88 0 0 8319569 14443809 12497983 0 0 0 13835789 0 0 0 0 
0 0 0 0 0 0 0 0 0 0 0 0 0 0 0 0 0 0 0 0 0 0 0 3 37514 0 0 0 0 0 88 0 0 8350047 14484535 12523535 0 0 0 13889196 0 0 0 0 
0 0 0 0 0 0 0 0 0 0 0 0 0 0 0 0 0 0 0 0 0 0 0 3 37518 0 0 0 0 0 88 0 0 8379133 14527851 12555078 0 0 0 13935255 0 0 0 0 
0 0 0 0 0 0 0 0 0 0 0 0 0 0 0 0 0 0 0 0 0 0 0 3 37522 0 0 0 0 0 88 0 0 8383845 14567508 12580746 0 0 0 13958982 0 0 0 0 
0 0 0 0 0 0 0 0 0 0 0 0 0 0 0 0 0 0 0 0 0 0 0 3 37530 0 0 0 0 0 88 0 0 8390754 14581426 12589056 0 0 0 13976614 0 0 0 0 
0 0 0 0 0 0 0 0 0 0 0 0 0 0 0 0 0 0 0 0 0 0 0 3 37530 0 0 0 0 0 88 0 0 8417267 14620335 12614366 0 0 0 14024735 0 0 0 0 
0 0 0 0 0 0 0 0 0 0 0 0 0 0 0 0 0 0 0 0 0 0 0 3 37534 0 0 0 0 0 88 0 0 8446709 14663287 12646141 0 0 0 14070919 0 0 0 0 
0 0 0 0 0 0 0 0 0 0 0 0 0 0 0 0 0 0 0 0 0 0 0 3 37538 0 0 0 0 0 88 0 0 8450042 14697830 12672714 0 0 0 14089298 0 0 0 0 
0 0 0 0 0 0 0 0 0 0 0 0 0 0 0 0 0 0 0 0 0 0 0 3 37546 0 0 0 0 0 88 0 0 8463812 14714714 12683139 0 0 0 14114241 0 0 0 0 
0 0 0 0 0 0 0 0 0 0 0 0 0 0 0 0 0 0 0 0 0 0 0 3 37546 0 0 0 0 0 88 0 0 8483461 14757213 12712928 0 0 0 14153224 0 0 0 0 
0 0 0 0 0 0 0 0 0 0 0 0 0 0 0 0 0 0 0 0 0 0 0 3 37550 0 0 0 0 0 88 0 0 8514184 14798319 12740486 0 0 0 14204004 0 0 0 0 
0 0 0 0 0 0 0 0 0 0 0 0 0 0 0 0 0 0 0 0 0 0 0 3 37554 0 0 0 0 0 88 0 0 8516236 14834003 12761785 0 0 0 14225466 0 0 0 0 
0 0 0 0 0 0 0 0 0 0 0 0 0 0 0 0 0 0 0 0 0 0 0 3 37562 0 0 0 0 0 88 0 0 8529434 14854894 12772421 0 0 0 14253314 0 0 0 0 
0 0 0 0 0 0 0 0 0 0 0 0 0 0 0 0 0 0 0 0 0 0 0 3 37562 0 0 0 0 0 88 0 0 8549658 14897221 12803067 0 0 0 14291873 0 0 0 0 
0 0 0 0 0 0 0 0 0 0 0 0 0 0 0 0 0 0 0 0 0 0 0 3 37566 0 0 0 0 0 88 0 0 8580472 14937150 12829654 0 0 0 14342818 0 0 0 0 
0 0 0 0 0 0 0 0 0 0 0 0 0 0 0 0 0 0 0 0 0 0 0 3 37570 0 0 0 0 0 88 0 0 8582435 14973106 12851550 0 0 0 14364558 0 0 0 0 
0 0 0 0 0 0 0 0 0 0 0 0 0 0 0 0 0 0 0 0 0 0 0 3 37578 0 0 0 0 0 88 0 0 8601288 14997234 12864950 0 0 0 14399287 0 0 0 0 
0 0 0 0 0 0 0 0 0 0 0 0 0 0 0 0 0 0 0 0 0 0 0 3 37582 0 0 0 0 0 88 0 0 8618076 15040964 12897193 0 0 0 14433495 0 0 0 0 
0 0 0 0 0 0 0 0 0 0 0 0 0 0 0 0 0 0 0 0 0 0 0 3 37582 0 0 0 0 0 88 0 0 8647185 15078556 12921783 0 0 0 14483961 0 0 0 0 
0 0 0 0 0 0 0 0 0 0 0 0 0 0 0 0 0 0 0 0 0 0 0 3 37586 0 0 0 0 0 88 0 0 8648634 15106535 12944184 0 0 0 14497975 0 0 0 0 
0 0 0 0 0 0 0 0 0 0 0 0 0 0 0 0 0 0 0 0 0 0 0 3 37594 0 0 0 0 0 88 0 0 8671431 15128874 12958435 0 0 0 14533244 0 0 0 0 
0 0 0 0 0 0 0 0 0 0 0 0 0 0 0 0 0 0 0 0 0 0 0 3 37598 0 0 0 0 0 88 0 0 8686274 15168663 12990038 0 0 0 14562604 0 0 0 0 
0 0 0 0 0 0 0 0 0 0 0 0 0 0 0 0 0 0 0 0 0 0 0 3 37598 0 0 0 0 0 88 0 0 8714481 15207605 13014831 0 0 0 14612422 0 0 0 0 
0 0 0 0 0 0 0 0 0 0 0 0 0 0 0 0 0 0 0 0 0 0 0 3 37602 0 0 0 0 0 88 0 0 8714831 15241905 13032968 0 0 0 14633338 0 0 0 0 
0 0 0 0 0 0 0 0 0 0 0 0 0 0 0 0 0 0 0 0 0 0 0 3 37610 0 0 0 0 0 88 0 0 8737626 15268023 13048237 0 0 0 14671955 0 0 0 0 
0 0 0 0 0 0 0 0 0 0 0 0 0 0 0 0 0 0 0 0 0 0 0 3 37614 0 0 0 0 0 88 0 0 8754856 15311289 13080554 0 0 0 14706484 0 0 0 0 
0 0 0 0 0 0 0 0 0 0 0 0 0 0 0 0 0 0 0 0 0 0 0 3 37614 0 0 0 0 0 88 0 0 8781023 15352004 13107670 0 0 0 14753562 0 0 0 0 
0 0 0 0 0 0 0 0 0 0 0 0 0 0 0 0 0 0 0 0 0 0 0 3 37618 0 0 0 0 0 88 0 0 8781028 15384929 13121873 0 0 0 14776355 0 0 0 0 
0 0 0 0 0 0 0 0 0 0 0 0 0 0 0 0 0 0 0 0 0 0 0 3 37626 0 0 0 0 0 88 0 0 8807171 15413933 13138899 0 0 0 14820149 0 0 0 0 
0 0 0 0 0 0 0 0 0 0 0 0 0 0 0 0 0 0 0 0 0 0 0 3 37630 0 0 0 0 0 88 0 0 8824216 15457564 13171198 0 0 0 14854623 0 0 0 0 
0 0 0 0 0 0 0 0 0 0 0 0 0 0 0 0 0 0 0 0 0 0 0 3 37630 0 0 0 0 0 88 0 0 8847217 15499964 13198047 0 0 0 14900341 0 0 0 0 
0 0 0 0 0 0 0 0 0 0 0 0 0 0 0 0 0 0 0 0 0 0 0 3 37634 0 0 0 0 0 88 0 0 8847223 15525499 13211909 0 0 0 14916919 0 0 0 0 
0 0 0 0 0 0 0 0 0 0 0 0 0 0 0 0 0 0 0 0 0 0 0 3 37642 0 0 0 0 0 88 0 0 8877060 15555803 13230914 0 0 0 14964018 0 0 0 0 
0 0 0 0 0 0 0 0 0 0 0 0 0 0 0 0 0 0 0 0 0 0 0 3 37646 0 0 0 0 0 88 0 0 8895799 15598841 13263488 0 0 0 14998970 0 0 0 0 
0 0 0 0 0 0 0 0 0 0 0 0 0 0 0 0 0 0 0 0 0 0 0 3 37646 0 0 0 0 0 88 0 0 8913415 15644312 13295883 0 0 0 15036510 0 0 0 0 
0 0 0 0 0 0 0 0 0 0 0 0 0 0 0 0 0 0 0 0 0 0 0 3 37654 0 0 0 0 0 88 0 0 8913687 15656861 13302497 0 0 0 15048268 0 0 0 0 
0 0 0 0 0 0 0 0 0 0 0 0 0 0 0 0 0 0 0 0 0 0 0 3 37658 0 0 0 0 0 88 0 0 8944792 15696333 13326927 0 0 0 15100938 0 0 0 0 
0 0 0 0 0 0 0 0 0 0 0 0 0 0 0 0 0 0 0 0 0 0 0 3 37662 0 0 0 0 0 88 0 0 8971425 15738149 13358382 0 0 0 15144031 0 0 0 0 
0 0 0 0 0 0 0 0 0 0 0 0 0 0 0 0 0 0 0 0 0 0 0 3 37666 0 0 0 0 0 88 0 0 8979615 15776882 13387217 0 0 0 15168281 0 0 0 0 
0 0 0 0 0 0 0 0 0 0 0 0 0 0 0 0 0 0 0 0 0 0 0 3 37674 0 0 0 0 0 88 0 0 8982332 15794643 13393783 0 0 0 15187299 0 0 0 0 
0 0 0 0 0 0 0 0 0 0 0 0 0 0 0 0 0 0 0 0 0 0 0 3 37674 0 0 0 0 0 88 0 0 9011757 15834233 13418268 0 0 0 15239317 0 0 0 0 
0 0 0 0 0 0 0 0 0 0 0 0 0 0 0 0 0 0 0 0 0 0 0 3 37678 0 0 0 0 0 88 0 0 9039150 15876563 13449836 0 0 0 15283636 0 0 0 0 
0 0 0 0 0 0 0 0 0 0 0 0 0 0 0 0 0 0 0 0 0 0 0 3 37682 0 0 0 0 0 88 0 0 9045810 15916438 13478201 0 0 0 15307823 0 0 0 0 
0 0 0 0 0 0 0 0 0 0 0 0 0 0 0 0 0 0 0 0 0 0 0 3 37686 0 0 0 0 0 88 0 0 9046078 15928353 13483212 0 0 0 15319740 0 0 0 0 
0 0 0 0 0 0 0 0 0 0 0 0 0 0 0 0 0 0 0 0 0 0 0 3 37690 0 0 0 0 0 88 0 0 9077697 15967605 13507943 0 0 0 15372963 0 0 0 0 
0 0 0 0 0 0 0 0 0 0 0 0 0 0 0 0 0 0 0 0 0 0 0 3 37694 0 0 0 0 0 88 0 0 9104087 16008644 13539091 0 0 0 15415056 0 0 0 0 
0 0 0 0 0 0 0 0 0 0 0 0 0 0 0 0 0 0 0 0 0 0 0 3 37698 0 0 0 0 0 88 0 0 9112006 16048099 13568060 0 0 0 15439473 0 0 0 0 
0 0 0 0 0 0 0 0 0 0 0 0 0 0 0 0 0 0 0 0 0 0 0 3 37706 0 0 0 0 0 88 0 0 9115897 16066115 13574518 0 0 0 15459518 0 0 0 0 
0 0 0 0 0 0 0 0 0 0 0 0 0 0 0 0 0 0 0 0 0 0 0 3 37706 0 0 0 0 0 88 0 0 9144787 16107153 13599849 0 0 0 15511039 0 0 0 0 
0 0 0 0 0 0 0 0 0 0 0 0 0 0 0 0 0 0 0 0 0 0 0 3 37710 0 0 0 0 0 88 0 0 9174487 16149170 13630950 0 0 0 15557404 0 0 0 0 
0 0 0 0 0 0 0 0 0 0 0 0 0 0 0 0 0 0 0 0 0 0 0 3 37714 0 0 0 0 0 88 0 0 9178203 16188001 13656794 0 0 0 15579366 0 0 0 0 
0 0 0 0 0 0 0 0 0 0 0 0 0 0 0 0 0 0 0 0 0 0 0 3 37722 0 0 0 0 0 88 0 0 9186793 16209521 13665682 0 0 0 15605575 0 0 0 0 
0 0 0 0 0 0 0 0 0 0 0 0 0 0 0 0 0 0 0 0 0 0 0 3 37722 0 0 0 0 0 88 0 0 9211622 16250647 13690971 0 0 0 15653245 0 0 0 0 
0 0 0 0 0 0 0 0 0 0 0 0 0 0 0 0 0 0 0 0 0 0 0 3 37726 0 0 0 0 0 88 0 0 9241041 16295121 13722226 0 0 0 15701507 0 0 0 0 
0 0 0 0 0 0 0 0 0 0 0 0 0 0 0 0 0 0 0 0 0 0 0 3 37730 0 0 0 0 0 88 0 0 9244399 16329451 13747304 0 0 0 15720807 0 0 0 0 
0 0 0 0 0 0 0 0 0 0 0 0 0 0 0 0 0 0 0 0 0 0 0 3 37738 0 0 0 0 0 88 0 0 9256829 16349197 13757586 0 0 0 15747362 0 0 0 0 
0 0 0 0 0 0 0 0 0 0 0 0 0 0 0 0 0 0 0 0 0 0 0 3 37738 0 0 0 0 0 88 0 0 9277818 16394026 13787850 0 0 0 15789469 0 0 0 0 
0 0 0 0 0 0 0 0 0 0 0 0 0 0 0 0 0 0 0 0 0 0 0 3 37742 0 0 0 0 0 88 0 0 9308668 16434050 13814823 0 0 0 15839963 0 0 0 0 
0 0 0 0 0 0 0 0 0 0 0 0 0 0 0 0 0 0 0 0 0 0 0 3 37746 0 0 0 0 0 88 0 0 9310593 16464931 13837691 0 0 0 15856279 0 0 0 0 
0 0 0 0 0 0 0 0 0 0 0 0 0 0 0 0 0 0 0 0 0 0 0 3 37754 0 0 0 0 0 88 0 0 9333538 16489702 13852135 0 0 0 15893912 0 0 0 0 
0 0 0 0 0 0 0 0 0 0 0 0 0 0 0 0 0 0 0 0 0 0 0 3 37758 0 0 0 0 0 88 0 0 9349503 16531358 13883718 0 0 0 15926184 0 0 0 0 
0 0 0 0 0 0 0 0 0 0 0 0 0 0 0 0 0 0 0 0 0 0 0 3 37758 0 0 0 0 0 88 0 0 9376666 16570275 13908982 0 0 0 15974916 0 0 0 0 
0 0 0 0 0 0 0 0 0 0 0 0 0 0 0 0 0 0 0 0 0 0 0 3 37762 0 0 0 0 0 88 0 0 9376792 16596281 13927222 0 0 0 15987621 0 0 0 0 
0 0 0 0 0 0 0 0 0 0 0 0 0 0 0 0 0 0 0 0 0 0 0 3 37770 0 0 0 0 0 88 0 0 9405861 16625321 13945490 0 0 0 16033295 0 0 0 0 
0 0 0 0 0 0 0 0 0 0 0 0 0 0 0 0 0 0 0 0 0 0 0 3 37774 0 0 0 0 0 88 0 0 9420202 16667708 13977426 0 0 0 16064860 0 0 0 0 
0 0 0 0 0 0 0 0 0 0 0 0 0 0 0 0 0 0 0 0 0 0 0 3 37774 0 0 0 0 0 88 0 0 9442983 16708644 14005114 0 0 0 16107717 0 0 0 0 
0 0 0 0 0 0 0 0 0 0 0 0 0 0 0 0 0 0 0 0 0 0 0 3 37778 0 0 0 0 0 88 0 0 9442990 16730350 14017927 0 0 0 16121677 0 0 0 0 
<====
0 0 0 0 0 0 0 0 0 0 0 0 0 0 0 0 0 0 0 0 0 0 0 3 0 37780 37766 0 0 88 0 0 0 30757440 9438744 0 0 0 0 0 16124532 0 0 0 
0 0 0 0 0 0 0 0 0 0 0 0 0 0 0 0 0 0 0 0 0 0 0 3 0 37780 37766 0 0 88 0 0 0 30757440 9438744 0 0 0 0 0 16124532 0 0 0 
0 0 0 0 0 0 0 0 0 0 0 0 0 0 0 0 0 0 0 0 0 0 0 3 0 37780 37766 0 0 88 0 0 0 30757440 9438744 0 0 0 0 0 16124532 0 0 0 
0 0 0 0 0 0 0 0 0 0 0 0 0 0 0 0 0 0 0 0 0 0 0 3 0 37780 37766 0 0 88 0 0 0 30757440 9438744 0 0 0 0 0 16124532 0 0 0 
0 0 0 0 0 0 0 0 0 0 0 0 0 0 0 0 0 0 0 0 0 0 0 3 0 37780 37766 0 0 88 0 0 0 30757440 9438744 0 0 0 0 0 16124532 0 0 0 
0 0 0 0 0 0 0 0 0 0 0 0 0 0 0 0 0 0 0 0 0 0 0 3 0 37780 37766 0 0 88 0 0 0 30757440 9438744 0 0 0 0 0 16124532 0 0 0 
0 0 0 0 0 0 0 0 0 0 0 0 0 0 0 0 0 0 0 0 0 0 0 3 0 37780 37766 0 0 88 0 0 0 30757440 9438744 0 0 0 0 0 16124532 0 0 0 
0 0 0 0 0 0 0 0 0 0 0 0 0 0 0 0 0 0 0 0 0 0 0 3 0 37780 37766 0 0 88 0 0 0 30757440 9438744 0 0 0 0 0 16124532 0 0 0 
0 0 0 0 0 0 0 0 0 0 0 0 0 0 0 0 0 0 0 0 0 0 0 3 0 37780 37766 0 0 88 0 0 0 30757440 9438744 0 0 0 0 0 16124532 0 0 0 
0 0 0 0 0 0 0 0 0 0 0 0 0 0 0 0 0 0 0 0 0 0 0 3 0 37780 37766 0 0 88 0 0 0 30757440 9438744 0 0 0 0 0 16124532 0 0 0 
0 0 0 0 0 0 0 0 0 0 0 0 0 0 0 0 0 0 0 0 0 0 0 3 0 37780 37766 0 0 88 0 0 0 30757440 9438744 0 0 0 0 0 16124532 0 0 0 
