0 0 0 0 0 0 0 0 0 0 0 0 0 0 0 0 0 0 0 0 0 0 0 3 0 12472 12468 0 0 25 0 0 0 8548053 2613540 0 0 0 0 0 4407535 0 0 0 
0 0 0 0 0 0 0 0 0 0 0 0 0 0 0 0 0 0 0 0 0 0 0 3 12471 0 0 0 0 0 25 0 0 2613457 4547520 3999736 0 0 0 4407870 0 0 0 0 
0 0 0 0 0 0 0 0 0 0 0 0 0 0 0 0 0 0 0 0 0 0 0 3 0 12472 12468 0 0 25 0 0 0 8548053 2613540 0 0 0 0 0 4407535 0 0 0 
0 0 0 0 0 0 0 0 0 0 0 0 0 0 0 0 0 0 0 0 0 0 0 3 12471 0 0 0 0 0 25 0 0 2613457 4547520 3999736 0 0 0 4407870 0 0 0 0 
0 0 0 0 0 0 0 0 0 0 0 0 0 0 0 0 0 0 0 0 0 0 0 3 0 12472 12468 0 0 25 0 0 0 8548053 2613540 0 0 0 0 0 4407535 0 0 0 
0 0 0 0 0 0 0 0 0 0 0 0 0 0 0 0 0 0 0 0 0 0 0 3 12471 0 0 0 0 0 25 0 0 2613457 4547520 3999736 0 0 0 4407870 0 0 0 0 
0 0 0 0 0 0 0 0 0 0 0 0 0 0 0 0 0 0 0 0 0 0 0 3 0 12472 12468 0 0 25 0 0 0 8548053 2613540 0 0 0 0 0 4407535 0 0 0 
0 0 0 0 0 0 0 0 0 0 0 0 0 0 0 0 0 0 0 0 0 0 0 3 12471 0 0 0 0 0 25 0 0 2613457 4547520 3999736 0 0 0 4407870 0 0 0 0 
0 0 0 0 0 0 0 0 0 0 0 0 0 0 0 0 0 0 0 0 0 0 0 3 0 12472 12468 0 0 25 0 0 0 8548053 2613540 0 0 0 0 0 4407535 0 0 0 
0 0 0 0 0 0 0 0 0 0 0 0 0 0 0 0 0 0 0 0 0 0 0 3 12471 0 0 0 0 0 25 0 0 2613457 4547520 3999736 0 0 0 4407870 0 0 0 0 
0 0 0 0 0 0 0 0 0 0 0 0 0 0 0 0 0 0 0 0 0 0 0 3 0 12472 12468 0 0 25 0 0 0 8548053 2613540 0 0 0 0 0 4407535 0 0 0 
0 0 0 0 0 0 0 0 0 0 0 0 0 0 0 0 0 0 0 0 0 0 0 3 12471 0 0 0 0 0 25 0 0 2613457 4547520 3999736 0 0 0 4407870 0 0 0 0 
====>
0 0 0 0 0 0 0 0 0 0 0 0 0 0 0 0 0 0 0 0 0 0 0 3 0 12472 12472 0 0 35 0 0 0 8576784 2613540 0 0 0 0 0 4410594 0 0 0 
0 0 0 0 0 0 0 0 0 0 0 0 0 0 0 0 0 0 0 0 0 0 0 3 12475 0 0 0 0 0 35 0 0 2613457 4575382 4000610 0 0 0 4410929 0 0 0 0 
0 0 0 0 0 0 0 0 0 0 0 0 0 0 0 0 0 0 0 0 0 0 0 3 0 12484 12484 0 0 36 0 0 0 8668346 2613558 0 0 0 0 0 4412469 0 0 0 
0 0 0 0 0 0 0 0 0 0 0 0 0 0 0 0 0 0 0 0 0 0 0 3 12487 0 0 0 0 0 36 0 0 2613475 4665857 4001725 0 0 0 4412804 0 0 0 0 
0 0 0 0 0 0 0 0 0 0 0 0 0 0 0 0 0 0 0 0 0 0 0 3 0 12488 12488 0 0 36 0 0 0 8684409 2613567 0 0 0 0 0 4423395 0 0 0 
0 0 0 0 0 0 0 0 0 0 0 0 0 0 0 0 0 0 0 0 0 0 0 3 12491 0 0 0 0 0 36 0 0 2613484 4676787 4006858 0 0 0 4423730 0 0 0 0 
0 0 0 0 0 0 0 0 0 0 0 0 0 0 0 0 0 0 0 0 0 0 0 3 0 12492 12492 0 0 36 0 0 0 8722529 2649830 0 0 0 0 0 4435044 0 0 0 
0 0 0 0 0 0 0 0 0 0 0 0 0 0 0 0 0 0 0 0 0 0 0 3 12495 0 0 0 0 0 36 0 0 2649744 4708293 4013485 0 0 0 4435379 0 0 0 0 
0 0 0 0 0 0 0 0 0 0 0 0 0 0 0 0 0 0 0 0 0 0 0 3 0 12500 12500 0 0 36 0 0 0 8775774 2673237 0 0 0 0 0 4444742 0 0 0 
0 0 0 0 0 0 0 0 0 0 0 0 0 0 0 0 0 0 0 0 0 0 0 3 12503 0 0 0 0 0 36 0 0 2673149 4755125 4019906 0 0 0 4445079 0 0 0 0 
0 0 0 0 0 0 0 0 0 0 0 0 0 0 0 0 0 0 0 0 0 0 0 3 0 12504 12504 0 0 36 0 0 0 8809624 2673242 0 0 0 0 0 4475261 0 0 0 
0 0 0 0 0 0 0 0 0 0 0 0 0 0 0 0 0 0 0 0 0 0 0 3 12507 0 0 0 0 0 36 0 0 2673154 4758487 4050375 0 0 0 4475598 0 0 0 0 
0 0 0 0 0 0 0 0 0 0 0 0 0 0 0 0 0 0 0 0 0 0 0 3 0 12512 12512 0 0 36 0 0 0 8825330 2684422 0 0 0 0 0 4481276 0 0 0 
0 0 0 0 0 0 0 0 0 0 0 0 0 0 0 0 0 0 0 0 0 0 0 3 12515 0 0 0 0 0 36 0 0 2684333 4769411 4055157 0 0 0 4481613 0 0 0 0 
0 0 0 0 0 0 0 0 0 0 0 0 0 0 0 0 0 0 0 0 0 0 0 3 0 12516 12516 0 0 36 0 0 0 8876893 2709642 0 0 0 0 0 4503799 0 0 0 
0 0 0 0 0 0 0 0 0 0 0 0 0 0 0 0 0 0 0 0 0 0 0 3 12519 0 0 0 0 0 36 0 0 2709553 4808354 4067771 0 0 0 4504137 0 0 0 0 
0 0 0 0 0 0 0 0 0 0 0 0 0 0 0 0 0 0 0 0 0 0 0 3 0 12519 12516 0 0 36 0 0 0 8966326 2732899 0 0 0 0 0 4558364 0 0 0 
0 0 0 0 0 0 0 0 0 0 0 0 0 0 0 0 0 0 0 0 0 0 0 3 12519 0 0 0 0 0 36 0 0 2732810 4842134 4123406 0 0 0 4558710 0 0 0 0 
0 0 0 0 0 0 0 0 0 0 0 0 0 0 0 0 0 0 0 0 0 0 0 3 0 12520 12520 0 0 36 0 0 0 9017704 2753237 0 0 0 0 0 4592832 0 0 0 
0 0 0 0 0 0 0 0 0 0 0 0 0 0 0 0 0 0 0 0 0 0 0 3 12523 0 0 0 0 0 36 0 0 2753146 4870739 4146172 0 0 0 4593185 0 0 0 0 
0 0 0 0 0 0 0 0 0 0 0 0 0 0 0 0 0 0 0 0 0 0 0 3 0 12524 12524 0 0 36 0 0 0 9075144 2776351 0 0 0 0 0 4624983 0 0 0 
0 0 0 0 0 0 0 0 0 0 0 0 0 0 0 0 0 0 0 0 0 0 0 3 12527 0 0 0 0 0 36 0 0 2776261 4901683 4172660 0 0 0 4625336 0 0 0 0 
0 0 0 0 0 0 0 0 0 0 0 0 0 0 0 0 0 0 0 0 0 0 0 3 0 12527 12524 0 0 36 0 0 0 9137916 2792571 0 0 0 0 0 4651321 0 0 0 
0 0 0 0 0 0 0 0 0 0 0 0 0 0 0 0 0 0 0 0 0 0 0 3 12527 0 0 0 0 0 36 0 0 2792481 4935172 4201945 0 0 0 4651673 0 0 0 0 
0 0 0 0 0 0 0 0 0 0 0 0 0 0 0 0 0 0 0 0 0 0 0 3 0 12536 12536 0 0 36 0 0 0 9158453 2798104 0 0 0 0 0 4666721 0 0 0 
0 0 0 0 0 0 0 0 0 0 0 0 0 0 0 0 0 0 0 0 0 0 0 3 12539 0 0 0 0 0 36 0 0 2798015 4948086 4209566 0 0 0 4667076 0 0 0 0 
0 0 0 0 0 0 0 0 0 0 0 0 0 0 0 0 0 0 0 0 0 0 0 3 0 12536 12536 0 0 36 0 0 0 9214101 2815990 0 0 0 0 0 4699133 0 0 0 
0 0 0 0 0 0 0 0 0 0 0 0 0 0 0 0 0 0 0 0 0 0 0 3 12539 0 0 0 0 0 36 0 0 2815901 4979405 4233885 0 0 0 4699490 0 0 0 0 
0 0 0 0 0 0 0 0 0 0 0 0 0 0 0 0 0 0 0 0 0 0 0 3 0 12540 12540 0 0 36 0 0 0 9272290 2840142 0 0 0 0 0 4734082 0 0 0 
0 0 0 0 0 0 0 0 0 0 0 0 0 0 0 0 0 0 0 0 0 0 0 3 12543 0 0 0 0 0 36 0 0 2840053 5011216 4260260 0 0 0 4734440 0 0 0 0 
0 0 0 0 0 0 0 0 0 0 0 0 0 0 0 0 0 0 0 0 0 0 0 3 0 12544 12544 0 0 36 0 0 0 9324735 2852250 0 0 0 0 0 4755242 0 0 0 
0 0 0 0 0 0 0 0 0 0 0 0 0 0 0 0 0 0 0 0 0 0 0 3 12547 0 0 0 0 0 36 0 0 2852160 5039108 4284814 0 0 0 4755600 0 0 0 0 
0 0 0 0 0 0 0 0 0 0 0 0 0 0 0 0 0 0 0 0 0 0 0 3 0 12552 12552 0 0 36 0 0 0 9354149 2866993 0 0 0 0 0 4778809 0 0 0 
0 0 0 0 0 0 0 0 0 0 0 0 0 0 0 0 0 0 0 0 0 0 0 3 12555 0 0 0 0 0 36 0 0 2866904 5055783 4297551 0 0 0 4779172 0 0 0 0 
0 0 0 0 0 0 0 0 0 0 0 0 0 0 0 0 0 0 0 0 0 0 0 3 0 12556 12556 0 0 36 0 0 0 9415339 2883861 0 0 0 0 0 4805809 0 0 0 
0 0 0 0 0 0 0 0 0 0 0 0 0 0 0 0 0 0 0 0 0 0 0 3 12559 0 0 0 0 0 36 0 0 2883771 5088897 4325612 0 0 0 4806172 0 0 0 0 
0 0 0 0 0 0 0 0 0 0 0 0 0 0 0 0 0 0 0 0 0 0 0 3 0 12556 12556 0 0 36 0 0 0 9469142 2903642 0 0 0 0 0 4840833 0 0 0 
0 0 0 0 0 0 0 0 0 0 0 0 0 0 0 0 0 0 0 0 0 0 0 3 12559 0 0 0 0 0 36 0 0 2903552 5119470 4348837 0 0 0 4841198 0 0 0 0 
0 0 0 0 0 0 0 0 0 0 0 0 0 0 0 0 0 0 0 0 0 0 0 3 0 12560 12560 0 0 36 0 0 0 9505385 2911929 0 0 0 0 0 4854133 0 0 0 
0 0 0 0 0 0 0 0 0 0 0 0 0 0 0 0 0 0 0 0 0 0 0 3 12563 0 0 0 0 0 36 0 0 2911838 5138012 4366548 0 0 0 4854497 0 0 0 0 
0 0 0 0 0 0 0 0 0 0 0 0 0 0 0 0 0 0 0 0 0 0 0 3 0 12568 12568 0 0 36 0 0 0 9548083 2930599 0 0 0 0 0 4884460 0 0 0 
0 0 0 0 0 0 0 0 0 0 0 0 0 0 0 0 0 0 0 0 0 0 0 3 12571 0 0 0 0 0 36 0 0 2930505 5162332 4384923 0 0 0 4884828 0 0 0 0 
0 0 0 0 0 0 0 0 0 0 0 0 0 0 0 0 0 0 0 0 0 0 0 3 0 12572 12572 0 0 36 0 0 0 9610235 2952663 0 0 0 0 0 4917119 0 0 0 
0 0 0 0 0 0 0 0 0 0 0 0 0 0 0 0 0 0 0 0 0 0 0 3 12575 0 0 0 0 0 36 0 0 2952570 5196236 4413162 0 0 0 4917494 0 0 0 0 
0 0 0 0 0 0 0 0 0 0 0 0 0 0 0 0 0 0 0 0 0 0 0 3 0 12574 12572 0 0 36 0 0 0 9674826 2969671 0 0 0 0 0 4946704 0 0 0 
0 0 0 0 0 0 0 0 0 0 0 0 0 0 0 0 0 0 0 0 0 0 0 3 12575 0 0 0 0 0 36 0 0 2969576 5231357 4442645 0 0 0 4947076 0 0 0 0 
0 0 0 0 0 0 0 0 0 0 0 0 0 0 0 0 0 0 0 0 0 0 0 3 0 12584 12584 0 0 36 0 0 0 9691690 2976094 0 0 0 0 0 4958748 0 0 0 
0 0 0 0 0 0 0 0 0 0 0 0 0 0 0 0 0 0 0 0 0 0 0 3 12587 0 0 0 0 0 36 0 0 2975999 5240440 4450424 0 0 0 4959121 0 0 0 0 
0 0 0 0 0 0 0 0 0 0 0 0 0 0 0 0 0 0 0 0 0 0 0 3 0 12584 12584 0 0 36 0 0 0 9742684 2994941 0 0 0 0 0 4990793 0 0 0 
0 0 0 0 0 0 0 0 0 0 0 0 0 0 0 0 0 0 0 0 0 0 0 3 12587 0 0 0 0 0 36 0 0 2994845 5268939 4472905 0 0 0 4991169 0 0 0 0 
0 0 0 0 0 0 0 0 0 0 0 0 0 0 0 0 0 0 0 0 0 0 0 3 0 12588 12588 0 0 36 0 0 0 9804996 3019359 0 0 0 0 0 5025740 0 0 0 
0 0 0 0 0 0 0 0 0 0 0 0 0 0 0 0 0 0 0 0 0 0 0 3 12591 0 0 0 0 0 36 0 0 3019263 5302496 4501656 0 0 0 5026127 0 0 0 0 
0 0 0 0 0 0 0 0 0 0 0 0 0 0 0 0 0 0 0 0 0 0 0 3 0 12592 12592 0 0 36 0 0 0 9858753 3031285 0 0 0 0 0 5048135 0 0 0 
0 0 0 0 0 0 0 0 0 0 0 0 0 0 0 0 0 0 0 0 0 0 0 3 12595 0 0 0 0 0 36 0 0 3031189 5332052 4525856 0 0 0 5048522 0 0 0 0 
0 0 0 0 0 0 0 0 0 0 0 0 0 0 0 0 0 0 0 0 0 0 0 3 0 12600 12600 0 0 36 0 0 0 9887629 3045706 0 0 0 0 0 5072144 0 0 0 
0 0 0 0 0 0 0 0 0 0 0 0 0 0 0 0 0 0 0 0 0 0 0 3 12603 0 0 0 0 0 36 0 0 3045613 5348708 4538074 0 0 0 5072532 0 0 0 0 
0 0 0 0 0 0 0 0 0 0 0 0 0 0 0 0 0 0 0 0 0 0 0 3 0 12604 12604 0 0 36 0 0 0 9948038 3061426 0 0 0 0 0 5097045 0 0 0 
0 0 0 0 0 0 0 0 0 0 0 0 0 0 0 0 0 0 0 0 0 0 0 3 12607 0 0 0 0 0 36 0 0 3061331 5381065 4566122 0 0 0 5097434 0 0 0 0 
0 0 0 0 0 0 0 0 0 0 0 0 0 0 0 0 0 0 0 0 0 0 0 3 0 12604 12604 0 0 36 0 0 0 9998352 3082846 0 0 0 0 0 5132687 0 0 0 
0 0 0 0 0 0 0 0 0 0 0 0 0 0 0 0 0 0 0 0 0 0 0 3 12607 0 0 0 0 0 36 0 0 3082750 5409892 4587608 0 0 0 5133072 0 0 0 0 
0 0 0 0 0 0 0 0 0 0 0 0 0 0 0 0 0 0 0 0 0 0 0 3 0 12611 12608 0 0 36 0 0 0 10039390 3090966 0 0 0 0 0 5148341 0 0 0 
0 0 0 0 0 0 0 0 0 0 0 0 0 0 0 0 0 0 0 0 0 0 0 3 12611 0 0 0 0 0 36 0 0 3090870 5432268 4606266 0 0 0 5148727 0 0 0 0 
0 0 0 0 0 0 0 0 0 0 0 0 0 0 0 0 0 0 0 0 0 0 0 3 0 12616 12616 0 0 36 0 0 0 10082154 3109282 0 0 0 0 0 5180104 0 0 0 
0 0 0 0 0 0 0 0 0 0 0 0 0 0 0 0 0 0 0 0 0 0 0 3 12619 0 0 0 0 0 36 0 0 3109186 5457185 4624107 0 0 0 5180493 0 0 0 0 
0 0 0 0 0 0 0 0 0 0 0 0 0 0 0 0 0 0 0 0 0 0 0 3 0 12620 12620 0 0 36 0 0 0 10144337 3131082 0 0 0 0 0 5211648 0 0 0 
0 0 0 0 0 0 0 0 0 0 0 0 0 0 0 0 0 0 0 0 0 0 0 3 12623 0 0 0 0 0 36 0 0 3130984 5490569 4652900 0 0 0 5212039 0 0 0 0 
0 0 0 0 0 0 0 0 0 0 0 0 0 0 0 0 0 0 0 0 0 0 0 3 0 12620 12620 0 0 36 0 0 0 10208659 3148772 0 0 0 0 0 5241348 0 0 0 
0 0 0 0 0 0 0 0 0 0 0 0 0 0 0 0 0 0 0 0 0 0 0 3 12623 0 0 0 0 0 36 0 0 3148674 5525595 4682189 0 0 0 5241738 0 0 0 0 
0 0 0 0 0 0 0 0 0 0 0 0 0 0 0 0 0 0 0 0 0 0 0 3 0 12632 12632 0 0 36 0 0 0 10229469 3154089 0 0 0 0 0 5255754 0 0 0 
0 0 0 0 0 0 0 0 0 0 0 0 0 0 0 0 0 0 0 0 0 0 0 3 12635 0 0 0 0 0 36 0 0 3153990 5538744 4689850 0 0 0 5256147 0 0 0 0 
0 0 0 0 0 0 0 0 0 0 0 0 0 0 0 0 0 0 0 0 0 0 0 3 0 12632 12632 0 0 36 0 0 0 10284159 3172643 0 0 0 0 0 5289964 0 0 0 
0 0 0 0 0 0 0 0 0 0 0 0 0 0 0 0 0 0 0 0 0 0 0 3 12635 0 0 0 0 0 36 0 0 3172544 5570014 4713267 0 0 0 5290358 0 0 0 0 
0 0 0 0 0 0 0 0 0 0 0 0 0 0 0 0 0 0 0 0 0 0 0 3 0 12636 12636 0 0 36 0 0 0 10344791 3197756 0 0 0 0 0 5325272 0 0 0 
0 0 0 0 0 0 0 0 0 0 0 0 0 0 0 0 0 0 0 0 0 0 0 3 12639 0 0 0 0 0 36 0 0 3197658 5602617 4741290 0 0 0 5325667 0 0 0 0 
0 0 0 0 0 0 0 0 0 0 0 0 0 0 0 0 0 0 0 0 0 0 0 3 0 12640 12640 0 0 36 0 0 0 10397877 3210320 0 0 0 0 0 5347669 0 0 0 
0 0 0 0 0 0 0 0 0 0 0 0 0 0 0 0 0 0 0 0 0 0 0 3 12643 0 0 0 0 0 36 0 0 3210220 5631626 4765364 0 0 0 5348065 0 0 0 0 
0 0 0 0 0 0 0 0 0 0 0 0 0 0 0 0 0 0 0 0 0 0 0 3 0 12648 12648 0 0 36 0 0 0 10423313 3220610 0 0 0 0 0 5367754 0 0 0 
0 0 0 0 0 0 0 0 0 0 0 0 0 0 0 0 0 0 0 0 0 0 0 3 12651 0 0 0 0 0 36 0 0 3220511 5646635 4775793 0 0 0 5368153 0 0 0 0 
0 0 0 0 0 0 0 0 0 0 0 0 0 0 0 0 0 0 0 0 0 0 0 3 0 12648 12648 0 0 36 0 0 0 10486222 3236620 0 0 0 0 0 5397545 0 0 0 
0 0 0 0 0 0 0 0 0 0 0 0 0 0 0 0 0 0 0 0 0 0 0 3 12651 0 0 0 0 0 36 0 0 3236520 5681402 4803936 0 0 0 5397945 0 0 0 0 
0 0 0 0 0 0 0 0 0 0 0 0 0 0 0 0 0 0 0 0 0 0 0 3 0 12652 12652 0 0 36 0 0 0 10537465 3259541 0 0 0 0 0 5432907 0 0 0 
0 0 0 0 0 0 0 0 0 0 0 0 0 0 0 0 0 0 0 0 0 0 0 3 12655 0 0 0 0 0 36 0 0 3259441 5709815 4826766 0 0 0 5433308 0 0 0 0 
0 0 0 0 0 0 0 0 0 0 0 0 0 0 0 0 0 0 0 0 0 0 0 3 0 12656 12656 0 0 36 0 0 0 10586690 3269998 0 0 0 0 0 5452153 0 0 0 
0 0 0 0 0 0 0 0 0 0 0 0 0 0 0 0 0 0 0 0 0 0 0 3 12659 0 0 0 0 0 36 0 0 3269898 5736120 4849690 0 0 0 5452555 0 0 0 0 
0 0 0 0 0 0 0 0 0 0 0 0 0 0 0 0 0 0 0 0 0 0 0 3 0 12664 12664 0 0 36 0 0 0 10621799 3286531 0 0 0 0 0 5478809 0 0 0 
0 0 0 0 0 0 0 0 0 0 0 0 0 0 0 0 0 0 0 0 0 0 0 3 12667 0 0 0 0 0 36 0 0 3286430 5756263 4864652 0 0 0 5479218 0 0 0 0 
0 0 0 0 0 0 0 0 0 0 0 0 0 0 0 0 0 0 0 0 0 0 0 3 0 12668 12668 0 0 36 0 0 0 10685687 3306489 0 0 0 0 0 5509988 0 0 0 
0 0 0 0 0 0 0 0 0 0 0 0 0 0 0 0 0 0 0 0 0 0 0 3 12671 0 0 0 0 0 36 0 0 3306389 5791201 4893601 0 0 0 5510399 0 0 0 0 
0 0 0 0 0 0 0 0 0 0 0 0 0 0 0 0 0 0 0 0 0 0 0 3 0 12668 12668 0 0 36 0 0 0 10743287 3324877 0 0 0 0 0 5541822 0 0 0 
0 0 0 0 0 0 0 0 0 0 0 0 0 0 0 0 0 0 0 0 0 0 0 3 12671 0 0 0 0 0 36 0 0 3324778 5823320 4919082 0 0 0 5542235 0 0 0 0 
0 0 0 0 0 0 0 0 0 0 0 0 0 0 0 0 0 0 0 0 0 0 0 3 0 12676 12676 0 0 36 0 0 0 10766595 3329861 0 0 0 0 0 5550745 0 0 0 
0 0 0 0 0 0 0 0 0 0 0 0 0 0 0 0 0 0 0 0 0 0 0 3 12679 0 0 0 0 0 36 0 0 3329762 5834727 4930981 0 0 0 5551158 0 0 0 0 
0 0 0 0 0 0 0 0 0 0 0 0 0 0 0 0 0 0 0 0 0 0 0 3 0 12680 12680 0 0 36 0 0 0 10811908 3349578 0 0 0 0 0 5583234 0 0 0 
0 0 0 0 0 0 0 0 0 0 0 0 0 0 0 0 0 0 0 0 0 0 0 3 12683 0 0 0 0 0 36 0 0 3349479 5860540 4950478 0 0 0 5583652 0 0 0 0 
0 0 0 0 0 0 0 0 0 0 0 0 0 0 0 0 0 0 0 0 0 0 0 3 0 12684 12684 0 0 36 0 0 0 10874439 3372753 0 0 0 0 0 5616391 0 0 0 
0 0 0 0 0 0 0 0 0 0 0 0 0 0 0 0 0 0 0 0 0 0 0 3 12687 0 0 0 0 0 36 0 0 3372655 5894228 4979319 0 0 0 5616809 0 0 0 0 
0 0 0 0 0 0 0 0 0 0 0 0 0 0 0 0 0 0 0 0 0 0 0 3 0 12688 12688 0 0 36 0 0 0 10936020 3389354 0 0 0 0 0 5643239 0 0 0 
0 0 0 0 0 0 0 0 0 0 0 0 0 0 0 0 0 0 0 0 0 0 0 3 12691 0 0 0 0 0 36 0 0 3389255 5927237 5007888 0 0 0 5643657 0 0 0 0 
0 0 0 0 0 0 0 0 0 0 0 0 0 0 0 0 0 0 0 0 0 0 0 3 0 12696 12696 0 0 36 0 0 0 10955946 3396636 0 0 0 0 0 5657126 0 0 0 
0 0 0 0 0 0 0 0 0 0 0 0 0 0 0 0 0 0 0 0 0 0 0 3 12699 0 0 0 0 0 36 0 0 3396536 5938366 5016685 0 0 0 5657548 0 0 0 0 
0 0 0 0 0 0 0 0 0 0 0 0 0 0 0 0 0 0 0 0 0 0 0 3 0 12696 12696 0 0 36 0 0 0 11014331 3413898 0 0 0 0 0 5689556 0 0 0 
0 0 0 0 0 0 0 0 0 0 0 0 0 0 0 0 0 0 0 0 0 0 0 3 12699 0 0 0 0 0 36 0 0 3413798 5971296 5042139 0 0 0 5689986 0 0 0 0 
0 0 0 0 0 0 0 0 0 0 0 0 0 0 0 0 0 0 0 0 0 0 0 3 0 12700 12700 0 0 36 0 0 0 11071035 3437570 0 0 0 0 0 5725104 0 0 0 
0 0 0 0 0 0 0 0 0 0 0 0 0 0 0 0 0 0 0 0 0 0 0 3 12703 0 0 0 0 0 36 0 0 3437469 6002639 5067497 0 0 0 5725538 0 0 0 0 
0 0 0 0 0 0 0 0 0 0 0 0 0 0 0 0 0 0 0 0 0 0 0 3 0 12704 12704 0 0 36 0 0 0 11121394 3449032 0 0 0 0 0 5745418 0 0 0 
0 0 0 0 0 0 0 0 0 0 0 0 0 0 0 0 0 0 0 0 0 0 0 3 12707 0 0 0 0 0 36 0 0 3448931 6029441 5091051 0 0 0 5745853 0 0 0 0 
0 0 0 0 0 0 0 0 0 0 0 0 0 0 0 0 0 0 0 0 0 0 0 3 0 12712 12712 0 0 36 0 0 0 11149210 3463983 0 0 0 0 0 5768337 0 0 0 
0 0 0 0 0 0 0 0 0 0 0 0 0 0 0 0 0 0 0 0 0 0 0 3 12715 0 0 0 0 0 36 0 0 3463883 6044909 5103391 0 0 0 5768774 0 0 0 0 
0 0 0 0 0 0 0 0 0 0 0 0 0 0 0 0 0 0 0 0 0 0 0 3 0 12716 12716 0 0 36 0 0 0 11210254 3480498 0 0 0 0 0 5793762 0 0 0 
0 0 0 0 0 0 0 0 0 0 0 0 0 0 0 0 0 0 0 0 0 0 0 3 12719 0 0 0 0 0 36 0 0 3480398 6077274 5132064 0 0 0 5794201 0 0 0 0 
0 0 0 0 0 0 0 0 0 0 0 0 0 0 0 0 0 0 0 0 0 0 0 3 0 12716 12716 0 0 36 0 0 0 11264792 3500751 0 0 0 0 0 5829767 0 0 0 
0 0 0 0 0 0 0 0 0 0 0 0 0 0 0 0 0 0 0 0 0 0 0 3 12719 0 0 0 0 0 36 0 0 3500650 6108520 5155348 0 0 0 5830207 0 0 0 0 
0 0 0 0 0 0 0 0 0 0 0 0 0 0 0 0 0 0 0 0 0 0 0 3 0 12721 12720 0 0 36 0 0 0 11308364 3508712 0 0 0 0 0 5851214 0 0 0 
0 0 0 0 0 0 0 0 0 0 0 0 0 0 0 0 0 0 0 0 0 0 0 3 12723 0 0 0 0 0 36 0 0 3508611 6135246 5172191 0 0 0 5851654 0 0 0 0 
0 0 0 0 0 0 0 0 0 0 0 0 0 0 0 0 0 0 0 0 0 0 0 3 0 12728 12728 0 0 36 0 0 0 11344550 3526765 0 0 0 0 0 5879167 0 0 0 
0 0 0 0 0 0 0 0 0 0 0 0 0 0 0 0 0 0 0 0 0 0 0 3 12731 0 0 0 0 0 36 0 0 3526665 6155509 5188112 0 0 0 5879613 0 0 0 0 
0 0 0 0 0 0 0 0 0 0 0 0 0 0 0 0 0 0 0 0 0 0 0 3 0 12732 12732 0 0 36 0 0 0 11405505 3547123 0 0 0 0 0 5908340 0 0 0 
0 0 0 0 0 0 0 0 0 0 0 0 0 0 0 0 0 0 0 0 0 0 0 3 12735 0 0 0 0 0 36 0 0 3547023 6187948 5216621 0 0 0 5908787 0 0 0 0 
0 0 0 0 0 0 0 0 0 0 0 0 0 0 0 0 0 0 0 0 0 0 0 3 0 12732 12732 0 0 36 0 0 0 11467680 3564959 0 0 0 0 0 5939233 0 0 0 
0 0 0 0 0 0 0 0 0 0 0 0 0 0 0 0 0 0 0 0 0 0 0 3 12735 0 0 0 0 0 36 0 0 3564859 6222328 5244414 0 0 0 5939681 0 0 0 0 
0 0 0 0 0 0 0 0 0 0 0 0 0 0 0 0 0 0 0 0 0 0 0 3 0 12740 12740 0 0 36 0 0 0 11490130 3568574 0 0 0 0 0 5951892 0 0 0 
0 0 0 0 0 0 0 0 0 0 0 0 0 0 0 0 0 0 0 0 0 0 0 3 12743 0 0 0 0 0 36 0 0 3568474 6235937 5253257 0 0 0 5952339 0 0 0 0 
0 0 0 0 0 0 0 0 0 0 0 0 0 0 0 0 0 0 0 0 0 0 0 3 0 12744 12744 0 0 36 0 0 0 11540150 3588818 0 0 0 0 0 5986186 0 0 0 
0 0 0 0 0 0 0 0 0 0 0 0 0 0 0 0 0 0 0 0 0 0 0 3 12747 0 0 0 0 0 36 0 0 3588716 6264761 5274447 0 0 0 5986635 0 0 0 0 
0 0 0 0 0 0 0 0 0 0 0 0 0 0 0 0 0 0 0 0 0 0 0 3 0 12748 12748 0 0 36 0 0 0 11600654 3614154 0 0 0 0 0 6021000 0 0 0 
0 0 0 0 0 0 0 0 0 0 0 0 0 0 0 0 0 0 0 0 0 0 0 3 12751 0 0 0 0 0 36 0 0 3614053 6297079 5302627 0 0 0 6021454 0 0 0 0 
0 0 0 0 0 0 0 0 0 0 0 0 0 0 0 0 0 0 0 0 0 0 0 3 0 12752 12752 0 0 36 0 0 0 11660469 3628066 0 0 0 0 0 6045294 0 0 0 
0 0 0 0 0 0 0 0 0 0 0 0 0 0 0 0 0 0 0 0 0 0 0 3 12755 0 0 0 0 0 36 0 0 3627964 6329358 5330159 0 0 0 6045750 0 0 0 0 
0 0 0 0 0 0 0 0 0 0 0 0 0 0 0 0 0 0 0 0 0 0 0 3 0 12760 12760 0 0 36 0 0 0 11680694 3633248 0 0 0 0 0 6060052 0 0 0 
0 0 0 0 0 0 0 0 0 0 0 0 0 0 0 0 0 0 0 0 0 0 0 3 12763 0 0 0 0 0 36 0 0 3633146 6341776 5337963 0 0 0 6060510 0 0 0 0 
0 0 0 0 0 0 0 0 0 0 0 0 0 0 0 0 0 0 0 0 0 0 0 3 0 12760 12760 0 0 36 0 0 0 11736529 3651180 0 0 0 0 0 6092983 0 0 0 
0 0 0 0 0 0 0 0 0 0 0 0 0 0 0 0 0 0 0 0 0 0 0 3 12763 0 0 0 0 0 36 0 0 3651079 6373203 5362366 0 0 0 6093442 0 0 0 0 
0 0 0 0 0 0 0 0 0 0 0 0 0 0 0 0 0 0 0 0 0 0 0 3 0 12764 12764 0 0 36 0 0 0 11795843 3675688 0 0 0 0 0 6128272 0 0 0 
0 0 0 0 0 0 0 0 0 0 0 0 0 0 0 0 0 0 0 0 0 0 0 3 12767 0 0 0 0 0 36 0 0 3675585 6405534 5389345 0 0 0 6128736 0 0 0 0 
0 0 0 0 0 0 0 0 0 0 0 0 0 0 0 0 0 0 0 0 0 0 0 3 0 12768 12768 0 0 36 0 0 0 11848799 3687745 0 0 0 0 0 6150000 0 0 0 
0 0 0 0 0 0 0 0 0 0 0 0 0 0 0 0 0 0 0 0 0 0 0 3 12771 0 0 0 0 0 36 0 0 3687642 6434079 5413760 0 0 0 6150464 0 0 0 0 
0 0 0 0 0 0 0 0 0 0 0 0 0 0 0 0 0 0 0 0 0 0 0 3 0 12776 12776 0 0 36 0 0 0 11874901 3697198 0 0 0 0 0 6169828 0 0 0 
0 0 0 0 0 0 0 0 0 0 0 0 0 0 0 0 0 0 0 0 0 0 0 3 12779 0 0 0 0 0 36 0 0 3697098 6449703 5424236 0 0 0 6170295 0 0 0 0 
0 0 0 0 0 0 0 0 0 0 0 0 0 0 0 0 0 0 0 0 0 0 0 3 0 12776 12776 0 0 36 0 0 0 11938708 3715477 0 0 0 0 0 6200462 0 0 0 
0 0 0 0 0 0 0 0 0 0 0 0 0 0 0 0 0 0 0 0 0 0 0 3 12779 0 0 0 0 0 36 0 0 3715377 6484564 5453181 0 0 0 6200927 0 0 0 0 
0 0 0 0 0 0 0 0 0 0 0 0 0 0 0 0 0 0 0 0 0 0 0 3 0 12780 12780 0 0 36 0 0 0 11991537 3737415 0 0 0 0 0 6236347 0 0 0 
0 0 0 0 0 0 0 0 0 0 0 0 0 0 0 0 0 0 0 0 0 0 0 3 12783 0 0 0 0 0 36 0 0 3737313 6514687 5475882 0 0 0 6236816 0 0 0 0 
0 0 0 0 0 0 0 0 0 0 0 0 0 0 0 0 0 0 0 0 0 0 0 3 0 12784 12784 0 0 36 0 0 0 12039624 3747421 0 0 0 0 0 6257506 0 0 0 
0 0 0 0 0 0 0 0 0 0 0 0 0 0 0 0 0 0 0 0 0 0 0 3 12787 0 0 0 0 0 36 0 0 3747319 6541597 5497063 0 0 0 6257975 0 0 0 0 
0 0 0 0 0 0 0 0 0 0 0 0 0 0 0 0 0 0 0 0 0 0 0 3 0 12792 12792 0 0 36 0 0 0 12074644 3764508 0 0 0 0 0 6285376 0 0 0 
0 0 0 0 0 0 0 0 0 0 0 0 0 0 0 0 0 0 0 0 0 0 0 3 12795 0 0 0 0 0 36 0 0 3764406 6562135 5511544 0 0 0 6285849 0 0 0 0 
0 0 0 0 0 0 0 0 0 0 0 0 0 0 0 0 0 0 0 0 0 0 0 3 0 12796 12796 0 0 36 0 0 0 12136920 3782191 0 0 0 0 0 6313693 0 0 0 
0 0 0 0 0 0 0 0 0 0 0 0 0 0 0 0 0 0 0 0 0 0 0 3 12799 0 0 0 0 0 36 0 0 3782089 6595664 5540287 0 0 0 6314167 0 0 0 0 
0 0 0 0 0 0 0 0 0 0 0 0 0 0 0 0 0 0 0 0 0 0 0 3 0 12796 12796 0 0 36 0 0 0 12190987 3800564 0 0 0 0 0 6346868 0 0 0 
0 0 0 0 0 0 0 0 0 0 0 0 0 0 0 0 0 0 0 0 0 0 0 3 12799 0 0 0 0 0 36 0 0 3800459 6626296 5563711 0 0 0 6347345 0 0 0 0 
0 0 0 0 0 0 0 0 0 0 0 0 0 0 0 0 0 0 0 0 0 0 0 3 0 12804 12804 0 0 36 0 0 0 12220071 3807286 0 0 0 0 0 6356437 0 0 0 
0 0 0 0 0 0 0 0 0 0 0 0 0 0 0 0 0 0 0 0 0 0 0 3 12807 0 0 0 0 0 36 0 0 3807181 6640544 5578540 0 0 0 6356913 0 0 0 0 
0 0 0 0 0 0 0 0 0 0 0 0 0 0 0 0 0 0 0 0 0 0 0 3 0 12808 12808 0 0 36 0 0 0 12264469 3826273 0 0 0 0 0 6388242 0 0 0 
0 0 0 0 0 0 0 0 0 0 0 0 0 0 0 0 0 0 0 0 0 0 0 3 12811 0 0 0 0 0 36 0 0 3826167 6665976 5597498 0 0 0 6388726 0 0 0 0 
0 0 0 0 0 0 0 0 0 0 0 0 0 0 0 0 0 0 0 0 0 0 0 3 0 12812 12812 0 0 36 0 0 0 12326050 3847904 0 0 0 0 0 6420586 0 0 0 
0 0 0 0 0 0 0 0 0 0 0 0 0 0 0 0 0 0 0 0 0 0 0 3 12815 0 0 0 0 0 36 0 0 3847798 6699415 5625635 0 0 0 6421075 0 0 0 0 
0 0 0 0 0 0 0 0 0 0 0 0 0 0 0 0 0 0 0 0 0 0 0 3 0 12813 12812 0 0 36 0 0 0 12389316 3865323 0 0 0 0 0 6449967 0 0 0 
0 0 0 0 0 0 0 0 0 0 0 0 0 0 0 0 0 0 0 0 0 0 0 3 12815 0 0 0 0 0 36 0 0 3865218 6734091 5654216 0 0 0 6450459 0 0 0 0 
0 0 0 0 0 0 0 0 0 0 0 0 0 0 0 0 0 0 0 0 0 0 0 3 0 12824 12824 0 0 36 0 0 0 12408991 3871361 0 0 0 0 0 6462945 0 0 0 
0 0 0 0 0 0 0 0 0 0 0 0 0 0 0 0 0 0 0 0 0 0 0 3 12827 0 0 0 0 0 36 0 0 3871256 6744987 5662989 0 0 0 6463439 0 0 0 0 
0 0 0 0 0 0 0 0 0 0 0 0 0 0 0 0 0 0 0 0 0 0 0 3 0 12824 12824 0 0 36 0 0 0 12459431 3889421 0 0 0 0 0 6495154 0 0 0 
0 0 0 0 0 0 0 0 0 0 0 0 0 0 0 0 0 0 0 0 0 0 0 3 12827 0 0 0 0 0 36 0 0 3889316 6773684 5684721 0 0 0 6495651 0 0 0 0 
0 0 0 0 0 0 0 0 0 0 0 0 0 0 0 0 0 0 0 0 0 0 0 3 0 12828 12828 0 0 36 0 0 0 12521461 3914310 0 0 0 0 0 6530187 0 0 0 
0 0 0 0 0 0 0 0 0 0 0 0 0 0 0 0 0 0 0 0 0 0 0 3 12831 0 0 0 0 0 36 0 0 3914204 6807249 5713179 0 0 0 6530694 0 0 0 0 
0 0 0 0 0 0 0 0 0 0 0 0 0 0 0 0 0 0 0 0 0 0 0 3 0 12832 12832 0 0 36 0 0 0 12573627 3926455 0 0 0 0 0 6551047 0 0 0 
0 0 0 0 0 0 0 0 0 0 0 0 0 0 0 0 0 0 0 0 0 0 0 3 12835 0 0 0 0 0 36 0 0 3926349 6835201 5737385 0 0 0 6551554 0 0 0 0 
<====
0 0 0 0 0 0 0 0 0 0 0 0 0 0 0 0 0 0 0 0 0 0 0 3 0 12836 12832 0 0 36 0 0 0 12577088 3926640 0 0 0 0 0 6552794 0 0 0 
0 0 0 0 0 0 0 0 0 0 0 0 0 0 0 0 0 0 0 0 0 0 0 3 12835 0 0 0 0 0 36 0 0 3926534 6836940 5739107 0 0 0 6553301 0 0 0 0 
0 0 0 0 0 0 0 0 0 0 0 0 0 0 0 0 0 0 0 0 0 0 0 3 0 12836 12832 0 0 36 0 0 0 12577088 3926640 0 0 0 0 0 6552794 0 0 0 
0 0 0 0 0 0 0 0 0 0 0 0 0 0 0 0 0 0 0 0 0 0 0 3 12835 0 0 0 0 0 36 0 0 3926534 6836940 5739107 0 0 0 6553301 0 0 0 0 
0 0 0 0 0 0 0 0 0 0 0 0 0 0 0 0 0 0 0 0 0 0 0 3 0 12836 12832 0 0 36 0 0 0 12577088 3926640 0 0 0 0 0 6552794 0 0 0 
0 0 0 0 0 0 0 0 0 0 0 0 0 0 0 0 0 0 0 0 0 0 0 3 12835 0 0 0 0 0 36 0 0 3926534 6836940 5739107 0 0 0 6553301 0 0 0 0 
0 0 0 0 0 0 0 0 0 0 0 0 0 0 0 0 0 0 0 0 0 0 0 3 0 12836 12832 0 0 36 0 0 0 12577088 3926640 0 0 0 0 0 6552794 0 0 0 
0 0 0 0 0 0 0 0 0 0 0 0 0 0 0 0 0 0 0 0 0 0 0 3 12835 0 0 0 0 0 36 0 0 3926534 6836940 5739107 0 0 0 6553301 0 0 0 0 
