0 0 0 0 0 0 0 0 0 0 0 0 0 0 0 0 0 0 0 0 0 0 0 3 0 12840 12836 0 0 44 0 0 0 12589146 3926654 0 0 0 0 0 6563124 0 0 0 
0 0 0 0 0 0 0 0 0 0 0 0 0 0 0 0 0 0 0 0 0 0 0 3 12839 0 0 1 0 0 44 0 0 3926548 6848305 5739800 0 0 0 6563631 0 0 0 0 
0 0 0 0 0 0 0 0 0 0 0 0 0 0 0 0 0 0 0 0 0 0 0 3 0 12840 12836 0 0 44 0 0 0 12589146 3926654 0 0 0 0 0 6563124 0 0 0 
0 0 0 0 0 0 0 0 0 0 0 0 0 0 0 0 0 0 0 0 0 0 0 3 12839 0 0 1 0 0 44 0 0 3926548 6848305 5739800 0 0 0 6563631 0 0 0 0 
0 0 0 0 0 0 0 0 0 0 0 0 0 0 0 0 0 0 0 0 0 0 0 3 0 12840 12836 0 0 44 0 0 0 12589146 3926654 0 0 0 0 0 6563124 0 0 0 
0 0 0 0 0 0 0 0 0 0 0 0 0 0 0 0 0 0 0 0 0 0 0 3 12839 0 0 1 0 0 44 0 0 3926548 6848305 5739800 0 0 0 6563631 0 0 0 0 
0 0 0 0 0 0 0 0 0 0 0 0 0 0 0 0 0 0 0 0 0 0 0 3 0 12840 12836 0 0 44 0 0 0 12589146 3926654 0 0 0 0 0 6563124 0 0 0 
0 0 0 0 0 0 0 0 0 0 0 0 0 0 0 0 0 0 0 0 0 0 0 3 12839 0 0 1 0 0 44 0 0 3926548 6848305 5739800 0 0 0 6563631 0 0 0 0 
0 0 0 0 0 0 0 0 0 0 0 0 0 0 0 0 0 0 0 0 0 0 0 3 0 12840 12836 0 0 44 0 0 0 12589146 3926654 0 0 0 0 0 6563124 0 0 0 
0 0 0 0 0 0 0 0 0 0 0 0 0 0 0 0 0 0 0 0 0 0 0 3 12839 0 0 1 0 0 44 0 0 3926548 6848305 5739800 0 0 0 6563631 0 0 0 0 
0 0 0 0 0 0 0 0 0 0 0 0 0 0 0 0 0 0 0 0 0 0 0 3 0 12840 12836 0 0 44 0 0 0 12589146 3926654 0 0 0 0 0 6563124 0 0 0 
0 0 0 0 0 0 0 0 0 0 0 0 0 0 0 0 0 0 0 0 0 0 0 3 12839 0 0 1 0 0 44 0 0 3926548 6848305 5739800 0 0 0 6563631 0 0 0 0 
====>
0 0 0 0 0 0 0 0 0 0 0 0 0 0 0 0 0 0 0 0 0 0 0 3 0 12840 12836 0 0 44 0 0 0 12589146 3926654 0 0 0 0 0 6563124 0 0 0 
0 0 0 0 0 0 0 0 0 0 0 0 0 0 0 0 0 0 0 0 0 0 0 3 12839 0 0 1 0 0 44 0 0 3926548 6848305 5739800 0 0 0 6563631 0 0 0 0 
0 0 0 0 0 0 0 0 0 0 0 0 0 0 0 0 0 0 0 0 0 0 0 3 0 12840 12840 0 0 52 0 0 0 12590874 3926654 0 0 0 0 0 6563764 0 0 0 
0 0 0 0 0 0 0 0 0 0 0 0 0 0 0 0 0 0 0 0 0 0 0 3 12843 0 0 1 0 0 52 0 0 3926548 6849979 5739855 0 0 0 6564271 0 0 0 0 
0 0 0 0 0 0 0 0 0 0 0 0 0 0 0 0 0 0 0 0 0 0 0 3 0 12840 12840 0 0 52 0 0 0 12591630 3926654 0 0 0 0 0 6564478 0 0 0 
0 0 0 0 0 0 0 0 0 0 0 0 0 0 0 0 0 0 0 0 0 0 0 3 12843 0 0 1 0 0 52 0 0 3926548 6850693 5739897 0 0 0 6564985 0 0 0 0 
0 0 0 0 0 0 0 0 0 0 0 0 0 0 0 0 0 0 0 0 0 0 0 3 0 12840 12840 0 0 52 0 0 0 12592601 3926654 0 0 0 0 0 6565320 0 0 0 
0 0 0 0 0 0 0 0 0 0 0 0 0 0 0 0 0 0 0 0 0 0 0 3 12843 0 0 1 0 0 52 0 0 3926548 6851535 5740026 0 0 0 6565827 0 0 0 0 
0 0 0 0 0 0 0 0 0 0 0 0 0 0 0 0 0 0 0 0 0 0 0 3 0 12840 12840 0 0 52 0 0 0 12593469 3926654 0 0 0 0 0 6566101 0 0 0 
0 0 0 0 0 0 0 0 0 0 0 0 0 0 0 0 0 0 0 0 0 0 0 3 12843 0 0 1 0 0 52 0 0 3926548 6852316 5740113 0 0 0 6566608 0 0 0 0 
0 0 0 0 0 0 0 0 0 0 0 0 0 0 0 0 0 0 0 0 0 0 0 3 0 12840 12840 0 0 52 0 0 0 12594337 3926654 0 0 0 0 0 6566868 0 0 0 
0 0 0 0 0 0 0 0 0 0 0 0 0 0 0 0 0 0 0 0 0 0 0 3 12843 0 0 1 0 0 52 0 0 3926548 6853083 5740214 0 0 0 6567375 0 0 0 0 
0 0 0 0 0 0 0 0 0 0 0 0 0 0 0 0 0 0 0 0 0 0 0 3 0 12840 12840 0 0 52 0 0 0 12595180 3926654 0 0 0 0 0 6567648 0 0 0 
0 0 0 0 0 0 0 0 0 0 0 0 0 0 0 0 0 0 0 0 0 0 0 3 12843 0 0 1 0 0 52 0 0 3926548 6853863 5740277 0 0 0 6568155 0 0 0 0 
0 0 0 0 0 0 0 0 0 0 0 0 0 0 0 0 0 0 0 0 0 0 0 3 0 12840 12840 0 0 52 0 0 0 12596000 3926654 0 0 0 0 0 6568410 0 0 0 
0 0 0 0 0 0 0 0 0 0 0 0 0 0 0 0 0 0 0 0 0 0 0 3 12843 0 0 1 0 0 52 0 0 3926548 6854625 5740335 0 0 0 6568917 0 0 0 0 
0 0 0 0 0 0 0 0 0 0 0 0 0 0 0 0 0 0 0 0 0 0 0 3 0 12840 12840 0 0 52 0 0 0 12596813 3926654 0 0 0 0 0 6569180 0 0 0 
0 0 0 0 0 0 0 0 0 0 0 0 0 0 0 0 0 0 0 0 0 0 0 3 12843 0 0 1 0 0 52 0 0 3926548 6855395 5740378 0 0 0 6569687 0 0 0 0 
0 0 0 0 0 0 0 0 0 0 0 0 0 0 0 0 0 0 0 0 0 0 0 3 0 12840 12840 0 0 52 0 0 0 12597647 3926654 0 0 0 0 0 6569942 0 0 0 
0 0 0 0 0 0 0 0 0 0 0 0 0 0 0 0 0 0 0 0 0 0 0 3 12843 0 0 1 0 0 52 0 0 3926548 6856157 5740450 0 0 0 6570449 0 0 0 0 
0 0 0 0 0 0 0 0 0 0 0 0 0 0 0 0 0 0 0 0 0 0 0 3 0 12840 12840 0 0 52 0 0 0 12598490 3926654 0 0 0 0 0 6570721 0 0 0 
0 0 0 0 0 0 0 0 0 0 0 0 0 0 0 0 0 0 0 0 0 0 0 3 12843 0 0 1 0 0 52 0 0 3926548 6856936 5740514 0 0 0 6571228 0 0 0 0 
0 0 0 0 0 0 0 0 0 0 0 0 0 0 0 0 0 0 0 0 0 0 0 3 0 12844 12840 0 0 52 0 0 0 12599247 3926666 0 0 0 0 0 6571410 0 0 0 
0 0 0 0 0 0 0 0 0 0 0 0 0 0 0 0 0 0 0 0 0 0 0 3 12843 0 0 1 0 0 52 0 0 3926560 6857624 5740583 0 0 0 6571917 0 0 0 0 
<====
0 0 0 0 0 0 0 0 0 0 0 0 0 0 0 0 0 0 0 0 0 0 0 3 0 12844 12840 0 0 52 0 0 0 12599247 3926670 0 0 0 0 0 6571411 0 0 0 
0 0 0 0 0 0 0 0 0 0 0 0 0 0 0 0 0 0 0 0 0 0 0 3 12843 0 0 1 0 0 52 0 0 3926564 6857624 5740583 0 0 0 6571918 0 0 0 0 
0 0 0 0 0 0 0 0 0 0 0 0 0 0 0 0 0 0 0 0 0 0 0 3 0 12844 12840 0 0 52 0 0 0 12599247 3926670 0 0 0 0 0 6571411 0 0 0 
0 0 0 0 0 0 0 0 0 0 0 0 0 0 0 0 0 0 0 0 0 0 0 3 12843 0 0 1 0 0 52 0 0 3926564 6857624 5740583 0 0 0 6571918 0 0 0 0 
0 0 0 0 0 0 0 0 0 0 0 0 0 0 0 0 0 0 0 0 0 0 0 3 0 12844 12840 0 0 52 0 0 0 12599247 3926670 0 0 0 0 0 6571411 0 0 0 
0 0 0 0 0 0 0 0 0 0 0 0 0 0 0 0 0 0 0 0 0 0 0 3 12843 0 0 1 0 0 52 0 0 3926564 6857624 5740583 0 0 0 6571918 0 0 0 0 
0 0 0 0 0 0 0 0 0 0 0 0 0 0 0 0 0 0 0 0 0 0 0 3 0 12844 12840 0 0 52 0 0 0 12599247 3926670 0 0 0 0 0 6571411 0 0 0 
0 0 0 0 0 0 0 0 0 0 0 0 0 0 0 0 0 0 0 0 0 0 0 3 12843 0 0 1 0 0 52 0 0 3926564 6857624 5740583 0 0 0 6571918 0 0 0 0 
0 0 0 0 0 0 0 0 0 0 0 0 0 0 0 0 0 0 0 0 0 0 0 3 0 12844 12840 0 0 52 0 0 0 12599247 3926670 0 0 0 0 0 6571411 0 0 0 
0 0 0 0 0 0 0 0 0 0 0 0 0 0 0 0 0 0 0 0 0 0 0 3 12843 0 0 1 0 0 52 0 0 3926564 6857624 5740583 0 0 0 6571918 0 0 0 0 
