0 0 0 0 0 0 0 0 0 0 0 0 0 0 0 0 0 0 0 0 0 0 0 3 0 12470 12467 0 0 26 0 0 0 8597157 2730389 0 0 0 0 0 4448675 0 0 0 
0 0 0 0 0 0 0 0 0 0 0 0 0 0 0 0 0 0 0 0 0 0 0 3 12470 0 0 0 0 0 26 0 0 2730197 4581145 4014890 0 0 0 4449027 0 0 0 0 
0 0 0 0 0 0 0 0 0 0 0 0 0 0 0 0 0 0 0 0 0 0 0 3 0 12470 12467 0 0 26 0 0 0 8597157 2730389 0 0 0 0 0 4448675 0 0 0 
0 0 0 0 0 0 0 0 0 0 0 0 0 0 0 0 0 0 0 0 0 0 0 3 12470 0 0 0 0 0 26 0 0 2730197 4581145 4014890 0 0 0 4449027 0 0 0 0 
0 0 0 0 0 0 0 0 0 0 0 0 0 0 0 0 0 0 0 0 0 0 0 3 0 12470 12467 0 0 26 0 0 0 8597157 2730389 0 0 0 0 0 4448675 0 0 0 
0 0 0 0 0 0 0 0 0 0 0 0 0 0 0 0 0 0 0 0 0 0 0 3 12470 0 0 0 0 0 26 0 0 2730197 4581145 4014890 0 0 0 4449027 0 0 0 0 
0 0 0 0 0 0 0 0 0 0 0 0 0 0 0 0 0 0 0 0 0 0 0 3 0 12470 12467 0 0 26 0 0 0 8597157 2730389 0 0 0 0 0 4448675 0 0 0 
0 0 0 0 0 0 0 0 0 0 0 0 0 0 0 0 0 0 0 0 0 0 0 3 12470 0 0 0 0 0 26 0 0 2730197 4581145 4014890 0 0 0 4449027 0 0 0 0 
0 0 0 0 0 0 0 0 0 0 0 0 0 0 0 0 0 0 0 0 0 0 0 3 0 12470 12467 0 0 26 0 0 0 8597157 2730389 0 0 0 0 0 4448675 0 0 0 
0 0 0 0 0 0 0 0 0 0 0 0 0 0 0 0 0 0 0 0 0 0 0 3 12470 0 0 0 0 0 26 0 0 2730197 4581145 4014890 0 0 0 4449027 0 0 0 0 
0 0 0 0 0 0 0 0 0 0 0 0 0 0 0 0 0 0 0 0 0 0 0 3 0 12470 12467 0 0 26 0 0 0 8597157 2730389 0 0 0 0 0 4448675 0 0 0 
0 0 0 0 0 0 0 0 0 0 0 0 0 0 0 0 0 0 0 0 0 0 0 3 12470 0 0 0 0 0 26 0 0 2730197 4581145 4014890 0 0 0 4449027 0 0 0 0 
====>
0 0 0 0 0 0 0 0 0 0 0 0 0 0 0 0 0 0 0 0 0 0 0 3 0 12470 12467 0 0 26 0 0 0 8597157 2730389 0 0 0 0 0 4448675 0 0 0 
0 0 0 0 0 0 0 0 0 0 0 0 0 0 0 0 0 0 0 0 0 0 0 3 12470 0 0 0 0 0 26 0 0 2730197 4581145 4014890 0 0 0 4449027 0 0 0 0 
0 0 0 0 0 0 0 0 0 0 0 0 0 0 0 0 0 0 0 0 0 0 0 3 0 12470 12471 0 0 34 0 0 0 8599046 2730389 0 0 0 0 0 4449447 0 0 0 
0 0 0 0 0 0 0 0 0 0 0 0 0 0 0 0 0 0 0 0 0 0 0 3 12474 0 0 0 0 0 34 0 0 2730197 4582949 4014974 0 0 0 4449799 0 0 0 0 
0 0 0 0 0 0 0 0 0 0 0 0 0 0 0 0 0 0 0 0 0 0 0 3 0 12470 12471 0 0 34 0 0 0 8599824 2730389 0 0 0 0 0 4450165 0 0 0 
0 0 0 0 0 0 0 0 0 0 0 0 0 0 0 0 0 0 0 0 0 0 0 3 12474 0 0 0 0 0 34 0 0 2730197 4583667 4015034 0 0 0 4450517 0 0 0 0 
0 0 0 0 0 0 0 0 0 0 0 0 0 0 0 0 0 0 0 0 0 0 0 3 0 12470 12471 0 0 34 0 0 0 8600647 2730389 0 0 0 0 0 4450939 0 0 0 
0 0 0 0 0 0 0 0 0 0 0 0 0 0 0 0 0 0 0 0 0 0 0 3 12474 0 0 0 0 0 34 0 0 2730197 4584441 4015083 0 0 0 4451291 0 0 0 0 
0 0 0 0 0 0 0 0 0 0 0 0 0 0 0 0 0 0 0 0 0 0 0 3 0 12470 12471 0 0 34 0 0 0 8601377 2730389 0 0 0 0 0 4451574 0 0 0 
0 0 0 0 0 0 0 0 0 0 0 0 0 0 0 0 0 0 0 0 0 0 0 3 12474 0 0 0 0 0 34 0 0 2730197 4585077 4015177 0 0 0 4451926 0 0 0 0 
0 0 0 0 0 0 0 0 0 0 0 0 0 0 0 0 0 0 0 0 0 0 0 3 0 12470 12471 0 0 34 0 0 0 8602226 2730389 0 0 0 0 0 4452346 0 0 0 
0 0 0 0 0 0 0 0 0 0 0 0 0 0 0 0 0 0 0 0 0 0 0 3 12474 0 0 0 0 0 34 0 0 2730197 4585849 4015254 0 0 0 4452698 0 0 0 0 
0 0 0 0 0 0 0 0 0 0 0 0 0 0 0 0 0 0 0 0 0 0 0 3 0 12470 12471 0 0 34 0 0 0 8602996 2730389 0 0 0 0 0 4453078 0 0 0 
0 0 0 0 0 0 0 0 0 0 0 0 0 0 0 0 0 0 0 0 0 0 0 3 12474 0 0 0 0 0 34 0 0 2730197 4586581 4015292 0 0 0 4453430 0 0 0 0 
0 0 0 0 0 0 0 0 0 0 0 0 0 0 0 0 0 0 0 0 0 0 0 3 0 12470 12471 0 0 34 0 0 0 8603683 2730389 0 0 0 0 0 4453724 0 0 0 
0 0 0 0 0 0 0 0 0 0 0 0 0 0 0 0 0 0 0 0 0 0 0 3 12474 0 0 0 0 0 34 0 0 2730197 4587227 4015333 0 0 0 4454076 0 0 0 0 
0 0 0 0 0 0 0 0 0 0 0 0 0 0 0 0 0 0 0 0 0 0 0 3 0 12470 12471 0 0 34 0 0 0 8604497 2730389 0 0 0 0 0 4454474 0 0 0 
0 0 0 0 0 0 0 0 0 0 0 0 0 0 0 0 0 0 0 0 0 0 0 3 12474 0 0 0 0 0 34 0 0 2730197 4587977 4015397 0 0 0 4454826 0 0 0 0 
0 0 0 0 0 0 0 0 0 0 0 0 0 0 0 0 0 0 0 0 0 0 0 3 0 12470 12471 0 0 34 0 0 0 8605298 2730389 0 0 0 0 0 4455197 0 0 0 
0 0 0 0 0 0 0 0 0 0 0 0 0 0 0 0 0 0 0 0 0 0 0 3 12474 0 0 0 0 0 34 0 0 2730197 4588700 4015475 0 0 0 4455549 0 0 0 0 
0 0 0 0 0 0 0 0 0 0 0 0 0 0 0 0 0 0 0 0 0 0 0 3 0 12470 12471 0 0 34 0 0 0 8606111 2730389 0 0 0 0 0 4455966 0 0 0 
0 0 0 0 0 0 0 0 0 0 0 0 0 0 0 0 0 0 0 0 0 0 0 3 12474 0 0 0 0 0 34 0 0 2730197 4589469 4015519 0 0 0 4456318 0 0 0 0 
0 0 0 0 0 0 0 0 0 0 0 0 0 0 0 0 0 0 0 0 0 0 0 3 0 12474 12471 0 0 34 0 0 0 8606796 2730402 0 0 0 0 0 4456604 0 0 0 
0 0 0 0 0 0 0 0 0 0 0 0 0 0 0 0 0 0 0 0 0 0 0 3 12474 0 0 0 0 0 34 0 0 2730210 4590107 4015566 0 0 0 4456956 0 0 0 0 
<====
0 0 0 0 0 0 0 0 0 0 0 0 0 0 0 0 0 0 0 0 0 0 0 3 0 12474 12471 0 0 34 0 0 0 8606796 2730406 0 0 0 0 0 4456606 0 0 0 
0 0 0 0 0 0 0 0 0 0 0 0 0 0 0 0 0 0 0 0 0 0 0 3 12474 0 0 0 0 0 34 0 0 2730214 4590107 4015566 0 0 0 4456958 0 0 0 0 
0 0 0 0 0 0 0 0 0 0 0 0 0 0 0 0 0 0 0 0 0 0 0 3 0 12474 12471 0 0 34 0 0 0 8606796 2730406 0 0 0 0 0 4456606 0 0 0 
0 0 0 0 0 0 0 0 0 0 0 0 0 0 0 0 0 0 0 0 0 0 0 3 12474 0 0 0 0 0 34 0 0 2730214 4590107 4015566 0 0 0 4456958 0 0 0 0 
0 0 0 0 0 0 0 0 0 0 0 0 0 0 0 0 0 0 0 0 0 0 0 3 0 12474 12471 0 0 34 0 0 0 8606796 2730406 0 0 0 0 0 4456606 0 0 0 
0 0 0 0 0 0 0 0 0 0 0 0 0 0 0 0 0 0 0 0 0 0 0 3 12474 0 0 0 0 0 34 0 0 2730214 4590107 4015566 0 0 0 4456958 0 0 0 0 
0 0 0 0 0 0 0 0 0 0 0 0 0 0 0 0 0 0 0 0 0 0 0 3 0 12474 12471 0 0 34 0 0 0 8606796 2730406 0 0 0 0 0 4456606 0 0 0 
0 0 0 0 0 0 0 0 0 0 0 0 0 0 0 0 0 0 0 0 0 0 0 3 12474 0 0 0 0 0 34 0 0 2730214 4590107 4015566 0 0 0 4456958 0 0 0 0 
0 0 0 0 0 0 0 0 0 0 0 0 0 0 0 0 0 0 0 0 0 0 0 3 0 12474 12471 0 0 34 0 0 0 8606796 2730406 0 0 0 0 0 4456606 0 0 0 
0 0 0 0 0 0 0 0 0 0 0 0 0 0 0 0 0 0 0 0 0 0 0 3 12474 0 0 0 0 0 34 0 0 2730214 4590107 4015566 0 0 0 4456958 0 0 0 0 
