0 0 0 0 0 0 0 0 0 0 0 0 0 0 0 0 0 0 0 0 0 0 0 3 0 13203 13199 0 0 56 0 0 0 17574453 5386072 0 0 0 0 0 9329875 0 0 0 
0 0 0 0 0 0 0 0 0 0 0 0 0 0 0 0 0 0 0 0 0 0 0 3 13200 0 0 0 0 0 56 0 0 5385876 9808137 7764648 0 0 0 9330723 0 0 0 0 
0 0 0 0 0 0 0 0 0 0 0 0 0 0 0 0 0 0 0 0 0 0 0 3 0 13203 13199 0 0 56 0 0 0 17574453 5386072 0 0 0 0 0 9329875 0 0 0 
0 0 0 0 0 0 0 0 0 0 0 0 0 0 0 0 0 0 0 0 0 0 0 3 13200 0 0 0 0 0 56 0 0 5385876 9808137 7764648 0 0 0 9330723 0 0 0 0 
0 0 0 0 0 0 0 0 0 0 0 0 0 0 0 0 0 0 0 0 0 0 0 3 0 13203 13199 0 0 56 0 0 0 17574453 5386072 0 0 0 0 0 9329875 0 0 0 
0 0 0 0 0 0 0 0 0 0 0 0 0 0 0 0 0 0 0 0 0 0 0 3 13200 0 0 0 0 0 56 0 0 5385876 9808137 7764648 0 0 0 9330723 0 0 0 0 
0 0 0 0 0 0 0 0 0 0 0 0 0 0 0 0 0 0 0 0 0 0 0 3 0 13203 13199 0 0 56 0 0 0 17574453 5386072 0 0 0 0 0 9329875 0 0 0 
0 0 0 0 0 0 0 0 0 0 0 0 0 0 0 0 0 0 0 0 0 0 0 3 13200 0 0 0 0 0 56 0 0 5385876 9808137 7764648 0 0 0 9330723 0 0 0 0 
0 0 0 0 0 0 0 0 0 0 0 0 0 0 0 0 0 0 0 0 0 0 0 3 0 13203 13199 0 0 56 0 0 0 17574453 5386072 0 0 0 0 0 9329875 0 0 0 
0 0 0 0 0 0 0 0 0 0 0 0 0 0 0 0 0 0 0 0 0 0 0 3 13200 0 0 0 0 0 56 0 0 5385876 9808137 7764648 0 0 0 9330723 0 0 0 0 
====>
0 0 0 0 0 0 0 0 0 0 0 0 0 0 0 0 0 0 0 0 0 0 0 3 0 13203 13203 0 0 64 0 0 0 17575516 5386072 0 0 0 0 0 9329894 0 0 0 
0 0 0 0 0 0 0 0 0 0 0 0 0 0 0 0 0 0 0 0 0 0 0 3 13204 0 0 0 0 0 64 0 0 5385876 9809190 7764660 0 0 0 9330742 0 0 0 0 
0 0 0 0 0 0 0 0 0 0 0 0 0 0 0 0 0 0 0 0 0 0 0 3 0 13203 13203 0 0 64 0 0 0 17576385 5386072 0 0 0 0 0 9330690 0 0 0 
0 0 0 0 0 0 0 0 0 0 0 0 0 0 0 0 0 0 0 0 0 0 0 3 13204 0 0 0 0 0 64 0 0 5385876 9809986 7764733 0 0 0 9331538 0 0 0 0 
0 0 0 0 0 0 0 0 0 0 0 0 0 0 0 0 0 0 0 0 0 0 0 3 0 13203 13203 0 0 64 0 0 0 17577290 5386072 0 0 0 0 0 9331510 0 0 0 
0 0 0 0 0 0 0 0 0 0 0 0 0 0 0 0 0 0 0 0 0 0 0 3 13204 0 0 0 0 0 64 0 0 5385876 9810806 7764818 0 0 0 9332358 0 0 0 0 
0 0 0 0 0 0 0 0 0 0 0 0 0 0 0 0 0 0 0 0 0 0 0 3 0 13203 13203 0 0 64 0 0 0 17578109 5386072 0 0 0 0 0 9332290 0 0 0 
0 0 0 0 0 0 0 0 0 0 0 0 0 0 0 0 0 0 0 0 0 0 0 3 13204 0 0 0 0 0 64 0 0 5385876 9811586 7764857 0 0 0 9333138 0 0 0 0 
0 0 0 0 0 0 0 0 0 0 0 0 0 0 0 0 0 0 0 0 0 0 0 3 0 13203 13203 0 0 64 0 0 0 17578903 5386072 0 0 0 0 0 9333040 0 0 0 
0 0 0 0 0 0 0 0 0 0 0 0 0 0 0 0 0 0 0 0 0 0 0 3 13204 0 0 0 0 0 64 0 0 5385876 9812336 7764901 0 0 0 9333888 0 0 0 0 
0 0 0 0 0 0 0 0 0 0 0 0 0 0 0 0 0 0 0 0 0 0 0 3 0 13203 13203 0 0 64 0 0 0 17579707 5386072 0 0 0 0 0 9333806 0 0 0 
0 0 0 0 0 0 0 0 0 0 0 0 0 0 0 0 0 0 0 0 0 0 0 3 13204 0 0 0 0 0 64 0 0 5385876 9813102 7764939 0 0 0 9334654 0 0 0 0 
0 0 0 0 0 0 0 0 0 0 0 0 0 0 0 0 0 0 0 0 0 0 0 3 0 13203 13203 0 0 64 0 0 0 17580491 5386072 0 0 0 0 0 9334564 0 0 0 
0 0 0 0 0 0 0 0 0 0 0 0 0 0 0 0 0 0 0 0 0 0 0 3 13204 0 0 0 0 0 64 0 0 5385876 9813860 7764965 0 0 0 9335412 0 0 0 0 
0 0 0 0 0 0 0 0 0 0 0 0 0 0 0 0 0 0 0 0 0 0 0 3 0 13203 13203 0 0 64 0 0 0 17581299 5386072 0 0 0 0 0 9335334 0 0 0 
0 0 0 0 0 0 0 0 0 0 0 0 0 0 0 0 0 0 0 0 0 0 0 3 13204 0 0 0 0 0 64 0 0 5385876 9814630 7765003 0 0 0 9336182 0 0 0 0 
0 0 0 0 0 0 0 0 0 0 0 0 0 0 0 0 0 0 0 0 0 0 0 3 0 13203 13203 0 0 64 0 0 0 17582108 5386072 0 0 0 0 0 9336097 0 0 0 
0 0 0 0 0 0 0 0 0 0 0 0 0 0 0 0 0 0 0 0 0 0 0 3 13204 0 0 0 0 0 64 0 0 5385876 9815393 7765049 0 0 0 9336945 0 0 0 0 
0 0 0 0 0 0 0 0 0 0 0 0 0 0 0 0 0 0 0 0 0 0 0 3 0 13203 13203 0 0 64 0 0 0 17582900 5386072 0 0 0 0 0 9336855 0 0 0 
0 0 0 0 0 0 0 0 0 0 0 0 0 0 0 0 0 0 0 0 0 0 0 3 13204 0 0 0 0 0 64 0 0 5385876 9816151 7765082 0 0 0 9337703 0 0 0 0 
0 0 0 0 0 0 0 0 0 0 0 0 0 0 0 0 0 0 0 0 0 0 0 3 0 13203 13203 0 0 64 0 0 0 17583738 5386072 0 0 0 0 0 9337636 0 0 0 
0 0 0 0 0 0 0 0 0 0 0 0 0 0 0 0 0 0 0 0 0 0 0 3 13204 0 0 0 0 0 64 0 0 5385876 9816932 7765140 0 0 0 9338484 0 0 0 0 
0 0 0 0 0 0 0 0 0 0 0 0 0 0 0 0 0 0 0 0 0 0 0 3 0 13203 13203 0 0 64 0 0 0 17584552 5386072 0 0 0 0 0 9338397 0 0 0 
0 0 0 0 0 0 0 0 0 0 0 0 0 0 0 0 0 0 0 0 0 0 0 3 13204 0 0 0 0 0 64 0 0 5385876 9817693 7765193 0 0 0 9339245 0 0 0 0 
0 0 0 0 0 0 0 0 0 0 0 0 0 0 0 0 0 0 0 0 0 0 0 3 0 13203 13203 0 0 64 0 0 0 17585329 5386072 0 0 0 0 0 9339139 0 0 0 
0 0 0 0 0 0 0 0 0 0 0 0 0 0 0 0 0 0 0 0 0 0 0 3 13204 0 0 0 0 0 64 0 0 5385876 9818435 7765228 0 0 0 9339987 0 0 0 0 
0 0 0 0 0 0 0 0 0 0 0 0 0 0 0 0 0 0 0 0 0 0 0 3 0 13203 13203 0 0 64 0 0 0 17586065 5386072 0 0 0 0 0 9339856 0 0 0 
0 0 0 0 0 0 0 0 0 0 0 0 0 0 0 0 0 0 0 0 0 0 0 3 13204 0 0 0 0 0 64 0 0 5385876 9819152 7765247 0 0 0 9340704 0 0 0 0 
0 0 0 0 0 0 0 0 0 0 0 0 0 0 0 0 0 0 0 0 0 0 0 3 0 13203 13203 0 0 64 0 0 0 17586909 5386072 0 0 0 0 0 9340638 0 0 0 
0 0 0 0 0 0 0 0 0 0 0 0 0 0 0 0 0 0 0 0 0 0 0 3 13204 0 0 0 0 0 64 0 0 5385876 9819934 7765309 0 0 0 9341486 0 0 0 0 
0 0 0 0 0 0 0 0 0 0 0 0 0 0 0 0 0 0 0 0 0 0 0 3 0 13207 13203 0 0 64 0 0 0 17587207 5386082 0 0 0 0 0 9340915 0 0 0 
0 0 0 0 0 0 0 0 0 0 0 0 0 0 0 0 0 0 0 0 0 0 0 3 13204 0 0 0 0 0 64 0 0 5385886 9820211 7765330 0 0 0 9341763 0 0 0 0 
<====
0 0 0 0 0 0 0 0 0 0 0 0 0 0 0 0 0 0 0 0 0 0 0 3 0 13207 13203 0 0 64 0 0 0 17587207 5386087 0 0 0 0 0 9340916 0 0 0 
0 0 0 0 0 0 0 0 0 0 0 0 0 0 0 0 0 0 0 0 0 0 0 3 13204 0 0 1 0 0 64 0 0 5385891 9820211 7765330 0 0 0 9341764 0 0 0 0 
0 0 0 0 0 0 0 0 0 0 0 0 0 0 0 0 0 0 0 0 0 0 0 3 0 13207 13203 0 0 64 0 0 0 17587207 5386087 0 0 0 0 0 9340916 0 0 0 
0 0 0 0 0 0 0 0 0 0 0 0 0 0 0 0 0 0 0 0 0 0 0 3 13204 0 0 1 0 0 64 0 0 5385891 9820211 7765330 0 0 0 9341764 0 0 0 0 
0 0 0 0 0 0 0 0 0 0 0 0 0 0 0 0 0 0 0 0 0 0 0 3 0 13207 13203 0 0 64 0 0 0 17587207 5386087 0 0 0 0 0 9340916 0 0 0 
0 0 0 0 0 0 0 0 0 0 0 0 0 0 0 0 0 0 0 0 0 0 0 3 13204 0 0 1 0 0 64 0 0 5385891 9820211 7765330 0 0 0 9341764 0 0 0 0 
0 0 0 0 0 0 0 0 0 0 0 0 0 0 0 0 0 0 0 0 0 0 0 3 0 13207 13203 0 0 64 0 0 0 17587207 5386087 0 0 0 0 0 9340916 0 0 0 
0 0 0 0 0 0 0 0 0 0 0 0 0 0 0 0 0 0 0 0 0 0 0 3 13204 0 0 1 0 0 64 0 0 5385891 9820211 7765330 0 0 0 9341764 0 0 0 0 
0 0 0 0 0 0 0 0 0 0 0 0 0 0 0 0 0 0 0 0 0 0 0 3 0 13207 13203 0 0 64 0 0 0 17587207 5386087 0 0 0 0 0 9340916 0 0 0 
0 0 0 0 0 0 0 0 0 0 0 0 0 0 0 0 0 0 0 0 0 0 0 3 13204 0 0 1 0 0 64 0 0 5385891 9820211 7765330 0 0 0 9341764 0 0 0 0 
