0 0 0 0 0 0 0 0 0 0 0 0 0 0 0 0 0 0 0 0 0 0 0 3 0 12836 12832 0 0 36 0 0 0 12577088 3926640 0 0 0 0 0 6552794 0 0 0 
0 0 0 0 0 0 0 0 0 0 0 0 0 0 0 0 0 0 0 0 0 0 0 3 12835 0 0 0 0 0 36 0 0 3926534 6836940 5739107 0 0 0 6553301 0 0 0 0 
0 0 0 0 0 0 0 0 0 0 0 0 0 0 0 0 0 0 0 0 0 0 0 3 0 12836 12832 0 0 36 0 0 0 12577088 3926640 0 0 0 0 0 6552794 0 0 0 
0 0 0 0 0 0 0 0 0 0 0 0 0 0 0 0 0 0 0 0 0 0 0 3 12835 0 0 0 0 0 36 0 0 3926534 6836940 5739107 0 0 0 6553301 0 0 0 0 
0 0 0 0 0 0 0 0 0 0 0 0 0 0 0 0 0 0 0 0 0 0 0 3 0 12836 12832 0 0 36 0 0 0 12577088 3926640 0 0 0 0 0 6552794 0 0 0 
0 0 0 0 0 0 0 0 0 0 0 0 0 0 0 0 0 0 0 0 0 0 0 3 12835 0 0 0 0 0 36 0 0 3926534 6836940 5739107 0 0 0 6553301 0 0 0 0 
0 0 0 0 0 0 0 0 0 0 0 0 0 0 0 0 0 0 0 0 0 0 0 3 0 12836 12832 0 0 36 0 0 0 12577088 3926640 0 0 0 0 0 6552794 0 0 0 
0 0 0 0 0 0 0 0 0 0 0 0 0 0 0 0 0 0 0 0 0 0 0 3 12835 0 0 0 0 0 36 0 0 3926534 6836940 5739107 0 0 0 6553301 0 0 0 0 
0 0 0 0 0 0 0 0 0 0 0 0 0 0 0 0 0 0 0 0 0 0 0 3 0 12836 12832 0 0 36 0 0 0 12577088 3926640 0 0 0 0 0 6552794 0 0 0 
0 0 0 0 0 0 0 0 0 0 0 0 0 0 0 0 0 0 0 0 0 0 0 3 12835 0 0 0 0 0 36 0 0 3926534 6836940 5739107 0 0 0 6553301 0 0 0 0 
0 0 0 0 0 0 0 0 0 0 0 0 0 0 0 0 0 0 0 0 0 0 0 3 0 12836 12832 0 0 36 0 0 0 12577088 3926640 0 0 0 0 0 6552794 0 0 0 
0 0 0 0 0 0 0 0 0 0 0 0 0 0 0 0 0 0 0 0 0 0 0 3 12835 0 0 0 0 0 36 0 0 3926534 6836940 5739107 0 0 0 6553301 0 0 0 0 
0 0 0 0 0 0 0 0 0 0 0 0 0 0 0 0 0 0 0 0 0 0 0 3 0 12836 12832 0 0 36 0 0 0 12577088 3926640 0 0 0 0 0 6552794 0 0 0 
0 0 0 0 0 0 0 0 0 0 0 0 0 0 0 0 0 0 0 0 0 0 0 3 12835 0 0 0 0 0 36 0 0 3926534 6836940 5739107 0 0 0 6553301 0 0 0 0 
0 0 0 0 0 0 0 0 0 0 0 0 0 0 0 0 0 0 0 0 0 0 0 3 0 12836 12832 0 0 36 0 0 0 12577088 3926640 0 0 0 0 0 6552794 0 0 0 
0 0 0 0 0 0 0 0 0 0 0 0 0 0 0 0 0 0 0 0 0 0 0 3 12835 0 0 0 0 0 36 0 0 3926534 6836940 5739107 0 0 0 6553301 0 0 0 0 
0 0 0 0 0 0 0 0 0 0 0 0 0 0 0 0 0 0 0 0 0 0 0 3 0 12836 12832 0 0 36 0 0 0 12577088 3926640 0 0 0 0 0 6552794 0 0 0 
0 0 0 0 0 0 0 0 0 0 0 0 0 0 0 0 0 0 0 0 0 0 0 3 12835 0 0 0 0 0 36 0 0 3926534 6836940 5739107 0 0 0 6553301 0 0 0 0 
0 0 0 0 0 0 0 0 0 0 0 0 0 0 0 0 0 0 0 0 0 0 0 3 0 12836 12832 0 0 36 0 0 0 12577088 3926640 0 0 0 0 0 6552794 0 0 0 
0 0 0 0 0 0 0 0 0 0 0 0 0 0 0 0 0 0 0 0 0 0 0 3 12835 0 0 0 0 0 36 0 0 3926534 6836940 5739107 0 0 0 6553301 0 0 0 0 
0 0 0 0 0 0 0 0 0 0 0 0 0 0 0 0 0 0 0 0 0 0 0 3 0 12836 12832 0 0 36 0 0 0 12577088 3926640 0 0 0 0 0 6552794 0 0 0 
0 0 0 0 0 0 0 0 0 0 0 0 0 0 0 0 0 0 0 0 0 0 0 3 12835 0 0 0 0 0 36 0 0 3926534 6836940 5739107 0 0 0 6553301 0 0 0 0 
0 0 0 0 0 0 0 0 0 0 0 0 0 0 0 0 0 0 0 0 0 0 0 3 0 12836 12832 0 0 36 0 0 0 12577088 3926640 0 0 0 0 0 6552794 0 0 0 
0 0 0 0 0 0 0 0 0 0 0 0 0 0 0 0 0 0 0 0 0 0 0 3 12835 0 0 0 0 0 36 0 0 3926534 6836940 5739107 0 0 0 6553301 0 0 0 0 
0 0 0 0 0 0 0 0 0 0 0 0 0 0 0 0 0 0 0 0 0 0 0 3 0 12836 12832 0 0 36 0 0 0 12577088 3926640 0 0 0 0 0 6552794 0 0 0 
0 0 0 0 0 0 0 0 0 0 0 0 0 0 0 0 0 0 0 0 0 0 0 3 12835 0 0 0 0 0 36 0 0 3926534 6836940 5739107 0 0 0 6553301 0 0 0 0 
====>
0 0 0 0 0 0 0 0 0 0 0 0 0 0 0 0 0 0 0 0 0 0 0 3 0 12836 12832 0 0 36 0 0 0 12577088 3926640 0 0 0 0 0 6552794 0 0 0 
0 0 0 0 0 0 0 0 0 0 0 0 0 0 0 0 0 0 0 0 0 0 0 3 12835 0 0 0 0 0 36 0 0 3926534 6836940 5739107 0 0 0 6553301 0 0 0 0 
0 0 0 0 0 0 0 0 0 0 0 0 0 0 0 0 0 0 0 0 0 0 0 3 0 12836 12832 0 0 36 0 0 0 12577088 3926640 0 0 0 0 0 6552794 0 0 0 
0 0 0 0 0 0 0 0 0 0 0 0 0 0 0 0 0 0 0 0 0 0 0 3 12835 0 0 0 0 0 36 0 0 3926534 6836940 5739107 0 0 0 6553301 0 0 0 0 
0 0 0 0 0 0 0 0 0 0 0 0 0 0 0 0 0 0 0 0 0 0 0 3 0 12836 12832 0 0 36 0 0 0 12577088 3926640 0 0 0 0 0 6552794 0 0 0 
0 0 0 0 0 0 0 0 0 0 0 0 0 0 0 0 0 0 0 0 0 0 0 3 12835 0 0 0 0 0 36 0 0 3926534 6836940 5739107 0 0 0 6553301 0 0 0 0 
0 0 0 0 0 0 0 0 0 0 0 0 0 0 0 0 0 0 0 0 0 0 0 3 0 12836 12832 0 0 36 0 0 0 12577088 3926640 0 0 0 0 0 6552794 0 0 0 
0 0 0 0 0 0 0 0 0 0 0 0 0 0 0 0 0 0 0 0 0 0 0 3 12835 0 0 0 0 0 36 0 0 3926534 6836940 5739107 0 0 0 6553301 0 0 0 0 
0 0 0 0 0 0 0 0 0 0 0 0 0 0 0 0 0 0 0 0 0 0 0 3 0 12836 12832 0 0 36 0 0 0 12577088 3926640 0 0 0 0 0 6552794 0 0 0 
0 0 0 0 0 0 0 0 0 0 0 0 0 0 0 0 0 0 0 0 0 0 0 3 12835 0 0 0 0 0 36 0 0 3926534 6836940 5739107 0 0 0 6553301 0 0 0 0 
0 0 0 0 0 0 0 0 0 0 0 0 0 0 0 0 0 0 0 0 0 0 0 3 0 12836 12832 0 0 36 0 0 0 12577088 3926640 0 0 0 0 0 6552794 0 0 0 
0 0 0 0 0 0 0 0 0 0 0 0 0 0 0 0 0 0 0 0 0 0 0 3 12835 0 0 0 0 0 36 0 0 3926534 6836940 5739107 0 0 0 6553301 0 0 0 0 
0 0 0 0 0 0 0 0 0 0 0 0 0 0 0 0 0 0 0 0 0 0 0 3 0 12836 12832 0 0 36 0 0 0 12577088 3926640 0 0 0 0 0 6552794 0 0 0 
0 0 0 0 0 0 0 0 0 0 0 0 0 0 0 0 0 0 0 0 0 0 0 3 12835 0 0 0 0 0 36 0 0 3926534 6836940 5739107 0 0 0 6553301 0 0 0 0 
0 0 0 0 0 0 0 0 0 0 0 0 0 0 0 0 0 0 0 0 0 0 0 3 0 12836 12832 0 0 36 0 0 0 12577088 3926640 0 0 0 0 0 6552794 0 0 0 
0 0 0 0 0 0 0 0 0 0 0 0 0 0 0 0 0 0 0 0 0 0 0 3 12835 0 0 0 0 0 36 0 0 3926534 6836940 5739107 0 0 0 6553301 0 0 0 0 
0 0 0 0 0 0 0 0 0 0 0 0 0 0 0 0 0 0 0 0 0 0 0 3 0 12836 12832 0 0 36 0 0 0 12577088 3926640 0 0 0 0 0 6552794 0 0 0 
0 0 0 0 0 0 0 0 0 0 0 0 0 0 0 0 0 0 0 0 0 0 0 3 12835 0 0 0 0 0 36 0 0 3926534 6836940 5739107 0 0 0 6553301 0 0 0 0 
0 0 0 0 0 0 0 0 0 0 0 0 0 0 0 0 0 0 0 0 0 0 0 3 0 12836 12832 0 0 36 0 0 0 12577088 3926640 0 0 0 0 0 6552794 0 0 0 
0 0 0 0 0 0 0 0 0 0 0 0 0 0 0 0 0 0 0 0 0 0 0 3 12835 0 0 0 0 0 36 0 0 3926534 6836940 5739107 0 0 0 6553301 0 0 0 0 
0 0 0 0 0 0 0 0 0 0 0 0 0 0 0 0 0 0 0 0 0 0 0 3 0 12836 12832 0 0 36 0 0 0 12577088 3926640 0 0 0 0 0 6552794 0 0 0 
0 0 0 0 0 0 0 0 0 0 0 0 0 0 0 0 0 0 0 0 0 0 0 3 12835 0 0 0 0 0 36 0 0 3926534 6836940 5739107 0 0 0 6553301 0 0 0 0 
0 0 0 0 0 0 0 0 0 0 0 0 0 0 0 0 0 0 0 0 0 0 0 3 0 12836 12832 0 0 36 0 0 0 12577088 3926640 0 0 0 0 0 6552794 0 0 0 
0 0 0 0 0 0 0 0 0 0 0 0 0 0 0 0 0 0 0 0 0 0 0 3 12835 0 0 0 0 0 36 0 0 3926534 6836940 5739107 0 0 0 6553301 0 0 0 0 
0 0 0 0 0 0 0 0 0 0 0 0 0 0 0 0 0 0 0 0 0 0 0 3 0 12836 12832 0 0 36 0 0 0 12577088 3926640 0 0 0 0 0 6552794 0 0 0 
0 0 0 0 0 0 0 0 0 0 0 0 0 0 0 0 0 0 0 0 0 0 0 3 12835 0 0 0 0 0 36 0 0 3926534 6836940 5739107 0 0 0 6553301 0 0 0 0 
0 0 0 0 0 0 0 0 0 0 0 0 0 0 0 0 0 0 0 0 0 0 0 3 0 12836 12832 0 0 36 0 0 0 12577088 3926640 0 0 0 0 0 6552794 0 0 0 
0 0 0 0 0 0 0 0 0 0 0 0 0 0 0 0 0 0 0 0 0 0 0 3 12835 0 0 0 0 0 36 0 0 3926534 6836940 5739107 0 0 0 6553301 0 0 0 0 
0 0 0 0 0 0 0 0 0 0 0 0 0 0 0 0 0 0 0 0 0 0 0 3 0 12836 12832 0 0 36 0 0 0 12577088 3926640 0 0 0 0 0 6552794 0 0 0 
0 0 0 0 0 0 0 0 0 0 0 0 0 0 0 0 0 0 0 0 0 0 0 3 12835 0 0 0 0 0 36 0 0 3926534 6836940 5739107 0 0 0 6553301 0 0 0 0 
0 0 0 0 0 0 0 0 0 0 0 0 0 0 0 0 0 0 0 0 0 0 0 3 0 12836 12832 0 0 36 0 0 0 12577088 3926640 0 0 0 0 0 6552794 0 0 0 
0 0 0 0 0 0 0 0 0 0 0 0 0 0 0 0 0 0 0 0 0 0 0 3 12835 0 0 0 0 0 36 0 0 3926534 6836940 5739107 0 0 0 6553301 0 0 0 0 
0 0 0 0 0 0 0 0 0 0 0 0 0 0 0 0 0 0 0 0 0 0 0 3 0 12836 12832 0 0 36 0 0 0 12577088 3926640 0 0 0 0 0 6552794 0 0 0 
0 0 0 0 0 0 0 0 0 0 0 0 0 0 0 0 0 0 0 0 0 0 0 3 12835 0 0 0 0 0 36 0 0 3926534 6836940 5739107 0 0 0 6553301 0 0 0 0 
0 0 0 0 0 0 0 0 0 0 0 0 0 0 0 0 0 0 0 0 0 0 0 3 0 12836 12832 0 0 36 0 0 0 12577088 3926640 0 0 0 0 0 6552794 0 0 0 
0 0 0 0 0 0 0 0 0 0 0 0 0 0 0 0 0 0 0 0 0 0 0 3 12835 0 0 0 0 0 36 0 0 3926534 6836940 5739107 0 0 0 6553301 0 0 0 0 
0 0 0 0 0 0 0 0 0 0 0 0 0 0 0 0 0 0 0 0 0 0 0 3 0 12836 12832 0 0 36 0 0 0 12577088 3926640 0 0 0 0 0 6552794 0 0 0 
0 0 0 0 0 0 0 0 0 0 0 0 0 0 0 0 0 0 0 0 0 0 0 3 12835 0 0 0 0 0 36 0 0 3926534 6836940 5739107 0 0 0 6553301 0 0 0 0 
0 0 0 0 0 0 0 0 0 0 0 0 0 0 0 0 0 0 0 0 0 0 0 3 0 12836 12832 0 0 36 0 0 0 12577088 3926640 0 0 0 0 0 6552794 0 0 0 
0 0 0 0 0 0 0 0 0 0 0 0 0 0 0 0 0 0 0 0 0 0 0 3 12835 0 0 0 0 0 36 0 0 3926534 6836940 5739107 0 0 0 6553301 0 0 0 0 
0 0 0 0 0 0 0 0 0 0 0 0 0 0 0 0 0 0 0 0 0 0 0 3 0 12836 12832 0 0 36 0 0 0 12577088 3926640 0 0 0 0 0 6552794 0 0 0 
0 0 0 0 0 0 0 0 0 0 0 0 0 0 0 0 0 0 0 0 0 0 0 3 12835 0 0 0 0 0 36 0 0 3926534 6836940 5739107 0 0 0 6553301 0 0 0 0 
0 0 0 0 0 0 0 0 0 0 0 0 0 0 0 0 0 0 0 0 0 0 0 3 0 12836 12832 0 0 36 0 0 0 12577088 3926640 0 0 0 0 0 6552794 0 0 0 
0 0 0 0 0 0 0 0 0 0 0 0 0 0 0 0 0 0 0 0 0 0 0 3 12835 0 0 0 0 0 36 0 0 3926534 6836940 5739107 0 0 0 6553301 0 0 0 0 
<====
0 0 0 0 0 0 0 0 0 0 0 0 0 0 0 0 0 0 0 0 0 0 0 3 0 12836 12832 0 0 36 0 0 0 12577088 3926640 0 0 0 0 0 6552794 0 0 0 
0 0 0 0 0 0 0 0 0 0 0 0 0 0 0 0 0 0 0 0 0 0 0 3 12835 0 0 0 0 0 36 0 0 3926534 6836940 5739107 0 0 0 6553301 0 0 0 0 
0 0 0 0 0 0 0 0 0 0 0 0 0 0 0 0 0 0 0 0 0 0 0 3 0 12836 12832 0 0 36 0 0 0 12577088 3926640 0 0 0 0 0 6552794 0 0 0 
0 0 0 0 0 0 0 0 0 0 0 0 0 0 0 0 0 0 0 0 0 0 0 3 12835 0 0 0 0 0 36 0 0 3926534 6836940 5739107 0 0 0 6553301 0 0 0 0 
0 0 0 0 0 0 0 0 0 0 0 0 0 0 0 0 0 0 0 0 0 0 0 3 0 12836 12832 0 0 36 0 0 0 12577088 3926640 0 0 0 0 0 6552794 0 0 0 
0 0 0 0 0 0 0 0 0 0 0 0 0 0 0 0 0 0 0 0 0 0 0 3 12835 0 0 0 0 0 36 0 0 3926534 6836940 5739107 0 0 0 6553301 0 0 0 0 
0 0 0 0 0 0 0 0 0 0 0 0 0 0 0 0 0 0 0 0 0 0 0 3 0 12836 12832 0 0 36 0 0 0 12577088 3926640 0 0 0 0 0 6552794 0 0 0 
0 0 0 0 0 0 0 0 0 0 0 0 0 0 0 0 0 0 0 0 0 0 0 3 12835 0 0 0 0 0 36 0 0 3926534 6836940 5739107 0 0 0 6553301 0 0 0 0 
0 0 0 0 0 0 0 0 0 0 0 0 0 0 0 0 0 0 0 0 0 0 0 3 0 12836 12832 0 0 36 0 0 0 12577088 3926640 0 0 0 0 0 6552794 0 0 0 
0 0 0 0 0 0 0 0 0 0 0 0 0 0 0 0 0 0 0 0 0 0 0 3 12835 0 0 0 0 0 36 0 0 3926534 6836940 5739107 0 0 0 6553301 0 0 0 0 
