0 0 0 0 0 0 0 0 0 0 0 0 0 0 0 0 0 0 0 0 0 0 0 3 0 13199 13196 0 0 48 0 0 0 17558361 5386059 0 0 0 0 0 9315444 0 0 0 
0 0 0 0 0 0 0 0 0 0 0 0 0 0 0 0 0 0 0 0 0 0 0 3 13196 0 0 0 0 0 48 0 0 5385863 9792674 7764018 0 0 0 9316292 0 0 0 0 
0 0 0 0 0 0 0 0 0 0 0 0 0 0 0 0 0 0 0 0 0 0 0 3 0 13199 13196 0 0 48 0 0 0 17558361 5386059 0 0 0 0 0 9315444 0 0 0 
0 0 0 0 0 0 0 0 0 0 0 0 0 0 0 0 0 0 0 0 0 0 0 3 13196 0 0 0 0 0 48 0 0 5385863 9792674 7764018 0 0 0 9316292 0 0 0 0 
0 0 0 0 0 0 0 0 0 0 0 0 0 0 0 0 0 0 0 0 0 0 0 3 0 13199 13196 0 0 48 0 0 0 17558361 5386059 0 0 0 0 0 9315444 0 0 0 
0 0 0 0 0 0 0 0 0 0 0 0 0 0 0 0 0 0 0 0 0 0 0 3 13196 0 0 0 0 0 48 0 0 5385863 9792674 7764018 0 0 0 9316292 0 0 0 0 
0 0 0 0 0 0 0 0 0 0 0 0 0 0 0 0 0 0 0 0 0 0 0 3 0 13199 13196 0 0 48 0 0 0 17558361 5386059 0 0 0 0 0 9315444 0 0 0 
0 0 0 0 0 0 0 0 0 0 0 0 0 0 0 0 0 0 0 0 0 0 0 3 13196 0 0 0 0 0 48 0 0 5385863 9792674 7764018 0 0 0 9316292 0 0 0 0 
0 0 0 0 0 0 0 0 0 0 0 0 0 0 0 0 0 0 0 0 0 0 0 3 0 13199 13196 0 0 48 0 0 0 17558361 5386059 0 0 0 0 0 9315444 0 0 0 
0 0 0 0 0 0 0 0 0 0 0 0 0 0 0 0 0 0 0 0 0 0 0 3 13196 0 0 0 0 0 48 0 0 5385863 9792674 7764018 0 0 0 9316292 0 0 0 0 
0 0 0 0 0 0 0 0 0 0 0 0 0 0 0 0 0 0 0 0 0 0 0 3 0 13199 13196 0 0 48 0 0 0 17558361 5386059 0 0 0 0 0 9315444 0 0 0 
0 0 0 0 0 0 0 0 0 0 0 0 0 0 0 0 0 0 0 0 0 0 0 3 13196 0 0 0 0 0 48 0 0 5385863 9792674 7764018 0 0 0 9316292 0 0 0 0 
0 0 0 0 0 0 0 0 0 0 0 0 0 0 0 0 0 0 0 0 0 0 0 3 0 13199 13196 0 0 48 0 0 0 17558361 5386059 0 0 0 0 0 9315444 0 0 0 
0 0 0 0 0 0 0 0 0 0 0 0 0 0 0 0 0 0 0 0 0 0 0 3 13196 0 0 0 0 0 48 0 0 5385863 9792674 7764018 0 0 0 9316292 0 0 0 0 
0 0 0 0 0 0 0 0 0 0 0 0 0 0 0 0 0 0 0 0 0 0 0 3 0 13199 13196 0 0 48 0 0 0 17558361 5386059 0 0 0 0 0 9315444 0 0 0 
0 0 0 0 0 0 0 0 0 0 0 0 0 0 0 0 0 0 0 0 0 0 0 3 13196 0 0 0 0 0 48 0 0 5385863 9792674 7764018 0 0 0 9316292 0 0 0 0 
0 0 0 0 0 0 0 0 0 0 0 0 0 0 0 0 0 0 0 0 0 0 0 3 0 13199 13196 0 0 48 0 0 0 17558361 5386059 0 0 0 0 0 9315444 0 0 0 
0 0 0 0 0 0 0 0 0 0 0 0 0 0 0 0 0 0 0 0 0 0 0 3 13196 0 0 0 0 0 48 0 0 5385863 9792674 7764018 0 0 0 9316292 0 0 0 0 
0 0 0 0 0 0 0 0 0 0 0 0 0 0 0 0 0 0 0 0 0 0 0 3 0 13199 13196 0 0 48 0 0 0 17558361 5386059 0 0 0 0 0 9315444 0 0 0 
0 0 0 0 0 0 0 0 0 0 0 0 0 0 0 0 0 0 0 0 0 0 0 3 13196 0 0 0 0 0 48 0 0 5385863 9792674 7764018 0 0 0 9316292 0 0 0 0 
0 0 0 0 0 0 0 0 0 0 0 0 0 0 0 0 0 0 0 0 0 0 0 3 0 13199 13196 0 0 48 0 0 0 17558361 5386059 0 0 0 0 0 9315444 0 0 0 
0 0 0 0 0 0 0 0 0 0 0 0 0 0 0 0 0 0 0 0 0 0 0 3 13196 0 0 0 0 0 48 0 0 5385863 9792674 7764018 0 0 0 9316292 0 0 0 0 
0 0 0 0 0 0 0 0 0 0 0 0 0 0 0 0 0 0 0 0 0 0 0 3 0 13199 13196 0 0 48 0 0 0 17558361 5386059 0 0 0 0 0 9315444 0 0 0 
0 0 0 0 0 0 0 0 0 0 0 0 0 0 0 0 0 0 0 0 0 0 0 3 13196 0 0 0 0 0 48 0 0 5385863 9792674 7764018 0 0 0 9316292 0 0 0 0 
0 0 0 0 0 0 0 0 0 0 0 0 0 0 0 0 0 0 0 0 0 0 0 3 0 13199 13196 0 0 48 0 0 0 17558361 5386059 0 0 0 0 0 9315444 0 0 0 
0 0 0 0 0 0 0 0 0 0 0 0 0 0 0 0 0 0 0 0 0 0 0 3 13196 0 0 0 0 0 48 0 0 5385863 9792674 7764018 0 0 0 9316292 0 0 0 0 
====>
0 0 0 0 0 0 0 0 0 0 0 0 0 0 0 0 0 0 0 0 0 0 0 3 0 13199 13199 0 0 56 0 0 0 17559596 5386059 0 0 0 0 0 9315635 0 0 0 
0 0 0 0 0 0 0 0 0 0 0 0 0 0 0 0 0 0 0 0 0 0 0 3 13200 0 0 0 0 0 56 0 0 5385863 9793900 7764028 0 0 0 9316484 0 0 0 0 
0 0 0 0 0 0 0 0 0 0 0 0 0 0 0 0 0 0 0 0 0 0 0 3 0 13199 13199 0 0 56 0 0 0 17560290 5386059 0 0 0 0 0 9316312 0 0 0 
0 0 0 0 0 0 0 0 0 0 0 0 0 0 0 0 0 0 0 0 0 0 0 3 13200 0 0 0 0 0 56 0 0 5385863 9794576 7764046 0 0 0 9317160 0 0 0 0 
0 0 0 0 0 0 0 0 0 0 0 0 0 0 0 0 0 0 0 0 0 0 0 3 0 13199 13199 0 0 56 0 0 0 17560986 5386059 0 0 0 0 0 9316971 0 0 0 
0 0 0 0 0 0 0 0 0 0 0 0 0 0 0 0 0 0 0 0 0 0 0 3 13200 0 0 0 0 0 56 0 0 5385863 9795235 7764083 0 0 0 9317819 0 0 0 0 
0 0 0 0 0 0 0 0 0 0 0 0 0 0 0 0 0 0 0 0 0 0 0 3 0 13199 13199 0 0 56 0 0 0 17561717 5386059 0 0 0 0 0 9317698 0 0 0 
0 0 0 0 0 0 0 0 0 0 0 0 0 0 0 0 0 0 0 0 0 0 0 3 13200 0 0 0 0 0 56 0 0 5385863 9795962 7764087 0 0 0 9318546 0 0 0 0 
0 0 0 0 0 0 0 0 0 0 0 0 0 0 0 0 0 0 0 0 0 0 0 3 0 13199 13199 0 0 56 0 0 0 17562438 5386059 0 0 0 0 0 9318407 0 0 0 
0 0 0 0 0 0 0 0 0 0 0 0 0 0 0 0 0 0 0 0 0 0 0 3 13200 0 0 0 0 0 56 0 0 5385863 9796672 7764098 0 0 0 9319255 0 0 0 0 
0 0 0 0 0 0 0 0 0 0 0 0 0 0 0 0 0 0 0 0 0 0 0 3 0 13199 13199 0 0 56 0 0 0 17563069 5386059 0 0 0 0 0 9319036 0 0 0 
0 0 0 0 0 0 0 0 0 0 0 0 0 0 0 0 0 0 0 0 0 0 0 3 13200 0 0 0 0 0 56 0 0 5385863 9797301 7764100 0 0 0 9319884 0 0 0 0 
0 0 0 0 0 0 0 0 0 0 0 0 0 0 0 0 0 0 0 0 0 0 0 3 0 13199 13199 0 0 56 0 0 0 17563652 5386059 0 0 0 0 0 9319605 0 0 0 
0 0 0 0 0 0 0 0 0 0 0 0 0 0 0 0 0 0 0 0 0 0 0 3 13200 0 0 0 0 0 56 0 0 5385863 9797870 7764114 0 0 0 9320453 0 0 0 0 
0 0 0 0 0 0 0 0 0 0 0 0 0 0 0 0 0 0 0 0 0 0 0 3 0 13199 13199 0 0 56 0 0 0 17564275 5386059 0 0 0 0 0 9320211 0 0 0 
0 0 0 0 0 0 0 0 0 0 0 0 0 0 0 0 0 0 0 0 0 0 0 3 13200 0 0 0 0 0 56 0 0 5385863 9798476 7764131 0 0 0 9321059 0 0 0 0 
0 0 0 0 0 0 0 0 0 0 0 0 0 0 0 0 0 0 0 0 0 0 0 3 0 13199 13199 0 0 56 0 0 0 17565150 5386059 0 0 0 0 0 9321004 0 0 0 
0 0 0 0 0 0 0 0 0 0 0 0 0 0 0 0 0 0 0 0 0 0 0 3 13200 0 0 0 0 0 56 0 0 5385863 9799269 7764213 0 0 0 9321852 0 0 0 0 
0 0 0 0 0 0 0 0 0 0 0 0 0 0 0 0 0 0 0 0 0 0 0 3 0 13199 13199 0 0 56 0 0 0 17565842 5386059 0 0 0 0 0 9321671 0 0 0 
0 0 0 0 0 0 0 0 0 0 0 0 0 0 0 0 0 0 0 0 0 0 0 3 13200 0 0 0 0 0 56 0 0 5385863 9799936 7764238 0 0 0 9322519 0 0 0 0 
0 0 0 0 0 0 0 0 0 0 0 0 0 0 0 0 0 0 0 0 0 0 0 3 0 13199 13199 0 0 56 0 0 0 17566615 5386059 0 0 0 0 0 9322423 0 0 0 
0 0 0 0 0 0 0 0 0 0 0 0 0 0 0 0 0 0 0 0 0 0 0 3 13200 0 0 0 0 0 56 0 0 5385863 9800688 7764259 0 0 0 9323271 0 0 0 0 
0 0 0 0 0 0 0 0 0 0 0 0 0 0 0 0 0 0 0 0 0 0 0 3 0 13199 13199 0 0 56 0 0 0 17567302 5386059 0 0 0 0 0 9323099 0 0 0 
0 0 0 0 0 0 0 0 0 0 0 0 0 0 0 0 0 0 0 0 0 0 0 3 13200 0 0 0 0 0 56 0 0 5385863 9801364 7764270 0 0 0 9323947 0 0 0 0 
0 0 0 0 0 0 0 0 0 0 0 0 0 0 0 0 0 0 0 0 0 0 0 3 0 13199 13199 0 0 56 0 0 0 17568059 5386059 0 0 0 0 0 9323801 0 0 0 
0 0 0 0 0 0 0 0 0 0 0 0 0 0 0 0 0 0 0 0 0 0 0 3 13200 0 0 0 0 0 56 0 0 5385863 9802066 7764325 0 0 0 9324649 0 0 0 0 
0 0 0 0 0 0 0 0 0 0 0 0 0 0 0 0 0 0 0 0 0 0 0 3 0 13199 13199 0 0 56 0 0 0 17568760 5386059 0 0 0 0 0 9324475 0 0 0 
0 0 0 0 0 0 0 0 0 0 0 0 0 0 0 0 0 0 0 0 0 0 0 3 13200 0 0 0 0 0 56 0 0 5385863 9802740 7764352 0 0 0 9325323 0 0 0 0 
0 0 0 0 0 0 0 0 0 0 0 0 0 0 0 0 0 0 0 0 0 0 0 3 0 13199 13199 0 0 56 0 0 0 17569412 5386059 0 0 0 0 0 9325115 0 0 0 
0 0 0 0 0 0 0 0 0 0 0 0 0 0 0 0 0 0 0 0 0 0 0 3 13200 0 0 0 0 0 56 0 0 5385863 9803380 7764364 0 0 0 9325963 0 0 0 0 
0 0 0 0 0 0 0 0 0 0 0 0 0 0 0 0 0 0 0 0 0 0 0 3 0 13199 13199 0 0 56 0 0 0 17570220 5386059 0 0 0 0 0 9325899 0 0 0 
0 0 0 0 0 0 0 0 0 0 0 0 0 0 0 0 0 0 0 0 0 0 0 3 13200 0 0 0 0 0 56 0 0 5385863 9804164 7764388 0 0 0 9326747 0 0 0 0 
0 0 0 0 0 0 0 0 0 0 0 0 0 0 0 0 0 0 0 0 0 0 0 3 0 13199 13199 0 0 56 0 0 0 17571093 5386059 0 0 0 0 0 9326705 0 0 0 
0 0 0 0 0 0 0 0 0 0 0 0 0 0 0 0 0 0 0 0 0 0 0 3 13200 0 0 0 0 0 56 0 0 5385863 9804970 7764455 0 0 0 9327553 0 0 0 0 
0 0 0 0 0 0 0 0 0 0 0 0 0 0 0 0 0 0 0 0 0 0 0 3 0 13199 13199 0 0 56 0 0 0 17571678 5386059 0 0 0 0 0 9327280 0 0 0 
0 0 0 0 0 0 0 0 0 0 0 0 0 0 0 0 0 0 0 0 0 0 0 3 13200 0 0 0 0 0 56 0 0 5385863 9805545 7764465 0 0 0 9328128 0 0 0 0 
0 0 0 0 0 0 0 0 0 0 0 0 0 0 0 0 0 0 0 0 0 0 0 3 0 13199 13199 0 0 56 0 0 0 17572483 5386059 0 0 0 0 0 9327985 0 0 0 
0 0 0 0 0 0 0 0 0 0 0 0 0 0 0 0 0 0 0 0 0 0 0 3 13200 0 0 0 0 0 56 0 0 5385863 9806250 7764565 0 0 0 9328833 0 0 0 0 
0 0 0 0 0 0 0 0 0 0 0 0 0 0 0 0 0 0 0 0 0 0 0 3 0 13199 13199 0 0 56 0 0 0 17573083 5386059 0 0 0 0 0 9328575 0 0 0 
0 0 0 0 0 0 0 0 0 0 0 0 0 0 0 0 0 0 0 0 0 0 0 3 13200 0 0 0 0 0 56 0 0 5385863 9806840 7764575 0 0 0 9329423 0 0 0 0 
0 0 0 0 0 0 0 0 0 0 0 0 0 0 0 0 0 0 0 0 0 0 0 3 0 13199 13199 0 0 56 0 0 0 17573687 5386059 0 0 0 0 0 9329150 0 0 0 
0 0 0 0 0 0 0 0 0 0 0 0 0 0 0 0 0 0 0 0 0 0 0 3 13200 0 0 0 0 0 56 0 0 5385863 9807415 7764604 0 0 0 9329998 0 0 0 0 
0 0 0 0 0 0 0 0 0 0 0 0 0 0 0 0 0 0 0 0 0 0 0 3 0 13199 13199 0 0 56 0 0 0 17574318 5386059 0 0 0 0 0 9329745 0 0 0 
0 0 0 0 0 0 0 0 0 0 0 0 0 0 0 0 0 0 0 0 0 0 0 3 13200 0 0 0 0 0 56 0 0 5385863 9808010 7764640 0 0 0 9330593 0 0 0 0 
<====
0 0 0 0 0 0 0 0 0 0 0 0 0 0 0 0 0 0 0 0 0 0 0 3 0 13203 13199 0 0 56 0 0 0 17574453 5386072 0 0 0 0 0 9329875 0 0 0 
0 0 0 0 0 0 0 0 0 0 0 0 0 0 0 0 0 0 0 0 0 0 0 3 13200 0 0 0 0 0 56 0 0 5385876 9808137 7764648 0 0 0 9330723 0 0 0 0 
0 0 0 0 0 0 0 0 0 0 0 0 0 0 0 0 0 0 0 0 0 0 0 3 0 13203 13199 0 0 56 0 0 0 17574453 5386072 0 0 0 0 0 9329875 0 0 0 
0 0 0 0 0 0 0 0 0 0 0 0 0 0 0 0 0 0 0 0 0 0 0 3 13200 0 0 0 0 0 56 0 0 5385876 9808137 7764648 0 0 0 9330723 0 0 0 0 
0 0 0 0 0 0 0 0 0 0 0 0 0 0 0 0 0 0 0 0 0 0 0 3 0 13203 13199 0 0 56 0 0 0 17574453 5386072 0 0 0 0 0 9329875 0 0 0 
0 0 0 0 0 0 0 0 0 0 0 0 0 0 0 0 0 0 0 0 0 0 0 3 13200 0 0 0 0 0 56 0 0 5385876 9808137 7764648 0 0 0 9330723 0 0 0 0 
0 0 0 0 0 0 0 0 0 0 0 0 0 0 0 0 0 0 0 0 0 0 0 3 0 13203 13199 0 0 56 0 0 0 17574453 5386072 0 0 0 0 0 9329875 0 0 0 
0 0 0 0 0 0 0 0 0 0 0 0 0 0 0 0 0 0 0 0 0 0 0 3 13200 0 0 0 0 0 56 0 0 5385876 9808137 7764648 0 0 0 9330723 0 0 0 0 
0 0 0 0 0 0 0 0 0 0 0 0 0 0 0 0 0 0 0 0 0 0 0 3 0 13203 13199 0 0 56 0 0 0 17574453 5386072 0 0 0 0 0 9329875 0 0 0 
0 0 0 0 0 0 0 0 0 0 0 0 0 0 0 0 0 0 0 0 0 0 0 3 13200 0 0 0 0 0 56 0 0 5385876 9808137 7764648 0 0 0 9330723 0 0 0 0 
