0 0 0 0 0 0 0 0 0 0 0 0 0 0 0 0 0 0 0 0 0 0 0 3 38518 0 0 2 0 0 134 0 0 12041261 21243335 17513670 0 0 0 20349396 0 0 0 0 
0 0 0 0 0 0 0 0 0 0 0 0 0 0 0 0 0 0 0 0 0 0 0 3 38518 0 0 2 0 0 134 0 0 12041261 21243335 17513670 0 0 0 20349396 0 0 0 0 
0 0 0 0 0 0 0 0 0 0 0 0 0 0 0 0 0 0 0 0 0 0 0 3 38518 0 0 2 0 0 134 0 0 12041261 21243335 17513670 0 0 0 20349396 0 0 0 0 
0 0 0 0 0 0 0 0 0 0 0 0 0 0 0 0 0 0 0 0 0 0 0 3 38518 0 0 2 0 0 134 0 0 12041261 21243335 17513670 0 0 0 20349396 0 0 0 0 
0 0 0 0 0 0 0 0 0 0 0 0 0 0 0 0 0 0 0 0 0 0 0 3 38518 0 0 2 0 0 134 0 0 12041261 21243335 17513670 0 0 0 20349396 0 0 0 0 
0 0 0 0 0 0 0 0 0 0 0 0 0 0 0 0 0 0 0 0 0 0 0 3 38518 0 0 2 0 0 134 0 0 12041261 21243335 17513670 0 0 0 20349396 0 0 0 0 
0 0 0 0 0 0 0 0 0 0 0 0 0 0 0 0 0 0 0 0 0 0 0 3 38518 0 0 2 0 0 134 0 0 12041261 21243335 17513670 0 0 0 20349396 0 0 0 0 
====>
0 0 0 0 0 0 0 0 0 0 0 0 0 0 0 0 0 0 0 0 0 0 0 3 0 38520 38517 0 0 158 0 0 0 38770208 12036227 0 0 0 0 0 20354455 0 0 0 
0 0 0 0 0 0 0 0 0 0 0 0 0 0 0 0 0 0 0 0 0 0 0 3 0 38520 38517 0 0 158 0 0 0 38772592 12036227 0 0 0 0 0 20356666 0 0 0 
0 0 0 0 0 0 0 0 0 0 0 0 0 0 0 0 0 0 0 0 0 0 0 3 0 38520 38517 0 0 158 0 0 0 38775181 12036227 0 0 0 0 0 20359001 0 0 0 
0 0 0 0 0 0 0 0 0 0 0 0 0 0 0 0 0 0 0 0 0 0 0 3 0 38520 38517 0 0 158 0 0 0 38777571 12036227 0 0 0 0 0 20361194 0 0 0 
0 0 0 0 0 0 0 0 0 0 0 0 0 0 0 0 0 0 0 0 0 0 0 3 0 38520 38517 0 0 158 0 0 0 38780082 12036227 0 0 0 0 0 20363430 0 0 0 
0 0 0 0 0 0 0 0 0 0 0 0 0 0 0 0 0 0 0 0 0 0 0 3 0 38520 38517 0 0 158 0 0 0 38782456 12036227 0 0 0 0 0 20365670 0 0 0 
0 0 0 0 0 0 0 0 0 0 0 0 0 0 0 0 0 0 0 0 0 0 0 3 0 38520 38517 0 0 158 0 0 0 38784691 12036227 0 0 0 0 0 20367760 0 0 0 
0 0 0 0 0 0 0 0 0 0 0 0 0 0 0 0 0 0 0 0 0 0 0 3 0 38520 38517 0 0 158 0 0 0 38786941 12036227 0 0 0 0 0 20369868 0 0 0 
0 0 0 0 0 0 0 0 0 0 0 0 0 0 0 0 0 0 0 0 0 0 0 3 0 38520 38517 0 0 158 0 0 0 38789313 12036227 0 0 0 0 0 20372006 0 0 0 
0 0 0 0 0 0 0 0 0 0 0 0 0 0 0 0 0 0 0 0 0 0 0 3 0 38520 38517 0 0 158 0 0 0 38791447 12036227 0 0 0 0 0 20374051 0 0 0 
0 0 0 0 0 0 0 0 0 0 0 0 0 0 0 0 0 0 0 0 0 0 0 3 0 38529 38517 0 0 158 0 0 0 38793978 12036254 0 0 0 0 0 20376329 0 0 0 
0 0 0 0 0 0 0 0 0 0 0 0 0 0 0 0 0 0 0 0 0 0 0 3 38530 0 0 2 0 0 157 0 0 12041309 21270112 17515773 0 0 0 20373079 0 0 0 0 
0 0 0 0 0 0 0 0 0 0 0 0 0 0 0 0 0 0 0 0 0 0 0 3 38530 0 0 2 0 0 157 0 0 12041309 21270112 17515773 0 0 0 20373079 0 0 0 0 
0 0 0 0 0 0 0 0 0 0 0 0 0 0 0 0 0 0 0 0 0 0 0 3 38530 0 0 2 0 0 157 0 0 12041309 21270112 17515773 0 0 0 20373079 0 0 0 0 
0 0 0 0 0 0 0 0 0 0 0 0 0 0 0 0 0 0 0 0 0 0 0 3 38530 0 0 2 0 0 157 0 0 12041309 21270112 17515773 0 0 0 20373079 0 0 0 0 
0 0 0 0 0 0 0 0 0 0 0 0 0 0 0 0 0 0 0 0 0 0 0 3 38530 0 0 2 0 0 157 0 0 12041309 21270112 17515773 0 0 0 20373079 0 0 0 0 
