bk echo1 t2 
0 0 0 0 0 0 0 0 0 0 0 0 0 0 0 0 0 0 0 0 0 0 0 3 111151 0 0 2 0 0 199 0 0 22428068 42088460 34561378 0 0 0 40999806 0 0 0 0 
0 0 0 0 0 0 0 0 0 0 0 0 0 0 0 0 0 0 0 0 0 0 0 3 111155 0 0 3 0 0 211 7 0 22433055 42122750 34561382 0 0 0 40999812 0 0 0 0 



bk echo1 t3 
0 0 0 0 0 0 0 0 0 0 0 0 0 0 0 0 0 0 0 0 0 0 0 3 111155 0 0 3 0 0 211 7 0 22433055 42122750 34561382 0 0 0 40999812 0 0 0 0 
0 0 0 0 0 0 0 0 0 0 0 0 0 0 0 0 0 0 0 0 0 0 0 3 111163 0 0 5 0 0 234 29 0 22439870 42168633 34561390 0 0 0 40999824 0 0 0 0 



bk echo1 t4 
0 0 0 0 0 0 0 0 0 0 0 0 0 0 0 0 0 0 0 0 0 0 0 3 111163 0 0 5 0 0 234 29 0 22439870 42168633 34561390 0 0 0 40999824 0 0 0 0 
0 0 0 0 0 0 0 0 0 0 0 0 0 0 0 0 0 0 0 0 0 0 0 3 111175 0 0 8 0 0 270 74 0 22447700 42220396 34561402 0 0 0 40999842 0 0 0 0 



btb echo1 t2 
0 0 0 0 0 0 0 0 0 0 0 0 0 0 0 0 0 0 0 0 0 0 0 3 38530 0 0 2 0 0 157 0 0 12041309 21270112 17515773 0 0 0 20373079 0 0 0 0 
0 0 0 0 0 0 0 0 0 0 0 0 0 0 0 0 0 0 0 0 0 0 0 3 50634 0 0 2 0 0 164 0 0 14050110 26748065 21095336 0 0 0 25810011 0 0 0 0 



btb echo1 t3 
0 0 0 0 0 0 0 0 0 0 0 0 0 0 0 0 0 0 0 0 0 0 0 3 50634 0 0 2 0 0 164 0 0 14050110 26748065 21095336 0 0 0 25810011 0 0 0 0 
0 0 0 0 0 0 0 0 0 0 0 0 0 0 0 0 0 0 0 0 0 0 0 3 74842 0 0 2 0 0 178 0 0 17717696 33838388 26993358 0 0 0 32832071 0 0 0 0 



btb echo1 t4 
0 0 0 0 0 0 0 0 0 0 0 0 0 0 0 0 0 0 0 0 0 0 0 3 74842 0 0 2 0 0 178 0 0 17717696 33838388 26993358 0 0 0 32832071 0 0 0 0 
0 0 0 0 0 0 0 0 0 0 0 0 0 0 0 0 0 0 0 0 0 0 0 3 111151 0 0 2 0 0 199 0 0 22428068 42088460 34561378 0 0 0 40999806 0 0 0 0 



epb echo1 t2 
0 0 0 0 0 0 0 0 0 0 0 0 0 0 0 0 0 0 0 0 0 0 0 3 38506 0 0 0 0 0 110 0 0 12041219 21204433 17511665 0 0 0 20313594 0 0 0 0 
0 0 0 0 0 0 0 0 0 0 0 0 0 0 0 0 0 0 0 0 0 0 0 3 38510 0 0 0 0 0 118 0 0 12041232 21219896 17512295 0 0 0 20328025 0 0 0 0 



epb echo1 t3 
0 0 0 0 0 0 0 0 0 0 0 0 0 0 0 0 0 0 0 0 0 0 0 3 38510 0 0 0 0 0 118 0 0 12041232 21219896 17512295 0 0 0 20328025 0 0 0 0 
0 0 0 0 0 0 0 0 0 0 0 0 0 0 0 0 0 0 0 0 0 0 0 3 38518 0 0 2 0 0 134 0 0 12041261 21243335 17513670 0 0 0 20349396 0 0 0 0 



epb echo1 t4 
0 0 0 0 0 0 0 0 0 0 0 0 0 0 0 0 0 0 0 0 0 0 0 3 38518 0 0 2 0 0 134 0 0 12041261 21243335 17513670 0 0 0 20349396 0 0 0 0 
0 0 0 0 0 0 0 0 0 0 0 0 0 0 0 0 0 0 0 0 0 0 0 3 38530 0 0 2 0 0 157 0 0 12041309 21270112 17515773 0 0 0 20373079 0 0 0 0 



ftb echo1 t2 
0 0 0 0 0 0 0 0 0 0 0 0 0 0 0 0 0 0 0 0 0 0 0 3 37414 0 0 0 0 0 77 0 0 7986795 13657267 12085552 0 0 0 13247150 0 0 0 0 
0 0 0 0 0 0 0 0 0 0 0 0 0 0 0 0 0 0 0 0 0 0 0 3 37778 0 0 0 0 0 88 0 0 9443252 16730350 14017927 0 0 0 16121683 0 0 0 0 



ftb echo1 t3 
0 0 0 0 0 0 0 0 0 0 0 0 0 0 0 0 0 0 0 0 0 0 0 3 37778 0 0 0 0 0 88 0 0 9443252 16730350 14017927 0 0 0 16121683 0 0 0 0 
0 0 0 0 0 0 0 0 0 0 0 0 0 0 0 0 0 0 0 0 0 0 0 3 38506 0 0 0 0 0 110 0 0 12041219 21204433 17511665 0 0 0 20313594 0 0 0 0 



ftb echo1 t4 
0 0 0 0 0 0 0 0 0 0 0 0 0 0 0 0 0 0 0 0 0 0 0 3 36322 0 0 0 0 0 45 0 0 4708734 8433525 7576925 0 0 0 8348210 0 0 0 0 
0 0 0 0 0 0 0 0 0 0 0 0 0 0 0 0 0 0 0 0 0 0 0 3 37414 0 0 0 0 0 77 0 0 7986795 13657267 12085552 0 0 0 13247150 0 0 0 0 



numa-bfs echo1 t2 
0 0 0 0 0 0 0 0 0 0 0 0 0 0 0 0 0 0 0 0 0 0 0 3 111175 0 0 8 0 0 270 74 0 22447700 42220396 34561402 0 0 0 40999842 0 0 0 0 
0 0 0 0 0 0 0 0 0 0 0 0 0 0 0 0 0 0 0 0 0 0 0 3 111179 0 0 8 0 0 293 74 0 22539163 43156060 34710009 0 0 0 41018302 0 0 5 0 



numa-bfs echo1 t3 
0 0 0 0 0 0 0 0 0 0 0 0 0 0 0 0 0 0 0 0 0 0 0 3 0 0 0 0 0 0 0 0 0 0 0 0 0 0 0 0 0 0 0 0 
0 0 0 0 0 0 0 0 0 0 0 0 0 0 0 0 0 0 0 0 0 0 0 3 8 0 0 0 0 0 41 0 0 83484 972174 127209 0 0 0 159185 0 0 8 0 



numa-bfs echo1 t4 
0 0 0 0 0 0 0 0 0 0 0 0 0 0 0 0 0 0 0 0 0 0 0 3 0 0 0 0 0 0 0 0 0 0 0 0 0 0 0 0 0 0 0 0 
0 0 0 0 0 0 0 0 0 0 0 0 0 0 0 0 0 0 0 0 0 0 0 3 12 0 0 0 0 0 78 0 0 118267 1362889 181219 0 0 0 232446 0 0 15 0 



numa-page echo1 t2 
0 0 0 0 0 0 0 0 0 0 0 0 0 0 0 0 0 0 0 0 0 0 0 3 0 0 0 0 0 0 0 0 0 0 0 0 0 0 0 0 0 0 0 0 
0 0 0 0 0 0 0 0 0 0 0 0 0 0 0 0 0 0 0 0 0 0 0 3 4 0 0 1 0 0 22 0 0 2217903 1213640 2442716 0 0 0 408977 0 0 662 0 



numa-page echo1 t3 
0 0 0 0 0 0 0 0 0 0 0 0 0 0 0 0 0 0 0 0 0 0 0 3 4 0 0 1 0 0 22 0 0 2217903 1213640 2442716 0 0 0 408977 0 0 662 0 
0 0 0 0 0 0 0 0 0 0 0 0 0 0 0 0 0 0 0 0 0 0 0 3 12 0 0 3 0 0 57 0 0 4016002 6249810 4424646 0 0 0 4126064 0 0 2049 0 



numa-page echo1 t4 
0 0 0 0 0 0 0 0 0 0 0 0 0 0 0 0 0 0 0 0 0 0 0 3 12 0 0 3 0 0 57 0 0 4016002 6249810 4424646 0 0 0 4126064 0 0 2049 0 
0 0 0 0 0 0 0 0 0 0 0 0 0 0 0 0 0 0 0 0 0 0 0 3 24 0 0 6 0 0 110 0 0 6547995 13730792 7252270 0 0 0 9650619 0 0 4118 0 



