bk echo1 t2 
0 0 0 0 0 0 0 0 0 0 0 0 0 0 0 0 0 0 0 0 0 0 0 3 0 111155 111120 0 0 200 0 0 0 76674206 22419823 0 0 0 0 0 41005767 0 0 0 
0 0 0 0 0 0 0 0 0 0 0 0 0 0 0 0 0 0 0 0 0 0 0 3 0 111159 111124 0 0 212 0 0 7 76708499 22424810 0 0 0 0 0 41005773 0 0 0 



bk echo1 t3 
0 0 0 0 0 0 0 0 0 0 0 0 0 0 0 0 0 0 0 0 0 0 0 3 0 111159 111124 0 0 212 0 0 7 76708499 22424810 0 0 0 0 0 41005773 0 0 0 
0 0 0 0 0 0 0 0 0 0 0 0 0 0 0 0 0 0 0 0 0 0 0 3 0 111167 111132 0 0 235 0 0 29 76754382 22431625 0 0 0 0 0 41005785 0 0 0 



bk echo1 t4 
0 0 0 0 0 0 0 0 0 0 0 0 0 0 0 0 0 0 0 0 0 0 0 3 0 111167 111132 0 0 235 0 0 29 76754382 22431625 0 0 0 0 0 41005785 0 0 0 
0 0 0 0 0 0 0 0 0 0 0 0 0 0 0 0 0 0 0 0 0 0 0 3 0 111179 111144 0 0 271 0 0 74 76806133 22439455 0 0 0 0 0 41005803 0 0 0 



btb echo1 t2 
0 0 0 0 0 0 0 0 0 0 0 0 0 0 0 0 0 0 0 0 0 0 0 3 0 38532 38517 0 0 158 0 0 0 38793997 12036275 0 0 0 0 0 20376350 0 0 0 
0 0 0 0 0 0 0 0 0 0 0 0 0 0 0 0 0 0 0 0 0 0 0 3 0 50636 50619 0 0 165 0 0 0 47851292 14045407 0 0 0 0 0 25813583 0 0 0 



btb echo1 t3 
0 0 0 0 0 0 0 0 0 0 0 0 0 0 0 0 0 0 0 0 0 0 0 3 0 50636 50619 0 0 165 0 0 0 47851292 14045407 0 0 0 0 0 25813583 0 0 0 
0 0 0 0 0 0 0 0 0 0 0 0 0 0 0 0 0 0 0 0 0 0 0 3 0 74844 74820 0 0 179 0 0 0 60845840 17712246 0 0 0 0 0 32836129 0 0 0 



btb echo1 t4 
0 0 0 0 0 0 0 0 0 0 0 0 0 0 0 0 0 0 0 0 0 0 0 3 0 74844 74820 0 0 179 0 0 0 60845840 17712246 0 0 0 0 0 32836129 0 0 0 
0 0 0 0 0 0 0 0 0 0 0 0 0 0 0 0 0 0 0 0 0 0 0 3 0 111155 111120 0 0 200 0 0 0 76674206 22419823 0 0 0 0 0 41005767 0 0 0 



epb echo1 t2 
0 0 0 0 0 0 0 0 0 0 0 0 0 0 0 0 0 0 0 0 0 0 0 3 0 38508 38493 0 0 110 0 0 0 38724214 12036185 0 0 0 0 0 20316865 0 0 0 
0 0 0 0 0 0 0 0 0 0 0 0 0 0 0 0 0 0 0 0 0 0 0 3 0 38512 38497 0 0 118 0 0 0 38740307 12036198 0 0 0 0 0 20331296 0 0 0 



epb echo1 t3 
0 0 0 0 0 0 0 0 0 0 0 0 0 0 0 0 0 0 0 0 0 0 0 3 0 38512 38497 0 0 118 0 0 0 38740307 12036198 0 0 0 0 0 20331296 0 0 0 
0 0 0 0 0 0 0 0 0 0 0 0 0 0 0 0 0 0 0 0 0 0 0 3 0 38520 38505 0 0 134 0 0 0 38765121 12036227 0 0 0 0 0 20352667 0 0 0 



epb echo1 t4 
0 0 0 0 0 0 0 0 0 0 0 0 0 0 0 0 0 0 0 0 0 0 0 3 0 38520 38505 0 0 134 0 0 0 38765121 12036227 0 0 0 0 0 20352667 0 0 0 
0 0 0 0 0 0 0 0 0 0 0 0 0 0 0 0 0 0 0 0 0 0 0 3 0 38532 38517 0 0 158 0 0 0 38793997 12036275 0 0 0 0 0 20376350 0 0 0 



ftb echo1 t2 
0 0 0 0 0 0 0 0 0 0 0 0 0 0 0 0 0 0 0 0 0 0 0 3 0 37416 37402 0 0 77 0 0 0 25752246 7982232 0 0 0 0 0 13249979 0 0 0 
0 0 0 0 0 0 0 0 0 0 0 0 0 0 0 0 0 0 0 0 0 0 0 3 0 37780 37766 0 0 88 0 0 0 30757440 9438744 0 0 0 0 0 16124532 0 0 0 



ftb echo1 t3 
0 0 0 0 0 0 0 0 0 0 0 0 0 0 0 0 0 0 0 0 0 0 0 3 0 37780 37766 0 0 88 0 0 0 30757440 9438744 0 0 0 0 0 16124532 0 0 0 
0 0 0 0 0 0 0 0 0 0 0 0 0 0 0 0 0 0 0 0 0 0 0 3 0 38508 38493 0 0 110 0 0 0 38724214 12036185 0 0 0 0 0 20316865 0 0 0 



ftb echo1 t4 
0 0 0 0 0 0 0 0 0 0 0 0 0 0 0 0 0 0 0 0 0 0 0 3 0 36324 36312 0 0 45 0 0 0 16021303 4705911 0 0 0 0 0 8349989 0 0 0 
0 0 0 0 0 0 0 0 0 0 0 0 0 0 0 0 0 0 0 0 0 0 0 3 0 37416 37402 0 0 77 0 0 0 25752246 7982232 0 0 0 0 0 13249979 0 0 0 



numa-bfs echo1 t2 
0 0 0 0 0 0 0 0 0 0 0 0 0 0 0 0 0 0 0 0 0 0 0 3 0 111179 111144 0 0 271 0 0 74 76806133 22439455 0 0 0 0 0 41005803 0 0 0 
0 0 0 0 0 0 0 0 0 0 0 0 0 0 0 0 0 0 0 0 0 0 0 3 0 111183 111148 0 0 295 0 0 74 77890243 22530927 0 0 0 0 0 41024274 5 0 0 



numa-bfs echo1 t3 
0 0 0 0 0 0 0 0 0 0 0 0 0 0 0 0 0 0 0 0 0 0 0 3 0 0 0 0 0 0 0 0 0 0 0 0 0 0 0 0 0 0 0 0 
0 0 0 0 0 0 0 0 0 0 0 0 0 0 0 0 0 0 0 0 0 0 0 3 0 8 8 0 0 42 0 0 0 1101799 83376 0 0 0 0 0 159711 8 0 0 



numa-bfs echo1 t4 
0 0 0 0 0 0 0 0 0 0 0 0 0 0 0 0 0 0 0 0 0 0 0 3 0 0 0 0 0 0 0 0 0 0 0 0 0 0 0 0 0 0 0 0 
0 0 0 0 0 0 0 0 0 0 0 0 0 0 0 0 0 0 0 0 0 0 0 3 0 11 12 0 0 79 0 0 0 1547283 118079 0 0 0 0 0 233254 16 0 0 



numa-page echo1 t2 
0 0 0 0 0 0 0 0 0 0 0 0 0 0 0 0 0 0 0 0 0 0 0 3 0 0 0 0 0 0 0 0 0 0 0 0 0 0 0 0 0 0 0 0 
0 0 0 0 0 0 0 0 0 0 0 0 0 0 0 0 0 0 0 0 0 0 0 3 0 4 4 0 0 22 0 0 0 3656526 2217919 0 0 0 0 0 409003 671 0 0 



numa-page echo1 t3 
0 0 0 0 0 0 0 0 0 0 0 0 0 0 0 0 0 0 0 0 0 0 0 3 0 4 4 0 0 22 0 0 0 3656526 2217919 0 0 0 0 0 409003 671 0 0 
0 0 0 0 0 0 0 0 0 0 0 0 0 0 0 0 0 0 0 0 0 0 0 3 0 12 12 0 0 57 0 0 0 10678168 4015461 0 0 0 0 0 4139735 2069 0 0 



numa-page echo1 t4 
0 0 0 0 0 0 0 0 0 0 0 0 0 0 0 0 0 0 0 0 0 0 0 3 0 12 12 0 0 57 0 0 0 10678168 4015461 0 0 0 0 0 4139735 2069 0 0 
0 0 0 0 0 0 0 0 0 0 0 0 0 0 0 0 0 0 0 0 0 0 0 3 0 24 24 0 0 110 0 0 0 20987409 6546544 0 0 0 0 0 9686228 4159 0 0 



