0 0 0 0 0 0 0 0 0 0 0 0 0 0 0 0 0 0 0 0 0 0 0 3 111175 0 0 8 0 0 270 74 0 22447700 42220396 34561402 0 0 0 40999842 0 0 0 0 
0 0 0 0 0 0 0 0 0 0 0 0 0 0 0 0 0 0 0 0 0 0 0 3 0 111179 111144 0 0 271 0 0 74 76806133 22439455 0 0 0 0 0 41005803 0 0 0 
0 0 0 0 0 0 0 0 0 0 0 0 0 0 0 0 0 0 0 0 0 0 0 3 111175 0 0 8 0 0 270 74 0 22447700 42220396 34561402 0 0 0 40999842 0 0 0 0 
0 0 0 0 0 0 0 0 0 0 0 0 0 0 0 0 0 0 0 0 0 0 0 3 0 111179 111144 0 0 271 0 0 74 76806133 22439455 0 0 0 0 0 41005803 0 0 0 
0 0 0 0 0 0 0 0 0 0 0 0 0 0 0 0 0 0 0 0 0 0 0 3 111175 0 0 8 0 0 270 74 0 22447700 42220396 34561402 0 0 0 40999842 0 0 0 0 
0 0 0 0 0 0 0 0 0 0 0 0 0 0 0 0 0 0 0 0 0 0 0 3 0 111179 111144 0 0 271 0 0 74 76806133 22439455 0 0 0 0 0 41005803 0 0 0 
0 0 0 0 0 0 0 0 0 0 0 0 0 0 0 0 0 0 0 0 0 0 0 3 111175 0 0 8 0 0 270 74 0 22447700 42220396 34561402 0 0 0 40999842 0 0 0 0 
0 0 0 0 0 0 0 0 0 0 0 0 0 0 0 0 0 0 0 0 0 0 0 3 0 111179 111144 0 0 271 0 0 74 76806133 22439455 0 0 0 0 0 41005803 0 0 0 
0 0 0 0 0 0 0 0 0 0 0 0 0 0 0 0 0 0 0 0 0 0 0 3 111175 0 0 8 0 0 270 74 0 22447700 42220396 34561402 0 0 0 40999842 0 0 0 0 
0 0 0 0 0 0 0 0 0 0 0 0 0 0 0 0 0 0 0 0 0 0 0 3 0 111179 111144 0 0 271 0 0 74 76806133 22439455 0 0 0 0 0 41005803 0 0 0 
0 0 0 0 0 0 0 0 0 0 0 0 0 0 0 0 0 0 0 0 0 0 0 3 111175 0 0 8 0 0 270 74 0 22447700 42220396 34561402 0 0 0 40999842 0 0 0 0 
0 0 0 0 0 0 0 0 0 0 0 0 0 0 0 0 0 0 0 0 0 0 0 3 0 111179 111144 0 0 271 0 0 74 76806133 22439455 0 0 0 0 0 41005803 0 0 0 
====>
0 0 0 0 0 0 0 0 0 0 0 0 0 0 0 0 0 0 0 0 0 0 0 3 111175 0 0 8 0 0 270 74 0 22447700 42220396 34561402 0 0 0 40999842 0 0 0 0 
0 0 0 0 0 0 0 0 0 0 0 0 0 0 0 0 0 0 0 0 0 0 0 3 0 111179 111144 0 0 271 0 0 74 76806133 22439455 0 0 0 0 0 41005803 0 0 0 
0 0 0 0 0 0 0 0 0 0 0 0 0 0 0 0 0 0 0 0 0 0 0 3 111175 0 0 8 0 0 270 74 0 22447700 42220396 34561402 0 0 0 40999842 0 0 0 0 
0 0 0 0 0 0 0 0 0 0 0 0 0 0 0 0 0 0 0 0 0 0 0 3 0 111179 111144 0 0 271 0 0 74 76806133 22439455 0 0 0 0 0 41005803 0 0 0 
0 0 0 0 0 0 0 0 0 0 0 0 0 0 0 0 0 0 0 0 0 0 0 3 111175 0 0 8 0 0 270 74 0 22447700 42220396 34561402 0 0 0 40999842 0 0 0 0 
0 0 0 0 0 0 0 0 0 0 0 0 0 0 0 0 0 0 0 0 0 0 0 3 0 111179 111144 0 0 271 0 0 74 76806133 22439455 0 0 0 0 0 41005803 0 0 0 
0 0 0 0 0 0 0 0 0 0 0 0 0 0 0 0 0 0 0 0 0 0 0 3 111175 0 0 8 0 0 270 74 0 22447700 42220396 34561402 0 0 0 40999842 0 0 0 0 
0 0 0 0 0 0 0 0 0 0 0 0 0 0 0 0 0 0 0 0 0 0 0 3 0 111179 111144 0 0 271 0 0 74 76806133 22439455 0 0 0 0 0 41005803 0 0 0 
0 0 0 0 0 0 0 0 0 0 0 0 0 0 0 0 0 0 0 0 0 0 0 3 111175 0 0 8 0 0 270 74 0 22447700 42220396 34561402 0 0 0 40999842 0 0 0 0 
0 0 0 0 0 0 0 0 0 0 0 0 0 0 0 0 0 0 0 0 0 0 0 3 0 111179 111144 0 0 271 0 0 74 76806133 22439455 0 0 0 0 0 41005803 0 0 0 
0 0 0 0 0 0 0 0 0 0 0 0 0 0 0 0 0 0 0 0 0 0 0 3 111175 0 0 8 0 0 270 74 0 22447700 42220396 34561402 0 0 0 40999842 0 0 0 0 
0 0 0 0 0 0 0 0 0 0 0 0 0 0 0 0 0 0 0 0 0 0 0 3 0 111179 111144 0 0 271 0 0 74 76806133 22439455 0 0 0 0 0 41005803 0 0 0 
0 0 0 0 0 0 0 0 0 0 0 0 0 0 0 0 0 0 0 0 0 0 0 3 111175 0 0 8 0 0 270 74 0 22447700 42220396 34561402 0 0 0 40999842 0 0 0 0 
0 0 0 0 0 0 0 0 0 0 0 0 0 0 0 0 0 0 0 0 0 0 0 3 0 111179 111144 0 0 271 0 0 74 76806133 22439455 0 0 0 0 0 41005803 0 0 0 
0 0 0 0 0 0 0 0 0 0 0 0 0 0 0 0 0 0 0 0 0 0 0 3 111175 0 0 8 0 0 270 74 0 22447700 42220396 34561402 0 0 0 40999842 0 0 0 0 
0 0 0 0 0 0 0 0 0 0 0 0 0 0 0 0 0 0 0 0 0 0 0 3 0 111179 111144 0 0 271 0 0 74 76806133 22439455 0 0 0 0 0 41005803 0 0 0 
0 0 0 0 0 0 0 0 0 0 0 0 0 0 0 0 0 0 0 0 0 0 0 3 111175 0 0 8 0 0 270 74 0 22447700 42220396 34561402 0 0 0 40999842 0 0 0 0 
0 0 0 0 0 0 0 0 0 0 0 0 0 0 0 0 0 0 0 0 0 0 0 3 0 111179 111144 0 0 271 0 0 74 76806133 22439455 0 0 0 0 0 41005803 0 0 0 
0 0 0 0 0 0 0 0 0 0 0 0 0 0 0 0 0 0 0 0 0 0 0 3 111175 0 0 8 0 0 270 74 0 22447700 42220396 34561402 0 0 0 40999842 0 0 0 0 
0 0 0 0 0 0 0 0 0 0 0 0 0 0 0 0 0 0 0 0 0 0 0 3 0 111179 111144 0 0 271 0 0 74 76806133 22439455 0 0 0 0 0 41005803 0 0 0 
0 0 0 0 0 0 0 0 0 0 0 0 0 0 0 0 0 0 0 0 0 0 0 3 111175 0 0 8 0 0 270 74 0 22447700 42220396 34561402 0 0 0 40999842 0 0 0 0 
0 0 0 0 0 0 0 0 0 0 0 0 0 0 0 0 0 0 0 0 0 0 0 3 0 111179 111144 0 0 271 0 0 74 76806133 22439455 0 0 0 0 0 41005803 0 0 0 
0 0 0 0 0 0 0 0 0 0 0 0 0 0 0 0 0 0 0 0 0 0 0 3 111175 0 0 8 0 0 270 74 0 22447700 42220396 34561402 0 0 0 40999842 0 0 0 0 
0 0 0 0 0 0 0 0 0 0 0 0 0 0 0 0 0 0 0 0 0 0 0 3 0 111179 111144 0 0 271 0 0 74 76806133 22439455 0 0 0 0 0 41005803 0 0 0 
0 0 0 0 0 0 0 0 0 0 0 0 0 0 0 0 0 0 0 0 0 0 0 3 111175 0 0 8 0 0 270 74 0 22447700 42220396 34561402 0 0 0 40999842 0 0 0 0 
0 0 0 0 0 0 0 0 0 0 0 0 0 0 0 0 0 0 0 0 0 0 0 3 0 111179 111144 0 0 271 0 0 74 76806133 22439455 0 0 0 0 0 41005803 0 0 0 
0 0 0 0 0 0 0 0 0 0 0 0 0 0 0 0 0 0 0 0 0 0 0 3 111175 0 0 8 0 0 270 74 0 22447700 42220396 34561402 0 0 0 40999842 0 0 0 0 
0 0 0 0 0 0 0 0 0 0 0 0 0 0 0 0 0 0 0 0 0 0 0 3 0 111179 111144 0 0 271 0 0 74 76806133 22439455 0 0 0 0 0 41005803 0 0 0 
0 0 0 0 0 0 0 0 0 0 0 0 0 0 0 0 0 0 0 0 0 0 0 3 111175 0 0 8 0 0 270 74 0 22447700 42220396 34561402 0 0 0 40999842 0 0 0 0 
0 0 0 0 0 0 0 0 0 0 0 0 0 0 0 0 0 0 0 0 0 0 0 3 0 111179 111144 0 0 271 0 0 74 76806133 22439455 0 0 0 0 0 41005803 0 0 0 
0 0 0 0 0 0 0 0 0 0 0 0 0 0 0 0 0 0 0 0 0 0 0 3 111175 0 0 8 0 0 270 74 0 22447700 42220396 34561402 0 0 0 40999842 0 0 0 0 
0 0 0 0 0 0 0 0 0 0 0 0 0 0 0 0 0 0 0 0 0 0 0 3 0 111179 111144 0 0 271 0 0 74 76806133 22439455 0 0 0 0 0 41005803 0 0 0 
0 0 0 0 0 0 0 0 0 0 0 0 0 0 0 0 0 0 0 0 0 0 0 3 111175 0 0 8 0 0 270 74 0 22447700 42220396 34561402 0 0 0 40999842 0 0 0 0 
0 0 0 0 0 0 0 0 0 0 0 0 0 0 0 0 0 0 0 0 0 0 0 3 0 111179 111144 0 0 271 0 0 74 76806133 22439455 0 0 0 0 0 41005803 0 0 0 
0 0 0 0 0 0 0 0 0 0 0 0 0 0 0 0 0 0 0 0 0 0 0 3 111175 0 0 8 0 0 270 74 0 22447700 42220396 34561402 0 0 0 40999842 0 0 0 0 
0 0 0 0 0 0 0 0 0 0 0 0 0 0 0 0 0 0 0 0 0 0 0 3 0 111179 111144 0 0 271 0 0 74 76806133 22439455 0 0 0 0 0 41005803 0 0 0 
0 0 0 0 0 0 0 0 0 0 0 0 0 0 0 0 0 0 0 0 0 0 0 3 111175 0 0 8 0 0 270 74 0 22447700 42220396 34561402 0 0 0 40999842 0 0 0 0 
0 0 0 0 0 0 0 0 0 0 0 0 0 0 0 0 0 0 0 0 0 0 0 3 0 111179 111144 0 0 271 0 0 74 76806133 22439455 0 0 0 0 0 41005803 0 0 0 
0 0 0 0 0 0 0 0 0 0 0 0 0 0 0 0 0 0 0 0 0 0 0 3 111175 0 0 8 0 0 270 74 0 22447700 42220396 34561402 0 0 0 40999842 0 0 0 0 
0 0 0 0 0 0 0 0 0 0 0 0 0 0 0 0 0 0 0 0 0 0 0 3 0 111179 111144 0 0 271 0 0 74 76806133 22439455 0 0 0 0 0 41005803 0 0 0 
0 0 0 0 0 0 0 0 0 0 0 0 0 0 0 0 0 0 0 0 0 0 0 3 111175 0 0 8 0 0 270 74 0 22447700 42220396 34561402 0 0 0 40999842 0 0 0 0 
0 0 0 0 0 0 0 0 0 0 0 0 0 0 0 0 0 0 0 0 0 0 0 3 0 111179 111144 0 0 271 0 0 74 76806133 22439455 0 0 0 0 0 41005803 0 0 0 
0 0 0 0 0 0 0 0 0 0 0 0 0 0 0 0 0 0 0 0 0 0 0 3 111175 0 0 8 0 0 270 74 0 22447700 42220396 34561402 0 0 0 40999842 0 0 0 0 
0 0 0 0 0 0 0 0 0 0 0 0 0 0 0 0 0 0 0 0 0 0 0 3 0 111179 111144 0 0 271 0 0 74 76806133 22439455 0 0 0 0 0 41005803 0 0 0 
0 0 0 0 0 0 0 0 0 0 0 0 0 0 0 0 0 0 0 0 0 0 0 3 111175 0 0 8 0 0 270 74 0 22447700 42220396 34561402 0 0 0 40999842 0 0 0 0 
0 0 0 0 0 0 0 0 0 0 0 0 0 0 0 0 0 0 0 0 0 0 0 3 0 111179 111144 0 0 271 0 0 74 76806133 22439455 0 0 0 0 0 41005803 0 0 0 
0 0 0 0 0 0 0 0 0 0 0 0 0 0 0 0 0 0 0 0 0 0 0 3 111175 0 0 8 0 0 270 74 0 22447700 42220396 34561402 0 0 0 40999842 0 0 0 0 
0 0 0 0 0 0 0 0 0 0 0 0 0 0 0 0 0 0 0 0 0 0 0 3 0 111179 111144 0 0 271 0 0 74 76806133 22439455 0 0 0 0 0 41005803 0 0 0 
0 0 0 0 0 0 0 0 0 0 0 0 0 0 0 0 0 0 0 0 0 0 0 3 111175 0 0 8 0 0 270 74 0 22447700 42220396 34561402 0 0 0 40999842 0 0 0 0 
0 0 0 0 0 0 0 0 0 0 0 0 0 0 0 0 0 0 0 0 0 0 0 3 0 111179 111144 0 0 271 0 0 74 76806133 22439455 0 0 0 0 0 41005803 0 0 0 
0 0 0 0 0 0 0 0 0 0 0 0 0 0 0 0 0 0 0 0 0 0 0 3 111175 0 0 8 0 0 270 74 0 22447700 42220396 34561402 0 0 0 40999842 0 0 0 0 
0 0 0 0 0 0 0 0 0 0 0 0 0 0 0 0 0 0 0 0 0 0 0 3 0 111179 111144 0 0 271 0 0 74 76806133 22439455 0 0 0 0 0 41005803 0 0 0 
0 0 0 0 0 0 0 0 0 0 0 0 0 0 0 0 0 0 0 0 0 0 0 3 111175 0 0 8 0 0 270 74 0 22447700 42220396 34561402 0 0 0 40999842 0 0 0 0 
0 0 0 0 0 0 0 0 0 0 0 0 0 0 0 0 0 0 0 0 0 0 0 3 0 111179 111144 0 0 271 0 0 74 76806133 22439455 0 0 0 0 0 41005803 0 0 0 
0 0 0 0 0 0 0 0 0 0 0 0 0 0 0 0 0 0 0 0 0 0 0 3 111175 0 0 8 0 0 270 74 0 22447700 42220396 34561402 0 0 0 40999842 0 0 0 0 
0 0 0 0 0 0 0 0 0 0 0 0 0 0 0 0 0 0 0 0 0 0 0 3 0 111179 111144 0 0 271 0 0 74 76806133 22439455 0 0 0 0 0 41005803 0 0 0 
0 0 0 0 0 0 0 0 0 0 0 0 0 0 0 0 0 0 0 0 0 0 0 3 111175 0 0 8 0 0 270 74 0 22447700 42220396 34561402 0 0 0 40999842 0 0 0 0 
0 0 0 0 0 0 0 0 0 0 0 0 0 0 0 0 0 0 0 0 0 0 0 3 0 111179 111144 0 0 271 0 0 74 76806133 22439455 0 0 0 0 0 41005803 0 0 0 
0 0 0 0 0 0 0 0 0 0 0 0 0 0 0 0 0 0 0 0 0 0 0 3 111175 0 0 8 0 0 270 74 0 22447700 42220396 34561402 0 0 0 40999842 0 0 0 0 
0 0 0 0 0 0 0 0 0 0 0 0 0 0 0 0 0 0 0 0 0 0 0 3 0 111179 111144 0 0 271 0 0 74 76806133 22439455 0 0 0 0 0 41005803 0 0 0 
0 0 0 0 0 0 0 0 0 0 0 0 0 0 0 0 0 0 0 0 0 0 0 3 111175 0 0 8 0 0 270 74 0 22447700 42220396 34561402 0 0 0 40999842 0 0 0 0 
0 0 0 0 0 0 0 0 0 0 0 0 0 0 0 0 0 0 0 0 0 0 0 3 0 111179 111144 0 0 271 0 0 74 76806133 22439455 0 0 0 0 0 41005803 0 0 0 
0 0 0 0 0 0 0 0 0 0 0 0 0 0 0 0 0 0 0 0 0 0 0 3 111175 0 0 8 0 0 270 74 0 22447700 42220396 34561402 0 0 0 40999842 0 0 0 0 
0 0 0 0 0 0 0 0 0 0 0 0 0 0 0 0 0 0 0 0 0 0 0 3 0 111179 111144 0 0 271 0 0 74 76806133 22439455 0 0 0 0 0 41005803 0 0 0 
0 0 0 0 0 0 0 0 0 0 0 0 0 0 0 0 0 0 0 0 0 0 0 3 111175 0 0 8 0 0 270 74 0 22447700 42220396 34561402 0 0 0 40999842 0 0 0 0 
0 0 0 0 0 0 0 0 0 0 0 0 0 0 0 0 0 0 0 0 0 0 0 3 0 111179 111144 0 0 271 0 0 74 76806133 22439455 0 0 0 0 0 41005803 0 0 0 
0 0 0 0 0 0 0 0 0 0 0 0 0 0 0 0 0 0 0 0 0 0 0 3 111175 0 0 8 0 0 270 74 0 22447700 42220396 34561402 0 0 0 40999842 0 0 0 0 
0 0 0 0 0 0 0 0 0 0 0 0 0 0 0 0 0 0 0 0 0 0 0 3 0 111179 111144 0 0 271 0 0 74 76806133 22439455 0 0 0 0 0 41005803 0 0 0 
0 0 0 0 0 0 0 0 0 0 0 0 0 0 0 0 0 0 0 0 0 0 0 3 111175 0 0 8 0 0 270 74 0 22447700 42220396 34561402 0 0 0 40999842 0 0 0 0 
0 0 0 0 0 0 0 0 0 0 0 0 0 0 0 0 0 0 0 0 0 0 0 3 0 111179 111144 0 0 271 0 0 74 76806133 22439455 0 0 0 0 0 41005803 0 0 0 
0 0 0 0 0 0 0 0 0 0 0 0 0 0 0 0 0 0 0 0 0 0 0 3 111175 0 0 8 0 0 270 74 0 22447700 42220396 34561402 0 0 0 40999842 0 0 0 0 
0 0 0 0 0 0 0 0 0 0 0 0 0 0 0 0 0 0 0 0 0 0 0 3 0 111179 111144 0 0 271 0 0 74 76806133 22439455 0 0 0 0 0 41005803 0 0 0 
0 0 0 0 0 0 0 0 0 0 0 0 0 0 0 0 0 0 0 0 0 0 0 3 111175 0 0 8 0 0 270 74 0 22447700 42220396 34561402 0 0 0 40999842 0 0 0 0 
0 0 0 0 0 0 0 0 0 0 0 0 0 0 0 0 0 0 0 0 0 0 0 3 0 111179 111144 0 0 271 0 0 74 76806133 22439455 0 0 0 0 0 41005803 0 0 0 
0 0 0 0 0 0 0 0 0 0 0 0 0 0 0 0 0 0 0 0 0 0 0 3 111175 0 0 8 0 0 270 74 0 22447700 42220396 34561402 0 0 0 40999842 0 0 0 0 
0 0 0 0 0 0 0 0 0 0 0 0 0 0 0 0 0 0 0 0 0 0 0 3 0 111179 111144 0 0 271 0 0 74 76806133 22439455 0 0 0 0 0 41005803 0 0 0 
0 0 0 0 0 0 0 0 0 0 0 0 0 0 0 0 0 0 0 0 0 0 0 3 111175 0 0 8 0 0 270 74 0 22447700 42220396 34561402 0 0 0 40999842 0 0 0 0 
0 0 0 0 0 0 0 0 0 0 0 0 0 0 0 0 0 0 0 0 0 0 0 3 0 111179 111144 0 0 271 0 0 74 76806133 22439455 0 0 0 0 0 41005803 0 0 0 
0 0 0 0 0 0 0 0 0 0 0 0 0 0 0 0 0 0 0 0 0 0 0 3 111175 0 0 8 0 0 270 74 0 22447700 42220396 34561402 0 0 0 40999842 0 0 0 0 
0 0 0 0 0 0 0 0 0 0 0 0 0 0 0 0 0 0 0 0 0 0 0 3 0 111179 111144 0 0 271 0 0 74 76806133 22439455 0 0 0 0 0 41005803 0 0 0 
0 0 0 0 0 0 0 0 0 0 0 0 0 0 0 0 0 0 0 0 0 0 0 3 111175 0 0 8 0 0 270 74 0 22447700 42220396 34561402 0 0 0 40999842 0 0 0 0 
0 0 0 0 0 0 0 0 0 0 0 0 0 0 0 0 0 0 0 0 0 0 0 3 0 111179 111144 0 0 271 0 0 74 76806133 22439455 0 0 0 0 0 41005803 0 0 0 
0 0 0 0 0 0 0 0 0 0 0 0 0 0 0 0 0 0 0 0 0 0 0 3 111175 0 0 8 0 0 270 74 0 22447700 42220396 34561402 0 0 0 40999842 0 0 0 0 
0 0 0 0 0 0 0 0 0 0 0 0 0 0 0 0 0 0 0 0 0 0 0 3 0 111179 111144 0 0 271 0 0 74 76806133 22439455 0 0 0 0 0 41005803 0 0 0 
0 0 0 0 0 0 0 0 0 0 0 0 0 0 0 0 0 0 0 0 0 0 0 3 111175 0 0 8 0 0 270 74 0 22447700 42220396 34561402 0 0 0 40999842 0 0 0 0 
0 0 0 0 0 0 0 0 0 0 0 0 0 0 0 0 0 0 0 0 0 0 0 3 0 111179 111144 0 0 271 0 0 74 76806133 22439455 0 0 0 0 0 41005803 0 0 0 
0 0 0 0 0 0 0 0 0 0 0 0 0 0 0 0 0 0 0 0 0 0 0 3 111175 0 0 8 0 0 270 74 0 22447700 42220396 34561402 0 0 0 40999842 0 0 0 0 
0 0 0 0 0 0 0 0 0 0 0 0 0 0 0 0 0 0 0 0 0 0 0 3 0 111179 111144 0 0 271 0 0 74 76806133 22439455 0 0 0 0 0 41005803 0 0 0 
0 0 0 0 0 0 0 0 0 0 0 0 0 0 0 0 0 0 0 0 0 0 0 3 111175 0 0 8 0 0 270 74 0 22447700 42220396 34561402 0 0 0 40999842 0 0 0 0 
0 0 0 0 0 0 0 0 0 0 0 0 0 0 0 0 0 0 0 0 0 0 0 3 0 111179 111144 0 0 271 0 0 74 76806133 22439455 0 0 0 0 0 41005803 0 0 0 
0 0 0 0 0 0 0 0 0 0 0 0 0 0 0 0 0 0 0 0 0 0 0 3 111175 0 0 8 0 0 270 74 0 22447700 42220396 34561402 0 0 0 40999842 0 0 0 0 
0 0 0 0 0 0 0 0 0 0 0 0 0 0 0 0 0 0 0 0 0 0 0 3 0 111179 111144 0 0 271 0 0 74 76806133 22439455 0 0 0 0 0 41005803 0 0 0 
0 0 0 0 0 0 0 0 0 0 0 0 0 0 0 0 0 0 0 0 0 0 0 3 111175 0 0 8 0 0 270 74 0 22447700 42220396 34561402 0 0 0 40999842 0 0 0 0 
0 0 0 0 0 0 0 0 0 0 0 0 0 0 0 0 0 0 0 0 0 0 0 3 0 111179 111144 0 0 271 0 0 74 76806133 22439455 0 0 0 0 0 41005803 0 0 0 
0 0 0 0 0 0 0 0 0 0 0 0 0 0 0 0 0 0 0 0 0 0 0 3 111175 0 0 8 0 0 270 74 0 22447700 42220396 34561402 0 0 0 40999842 0 0 0 0 
0 0 0 0 0 0 0 0 0 0 0 0 0 0 0 0 0 0 0 0 0 0 0 3 0 111179 111144 0 0 271 0 0 74 76806133 22439455 0 0 0 0 0 41005803 0 0 0 
0 0 0 0 0 0 0 0 0 0 0 0 0 0 0 0 0 0 0 0 0 0 0 3 111175 0 0 8 0 0 270 74 0 22447700 42220396 34561402 0 0 0 40999842 0 0 0 0 
0 0 0 0 0 0 0 0 0 0 0 0 0 0 0 0 0 0 0 0 0 0 0 3 0 111179 111144 0 0 271 0 0 74 76806133 22439455 0 0 0 0 0 41005803 0 0 0 
0 0 0 0 0 0 0 0 0 0 0 0 0 0 0 0 0 0 0 0 0 0 0 3 111175 0 0 8 0 0 270 74 0 22447700 42220396 34561402 0 0 0 40999842 0 0 0 0 
0 0 0 0 0 0 0 0 0 0 0 0 0 0 0 0 0 0 0 0 0 0 0 3 0 111179 111144 0 0 271 0 0 74 76806133 22439455 0 0 0 0 0 41005803 0 0 0 
0 0 0 0 0 0 0 0 0 0 0 0 0 0 0 0 0 0 0 0 0 0 0 3 111175 0 0 8 0 0 270 74 0 22447700 42220396 34561402 0 0 0 40999842 0 0 0 0 
0 0 0 0 0 0 0 0 0 0 0 0 0 0 0 0 0 0 0 0 0 0 0 3 0 111179 111144 0 0 271 0 0 74 76806133 22439455 0 0 0 0 0 41005803 0 0 0 
0 0 0 0 0 0 0 0 0 0 0 0 0 0 0 0 0 0 0 0 0 0 0 3 111175 0 0 8 0 0 270 74 0 22447700 42220396 34561402 0 0 0 40999842 0 0 0 0 
0 0 0 0 0 0 0 0 0 0 0 0 0 0 0 0 0 0 0 0 0 0 0 3 0 111179 111144 0 0 271 0 0 74 76806133 22439455 0 0 0 0 0 41005803 0 0 0 
0 0 0 0 0 0 0 0 0 0 0 0 0 0 0 0 0 0 0 0 0 0 0 3 111175 0 0 8 0 0 270 74 0 22447700 42220396 34561402 0 0 0 40999842 0 0 0 0 
0 0 0 0 0 0 0 0 0 0 0 0 0 0 0 0 0 0 0 0 0 0 0 3 0 111179 111144 0 0 271 0 0 74 76806133 22439455 0 0 0 0 0 41005803 0 0 0 
0 0 0 0 0 0 0 0 0 0 0 0 0 0 0 0 0 0 0 0 0 0 0 3 111175 0 0 8 0 0 270 74 0 22447700 42220396 34561402 0 0 0 40999842 0 0 0 0 
0 0 0 0 0 0 0 0 0 0 0 0 0 0 0 0 0 0 0 0 0 0 0 3 0 111179 111144 0 0 271 0 0 74 76806133 22439455 0 0 0 0 0 41005803 0 0 0 
0 0 0 0 0 0 0 0 0 0 0 0 0 0 0 0 0 0 0 0 0 0 0 3 111175 0 0 8 0 0 270 74 0 22447700 42220396 34561402 0 0 0 40999842 0 0 0 0 
0 0 0 0 0 0 0 0 0 0 0 0 0 0 0 0 0 0 0 0 0 0 0 3 0 111179 111144 0 0 271 0 0 74 76806133 22439455 0 0 0 0 0 41005803 0 0 0 
0 0 0 0 0 0 0 0 0 0 0 0 0 0 0 0 0 0 0 0 0 0 0 3 111175 0 0 8 0 0 270 74 0 22447700 42220396 34561402 0 0 0 40999842 0 0 0 0 
0 0 0 0 0 0 0 0 0 0 0 0 0 0 0 0 0 0 0 0 0 0 0 3 0 111179 111144 0 0 271 0 0 74 76806133 22439455 0 0 0 0 0 41005803 0 0 0 
0 0 0 0 0 0 0 0 0 0 0 0 0 0 0 0 0 0 0 0 0 0 0 3 111175 0 0 8 0 0 270 74 0 22447700 42220396 34561402 0 0 0 40999842 0 0 0 0 
0 0 0 0 0 0 0 0 0 0 0 0 0 0 0 0 0 0 0 0 0 0 0 3 0 111179 111144 0 0 271 0 0 74 76806133 22439455 0 0 0 0 0 41005803 0 0 0 
0 0 0 0 0 0 0 0 0 0 0 0 0 0 0 0 0 0 0 0 0 0 0 3 111175 0 0 8 0 0 270 74 0 22447700 42220396 34561402 0 0 0 40999842 0 0 0 0 
0 0 0 0 0 0 0 0 0 0 0 0 0 0 0 0 0 0 0 0 0 0 0 3 0 111179 111144 0 0 271 0 0 74 76806133 22439455 0 0 0 0 0 41005803 0 0 0 
0 0 0 0 0 0 0 0 0 0 0 0 0 0 0 0 0 0 0 0 0 0 0 3 111175 0 0 8 0 0 270 74 0 22447700 42220396 34561402 0 0 0 40999842 0 0 0 0 
0 0 0 0 0 0 0 0 0 0 0 0 0 0 0 0 0 0 0 0 0 0 0 3 0 111179 111144 0 0 271 0 0 74 76806133 22439455 0 0 0 0 0 41005803 0 0 0 
0 0 0 0 0 0 0 0 0 0 0 0 0 0 0 0 0 0 0 0 0 0 0 3 111175 0 0 8 0 0 270 74 0 22447700 42220396 34561402 0 0 0 40999842 0 0 0 0 
0 0 0 0 0 0 0 0 0 0 0 0 0 0 0 0 0 0 0 0 0 0 0 3 0 111179 111144 0 0 271 0 0 74 76806133 22439455 0 0 0 0 0 41005803 0 0 0 
0 0 0 0 0 0 0 0 0 0 0 0 0 0 0 0 0 0 0 0 0 0 0 3 111175 0 0 8 0 0 270 74 0 22447700 42220396 34561402 0 0 0 40999842 0 0 0 0 
0 0 0 0 0 0 0 0 0 0 0 0 0 0 0 0 0 0 0 0 0 0 0 3 0 111179 111144 0 0 271 0 0 74 76806133 22439455 0 0 0 0 0 41005803 0 0 0 
0 0 0 0 0 0 0 0 0 0 0 0 0 0 0 0 0 0 0 0 0 0 0 3 111175 0 0 8 0 0 270 74 0 22447700 42220396 34561402 0 0 0 40999842 0 0 0 0 
0 0 0 0 0 0 0 0 0 0 0 0 0 0 0 0 0 0 0 0 0 0 0 3 0 111179 111144 0 0 271 0 0 74 76806133 22439455 0 0 0 0 0 41005803 0 0 0 
0 0 0 0 0 0 0 0 0 0 0 0 0 0 0 0 0 0 0 0 0 0 0 3 111175 0 0 8 0 0 270 74 0 22447700 42220396 34561402 0 0 0 40999842 0 0 0 0 
0 0 0 0 0 0 0 0 0 0 0 0 0 0 0 0 0 0 0 0 0 0 0 3 0 111179 111144 0 0 271 0 0 74 76806133 22439455 0 0 0 0 0 41005803 0 0 0 
0 0 0 0 0 0 0 0 0 0 0 0 0 0 0 0 0 0 0 0 0 0 0 3 111175 0 0 8 0 0 270 74 0 22447700 42220396 34561402 0 0 0 40999842 0 0 0 0 
0 0 0 0 0 0 0 0 0 0 0 0 0 0 0 0 0 0 0 0 0 0 0 3 0 111179 111144 0 0 271 0 0 74 76806133 22439455 0 0 0 0 0 41005803 0 0 0 
0 0 0 0 0 0 0 0 0 0 0 0 0 0 0 0 0 0 0 0 0 0 0 3 111175 0 0 8 0 0 270 74 0 22447700 42220396 34561402 0 0 0 40999842 0 0 0 0 
0 0 0 0 0 0 0 0 0 0 0 0 0 0 0 0 0 0 0 0 0 0 0 3 0 111179 111144 0 0 271 0 0 74 76806133 22439455 0 0 0 0 0 41005803 0 0 0 
0 0 0 0 0 0 0 0 0 0 0 0 0 0 0 0 0 0 0 0 0 0 0 3 111175 0 0 8 0 0 270 74 0 22447700 42220396 34561402 0 0 0 40999842 0 0 0 0 
0 0 0 0 0 0 0 0 0 0 0 0 0 0 0 0 0 0 0 0 0 0 0 3 0 111179 111144 0 0 271 0 0 74 76806133 22439455 0 0 0 0 0 41005803 0 0 0 
0 0 0 0 0 0 0 0 0 0 0 0 0 0 0 0 0 0 0 0 0 0 0 3 111175 0 0 8 0 0 270 74 0 22447700 42220396 34561402 0 0 0 40999842 0 0 0 0 
0 0 0 0 0 0 0 0 0 0 0 0 0 0 0 0 0 0 0 0 0 0 0 3 0 111179 111144 0 0 271 0 0 74 76806133 22439455 0 0 0 0 0 41005803 0 0 0 
0 0 0 0 0 0 0 0 0 0 0 0 0 0 0 0 0 0 0 0 0 0 0 3 111179 0 0 8 0 0 290 74 0 22447704 42244456 34561436 0 0 0 40999845 0 0 0 0 
0 0 0 0 0 0 0 0 0 0 0 0 0 0 0 0 0 0 0 0 0 0 0 3 0 111179 111148 0 0 291 0 0 74 76830224 22439459 0 0 0 0 0 41005806 0 0 0 
0 0 0 0 0 0 0 0 0 0 0 0 0 0 0 0 0 0 0 0 0 0 0 3 111179 0 0 8 0 0 290 74 0 22447704 42447818 34564688 0 0 0 40999854 0 0 0 0 
0 0 0 0 0 0 0 0 0 0 0 0 0 0 0 0 0 0 0 0 0 0 0 3 0 111179 111148 0 0 291 0 0 74 77036758 22439459 0 0 0 0 0 41005815 0 0 0 
0 0 0 0 0 0 0 0 0 0 0 0 0 0 0 0 0 0 0 0 0 0 0 3 111179 0 0 8 0 0 290 74 0 22447704 42642476 34567286 0 0 0 40999854 0 0 0 0 
0 0 0 0 0 0 0 0 0 0 0 0 0 0 0 0 0 0 0 0 0 0 0 3 0 111179 111148 0 0 291 0 0 74 77233978 22439459 0 0 0 0 0 41005815 0 0 0 
0 0 0 0 0 0 0 0 0 0 0 0 0 0 0 0 0 0 0 0 0 0 0 3 111179 0 0 8 0 0 290 74 0 22447704 42801907 34570186 0 0 0 40999854 0 0 0 0 
0 0 0 0 0 0 0 0 0 0 0 0 0 0 0 0 0 0 0 0 0 0 0 3 0 111179 111148 0 0 291 0 0 74 77396292 22439459 0 0 0 0 0 41005815 0 0 0 
0 0 0 0 0 0 0 0 0 0 0 0 0 0 0 0 0 0 0 0 0 0 0 3 111179 0 0 8 0 0 293 74 0 22461211 42870176 34622022 0 0 0 41002173 0 0 0 0 
0 0 0 0 0 0 0 0 0 0 0 0 0 0 0 0 0 0 0 0 0 0 0 3 0 111179 111148 0 0 295 0 0 74 77516403 22452972 0 0 0 0 0 41008135 0 0 0 
0 0 0 0 0 0 0 0 0 0 0 0 0 0 0 0 0 0 0 0 0 0 0 3 111179 0 0 8 0 0 293 74 0 22471923 43020892 34636668 0 0 0 41004482 0 0 0 0 
0 0 0 0 0 0 0 0 0 0 0 0 0 0 0 0 0 0 0 0 0 0 0 3 0 111179 111148 0 0 295 0 0 74 77681768 22463687 0 0 0 0 0 41010445 0 0 0 
0 0 0 0 0 0 0 0 0 0 0 0 0 0 0 0 0 0 0 0 0 0 0 3 111179 0 0 8 0 0 293 74 0 22484895 43134849 34655039 0 0 0 41006803 0 0 0 0 
0 0 0 0 0 0 0 0 0 0 0 0 0 0 0 0 0 0 0 0 0 0 0 3 0 111179 111148 0 0 295 0 0 74 77814061 22476659 0 0 0 0 0 41012768 0 0 0 
0 0 0 0 0 0 0 0 0 0 0 0 0 0 0 0 0 0 0 0 0 0 0 3 111179 0 0 8 0 0 293 74 0 22517485 43151461 34690313 0 0 0 41015650 0 0 0 0 
0 0 0 0 0 0 0 0 0 0 0 0 0 0 0 0 0 0 0 0 0 0 0 3 0 111179 111148 0 0 295 0 0 74 77865948 22509249 0 0 0 0 0 41021624 0 0 0 
<====
0 0 0 0 0 0 0 0 0 0 0 0 0 0 0 0 0 0 0 0 0 0 0 3 111179 0 0 8 0 0 293 74 0 22539163 43156060 34710009 0 0 0 41018302 0 0 5 0 
0 0 0 0 0 0 0 0 0 0 0 0 0 0 0 0 0 0 0 0 0 0 0 3 0 111183 111148 0 0 295 0 0 74 77890243 22530927 0 0 0 0 0 41024274 5 0 0 
0 0 0 0 0 0 0 0 0 0 0 0 0 0 0 0 0 0 0 0 0 0 0 3 111179 0 0 8 0 0 293 74 0 22539163 43156060 34710009 0 0 0 41018302 0 0 5 0 
0 0 0 0 0 0 0 0 0 0 0 0 0 0 0 0 0 0 0 0 0 0 0 3 0 111183 111148 0 0 295 0 0 74 77890243 22530927 0 0 0 0 0 41024274 5 0 0 
0 0 0 0 0 0 0 0 0 0 0 0 0 0 0 0 0 0 0 0 0 0 0 3 111179 0 0 8 0 0 293 74 0 22539163 43156060 34710009 0 0 0 41018302 0 0 5 0 
0 0 0 0 0 0 0 0 0 0 0 0 0 0 0 0 0 0 0 0 0 0 0 3 0 111183 111148 0 0 295 0 0 74 77890243 22530927 0 0 0 0 0 41024274 5 0 0 
0 0 0 0 0 0 0 0 0 0 0 0 0 0 0 0 0 0 0 0 0 0 0 3 111179 0 0 8 0 0 293 74 0 22539163 43156060 34710009 0 0 0 41018302 0 0 5 0 
0 0 0 0 0 0 0 0 0 0 0 0 0 0 0 0 0 0 0 0 0 0 0 3 0 111183 111148 0 0 295 0 0 74 77890243 22530927 0 0 0 0 0 41024274 5 0 0 
0 0 0 0 0 0 0 0 0 0 0 0 0 0 0 0 0 0 0 0 0 0 0 3 111179 0 0 8 0 0 293 74 0 22539163 43156060 34710009 0 0 0 41018302 0 0 5 0 
0 0 0 0 0 0 0 0 0 0 0 0 0 0 0 0 0 0 0 0 0 0 0 3 0 111183 111148 0 0 295 0 0 74 77890243 22530927 0 0 0 0 0 41024274 5 0 0 
0 0 0 0 0 0 0 0 0 0 0 0 0 0 0 0 0 0 0 0 0 0 0 3 111179 0 0 8 0 0 293 74 0 22539163 43156060 34710009 0 0 0 41018302 0 0 5 0 
0 0 0 0 0 0 0 0 0 0 0 0 0 0 0 0 0 0 0 0 0 0 0 3 0 111183 111148 0 0 295 0 0 74 77890243 22530927 0 0 0 0 0 41024274 5 0 0 
0 0 0 0 0 0 0 0 0 0 0 0 0 0 0 0 0 0 0 0 0 0 0 3 111179 0 0 8 0 0 293 74 0 22539163 43156060 34710009 0 0 0 41018302 0 0 5 0 
0 0 0 0 0 0 0 0 0 0 0 0 0 0 0 0 0 0 0 0 0 0 0 3 0 111183 111148 0 0 295 0 0 74 77890243 22530927 0 0 0 0 0 41024274 5 0 0 
0 0 0 0 0 0 0 0 0 0 0 0 0 0 0 0 0 0 0 0 0 0 0 3 111179 0 0 8 0 0 293 74 0 22539163 43156060 34710009 0 0 0 41018302 0 0 5 0 
0 0 0 0 0 0 0 0 0 0 0 0 0 0 0 0 0 0 0 0 0 0 0 3 0 111183 111148 0 0 295 0 0 74 77890243 22530927 0 0 0 0 0 41024274 5 0 0 
0 0 0 0 0 0 0 0 0 0 0 0 0 0 0 0 0 0 0 0 0 0 0 3 111179 0 0 8 0 0 293 74 0 22539163 43156060 34710009 0 0 0 41018302 0 0 5 0 
0 0 0 0 0 0 0 0 0 0 0 0 0 0 0 0 0 0 0 0 0 0 0 3 0 111183 111148 0 0 295 0 0 74 77890243 22530927 0 0 0 0 0 41024274 5 0 0 
0 0 0 0 0 0 0 0 0 0 0 0 0 0 0 0 0 0 0 0 0 0 0 3 111179 0 0 8 0 0 293 74 0 22539163 43156060 34710009 0 0 0 41018302 0 0 5 0 
0 0 0 0 0 0 0 0 0 0 0 0 0 0 0 0 0 0 0 0 0 0 0 3 0 111183 111148 0 0 295 0 0 74 77890243 22530927 0 0 0 0 0 41024274 5 0 0 
0 0 0 0 0 0 0 0 0 0 0 0 0 0 0 0 0 0 0 0 0 0 0 3 111179 0 0 8 0 0 293 74 0 22539163 43156060 34710009 0 0 0 41018302 0 0 5 0 
0 0 0 0 0 0 0 0 0 0 0 0 0 0 0 0 0 0 0 0 0 0 0 3 0 111183 111148 0 0 295 0 0 74 77890243 22530927 0 0 0 0 0 41024274 5 0 0 
