0 0 0 0 0 0 0 0 0 0 0 0 0 0 0 0 0 0 0 0 0 0 0 3 0 37057 37049 0 0 90 0 0 26 24229746 7303504 0 0 0 0 0 12666072 0 0 0 
0 0 0 0 0 0 0 0 0 0 0 0 0 0 0 0 0 0 0 0 0 0 0 3 37058 0 0 3 0 0 90 26 0 7303165 13052220 11174604 0 0 0 12667293 0 0 0 0 
0 0 0 0 0 0 0 0 0 0 0 0 0 0 0 0 0 0 0 0 0 0 0 3 0 37057 37049 0 0 90 0 0 26 24229746 7303504 0 0 0 0 0 12666072 0 0 0 
0 0 0 0 0 0 0 0 0 0 0 0 0 0 0 0 0 0 0 0 0 0 0 3 37058 0 0 3 0 0 90 26 0 7303165 13052220 11174604 0 0 0 12667293 0 0 0 0 
0 0 0 0 0 0 0 0 0 0 0 0 0 0 0 0 0 0 0 0 0 0 0 3 0 37057 37049 0 0 90 0 0 26 24229746 7303504 0 0 0 0 0 12666072 0 0 0 
0 0 0 0 0 0 0 0 0 0 0 0 0 0 0 0 0 0 0 0 0 0 0 3 37058 0 0 3 0 0 90 26 0 7303165 13052220 11174604 0 0 0 12667293 0 0 0 0 
0 0 0 0 0 0 0 0 0 0 0 0 0 0 0 0 0 0 0 0 0 0 0 3 0 37057 37049 0 0 90 0 0 26 24229746 7303504 0 0 0 0 0 12666072 0 0 0 
0 0 0 0 0 0 0 0 0 0 0 0 0 0 0 0 0 0 0 0 0 0 0 3 37058 0 0 3 0 0 90 26 0 7303165 13052220 11174604 0 0 0 12667293 0 0 0 0 
0 0 0 0 0 0 0 0 0 0 0 0 0 0 0 0 0 0 0 0 0 0 0 3 0 37057 37049 0 0 90 0 0 26 24229746 7303504 0 0 0 0 0 12666072 0 0 0 
0 0 0 0 0 0 0 0 0 0 0 0 0 0 0 0 0 0 0 0 0 0 0 3 37058 0 0 3 0 0 90 26 0 7303165 13052220 11174604 0 0 0 12667293 0 0 0 0 
0 0 0 0 0 0 0 0 0 0 0 0 0 0 0 0 0 0 0 0 0 0 0 3 0 37057 37049 0 0 90 0 0 26 24229746 7303504 0 0 0 0 0 12666072 0 0 0 
0 0 0 0 0 0 0 0 0 0 0 0 0 0 0 0 0 0 0 0 0 0 0 3 37058 0 0 3 0 0 90 26 0 7303165 13052220 11174604 0 0 0 12667293 0 0 0 0 
====>
0 0 0 0 0 0 0 0 0 0 0 0 0 0 0 0 0 0 0 0 0 0 0 3 0 37057 37049 0 0 90 0 0 26 24229746 7303504 0 0 0 0 0 12666072 0 0 0 
0 0 0 0 0 0 0 0 0 0 0 0 0 0 0 0 0 0 0 0 0 0 0 3 37058 0 0 3 0 0 90 26 0 7303165 13052220 11174604 0 0 0 12667293 0 0 0 0 
0 0 0 0 0 0 0 0 0 0 0 0 0 0 0 0 0 0 0 0 0 0 0 3 0 37057 37049 0 0 90 0 0 26 24229746 7303504 0 0 0 0 0 12666072 0 0 0 
0 0 0 0 0 0 0 0 0 0 0 0 0 0 0 0 0 0 0 0 0 0 0 3 37058 0 0 3 0 0 90 26 0 7303165 13052220 11174604 0 0 0 12667293 0 0 0 0 
0 0 0 0 0 0 0 0 0 0 0 0 0 0 0 0 0 0 0 0 0 0 0 3 0 37057 37049 0 0 90 0 0 26 24229746 7303504 0 0 0 0 0 12666072 0 0 0 
0 0 0 0 0 0 0 0 0 0 0 0 0 0 0 0 0 0 0 0 0 0 0 3 37058 0 0 3 0 0 90 26 0 7303165 13052220 11174604 0 0 0 12667293 0 0 0 0 
0 0 0 0 0 0 0 0 0 0 0 0 0 0 0 0 0 0 0 0 0 0 0 3 0 37057 37049 0 0 90 0 0 26 24229746 7303504 0 0 0 0 0 12666072 0 0 0 
0 0 0 0 0 0 0 0 0 0 0 0 0 0 0 0 0 0 0 0 0 0 0 3 37058 0 0 3 0 0 90 26 0 7303165 13052220 11174604 0 0 0 12667293 0 0 0 0 
0 0 0 0 0 0 0 0 0 0 0 0 0 0 0 0 0 0 0 0 0 0 0 3 0 37057 37049 0 0 90 0 0 26 24229746 7303504 0 0 0 0 0 12666072 0 0 0 
0 0 0 0 0 0 0 0 0 0 0 0 0 0 0 0 0 0 0 0 0 0 0 3 37058 0 0 3 0 0 90 26 0 7303165 13052220 11174604 0 0 0 12667293 0 0 0 0 
0 0 0 0 0 0 0 0 0 0 0 0 0 0 0 0 0 0 0 0 0 0 0 3 0 37057 37049 0 0 90 0 0 26 24229746 7303504 0 0 0 0 0 12666072 0 0 0 
0 0 0 0 0 0 0 0 0 0 0 0 0 0 0 0 0 0 0 0 0 0 0 3 37058 0 0 3 0 0 90 26 0 7303165 13052220 11174604 0 0 0 12667293 0 0 0 0 
0 0 0 0 0 0 0 0 0 0 0 0 0 0 0 0 0 0 0 0 0 0 0 3 0 37057 37049 0 0 90 0 0 26 24229746 7303504 0 0 0 0 0 12666072 0 0 0 
0 0 0 0 0 0 0 0 0 0 0 0 0 0 0 0 0 0 0 0 0 0 0 3 37058 0 0 3 0 0 90 26 0 7303165 13052220 11174604 0 0 0 12667293 0 0 0 0 
0 0 0 0 0 0 0 0 0 0 0 0 0 0 0 0 0 0 0 0 0 0 0 3 0 37057 37049 0 0 90 0 0 26 24229746 7303504 0 0 0 0 0 12666072 0 0 0 
0 0 0 0 0 0 0 0 0 0 0 0 0 0 0 0 0 0 0 0 0 0 0 3 37058 0 0 3 0 0 90 26 0 7303165 13052220 11174604 0 0 0 12667293 0 0 0 0 
0 0 0 0 0 0 0 0 0 0 0 0 0 0 0 0 0 0 0 0 0 0 0 3 0 37057 37049 0 0 90 0 0 26 24229746 7303504 0 0 0 0 0 12666072 0 0 0 
0 0 0 0 0 0 0 0 0 0 0 0 0 0 0 0 0 0 0 0 0 0 0 3 37058 0 0 3 0 0 90 26 0 7303165 13052220 11174604 0 0 0 12667293 0 0 0 0 
0 0 0 0 0 0 0 0 0 0 0 0 0 0 0 0 0 0 0 0 0 0 0 3 0 37057 37049 0 0 90 0 0 26 24229746 7303504 0 0 0 0 0 12666072 0 0 0 
0 0 0 0 0 0 0 0 0 0 0 0 0 0 0 0 0 0 0 0 0 0 0 3 37058 0 0 3 0 0 90 26 0 7303165 13052220 11174604 0 0 0 12667293 0 0 0 0 
0 0 0 0 0 0 0 0 0 0 0 0 0 0 0 0 0 0 0 0 0 0 0 3 0 37057 37049 0 0 90 0 0 26 24229746 7303504 0 0 0 0 0 12666072 0 0 0 
0 0 0 0 0 0 0 0 0 0 0 0 0 0 0 0 0 0 0 0 0 0 0 3 37058 0 0 3 0 0 90 26 0 7303165 13052220 11174604 0 0 0 12667293 0 0 0 0 
0 0 0 0 0 0 0 0 0 0 0 0 0 0 0 0 0 0 0 0 0 0 0 3 0 37057 37049 0 0 90 0 0 26 24229746 7303504 0 0 0 0 0 12666072 0 0 0 
0 0 0 0 0 0 0 0 0 0 0 0 0 0 0 0 0 0 0 0 0 0 0 3 37058 0 0 3 0 0 90 26 0 7303165 13052220 11174604 0 0 0 12667293 0 0 0 0 
0 0 0 0 0 0 0 0 0 0 0 0 0 0 0 0 0 0 0 0 0 0 0 3 0 37057 37049 0 0 90 0 0 26 24229746 7303504 0 0 0 0 0 12666072 0 0 0 
0 0 0 0 0 0 0 0 0 0 0 0 0 0 0 0 0 0 0 0 0 0 0 3 37058 0 0 3 0 0 90 26 0 7303165 13052220 11174604 0 0 0 12667293 0 0 0 0 
0 0 0 0 0 0 0 0 0 0 0 0 0 0 0 0 0 0 0 0 0 0 0 3 0 37057 37049 0 0 90 0 0 26 24229746 7303504 0 0 0 0 0 12666072 0 0 0 
0 0 0 0 0 0 0 0 0 0 0 0 0 0 0 0 0 0 0 0 0 0 0 3 37058 0 0 3 0 0 90 26 0 7303165 13052220 11174604 0 0 0 12667293 0 0 0 0 
0 0 0 0 0 0 0 0 0 0 0 0 0 0 0 0 0 0 0 0 0 0 0 3 0 37057 37049 0 0 90 0 0 26 24229746 7303504 0 0 0 0 0 12666072 0 0 0 
0 0 0 0 0 0 0 0 0 0 0 0 0 0 0 0 0 0 0 0 0 0 0 3 37058 0 0 3 0 0 90 26 0 7303165 13052220 11174604 0 0 0 12667293 0 0 0 0 
0 0 0 0 0 0 0 0 0 0 0 0 0 0 0 0 0 0 0 0 0 0 0 3 0 37057 37049 0 0 90 0 0 26 24229746 7303504 0 0 0 0 0 12666072 0 0 0 
0 0 0 0 0 0 0 0 0 0 0 0 0 0 0 0 0 0 0 0 0 0 0 3 37058 0 0 3 0 0 90 26 0 7303165 13052220 11174604 0 0 0 12667293 0 0 0 0 
0 0 0 0 0 0 0 0 0 0 0 0 0 0 0 0 0 0 0 0 0 0 0 3 0 37057 37049 0 0 90 0 0 26 24229746 7303504 0 0 0 0 0 12666072 0 0 0 
0 0 0 0 0 0 0 0 0 0 0 0 0 0 0 0 0 0 0 0 0 0 0 3 37058 0 0 3 0 0 90 26 0 7303165 13052220 11174604 0 0 0 12667293 0 0 0 0 
0 0 0 0 0 0 0 0 0 0 0 0 0 0 0 0 0 0 0 0 0 0 0 3 0 37057 37049 0 0 90 0 0 26 24229746 7303504 0 0 0 0 0 12666072 0 0 0 
0 0 0 0 0 0 0 0 0 0 0 0 0 0 0 0 0 0 0 0 0 0 0 3 37058 0 0 3 0 0 90 26 0 7303165 13052220 11174604 0 0 0 12667293 0 0 0 0 
0 0 0 0 0 0 0 0 0 0 0 0 0 0 0 0 0 0 0 0 0 0 0 3 0 37057 37049 0 0 90 0 0 26 24229746 7303504 0 0 0 0 0 12666072 0 0 0 
0 0 0 0 0 0 0 0 0 0 0 0 0 0 0 0 0 0 0 0 0 0 0 3 37058 0 0 3 0 0 90 26 0 7303165 13052220 11174604 0 0 0 12667293 0 0 0 0 
0 0 0 0 0 0 0 0 0 0 0 0 0 0 0 0 0 0 0 0 0 0 0 3 0 37057 37049 0 0 90 0 0 26 24229746 7303504 0 0 0 0 0 12666072 0 0 0 
0 0 0 0 0 0 0 0 0 0 0 0 0 0 0 0 0 0 0 0 0 0 0 3 37058 0 0 3 0 0 90 26 0 7303165 13052220 11174604 0 0 0 12667293 0 0 0 0 
0 0 0 0 0 0 0 0 0 0 0 0 0 0 0 0 0 0 0 0 0 0 0 3 0 37057 37049 0 0 90 0 0 26 24229746 7303504 0 0 0 0 0 12666072 0 0 0 
0 0 0 0 0 0 0 0 0 0 0 0 0 0 0 0 0 0 0 0 0 0 0 3 37058 0 0 3 0 0 90 26 0 7303165 13052220 11174604 0 0 0 12667293 0 0 0 0 
0 0 0 0 0 0 0 0 0 0 0 0 0 0 0 0 0 0 0 0 0 0 0 3 0 37057 37049 0 0 90 0 0 26 24229746 7303504 0 0 0 0 0 12666072 0 0 0 
0 0 0 0 0 0 0 0 0 0 0 0 0 0 0 0 0 0 0 0 0 0 0 3 37058 0 0 3 0 0 90 26 0 7303165 13052220 11174604 0 0 0 12667293 0 0 0 0 
0 0 0 0 0 0 0 0 0 0 0 0 0 0 0 0 0 0 0 0 0 0 0 3 0 37057 37049 0 0 90 0 0 26 24229746 7303504 0 0 0 0 0 12666072 0 0 0 
0 0 0 0 0 0 0 0 0 0 0 0 0 0 0 0 0 0 0 0 0 0 0 3 37058 0 0 3 0 0 90 26 0 7303165 13052220 11174604 0 0 0 12667293 0 0 0 0 
0 0 0 0 0 0 0 0 0 0 0 0 0 0 0 0 0 0 0 0 0 0 0 3 0 37057 37049 0 0 90 0 0 26 24229746 7303504 0 0 0 0 0 12666072 0 0 0 
0 0 0 0 0 0 0 0 0 0 0 0 0 0 0 0 0 0 0 0 0 0 0 3 37058 0 0 3 0 0 90 26 0 7303165 13052220 11174604 0 0 0 12667293 0 0 0 0 
0 0 0 0 0 0 0 0 0 0 0 0 0 0 0 0 0 0 0 0 0 0 0 3 0 37057 37049 0 0 90 0 0 26 24229746 7303504 0 0 0 0 0 12666072 0 0 0 
0 0 0 0 0 0 0 0 0 0 0 0 0 0 0 0 0 0 0 0 0 0 0 3 37058 0 0 3 0 0 90 26 0 7303165 13052220 11174604 0 0 0 12667293 0 0 0 0 
0 0 0 0 0 0 0 0 0 0 0 0 0 0 0 0 0 0 0 0 0 0 0 3 0 37057 37049 0 0 90 0 0 26 24229746 7303504 0 0 0 0 0 12666072 0 0 0 
0 0 0 0 0 0 0 0 0 0 0 0 0 0 0 0 0 0 0 0 0 0 0 3 37058 0 0 3 0 0 90 26 0 7303165 13052220 11174604 0 0 0 12667293 0 0 0 0 
0 0 0 0 0 0 0 0 0 0 0 0 0 0 0 0 0 0 0 0 0 0 0 3 0 37057 37049 0 0 90 0 0 26 24229746 7303504 0 0 0 0 0 12666072 0 0 0 
0 0 0 0 0 0 0 0 0 0 0 0 0 0 0 0 0 0 0 0 0 0 0 3 37058 0 0 3 0 0 90 26 0 7303165 13052220 11174604 0 0 0 12667293 0 0 0 0 
0 0 0 0 0 0 0 0 0 0 0 0 0 0 0 0 0 0 0 0 0 0 0 3 0 37057 37049 0 0 90 0 0 26 24229746 7303504 0 0 0 0 0 12666072 0 0 0 
0 0 0 0 0 0 0 0 0 0 0 0 0 0 0 0 0 0 0 0 0 0 0 3 37058 0 0 3 0 0 90 26 0 7303165 13052220 11174604 0 0 0 12667293 0 0 0 0 
0 0 0 0 0 0 0 0 0 0 0 0 0 0 0 0 0 0 0 0 0 0 0 3 0 37057 37049 0 0 90 0 0 26 24229746 7303504 0 0 0 0 0 12666072 0 0 0 
0 0 0 0 0 0 0 0 0 0 0 0 0 0 0 0 0 0 0 0 0 0 0 3 37058 0 0 3 0 0 90 26 0 7303165 13052220 11174604 0 0 0 12667293 0 0 0 0 
0 0 0 0 0 0 0 0 0 0 0 0 0 0 0 0 0 0 0 0 0 0 0 3 0 37057 37049 0 0 90 0 0 26 24229746 7303504 0 0 0 0 0 12666072 0 0 0 
0 0 0 0 0 0 0 0 0 0 0 0 0 0 0 0 0 0 0 0 0 0 0 3 37058 0 0 3 0 0 90 26 0 7303165 13052220 11174604 0 0 0 12667293 0 0 0 0 
0 0 0 0 0 0 0 0 0 0 0 0 0 0 0 0 0 0 0 0 0 0 0 3 0 37057 37049 0 0 90 0 0 26 24229746 7303504 0 0 0 0 0 12666072 0 0 0 
0 0 0 0 0 0 0 0 0 0 0 0 0 0 0 0 0 0 0 0 0 0 0 3 37058 0 0 3 0 0 90 26 0 7303165 13052220 11174604 0 0 0 12667293 0 0 0 0 
0 0 0 0 0 0 0 0 0 0 0 0 0 0 0 0 0 0 0 0 0 0 0 3 0 37057 37049 0 0 90 0 0 26 24229746 7303504 0 0 0 0 0 12666072 0 0 0 
0 0 0 0 0 0 0 0 0 0 0 0 0 0 0 0 0 0 0 0 0 0 0 3 37058 0 0 3 0 0 90 26 0 7303165 13052220 11174604 0 0 0 12667293 0 0 0 0 
0 0 0 0 0 0 0 0 0 0 0 0 0 0 0 0 0 0 0 0 0 0 0 3 0 37057 37049 0 0 90 0 0 26 24229746 7303504 0 0 0 0 0 12666072 0 0 0 
0 0 0 0 0 0 0 0 0 0 0 0 0 0 0 0 0 0 0 0 0 0 0 3 37058 0 0 3 0 0 90 26 0 7303165 13052220 11174604 0 0 0 12667293 0 0 0 0 
0 0 0 0 0 0 0 0 0 0 0 0 0 0 0 0 0 0 0 0 0 0 0 3 0 37057 37049 0 0 90 0 0 26 24229746 7303504 0 0 0 0 0 12666072 0 0 0 
0 0 0 0 0 0 0 0 0 0 0 0 0 0 0 0 0 0 0 0 0 0 0 3 37058 0 0 3 0 0 90 26 0 7303165 13052220 11174604 0 0 0 12667293 0 0 0 0 
0 0 0 0 0 0 0 0 0 0 0 0 0 0 0 0 0 0 0 0 0 0 0 3 0 37057 37049 0 0 90 0 0 26 24229746 7303504 0 0 0 0 0 12666072 0 0 0 
0 0 0 0 0 0 0 0 0 0 0 0 0 0 0 0 0 0 0 0 0 0 0 3 37058 0 0 3 0 0 90 26 0 7303165 13052220 11174604 0 0 0 12667293 0 0 0 0 
0 0 0 0 0 0 0 0 0 0 0 0 0 0 0 0 0 0 0 0 0 0 0 3 0 37057 37049 0 0 90 0 0 26 24229746 7303504 0 0 0 0 0 12666072 0 0 0 
0 0 0 0 0 0 0 0 0 0 0 0 0 0 0 0 0 0 0 0 0 0 0 3 37058 0 0 3 0 0 90 26 0 7303165 13052220 11174604 0 0 0 12667293 0 0 0 0 
0 0 0 0 0 0 0 0 0 0 0 0 0 0 0 0 0 0 0 0 0 0 0 3 0 37057 37049 0 0 90 0 0 26 24229746 7303504 0 0 0 0 0 12666072 0 0 0 
0 0 0 0 0 0 0 0 0 0 0 0 0 0 0 0 0 0 0 0 0 0 0 3 37058 0 0 3 0 0 90 26 0 7303165 13052220 11174604 0 0 0 12667293 0 0 0 0 
0 0 0 0 0 0 0 0 0 0 0 0 0 0 0 0 0 0 0 0 0 0 0 3 0 37057 37049 0 0 90 0 0 26 24229746 7303504 0 0 0 0 0 12666072 0 0 0 
0 0 0 0 0 0 0 0 0 0 0 0 0 0 0 0 0 0 0 0 0 0 0 3 37058 0 0 3 0 0 90 26 0 7303165 13052220 11174604 0 0 0 12667293 0 0 0 0 
0 0 0 0 0 0 0 0 0 0 0 0 0 0 0 0 0 0 0 0 0 0 0 3 0 37057 37049 0 0 90 0 0 26 24229746 7303504 0 0 0 0 0 12666072 0 0 0 
0 0 0 0 0 0 0 0 0 0 0 0 0 0 0 0 0 0 0 0 0 0 0 3 37058 0 0 3 0 0 90 26 0 7303165 13052220 11174604 0 0 0 12667293 0 0 0 0 
0 0 0 0 0 0 0 0 0 0 0 0 0 0 0 0 0 0 0 0 0 0 0 3 0 37057 37049 0 0 90 0 0 26 24229746 7303504 0 0 0 0 0 12666072 0 0 0 
0 0 0 0 0 0 0 0 0 0 0 0 0 0 0 0 0 0 0 0 0 0 0 3 37058 0 0 3 0 0 90 26 0 7303165 13052220 11174604 0 0 0 12667293 0 0 0 0 
0 0 0 0 0 0 0 0 0 0 0 0 0 0 0 0 0 0 0 0 0 0 0 3 0 37057 37049 0 0 90 0 0 26 24229746 7303504 0 0 0 0 0 12666072 0 0 0 
0 0 0 0 0 0 0 0 0 0 0 0 0 0 0 0 0 0 0 0 0 0 0 3 37058 0 0 3 0 0 90 26 0 7303165 13052220 11174604 0 0 0 12667293 0 0 0 0 
0 0 0 0 0 0 0 0 0 0 0 0 0 0 0 0 0 0 0 0 0 0 0 3 0 37057 37049 0 0 90 0 0 26 24229746 7303504 0 0 0 0 0 12666072 0 0 0 
0 0 0 0 0 0 0 0 0 0 0 0 0 0 0 0 0 0 0 0 0 0 0 3 37058 0 0 3 0 0 90 26 0 7303165 13052220 11174604 0 0 0 12667293 0 0 0 0 
0 0 0 0 0 0 0 0 0 0 0 0 0 0 0 0 0 0 0 0 0 0 0 3 0 37057 37049 0 0 90 0 0 26 24229746 7303504 0 0 0 0 0 12666072 0 0 0 
0 0 0 0 0 0 0 0 0 0 0 0 0 0 0 0 0 0 0 0 0 0 0 3 37058 0 0 3 0 0 90 26 0 7303165 13052220 11174604 0 0 0 12667293 0 0 0 0 
0 0 0 0 0 0 0 0 0 0 0 0 0 0 0 0 0 0 0 0 0 0 0 3 0 37057 37049 0 0 90 0 0 26 24229746 7303504 0 0 0 0 0 12666072 0 0 0 
0 0 0 0 0 0 0 0 0 0 0 0 0 0 0 0 0 0 0 0 0 0 0 3 37058 0 0 3 0 0 90 26 0 7303165 13052220 11174604 0 0 0 12667293 0 0 0 0 
0 0 0 0 0 0 0 0 0 0 0 0 0 0 0 0 0 0 0 0 0 0 0 3 0 37057 37049 0 0 90 0 0 26 24229746 7303504 0 0 0 0 0 12666072 0 0 0 
0 0 0 0 0 0 0 0 0 0 0 0 0 0 0 0 0 0 0 0 0 0 0 3 37058 0 0 3 0 0 90 26 0 7303165 13052220 11174604 0 0 0 12667293 0 0 0 0 
0 0 0 0 0 0 0 0 0 0 0 0 0 0 0 0 0 0 0 0 0 0 0 3 0 37057 37049 0 0 90 0 0 26 24229746 7303504 0 0 0 0 0 12666072 0 0 0 
0 0 0 0 0 0 0 0 0 0 0 0 0 0 0 0 0 0 0 0 0 0 0 3 37058 0 0 3 0 0 90 26 0 7303165 13052220 11174604 0 0 0 12667293 0 0 0 0 
0 0 0 0 0 0 0 0 0 0 0 0 0 0 0 0 0 0 0 0 0 0 0 3 0 37057 37049 0 0 90 0 0 26 24229746 7303504 0 0 0 0 0 12666072 0 0 0 
0 0 0 0 0 0 0 0 0 0 0 0 0 0 0 0 0 0 0 0 0 0 0 3 37058 0 0 3 0 0 90 26 0 7303165 13052220 11174604 0 0 0 12667293 0 0 0 0 
0 0 0 0 0 0 0 0 0 0 0 0 0 0 0 0 0 0 0 0 0 0 0 3 0 37057 37049 0 0 90 0 0 26 24229746 7303504 0 0 0 0 0 12666072 0 0 0 
0 0 0 0 0 0 0 0 0 0 0 0 0 0 0 0 0 0 0 0 0 0 0 3 37058 0 0 3 0 0 90 26 0 7303165 13052220 11174604 0 0 0 12667293 0 0 0 0 
0 0 0 0 0 0 0 0 0 0 0 0 0 0 0 0 0 0 0 0 0 0 0 3 0 37057 37049 0 0 90 0 0 26 24229746 7303504 0 0 0 0 0 12666072 0 0 0 
0 0 0 0 0 0 0 0 0 0 0 0 0 0 0 0 0 0 0 0 0 0 0 3 37058 0 0 3 0 0 90 26 0 7303165 13052220 11174604 0 0 0 12667293 0 0 0 0 
0 0 0 0 0 0 0 0 0 0 0 0 0 0 0 0 0 0 0 0 0 0 0 3 0 37057 37049 0 0 90 0 0 26 24229746 7303504 0 0 0 0 0 12666072 0 0 0 
0 0 0 0 0 0 0 0 0 0 0 0 0 0 0 0 0 0 0 0 0 0 0 3 37058 0 0 3 0 0 90 26 0 7303165 13052220 11174604 0 0 0 12667293 0 0 0 0 
0 0 0 0 0 0 0 0 0 0 0 0 0 0 0 0 0 0 0 0 0 0 0 3 0 37057 37049 0 0 90 0 0 26 24229746 7303504 0 0 0 0 0 12666072 0 0 0 
0 0 0 0 0 0 0 0 0 0 0 0 0 0 0 0 0 0 0 0 0 0 0 3 37058 0 0 3 0 0 90 26 0 7303165 13052220 11174604 0 0 0 12667293 0 0 0 0 
0 0 0 0 0 0 0 0 0 0 0 0 0 0 0 0 0 0 0 0 0 0 0 3 0 37057 37049 0 0 90 0 0 26 24229746 7303504 0 0 0 0 0 12666072 0 0 0 
0 0 0 0 0 0 0 0 0 0 0 0 0 0 0 0 0 0 0 0 0 0 0 3 37058 0 0 3 0 0 90 26 0 7303165 13052220 11174604 0 0 0 12667293 0 0 0 0 
0 0 0 0 0 0 0 0 0 0 0 0 0 0 0 0 0 0 0 0 0 0 0 3 0 37057 37049 0 0 90 0 0 26 24229746 7303504 0 0 0 0 0 12666072 0 0 0 
0 0 0 0 0 0 0 0 0 0 0 0 0 0 0 0 0 0 0 0 0 0 0 3 37058 0 0 3 0 0 90 26 0 7303165 13052220 11174604 0 0 0 12667293 0 0 0 0 
0 0 0 0 0 0 0 0 0 0 0 0 0 0 0 0 0 0 0 0 0 0 0 3 0 37057 37049 0 0 90 0 0 26 24229746 7303504 0 0 0 0 0 12666072 0 0 0 
0 0 0 0 0 0 0 0 0 0 0 0 0 0 0 0 0 0 0 0 0 0 0 3 37058 0 0 3 0 0 90 26 0 7303165 13052220 11174604 0 0 0 12667293 0 0 0 0 
0 0 0 0 0 0 0 0 0 0 0 0 0 0 0 0 0 0 0 0 0 0 0 3 0 37057 37049 0 0 90 0 0 26 24229746 7303504 0 0 0 0 0 12666072 0 0 0 
0 0 0 0 0 0 0 0 0 0 0 0 0 0 0 0 0 0 0 0 0 0 0 3 37058 0 0 3 0 0 90 26 0 7303165 13052220 11174604 0 0 0 12667293 0 0 0 0 
0 0 0 0 0 0 0 0 0 0 0 0 0 0 0 0 0 0 0 0 0 0 0 3 0 37057 37049 0 0 90 0 0 26 24229746 7303504 0 0 0 0 0 12666072 0 0 0 
0 0 0 0 0 0 0 0 0 0 0 0 0 0 0 0 0 0 0 0 0 0 0 3 37058 0 0 3 0 0 90 26 0 7303165 13052220 11174604 0 0 0 12667293 0 0 0 0 
0 0 0 0 0 0 0 0 0 0 0 0 0 0 0 0 0 0 0 0 0 0 0 3 0 37057 37049 0 0 90 0 0 26 24229746 7303504 0 0 0 0 0 12666072 0 0 0 
0 0 0 0 0 0 0 0 0 0 0 0 0 0 0 0 0 0 0 0 0 0 0 3 37058 0 0 3 0 0 90 26 0 7303165 13052220 11174604 0 0 0 12667293 0 0 0 0 
0 0 0 0 0 0 0 0 0 0 0 0 0 0 0 0 0 0 0 0 0 0 0 3 0 37057 37049 0 0 90 0 0 26 24229746 7303504 0 0 0 0 0 12666072 0 0 0 
0 0 0 0 0 0 0 0 0 0 0 0 0 0 0 0 0 0 0 0 0 0 0 3 37058 0 0 3 0 0 90 26 0 7303165 13052220 11174604 0 0 0 12667293 0 0 0 0 
0 0 0 0 0 0 0 0 0 0 0 0 0 0 0 0 0 0 0 0 0 0 0 3 0 37057 37049 0 0 90 0 0 26 24229746 7303504 0 0 0 0 0 12666072 0 0 0 
0 0 0 0 0 0 0 0 0 0 0 0 0 0 0 0 0 0 0 0 0 0 0 3 37058 0 0 3 0 0 90 26 0 7303165 13052220 11174604 0 0 0 12667293 0 0 0 0 
0 0 0 0 0 0 0 0 0 0 0 0 0 0 0 0 0 0 0 0 0 0 0 3 0 37057 37049 0 0 90 0 0 26 24229746 7303504 0 0 0 0 0 12666072 0 0 0 
0 0 0 0 0 0 0 0 0 0 0 0 0 0 0 0 0 0 0 0 0 0 0 3 37058 0 0 3 0 0 90 26 0 7303165 13052220 11174604 0 0 0 12667293 0 0 0 0 
0 0 0 0 0 0 0 0 0 0 0 0 0 0 0 0 0 0 0 0 0 0 0 3 0 37057 37049 0 0 90 0 0 26 24229746 7303504 0 0 0 0 0 12666072 0 0 0 
0 0 0 0 0 0 0 0 0 0 0 0 0 0 0 0 0 0 0 0 0 0 0 3 37058 0 0 3 0 0 90 26 0 7303165 13052220 11174604 0 0 0 12667293 0 0 0 0 
0 0 0 0 0 0 0 0 0 0 0 0 0 0 0 0 0 0 0 0 0 0 0 3 0 37057 37049 0 0 90 0 0 26 24229746 7303504 0 0 0 0 0 12666072 0 0 0 
0 0 0 0 0 0 0 0 0 0 0 0 0 0 0 0 0 0 0 0 0 0 0 3 37058 0 0 3 0 0 90 26 0 7303165 13052220 11174604 0 0 0 12667293 0 0 0 0 
0 0 0 0 0 0 0 0 0 0 0 0 0 0 0 0 0 0 0 0 0 0 0 3 0 37057 37049 0 0 90 0 0 26 24229746 7303504 0 0 0 0 0 12666072 0 0 0 
0 0 0 0 0 0 0 0 0 0 0 0 0 0 0 0 0 0 0 0 0 0 0 3 37058 0 0 3 0 0 90 26 0 7303165 13052220 11174604 0 0 0 12667293 0 0 0 0 
0 0 0 0 0 0 0 0 0 0 0 0 0 0 0 0 0 0 0 0 0 0 0 3 0 37057 37049 0 0 90 0 0 26 24229746 7303504 0 0 0 0 0 12666072 0 0 0 
0 0 0 0 0 0 0 0 0 0 0 0 0 0 0 0 0 0 0 0 0 0 0 3 37058 0 0 3 0 0 90 26 0 7303165 13052220 11174604 0 0 0 12667293 0 0 0 0 
0 0 0 0 0 0 0 0 0 0 0 0 0 0 0 0 0 0 0 0 0 0 0 3 0 37057 37049 0 0 90 0 0 26 24229746 7303504 0 0 0 0 0 12666072 0 0 0 
0 0 0 0 0 0 0 0 0 0 0 0 0 0 0 0 0 0 0 0 0 0 0 3 37058 0 0 3 0 0 90 26 0 7303165 13052220 11174604 0 0 0 12667293 0 0 0 0 
0 0 0 0 0 0 0 0 0 0 0 0 0 0 0 0 0 0 0 0 0 0 0 3 0 37057 37049 0 0 90 0 0 26 24229746 7303504 0 0 0 0 0 12666072 0 0 0 
0 0 0 0 0 0 0 0 0 0 0 0 0 0 0 0 0 0 0 0 0 0 0 3 37058 0 0 3 0 0 90 26 0 7303165 13052220 11174604 0 0 0 12667293 0 0 0 0 
0 0 0 0 0 0 0 0 0 0 0 0 0 0 0 0 0 0 0 0 0 0 0 3 0 37057 37049 0 0 90 0 0 26 24229746 7303504 0 0 0 0 0 12666072 0 0 0 
0 0 0 0 0 0 0 0 0 0 0 0 0 0 0 0 0 0 0 0 0 0 0 3 37058 0 0 3 0 0 90 26 0 7303165 13052220 11174604 0 0 0 12667293 0 0 0 0 
0 0 0 0 0 0 0 0 0 0 0 0 0 0 0 0 0 0 0 0 0 0 0 3 0 37057 37049 0 0 90 0 0 26 24229746 7303504 0 0 0 0 0 12666072 0 0 0 
0 0 0 0 0 0 0 0 0 0 0 0 0 0 0 0 0 0 0 0 0 0 0 3 37058 0 0 3 0 0 90 26 0 7303165 13052220 11174604 0 0 0 12667293 0 0 0 0 
0 0 0 0 0 0 0 0 0 0 0 0 0 0 0 0 0 0 0 0 0 0 0 3 0 37057 37049 0 0 90 0 0 26 24229746 7303504 0 0 0 0 0 12666072 0 0 0 
0 0 0 0 0 0 0 0 0 0 0 0 0 0 0 0 0 0 0 0 0 0 0 3 37058 0 0 3 0 0 90 26 0 7303165 13052220 11174604 0 0 0 12667293 0 0 0 0 
0 0 0 0 0 0 0 0 0 0 0 0 0 0 0 0 0 0 0 0 0 0 0 3 0 37057 37049 0 0 90 0 0 26 24229746 7303504 0 0 0 0 0 12666072 0 0 0 
0 0 0 0 0 0 0 0 0 0 0 0 0 0 0 0 0 0 0 0 0 0 0 3 37058 0 0 3 0 0 90 26 0 7303165 13052220 11174604 0 0 0 12667293 0 0 0 0 
0 0 0 0 0 0 0 0 0 0 0 0 0 0 0 0 0 0 0 0 0 0 0 3 0 37057 37049 0 0 90 0 0 26 24229746 7303504 0 0 0 0 0 12666072 0 0 0 
0 0 0 0 0 0 0 0 0 0 0 0 0 0 0 0 0 0 0 0 0 0 0 3 37058 0 0 3 0 0 90 26 0 7303165 13052220 11174604 0 0 0 12667293 0 0 0 0 
0 0 0 0 0 0 0 0 0 0 0 0 0 0 0 0 0 0 0 0 0 0 0 3 0 37057 37049 0 0 90 0 0 26 24229746 7303504 0 0 0 0 0 12666072 0 0 0 
0 0 0 0 0 0 0 0 0 0 0 0 0 0 0 0 0 0 0 0 0 0 0 3 37058 0 0 3 0 0 90 26 0 7303165 13052220 11174604 0 0 0 12667293 0 0 0 0 
0 0 0 0 0 0 0 0 0 0 0 0 0 0 0 0 0 0 0 0 0 0 0 3 0 37057 37049 0 0 90 0 0 26 24229746 7303504 0 0 0 0 0 12666072 0 0 0 
0 0 0 0 0 0 0 0 0 0 0 0 0 0 0 0 0 0 0 0 0 0 0 3 37058 0 0 3 0 0 90 26 0 7303165 13052220 11174604 0 0 0 12667293 0 0 0 0 
0 0 0 0 0 0 0 0 0 0 0 0 0 0 0 0 0 0 0 0 0 0 0 3 0 37057 37049 0 0 90 0 0 26 24229746 7303504 0 0 0 0 0 12666072 0 0 0 
0 0 0 0 0 0 0 0 0 0 0 0 0 0 0 0 0 0 0 0 0 0 0 3 37058 0 0 3 0 0 90 26 0 7303165 13052220 11174604 0 0 0 12667293 0 0 0 0 
0 0 0 0 0 0 0 0 0 0 0 0 0 0 0 0 0 0 0 0 0 0 0 3 0 37057 37049 0 0 90 0 0 26 24229746 7303504 0 0 0 0 0 12666072 0 0 0 
0 0 0 0 0 0 0 0 0 0 0 0 0 0 0 0 0 0 0 0 0 0 0 3 37058 0 0 3 0 0 90 26 0 7303165 13052220 11174604 0 0 0 12667293 0 0 0 0 
<====
0 0 0 0 0 0 0 0 0 0 0 0 0 0 0 0 0 0 0 0 0 0 0 3 0 37057 37049 0 0 90 0 0 26 24229746 7303504 0 0 0 0 0 12666072 0 0 0 
0 0 0 0 0 0 0 0 0 0 0 0 0 0 0 0 0 0 0 0 0 0 0 3 37058 0 0 3 0 0 90 26 0 7303165 13052220 11174604 0 0 0 12667293 0 0 0 0 
0 0 0 0 0 0 0 0 0 0 0 0 0 0 0 0 0 0 0 0 0 0 0 3 0 37057 37049 0 0 90 0 0 26 24229746 7303504 0 0 0 0 0 12666072 0 0 0 
0 0 0 0 0 0 0 0 0 0 0 0 0 0 0 0 0 0 0 0 0 0 0 3 37058 0 0 3 0 0 90 26 0 7303165 13052220 11174604 0 0 0 12667293 0 0 0 0 
0 0 0 0 0 0 0 0 0 0 0 0 0 0 0 0 0 0 0 0 0 0 0 3 0 37057 37049 0 0 90 0 0 26 24229746 7303504 0 0 0 0 0 12666072 0 0 0 
0 0 0 0 0 0 0 0 0 0 0 0 0 0 0 0 0 0 0 0 0 0 0 3 37058 0 0 3 0 0 90 26 0 7303165 13052220 11174604 0 0 0 12667293 0 0 0 0 
0 0 0 0 0 0 0 0 0 0 0 0 0 0 0 0 0 0 0 0 0 0 0 3 0 37057 37049 0 0 90 0 0 26 24229746 7303504 0 0 0 0 0 12666072 0 0 0 
0 0 0 0 0 0 0 0 0 0 0 0 0 0 0 0 0 0 0 0 0 0 0 3 37058 0 0 3 0 0 90 26 0 7303165 13052220 11174604 0 0 0 12667293 0 0 0 0 
0 0 0 0 0 0 0 0 0 0 0 0 0 0 0 0 0 0 0 0 0 0 0 3 0 37057 37049 0 0 90 0 0 26 24229746 7303504 0 0 0 0 0 12666072 0 0 0 
0 0 0 0 0 0 0 0 0 0 0 0 0 0 0 0 0 0 0 0 0 0 0 3 37058 0 0 3 0 0 90 26 0 7303165 13052220 11174604 0 0 0 12667293 0 0 0 0 
0 0 0 0 0 0 0 0 0 0 0 0 0 0 0 0 0 0 0 0 0 0 0 3 0 37057 37049 0 0 90 0 0 26 24229746 7303504 0 0 0 0 0 12666072 0 0 0 
0 0 0 0 0 0 0 0 0 0 0 0 0 0 0 0 0 0 0 0 0 0 0 3 37058 0 0 3 0 0 90 26 0 7303165 13052220 11174604 0 0 0 12667293 0 0 0 0 
0 0 0 0 0 0 0 0 0 0 0 0 0 0 0 0 0 0 0 0 0 0 0 3 0 37057 37049 0 0 90 0 0 26 24229746 7303504 0 0 0 0 0 12666072 0 0 0 
0 0 0 0 0 0 0 0 0 0 0 0 0 0 0 0 0 0 0 0 0 0 0 3 37058 0 0 3 0 0 90 26 0 7303165 13052220 11174604 0 0 0 12667293 0 0 0 0 
0 0 0 0 0 0 0 0 0 0 0 0 0 0 0 0 0 0 0 0 0 0 0 3 0 37057 37049 0 0 90 0 0 26 24229746 7303504 0 0 0 0 0 12666072 0 0 0 
0 0 0 0 0 0 0 0 0 0 0 0 0 0 0 0 0 0 0 0 0 0 0 3 37058 0 0 3 0 0 90 26 0 7303165 13052220 11174604 0 0 0 12667293 0 0 0 0 
0 0 0 0 0 0 0 0 0 0 0 0 0 0 0 0 0 0 0 0 0 0 0 3 0 37057 37049 0 0 90 0 0 26 24229746 7303504 0 0 0 0 0 12666072 0 0 0 
0 0 0 0 0 0 0 0 0 0 0 0 0 0 0 0 0 0 0 0 0 0 0 3 37058 0 0 3 0 0 90 26 0 7303165 13052220 11174604 0 0 0 12667293 0 0 0 0 
0 0 0 0 0 0 0 0 0 0 0 0 0 0 0 0 0 0 0 0 0 0 0 3 0 37057 37049 0 0 90 0 0 26 24229746 7303504 0 0 0 0 0 12666072 0 0 0 
0 0 0 0 0 0 0 0 0 0 0 0 0 0 0 0 0 0 0 0 0 0 0 3 37058 0 0 3 0 0 90 26 0 7303165 13052220 11174604 0 0 0 12667293 0 0 0 0 
0 0 0 0 0 0 0 0 0 0 0 0 0 0 0 0 0 0 0 0 0 0 0 3 0 37057 37049 0 0 90 0 0 26 24229746 7303504 0 0 0 0 0 12666072 0 0 0 
0 0 0 0 0 0 0 0 0 0 0 0 0 0 0 0 0 0 0 0 0 0 0 3 37058 0 0 3 0 0 90 26 0 7303165 13052220 11174604 0 0 0 12667293 0 0 0 0 
