0 0 0 0 0 0 0 0 0 0 0 0 0 0 0 0 0 0 0 0 0 0 0 3 0 37049 37041 0 0 66 0 0 0 24189548 7297503 0 0 0 0 0 12666060 0 0 0 
0 0 0 0 0 0 0 0 0 0 0 0 0 0 0 0 0 0 0 0 0 0 0 3 37050 0 0 1 0 0 66 0 0 7297164 13012023 11174596 0 0 0 12667281 0 0 0 0 
0 0 0 0 0 0 0 0 0 0 0 0 0 0 0 0 0 0 0 0 0 0 0 3 0 37049 37041 0 0 66 0 0 0 24189548 7297503 0 0 0 0 0 12666060 0 0 0 
0 0 0 0 0 0 0 0 0 0 0 0 0 0 0 0 0 0 0 0 0 0 0 3 37050 0 0 1 0 0 66 0 0 7297164 13012023 11174596 0 0 0 12667281 0 0 0 0 
0 0 0 0 0 0 0 0 0 0 0 0 0 0 0 0 0 0 0 0 0 0 0 3 0 37049 37041 0 0 66 0 0 0 24189548 7297503 0 0 0 0 0 12666060 0 0 0 
0 0 0 0 0 0 0 0 0 0 0 0 0 0 0 0 0 0 0 0 0 0 0 3 37050 0 0 1 0 0 66 0 0 7297164 13012023 11174596 0 0 0 12667281 0 0 0 0 
0 0 0 0 0 0 0 0 0 0 0 0 0 0 0 0 0 0 0 0 0 0 0 3 0 37049 37041 0 0 66 0 0 0 24189548 7297503 0 0 0 0 0 12666060 0 0 0 
0 0 0 0 0 0 0 0 0 0 0 0 0 0 0 0 0 0 0 0 0 0 0 3 37050 0 0 1 0 0 66 0 0 7297164 13012023 11174596 0 0 0 12667281 0 0 0 0 
0 0 0 0 0 0 0 0 0 0 0 0 0 0 0 0 0 0 0 0 0 0 0 3 0 37049 37041 0 0 66 0 0 0 24189548 7297503 0 0 0 0 0 12666060 0 0 0 
0 0 0 0 0 0 0 0 0 0 0 0 0 0 0 0 0 0 0 0 0 0 0 3 37050 0 0 1 0 0 66 0 0 7297164 13012023 11174596 0 0 0 12667281 0 0 0 0 
0 0 0 0 0 0 0 0 0 0 0 0 0 0 0 0 0 0 0 0 0 0 0 3 0 37049 37041 0 0 66 0 0 0 24189548 7297503 0 0 0 0 0 12666060 0 0 0 
0 0 0 0 0 0 0 0 0 0 0 0 0 0 0 0 0 0 0 0 0 0 0 3 37050 0 0 1 0 0 66 0 0 7297164 13012023 11174596 0 0 0 12667281 0 0 0 0 
0 0 0 0 0 0 0 0 0 0 0 0 0 0 0 0 0 0 0 0 0 0 0 3 0 37049 37041 0 0 66 0 0 0 24189548 7297503 0 0 0 0 0 12666060 0 0 0 
0 0 0 0 0 0 0 0 0 0 0 0 0 0 0 0 0 0 0 0 0 0 0 3 37050 0 0 1 0 0 66 0 0 7297164 13012023 11174596 0 0 0 12667281 0 0 0 0 
====>
0 0 0 0 0 0 0 0 0 0 0 0 0 0 0 0 0 0 0 0 0 0 0 3 0 37049 37041 0 0 66 0 0 0 24189548 7297503 0 0 0 0 0 12666060 0 0 0 
0 0 0 0 0 0 0 0 0 0 0 0 0 0 0 0 0 0 0 0 0 0 0 3 37050 0 0 1 0 0 66 0 0 7297164 13012023 11174596 0 0 0 12667281 0 0 0 0 
0 0 0 0 0 0 0 0 0 0 0 0 0 0 0 0 0 0 0 0 0 0 0 3 0 37049 37041 0 0 66 0 0 0 24189548 7297503 0 0 0 0 0 12666060 0 0 0 
0 0 0 0 0 0 0 0 0 0 0 0 0 0 0 0 0 0 0 0 0 0 0 3 37050 0 0 1 0 0 66 0 0 7297164 13012023 11174596 0 0 0 12667281 0 0 0 0 
0 0 0 0 0 0 0 0 0 0 0 0 0 0 0 0 0 0 0 0 0 0 0 3 0 37049 37041 0 0 66 0 0 0 24189548 7297503 0 0 0 0 0 12666060 0 0 0 
0 0 0 0 0 0 0 0 0 0 0 0 0 0 0 0 0 0 0 0 0 0 0 3 37050 0 0 1 0 0 66 0 0 7297164 13012023 11174596 0 0 0 12667281 0 0 0 0 
0 0 0 0 0 0 0 0 0 0 0 0 0 0 0 0 0 0 0 0 0 0 0 3 0 37049 37041 0 0 66 0 0 0 24189548 7297503 0 0 0 0 0 12666060 0 0 0 
0 0 0 0 0 0 0 0 0 0 0 0 0 0 0 0 0 0 0 0 0 0 0 3 37050 0 0 1 0 0 66 0 0 7297164 13012023 11174596 0 0 0 12667281 0 0 0 0 
0 0 0 0 0 0 0 0 0 0 0 0 0 0 0 0 0 0 0 0 0 0 0 3 0 37049 37041 0 0 66 0 0 0 24189548 7297503 0 0 0 0 0 12666060 0 0 0 
0 0 0 0 0 0 0 0 0 0 0 0 0 0 0 0 0 0 0 0 0 0 0 3 37050 0 0 1 0 0 66 0 0 7297164 13012023 11174596 0 0 0 12667281 0 0 0 0 
0 0 0 0 0 0 0 0 0 0 0 0 0 0 0 0 0 0 0 0 0 0 0 3 0 37049 37041 0 0 66 0 0 0 24189548 7297503 0 0 0 0 0 12666060 0 0 0 
0 0 0 0 0 0 0 0 0 0 0 0 0 0 0 0 0 0 0 0 0 0 0 3 37050 0 0 1 0 0 66 0 0 7297164 13012023 11174596 0 0 0 12667281 0 0 0 0 
0 0 0 0 0 0 0 0 0 0 0 0 0 0 0 0 0 0 0 0 0 0 0 3 0 37049 37041 0 0 66 0 0 0 24189548 7297503 0 0 0 0 0 12666060 0 0 0 
0 0 0 0 0 0 0 0 0 0 0 0 0 0 0 0 0 0 0 0 0 0 0 3 37050 0 0 1 0 0 66 0 0 7297164 13012023 11174596 0 0 0 12667281 0 0 0 0 
0 0 0 0 0 0 0 0 0 0 0 0 0 0 0 0 0 0 0 0 0 0 0 3 0 37049 37041 0 0 66 0 0 0 24189548 7297503 0 0 0 0 0 12666060 0 0 0 
0 0 0 0 0 0 0 0 0 0 0 0 0 0 0 0 0 0 0 0 0 0 0 3 37050 0 0 1 0 0 66 0 0 7297164 13012023 11174596 0 0 0 12667281 0 0 0 0 
0 0 0 0 0 0 0 0 0 0 0 0 0 0 0 0 0 0 0 0 0 0 0 3 0 37049 37041 0 0 66 0 0 0 24189548 7297503 0 0 0 0 0 12666060 0 0 0 
0 0 0 0 0 0 0 0 0 0 0 0 0 0 0 0 0 0 0 0 0 0 0 3 37050 0 0 1 0 0 66 0 0 7297164 13012023 11174596 0 0 0 12667281 0 0 0 0 
0 0 0 0 0 0 0 0 0 0 0 0 0 0 0 0 0 0 0 0 0 0 0 3 0 37049 37041 0 0 66 0 0 0 24189548 7297503 0 0 0 0 0 12666060 0 0 0 
0 0 0 0 0 0 0 0 0 0 0 0 0 0 0 0 0 0 0 0 0 0 0 3 37050 0 0 1 0 0 66 0 0 7297164 13012023 11174596 0 0 0 12667281 0 0 0 0 
0 0 0 0 0 0 0 0 0 0 0 0 0 0 0 0 0 0 0 0 0 0 0 3 0 37049 37041 0 0 66 0 0 0 24189548 7297503 0 0 0 0 0 12666060 0 0 0 
0 0 0 0 0 0 0 0 0 0 0 0 0 0 0 0 0 0 0 0 0 0 0 3 37050 0 0 1 0 0 66 0 0 7297164 13012023 11174596 0 0 0 12667281 0 0 0 0 
0 0 0 0 0 0 0 0 0 0 0 0 0 0 0 0 0 0 0 0 0 0 0 3 0 37049 37041 0 0 66 0 0 0 24189548 7297503 0 0 0 0 0 12666060 0 0 0 
0 0 0 0 0 0 0 0 0 0 0 0 0 0 0 0 0 0 0 0 0 0 0 3 37050 0 0 1 0 0 66 0 0 7297164 13012023 11174596 0 0 0 12667281 0 0 0 0 
0 0 0 0 0 0 0 0 0 0 0 0 0 0 0 0 0 0 0 0 0 0 0 3 0 37049 37041 0 0 66 0 0 0 24189548 7297503 0 0 0 0 0 12666060 0 0 0 
0 0 0 0 0 0 0 0 0 0 0 0 0 0 0 0 0 0 0 0 0 0 0 3 37050 0 0 1 0 0 66 0 0 7297164 13012023 11174596 0 0 0 12667281 0 0 0 0 
0 0 0 0 0 0 0 0 0 0 0 0 0 0 0 0 0 0 0 0 0 0 0 3 0 37049 37045 0 0 78 0 0 0 24212351 7297504 0 0 0 0 0 12666060 0 0 0 
0 0 0 0 0 0 0 0 0 0 0 0 0 0 0 0 0 0 0 0 0 0 0 3 37054 0 0 1 0 0 78 0 0 7297165 13034823 11174600 0 0 0 12667281 0 0 0 0 
0 0 0 0 0 0 0 0 0 0 0 0 0 0 0 0 0 0 0 0 0 0 0 3 0 37049 37045 0 0 78 0 0 0 24212355 7297508 0 0 0 0 0 12666060 0 0 0 
0 0 0 0 0 0 0 0 0 0 0 0 0 0 0 0 0 0 0 0 0 0 0 3 37054 0 0 1 0 0 78 0 0 7297169 13034827 11174600 0 0 0 12667281 0 0 0 0 
0 0 0 0 0 0 0 0 0 0 0 0 0 0 0 0 0 0 0 0 0 0 0 3 0 37049 37045 0 0 78 0 0 0 24212360 7297513 0 0 0 0 0 12666060 0 0 0 
0 0 0 0 0 0 0 0 0 0 0 0 0 0 0 0 0 0 0 0 0 0 0 3 37054 0 0 1 0 0 78 0 0 7297174 13034832 11174600 0 0 0 12667281 0 0 0 0 
0 0 0 0 0 0 0 0 0 0 0 0 0 0 0 0 0 0 0 0 0 0 0 3 0 37049 37045 0 0 78 0 0 0 24212365 7297518 0 0 0 0 0 12666060 0 0 0 
0 0 0 0 0 0 0 0 0 0 0 0 0 0 0 0 0 0 0 0 0 0 0 3 37054 0 0 1 0 0 78 0 0 7297179 13034837 11174600 0 0 0 12667281 0 0 0 0 
0 0 0 0 0 0 0 0 0 0 0 0 0 0 0 0 0 0 0 0 0 0 0 3 0 37049 37045 0 0 78 0 0 0 24212370 7297523 0 0 0 0 0 12666060 0 0 0 
0 0 0 0 0 0 0 0 0 0 0 0 0 0 0 0 0 0 0 0 0 0 0 3 37054 0 0 1 0 0 78 0 0 7297184 13034842 11174600 0 0 0 12667281 0 0 0 0 
0 0 0 0 0 0 0 0 0 0 0 0 0 0 0 0 0 0 0 0 0 0 0 3 0 37049 37045 0 0 78 0 0 0 24212375 7297528 0 0 0 0 0 12666060 0 0 0 
0 0 0 0 0 0 0 0 0 0 0 0 0 0 0 0 0 0 0 0 0 0 0 3 37054 0 0 1 0 0 78 0 0 7297189 13034847 11174600 0 0 0 12667281 0 0 0 0 
0 0 0 0 0 0 0 0 0 0 0 0 0 0 0 0 0 0 0 0 0 0 0 3 0 37049 37045 0 0 78 0 0 0 24212380 7297533 0 0 0 0 0 12666060 0 0 0 
0 0 0 0 0 0 0 0 0 0 0 0 0 0 0 0 0 0 0 0 0 0 0 3 37054 0 0 1 0 0 78 0 0 7297194 13034852 11174600 0 0 0 12667281 0 0 0 0 
0 0 0 0 0 0 0 0 0 0 0 0 0 0 0 0 0 0 0 0 0 0 0 3 0 37049 37045 0 0 78 0 0 0 24212384 7297538 0 0 0 0 0 12666060 0 0 0 
0 0 0 0 0 0 0 0 0 0 0 0 0 0 0 0 0 0 0 0 0 0 0 3 37054 0 0 1 0 0 78 0 0 7297199 13034856 11174600 0 0 0 12667281 0 0 0 0 
0 0 0 0 0 0 0 0 0 0 0 0 0 0 0 0 0 0 0 0 0 0 0 3 0 37049 37045 0 0 78 0 0 0 24212389 7297543 0 0 0 0 0 12666060 0 0 0 
0 0 0 0 0 0 0 0 0 0 0 0 0 0 0 0 0 0 0 0 0 0 0 3 37054 0 0 1 0 0 78 0 0 7297204 13034861 11174600 0 0 0 12667281 0 0 0 0 
0 0 0 0 0 0 0 0 0 0 0 0 0 0 0 0 0 0 0 0 0 0 0 3 0 37049 37045 0 0 78 0 0 0 24212394 7297548 0 0 0 0 0 12666060 0 0 0 
0 0 0 0 0 0 0 0 0 0 0 0 0 0 0 0 0 0 0 0 0 0 0 3 37054 0 0 1 0 0 78 0 0 7297209 13034866 11174600 0 0 0 12667281 0 0 0 0 
0 0 0 0 0 0 0 0 0 0 0 0 0 0 0 0 0 0 0 0 0 0 0 3 0 37049 37045 0 0 78 0 0 0 24212399 7297553 0 0 0 0 0 12666060 0 0 0 
0 0 0 0 0 0 0 0 0 0 0 0 0 0 0 0 0 0 0 0 0 0 0 3 37054 0 0 1 0 0 78 0 0 7297214 13034871 11174600 0 0 0 12667281 0 0 0 0 
0 0 0 0 0 0 0 0 0 0 0 0 0 0 0 0 0 0 0 0 0 0 0 3 0 37049 37045 0 0 78 0 0 0 24212404 7297558 0 0 0 0 0 12666060 0 0 0 
0 0 0 0 0 0 0 0 0 0 0 0 0 0 0 0 0 0 0 0 0 0 0 3 37054 0 0 1 0 0 78 0 0 7297219 13034876 11174600 0 0 0 12667281 0 0 0 0 
0 0 0 0 0 0 0 0 0 0 0 0 0 0 0 0 0 0 0 0 0 0 0 3 0 37049 37045 0 0 78 0 0 0 24212409 7297563 0 0 0 0 0 12666060 0 0 0 
0 0 0 0 0 0 0 0 0 0 0 0 0 0 0 0 0 0 0 0 0 0 0 3 37054 0 0 1 0 0 78 0 0 7297224 13034881 11174600 0 0 0 12667281 0 0 0 0 
0 0 0 0 0 0 0 0 0 0 0 0 0 0 0 0 0 0 0 0 0 0 0 3 0 37049 37045 0 0 78 0 0 0 24212414 7297568 0 0 0 0 0 12666060 0 0 0 
0 0 0 0 0 0 0 0 0 0 0 0 0 0 0 0 0 0 0 0 0 0 0 3 37054 0 0 1 0 0 78 0 0 7297229 13034886 11174600 0 0 0 12667281 0 0 0 0 
0 0 0 0 0 0 0 0 0 0 0 0 0 0 0 0 0 0 0 0 0 0 0 3 0 37049 37045 0 0 78 0 0 0 24212419 7297573 0 0 0 0 0 12666060 0 0 0 
0 0 0 0 0 0 0 0 0 0 0 0 0 0 0 0 0 0 0 0 0 0 0 3 37054 0 0 1 0 0 78 0 0 7297234 13034891 11174600 0 0 0 12667281 0 0 0 0 
0 0 0 0 0 0 0 0 0 0 0 0 0 0 0 0 0 0 0 0 0 0 0 3 0 37049 37045 0 0 78 0 0 0 24212424 7297578 0 0 0 0 0 12666060 0 0 0 
0 0 0 0 0 0 0 0 0 0 0 0 0 0 0 0 0 0 0 0 0 0 0 3 37054 0 0 1 0 0 78 0 0 7297239 13034896 11174600 0 0 0 12667281 0 0 0 0 
0 0 0 0 0 0 0 0 0 0 0 0 0 0 0 0 0 0 0 0 0 0 0 3 0 37049 37045 0 0 78 0 0 0 24212429 7297583 0 0 0 0 0 12666060 0 0 0 
0 0 0 0 0 0 0 0 0 0 0 0 0 0 0 0 0 0 0 0 0 0 0 3 37054 0 0 1 0 0 78 0 0 7297244 13034901 11174600 0 0 0 12667281 0 0 0 0 
0 0 0 0 0 0 0 0 0 0 0 0 0 0 0 0 0 0 0 0 0 0 0 3 0 37049 37045 0 0 78 0 0 0 24212434 7297588 0 0 0 0 0 12666060 0 0 0 
0 0 0 0 0 0 0 0 0 0 0 0 0 0 0 0 0 0 0 0 0 0 0 3 37054 0 0 1 0 0 78 0 0 7297249 13034906 11174600 0 0 0 12667281 0 0 0 0 
0 0 0 0 0 0 0 0 0 0 0 0 0 0 0 0 0 0 0 0 0 0 0 3 0 37049 37045 0 0 78 0 0 0 24212438 7297592 0 0 0 0 0 12666060 0 0 0 
0 0 0 0 0 0 0 0 0 0 0 0 0 0 0 0 0 0 0 0 0 0 0 3 37054 0 0 1 0 0 78 0 0 7297253 13034910 11174600 0 0 0 12667281 0 0 0 0 
0 0 0 0 0 0 0 0 0 0 0 0 0 0 0 0 0 0 0 0 0 0 0 3 0 37049 37045 0 0 78 0 0 0 24212443 7297597 0 0 0 0 0 12666060 0 0 0 
0 0 0 0 0 0 0 0 0 0 0 0 0 0 0 0 0 0 0 0 0 0 0 3 37054 0 0 1 0 0 78 0 0 7297258 13034915 11174600 0 0 0 12667281 0 0 0 0 
0 0 0 0 0 0 0 0 0 0 0 0 0 0 0 0 0 0 0 0 0 0 0 3 0 37049 37045 0 0 78 0 0 0 24212448 7297602 0 0 0 0 0 12666060 0 0 0 
0 0 0 0 0 0 0 0 0 0 0 0 0 0 0 0 0 0 0 0 0 0 0 3 37054 0 0 1 0 0 78 0 0 7297263 13034920 11174600 0 0 0 12667281 0 0 0 0 
0 0 0 0 0 0 0 0 0 0 0 0 0 0 0 0 0 0 0 0 0 0 0 3 0 37053 37045 0 0 78 0 0 8 24212448 7297606 0 0 0 0 0 12666065 0 0 0 
0 0 0 0 0 0 0 0 0 0 0 0 0 0 0 0 0 0 0 0 0 0 0 3 37054 0 0 1 0 0 78 8 0 7297267 13034920 11174600 0 0 0 12667286 0 0 0 0 
0 0 0 0 0 0 0 0 0 0 0 0 0 0 0 0 0 0 0 0 0 0 0 3 0 37053 37045 0 0 78 0 0 8 24212448 7297606 0 0 0 0 0 12666065 0 0 0 
0 0 0 0 0 0 0 0 0 0 0 0 0 0 0 0 0 0 0 0 0 0 0 3 37054 0 0 1 0 0 78 8 0 7297267 13034920 11174600 0 0 0 12667286 0 0 0 0 
0 0 0 0 0 0 0 0 0 0 0 0 0 0 0 0 0 0 0 0 0 0 0 3 0 37053 37045 0 0 78 0 0 8 24212448 7297606 0 0 0 0 0 12666065 0 0 0 
0 0 0 0 0 0 0 0 0 0 0 0 0 0 0 0 0 0 0 0 0 0 0 3 37054 0 0 1 0 0 78 8 0 7297267 13034920 11174600 0 0 0 12667286 0 0 0 0 
0 0 0 0 0 0 0 0 0 0 0 0 0 0 0 0 0 0 0 0 0 0 0 3 0 37053 37045 0 0 78 0 0 8 24212448 7297606 0 0 0 0 0 12666065 0 0 0 
0 0 0 0 0 0 0 0 0 0 0 0 0 0 0 0 0 0 0 0 0 0 0 3 37054 0 0 1 0 0 78 8 0 7297267 13034920 11174600 0 0 0 12667286 0 0 0 0 
0 0 0 0 0 0 0 0 0 0 0 0 0 0 0 0 0 0 0 0 0 0 0 3 0 37053 37045 0 0 78 0 0 8 24212448 7297883 0 0 0 0 0 12666065 0 0 0 
0 0 0 0 0 0 0 0 0 0 0 0 0 0 0 0 0 0 0 0 0 0 0 3 37054 0 0 1 0 0 78 8 0 7297544 13034920 11174600 0 0 0 12667286 0 0 0 0 
0 0 0 0 0 0 0 0 0 0 0 0 0 0 0 0 0 0 0 0 0 0 0 3 0 37053 37045 0 0 78 0 0 8 24212448 7299340 0 0 0 0 0 12666065 0 0 0 
0 0 0 0 0 0 0 0 0 0 0 0 0 0 0 0 0 0 0 0 0 0 0 3 37054 0 0 1 0 0 78 8 0 7299001 13034920 11174600 0 0 0 12667286 0 0 0 0 
0 0 0 0 0 0 0 0 0 0 0 0 0 0 0 0 0 0 0 0 0 0 0 3 0 37053 37045 0 0 78 0 0 8 24212448 7300801 0 0 0 0 0 12666065 0 0 0 
0 0 0 0 0 0 0 0 0 0 0 0 0 0 0 0 0 0 0 0 0 0 0 3 37054 0 0 1 0 0 78 8 0 7300462 13034920 11174600 0 0 0 12667286 0 0 0 0 
0 0 0 0 0 0 0 0 0 0 0 0 0 0 0 0 0 0 0 0 0 0 0 3 0 37053 37045 0 0 78 0 0 8 24212448 7300861 0 0 0 0 0 12666065 0 0 0 
0 0 0 0 0 0 0 0 0 0 0 0 0 0 0 0 0 0 0 0 0 0 0 3 37054 0 0 1 0 0 78 8 0 7300522 13034920 11174600 0 0 0 12667286 0 0 0 0 
0 0 0 0 0 0 0 0 0 0 0 0 0 0 0 0 0 0 0 0 0 0 0 3 0 37053 37045 0 0 78 0 0 8 24212448 7300861 0 0 0 0 0 12666065 0 0 0 
0 0 0 0 0 0 0 0 0 0 0 0 0 0 0 0 0 0 0 0 0 0 0 3 37054 0 0 1 0 0 78 8 0 7300522 13034920 11174600 0 0 0 12667286 0 0 0 0 
0 0 0 0 0 0 0 0 0 0 0 0 0 0 0 0 0 0 0 0 0 0 0 3 0 37053 37045 0 0 78 0 0 8 24212448 7300861 0 0 0 0 0 12666065 0 0 0 
0 0 0 0 0 0 0 0 0 0 0 0 0 0 0 0 0 0 0 0 0 0 0 3 37054 0 0 1 0 0 78 8 0 7300522 13034920 11174600 0 0 0 12667286 0 0 0 0 
0 0 0 0 0 0 0 0 0 0 0 0 0 0 0 0 0 0 0 0 0 0 0 3 0 37053 37045 0 0 78 0 0 8 24212448 7300861 0 0 0 0 0 12666065 0 0 0 
0 0 0 0 0 0 0 0 0 0 0 0 0 0 0 0 0 0 0 0 0 0 0 3 37054 0 0 1 0 0 78 8 0 7300522 13034920 11174600 0 0 0 12667286 0 0 0 0 
0 0 0 0 0 0 0 0 0 0 0 0 0 0 0 0 0 0 0 0 0 0 0 3 0 37053 37045 0 0 78 0 0 8 24212448 7300861 0 0 0 0 0 12666065 0 0 0 
0 0 0 0 0 0 0 0 0 0 0 0 0 0 0 0 0 0 0 0 0 0 0 3 37054 0 0 1 0 0 78 8 0 7300522 13034920 11174600 0 0 0 12667286 0 0 0 0 
0 0 0 0 0 0 0 0 0 0 0 0 0 0 0 0 0 0 0 0 0 0 0 3 0 37053 37045 0 0 78 0 0 8 24212448 7300861 0 0 0 0 0 12666065 0 0 0 
0 0 0 0 0 0 0 0 0 0 0 0 0 0 0 0 0 0 0 0 0 0 0 3 37054 0 0 1 0 0 78 8 0 7300522 13034920 11174600 0 0 0 12667286 0 0 0 0 
0 0 0 0 0 0 0 0 0 0 0 0 0 0 0 0 0 0 0 0 0 0 0 3 0 37053 37045 0 0 78 0 0 8 24212448 7300861 0 0 0 0 0 12666065 0 0 0 
0 0 0 0 0 0 0 0 0 0 0 0 0 0 0 0 0 0 0 0 0 0 0 3 37054 0 0 1 0 0 78 8 0 7300522 13034920 11174600 0 0 0 12667286 0 0 0 0 
0 0 0 0 0 0 0 0 0 0 0 0 0 0 0 0 0 0 0 0 0 0 0 3 0 37053 37045 0 0 78 0 0 8 24212448 7300861 0 0 0 0 0 12666065 0 0 0 
0 0 0 0 0 0 0 0 0 0 0 0 0 0 0 0 0 0 0 0 0 0 0 3 37054 0 0 1 0 0 78 8 0 7300522 13034920 11174600 0 0 0 12667286 0 0 0 0 
0 0 0 0 0 0 0 0 0 0 0 0 0 0 0 0 0 0 0 0 0 0 0 3 0 37053 37045 0 0 78 0 0 8 24212448 7300861 0 0 0 0 0 12666065 0 0 0 
0 0 0 0 0 0 0 0 0 0 0 0 0 0 0 0 0 0 0 0 0 0 0 3 37054 0 0 1 0 0 78 8 0 7300522 13034920 11174600 0 0 0 12667286 0 0 0 0 
0 0 0 0 0 0 0 0 0 0 0 0 0 0 0 0 0 0 0 0 0 0 0 3 0 37053 37045 0 0 78 0 0 8 24212448 7300861 0 0 0 0 0 12666065 0 0 0 
0 0 0 0 0 0 0 0 0 0 0 0 0 0 0 0 0 0 0 0 0 0 0 3 37054 0 0 1 0 0 78 8 0 7300522 13034920 11174600 0 0 0 12667286 0 0 0 0 
<====
0 0 0 0 0 0 0 0 0 0 0 0 0 0 0 0 0 0 0 0 0 0 0 3 0 37053 37045 0 0 78 0 0 11 24212448 7300861 0 0 0 0 0 12666066 0 0 0 
0 0 0 0 0 0 0 0 0 0 0 0 0 0 0 0 0 0 0 0 0 0 0 3 37054 0 0 2 0 0 78 11 0 7300522 13034920 11174600 0 0 0 12667287 0 0 0 0 
0 0 0 0 0 0 0 0 0 0 0 0 0 0 0 0 0 0 0 0 0 0 0 3 0 37053 37045 0 0 78 0 0 11 24212448 7300861 0 0 0 0 0 12666066 0 0 0 
0 0 0 0 0 0 0 0 0 0 0 0 0 0 0 0 0 0 0 0 0 0 0 3 37054 0 0 2 0 0 78 11 0 7300522 13034920 11174600 0 0 0 12667287 0 0 0 0 
0 0 0 0 0 0 0 0 0 0 0 0 0 0 0 0 0 0 0 0 0 0 0 3 0 37053 37045 0 0 78 0 0 11 24212448 7300861 0 0 0 0 0 12666066 0 0 0 
0 0 0 0 0 0 0 0 0 0 0 0 0 0 0 0 0 0 0 0 0 0 0 3 37054 0 0 2 0 0 78 11 0 7300522 13034920 11174600 0 0 0 12667287 0 0 0 0 
