0 0 0 0 0 0 0 0 0 0 0 0 0 0 0 0 0 0 0 0 0 0 0 3 0 37053 37045 0 0 78 0 0 11 24212448 7300861 0 0 0 0 0 12666066 0 0 0 
0 0 0 0 0 0 0 0 0 0 0 0 0 0 0 0 0 0 0 0 0 0 0 3 37054 0 0 2 0 0 78 11 0 7300522 13034920 11174600 0 0 0 12667287 0 0 0 0 
0 0 0 0 0 0 0 0 0 0 0 0 0 0 0 0 0 0 0 0 0 0 0 3 0 37053 37045 0 0 78 0 0 11 24212448 7300861 0 0 0 0 0 12666066 0 0 0 
0 0 0 0 0 0 0 0 0 0 0 0 0 0 0 0 0 0 0 0 0 0 0 3 37054 0 0 2 0 0 78 11 0 7300522 13034920 11174600 0 0 0 12667287 0 0 0 0 
0 0 0 0 0 0 0 0 0 0 0 0 0 0 0 0 0 0 0 0 0 0 0 3 0 37053 37045 0 0 78 0 0 11 24212448 7300861 0 0 0 0 0 12666066 0 0 0 
0 0 0 0 0 0 0 0 0 0 0 0 0 0 0 0 0 0 0 0 0 0 0 3 37054 0 0 2 0 0 78 11 0 7300522 13034920 11174600 0 0 0 12667287 0 0 0 0 
0 0 0 0 0 0 0 0 0 0 0 0 0 0 0 0 0 0 0 0 0 0 0 3 0 37053 37045 0 0 78 0 0 11 24212448 7300861 0 0 0 0 0 12666066 0 0 0 
0 0 0 0 0 0 0 0 0 0 0 0 0 0 0 0 0 0 0 0 0 0 0 3 37054 0 0 2 0 0 78 11 0 7300522 13034920 11174600 0 0 0 12667287 0 0 0 0 
0 0 0 0 0 0 0 0 0 0 0 0 0 0 0 0 0 0 0 0 0 0 0 3 0 37053 37045 0 0 78 0 0 11 24212448 7300861 0 0 0 0 0 12666066 0 0 0 
0 0 0 0 0 0 0 0 0 0 0 0 0 0 0 0 0 0 0 0 0 0 0 3 37054 0 0 2 0 0 78 11 0 7300522 13034920 11174600 0 0 0 12667287 0 0 0 0 
0 0 0 0 0 0 0 0 0 0 0 0 0 0 0 0 0 0 0 0 0 0 0 3 0 37053 37045 0 0 78 0 0 11 24212448 7300861 0 0 0 0 0 12666066 0 0 0 
0 0 0 0 0 0 0 0 0 0 0 0 0 0 0 0 0 0 0 0 0 0 0 3 37054 0 0 2 0 0 78 11 0 7300522 13034920 11174600 0 0 0 12667287 0 0 0 0 
0 0 0 0 0 0 0 0 0 0 0 0 0 0 0 0 0 0 0 0 0 0 0 3 0 37053 37045 0 0 78 0 0 11 24212448 7300861 0 0 0 0 0 12666066 0 0 0 
0 0 0 0 0 0 0 0 0 0 0 0 0 0 0 0 0 0 0 0 0 0 0 3 37054 0 0 2 0 0 78 11 0 7300522 13034920 11174600 0 0 0 12667287 0 0 0 0 
0 0 0 0 0 0 0 0 0 0 0 0 0 0 0 0 0 0 0 0 0 0 0 3 0 37053 37045 0 0 78 0 0 11 24212448 7300861 0 0 0 0 0 12666066 0 0 0 
0 0 0 0 0 0 0 0 0 0 0 0 0 0 0 0 0 0 0 0 0 0 0 3 37054 0 0 2 0 0 78 11 0 7300522 13034920 11174600 0 0 0 12667287 0 0 0 0 
====>
0 0 0 0 0 0 0 0 0 0 0 0 0 0 0 0 0 0 0 0 0 0 0 3 0 37053 37045 0 0 78 0 0 11 24212448 7300861 0 0 0 0 0 12666066 0 0 0 
0 0 0 0 0 0 0 0 0 0 0 0 0 0 0 0 0 0 0 0 0 0 0 3 37054 0 0 2 0 0 78 11 0 7300522 13034920 11174600 0 0 0 12667287 0 0 0 0 
0 0 0 0 0 0 0 0 0 0 0 0 0 0 0 0 0 0 0 0 0 0 0 3 0 37053 37045 0 0 78 0 0 11 24212448 7300861 0 0 0 0 0 12666066 0 0 0 
0 0 0 0 0 0 0 0 0 0 0 0 0 0 0 0 0 0 0 0 0 0 0 3 37054 0 0 2 0 0 78 11 0 7300522 13034920 11174600 0 0 0 12667287 0 0 0 0 
0 0 0 0 0 0 0 0 0 0 0 0 0 0 0 0 0 0 0 0 0 0 0 3 0 37053 37045 0 0 78 0 0 11 24212448 7300861 0 0 0 0 0 12666066 0 0 0 
0 0 0 0 0 0 0 0 0 0 0 0 0 0 0 0 0 0 0 0 0 0 0 3 37054 0 0 2 0 0 78 11 0 7300522 13034920 11174600 0 0 0 12667287 0 0 0 0 
0 0 0 0 0 0 0 0 0 0 0 0 0 0 0 0 0 0 0 0 0 0 0 3 0 37053 37045 0 0 78 0 0 11 24212448 7300861 0 0 0 0 0 12666066 0 0 0 
0 0 0 0 0 0 0 0 0 0 0 0 0 0 0 0 0 0 0 0 0 0 0 3 37054 0 0 2 0 0 78 11 0 7300522 13034920 11174600 0 0 0 12667287 0 0 0 0 
0 0 0 0 0 0 0 0 0 0 0 0 0 0 0 0 0 0 0 0 0 0 0 3 0 37053 37045 0 0 78 0 0 11 24212448 7300861 0 0 0 0 0 12666066 0 0 0 
0 0 0 0 0 0 0 0 0 0 0 0 0 0 0 0 0 0 0 0 0 0 0 3 37054 0 0 2 0 0 78 11 0 7300522 13034920 11174600 0 0 0 12667287 0 0 0 0 
0 0 0 0 0 0 0 0 0 0 0 0 0 0 0 0 0 0 0 0 0 0 0 3 0 37053 37045 0 0 78 0 0 11 24212448 7300861 0 0 0 0 0 12666066 0 0 0 
0 0 0 0 0 0 0 0 0 0 0 0 0 0 0 0 0 0 0 0 0 0 0 3 37054 0 0 2 0 0 78 11 0 7300522 13034920 11174600 0 0 0 12667287 0 0 0 0 
0 0 0 0 0 0 0 0 0 0 0 0 0 0 0 0 0 0 0 0 0 0 0 3 0 37053 37045 0 0 78 0 0 11 24212448 7300861 0 0 0 0 0 12666066 0 0 0 
0 0 0 0 0 0 0 0 0 0 0 0 0 0 0 0 0 0 0 0 0 0 0 3 37054 0 0 2 0 0 78 11 0 7300522 13034920 11174600 0 0 0 12667287 0 0 0 0 
0 0 0 0 0 0 0 0 0 0 0 0 0 0 0 0 0 0 0 0 0 0 0 3 0 37053 37045 0 0 78 0 0 11 24212448 7300861 0 0 0 0 0 12666066 0 0 0 
0 0 0 0 0 0 0 0 0 0 0 0 0 0 0 0 0 0 0 0 0 0 0 3 37054 0 0 2 0 0 78 11 0 7300522 13034920 11174600 0 0 0 12667287 0 0 0 0 
0 0 0 0 0 0 0 0 0 0 0 0 0 0 0 0 0 0 0 0 0 0 0 3 0 37053 37045 0 0 78 0 0 11 24212448 7300861 0 0 0 0 0 12666066 0 0 0 
0 0 0 0 0 0 0 0 0 0 0 0 0 0 0 0 0 0 0 0 0 0 0 3 37054 0 0 2 0 0 78 11 0 7300522 13034920 11174600 0 0 0 12667287 0 0 0 0 
0 0 0 0 0 0 0 0 0 0 0 0 0 0 0 0 0 0 0 0 0 0 0 3 0 37053 37045 0 0 78 0 0 11 24212448 7300861 0 0 0 0 0 12666066 0 0 0 
0 0 0 0 0 0 0 0 0 0 0 0 0 0 0 0 0 0 0 0 0 0 0 3 37054 0 0 2 0 0 78 11 0 7300522 13034920 11174600 0 0 0 12667287 0 0 0 0 
0 0 0 0 0 0 0 0 0 0 0 0 0 0 0 0 0 0 0 0 0 0 0 3 0 37053 37045 0 0 78 0 0 11 24212448 7300861 0 0 0 0 0 12666066 0 0 0 
0 0 0 0 0 0 0 0 0 0 0 0 0 0 0 0 0 0 0 0 0 0 0 3 37054 0 0 2 0 0 78 11 0 7300522 13034920 11174600 0 0 0 12667287 0 0 0 0 
0 0 0 0 0 0 0 0 0 0 0 0 0 0 0 0 0 0 0 0 0 0 0 3 0 37053 37045 0 0 78 0 0 11 24212448 7300861 0 0 0 0 0 12666066 0 0 0 
0 0 0 0 0 0 0 0 0 0 0 0 0 0 0 0 0 0 0 0 0 0 0 3 37054 0 0 2 0 0 78 11 0 7300522 13034920 11174600 0 0 0 12667287 0 0 0 0 
0 0 0 0 0 0 0 0 0 0 0 0 0 0 0 0 0 0 0 0 0 0 0 3 0 37053 37049 0 0 90 0 0 11 24212511 7300861 0 0 0 0 0 12666066 0 0 0 
0 0 0 0 0 0 0 0 0 0 0 0 0 0 0 0 0 0 0 0 0 0 0 3 37058 0 0 2 0 0 90 11 0 7300522 13034978 11174604 0 0 0 12667287 0 0 0 0 
0 0 0 0 0 0 0 0 0 0 0 0 0 0 0 0 0 0 0 0 0 0 0 3 0 37053 37049 0 0 90 0 0 11 24229559 7300872 0 0 0 0 0 12666066 0 0 0 
0 0 0 0 0 0 0 0 0 0 0 0 0 0 0 0 0 0 0 0 0 0 0 3 37058 0 0 2 0 0 90 11 0 7300533 13052033 11174604 0 0 0 12667287 0 0 0 0 
0 0 0 0 0 0 0 0 0 0 0 0 0 0 0 0 0 0 0 0 0 0 0 3 0 37053 37049 0 0 90 0 0 11 24229571 7300883 0 0 0 0 0 12666066 0 0 0 
0 0 0 0 0 0 0 0 0 0 0 0 0 0 0 0 0 0 0 0 0 0 0 3 37058 0 0 2 0 0 90 11 0 7300544 13052045 11174604 0 0 0 12667287 0 0 0 0 
0 0 0 0 0 0 0 0 0 0 0 0 0 0 0 0 0 0 0 0 0 0 0 3 0 37053 37049 0 0 90 0 0 11 24229585 7300897 0 0 0 0 0 12666066 0 0 0 
0 0 0 0 0 0 0 0 0 0 0 0 0 0 0 0 0 0 0 0 0 0 0 3 37058 0 0 2 0 0 90 11 0 7300558 13052059 11174604 0 0 0 12667287 0 0 0 0 
0 0 0 0 0 0 0 0 0 0 0 0 0 0 0 0 0 0 0 0 0 0 0 3 0 37053 37049 0 0 90 0 0 11 24229597 7300909 0 0 0 0 0 12666066 0 0 0 
0 0 0 0 0 0 0 0 0 0 0 0 0 0 0 0 0 0 0 0 0 0 0 3 37058 0 0 2 0 0 90 11 0 7300570 13052071 11174604 0 0 0 12667287 0 0 0 0 
0 0 0 0 0 0 0 0 0 0 0 0 0 0 0 0 0 0 0 0 0 0 0 3 0 37053 37049 0 0 90 0 0 11 24229611 7300923 0 0 0 0 0 12666066 0 0 0 
0 0 0 0 0 0 0 0 0 0 0 0 0 0 0 0 0 0 0 0 0 0 0 3 37058 0 0 2 0 0 90 11 0 7300584 13052085 11174604 0 0 0 12667287 0 0 0 0 
0 0 0 0 0 0 0 0 0 0 0 0 0 0 0 0 0 0 0 0 0 0 0 3 0 37053 37049 0 0 90 0 0 11 24229623 7300936 0 0 0 0 0 12666066 0 0 0 
0 0 0 0 0 0 0 0 0 0 0 0 0 0 0 0 0 0 0 0 0 0 0 3 37058 0 0 2 0 0 90 11 0 7300597 13052097 11174604 0 0 0 12667287 0 0 0 0 
0 0 0 0 0 0 0 0 0 0 0 0 0 0 0 0 0 0 0 0 0 0 0 3 0 37053 37049 0 0 90 0 0 11 24229637 7300949 0 0 0 0 0 12666066 0 0 0 
0 0 0 0 0 0 0 0 0 0 0 0 0 0 0 0 0 0 0 0 0 0 0 3 37058 0 0 2 0 0 90 11 0 7300610 13052111 11174604 0 0 0 12667287 0 0 0 0 
0 0 0 0 0 0 0 0 0 0 0 0 0 0 0 0 0 0 0 0 0 0 0 3 0 37053 37049 0 0 90 0 0 11 24229650 7300962 0 0 0 0 0 12666066 0 0 0 
0 0 0 0 0 0 0 0 0 0 0 0 0 0 0 0 0 0 0 0 0 0 0 3 37058 0 0 2 0 0 90 11 0 7300623 13052124 11174604 0 0 0 12667287 0 0 0 0 
0 0 0 0 0 0 0 0 0 0 0 0 0 0 0 0 0 0 0 0 0 0 0 3 0 37053 37049 0 0 90 0 0 11 24229663 7300975 0 0 0 0 0 12666066 0 0 0 
0 0 0 0 0 0 0 0 0 0 0 0 0 0 0 0 0 0 0 0 0 0 0 3 37058 0 0 2 0 0 90 11 0 7300636 13052137 11174604 0 0 0 12667287 0 0 0 0 
0 0 0 0 0 0 0 0 0 0 0 0 0 0 0 0 0 0 0 0 0 0 0 3 0 37053 37049 0 0 90 0 0 11 24229677 7300989 0 0 0 0 0 12666066 0 0 0 
0 0 0 0 0 0 0 0 0 0 0 0 0 0 0 0 0 0 0 0 0 0 0 3 37058 0 0 2 0 0 90 11 0 7300650 13052151 11174604 0 0 0 12667287 0 0 0 0 
0 0 0 0 0 0 0 0 0 0 0 0 0 0 0 0 0 0 0 0 0 0 0 3 0 37053 37049 0 0 90 0 0 11 24229689 7301001 0 0 0 0 0 12666066 0 0 0 
0 0 0 0 0 0 0 0 0 0 0 0 0 0 0 0 0 0 0 0 0 0 0 3 37058 0 0 2 0 0 90 11 0 7300662 13052163 11174604 0 0 0 12667287 0 0 0 0 
0 0 0 0 0 0 0 0 0 0 0 0 0 0 0 0 0 0 0 0 0 0 0 3 0 37053 37049 0 0 90 0 0 11 24229703 7301015 0 0 0 0 0 12666066 0 0 0 
0 0 0 0 0 0 0 0 0 0 0 0 0 0 0 0 0 0 0 0 0 0 0 3 37058 0 0 2 0 0 90 11 0 7300676 13052177 11174604 0 0 0 12667287 0 0 0 0 
0 0 0 0 0 0 0 0 0 0 0 0 0 0 0 0 0 0 0 0 0 0 0 3 0 37053 37049 0 0 90 0 0 11 24229715 7301028 0 0 0 0 0 12666066 0 0 0 
0 0 0 0 0 0 0 0 0 0 0 0 0 0 0 0 0 0 0 0 0 0 0 3 37058 0 0 2 0 0 90 11 0 7300689 13052189 11174604 0 0 0 12667287 0 0 0 0 
0 0 0 0 0 0 0 0 0 0 0 0 0 0 0 0 0 0 0 0 0 0 0 3 0 37053 37049 0 0 90 0 0 11 24229729 7301041 0 0 0 0 0 12666066 0 0 0 
0 0 0 0 0 0 0 0 0 0 0 0 0 0 0 0 0 0 0 0 0 0 0 3 37058 0 0 2 0 0 90 11 0 7300702 13052203 11174604 0 0 0 12667287 0 0 0 0 
0 0 0 0 0 0 0 0 0 0 0 0 0 0 0 0 0 0 0 0 0 0 0 3 0 37053 37049 0 0 90 0 0 11 24229743 7301055 0 0 0 0 0 12666066 0 0 0 
0 0 0 0 0 0 0 0 0 0 0 0 0 0 0 0 0 0 0 0 0 0 0 3 37058 0 0 2 0 0 90 11 0 7300716 13052217 11174604 0 0 0 12667287 0 0 0 0 
0 0 0 0 0 0 0 0 0 0 0 0 0 0 0 0 0 0 0 0 0 0 0 3 0 37057 37049 0 0 90 0 0 23 24229746 7301062 0 0 0 0 0 12666071 0 0 0 
0 0 0 0 0 0 0 0 0 0 0 0 0 0 0 0 0 0 0 0 0 0 0 3 37058 0 0 2 0 0 90 23 0 7300723 13052220 11174604 0 0 0 12667292 0 0 0 0 
0 0 0 0 0 0 0 0 0 0 0 0 0 0 0 0 0 0 0 0 0 0 0 3 0 37057 37049 0 0 90 0 0 23 24229746 7301062 0 0 0 0 0 12666071 0 0 0 
0 0 0 0 0 0 0 0 0 0 0 0 0 0 0 0 0 0 0 0 0 0 0 3 37058 0 0 2 0 0 90 23 0 7300723 13052220 11174604 0 0 0 12667292 0 0 0 0 
0 0 0 0 0 0 0 0 0 0 0 0 0 0 0 0 0 0 0 0 0 0 0 3 0 37057 37049 0 0 90 0 0 23 24229746 7301062 0 0 0 0 0 12666071 0 0 0 
0 0 0 0 0 0 0 0 0 0 0 0 0 0 0 0 0 0 0 0 0 0 0 3 37058 0 0 2 0 0 90 23 0 7300723 13052220 11174604 0 0 0 12667292 0 0 0 0 
0 0 0 0 0 0 0 0 0 0 0 0 0 0 0 0 0 0 0 0 0 0 0 3 0 37057 37049 0 0 90 0 0 23 24229746 7301676 0 0 0 0 0 12666071 0 0 0 
0 0 0 0 0 0 0 0 0 0 0 0 0 0 0 0 0 0 0 0 0 0 0 3 37058 0 0 2 0 0 90 23 0 7301337 13052220 11174604 0 0 0 12667292 0 0 0 0 
0 0 0 0 0 0 0 0 0 0 0 0 0 0 0 0 0 0 0 0 0 0 0 3 0 37057 37049 0 0 90 0 0 23 24229746 7303453 0 0 0 0 0 12666071 0 0 0 
0 0 0 0 0 0 0 0 0 0 0 0 0 0 0 0 0 0 0 0 0 0 0 3 37058 0 0 2 0 0 90 23 0 7303114 13052220 11174604 0 0 0 12667292 0 0 0 0 
0 0 0 0 0 0 0 0 0 0 0 0 0 0 0 0 0 0 0 0 0 0 0 3 0 37057 37049 0 0 90 0 0 23 24229746 7303504 0 0 0 0 0 12666071 0 0 0 
0 0 0 0 0 0 0 0 0 0 0 0 0 0 0 0 0 0 0 0 0 0 0 3 37058 0 0 2 0 0 90 23 0 7303165 13052220 11174604 0 0 0 12667292 0 0 0 0 
0 0 0 0 0 0 0 0 0 0 0 0 0 0 0 0 0 0 0 0 0 0 0 3 0 37057 37049 0 0 90 0 0 23 24229746 7303504 0 0 0 0 0 12666071 0 0 0 
0 0 0 0 0 0 0 0 0 0 0 0 0 0 0 0 0 0 0 0 0 0 0 3 37058 0 0 2 0 0 90 23 0 7303165 13052220 11174604 0 0 0 12667292 0 0 0 0 
0 0 0 0 0 0 0 0 0 0 0 0 0 0 0 0 0 0 0 0 0 0 0 3 0 37057 37049 0 0 90 0 0 23 24229746 7303504 0 0 0 0 0 12666071 0 0 0 
0 0 0 0 0 0 0 0 0 0 0 0 0 0 0 0 0 0 0 0 0 0 0 3 37058 0 0 2 0 0 90 23 0 7303165 13052220 11174604 0 0 0 12667292 0 0 0 0 
0 0 0 0 0 0 0 0 0 0 0 0 0 0 0 0 0 0 0 0 0 0 0 3 0 37057 37049 0 0 90 0 0 23 24229746 7303504 0 0 0 0 0 12666071 0 0 0 
0 0 0 0 0 0 0 0 0 0 0 0 0 0 0 0 0 0 0 0 0 0 0 3 37058 0 0 2 0 0 90 23 0 7303165 13052220 11174604 0 0 0 12667292 0 0 0 0 
0 0 0 0 0 0 0 0 0 0 0 0 0 0 0 0 0 0 0 0 0 0 0 3 0 37057 37049 0 0 90 0 0 23 24229746 7303504 0 0 0 0 0 12666071 0 0 0 
0 0 0 0 0 0 0 0 0 0 0 0 0 0 0 0 0 0 0 0 0 0 0 3 37058 0 0 2 0 0 90 23 0 7303165 13052220 11174604 0 0 0 12667292 0 0 0 0 
0 0 0 0 0 0 0 0 0 0 0 0 0 0 0 0 0 0 0 0 0 0 0 3 0 37057 37049 0 0 90 0 0 23 24229746 7303504 0 0 0 0 0 12666071 0 0 0 
0 0 0 0 0 0 0 0 0 0 0 0 0 0 0 0 0 0 0 0 0 0 0 3 37058 0 0 2 0 0 90 23 0 7303165 13052220 11174604 0 0 0 12667292 0 0 0 0 
0 0 0 0 0 0 0 0 0 0 0 0 0 0 0 0 0 0 0 0 0 0 0 3 0 37057 37049 0 0 90 0 0 23 24229746 7303504 0 0 0 0 0 12666071 0 0 0 
0 0 0 0 0 0 0 0 0 0 0 0 0 0 0 0 0 0 0 0 0 0 0 3 37058 0 0 2 0 0 90 23 0 7303165 13052220 11174604 0 0 0 12667292 0 0 0 0 
0 0 0 0 0 0 0 0 0 0 0 0 0 0 0 0 0 0 0 0 0 0 0 3 0 37057 37049 0 0 90 0 0 23 24229746 7303504 0 0 0 0 0 12666071 0 0 0 
0 0 0 0 0 0 0 0 0 0 0 0 0 0 0 0 0 0 0 0 0 0 0 3 37058 0 0 2 0 0 90 23 0 7303165 13052220 11174604 0 0 0 12667292 0 0 0 0 
0 0 0 0 0 0 0 0 0 0 0 0 0 0 0 0 0 0 0 0 0 0 0 3 0 37057 37049 0 0 90 0 0 23 24229746 7303504 0 0 0 0 0 12666071 0 0 0 
0 0 0 0 0 0 0 0 0 0 0 0 0 0 0 0 0 0 0 0 0 0 0 3 37058 0 0 2 0 0 90 23 0 7303165 13052220 11174604 0 0 0 12667292 0 0 0 0 
<====
0 0 0 0 0 0 0 0 0 0 0 0 0 0 0 0 0 0 0 0 0 0 0 3 0 37057 37049 0 0 90 0 0 26 24229746 7303504 0 0 0 0 0 12666072 0 0 0 
0 0 0 0 0 0 0 0 0 0 0 0 0 0 0 0 0 0 0 0 0 0 0 3 37058 0 0 3 0 0 90 26 0 7303165 13052220 11174604 0 0 0 12667293 0 0 0 0 
0 0 0 0 0 0 0 0 0 0 0 0 0 0 0 0 0 0 0 0 0 0 0 3 0 37057 37049 0 0 90 0 0 26 24229746 7303504 0 0 0 0 0 12666072 0 0 0 
0 0 0 0 0 0 0 0 0 0 0 0 0 0 0 0 0 0 0 0 0 0 0 3 37058 0 0 3 0 0 90 26 0 7303165 13052220 11174604 0 0 0 12667293 0 0 0 0 
0 0 0 0 0 0 0 0 0 0 0 0 0 0 0 0 0 0 0 0 0 0 0 3 0 37057 37049 0 0 90 0 0 26 24229746 7303504 0 0 0 0 0 12666072 0 0 0 
0 0 0 0 0 0 0 0 0 0 0 0 0 0 0 0 0 0 0 0 0 0 0 3 37058 0 0 3 0 0 90 26 0 7303165 13052220 11174604 0 0 0 12667293 0 0 0 0 
0 0 0 0 0 0 0 0 0 0 0 0 0 0 0 0 0 0 0 0 0 0 0 3 0 37057 37049 0 0 90 0 0 26 24229746 7303504 0 0 0 0 0 12666072 0 0 0 
0 0 0 0 0 0 0 0 0 0 0 0 0 0 0 0 0 0 0 0 0 0 0 3 37058 0 0 3 0 0 90 26 0 7303165 13052220 11174604 0 0 0 12667293 0 0 0 0 
