0 0 0 0 0 0 0 0 0 0 0 0 0 0 0 0 0 0 0 0 0 0 0 3 0 49519 49512 0 0 105 0 0 7 38627682 10771189 0 0 0 0 0 21154559 0 0 0 
0 0 0 0 0 0 0 0 0 0 0 0 0 0 0 0 0 0 0 0 0 0 0 3 49509 0 0 2 0 0 105 7 0 10770732 21781726 16841843 0 0 0 21156558 0 0 0 0 
0 0 0 0 0 0 0 0 0 0 0 0 0 0 0 0 0 0 0 0 0 0 0 3 0 49519 49512 0 0 105 0 0 7 38627682 10771189 0 0 0 0 0 21154559 0 0 0 
0 0 0 0 0 0 0 0 0 0 0 0 0 0 0 0 0 0 0 0 0 0 0 3 49509 0 0 2 0 0 105 7 0 10770732 21781726 16841843 0 0 0 21156558 0 0 0 0 
0 0 0 0 0 0 0 0 0 0 0 0 0 0 0 0 0 0 0 0 0 0 0 3 0 49519 49512 0 0 105 0 0 7 38627682 10771189 0 0 0 0 0 21154559 0 0 0 
0 0 0 0 0 0 0 0 0 0 0 0 0 0 0 0 0 0 0 0 0 0 0 3 49509 0 0 2 0 0 105 7 0 10770732 21781726 16841843 0 0 0 21156558 0 0 0 0 
0 0 0 0 0 0 0 0 0 0 0 0 0 0 0 0 0 0 0 0 0 0 0 3 0 49519 49512 0 0 105 0 0 7 38627682 10771189 0 0 0 0 0 21154559 0 0 0 
0 0 0 0 0 0 0 0 0 0 0 0 0 0 0 0 0 0 0 0 0 0 0 3 49509 0 0 2 0 0 105 7 0 10770732 21781726 16841843 0 0 0 21156558 0 0 0 0 
0 0 0 0 0 0 0 0 0 0 0 0 0 0 0 0 0 0 0 0 0 0 0 3 0 49519 49512 0 0 105 0 0 7 38627682 10771189 0 0 0 0 0 21154559 0 0 0 
0 0 0 0 0 0 0 0 0 0 0 0 0 0 0 0 0 0 0 0 0 0 0 3 49509 0 0 2 0 0 105 7 0 10770732 21781726 16841843 0 0 0 21156558 0 0 0 0 
0 0 0 0 0 0 0 0 0 0 0 0 0 0 0 0 0 0 0 0 0 0 0 3 0 49519 49512 0 0 105 0 0 7 38627682 10771189 0 0 0 0 0 21154559 0 0 0 
0 0 0 0 0 0 0 0 0 0 0 0 0 0 0 0 0 0 0 0 0 0 0 3 49509 0 0 2 0 0 105 7 0 10770732 21781726 16841843 0 0 0 21156558 0 0 0 0 
0 0 0 0 0 0 0 0 0 0 0 0 0 0 0 0 0 0 0 0 0 0 0 3 0 49519 49512 0 0 105 0 0 7 38627682 10771189 0 0 0 0 0 21154559 0 0 0 
0 0 0 0 0 0 0 0 0 0 0 0 0 0 0 0 0 0 0 0 0 0 0 3 49509 0 0 2 0 0 105 7 0 10770732 21781726 16841843 0 0 0 21156558 0 0 0 0 
====>
0 0 0 0 0 0 0 0 0 0 0 0 0 0 0 0 0 0 0 0 0 0 0 3 0 49519 49512 0 0 105 0 0 7 38627682 10771189 0 0 0 0 0 21154559 0 0 0 
0 0 0 0 0 0 0 0 0 0 0 0 0 0 0 0 0 0 0 0 0 0 0 3 49509 0 0 2 0 0 105 7 0 10770732 21781726 16841843 0 0 0 21156558 0 0 0 0 
0 0 0 0 0 0 0 0 0 0 0 0 0 0 0 0 0 0 0 0 0 0 0 3 0 49519 49512 0 0 105 0 0 7 38627682 10771189 0 0 0 0 0 21154559 0 0 0 
0 0 0 0 0 0 0 0 0 0 0 0 0 0 0 0 0 0 0 0 0 0 0 3 49509 0 0 2 0 0 105 7 0 10770732 21781726 16841843 0 0 0 21156558 0 0 0 0 
0 0 0 0 0 0 0 0 0 0 0 0 0 0 0 0 0 0 0 0 0 0 0 3 0 49519 49512 0 0 105 0 0 7 38627682 10771189 0 0 0 0 0 21154559 0 0 0 
0 0 0 0 0 0 0 0 0 0 0 0 0 0 0 0 0 0 0 0 0 0 0 3 49509 0 0 2 0 0 105 7 0 10770732 21781726 16841843 0 0 0 21156558 0 0 0 0 
0 0 0 0 0 0 0 0 0 0 0 0 0 0 0 0 0 0 0 0 0 0 0 3 0 49519 49512 0 0 105 0 0 7 38627682 10771189 0 0 0 0 0 21154559 0 0 0 
0 0 0 0 0 0 0 0 0 0 0 0 0 0 0 0 0 0 0 0 0 0 0 3 49509 0 0 2 0 0 105 7 0 10770732 21781726 16841843 0 0 0 21156558 0 0 0 0 
0 0 0 0 0 0 0 0 0 0 0 0 0 0 0 0 0 0 0 0 0 0 0 3 0 49519 49512 0 0 105 0 0 7 38627682 10771189 0 0 0 0 0 21154559 0 0 0 
0 0 0 0 0 0 0 0 0 0 0 0 0 0 0 0 0 0 0 0 0 0 0 3 49509 0 0 2 0 0 105 7 0 10770732 21781726 16841843 0 0 0 21156558 0 0 0 0 
0 0 0 0 0 0 0 0 0 0 0 0 0 0 0 0 0 0 0 0 0 0 0 3 0 49519 49512 0 0 105 0 0 7 38627682 10771189 0 0 0 0 0 21154559 0 0 0 
0 0 0 0 0 0 0 0 0 0 0 0 0 0 0 0 0 0 0 0 0 0 0 3 49509 0 0 2 0 0 105 7 0 10770732 21781726 16841843 0 0 0 21156558 0 0 0 0 
0 0 0 0 0 0 0 0 0 0 0 0 0 0 0 0 0 0 0 0 0 0 0 3 0 49519 49512 0 0 105 0 0 7 38627682 10771189 0 0 0 0 0 21154559 0 0 0 
0 0 0 0 0 0 0 0 0 0 0 0 0 0 0 0 0 0 0 0 0 0 0 3 49509 0 0 2 0 0 105 7 0 10770732 21781726 16841843 0 0 0 21156558 0 0 0 0 
0 0 0 0 0 0 0 0 0 0 0 0 0 0 0 0 0 0 0 0 0 0 0 3 0 49519 49512 0 0 105 0 0 7 38627682 10771189 0 0 0 0 0 21154559 0 0 0 
0 0 0 0 0 0 0 0 0 0 0 0 0 0 0 0 0 0 0 0 0 0 0 3 49509 0 0 2 0 0 105 7 0 10770732 21781726 16841843 0 0 0 21156558 0 0 0 0 
0 0 0 0 0 0 0 0 0 0 0 0 0 0 0 0 0 0 0 0 0 0 0 3 0 49519 49512 0 0 105 0 0 7 38627682 10771189 0 0 0 0 0 21154559 0 0 0 
0 0 0 0 0 0 0 0 0 0 0 0 0 0 0 0 0 0 0 0 0 0 0 3 49509 0 0 2 0 0 105 7 0 10770732 21781726 16841843 0 0 0 21156558 0 0 0 0 
0 0 0 0 0 0 0 0 0 0 0 0 0 0 0 0 0 0 0 0 0 0 0 3 0 49519 49512 0 0 105 0 0 7 38627682 10771189 0 0 0 0 0 21154559 0 0 0 
0 0 0 0 0 0 0 0 0 0 0 0 0 0 0 0 0 0 0 0 0 0 0 3 49509 0 0 2 0 0 105 7 0 10770732 21781726 16841843 0 0 0 21156558 0 0 0 0 
0 0 0 0 0 0 0 0 0 0 0 0 0 0 0 0 0 0 0 0 0 0 0 3 0 49519 49512 0 0 105 0 0 7 38627682 10771189 0 0 0 0 0 21154559 0 0 0 
0 0 0 0 0 0 0 0 0 0 0 0 0 0 0 0 0 0 0 0 0 0 0 3 49509 0 0 2 0 0 105 7 0 10770732 21781726 16841843 0 0 0 21156558 0 0 0 0 
0 0 0 0 0 0 0 0 0 0 0 0 0 0 0 0 0 0 0 0 0 0 0 3 0 49519 49512 0 0 105 0 0 7 38627682 10771189 0 0 0 0 0 21154559 0 0 0 
0 0 0 0 0 0 0 0 0 0 0 0 0 0 0 0 0 0 0 0 0 0 0 3 49509 0 0 2 0 0 105 7 0 10770732 21781726 16841843 0 0 0 21156558 0 0 0 0 
0 0 0 0 0 0 0 0 0 0 0 0 0 0 0 0 0 0 0 0 0 0 0 3 0 49519 49512 0 0 105 0 0 7 38627682 10771189 0 0 0 0 0 21154559 0 0 0 
0 0 0 0 0 0 0 0 0 0 0 0 0 0 0 0 0 0 0 0 0 0 0 3 49509 0 0 2 0 0 105 7 0 10770732 21781726 16841843 0 0 0 21156558 0 0 0 0 
0 0 0 0 0 0 0 0 0 0 0 0 0 0 0 0 0 0 0 0 0 0 0 3 0 49519 49516 0 0 116 0 0 7 38646417 10771190 0 0 0 0 0 21154559 0 0 0 
0 0 0 0 0 0 0 0 0 0 0 0 0 0 0 0 0 0 0 0 0 0 0 3 49513 0 0 2 0 0 116 7 0 10770733 21800463 16841847 0 0 0 21156558 0 0 0 0 
0 0 0 0 0 0 0 0 0 0 0 0 0 0 0 0 0 0 0 0 0 0 0 3 0 49519 49516 0 0 116 0 0 7 38650488 10771199 0 0 0 0 0 21154559 0 0 0 
0 0 0 0 0 0 0 0 0 0 0 0 0 0 0 0 0 0 0 0 0 0 0 3 49513 0 0 2 0 0 116 7 0 10770742 21804534 16841847 0 0 0 21156558 0 0 0 0 
0 0 0 0 0 0 0 0 0 0 0 0 0 0 0 0 0 0 0 0 0 0 0 3 0 49519 49516 0 0 116 0 0 7 38650498 10771209 0 0 0 0 0 21154559 0 0 0 
0 0 0 0 0 0 0 0 0 0 0 0 0 0 0 0 0 0 0 0 0 0 0 3 49513 0 0 2 0 0 116 7 0 10770752 21804544 16841847 0 0 0 21156558 0 0 0 0 
0 0 0 0 0 0 0 0 0 0 0 0 0 0 0 0 0 0 0 0 0 0 0 3 0 49519 49516 0 0 116 0 0 7 38650508 10771219 0 0 0 0 0 21154559 0 0 0 
0 0 0 0 0 0 0 0 0 0 0 0 0 0 0 0 0 0 0 0 0 0 0 3 49513 0 0 2 0 0 116 7 0 10770762 21804554 16841847 0 0 0 21156558 0 0 0 0 
0 0 0 0 0 0 0 0 0 0 0 0 0 0 0 0 0 0 0 0 0 0 0 3 0 49519 49516 0 0 116 0 0 7 38650518 10771229 0 0 0 0 0 21154559 0 0 0 
0 0 0 0 0 0 0 0 0 0 0 0 0 0 0 0 0 0 0 0 0 0 0 3 49513 0 0 2 0 0 116 7 0 10770772 21804564 16841847 0 0 0 21156558 0 0 0 0 
0 0 0 0 0 0 0 0 0 0 0 0 0 0 0 0 0 0 0 0 0 0 0 3 0 49519 49516 0 0 116 0 0 7 38650528 10771239 0 0 0 0 0 21154559 0 0 0 
0 0 0 0 0 0 0 0 0 0 0 0 0 0 0 0 0 0 0 0 0 0 0 3 49513 0 0 2 0 0 116 7 0 10770782 21804574 16841847 0 0 0 21156558 0 0 0 0 
0 0 0 0 0 0 0 0 0 0 0 0 0 0 0 0 0 0 0 0 0 0 0 3 0 49519 49516 0 0 116 0 0 7 38650538 10771249 0 0 0 0 0 21154559 0 0 0 
0 0 0 0 0 0 0 0 0 0 0 0 0 0 0 0 0 0 0 0 0 0 0 3 49513 0 0 2 0 0 116 7 0 10770792 21804584 16841847 0 0 0 21156558 0 0 0 0 
0 0 0 0 0 0 0 0 0 0 0 0 0 0 0 0 0 0 0 0 0 0 0 3 0 49519 49516 0 0 116 0 0 7 38650548 10771258 0 0 0 0 0 21154559 0 0 0 
0 0 0 0 0 0 0 0 0 0 0 0 0 0 0 0 0 0 0 0 0 0 0 3 49513 0 0 2 0 0 116 7 0 10770801 21804594 16841847 0 0 0 21156558 0 0 0 0 
0 0 0 0 0 0 0 0 0 0 0 0 0 0 0 0 0 0 0 0 0 0 0 3 0 49519 49516 0 0 116 0 0 7 38650558 10771268 0 0 0 0 0 21154559 0 0 0 
0 0 0 0 0 0 0 0 0 0 0 0 0 0 0 0 0 0 0 0 0 0 0 3 49513 0 0 2 0 0 116 7 0 10770811 21804604 16841847 0 0 0 21156558 0 0 0 0 
0 0 0 0 0 0 0 0 0 0 0 0 0 0 0 0 0 0 0 0 0 0 0 3 0 49519 49516 0 0 116 0 0 7 38650568 10771278 0 0 0 0 0 21154559 0 0 0 
0 0 0 0 0 0 0 0 0 0 0 0 0 0 0 0 0 0 0 0 0 0 0 3 49513 0 0 2 0 0 116 7 0 10770821 21804614 16841847 0 0 0 21156558 0 0 0 0 
0 0 0 0 0 0 0 0 0 0 0 0 0 0 0 0 0 0 0 0 0 0 0 3 0 49519 49516 0 0 116 0 0 7 38650578 10771288 0 0 0 0 0 21154559 0 0 0 
0 0 0 0 0 0 0 0 0 0 0 0 0 0 0 0 0 0 0 0 0 0 0 3 49513 0 0 2 0 0 116 7 0 10770831 21804624 16841847 0 0 0 21156558 0 0 0 0 
0 0 0 0 0 0 0 0 0 0 0 0 0 0 0 0 0 0 0 0 0 0 0 3 0 49519 49516 0 0 116 0 0 7 38650586 10771297 0 0 0 0 0 21154559 0 0 0 
0 0 0 0 0 0 0 0 0 0 0 0 0 0 0 0 0 0 0 0 0 0 0 3 49513 0 0 2 0 0 116 7 0 10770840 21804632 16841847 0 0 0 21156558 0 0 0 0 
0 0 0 0 0 0 0 0 0 0 0 0 0 0 0 0 0 0 0 0 0 0 0 3 0 49519 49516 0 0 116 0 0 7 38650596 10771307 0 0 0 0 0 21154559 0 0 0 
0 0 0 0 0 0 0 0 0 0 0 0 0 0 0 0 0 0 0 0 0 0 0 3 49513 0 0 2 0 0 116 7 0 10770850 21804642 16841847 0 0 0 21156558 0 0 0 0 
0 0 0 0 0 0 0 0 0 0 0 0 0 0 0 0 0 0 0 0 0 0 0 3 0 49519 49516 0 0 116 0 0 7 38650606 10771317 0 0 0 0 0 21154559 0 0 0 
0 0 0 0 0 0 0 0 0 0 0 0 0 0 0 0 0 0 0 0 0 0 0 3 49513 0 0 2 0 0 116 7 0 10770860 21804652 16841847 0 0 0 21156558 0 0 0 0 
0 0 0 0 0 0 0 0 0 0 0 0 0 0 0 0 0 0 0 0 0 0 0 3 0 49519 49516 0 0 116 0 0 7 38650616 10771327 0 0 0 0 0 21154559 0 0 0 
0 0 0 0 0 0 0 0 0 0 0 0 0 0 0 0 0 0 0 0 0 0 0 3 49513 0 0 2 0 0 116 7 0 10770870 21804662 16841847 0 0 0 21156558 0 0 0 0 
0 0 0 0 0 0 0 0 0 0 0 0 0 0 0 0 0 0 0 0 0 0 0 3 0 49519 49516 0 0 116 0 0 7 38650626 10771337 0 0 0 0 0 21154559 0 0 0 
0 0 0 0 0 0 0 0 0 0 0 0 0 0 0 0 0 0 0 0 0 0 0 3 49513 0 0 2 0 0 116 7 0 10770880 21804672 16841847 0 0 0 21156558 0 0 0 0 
0 0 0 0 0 0 0 0 0 0 0 0 0 0 0 0 0 0 0 0 0 0 0 3 0 49519 49516 0 0 116 0 0 7 38650636 10771347 0 0 0 0 0 21154559 0 0 0 
0 0 0 0 0 0 0 0 0 0 0 0 0 0 0 0 0 0 0 0 0 0 0 3 49513 0 0 2 0 0 116 7 0 10770890 21804682 16841847 0 0 0 21156558 0 0 0 0 
0 0 0 0 0 0 0 0 0 0 0 0 0 0 0 0 0 0 0 0 0 0 0 3 0 49519 49516 0 0 116 0 0 7 38650646 10771357 0 0 0 0 0 21154559 0 0 0 
0 0 0 0 0 0 0 0 0 0 0 0 0 0 0 0 0 0 0 0 0 0 0 3 49513 0 0 2 0 0 116 7 0 10770900 21804692 16841847 0 0 0 21156558 0 0 0 0 
0 0 0 0 0 0 0 0 0 0 0 0 0 0 0 0 0 0 0 0 0 0 0 3 0 49519 49516 0 0 116 0 0 7 38650656 10771366 0 0 0 0 0 21154559 0 0 0 
0 0 0 0 0 0 0 0 0 0 0 0 0 0 0 0 0 0 0 0 0 0 0 3 49513 0 0 2 0 0 116 7 0 10770909 21804702 16841847 0 0 0 21156558 0 0 0 0 
0 0 0 0 0 0 0 0 0 0 0 0 0 0 0 0 0 0 0 0 0 0 0 3 0 49519 49516 0 0 116 0 0 7 38650666 10771376 0 0 0 0 0 21154559 0 0 0 
0 0 0 0 0 0 0 0 0 0 0 0 0 0 0 0 0 0 0 0 0 0 0 3 49513 0 0 2 0 0 116 7 0 10770919 21804712 16841847 0 0 0 21156558 0 0 0 0 
0 0 0 0 0 0 0 0 0 0 0 0 0 0 0 0 0 0 0 0 0 0 0 3 0 49519 49516 0 0 116 0 0 7 38650676 10771386 0 0 0 0 0 21154559 0 0 0 
0 0 0 0 0 0 0 0 0 0 0 0 0 0 0 0 0 0 0 0 0 0 0 3 49513 0 0 2 0 0 116 7 0 10770929 21804722 16841847 0 0 0 21156558 0 0 0 0 
0 0 0 0 0 0 0 0 0 0 0 0 0 0 0 0 0 0 0 0 0 0 0 3 0 49523 49516 0 0 116 0 0 15 38650676 10771391 0 0 0 0 0 21154564 0 0 0 
0 0 0 0 0 0 0 0 0 0 0 0 0 0 0 0 0 0 0 0 0 0 0 3 49513 0 0 2 0 0 116 15 0 10770934 21804722 16841847 0 0 0 21156563 0 0 0 0 
0 0 0 0 0 0 0 0 0 0 0 0 0 0 0 0 0 0 0 0 0 0 0 3 0 49523 49516 0 0 116 0 0 15 38650676 10771391 0 0 0 0 0 21154564 0 0 0 
0 0 0 0 0 0 0 0 0 0 0 0 0 0 0 0 0 0 0 0 0 0 0 3 49513 0 0 2 0 0 116 15 0 10770934 21804722 16841847 0 0 0 21156563 0 0 0 0 
0 0 0 0 0 0 0 0 0 0 0 0 0 0 0 0 0 0 0 0 0 0 0 3 0 49523 49516 0 0 116 0 0 15 38650676 10771845 0 0 0 0 0 21154564 0 0 0 
0 0 0 0 0 0 0 0 0 0 0 0 0 0 0 0 0 0 0 0 0 0 0 3 49513 0 0 2 0 0 116 15 0 10771388 21804722 16841847 0 0 0 21156563 0 0 0 0 
0 0 0 0 0 0 0 0 0 0 0 0 0 0 0 0 0 0 0 0 0 0 0 3 0 49523 49516 0 0 116 0 0 15 38650676 10773320 0 0 0 0 0 21154564 0 0 0 
0 0 0 0 0 0 0 0 0 0 0 0 0 0 0 0 0 0 0 0 0 0 0 3 49513 0 0 2 0 0 116 15 0 10772863 21804722 16841847 0 0 0 21156563 0 0 0 0 
0 0 0 0 0 0 0 0 0 0 0 0 0 0 0 0 0 0 0 0 0 0 0 3 0 49523 49516 0 0 116 0 0 15 38650676 10774646 0 0 0 0 0 21154564 0 0 0 
0 0 0 0 0 0 0 0 0 0 0 0 0 0 0 0 0 0 0 0 0 0 0 3 49513 0 0 2 0 0 116 15 0 10774189 21804722 16841847 0 0 0 21156563 0 0 0 0 
0 0 0 0 0 0 0 0 0 0 0 0 0 0 0 0 0 0 0 0 0 0 0 3 0 49523 49516 0 0 116 0 0 15 38650676 10774646 0 0 0 0 0 21154564 0 0 0 
0 0 0 0 0 0 0 0 0 0 0 0 0 0 0 0 0 0 0 0 0 0 0 3 49513 0 0 2 0 0 116 15 0 10774189 21804722 16841847 0 0 0 21156563 0 0 0 0 
0 0 0 0 0 0 0 0 0 0 0 0 0 0 0 0 0 0 0 0 0 0 0 3 0 49523 49516 0 0 116 0 0 15 38650676 10774646 0 0 0 0 0 21154564 0 0 0 
0 0 0 0 0 0 0 0 0 0 0 0 0 0 0 0 0 0 0 0 0 0 0 3 49513 0 0 2 0 0 116 15 0 10774189 21804722 16841847 0 0 0 21156563 0 0 0 0 
0 0 0 0 0 0 0 0 0 0 0 0 0 0 0 0 0 0 0 0 0 0 0 3 0 49523 49516 0 0 116 0 0 15 38650676 10774646 0 0 0 0 0 21154564 0 0 0 
0 0 0 0 0 0 0 0 0 0 0 0 0 0 0 0 0 0 0 0 0 0 0 3 49513 0 0 2 0 0 116 15 0 10774189 21804722 16841847 0 0 0 21156563 0 0 0 0 
0 0 0 0 0 0 0 0 0 0 0 0 0 0 0 0 0 0 0 0 0 0 0 3 0 49523 49516 0 0 116 0 0 15 38650676 10774646 0 0 0 0 0 21154564 0 0 0 
0 0 0 0 0 0 0 0 0 0 0 0 0 0 0 0 0 0 0 0 0 0 0 3 49513 0 0 2 0 0 116 15 0 10774189 21804722 16841847 0 0 0 21156563 0 0 0 0 
0 0 0 0 0 0 0 0 0 0 0 0 0 0 0 0 0 0 0 0 0 0 0 3 0 49523 49516 0 0 116 0 0 15 38650676 10774646 0 0 0 0 0 21154564 0 0 0 
0 0 0 0 0 0 0 0 0 0 0 0 0 0 0 0 0 0 0 0 0 0 0 3 49513 0 0 2 0 0 116 15 0 10774189 21804722 16841847 0 0 0 21156563 0 0 0 0 
0 0 0 0 0 0 0 0 0 0 0 0 0 0 0 0 0 0 0 0 0 0 0 3 0 49523 49516 0 0 116 0 0 15 38650676 10774646 0 0 0 0 0 21154564 0 0 0 
0 0 0 0 0 0 0 0 0 0 0 0 0 0 0 0 0 0 0 0 0 0 0 3 49513 0 0 2 0 0 116 15 0 10774189 21804722 16841847 0 0 0 21156563 0 0 0 0 
0 0 0 0 0 0 0 0 0 0 0 0 0 0 0 0 0 0 0 0 0 0 0 3 0 49523 49516 0 0 116 0 0 15 38650676 10774646 0 0 0 0 0 21154564 0 0 0 
0 0 0 0 0 0 0 0 0 0 0 0 0 0 0 0 0 0 0 0 0 0 0 3 49513 0 0 2 0 0 116 15 0 10774189 21804722 16841847 0 0 0 21156563 0 0 0 0 
0 0 0 0 0 0 0 0 0 0 0 0 0 0 0 0 0 0 0 0 0 0 0 3 0 49523 49516 0 0 116 0 0 15 38650676 10774646 0 0 0 0 0 21154564 0 0 0 
0 0 0 0 0 0 0 0 0 0 0 0 0 0 0 0 0 0 0 0 0 0 0 3 49513 0 0 2 0 0 116 15 0 10774189 21804722 16841847 0 0 0 21156563 0 0 0 0 
0 0 0 0 0 0 0 0 0 0 0 0 0 0 0 0 0 0 0 0 0 0 0 3 0 49523 49516 0 0 116 0 0 15 38650676 10774646 0 0 0 0 0 21154564 0 0 0 
0 0 0 0 0 0 0 0 0 0 0 0 0 0 0 0 0 0 0 0 0 0 0 3 49513 0 0 2 0 0 116 15 0 10774189 21804722 16841847 0 0 0 21156563 0 0 0 0 
0 0 0 0 0 0 0 0 0 0 0 0 0 0 0 0 0 0 0 0 0 0 0 3 0 49523 49516 0 0 116 0 0 15 38650676 10774646 0 0 0 0 0 21154564 0 0 0 
0 0 0 0 0 0 0 0 0 0 0 0 0 0 0 0 0 0 0 0 0 0 0 3 49513 0 0 2 0 0 116 15 0 10774189 21804722 16841847 0 0 0 21156563 0 0 0 0 
0 0 0 0 0 0 0 0 0 0 0 0 0 0 0 0 0 0 0 0 0 0 0 3 0 49523 49516 0 0 116 0 0 15 38650676 10774646 0 0 0 0 0 21154564 0 0 0 
0 0 0 0 0 0 0 0 0 0 0 0 0 0 0 0 0 0 0 0 0 0 0 3 49513 0 0 2 0 0 116 15 0 10774189 21804722 16841847 0 0 0 21156563 0 0 0 0 
0 0 0 0 0 0 0 0 0 0 0 0 0 0 0 0 0 0 0 0 0 0 0 3 0 49523 49516 0 0 116 0 0 15 38650676 10774646 0 0 0 0 0 21154564 0 0 0 
0 0 0 0 0 0 0 0 0 0 0 0 0 0 0 0 0 0 0 0 0 0 0 3 49513 0 0 2 0 0 116 15 0 10774189 21804722 16841847 0 0 0 21156563 0 0 0 0 
<====
0 0 0 0 0 0 0 0 0 0 0 0 0 0 0 0 0 0 0 0 0 0 0 3 0 49523 49516 0 0 116 0 0 18 38650676 10774646 0 0 0 0 0 21154565 0 0 0 
0 0 0 0 0 0 0 0 0 0 0 0 0 0 0 0 0 0 0 0 0 0 0 3 49513 0 0 3 0 0 116 18 0 10774189 21804722 16841847 0 0 0 21156564 0 0 0 0 
0 0 0 0 0 0 0 0 0 0 0 0 0 0 0 0 0 0 0 0 0 0 0 3 0 49523 49516 0 0 116 0 0 18 38650676 10774646 0 0 0 0 0 21154565 0 0 0 
0 0 0 0 0 0 0 0 0 0 0 0 0 0 0 0 0 0 0 0 0 0 0 3 49513 0 0 3 0 0 116 18 0 10774189 21804722 16841847 0 0 0 21156564 0 0 0 0 
0 0 0 0 0 0 0 0 0 0 0 0 0 0 0 0 0 0 0 0 0 0 0 3 0 49523 49516 0 0 116 0 0 18 38650676 10774646 0 0 0 0 0 21154565 0 0 0 
0 0 0 0 0 0 0 0 0 0 0 0 0 0 0 0 0 0 0 0 0 0 0 3 49513 0 0 3 0 0 116 18 0 10774189 21804722 16841847 0 0 0 21156564 0 0 0 0 
0 0 0 0 0 0 0 0 0 0 0 0 0 0 0 0 0 0 0 0 0 0 0 3 0 49523 49516 0 0 116 0 0 18 38650676 10774646 0 0 0 0 0 21154565 0 0 0 
0 0 0 0 0 0 0 0 0 0 0 0 0 0 0 0 0 0 0 0 0 0 0 3 49513 0 0 3 0 0 116 18 0 10774189 21804722 16841847 0 0 0 21156564 0 0 0 0 
