0 0 0 0 0 0 0 0 0 0 0 0 0 0 0 0 0 0 0 0 0 0 0 3 0 24575 24572 0 0 41 0 0 0 13903727 4368885 0 0 0 0 0 7184149 0 0 0 
0 0 0 0 0 0 0 0 0 0 0 0 0 0 0 0 0 0 0 0 0 0 0 3 24578 0 0 0 0 0 41 0 0 4368544 7340839 6561077 0 0 0 7184767 0 0 0 0 
0 0 0 0 0 0 0 0 0 0 0 0 0 0 0 0 0 0 0 0 0 0 0 3 0 24575 24572 0 0 41 0 0 0 13903727 4368885 0 0 0 0 0 7184149 0 0 0 
0 0 0 0 0 0 0 0 0 0 0 0 0 0 0 0 0 0 0 0 0 0 0 3 24578 0 0 0 0 0 41 0 0 4368544 7340839 6561077 0 0 0 7184767 0 0 0 0 
0 0 0 0 0 0 0 0 0 0 0 0 0 0 0 0 0 0 0 0 0 0 0 3 0 24575 24572 0 0 41 0 0 0 13903727 4368885 0 0 0 0 0 7184149 0 0 0 
0 0 0 0 0 0 0 0 0 0 0 0 0 0 0 0 0 0 0 0 0 0 0 3 24578 0 0 0 0 0 41 0 0 4368544 7340839 6561077 0 0 0 7184767 0 0 0 0 
0 0 0 0 0 0 0 0 0 0 0 0 0 0 0 0 0 0 0 0 0 0 0 3 0 24575 24572 0 0 41 0 0 0 13903727 4368885 0 0 0 0 0 7184149 0 0 0 
0 0 0 0 0 0 0 0 0 0 0 0 0 0 0 0 0 0 0 0 0 0 0 3 24578 0 0 0 0 0 41 0 0 4368544 7340839 6561077 0 0 0 7184767 0 0 0 0 
0 0 0 0 0 0 0 0 0 0 0 0 0 0 0 0 0 0 0 0 0 0 0 3 0 24575 24572 0 0 41 0 0 0 13903727 4368885 0 0 0 0 0 7184149 0 0 0 
0 0 0 0 0 0 0 0 0 0 0 0 0 0 0 0 0 0 0 0 0 0 0 3 24578 0 0 0 0 0 41 0 0 4368544 7340839 6561077 0 0 0 7184767 0 0 0 0 
0 0 0 0 0 0 0 0 0 0 0 0 0 0 0 0 0 0 0 0 0 0 0 3 0 24575 24572 0 0 41 0 0 0 13903727 4368885 0 0 0 0 0 7184149 0 0 0 
0 0 0 0 0 0 0 0 0 0 0 0 0 0 0 0 0 0 0 0 0 0 0 3 24578 0 0 0 0 0 41 0 0 4368544 7340839 6561077 0 0 0 7184767 0 0 0 0 
0 0 0 0 0 0 0 0 0 0 0 0 0 0 0 0 0 0 0 0 0 0 0 3 0 24575 24572 0 0 41 0 0 0 13903727 4368885 0 0 0 0 0 7184149 0 0 0 
0 0 0 0 0 0 0 0 0 0 0 0 0 0 0 0 0 0 0 0 0 0 0 3 24578 0 0 0 0 0 41 0 0 4368544 7340839 6561077 0 0 0 7184767 0 0 0 0 
0 0 0 0 0 0 0 0 0 0 0 0 0 0 0 0 0 0 0 0 0 0 0 3 0 24575 24572 0 0 41 0 0 0 13903727 4368885 0 0 0 0 0 7184149 0 0 0 
0 0 0 0 0 0 0 0 0 0 0 0 0 0 0 0 0 0 0 0 0 0 0 3 24578 0 0 0 0 0 41 0 0 4368544 7340839 6561077 0 0 0 7184767 0 0 0 0 
0 0 0 0 0 0 0 0 0 0 0 0 0 0 0 0 0 0 0 0 0 0 0 3 0 24575 24572 0 0 41 0 0 0 13903727 4368885 0 0 0 0 0 7184149 0 0 0 
0 0 0 0 0 0 0 0 0 0 0 0 0 0 0 0 0 0 0 0 0 0 0 3 24578 0 0 0 0 0 41 0 0 4368544 7340839 6561077 0 0 0 7184767 0 0 0 0 
0 0 0 0 0 0 0 0 0 0 0 0 0 0 0 0 0 0 0 0 0 0 0 3 0 24575 24572 0 0 41 0 0 0 13903727 4368885 0 0 0 0 0 7184149 0 0 0 
0 0 0 0 0 0 0 0 0 0 0 0 0 0 0 0 0 0 0 0 0 0 0 3 24578 0 0 0 0 0 41 0 0 4368544 7340839 6561077 0 0 0 7184767 0 0 0 0 
0 0 0 0 0 0 0 0 0 0 0 0 0 0 0 0 0 0 0 0 0 0 0 3 0 24575 24572 0 0 41 0 0 0 13903727 4368885 0 0 0 0 0 7184149 0 0 0 
0 0 0 0 0 0 0 0 0 0 0 0 0 0 0 0 0 0 0 0 0 0 0 3 24578 0 0 0 0 0 41 0 0 4368544 7340839 6561077 0 0 0 7184767 0 0 0 0 
0 0 0 0 0 0 0 0 0 0 0 0 0 0 0 0 0 0 0 0 0 0 0 3 0 24575 24572 0 0 41 0 0 0 13903727 4368885 0 0 0 0 0 7184149 0 0 0 
0 0 0 0 0 0 0 0 0 0 0 0 0 0 0 0 0 0 0 0 0 0 0 3 24578 0 0 0 0 0 41 0 0 4368544 7340839 6561077 0 0 0 7184767 0 0 0 0 
0 0 0 0 0 0 0 0 0 0 0 0 0 0 0 0 0 0 0 0 0 0 0 3 0 24575 24572 0 0 41 0 0 0 13903727 4368885 0 0 0 0 0 7184149 0 0 0 
0 0 0 0 0 0 0 0 0 0 0 0 0 0 0 0 0 0 0 0 0 0 0 3 24578 0 0 0 0 0 41 0 0 4368544 7340839 6561077 0 0 0 7184767 0 0 0 0 
0 0 0 0 0 0 0 0 0 0 0 0 0 0 0 0 0 0 0 0 0 0 0 3 0 24575 24572 0 0 41 0 0 0 13903727 4368885 0 0 0 0 0 7184149 0 0 0 
0 0 0 0 0 0 0 0 0 0 0 0 0 0 0 0 0 0 0 0 0 0 0 3 24578 0 0 0 0 0 41 0 0 4368544 7340839 6561077 0 0 0 7184767 0 0 0 0 
0 0 0 0 0 0 0 0 0 0 0 0 0 0 0 0 0 0 0 0 0 0 0 3 0 24575 24572 0 0 41 0 0 0 13903727 4368885 0 0 0 0 0 7184149 0 0 0 
0 0 0 0 0 0 0 0 0 0 0 0 0 0 0 0 0 0 0 0 0 0 0 3 24578 0 0 0 0 0 41 0 0 4368544 7340839 6561077 0 0 0 7184767 0 0 0 0 
0 0 0 0 0 0 0 0 0 0 0 0 0 0 0 0 0 0 0 0 0 0 0 3 0 24575 24572 0 0 41 0 0 0 13903727 4368885 0 0 0 0 0 7184149 0 0 0 
0 0 0 0 0 0 0 0 0 0 0 0 0 0 0 0 0 0 0 0 0 0 0 3 24578 0 0 0 0 0 41 0 0 4368544 7340839 6561077 0 0 0 7184767 0 0 0 0 
0 0 0 0 0 0 0 0 0 0 0 0 0 0 0 0 0 0 0 0 0 0 0 3 0 24575 24572 0 0 41 0 0 0 13903727 4368885 0 0 0 0 0 7184149 0 0 0 
0 0 0 0 0 0 0 0 0 0 0 0 0 0 0 0 0 0 0 0 0 0 0 3 24578 0 0 0 0 0 41 0 0 4368544 7340839 6561077 0 0 0 7184767 0 0 0 0 
0 0 0 0 0 0 0 0 0 0 0 0 0 0 0 0 0 0 0 0 0 0 0 3 0 24575 24572 0 0 41 0 0 0 13903727 4368885 0 0 0 0 0 7184149 0 0 0 
0 0 0 0 0 0 0 0 0 0 0 0 0 0 0 0 0 0 0 0 0 0 0 3 24578 0 0 0 0 0 41 0 0 4368544 7340839 6561077 0 0 0 7184767 0 0 0 0 
0 0 0 0 0 0 0 0 0 0 0 0 0 0 0 0 0 0 0 0 0 0 0 3 0 24575 24572 0 0 41 0 0 0 13903727 4368885 0 0 0 0 0 7184149 0 0 0 
0 0 0 0 0 0 0 0 0 0 0 0 0 0 0 0 0 0 0 0 0 0 0 3 24578 0 0 0 0 0 41 0 0 4368544 7340839 6561077 0 0 0 7184767 0 0 0 0 
0 0 0 0 0 0 0 0 0 0 0 0 0 0 0 0 0 0 0 0 0 0 0 3 0 24575 24572 0 0 41 0 0 0 13903727 4368885 0 0 0 0 0 7184149 0 0 0 
0 0 0 0 0 0 0 0 0 0 0 0 0 0 0 0 0 0 0 0 0 0 0 3 24578 0 0 0 0 0 41 0 0 4368544 7340839 6561077 0 0 0 7184767 0 0 0 0 
0 0 0 0 0 0 0 0 0 0 0 0 0 0 0 0 0 0 0 0 0 0 0 3 0 24575 24572 0 0 41 0 0 0 13903727 4368885 0 0 0 0 0 7184149 0 0 0 
0 0 0 0 0 0 0 0 0 0 0 0 0 0 0 0 0 0 0 0 0 0 0 3 24578 0 0 0 0 0 41 0 0 4368544 7340839 6561077 0 0 0 7184767 0 0 0 0 
0 0 0 0 0 0 0 0 0 0 0 0 0 0 0 0 0 0 0 0 0 0 0 3 0 24575 24572 0 0 41 0 0 0 13903727 4368885 0 0 0 0 0 7184149 0 0 0 
0 0 0 0 0 0 0 0 0 0 0 0 0 0 0 0 0 0 0 0 0 0 0 3 24578 0 0 0 0 0 41 0 0 4368544 7340839 6561077 0 0 0 7184767 0 0 0 0 
0 0 0 0 0 0 0 0 0 0 0 0 0 0 0 0 0 0 0 0 0 0 0 3 0 24575 24572 0 0 41 0 0 0 13903727 4368885 0 0 0 0 0 7184149 0 0 0 
0 0 0 0 0 0 0 0 0 0 0 0 0 0 0 0 0 0 0 0 0 0 0 3 24578 0 0 0 0 0 41 0 0 4368544 7340839 6561077 0 0 0 7184767 0 0 0 0 
0 0 0 0 0 0 0 0 0 0 0 0 0 0 0 0 0 0 0 0 0 0 0 3 0 24575 24572 0 0 41 0 0 0 13903727 4368885 0 0 0 0 0 7184149 0 0 0 
0 0 0 0 0 0 0 0 0 0 0 0 0 0 0 0 0 0 0 0 0 0 0 3 24578 0 0 0 0 0 41 0 0 4368544 7340839 6561077 0 0 0 7184767 0 0 0 0 
0 0 0 0 0 0 0 0 0 0 0 0 0 0 0 0 0 0 0 0 0 0 0 3 0 24575 24572 0 0 41 0 0 0 13903727 4368885 0 0 0 0 0 7184149 0 0 0 
0 0 0 0 0 0 0 0 0 0 0 0 0 0 0 0 0 0 0 0 0 0 0 3 24578 0 0 0 0 0 41 0 0 4368544 7340839 6561077 0 0 0 7184767 0 0 0 0 
0 0 0 0 0 0 0 0 0 0 0 0 0 0 0 0 0 0 0 0 0 0 0 3 0 24575 24572 0 0 41 0 0 0 13903727 4368885 0 0 0 0 0 7184149 0 0 0 
0 0 0 0 0 0 0 0 0 0 0 0 0 0 0 0 0 0 0 0 0 0 0 3 24578 0 0 0 0 0 41 0 0 4368544 7340839 6561077 0 0 0 7184767 0 0 0 0 
====>
0 0 0 0 0 0 0 0 0 0 0 0 0 0 0 0 0 0 0 0 0 0 0 3 0 24575 24572 0 0 41 0 0 0 13903727 4368885 0 0 0 0 0 7184149 0 0 0 
0 0 0 0 0 0 0 0 0 0 0 0 0 0 0 0 0 0 0 0 0 0 0 3 24578 0 0 0 0 0 41 0 0 4368544 7340839 6561077 0 0 0 7184767 0 0 0 0 
0 0 0 0 0 0 0 0 0 0 0 0 0 0 0 0 0 0 0 0 0 0 0 3 0 24575 24572 0 0 41 0 0 0 13903727 4368885 0 0 0 0 0 7184149 0 0 0 
0 0 0 0 0 0 0 0 0 0 0 0 0 0 0 0 0 0 0 0 0 0 0 3 24578 0 0 0 0 0 41 0 0 4368544 7340839 6561077 0 0 0 7184767 0 0 0 0 
0 0 0 0 0 0 0 0 0 0 0 0 0 0 0 0 0 0 0 0 0 0 0 3 0 24575 24572 0 0 41 0 0 0 13903727 4368885 0 0 0 0 0 7184149 0 0 0 
0 0 0 0 0 0 0 0 0 0 0 0 0 0 0 0 0 0 0 0 0 0 0 3 24578 0 0 0 0 0 41 0 0 4368544 7340839 6561077 0 0 0 7184767 0 0 0 0 
0 0 0 0 0 0 0 0 0 0 0 0 0 0 0 0 0 0 0 0 0 0 0 3 0 24575 24572 0 0 41 0 0 0 13903727 4368885 0 0 0 0 0 7184149 0 0 0 
0 0 0 0 0 0 0 0 0 0 0 0 0 0 0 0 0 0 0 0 0 0 0 3 24578 0 0 0 0 0 41 0 0 4368544 7340839 6561077 0 0 0 7184767 0 0 0 0 
0 0 0 0 0 0 0 0 0 0 0 0 0 0 0 0 0 0 0 0 0 0 0 3 0 24575 24572 0 0 41 0 0 0 13903727 4368885 0 0 0 0 0 7184149 0 0 0 
0 0 0 0 0 0 0 0 0 0 0 0 0 0 0 0 0 0 0 0 0 0 0 3 24578 0 0 0 0 0 41 0 0 4368544 7340839 6561077 0 0 0 7184767 0 0 0 0 
0 0 0 0 0 0 0 0 0 0 0 0 0 0 0 0 0 0 0 0 0 0 0 3 0 24575 24572 0 0 41 0 0 0 13903727 4368885 0 0 0 0 0 7184149 0 0 0 
0 0 0 0 0 0 0 0 0 0 0 0 0 0 0 0 0 0 0 0 0 0 0 3 24578 0 0 0 0 0 41 0 0 4368544 7340839 6561077 0 0 0 7184767 0 0 0 0 
0 0 0 0 0 0 0 0 0 0 0 0 0 0 0 0 0 0 0 0 0 0 0 3 0 24575 24572 0 0 41 0 0 0 13903727 4368885 0 0 0 0 0 7184149 0 0 0 
0 0 0 0 0 0 0 0 0 0 0 0 0 0 0 0 0 0 0 0 0 0 0 3 24578 0 0 0 0 0 41 0 0 4368544 7340839 6561077 0 0 0 7184767 0 0 0 0 
0 0 0 0 0 0 0 0 0 0 0 0 0 0 0 0 0 0 0 0 0 0 0 3 0 24575 24572 0 0 41 0 0 0 13903727 4368885 0 0 0 0 0 7184149 0 0 0 
0 0 0 0 0 0 0 0 0 0 0 0 0 0 0 0 0 0 0 0 0 0 0 3 24578 0 0 0 0 0 41 0 0 4368544 7340839 6561077 0 0 0 7184767 0 0 0 0 
0 0 0 0 0 0 0 0 0 0 0 0 0 0 0 0 0 0 0 0 0 0 0 3 0 24575 24572 0 0 41 0 0 0 13903727 4368885 0 0 0 0 0 7184149 0 0 0 
0 0 0 0 0 0 0 0 0 0 0 0 0 0 0 0 0 0 0 0 0 0 0 3 24578 0 0 0 0 0 41 0 0 4368544 7340839 6561077 0 0 0 7184767 0 0 0 0 
0 0 0 0 0 0 0 0 0 0 0 0 0 0 0 0 0 0 0 0 0 0 0 3 0 24575 24572 0 0 41 0 0 0 13903727 4368885 0 0 0 0 0 7184149 0 0 0 
0 0 0 0 0 0 0 0 0 0 0 0 0 0 0 0 0 0 0 0 0 0 0 3 24578 0 0 0 0 0 41 0 0 4368544 7340839 6561077 0 0 0 7184767 0 0 0 0 
0 0 0 0 0 0 0 0 0 0 0 0 0 0 0 0 0 0 0 0 0 0 0 3 0 24575 24572 0 0 41 0 0 0 13903727 4368885 0 0 0 0 0 7184149 0 0 0 
0 0 0 0 0 0 0 0 0 0 0 0 0 0 0 0 0 0 0 0 0 0 0 3 24578 0 0 0 0 0 41 0 0 4368544 7340839 6561077 0 0 0 7184767 0 0 0 0 
0 0 0 0 0 0 0 0 0 0 0 0 0 0 0 0 0 0 0 0 0 0 0 3 0 24575 24572 0 0 41 0 0 0 13903727 4368885 0 0 0 0 0 7184149 0 0 0 
0 0 0 0 0 0 0 0 0 0 0 0 0 0 0 0 0 0 0 0 0 0 0 3 24578 0 0 0 0 0 41 0 0 4368544 7340839 6561077 0 0 0 7184767 0 0 0 0 
0 0 0 0 0 0 0 0 0 0 0 0 0 0 0 0 0 0 0 0 0 0 0 3 0 24575 24572 0 0 41 0 0 0 13903727 4368885 0 0 0 0 0 7184149 0 0 0 
0 0 0 0 0 0 0 0 0 0 0 0 0 0 0 0 0 0 0 0 0 0 0 3 24578 0 0 0 0 0 41 0 0 4368544 7340839 6561077 0 0 0 7184767 0 0 0 0 
0 0 0 0 0 0 0 0 0 0 0 0 0 0 0 0 0 0 0 0 0 0 0 3 0 24575 24572 0 0 41 0 0 0 13903727 4368885 0 0 0 0 0 7184149 0 0 0 
0 0 0 0 0 0 0 0 0 0 0 0 0 0 0 0 0 0 0 0 0 0 0 3 24578 0 0 0 0 0 41 0 0 4368544 7340839 6561077 0 0 0 7184767 0 0 0 0 
0 0 0 0 0 0 0 0 0 0 0 0 0 0 0 0 0 0 0 0 0 0 0 3 0 24575 24572 0 0 41 0 0 0 13903727 4368885 0 0 0 0 0 7184149 0 0 0 
0 0 0 0 0 0 0 0 0 0 0 0 0 0 0 0 0 0 0 0 0 0 0 3 24578 0 0 0 0 0 41 0 0 4368544 7340839 6561077 0 0 0 7184767 0 0 0 0 
0 0 0 0 0 0 0 0 0 0 0 0 0 0 0 0 0 0 0 0 0 0 0 3 0 24575 24572 0 0 41 0 0 0 13903727 4368885 0 0 0 0 0 7184149 0 0 0 
0 0 0 0 0 0 0 0 0 0 0 0 0 0 0 0 0 0 0 0 0 0 0 3 24578 0 0 0 0 0 41 0 0 4368544 7340839 6561077 0 0 0 7184767 0 0 0 0 
0 0 0 0 0 0 0 0 0 0 0 0 0 0 0 0 0 0 0 0 0 0 0 3 0 24575 24572 0 0 41 0 0 0 13903727 4368885 0 0 0 0 0 7184149 0 0 0 
0 0 0 0 0 0 0 0 0 0 0 0 0 0 0 0 0 0 0 0 0 0 0 3 24578 0 0 0 0 0 41 0 0 4368544 7340839 6561077 0 0 0 7184767 0 0 0 0 
0 0 0 0 0 0 0 0 0 0 0 0 0 0 0 0 0 0 0 0 0 0 0 3 0 24575 24572 0 0 41 0 0 0 13903727 4368885 0 0 0 0 0 7184149 0 0 0 
0 0 0 0 0 0 0 0 0 0 0 0 0 0 0 0 0 0 0 0 0 0 0 3 24578 0 0 0 0 0 41 0 0 4368544 7340839 6561077 0 0 0 7184767 0 0 0 0 
0 0 0 0 0 0 0 0 0 0 0 0 0 0 0 0 0 0 0 0 0 0 0 3 0 24575 24572 0 0 41 0 0 0 13903727 4368885 0 0 0 0 0 7184149 0 0 0 
0 0 0 0 0 0 0 0 0 0 0 0 0 0 0 0 0 0 0 0 0 0 0 3 24578 0 0 0 0 0 41 0 0 4368544 7340839 6561077 0 0 0 7184767 0 0 0 0 
0 0 0 0 0 0 0 0 0 0 0 0 0 0 0 0 0 0 0 0 0 0 0 3 0 24575 24572 0 0 41 0 0 0 13903727 4368885 0 0 0 0 0 7184149 0 0 0 
0 0 0 0 0 0 0 0 0 0 0 0 0 0 0 0 0 0 0 0 0 0 0 3 24578 0 0 0 0 0 41 0 0 4368544 7340839 6561077 0 0 0 7184767 0 0 0 0 
0 0 0 0 0 0 0 0 0 0 0 0 0 0 0 0 0 0 0 0 0 0 0 3 0 24575 24572 0 0 41 0 0 0 13903727 4368885 0 0 0 0 0 7184149 0 0 0 
0 0 0 0 0 0 0 0 0 0 0 0 0 0 0 0 0 0 0 0 0 0 0 3 24578 0 0 0 0 0 41 0 0 4368544 7340839 6561077 0 0 0 7184767 0 0 0 0 
0 0 0 0 0 0 0 0 0 0 0 0 0 0 0 0 0 0 0 0 0 0 0 3 0 24575 24572 0 0 41 0 0 0 13903727 4368885 0 0 0 0 0 7184149 0 0 0 
0 0 0 0 0 0 0 0 0 0 0 0 0 0 0 0 0 0 0 0 0 0 0 3 24578 0 0 0 0 0 41 0 0 4368544 7340839 6561077 0 0 0 7184767 0 0 0 0 
0 0 0 0 0 0 0 0 0 0 0 0 0 0 0 0 0 0 0 0 0 0 0 3 0 24575 24572 0 0 41 0 0 0 13903727 4368885 0 0 0 0 0 7184149 0 0 0 
0 0 0 0 0 0 0 0 0 0 0 0 0 0 0 0 0 0 0 0 0 0 0 3 24578 0 0 0 0 0 41 0 0 4368544 7340839 6561077 0 0 0 7184767 0 0 0 0 
0 0 0 0 0 0 0 0 0 0 0 0 0 0 0 0 0 0 0 0 0 0 0 3 0 24575 24572 0 0 41 0 0 0 13903727 4368885 0 0 0 0 0 7184149 0 0 0 
0 0 0 0 0 0 0 0 0 0 0 0 0 0 0 0 0 0 0 0 0 0 0 3 24578 0 0 0 0 0 41 0 0 4368544 7340839 6561077 0 0 0 7184767 0 0 0 0 
0 0 0 0 0 0 0 0 0 0 0 0 0 0 0 0 0 0 0 0 0 0 0 3 0 24575 24572 0 0 41 0 0 0 13903727 4368885 0 0 0 0 0 7184149 0 0 0 
0 0 0 0 0 0 0 0 0 0 0 0 0 0 0 0 0 0 0 0 0 0 0 3 24578 0 0 0 0 0 41 0 0 4368544 7340839 6561077 0 0 0 7184767 0 0 0 0 
0 0 0 0 0 0 0 0 0 0 0 0 0 0 0 0 0 0 0 0 0 0 0 3 0 24575 24572 0 0 41 0 0 0 13903727 4368885 0 0 0 0 0 7184149 0 0 0 
0 0 0 0 0 0 0 0 0 0 0 0 0 0 0 0 0 0 0 0 0 0 0 3 24578 0 0 0 0 0 41 0 0 4368544 7340839 6561077 0 0 0 7184767 0 0 0 0 
0 0 0 0 0 0 0 0 0 0 0 0 0 0 0 0 0 0 0 0 0 0 0 3 0 24575 24572 0 0 41 0 0 0 13903727 4368885 0 0 0 0 0 7184149 0 0 0 
0 0 0 0 0 0 0 0 0 0 0 0 0 0 0 0 0 0 0 0 0 0 0 3 24578 0 0 0 0 0 41 0 0 4368544 7340839 6561077 0 0 0 7184767 0 0 0 0 
0 0 0 0 0 0 0 0 0 0 0 0 0 0 0 0 0 0 0 0 0 0 0 3 0 24575 24572 0 0 41 0 0 0 13903727 4368885 0 0 0 0 0 7184149 0 0 0 
0 0 0 0 0 0 0 0 0 0 0 0 0 0 0 0 0 0 0 0 0 0 0 3 24578 0 0 0 0 0 41 0 0 4368544 7340839 6561077 0 0 0 7184767 0 0 0 0 
0 0 0 0 0 0 0 0 0 0 0 0 0 0 0 0 0 0 0 0 0 0 0 3 0 24575 24572 0 0 41 0 0 0 13903727 4368885 0 0 0 0 0 7184149 0 0 0 
0 0 0 0 0 0 0 0 0 0 0 0 0 0 0 0 0 0 0 0 0 0 0 3 24578 0 0 0 0 0 41 0 0 4368544 7340839 6561077 0 0 0 7184767 0 0 0 0 
0 0 0 0 0 0 0 0 0 0 0 0 0 0 0 0 0 0 0 0 0 0 0 3 0 24575 24572 0 0 41 0 0 0 13903727 4368885 0 0 0 0 0 7184149 0 0 0 
0 0 0 0 0 0 0 0 0 0 0 0 0 0 0 0 0 0 0 0 0 0 0 3 24578 0 0 0 0 0 41 0 0 4368544 7340839 6561077 0 0 0 7184767 0 0 0 0 
0 0 0 0 0 0 0 0 0 0 0 0 0 0 0 0 0 0 0 0 0 0 0 3 0 24575 24572 0 0 41 0 0 0 13903727 4368885 0 0 0 0 0 7184149 0 0 0 
0 0 0 0 0 0 0 0 0 0 0 0 0 0 0 0 0 0 0 0 0 0 0 3 24578 0 0 0 0 0 41 0 0 4368544 7340839 6561077 0 0 0 7184767 0 0 0 0 
0 0 0 0 0 0 0 0 0 0 0 0 0 0 0 0 0 0 0 0 0 0 0 3 0 24575 24572 0 0 41 0 0 0 13903727 4368885 0 0 0 0 0 7184149 0 0 0 
0 0 0 0 0 0 0 0 0 0 0 0 0 0 0 0 0 0 0 0 0 0 0 3 24578 0 0 0 0 0 41 0 0 4368544 7340839 6561077 0 0 0 7184767 0 0 0 0 
0 0 0 0 0 0 0 0 0 0 0 0 0 0 0 0 0 0 0 0 0 0 0 3 0 24575 24572 0 0 41 0 0 0 13903727 4368885 0 0 0 0 0 7184149 0 0 0 
0 0 0 0 0 0 0 0 0 0 0 0 0 0 0 0 0 0 0 0 0 0 0 3 24578 0 0 0 0 0 41 0 0 4368544 7340839 6561077 0 0 0 7184767 0 0 0 0 
0 0 0 0 0 0 0 0 0 0 0 0 0 0 0 0 0 0 0 0 0 0 0 3 0 24575 24572 0 0 41 0 0 0 13903727 4368885 0 0 0 0 0 7184149 0 0 0 
0 0 0 0 0 0 0 0 0 0 0 0 0 0 0 0 0 0 0 0 0 0 0 3 24578 0 0 0 0 0 41 0 0 4368544 7340839 6561077 0 0 0 7184767 0 0 0 0 
0 0 0 0 0 0 0 0 0 0 0 0 0 0 0 0 0 0 0 0 0 0 0 3 0 24575 24572 0 0 41 0 0 0 13903727 4368885 0 0 0 0 0 7184149 0 0 0 
0 0 0 0 0 0 0 0 0 0 0 0 0 0 0 0 0 0 0 0 0 0 0 3 24578 0 0 0 0 0 41 0 0 4368544 7340839 6561077 0 0 0 7184767 0 0 0 0 
0 0 0 0 0 0 0 0 0 0 0 0 0 0 0 0 0 0 0 0 0 0 0 3 0 24575 24572 0 0 41 0 0 0 13903727 4368885 0 0 0 0 0 7184149 0 0 0 
0 0 0 0 0 0 0 0 0 0 0 0 0 0 0 0 0 0 0 0 0 0 0 3 24578 0 0 0 0 0 41 0 0 4368544 7340839 6561077 0 0 0 7184767 0 0 0 0 
0 0 0 0 0 0 0 0 0 0 0 0 0 0 0 0 0 0 0 0 0 0 0 3 0 24575 24572 0 0 41 0 0 0 13903727 4368885 0 0 0 0 0 7184149 0 0 0 
0 0 0 0 0 0 0 0 0 0 0 0 0 0 0 0 0 0 0 0 0 0 0 3 24578 0 0 0 0 0 41 0 0 4368544 7340839 6561077 0 0 0 7184767 0 0 0 0 
0 0 0 0 0 0 0 0 0 0 0 0 0 0 0 0 0 0 0 0 0 0 0 3 0 24575 24572 0 0 41 0 0 0 13903727 4368885 0 0 0 0 0 7184149 0 0 0 
0 0 0 0 0 0 0 0 0 0 0 0 0 0 0 0 0 0 0 0 0 0 0 3 24578 0 0 0 0 0 41 0 0 4368544 7340839 6561077 0 0 0 7184767 0 0 0 0 
0 0 0 0 0 0 0 0 0 0 0 0 0 0 0 0 0 0 0 0 0 0 0 3 0 24575 24572 0 0 41 0 0 0 13903727 4368885 0 0 0 0 0 7184149 0 0 0 
0 0 0 0 0 0 0 0 0 0 0 0 0 0 0 0 0 0 0 0 0 0 0 3 24578 0 0 0 0 0 41 0 0 4368544 7340839 6561077 0 0 0 7184767 0 0 0 0 
0 0 0 0 0 0 0 0 0 0 0 0 0 0 0 0 0 0 0 0 0 0 0 3 0 24575 24572 0 0 41 0 0 0 13903727 4368885 0 0 0 0 0 7184149 0 0 0 
0 0 0 0 0 0 0 0 0 0 0 0 0 0 0 0 0 0 0 0 0 0 0 3 24578 0 0 0 0 0 41 0 0 4368544 7340839 6561077 0 0 0 7184767 0 0 0 0 
0 0 0 0 0 0 0 0 0 0 0 0 0 0 0 0 0 0 0 0 0 0 0 3 0 24575 24572 0 0 41 0 0 0 13903727 4368885 0 0 0 0 0 7184149 0 0 0 
0 0 0 0 0 0 0 0 0 0 0 0 0 0 0 0 0 0 0 0 0 0 0 3 24578 0 0 0 0 0 41 0 0 4368544 7340839 6561077 0 0 0 7184767 0 0 0 0 
0 0 0 0 0 0 0 0 0 0 0 0 0 0 0 0 0 0 0 0 0 0 0 3 0 24575 24572 0 0 41 0 0 0 13903727 4368885 0 0 0 0 0 7184149 0 0 0 
0 0 0 0 0 0 0 0 0 0 0 0 0 0 0 0 0 0 0 0 0 0 0 3 24578 0 0 0 0 0 41 0 0 4368544 7340839 6561077 0 0 0 7184767 0 0 0 0 
0 0 0 0 0 0 0 0 0 0 0 0 0 0 0 0 0 0 0 0 0 0 0 3 0 24575 24572 0 0 41 0 0 0 13903727 4368885 0 0 0 0 0 7184149 0 0 0 
0 0 0 0 0 0 0 0 0 0 0 0 0 0 0 0 0 0 0 0 0 0 0 3 24578 0 0 0 0 0 41 0 0 4368544 7340839 6561077 0 0 0 7184767 0 0 0 0 
0 0 0 0 0 0 0 0 0 0 0 0 0 0 0 0 0 0 0 0 0 0 0 3 0 24575 24572 0 0 41 0 0 0 13903727 4368885 0 0 0 0 0 7184149 0 0 0 
0 0 0 0 0 0 0 0 0 0 0 0 0 0 0 0 0 0 0 0 0 0 0 3 24578 0 0 0 0 0 41 0 0 4368544 7340839 6561077 0 0 0 7184767 0 0 0 0 
0 0 0 0 0 0 0 0 0 0 0 0 0 0 0 0 0 0 0 0 0 0 0 3 0 24575 24572 0 0 41 0 0 0 13903727 4368885 0 0 0 0 0 7184149 0 0 0 
0 0 0 0 0 0 0 0 0 0 0 0 0 0 0 0 0 0 0 0 0 0 0 3 24578 0 0 0 0 0 41 0 0 4368544 7340839 6561077 0 0 0 7184767 0 0 0 0 
0 0 0 0 0 0 0 0 0 0 0 0 0 0 0 0 0 0 0 0 0 0 0 3 0 24575 24572 0 0 41 0 0 0 13903727 4368885 0 0 0 0 0 7184149 0 0 0 
0 0 0 0 0 0 0 0 0 0 0 0 0 0 0 0 0 0 0 0 0 0 0 3 24578 0 0 0 0 0 41 0 0 4368544 7340839 6561077 0 0 0 7184767 0 0 0 0 
0 0 0 0 0 0 0 0 0 0 0 0 0 0 0 0 0 0 0 0 0 0 0 3 0 24575 24572 0 0 41 0 0 0 13903727 4368885 0 0 0 0 0 7184149 0 0 0 
0 0 0 0 0 0 0 0 0 0 0 0 0 0 0 0 0 0 0 0 0 0 0 3 24578 0 0 0 0 0 41 0 0 4368544 7340839 6561077 0 0 0 7184767 0 0 0 0 
0 0 0 0 0 0 0 0 0 0 0 0 0 0 0 0 0 0 0 0 0 0 0 3 0 24575 24572 0 0 41 0 0 0 13903727 4368885 0 0 0 0 0 7184149 0 0 0 
0 0 0 0 0 0 0 0 0 0 0 0 0 0 0 0 0 0 0 0 0 0 0 3 24578 0 0 0 0 0 41 0 0 4368544 7340839 6561077 0 0 0 7184767 0 0 0 0 
0 0 0 0 0 0 0 0 0 0 0 0 0 0 0 0 0 0 0 0 0 0 0 3 0 24575 24572 0 0 41 0 0 0 13903727 4368885 0 0 0 0 0 7184149 0 0 0 
0 0 0 0 0 0 0 0 0 0 0 0 0 0 0 0 0 0 0 0 0 0 0 3 24578 0 0 0 0 0 41 0 0 4368544 7340839 6561077 0 0 0 7184767 0 0 0 0 
0 0 0 0 0 0 0 0 0 0 0 0 0 0 0 0 0 0 0 0 0 0 0 3 0 24575 24572 0 0 41 0 0 0 13903727 4368885 0 0 0 0 0 7184149 0 0 0 
0 0 0 0 0 0 0 0 0 0 0 0 0 0 0 0 0 0 0 0 0 0 0 3 24578 0 0 0 0 0 41 0 0 4368544 7340839 6561077 0 0 0 7184767 0 0 0 0 
0 0 0 0 0 0 0 0 0 0 0 0 0 0 0 0 0 0 0 0 0 0 0 3 0 24575 24572 0 0 41 0 0 0 13903727 4368885 0 0 0 0 0 7184149 0 0 0 
0 0 0 0 0 0 0 0 0 0 0 0 0 0 0 0 0 0 0 0 0 0 0 3 24578 0 0 0 0 0 41 0 0 4368544 7340839 6561077 0 0 0 7184767 0 0 0 0 
0 0 0 0 0 0 0 0 0 0 0 0 0 0 0 0 0 0 0 0 0 0 0 3 0 24575 24572 0 0 41 0 0 0 13903727 4368885 0 0 0 0 0 7184149 0 0 0 
0 0 0 0 0 0 0 0 0 0 0 0 0 0 0 0 0 0 0 0 0 0 0 3 24578 0 0 0 0 0 41 0 0 4368544 7340839 6561077 0 0 0 7184767 0 0 0 0 
0 0 0 0 0 0 0 0 0 0 0 0 0 0 0 0 0 0 0 0 0 0 0 3 0 24575 24572 0 0 41 0 0 0 13903727 4368885 0 0 0 0 0 7184149 0 0 0 
0 0 0 0 0 0 0 0 0 0 0 0 0 0 0 0 0 0 0 0 0 0 0 3 24578 0 0 0 0 0 41 0 0 4368544 7340839 6561077 0 0 0 7184767 0 0 0 0 
0 0 0 0 0 0 0 0 0 0 0 0 0 0 0 0 0 0 0 0 0 0 0 3 0 24575 24572 0 0 41 0 0 0 13903727 4368885 0 0 0 0 0 7184149 0 0 0 
0 0 0 0 0 0 0 0 0 0 0 0 0 0 0 0 0 0 0 0 0 0 0 3 24578 0 0 0 0 0 41 0 0 4368544 7340839 6561077 0 0 0 7184767 0 0 0 0 
0 0 0 0 0 0 0 0 0 0 0 0 0 0 0 0 0 0 0 0 0 0 0 3 0 24575 24572 0 0 41 0 0 0 13903727 4368885 0 0 0 0 0 7184149 0 0 0 
0 0 0 0 0 0 0 0 0 0 0 0 0 0 0 0 0 0 0 0 0 0 0 3 24578 0 0 0 0 0 41 0 0 4368544 7340839 6561077 0 0 0 7184767 0 0 0 0 
0 0 0 0 0 0 0 0 0 0 0 0 0 0 0 0 0 0 0 0 0 0 0 3 0 24575 24572 0 0 41 0 0 0 13903727 4368885 0 0 0 0 0 7184149 0 0 0 
0 0 0 0 0 0 0 0 0 0 0 0 0 0 0 0 0 0 0 0 0 0 0 3 24578 0 0 0 0 0 41 0 0 4368544 7340839 6561077 0 0 0 7184767 0 0 0 0 
0 0 0 0 0 0 0 0 0 0 0 0 0 0 0 0 0 0 0 0 0 0 0 3 0 24575 24572 0 0 41 0 0 0 13903727 4368885 0 0 0 0 0 7184149 0 0 0 
0 0 0 0 0 0 0 0 0 0 0 0 0 0 0 0 0 0 0 0 0 0 0 3 24578 0 0 0 0 0 41 0 0 4368544 7340839 6561077 0 0 0 7184767 0 0 0 0 
0 0 0 0 0 0 0 0 0 0 0 0 0 0 0 0 0 0 0 0 0 0 0 3 0 24575 24572 0 0 41 0 0 0 13903727 4368885 0 0 0 0 0 7184149 0 0 0 
0 0 0 0 0 0 0 0 0 0 0 0 0 0 0 0 0 0 0 0 0 0 0 3 24578 0 0 0 0 0 41 0 0 4368544 7340839 6561077 0 0 0 7184767 0 0 0 0 
0 0 0 0 0 0 0 0 0 0 0 0 0 0 0 0 0 0 0 0 0 0 0 3 0 24575 24572 0 0 41 0 0 0 13903727 4368885 0 0 0 0 0 7184149 0 0 0 
0 0 0 0 0 0 0 0 0 0 0 0 0 0 0 0 0 0 0 0 0 0 0 3 24578 0 0 0 0 0 41 0 0 4368544 7340839 6561077 0 0 0 7184767 0 0 0 0 
0 0 0 0 0 0 0 0 0 0 0 0 0 0 0 0 0 0 0 0 0 0 0 3 0 24575 24572 0 0 41 0 0 0 13903727 4368885 0 0 0 0 0 7184149 0 0 0 
0 0 0 0 0 0 0 0 0 0 0 0 0 0 0 0 0 0 0 0 0 0 0 3 24578 0 0 0 0 0 41 0 0 4368544 7340839 6561077 0 0 0 7184767 0 0 0 0 
0 0 0 0 0 0 0 0 0 0 0 0 0 0 0 0 0 0 0 0 0 0 0 3 0 24575 24572 0 0 41 0 0 0 13903727 4368885 0 0 0 0 0 7184149 0 0 0 
0 0 0 0 0 0 0 0 0 0 0 0 0 0 0 0 0 0 0 0 0 0 0 3 24578 0 0 0 0 0 41 0 0 4368544 7340839 6561077 0 0 0 7184767 0 0 0 0 
0 0 0 0 0 0 0 0 0 0 0 0 0 0 0 0 0 0 0 0 0 0 0 3 0 24575 24572 0 0 41 0 0 0 13903727 4368885 0 0 0 0 0 7184149 0 0 0 
0 0 0 0 0 0 0 0 0 0 0 0 0 0 0 0 0 0 0 0 0 0 0 3 24578 0 0 0 0 0 41 0 0 4368544 7340839 6561077 0 0 0 7184767 0 0 0 0 
0 0 0 0 0 0 0 0 0 0 0 0 0 0 0 0 0 0 0 0 0 0 0 3 0 24575 24572 0 0 41 0 0 0 13903727 4368885 0 0 0 0 0 7184149 0 0 0 
0 0 0 0 0 0 0 0 0 0 0 0 0 0 0 0 0 0 0 0 0 0 0 3 24578 0 0 0 0 0 41 0 0 4368544 7340839 6561077 0 0 0 7184767 0 0 0 0 
0 0 0 0 0 0 0 0 0 0 0 0 0 0 0 0 0 0 0 0 0 0 0 3 0 24575 24572 0 0 41 0 0 0 13903727 4368885 0 0 0 0 0 7184149 0 0 0 
0 0 0 0 0 0 0 0 0 0 0 0 0 0 0 0 0 0 0 0 0 0 0 3 24578 0 0 0 0 0 41 0 0 4368544 7340839 6561077 0 0 0 7184767 0 0 0 0 
0 0 0 0 0 0 0 0 0 0 0 0 0 0 0 0 0 0 0 0 0 0 0 3 0 24575 24572 0 0 41 0 0 0 13903727 4368885 0 0 0 0 0 7184149 0 0 0 
0 0 0 0 0 0 0 0 0 0 0 0 0 0 0 0 0 0 0 0 0 0 0 3 24578 0 0 0 0 0 41 0 0 4368544 7340839 6561077 0 0 0 7184767 0 0 0 0 
0 0 0 0 0 0 0 0 0 0 0 0 0 0 0 0 0 0 0 0 0 0 0 3 0 24575 24572 0 0 41 0 0 0 13903727 4368885 0 0 0 0 0 7184149 0 0 0 
0 0 0 0 0 0 0 0 0 0 0 0 0 0 0 0 0 0 0 0 0 0 0 3 24578 0 0 0 0 0 41 0 0 4368544 7340839 6561077 0 0 0 7184767 0 0 0 0 
0 0 0 0 0 0 0 0 0 0 0 0 0 0 0 0 0 0 0 0 0 0 0 3 0 24575 24572 0 0 41 0 0 0 13903727 4368885 0 0 0 0 0 7184149 0 0 0 
0 0 0 0 0 0 0 0 0 0 0 0 0 0 0 0 0 0 0 0 0 0 0 3 24578 0 0 0 0 0 41 0 0 4368544 7340839 6561077 0 0 0 7184767 0 0 0 0 
0 0 0 0 0 0 0 0 0 0 0 0 0 0 0 0 0 0 0 0 0 0 0 3 0 24575 24572 0 0 41 0 0 0 13903727 4368885 0 0 0 0 0 7184149 0 0 0 
0 0 0 0 0 0 0 0 0 0 0 0 0 0 0 0 0 0 0 0 0 0 0 3 24578 0 0 0 0 0 41 0 0 4368544 7340839 6561077 0 0 0 7184767 0 0 0 0 
0 0 0 0 0 0 0 0 0 0 0 0 0 0 0 0 0 0 0 0 0 0 0 3 0 24575 24572 0 0 41 0 0 0 13903727 4368885 0 0 0 0 0 7184149 0 0 0 
0 0 0 0 0 0 0 0 0 0 0 0 0 0 0 0 0 0 0 0 0 0 0 3 24578 0 0 0 0 0 41 0 0 4368544 7340839 6561077 0 0 0 7184767 0 0 0 0 
0 0 0 0 0 0 0 0 0 0 0 0 0 0 0 0 0 0 0 0 0 0 0 3 0 24575 24572 0 0 41 0 0 0 13903727 4368885 0 0 0 0 0 7184149 0 0 0 
0 0 0 0 0 0 0 0 0 0 0 0 0 0 0 0 0 0 0 0 0 0 0 3 24578 0 0 0 0 0 41 0 0 4368544 7340839 6561077 0 0 0 7184767 0 0 0 0 
0 0 0 0 0 0 0 0 0 0 0 0 0 0 0 0 0 0 0 0 0 0 0 3 0 24575 24572 0 0 41 0 0 0 13903727 4368885 0 0 0 0 0 7184149 0 0 0 
0 0 0 0 0 0 0 0 0 0 0 0 0 0 0 0 0 0 0 0 0 0 0 3 24578 0 0 0 0 0 41 0 0 4368544 7340839 6561077 0 0 0 7184767 0 0 0 0 
0 0 0 0 0 0 0 0 0 0 0 0 0 0 0 0 0 0 0 0 0 0 0 3 0 24575 24572 0 0 41 0 0 0 13903727 4368885 0 0 0 0 0 7184149 0 0 0 
0 0 0 0 0 0 0 0 0 0 0 0 0 0 0 0 0 0 0 0 0 0 0 3 24578 0 0 0 0 0 41 0 0 4368544 7340839 6561077 0 0 0 7184767 0 0 0 0 
0 0 0 0 0 0 0 0 0 0 0 0 0 0 0 0 0 0 0 0 0 0 0 3 0 24575 24572 0 0 41 0 0 0 13903727 4368885 0 0 0 0 0 7184149 0 0 0 
0 0 0 0 0 0 0 0 0 0 0 0 0 0 0 0 0 0 0 0 0 0 0 3 24578 0 0 0 0 0 41 0 0 4368544 7340839 6561077 0 0 0 7184767 0 0 0 0 
0 0 0 0 0 0 0 0 0 0 0 0 0 0 0 0 0 0 0 0 0 0 0 3 0 24575 24572 0 0 41 0 0 0 13903727 4368885 0 0 0 0 0 7184149 0 0 0 
0 0 0 0 0 0 0 0 0 0 0 0 0 0 0 0 0 0 0 0 0 0 0 3 24578 0 0 0 0 0 41 0 0 4368544 7340839 6561077 0 0 0 7184767 0 0 0 0 
0 0 0 0 0 0 0 0 0 0 0 0 0 0 0 0 0 0 0 0 0 0 0 3 0 24575 24572 0 0 41 0 0 0 13903727 4368885 0 0 0 0 0 7184149 0 0 0 
0 0 0 0 0 0 0 0 0 0 0 0 0 0 0 0 0 0 0 0 0 0 0 3 24578 0 0 0 0 0 41 0 0 4368544 7340839 6561077 0 0 0 7184767 0 0 0 0 
0 0 0 0 0 0 0 0 0 0 0 0 0 0 0 0 0 0 0 0 0 0 0 3 0 24575 24572 0 0 41 0 0 0 13903727 4368885 0 0 0 0 0 7184149 0 0 0 
0 0 0 0 0 0 0 0 0 0 0 0 0 0 0 0 0 0 0 0 0 0 0 3 24578 0 0 0 0 0 41 0 0 4368544 7340839 6561077 0 0 0 7184767 0 0 0 0 
0 0 0 0 0 0 0 0 0 0 0 0 0 0 0 0 0 0 0 0 0 0 0 3 0 24575 24572 0 0 41 0 0 0 13903727 4368885 0 0 0 0 0 7184149 0 0 0 
0 0 0 0 0 0 0 0 0 0 0 0 0 0 0 0 0 0 0 0 0 0 0 3 24578 0 0 0 0 0 41 0 0 4368544 7340839 6561077 0 0 0 7184767 0 0 0 0 
0 0 0 0 0 0 0 0 0 0 0 0 0 0 0 0 0 0 0 0 0 0 0 3 0 24575 24572 0 0 41 0 0 0 13903727 4368885 0 0 0 0 0 7184149 0 0 0 
0 0 0 0 0 0 0 0 0 0 0 0 0 0 0 0 0 0 0 0 0 0 0 3 24578 0 0 0 0 0 41 0 0 4368544 7340839 6561077 0 0 0 7184767 0 0 0 0 
0 0 0 0 0 0 0 0 0 0 0 0 0 0 0 0 0 0 0 0 0 0 0 3 0 24575 24572 0 0 41 0 0 0 13903727 4368885 0 0 0 0 0 7184149 0 0 0 
0 0 0 0 0 0 0 0 0 0 0 0 0 0 0 0 0 0 0 0 0 0 0 3 24578 0 0 0 0 0 41 0 0 4368544 7340839 6561077 0 0 0 7184767 0 0 0 0 
0 0 0 0 0 0 0 0 0 0 0 0 0 0 0 0 0 0 0 0 0 0 0 3 0 24575 24572 0 0 41 0 0 0 13903727 4368885 0 0 0 0 0 7184149 0 0 0 
0 0 0 0 0 0 0 0 0 0 0 0 0 0 0 0 0 0 0 0 0 0 0 3 24578 0 0 0 0 0 41 0 0 4368544 7340839 6561077 0 0 0 7184767 0 0 0 0 
0 0 0 0 0 0 0 0 0 0 0 0 0 0 0 0 0 0 0 0 0 0 0 3 0 24575 24572 0 0 41 0 0 0 13903727 4368885 0 0 0 0 0 7184149 0 0 0 
0 0 0 0 0 0 0 0 0 0 0 0 0 0 0 0 0 0 0 0 0 0 0 3 24578 0 0 0 0 0 41 0 0 4368544 7340839 6561077 0 0 0 7184767 0 0 0 0 
0 0 0 0 0 0 0 0 0 0 0 0 0 0 0 0 0 0 0 0 0 0 0 3 0 24575 24572 0 0 41 0 0 0 13903727 4368885 0 0 0 0 0 7184149 0 0 0 
0 0 0 0 0 0 0 0 0 0 0 0 0 0 0 0 0 0 0 0 0 0 0 3 24578 0 0 0 0 0 41 0 0 4368544 7340839 6561077 0 0 0 7184767 0 0 0 0 
0 0 0 0 0 0 0 0 0 0 0 0 0 0 0 0 0 0 0 0 0 0 0 3 0 24575 24572 0 0 41 0 0 0 13903727 4368885 0 0 0 0 0 7184149 0 0 0 
0 0 0 0 0 0 0 0 0 0 0 0 0 0 0 0 0 0 0 0 0 0 0 3 24578 0 0 0 0 0 41 0 0 4368544 7340839 6561077 0 0 0 7184767 0 0 0 0 
0 0 0 0 0 0 0 0 0 0 0 0 0 0 0 0 0 0 0 0 0 0 0 3 0 24575 24572 0 0 41 0 0 0 13903727 4368885 0 0 0 0 0 7184149 0 0 0 
0 0 0 0 0 0 0 0 0 0 0 0 0 0 0 0 0 0 0 0 0 0 0 3 24578 0 0 0 0 0 41 0 0 4368544 7340839 6561077 0 0 0 7184767 0 0 0 0 
0 0 0 0 0 0 0 0 0 0 0 0 0 0 0 0 0 0 0 0 0 0 0 3 0 24575 24572 0 0 41 0 0 0 13903727 4368885 0 0 0 0 0 7184149 0 0 0 
0 0 0 0 0 0 0 0 0 0 0 0 0 0 0 0 0 0 0 0 0 0 0 3 24578 0 0 0 0 0 41 0 0 4368544 7340839 6561077 0 0 0 7184767 0 0 0 0 
0 0 0 0 0 0 0 0 0 0 0 0 0 0 0 0 0 0 0 0 0 0 0 3 0 24575 24572 0 0 41 0 0 0 13903727 4368885 0 0 0 0 0 7184149 0 0 0 
0 0 0 0 0 0 0 0 0 0 0 0 0 0 0 0 0 0 0 0 0 0 0 3 24578 0 0 0 0 0 41 0 0 4368544 7340839 6561077 0 0 0 7184767 0 0 0 0 
0 0 0 0 0 0 0 0 0 0 0 0 0 0 0 0 0 0 0 0 0 0 0 3 0 24575 24572 0 0 41 0 0 0 13903727 4368885 0 0 0 0 0 7184149 0 0 0 
0 0 0 0 0 0 0 0 0 0 0 0 0 0 0 0 0 0 0 0 0 0 0 3 24578 0 0 0 0 0 41 0 0 4368544 7340839 6561077 0 0 0 7184767 0 0 0 0 
0 0 0 0 0 0 0 0 0 0 0 0 0 0 0 0 0 0 0 0 0 0 0 3 0 24575 24572 0 0 41 0 0 0 13903727 4368885 0 0 0 0 0 7184149 0 0 0 
0 0 0 0 0 0 0 0 0 0 0 0 0 0 0 0 0 0 0 0 0 0 0 3 24578 0 0 0 0 0 41 0 0 4368544 7340839 6561077 0 0 0 7184767 0 0 0 0 
0 0 0 0 0 0 0 0 0 0 0 0 0 0 0 0 0 0 0 0 0 0 0 3 0 24575 24572 0 0 41 0 0 0 13903727 4368885 0 0 0 0 0 7184149 0 0 0 
0 0 0 0 0 0 0 0 0 0 0 0 0 0 0 0 0 0 0 0 0 0 0 3 24578 0 0 0 0 0 41 0 0 4368544 7340839 6561077 0 0 0 7184767 0 0 0 0 
0 0 0 0 0 0 0 0 0 0 0 0 0 0 0 0 0 0 0 0 0 0 0 3 0 24575 24572 0 0 41 0 0 0 13903727 4368885 0 0 0 0 0 7184149 0 0 0 
0 0 0 0 0 0 0 0 0 0 0 0 0 0 0 0 0 0 0 0 0 0 0 3 24578 0 0 0 0 0 41 0 0 4368544 7340839 6561077 0 0 0 7184767 0 0 0 0 
0 0 0 0 0 0 0 0 0 0 0 0 0 0 0 0 0 0 0 0 0 0 0 3 0 24575 24572 0 0 41 0 0 0 13903727 4368885 0 0 0 0 0 7184149 0 0 0 
0 0 0 0 0 0 0 0 0 0 0 0 0 0 0 0 0 0 0 0 0 0 0 3 24578 0 0 0 0 0 41 0 0 4368544 7340839 6561077 0 0 0 7184767 0 0 0 0 
<====
0 0 0 0 0 0 0 0 0 0 0 0 0 0 0 0 0 0 0 0 0 0 0 3 0 24575 24572 0 0 41 0 0 0 13903727 4368885 0 0 0 0 0 7184149 0 0 0 
0 0 0 0 0 0 0 0 0 0 0 0 0 0 0 0 0 0 0 0 0 0 0 3 24578 0 0 0 0 0 41 0 0 4368544 7340839 6561077 0 0 0 7184767 0 0 0 0 
0 0 0 0 0 0 0 0 0 0 0 0 0 0 0 0 0 0 0 0 0 0 0 3 0 24575 24572 0 0 41 0 0 0 13903727 4368885 0 0 0 0 0 7184149 0 0 0 
0 0 0 0 0 0 0 0 0 0 0 0 0 0 0 0 0 0 0 0 0 0 0 3 24578 0 0 0 0 0 41 0 0 4368544 7340839 6561077 0 0 0 7184767 0 0 0 0 
0 0 0 0 0 0 0 0 0 0 0 0 0 0 0 0 0 0 0 0 0 0 0 3 0 24575 24572 0 0 41 0 0 0 13903727 4368885 0 0 0 0 0 7184149 0 0 0 
0 0 0 0 0 0 0 0 0 0 0 0 0 0 0 0 0 0 0 0 0 0 0 3 24578 0 0 0 0 0 41 0 0 4368544 7340839 6561077 0 0 0 7184767 0 0 0 0 
0 0 0 0 0 0 0 0 0 0 0 0 0 0 0 0 0 0 0 0 0 0 0 3 0 24575 24572 0 0 41 0 0 0 13903727 4368885 0 0 0 0 0 7184149 0 0 0 
0 0 0 0 0 0 0 0 0 0 0 0 0 0 0 0 0 0 0 0 0 0 0 3 24578 0 0 0 0 0 41 0 0 4368544 7340839 6561077 0 0 0 7184767 0 0 0 0 
