0 0 0 0 0 0 0 0 0 0 0 0 0 0 0 0 0 0 0 0 0 0 0 3 111155 0 0 3 0 0 211 7 0 22433055 42122750 34561382 0 0 0 40999812 0 0 0 0 
0 0 0 0 0 0 0 0 0 0 0 0 0 0 0 0 0 0 0 0 0 0 0 3 111155 0 0 3 0 0 211 7 0 22433055 42122750 34561382 0 0 0 40999812 0 0 0 0 
0 0 0 0 0 0 0 0 0 0 0 0 0 0 0 0 0 0 0 0 0 0 0 3 111155 0 0 3 0 0 211 7 0 22433055 42122750 34561382 0 0 0 40999812 0 0 0 0 
0 0 0 0 0 0 0 0 0 0 0 0 0 0 0 0 0 0 0 0 0 0 0 3 111155 0 0 3 0 0 211 7 0 22433055 42122750 34561382 0 0 0 40999812 0 0 0 0 
0 0 0 0 0 0 0 0 0 0 0 0 0 0 0 0 0 0 0 0 0 0 0 3 111155 0 0 3 0 0 211 7 0 22433055 42122750 34561382 0 0 0 40999812 0 0 0 0 
0 0 0 0 0 0 0 0 0 0 0 0 0 0 0 0 0 0 0 0 0 0 0 3 111155 0 0 3 0 0 211 7 0 22433055 42122750 34561382 0 0 0 40999812 0 0 0 0 
0 0 0 0 0 0 0 0 0 0 0 0 0 0 0 0 0 0 0 0 0 0 0 3 111155 0 0 3 0 0 211 7 0 22433055 42122750 34561382 0 0 0 40999812 0 0 0 0 
====>
0 0 0 0 0 0 0 0 0 0 0 0 0 0 0 0 0 0 0 0 0 0 0 3 0 111159 111124 0 0 212 0 0 7 76708499 22424810 0 0 0 0 0 41005773 0 0 0 
0 0 0 0 0 0 0 0 0 0 0 0 0 0 0 0 0 0 0 0 0 0 0 3 0 111159 111124 0 0 212 0 0 7 76708499 22424810 0 0 0 0 0 41005773 0 0 0 
0 0 0 0 0 0 0 0 0 0 0 0 0 0 0 0 0 0 0 0 0 0 0 3 0 111159 111124 0 0 212 0 0 7 76708499 22424810 0 0 0 0 0 41005773 0 0 0 
0 0 0 0 0 0 0 0 0 0 0 0 0 0 0 0 0 0 0 0 0 0 0 3 0 111159 111124 0 0 212 0 0 7 76708499 22424810 0 0 0 0 0 41005773 0 0 0 
0 0 0 0 0 0 0 0 0 0 0 0 0 0 0 0 0 0 0 0 0 0 0 3 0 111159 111124 0 0 212 0 0 7 76708499 22424810 0 0 0 0 0 41005773 0 0 0 
0 0 0 0 0 0 0 0 0 0 0 0 0 0 0 0 0 0 0 0 0 0 0 3 0 111159 111124 0 0 212 0 0 7 76708499 22424810 0 0 0 0 0 41005773 0 0 0 
0 0 0 0 0 0 0 0 0 0 0 0 0 0 0 0 0 0 0 0 0 0 0 3 0 111159 111124 0 0 212 0 0 7 76708499 22424810 0 0 0 0 0 41005773 0 0 0 
0 0 0 0 0 0 0 0 0 0 0 0 0 0 0 0 0 0 0 0 0 0 0 3 0 111159 111124 0 0 212 0 0 7 76708499 22424810 0 0 0 0 0 41005773 0 0 0 
0 0 0 0 0 0 0 0 0 0 0 0 0 0 0 0 0 0 0 0 0 0 0 3 0 111159 111124 0 0 212 0 0 7 76708499 22424810 0 0 0 0 0 41005773 0 0 0 
0 0 0 0 0 0 0 0 0 0 0 0 0 0 0 0 0 0 0 0 0 0 0 3 0 111159 111124 0 0 212 0 0 7 76708499 22424810 0 0 0 0 0 41005773 0 0 0 
0 0 0 0 0 0 0 0 0 0 0 0 0 0 0 0 0 0 0 0 0 0 0 3 0 111159 111124 0 0 212 0 0 7 76708499 22424810 0 0 0 0 0 41005773 0 0 0 
0 0 0 0 0 0 0 0 0 0 0 0 0 0 0 0 0 0 0 0 0 0 0 3 0 111159 111124 0 0 212 0 0 7 76708499 22424810 0 0 0 0 0 41005773 0 0 0 
0 0 0 0 0 0 0 0 0 0 0 0 0 0 0 0 0 0 0 0 0 0 0 3 0 111159 111124 0 0 212 0 0 7 76708499 22424810 0 0 0 0 0 41005773 0 0 0 
0 0 0 0 0 0 0 0 0 0 0 0 0 0 0 0 0 0 0 0 0 0 0 3 0 111159 111132 0 0 235 0 0 7 76736166 22424810 0 0 0 0 0 41005773 0 0 0 
0 0 0 0 0 0 0 0 0 0 0 0 0 0 0 0 0 0 0 0 0 0 0 3 0 111159 111132 0 0 235 0 0 7 76754101 22424825 0 0 0 0 0 41005773 0 0 0 
0 0 0 0 0 0 0 0 0 0 0 0 0 0 0 0 0 0 0 0 0 0 0 3 0 111159 111132 0 0 235 0 0 7 76754116 22424840 0 0 0 0 0 41005773 0 0 0 
0 0 0 0 0 0 0 0 0 0 0 0 0 0 0 0 0 0 0 0 0 0 0 3 0 111159 111132 0 0 235 0 0 7 76754128 22424853 0 0 0 0 0 41005773 0 0 0 
0 0 0 0 0 0 0 0 0 0 0 0 0 0 0 0 0 0 0 0 0 0 0 3 0 111159 111132 0 0 235 0 0 7 76754144 22424868 0 0 0 0 0 41005773 0 0 0 
0 0 0 0 0 0 0 0 0 0 0 0 0 0 0 0 0 0 0 0 0 0 0 3 0 111159 111132 0 0 235 0 0 7 76754158 22424883 0 0 0 0 0 41005773 0 0 0 
0 0 0 0 0 0 0 0 0 0 0 0 0 0 0 0 0 0 0 0 0 0 0 3 0 111159 111132 0 0 235 0 0 7 76754173 22424898 0 0 0 0 0 41005773 0 0 0 
0 0 0 0 0 0 0 0 0 0 0 0 0 0 0 0 0 0 0 0 0 0 0 3 0 111159 111132 0 0 235 0 0 7 76754188 22424913 0 0 0 0 0 41005773 0 0 0 
0 0 0 0 0 0 0 0 0 0 0 0 0 0 0 0 0 0 0 0 0 0 0 3 0 111159 111132 0 0 235 0 0 7 76754202 22424927 0 0 0 0 0 41005773 0 0 0 
0 0 0 0 0 0 0 0 0 0 0 0 0 0 0 0 0 0 0 0 0 0 0 3 0 111159 111132 0 0 235 0 0 7 76754217 22424942 0 0 0 0 0 41005773 0 0 0 
0 0 0 0 0 0 0 0 0 0 0 0 0 0 0 0 0 0 0 0 0 0 0 3 0 111159 111132 0 0 235 0 0 7 76754232 22424956 0 0 0 0 0 41005773 0 0 0 
0 0 0 0 0 0 0 0 0 0 0 0 0 0 0 0 0 0 0 0 0 0 0 3 0 111159 111132 0 0 235 0 0 7 76754247 22424971 0 0 0 0 0 41005773 0 0 0 
0 0 0 0 0 0 0 0 0 0 0 0 0 0 0 0 0 0 0 0 0 0 0 3 0 111159 111132 0 0 235 0 0 7 76754262 22424986 0 0 0 0 0 41005773 0 0 0 
0 0 0 0 0 0 0 0 0 0 0 0 0 0 0 0 0 0 0 0 0 0 0 3 0 111159 111132 0 0 235 0 0 7 76754277 22425001 0 0 0 0 0 41005773 0 0 0 
0 0 0 0 0 0 0 0 0 0 0 0 0 0 0 0 0 0 0 0 0 0 0 3 0 111159 111132 0 0 235 0 0 7 76754292 22425016 0 0 0 0 0 41005773 0 0 0 
0 0 0 0 0 0 0 0 0 0 0 0 0 0 0 0 0 0 0 0 0 0 0 3 0 111159 111132 0 0 235 0 0 7 76754307 22425031 0 0 0 0 0 41005773 0 0 0 
0 0 0 0 0 0 0 0 0 0 0 0 0 0 0 0 0 0 0 0 0 0 0 3 0 111159 111132 0 0 235 0 0 7 76754322 22425046 0 0 0 0 0 41005773 0 0 0 
0 0 0 0 0 0 0 0 0 0 0 0 0 0 0 0 0 0 0 0 0 0 0 3 0 111159 111132 0 0 235 0 0 7 76754337 22425061 0 0 0 0 0 41005773 0 0 0 
0 0 0 0 0 0 0 0 0 0 0 0 0 0 0 0 0 0 0 0 0 0 0 3 0 111159 111132 0 0 235 0 0 7 76754352 22425076 0 0 0 0 0 41005773 0 0 0 
0 0 0 0 0 0 0 0 0 0 0 0 0 0 0 0 0 0 0 0 0 0 0 3 0 111159 111132 0 0 235 0 0 7 76754367 22425091 0 0 0 0 0 41005773 0 0 0 
0 0 0 0 0 0 0 0 0 0 0 0 0 0 0 0 0 0 0 0 0 0 0 3 0 111159 111132 0 0 235 0 0 7 76754381 22425105 0 0 0 0 0 41005773 0 0 0 
0 0 0 0 0 0 0 0 0 0 0 0 0 0 0 0 0 0 0 0 0 0 0 3 0 111167 111132 0 0 235 0 0 23 76754382 22425115 0 0 0 0 0 41005783 0 0 0 
0 0 0 0 0 0 0 0 0 0 0 0 0 0 0 0 0 0 0 0 0 0 0 3 0 111167 111132 0 0 235 0 0 23 76754382 22425115 0 0 0 0 0 41005783 0 0 0 
0 0 0 0 0 0 0 0 0 0 0 0 0 0 0 0 0 0 0 0 0 0 0 3 0 111167 111132 0 0 235 0 0 23 76754382 22425461 0 0 0 0 0 41005783 0 0 0 
0 0 0 0 0 0 0 0 0 0 0 0 0 0 0 0 0 0 0 0 0 0 0 3 0 111167 111132 0 0 235 0 0 23 76754382 22426935 0 0 0 0 0 41005783 0 0 0 
0 0 0 0 0 0 0 0 0 0 0 0 0 0 0 0 0 0 0 0 0 0 0 3 0 111167 111132 0 0 235 0 0 23 76754382 22428438 0 0 0 0 0 41005783 0 0 0 
0 0 0 0 0 0 0 0 0 0 0 0 0 0 0 0 0 0 0 0 0 0 0 3 0 111167 111132 0 0 235 0 0 23 76754382 22429913 0 0 0 0 0 41005783 0 0 0 
0 0 0 0 0 0 0 0 0 0 0 0 0 0 0 0 0 0 0 0 0 0 0 3 0 111167 111132 0 0 235 0 0 23 76754382 22431373 0 0 0 0 0 41005783 0 0 0 
0 0 0 0 0 0 0 0 0 0 0 0 0 0 0 0 0 0 0 0 0 0 0 3 0 111167 111132 0 0 235 0 0 23 76754382 22431625 0 0 0 0 0 41005783 0 0 0 
0 0 0 0 0 0 0 0 0 0 0 0 0 0 0 0 0 0 0 0 0 0 0 3 0 111167 111132 0 0 235 0 0 23 76754382 22431625 0 0 0 0 0 41005783 0 0 0 
0 0 0 0 0 0 0 0 0 0 0 0 0 0 0 0 0 0 0 0 0 0 0 3 0 111167 111132 0 0 235 0 0 23 76754382 22431625 0 0 0 0 0 41005783 0 0 0 
0 0 0 0 0 0 0 0 0 0 0 0 0 0 0 0 0 0 0 0 0 0 0 3 0 111167 111132 0 0 235 0 0 23 76754382 22431625 0 0 0 0 0 41005783 0 0 0 
0 0 0 0 0 0 0 0 0 0 0 0 0 0 0 0 0 0 0 0 0 0 0 3 0 111167 111132 0 0 235 0 0 23 76754382 22431625 0 0 0 0 0 41005783 0 0 0 
0 0 0 0 0 0 0 0 0 0 0 0 0 0 0 0 0 0 0 0 0 0 0 3 0 111167 111132 0 0 235 0 0 23 76754382 22431625 0 0 0 0 0 41005783 0 0 0 
0 0 0 0 0 0 0 0 0 0 0 0 0 0 0 0 0 0 0 0 0 0 0 3 0 111167 111132 0 0 235 0 0 23 76754382 22431625 0 0 0 0 0 41005783 0 0 0 
0 0 0 0 0 0 0 0 0 0 0 0 0 0 0 0 0 0 0 0 0 0 0 3 0 111167 111132 0 0 235 0 0 23 76754382 22431625 0 0 0 0 0 41005783 0 0 0 
0 0 0 0 0 0 0 0 0 0 0 0 0 0 0 0 0 0 0 0 0 0 0 3 0 111167 111132 0 0 235 0 0 23 76754382 22431625 0 0 0 0 0 41005783 0 0 0 
0 0 0 0 0 0 0 0 0 0 0 0 0 0 0 0 0 0 0 0 0 0 0 3 0 111167 111132 0 0 235 0 0 23 76754382 22431625 0 0 0 0 0 41005783 0 0 0 
0 0 0 0 0 0 0 0 0 0 0 0 0 0 0 0 0 0 0 0 0 0 0 3 111163 0 0 5 0 0 234 29 0 22439870 42168633 34561390 0 0 0 40999824 0 0 0 0 
0 0 0 0 0 0 0 0 0 0 0 0 0 0 0 0 0 0 0 0 0 0 0 3 111163 0 0 5 0 0 234 29 0 22439870 42168633 34561390 0 0 0 40999824 0 0 0 0 
0 0 0 0 0 0 0 0 0 0 0 0 0 0 0 0 0 0 0 0 0 0 0 3 111163 0 0 5 0 0 234 29 0 22439870 42168633 34561390 0 0 0 40999824 0 0 0 0 
0 0 0 0 0 0 0 0 0 0 0 0 0 0 0 0 0 0 0 0 0 0 0 3 111163 0 0 5 0 0 234 29 0 22439870 42168633 34561390 0 0 0 40999824 0 0 0 0 
