0 0 0 0 0 0 0 0 0 0 0 0 0 0 0 0 0 0 0 0 0 0 0 3 0 111155 111120 0 0 200 0 0 0 76674206 22419823 0 0 0 0 0 41005767 0 0 0 
0 0 0 0 0 0 0 0 0 0 0 0 0 0 0 0 0 0 0 0 0 0 0 3 0 111155 111120 0 0 200 0 0 0 76674206 22419823 0 0 0 0 0 41005767 0 0 0 
0 0 0 0 0 0 0 0 0 0 0 0 0 0 0 0 0 0 0 0 0 0 0 3 0 111155 111120 0 0 200 0 0 0 76674206 22419823 0 0 0 0 0 41005767 0 0 0 
0 0 0 0 0 0 0 0 0 0 0 0 0 0 0 0 0 0 0 0 0 0 0 3 0 111155 111120 0 0 200 0 0 0 76674206 22419823 0 0 0 0 0 41005767 0 0 0 
0 0 0 0 0 0 0 0 0 0 0 0 0 0 0 0 0 0 0 0 0 0 0 3 0 111155 111120 0 0 200 0 0 0 76674206 22419823 0 0 0 0 0 41005767 0 0 0 
0 0 0 0 0 0 0 0 0 0 0 0 0 0 0 0 0 0 0 0 0 0 0 3 0 111155 111120 0 0 200 0 0 0 76674206 22419823 0 0 0 0 0 41005767 0 0 0 
0 0 0 0 0 0 0 0 0 0 0 0 0 0 0 0 0 0 0 0 0 0 0 3 0 111155 111120 0 0 200 0 0 0 76674206 22419823 0 0 0 0 0 41005767 0 0 0 
0 0 0 0 0 0 0 0 0 0 0 0 0 0 0 0 0 0 0 0 0 0 0 3 0 111155 111120 0 0 200 0 0 0 76674206 22419823 0 0 0 0 0 41005767 0 0 0 
0 0 0 0 0 0 0 0 0 0 0 0 0 0 0 0 0 0 0 0 0 0 0 3 0 111155 111120 0 0 200 0 0 0 76674206 22419823 0 0 0 0 0 41005767 0 0 0 
0 0 0 0 0 0 0 0 0 0 0 0 0 0 0 0 0 0 0 0 0 0 0 3 0 111155 111120 0 0 200 0 0 0 76674206 22419823 0 0 0 0 0 41005767 0 0 0 
0 0 0 0 0 0 0 0 0 0 0 0 0 0 0 0 0 0 0 0 0 0 0 3 0 111155 111120 0 0 200 0 0 0 76674206 22419823 0 0 0 0 0 41005767 0 0 0 
0 0 0 0 0 0 0 0 0 0 0 0 0 0 0 0 0 0 0 0 0 0 0 3 0 111155 111120 0 0 200 0 0 0 76674206 22419823 0 0 0 0 0 41005767 0 0 0 
0 0 0 0 0 0 0 0 0 0 0 0 0 0 0 0 0 0 0 0 0 0 0 3 0 111155 111120 0 0 200 0 0 0 76674206 22419823 0 0 0 0 0 41005767 0 0 0 
0 0 0 0 0 0 0 0 0 0 0 0 0 0 0 0 0 0 0 0 0 0 0 3 0 111155 111120 0 0 200 0 0 0 76674206 22419823 0 0 0 0 0 41005767 0 0 0 
0 0 0 0 0 0 0 0 0 0 0 0 0 0 0 0 0 0 0 0 0 0 0 3 0 111155 111120 0 0 200 0 0 0 76674206 22419823 0 0 0 0 0 41005767 0 0 0 
0 0 0 0 0 0 0 0 0 0 0 0 0 0 0 0 0 0 0 0 0 0 0 3 0 111155 111120 0 0 200 0 0 0 76674206 22419823 0 0 0 0 0 41005767 0 0 0 
0 0 0 0 0 0 0 0 0 0 0 0 0 0 0 0 0 0 0 0 0 0 0 3 0 111155 111120 0 0 200 0 0 0 76674206 22419823 0 0 0 0 0 41005767 0 0 0 
0 0 0 0 0 0 0 0 0 0 0 0 0 0 0 0 0 0 0 0 0 0 0 3 0 111155 111120 0 0 200 0 0 0 76674206 22419823 0 0 0 0 0 41005767 0 0 0 
0 0 0 0 0 0 0 0 0 0 0 0 0 0 0 0 0 0 0 0 0 0 0 3 0 111155 111120 0 0 200 0 0 0 76674206 22419823 0 0 0 0 0 41005767 0 0 0 
0 0 0 0 0 0 0 0 0 0 0 0 0 0 0 0 0 0 0 0 0 0 0 3 0 111155 111120 0 0 200 0 0 0 76674206 22419823 0 0 0 0 0 41005767 0 0 0 
0 0 0 0 0 0 0 0 0 0 0 0 0 0 0 0 0 0 0 0 0 0 0 3 0 111155 111120 0 0 200 0 0 0 76674206 22419823 0 0 0 0 0 41005767 0 0 0 
0 0 0 0 0 0 0 0 0 0 0 0 0 0 0 0 0 0 0 0 0 0 0 3 0 111155 111120 0 0 200 0 0 0 76674206 22419823 0 0 0 0 0 41005767 0 0 0 
0 0 0 0 0 0 0 0 0 0 0 0 0 0 0 0 0 0 0 0 0 0 0 3 0 111155 111120 0 0 200 0 0 0 76674206 22419823 0 0 0 0 0 41005767 0 0 0 
0 0 0 0 0 0 0 0 0 0 0 0 0 0 0 0 0 0 0 0 0 0 0 3 0 111155 111120 0 0 200 0 0 0 76674206 22419823 0 0 0 0 0 41005767 0 0 0 
0 0 0 0 0 0 0 0 0 0 0 0 0 0 0 0 0 0 0 0 0 0 0 3 0 111155 111120 0 0 200 0 0 0 76674206 22419823 0 0 0 0 0 41005767 0 0 0 
0 0 0 0 0 0 0 0 0 0 0 0 0 0 0 0 0 0 0 0 0 0 0 3 0 111155 111120 0 0 200 0 0 0 76674206 22419823 0 0 0 0 0 41005767 0 0 0 
0 0 0 0 0 0 0 0 0 0 0 0 0 0 0 0 0 0 0 0 0 0 0 3 111151 0 0 2 0 0 199 0 0 22428068 42088460 34561378 0 0 0 40999806 0 0 0 0 
0 0 0 0 0 0 0 0 0 0 0 0 0 0 0 0 0 0 0 0 0 0 0 3 111151 0 0 2 0 0 199 0 0 22428068 42088460 34561378 0 0 0 40999806 0 0 0 0 
0 0 0 0 0 0 0 0 0 0 0 0 0 0 0 0 0 0 0 0 0 0 0 3 111151 0 0 2 0 0 199 0 0 22428068 42088460 34561378 0 0 0 40999806 0 0 0 0 
0 0 0 0 0 0 0 0 0 0 0 0 0 0 0 0 0 0 0 0 0 0 0 3 111151 0 0 2 0 0 199 0 0 22428068 42088460 34561378 0 0 0 40999806 0 0 0 0 
0 0 0 0 0 0 0 0 0 0 0 0 0 0 0 0 0 0 0 0 0 0 0 3 111151 0 0 2 0 0 199 0 0 22428068 42088460 34561378 0 0 0 40999806 0 0 0 0 
0 0 0 0 0 0 0 0 0 0 0 0 0 0 0 0 0 0 0 0 0 0 0 3 111151 0 0 2 0 0 199 0 0 22428068 42088460 34561378 0 0 0 40999806 0 0 0 0 
0 0 0 0 0 0 0 0 0 0 0 0 0 0 0 0 0 0 0 0 0 0 0 3 111151 0 0 2 0 0 199 0 0 22428068 42088460 34561378 0 0 0 40999806 0 0 0 0 
0 0 0 0 0 0 0 0 0 0 0 0 0 0 0 0 0 0 0 0 0 0 0 3 111151 0 0 2 0 0 199 0 0 22428068 42088460 34561378 0 0 0 40999806 0 0 0 0 
0 0 0 0 0 0 0 0 0 0 0 0 0 0 0 0 0 0 0 0 0 0 0 3 111151 0 0 2 0 0 199 0 0 22428068 42088460 34561378 0 0 0 40999806 0 0 0 0 
0 0 0 0 0 0 0 0 0 0 0 0 0 0 0 0 0 0 0 0 0 0 0 3 111151 0 0 2 0 0 199 0 0 22428068 42088460 34561378 0 0 0 40999806 0 0 0 0 
0 0 0 0 0 0 0 0 0 0 0 0 0 0 0 0 0 0 0 0 0 0 0 3 111151 0 0 2 0 0 199 0 0 22428068 42088460 34561378 0 0 0 40999806 0 0 0 0 
0 0 0 0 0 0 0 0 0 0 0 0 0 0 0 0 0 0 0 0 0 0 0 3 111151 0 0 2 0 0 199 0 0 22428068 42088460 34561378 0 0 0 40999806 0 0 0 0 
0 0 0 0 0 0 0 0 0 0 0 0 0 0 0 0 0 0 0 0 0 0 0 3 111151 0 0 2 0 0 199 0 0 22428068 42088460 34561378 0 0 0 40999806 0 0 0 0 
0 0 0 0 0 0 0 0 0 0 0 0 0 0 0 0 0 0 0 0 0 0 0 3 111151 0 0 2 0 0 199 0 0 22428068 42088460 34561378 0 0 0 40999806 0 0 0 0 
0 0 0 0 0 0 0 0 0 0 0 0 0 0 0 0 0 0 0 0 0 0 0 3 111151 0 0 2 0 0 199 0 0 22428068 42088460 34561378 0 0 0 40999806 0 0 0 0 
0 0 0 0 0 0 0 0 0 0 0 0 0 0 0 0 0 0 0 0 0 0 0 3 111151 0 0 2 0 0 199 0 0 22428068 42088460 34561378 0 0 0 40999806 0 0 0 0 
0 0 0 0 0 0 0 0 0 0 0 0 0 0 0 0 0 0 0 0 0 0 0 3 111151 0 0 2 0 0 199 0 0 22428068 42088460 34561378 0 0 0 40999806 0 0 0 0 
0 0 0 0 0 0 0 0 0 0 0 0 0 0 0 0 0 0 0 0 0 0 0 3 111151 0 0 2 0 0 199 0 0 22428068 42088460 34561378 0 0 0 40999806 0 0 0 0 
0 0 0 0 0 0 0 0 0 0 0 0 0 0 0 0 0 0 0 0 0 0 0 3 111151 0 0 2 0 0 199 0 0 22428068 42088460 34561378 0 0 0 40999806 0 0 0 0 
0 0 0 0 0 0 0 0 0 0 0 0 0 0 0 0 0 0 0 0 0 0 0 3 111151 0 0 2 0 0 199 0 0 22428068 42088460 34561378 0 0 0 40999806 0 0 0 0 
0 0 0 0 0 0 0 0 0 0 0 0 0 0 0 0 0 0 0 0 0 0 0 3 111151 0 0 2 0 0 199 0 0 22428068 42088460 34561378 0 0 0 40999806 0 0 0 0 
0 0 0 0 0 0 0 0 0 0 0 0 0 0 0 0 0 0 0 0 0 0 0 3 111151 0 0 2 0 0 199 0 0 22428068 42088460 34561378 0 0 0 40999806 0 0 0 0 
0 0 0 0 0 0 0 0 0 0 0 0 0 0 0 0 0 0 0 0 0 0 0 3 111151 0 0 2 0 0 199 0 0 22428068 42088460 34561378 0 0 0 40999806 0 0 0 0 
0 0 0 0 0 0 0 0 0 0 0 0 0 0 0 0 0 0 0 0 0 0 0 3 111151 0 0 2 0 0 199 0 0 22428068 42088460 34561378 0 0 0 40999806 0 0 0 0 
0 0 0 0 0 0 0 0 0 0 0 0 0 0 0 0 0 0 0 0 0 0 0 3 111151 0 0 2 0 0 199 0 0 22428068 42088460 34561378 0 0 0 40999806 0 0 0 0 
0 0 0 0 0 0 0 0 0 0 0 0 0 0 0 0 0 0 0 0 0 0 0 3 111151 0 0 2 0 0 199 0 0 22428068 42088460 34561378 0 0 0 40999806 0 0 0 0 
0 0 0 0 0 0 0 0 0 0 0 0 0 0 0 0 0 0 0 0 0 0 0 3 111151 0 0 2 0 0 199 0 0 22428068 42088460 34561378 0 0 0 40999806 0 0 0 0 
0 0 0 0 0 0 0 0 0 0 0 0 0 0 0 0 0 0 0 0 0 0 0 3 111151 0 0 2 0 0 199 0 0 22428068 42088460 34561378 0 0 0 40999806 0 0 0 0 
0 0 0 0 0 0 0 0 0 0 0 0 0 0 0 0 0 0 0 0 0 0 0 3 111151 0 0 2 0 0 199 0 0 22428068 42088460 34561378 0 0 0 40999806 0 0 0 0 
0 0 0 0 0 0 0 0 0 0 0 0 0 0 0 0 0 0 0 0 0 0 0 3 111151 0 0 2 0 0 199 0 0 22428068 42088460 34561378 0 0 0 40999806 0 0 0 0 
0 0 0 0 0 0 0 0 0 0 0 0 0 0 0 0 0 0 0 0 0 0 0 3 111151 0 0 2 0 0 199 0 0 22428068 42088460 34561378 0 0 0 40999806 0 0 0 0 
0 0 0 0 0 0 0 0 0 0 0 0 0 0 0 0 0 0 0 0 0 0 0 3 111151 0 0 2 0 0 199 0 0 22428068 42088460 34561378 0 0 0 40999806 0 0 0 0 
0 0 0 0 0 0 0 0 0 0 0 0 0 0 0 0 0 0 0 0 0 0 0 3 111151 0 0 2 0 0 199 0 0 22428068 42088460 34561378 0 0 0 40999806 0 0 0 0 
0 0 0 0 0 0 0 0 0 0 0 0 0 0 0 0 0 0 0 0 0 0 0 3 111151 0 0 2 0 0 199 0 0 22428068 42088460 34561378 0 0 0 40999806 0 0 0 0 
0 0 0 0 0 0 0 0 0 0 0 0 0 0 0 0 0 0 0 0 0 0 0 3 111151 0 0 2 0 0 199 0 0 22428068 42088460 34561378 0 0 0 40999806 0 0 0 0 
0 0 0 0 0 0 0 0 0 0 0 0 0 0 0 0 0 0 0 0 0 0 0 3 111151 0 0 2 0 0 199 0 0 22428068 42088460 34561378 0 0 0 40999806 0 0 0 0 
0 0 0 0 0 0 0 0 0 0 0 0 0 0 0 0 0 0 0 0 0 0 0 3 111151 0 0 2 0 0 199 0 0 22428068 42088460 34561378 0 0 0 40999806 0 0 0 0 
0 0 0 0 0 0 0 0 0 0 0 0 0 0 0 0 0 0 0 0 0 0 0 3 111151 0 0 2 0 0 199 0 0 22428068 42088460 34561378 0 0 0 40999806 0 0 0 0 
0 0 0 0 0 0 0 0 0 0 0 0 0 0 0 0 0 0 0 0 0 0 0 3 111151 0 0 2 0 0 199 0 0 22428068 42088460 34561378 0 0 0 40999806 0 0 0 0 
0 0 0 0 0 0 0 0 0 0 0 0 0 0 0 0 0 0 0 0 0 0 0 3 111151 0 0 2 0 0 199 0 0 22428068 42088460 34561378 0 0 0 40999806 0 0 0 0 
0 0 0 0 0 0 0 0 0 0 0 0 0 0 0 0 0 0 0 0 0 0 0 3 111151 0 0 2 0 0 199 0 0 22428068 42088460 34561378 0 0 0 40999806 0 0 0 0 
0 0 0 0 0 0 0 0 0 0 0 0 0 0 0 0 0 0 0 0 0 0 0 3 111151 0 0 2 0 0 199 0 0 22428068 42088460 34561378 0 0 0 40999806 0 0 0 0 
0 0 0 0 0 0 0 0 0 0 0 0 0 0 0 0 0 0 0 0 0 0 0 3 111151 0 0 2 0 0 199 0 0 22428068 42088460 34561378 0 0 0 40999806 0 0 0 0 
0 0 0 0 0 0 0 0 0 0 0 0 0 0 0 0 0 0 0 0 0 0 0 3 111151 0 0 2 0 0 199 0 0 22428068 42088460 34561378 0 0 0 40999806 0 0 0 0 
0 0 0 0 0 0 0 0 0 0 0 0 0 0 0 0 0 0 0 0 0 0 0 3 111151 0 0 2 0 0 199 0 0 22428068 42088460 34561378 0 0 0 40999806 0 0 0 0 
0 0 0 0 0 0 0 0 0 0 0 0 0 0 0 0 0 0 0 0 0 0 0 3 111155 0 0 2 0 0 211 0 0 22428068 42098282 34561382 0 0 0 40999806 0 0 0 0 
0 0 0 0 0 0 0 0 0 0 0 0 0 0 0 0 0 0 0 0 0 0 0 3 111155 0 0 2 0 0 211 0 0 22428071 42122654 34561382 0 0 0 40999806 0 0 0 0 
0 0 0 0 0 0 0 0 0 0 0 0 0 0 0 0 0 0 0 0 0 0 0 3 111155 0 0 2 0 0 211 0 0 22428074 42122657 34561382 0 0 0 40999806 0 0 0 0 
0 0 0 0 0 0 0 0 0 0 0 0 0 0 0 0 0 0 0 0 0 0 0 3 111155 0 0 2 0 0 211 0 0 22428077 42122659 34561382 0 0 0 40999806 0 0 0 0 
0 0 0 0 0 0 0 0 0 0 0 0 0 0 0 0 0 0 0 0 0 0 0 3 111155 0 0 2 0 0 211 0 0 22428080 42122662 34561382 0 0 0 40999806 0 0 0 0 
0 0 0 0 0 0 0 0 0 0 0 0 0 0 0 0 0 0 0 0 0 0 0 3 111155 0 0 2 0 0 211 0 0 22428083 42122666 34561382 0 0 0 40999806 0 0 0 0 
0 0 0 0 0 0 0 0 0 0 0 0 0 0 0 0 0 0 0 0 0 0 0 3 111155 0 0 2 0 0 211 0 0 22428086 42122669 34561382 0 0 0 40999806 0 0 0 0 
0 0 0 0 0 0 0 0 0 0 0 0 0 0 0 0 0 0 0 0 0 0 0 3 111155 0 0 2 0 0 211 0 0 22428090 42122672 34561382 0 0 0 40999806 0 0 0 0 
0 0 0 0 0 0 0 0 0 0 0 0 0 0 0 0 0 0 0 0 0 0 0 3 111155 0 0 2 0 0 211 0 0 22428093 42122676 34561382 0 0 0 40999806 0 0 0 0 
0 0 0 0 0 0 0 0 0 0 0 0 0 0 0 0 0 0 0 0 0 0 0 3 111155 0 0 2 0 0 211 0 0 22428096 42122679 34561382 0 0 0 40999806 0 0 0 0 
0 0 0 0 0 0 0 0 0 0 0 0 0 0 0 0 0 0 0 0 0 0 0 3 111155 0 0 2 0 0 211 0 0 22428099 42122682 34561382 0 0 0 40999806 0 0 0 0 
0 0 0 0 0 0 0 0 0 0 0 0 0 0 0 0 0 0 0 0 0 0 0 3 111155 0 0 2 0 0 211 0 0 22428103 42122685 34561382 0 0 0 40999806 0 0 0 0 
0 0 0 0 0 0 0 0 0 0 0 0 0 0 0 0 0 0 0 0 0 0 0 3 111155 0 0 2 0 0 211 0 0 22428106 42122689 34561382 0 0 0 40999806 0 0 0 0 
0 0 0 0 0 0 0 0 0 0 0 0 0 0 0 0 0 0 0 0 0 0 0 3 111155 0 0 2 0 0 211 0 0 22428109 42122692 34561382 0 0 0 40999806 0 0 0 0 
0 0 0 0 0 0 0 0 0 0 0 0 0 0 0 0 0 0 0 0 0 0 0 3 111155 0 0 2 0 0 211 0 0 22428112 42122695 34561382 0 0 0 40999806 0 0 0 0 
0 0 0 0 0 0 0 0 0 0 0 0 0 0 0 0 0 0 0 0 0 0 0 3 111155 0 0 2 0 0 211 0 0 22428116 42122698 34561382 0 0 0 40999806 0 0 0 0 
0 0 0 0 0 0 0 0 0 0 0 0 0 0 0 0 0 0 0 0 0 0 0 3 111155 0 0 2 0 0 211 0 0 22428119 42122702 34561382 0 0 0 40999806 0 0 0 0 
0 0 0 0 0 0 0 0 0 0 0 0 0 0 0 0 0 0 0 0 0 0 0 3 111155 0 0 2 0 0 211 0 0 22428122 42122705 34561382 0 0 0 40999806 0 0 0 0 
0 0 0 0 0 0 0 0 0 0 0 0 0 0 0 0 0 0 0 0 0 0 0 3 111155 0 0 2 0 0 211 0 0 22428125 42122708 34561382 0 0 0 40999806 0 0 0 0 
0 0 0 0 0 0 0 0 0 0 0 0 0 0 0 0 0 0 0 0 0 0 0 3 111155 0 0 2 0 0 211 0 0 22428129 42122711 34561382 0 0 0 40999806 0 0 0 0 
0 0 0 0 0 0 0 0 0 0 0 0 0 0 0 0 0 0 0 0 0 0 0 3 111155 0 0 2 0 0 211 0 0 22428132 42122715 34561382 0 0 0 40999806 0 0 0 0 
0 0 0 0 0 0 0 0 0 0 0 0 0 0 0 0 0 0 0 0 0 0 0 3 111155 0 0 2 0 0 211 0 0 22428135 42122718 34561382 0 0 0 40999806 0 0 0 0 
0 0 0 0 0 0 0 0 0 0 0 0 0 0 0 0 0 0 0 0 0 0 0 3 111155 0 0 2 0 0 211 0 0 22428138 42122721 34561382 0 0 0 40999806 0 0 0 0 
0 0 0 0 0 0 0 0 0 0 0 0 0 0 0 0 0 0 0 0 0 0 0 3 111155 0 0 2 0 0 211 0 0 22428142 42122724 34561382 0 0 0 40999806 0 0 0 0 
0 0 0 0 0 0 0 0 0 0 0 0 0 0 0 0 0 0 0 0 0 0 0 3 111155 0 0 2 0 0 211 0 0 22428145 42122728 34561382 0 0 0 40999806 0 0 0 0 
0 0 0 0 0 0 0 0 0 0 0 0 0 0 0 0 0 0 0 0 0 0 0 3 111155 0 0 2 0 0 211 0 0 22428148 42122731 34561382 0 0 0 40999806 0 0 0 0 
0 0 0 0 0 0 0 0 0 0 0 0 0 0 0 0 0 0 0 0 0 0 0 3 111155 0 0 2 0 0 211 0 0 22428151 42122734 34561382 0 0 0 40999806 0 0 0 0 
0 0 0 0 0 0 0 0 0 0 0 0 0 0 0 0 0 0 0 0 0 0 0 3 111155 0 0 2 0 0 211 0 0 22428155 42122737 34561382 0 0 0 40999806 0 0 0 0 
0 0 0 0 0 0 0 0 0 0 0 0 0 0 0 0 0 0 0 0 0 0 0 3 111155 0 0 2 0 0 211 0 0 22428158 42122741 34561382 0 0 0 40999806 0 0 0 0 
0 0 0 0 0 0 0 0 0 0 0 0 0 0 0 0 0 0 0 0 0 0 0 3 111155 0 0 2 0 0 211 0 0 22428161 42122744 34561382 0 0 0 40999806 0 0 0 0 
0 0 0 0 0 0 0 0 0 0 0 0 0 0 0 0 0 0 0 0 0 0 0 3 111155 0 0 2 0 0 211 0 0 22428164 42122747 34561382 0 0 0 40999806 0 0 0 0 
0 0 0 0 0 0 0 0 0 0 0 0 0 0 0 0 0 0 0 0 0 0 0 3 111155 0 0 2 0 0 211 2 0 22428170 42122750 34561382 0 0 0 40999809 0 0 0 0 
0 0 0 0 0 0 0 0 0 0 0 0 0 0 0 0 0 0 0 0 0 0 0 3 111155 0 0 2 0 0 211 4 0 22428171 42122750 34561382 0 0 0 40999811 0 0 0 0 
0 0 0 0 0 0 0 0 0 0 0 0 0 0 0 0 0 0 0 0 0 0 0 3 111155 0 0 2 0 0 211 4 0 22428171 42122750 34561382 0 0 0 40999811 0 0 0 0 
0 0 0 0 0 0 0 0 0 0 0 0 0 0 0 0 0 0 0 0 0 0 0 3 111155 0 0 2 0 0 211 4 0 22428171 42122750 34561382 0 0 0 40999811 0 0 0 0 
0 0 0 0 0 0 0 0 0 0 0 0 0 0 0 0 0 0 0 0 0 0 0 3 111155 0 0 2 0 0 211 4 0 22429427 42122750 34561382 0 0 0 40999811 0 0 0 0 
0 0 0 0 0 0 0 0 0 0 0 0 0 0 0 0 0 0 0 0 0 0 0 3 111155 0 0 2 0 0 211 4 0 22431332 42122750 34561382 0 0 0 40999811 0 0 0 0 
0 0 0 0 0 0 0 0 0 0 0 0 0 0 0 0 0 0 0 0 0 0 0 3 111155 0 0 2 0 0 211 4 0 22433055 42122750 34561382 0 0 0 40999811 0 0 0 0 
0 0 0 0 0 0 0 0 0 0 0 0 0 0 0 0 0 0 0 0 0 0 0 3 111155 0 0 2 0 0 211 4 0 22433055 42122750 34561382 0 0 0 40999811 0 0 0 0 
0 0 0 0 0 0 0 0 0 0 0 0 0 0 0 0 0 0 0 0 0 0 0 3 111155 0 0 2 0 0 211 4 0 22433055 42122750 34561382 0 0 0 40999811 0 0 0 0 
0 0 0 0 0 0 0 0 0 0 0 0 0 0 0 0 0 0 0 0 0 0 0 3 111155 0 0 2 0 0 211 4 0 22433055 42122750 34561382 0 0 0 40999811 0 0 0 0 
0 0 0 0 0 0 0 0 0 0 0 0 0 0 0 0 0 0 0 0 0 0 0 3 111155 0 0 2 0 0 211 4 0 22433055 42122750 34561382 0 0 0 40999811 0 0 0 0 
0 0 0 0 0 0 0 0 0 0 0 0 0 0 0 0 0 0 0 0 0 0 0 3 111155 0 0 2 0 0 211 4 0 22433055 42122750 34561382 0 0 0 40999811 0 0 0 0 
0 0 0 0 0 0 0 0 0 0 0 0 0 0 0 0 0 0 0 0 0 0 0 3 111155 0 0 2 0 0 211 4 0 22433055 42122750 34561382 0 0 0 40999811 0 0 0 0 
0 0 0 0 0 0 0 0 0 0 0 0 0 0 0 0 0 0 0 0 0 0 0 3 111155 0 0 2 0 0 211 4 0 22433055 42122750 34561382 0 0 0 40999811 0 0 0 0 
0 0 0 0 0 0 0 0 0 0 0 0 0 0 0 0 0 0 0 0 0 0 0 3 111155 0 0 2 0 0 211 4 0 22433055 42122750 34561382 0 0 0 40999811 0 0 0 0 
<====
0 0 0 0 0 0 0 0 0 0 0 0 0 0 0 0 0 0 0 0 0 0 0 3 0 111159 111124 0 0 212 0 0 7 76708499 22424810 0 0 0 0 0 41005773 0 0 0 
0 0 0 0 0 0 0 0 0 0 0 0 0 0 0 0 0 0 0 0 0 0 0 3 0 111159 111124 0 0 212 0 0 7 76708499 22424810 0 0 0 0 0 41005773 0 0 0 
0 0 0 0 0 0 0 0 0 0 0 0 0 0 0 0 0 0 0 0 0 0 0 3 0 111159 111124 0 0 212 0 0 7 76708499 22424810 0 0 0 0 0 41005773 0 0 0 
0 0 0 0 0 0 0 0 0 0 0 0 0 0 0 0 0 0 0 0 0 0 0 3 0 111159 111124 0 0 212 0 0 7 76708499 22424810 0 0 0 0 0 41005773 0 0 0 
