0 0 0 0 0 0 0 0 0 0 0 0 0 0 0 0 0 0 0 0 0 0 0 3 0 49515 49508 0 0 93 0 0 0 38593396 10766202 0 0 0 0 0 21154553 0 0 0 
0 0 0 0 0 0 0 0 0 0 0 0 0 0 0 0 0 0 0 0 0 0 0 3 49505 0 0 1 0 0 93 0 0 10765745 21747434 16841839 0 0 0 21156552 0 0 0 0 
0 0 0 0 0 0 0 0 0 0 0 0 0 0 0 0 0 0 0 0 0 0 0 3 0 49515 49508 0 0 93 0 0 0 38593396 10766202 0 0 0 0 0 21154553 0 0 0 
0 0 0 0 0 0 0 0 0 0 0 0 0 0 0 0 0 0 0 0 0 0 0 3 49505 0 0 1 0 0 93 0 0 10765745 21747434 16841839 0 0 0 21156552 0 0 0 0 
0 0 0 0 0 0 0 0 0 0 0 0 0 0 0 0 0 0 0 0 0 0 0 3 0 49515 49508 0 0 93 0 0 0 38593396 10766202 0 0 0 0 0 21154553 0 0 0 
0 0 0 0 0 0 0 0 0 0 0 0 0 0 0 0 0 0 0 0 0 0 0 3 49505 0 0 1 0 0 93 0 0 10765745 21747434 16841839 0 0 0 21156552 0 0 0 0 
0 0 0 0 0 0 0 0 0 0 0 0 0 0 0 0 0 0 0 0 0 0 0 3 0 49515 49508 0 0 93 0 0 0 38593396 10766202 0 0 0 0 0 21154553 0 0 0 
0 0 0 0 0 0 0 0 0 0 0 0 0 0 0 0 0 0 0 0 0 0 0 3 49505 0 0 1 0 0 93 0 0 10765745 21747434 16841839 0 0 0 21156552 0 0 0 0 
0 0 0 0 0 0 0 0 0 0 0 0 0 0 0 0 0 0 0 0 0 0 0 3 0 49515 49508 0 0 93 0 0 0 38593396 10766202 0 0 0 0 0 21154553 0 0 0 
0 0 0 0 0 0 0 0 0 0 0 0 0 0 0 0 0 0 0 0 0 0 0 3 49505 0 0 1 0 0 93 0 0 10765745 21747434 16841839 0 0 0 21156552 0 0 0 0 
0 0 0 0 0 0 0 0 0 0 0 0 0 0 0 0 0 0 0 0 0 0 0 3 0 49515 49508 0 0 93 0 0 0 38593396 10766202 0 0 0 0 0 21154553 0 0 0 
0 0 0 0 0 0 0 0 0 0 0 0 0 0 0 0 0 0 0 0 0 0 0 3 49505 0 0 1 0 0 93 0 0 10765745 21747434 16841839 0 0 0 21156552 0 0 0 0 
0 0 0 0 0 0 0 0 0 0 0 0 0 0 0 0 0 0 0 0 0 0 0 3 0 49515 49508 0 0 93 0 0 0 38593396 10766202 0 0 0 0 0 21154553 0 0 0 
0 0 0 0 0 0 0 0 0 0 0 0 0 0 0 0 0 0 0 0 0 0 0 3 49505 0 0 1 0 0 93 0 0 10765745 21747434 16841839 0 0 0 21156552 0 0 0 0 
0 0 0 0 0 0 0 0 0 0 0 0 0 0 0 0 0 0 0 0 0 0 0 3 0 49515 49508 0 0 93 0 0 0 38593396 10766202 0 0 0 0 0 21154553 0 0 0 
0 0 0 0 0 0 0 0 0 0 0 0 0 0 0 0 0 0 0 0 0 0 0 3 49505 0 0 1 0 0 93 0 0 10765745 21747434 16841839 0 0 0 21156552 0 0 0 0 
0 0 0 0 0 0 0 0 0 0 0 0 0 0 0 0 0 0 0 0 0 0 0 3 0 49515 49508 0 0 93 0 0 0 38593396 10766202 0 0 0 0 0 21154553 0 0 0 
0 0 0 0 0 0 0 0 0 0 0 0 0 0 0 0 0 0 0 0 0 0 0 3 49505 0 0 1 0 0 93 0 0 10765745 21747434 16841839 0 0 0 21156552 0 0 0 0 
0 0 0 0 0 0 0 0 0 0 0 0 0 0 0 0 0 0 0 0 0 0 0 3 0 49515 49508 0 0 93 0 0 0 38593396 10766202 0 0 0 0 0 21154553 0 0 0 
0 0 0 0 0 0 0 0 0 0 0 0 0 0 0 0 0 0 0 0 0 0 0 3 49505 0 0 1 0 0 93 0 0 10765745 21747434 16841839 0 0 0 21156552 0 0 0 0 
0 0 0 0 0 0 0 0 0 0 0 0 0 0 0 0 0 0 0 0 0 0 0 3 0 49515 49508 0 0 93 0 0 0 38593396 10766202 0 0 0 0 0 21154553 0 0 0 
0 0 0 0 0 0 0 0 0 0 0 0 0 0 0 0 0 0 0 0 0 0 0 3 49505 0 0 1 0 0 93 0 0 10765745 21747434 16841839 0 0 0 21156552 0 0 0 0 
0 0 0 0 0 0 0 0 0 0 0 0 0 0 0 0 0 0 0 0 0 0 0 3 0 49515 49508 0 0 93 0 0 0 38593396 10766202 0 0 0 0 0 21154553 0 0 0 
0 0 0 0 0 0 0 0 0 0 0 0 0 0 0 0 0 0 0 0 0 0 0 3 49505 0 0 1 0 0 93 0 0 10765745 21747434 16841839 0 0 0 21156552 0 0 0 0 
0 0 0 0 0 0 0 0 0 0 0 0 0 0 0 0 0 0 0 0 0 0 0 3 0 49515 49508 0 0 93 0 0 0 38593396 10766202 0 0 0 0 0 21154553 0 0 0 
0 0 0 0 0 0 0 0 0 0 0 0 0 0 0 0 0 0 0 0 0 0 0 3 49505 0 0 1 0 0 93 0 0 10765745 21747434 16841839 0 0 0 21156552 0 0 0 0 
0 0 0 0 0 0 0 0 0 0 0 0 0 0 0 0 0 0 0 0 0 0 0 3 0 49515 49508 0 0 93 0 0 0 38593396 10766202 0 0 0 0 0 21154553 0 0 0 
0 0 0 0 0 0 0 0 0 0 0 0 0 0 0 0 0 0 0 0 0 0 0 3 49505 0 0 1 0 0 93 0 0 10765745 21747434 16841839 0 0 0 21156552 0 0 0 0 
0 0 0 0 0 0 0 0 0 0 0 0 0 0 0 0 0 0 0 0 0 0 0 3 0 49515 49508 0 0 93 0 0 0 38593396 10766202 0 0 0 0 0 21154553 0 0 0 
0 0 0 0 0 0 0 0 0 0 0 0 0 0 0 0 0 0 0 0 0 0 0 3 49505 0 0 1 0 0 93 0 0 10765745 21747434 16841839 0 0 0 21156552 0 0 0 0 
0 0 0 0 0 0 0 0 0 0 0 0 0 0 0 0 0 0 0 0 0 0 0 3 0 49515 49508 0 0 93 0 0 0 38593396 10766202 0 0 0 0 0 21154553 0 0 0 
0 0 0 0 0 0 0 0 0 0 0 0 0 0 0 0 0 0 0 0 0 0 0 3 49505 0 0 1 0 0 93 0 0 10765745 21747434 16841839 0 0 0 21156552 0 0 0 0 
0 0 0 0 0 0 0 0 0 0 0 0 0 0 0 0 0 0 0 0 0 0 0 3 0 49515 49508 0 0 93 0 0 0 38593396 10766202 0 0 0 0 0 21154553 0 0 0 
0 0 0 0 0 0 0 0 0 0 0 0 0 0 0 0 0 0 0 0 0 0 0 3 49505 0 0 1 0 0 93 0 0 10765745 21747434 16841839 0 0 0 21156552 0 0 0 0 
0 0 0 0 0 0 0 0 0 0 0 0 0 0 0 0 0 0 0 0 0 0 0 3 0 49515 49508 0 0 93 0 0 0 38593396 10766202 0 0 0 0 0 21154553 0 0 0 
0 0 0 0 0 0 0 0 0 0 0 0 0 0 0 0 0 0 0 0 0 0 0 3 49505 0 0 1 0 0 93 0 0 10765745 21747434 16841839 0 0 0 21156552 0 0 0 0 
0 0 0 0 0 0 0 0 0 0 0 0 0 0 0 0 0 0 0 0 0 0 0 3 0 49515 49508 0 0 93 0 0 0 38593396 10766202 0 0 0 0 0 21154553 0 0 0 
0 0 0 0 0 0 0 0 0 0 0 0 0 0 0 0 0 0 0 0 0 0 0 3 49505 0 0 1 0 0 93 0 0 10765745 21747434 16841839 0 0 0 21156552 0 0 0 0 
0 0 0 0 0 0 0 0 0 0 0 0 0 0 0 0 0 0 0 0 0 0 0 3 0 49515 49508 0 0 93 0 0 0 38593396 10766202 0 0 0 0 0 21154553 0 0 0 
0 0 0 0 0 0 0 0 0 0 0 0 0 0 0 0 0 0 0 0 0 0 0 3 49505 0 0 1 0 0 93 0 0 10765745 21747434 16841839 0 0 0 21156552 0 0 0 0 
0 0 0 0 0 0 0 0 0 0 0 0 0 0 0 0 0 0 0 0 0 0 0 3 0 49515 49508 0 0 93 0 0 0 38593396 10766202 0 0 0 0 0 21154553 0 0 0 
0 0 0 0 0 0 0 0 0 0 0 0 0 0 0 0 0 0 0 0 0 0 0 3 49505 0 0 1 0 0 93 0 0 10765745 21747434 16841839 0 0 0 21156552 0 0 0 0 
0 0 0 0 0 0 0 0 0 0 0 0 0 0 0 0 0 0 0 0 0 0 0 3 0 49515 49508 0 0 93 0 0 0 38593396 10766202 0 0 0 0 0 21154553 0 0 0 
0 0 0 0 0 0 0 0 0 0 0 0 0 0 0 0 0 0 0 0 0 0 0 3 49505 0 0 1 0 0 93 0 0 10765745 21747434 16841839 0 0 0 21156552 0 0 0 0 
0 0 0 0 0 0 0 0 0 0 0 0 0 0 0 0 0 0 0 0 0 0 0 3 0 49515 49508 0 0 93 0 0 0 38593396 10766202 0 0 0 0 0 21154553 0 0 0 
0 0 0 0 0 0 0 0 0 0 0 0 0 0 0 0 0 0 0 0 0 0 0 3 49505 0 0 1 0 0 93 0 0 10765745 21747434 16841839 0 0 0 21156552 0 0 0 0 
0 0 0 0 0 0 0 0 0 0 0 0 0 0 0 0 0 0 0 0 0 0 0 3 0 49515 49508 0 0 93 0 0 0 38593396 10766202 0 0 0 0 0 21154553 0 0 0 
0 0 0 0 0 0 0 0 0 0 0 0 0 0 0 0 0 0 0 0 0 0 0 3 49505 0 0 1 0 0 93 0 0 10765745 21747434 16841839 0 0 0 21156552 0 0 0 0 
0 0 0 0 0 0 0 0 0 0 0 0 0 0 0 0 0 0 0 0 0 0 0 3 0 49515 49508 0 0 93 0 0 0 38593396 10766202 0 0 0 0 0 21154553 0 0 0 
0 0 0 0 0 0 0 0 0 0 0 0 0 0 0 0 0 0 0 0 0 0 0 3 49505 0 0 1 0 0 93 0 0 10765745 21747434 16841839 0 0 0 21156552 0 0 0 0 
0 0 0 0 0 0 0 0 0 0 0 0 0 0 0 0 0 0 0 0 0 0 0 3 0 49515 49508 0 0 93 0 0 0 38593396 10766202 0 0 0 0 0 21154553 0 0 0 
0 0 0 0 0 0 0 0 0 0 0 0 0 0 0 0 0 0 0 0 0 0 0 3 49505 0 0 1 0 0 93 0 0 10765745 21747434 16841839 0 0 0 21156552 0 0 0 0 
====>
0 0 0 0 0 0 0 0 0 0 0 0 0 0 0 0 0 0 0 0 0 0 0 3 0 49515 49508 0 0 93 0 0 0 38593396 10766202 0 0 0 0 0 21154553 0 0 0 
0 0 0 0 0 0 0 0 0 0 0 0 0 0 0 0 0 0 0 0 0 0 0 3 49505 0 0 1 0 0 93 0 0 10765745 21747434 16841839 0 0 0 21156552 0 0 0 0 
0 0 0 0 0 0 0 0 0 0 0 0 0 0 0 0 0 0 0 0 0 0 0 3 0 49515 49508 0 0 93 0 0 0 38593396 10766202 0 0 0 0 0 21154553 0 0 0 
0 0 0 0 0 0 0 0 0 0 0 0 0 0 0 0 0 0 0 0 0 0 0 3 49505 0 0 1 0 0 93 0 0 10765745 21747434 16841839 0 0 0 21156552 0 0 0 0 
0 0 0 0 0 0 0 0 0 0 0 0 0 0 0 0 0 0 0 0 0 0 0 3 0 49515 49508 0 0 93 0 0 0 38593396 10766202 0 0 0 0 0 21154553 0 0 0 
0 0 0 0 0 0 0 0 0 0 0 0 0 0 0 0 0 0 0 0 0 0 0 3 49505 0 0 1 0 0 93 0 0 10765745 21747434 16841839 0 0 0 21156552 0 0 0 0 
0 0 0 0 0 0 0 0 0 0 0 0 0 0 0 0 0 0 0 0 0 0 0 3 0 49515 49508 0 0 93 0 0 0 38593396 10766202 0 0 0 0 0 21154553 0 0 0 
0 0 0 0 0 0 0 0 0 0 0 0 0 0 0 0 0 0 0 0 0 0 0 3 49505 0 0 1 0 0 93 0 0 10765745 21747434 16841839 0 0 0 21156552 0 0 0 0 
0 0 0 0 0 0 0 0 0 0 0 0 0 0 0 0 0 0 0 0 0 0 0 3 0 49515 49508 0 0 93 0 0 0 38593396 10766202 0 0 0 0 0 21154553 0 0 0 
0 0 0 0 0 0 0 0 0 0 0 0 0 0 0 0 0 0 0 0 0 0 0 3 49505 0 0 1 0 0 93 0 0 10765745 21747434 16841839 0 0 0 21156552 0 0 0 0 
0 0 0 0 0 0 0 0 0 0 0 0 0 0 0 0 0 0 0 0 0 0 0 3 0 49515 49508 0 0 93 0 0 0 38593396 10766202 0 0 0 0 0 21154553 0 0 0 
0 0 0 0 0 0 0 0 0 0 0 0 0 0 0 0 0 0 0 0 0 0 0 3 49505 0 0 1 0 0 93 0 0 10765745 21747434 16841839 0 0 0 21156552 0 0 0 0 
0 0 0 0 0 0 0 0 0 0 0 0 0 0 0 0 0 0 0 0 0 0 0 3 0 49515 49508 0 0 93 0 0 0 38593396 10766202 0 0 0 0 0 21154553 0 0 0 
0 0 0 0 0 0 0 0 0 0 0 0 0 0 0 0 0 0 0 0 0 0 0 3 49505 0 0 1 0 0 93 0 0 10765745 21747434 16841839 0 0 0 21156552 0 0 0 0 
0 0 0 0 0 0 0 0 0 0 0 0 0 0 0 0 0 0 0 0 0 0 0 3 0 49515 49508 0 0 93 0 0 0 38593396 10766202 0 0 0 0 0 21154553 0 0 0 
0 0 0 0 0 0 0 0 0 0 0 0 0 0 0 0 0 0 0 0 0 0 0 3 49505 0 0 1 0 0 93 0 0 10765745 21747434 16841839 0 0 0 21156552 0 0 0 0 
0 0 0 0 0 0 0 0 0 0 0 0 0 0 0 0 0 0 0 0 0 0 0 3 0 49515 49508 0 0 93 0 0 0 38593396 10766202 0 0 0 0 0 21154553 0 0 0 
0 0 0 0 0 0 0 0 0 0 0 0 0 0 0 0 0 0 0 0 0 0 0 3 49505 0 0 1 0 0 93 0 0 10765745 21747434 16841839 0 0 0 21156552 0 0 0 0 
0 0 0 0 0 0 0 0 0 0 0 0 0 0 0 0 0 0 0 0 0 0 0 3 0 49515 49508 0 0 93 0 0 0 38593396 10766202 0 0 0 0 0 21154553 0 0 0 
0 0 0 0 0 0 0 0 0 0 0 0 0 0 0 0 0 0 0 0 0 0 0 3 49505 0 0 1 0 0 93 0 0 10765745 21747434 16841839 0 0 0 21156552 0 0 0 0 
0 0 0 0 0 0 0 0 0 0 0 0 0 0 0 0 0 0 0 0 0 0 0 3 0 49515 49508 0 0 93 0 0 0 38593396 10766202 0 0 0 0 0 21154553 0 0 0 
0 0 0 0 0 0 0 0 0 0 0 0 0 0 0 0 0 0 0 0 0 0 0 3 49505 0 0 1 0 0 93 0 0 10765745 21747434 16841839 0 0 0 21156552 0 0 0 0 
0 0 0 0 0 0 0 0 0 0 0 0 0 0 0 0 0 0 0 0 0 0 0 3 0 49515 49508 0 0 93 0 0 0 38593396 10766202 0 0 0 0 0 21154553 0 0 0 
0 0 0 0 0 0 0 0 0 0 0 0 0 0 0 0 0 0 0 0 0 0 0 3 49505 0 0 1 0 0 93 0 0 10765745 21747434 16841839 0 0 0 21156552 0 0 0 0 
0 0 0 0 0 0 0 0 0 0 0 0 0 0 0 0 0 0 0 0 0 0 0 3 0 49515 49508 0 0 93 0 0 0 38593396 10766202 0 0 0 0 0 21154553 0 0 0 
0 0 0 0 0 0 0 0 0 0 0 0 0 0 0 0 0 0 0 0 0 0 0 3 49505 0 0 1 0 0 93 0 0 10765745 21747434 16841839 0 0 0 21156552 0 0 0 0 
0 0 0 0 0 0 0 0 0 0 0 0 0 0 0 0 0 0 0 0 0 0 0 3 0 49515 49508 0 0 93 0 0 0 38593396 10766202 0 0 0 0 0 21154553 0 0 0 
0 0 0 0 0 0 0 0 0 0 0 0 0 0 0 0 0 0 0 0 0 0 0 3 49505 0 0 1 0 0 93 0 0 10765745 21747434 16841839 0 0 0 21156552 0 0 0 0 
0 0 0 0 0 0 0 0 0 0 0 0 0 0 0 0 0 0 0 0 0 0 0 3 0 49515 49508 0 0 93 0 0 0 38593396 10766202 0 0 0 0 0 21154553 0 0 0 
0 0 0 0 0 0 0 0 0 0 0 0 0 0 0 0 0 0 0 0 0 0 0 3 49505 0 0 1 0 0 93 0 0 10765745 21747434 16841839 0 0 0 21156552 0 0 0 0 
0 0 0 0 0 0 0 0 0 0 0 0 0 0 0 0 0 0 0 0 0 0 0 3 0 49515 49508 0 0 93 0 0 0 38593396 10766202 0 0 0 0 0 21154553 0 0 0 
0 0 0 0 0 0 0 0 0 0 0 0 0 0 0 0 0 0 0 0 0 0 0 3 49505 0 0 1 0 0 93 0 0 10765745 21747434 16841839 0 0 0 21156552 0 0 0 0 
0 0 0 0 0 0 0 0 0 0 0 0 0 0 0 0 0 0 0 0 0 0 0 3 0 49515 49508 0 0 93 0 0 0 38593396 10766202 0 0 0 0 0 21154553 0 0 0 
0 0 0 0 0 0 0 0 0 0 0 0 0 0 0 0 0 0 0 0 0 0 0 3 49505 0 0 1 0 0 93 0 0 10765745 21747434 16841839 0 0 0 21156552 0 0 0 0 
0 0 0 0 0 0 0 0 0 0 0 0 0 0 0 0 0 0 0 0 0 0 0 3 0 49515 49508 0 0 93 0 0 0 38593396 10766202 0 0 0 0 0 21154553 0 0 0 
0 0 0 0 0 0 0 0 0 0 0 0 0 0 0 0 0 0 0 0 0 0 0 3 49505 0 0 1 0 0 93 0 0 10765745 21747434 16841839 0 0 0 21156552 0 0 0 0 
0 0 0 0 0 0 0 0 0 0 0 0 0 0 0 0 0 0 0 0 0 0 0 3 0 49515 49508 0 0 93 0 0 0 38593396 10766202 0 0 0 0 0 21154553 0 0 0 
0 0 0 0 0 0 0 0 0 0 0 0 0 0 0 0 0 0 0 0 0 0 0 3 49505 0 0 1 0 0 93 0 0 10765745 21747434 16841839 0 0 0 21156552 0 0 0 0 
0 0 0 0 0 0 0 0 0 0 0 0 0 0 0 0 0 0 0 0 0 0 0 3 0 49515 49508 0 0 93 0 0 0 38593396 10766202 0 0 0 0 0 21154553 0 0 0 
0 0 0 0 0 0 0 0 0 0 0 0 0 0 0 0 0 0 0 0 0 0 0 3 49505 0 0 1 0 0 93 0 0 10765745 21747434 16841839 0 0 0 21156552 0 0 0 0 
0 0 0 0 0 0 0 0 0 0 0 0 0 0 0 0 0 0 0 0 0 0 0 3 0 49515 49508 0 0 93 0 0 0 38593396 10766202 0 0 0 0 0 21154553 0 0 0 
0 0 0 0 0 0 0 0 0 0 0 0 0 0 0 0 0 0 0 0 0 0 0 3 49505 0 0 1 0 0 93 0 0 10765745 21747434 16841839 0 0 0 21156552 0 0 0 0 
0 0 0 0 0 0 0 0 0 0 0 0 0 0 0 0 0 0 0 0 0 0 0 3 0 49515 49508 0 0 93 0 0 0 38593396 10766202 0 0 0 0 0 21154553 0 0 0 
0 0 0 0 0 0 0 0 0 0 0 0 0 0 0 0 0 0 0 0 0 0 0 3 49505 0 0 1 0 0 93 0 0 10765745 21747434 16841839 0 0 0 21156552 0 0 0 0 
0 0 0 0 0 0 0 0 0 0 0 0 0 0 0 0 0 0 0 0 0 0 0 3 0 49515 49508 0 0 93 0 0 0 38593396 10766202 0 0 0 0 0 21154553 0 0 0 
0 0 0 0 0 0 0 0 0 0 0 0 0 0 0 0 0 0 0 0 0 0 0 3 49505 0 0 1 0 0 93 0 0 10765745 21747434 16841839 0 0 0 21156552 0 0 0 0 
0 0 0 0 0 0 0 0 0 0 0 0 0 0 0 0 0 0 0 0 0 0 0 3 0 49515 49508 0 0 93 0 0 0 38593396 10766202 0 0 0 0 0 21154553 0 0 0 
0 0 0 0 0 0 0 0 0 0 0 0 0 0 0 0 0 0 0 0 0 0 0 3 49505 0 0 1 0 0 93 0 0 10765745 21747434 16841839 0 0 0 21156552 0 0 0 0 
0 0 0 0 0 0 0 0 0 0 0 0 0 0 0 0 0 0 0 0 0 0 0 3 0 49515 49508 0 0 93 0 0 0 38593396 10766202 0 0 0 0 0 21154553 0 0 0 
0 0 0 0 0 0 0 0 0 0 0 0 0 0 0 0 0 0 0 0 0 0 0 3 49505 0 0 1 0 0 93 0 0 10765745 21747434 16841839 0 0 0 21156552 0 0 0 0 
0 0 0 0 0 0 0 0 0 0 0 0 0 0 0 0 0 0 0 0 0 0 0 3 0 49515 49508 0 0 93 0 0 0 38593396 10766202 0 0 0 0 0 21154553 0 0 0 
0 0 0 0 0 0 0 0 0 0 0 0 0 0 0 0 0 0 0 0 0 0 0 3 49505 0 0 1 0 0 93 0 0 10765745 21747434 16841839 0 0 0 21156552 0 0 0 0 
0 0 0 0 0 0 0 0 0 0 0 0 0 0 0 0 0 0 0 0 0 0 0 3 0 49515 49508 0 0 93 0 0 0 38593396 10766202 0 0 0 0 0 21154553 0 0 0 
0 0 0 0 0 0 0 0 0 0 0 0 0 0 0 0 0 0 0 0 0 0 0 3 49505 0 0 1 0 0 93 0 0 10765745 21747434 16841839 0 0 0 21156552 0 0 0 0 
0 0 0 0 0 0 0 0 0 0 0 0 0 0 0 0 0 0 0 0 0 0 0 3 0 49515 49508 0 0 93 0 0 0 38593396 10766202 0 0 0 0 0 21154553 0 0 0 
0 0 0 0 0 0 0 0 0 0 0 0 0 0 0 0 0 0 0 0 0 0 0 3 49505 0 0 1 0 0 93 0 0 10765745 21747434 16841839 0 0 0 21156552 0 0 0 0 
0 0 0 0 0 0 0 0 0 0 0 0 0 0 0 0 0 0 0 0 0 0 0 3 0 49515 49508 0 0 93 0 0 0 38593396 10766202 0 0 0 0 0 21154553 0 0 0 
0 0 0 0 0 0 0 0 0 0 0 0 0 0 0 0 0 0 0 0 0 0 0 3 49505 0 0 1 0 0 93 0 0 10765745 21747434 16841839 0 0 0 21156552 0 0 0 0 
0 0 0 0 0 0 0 0 0 0 0 0 0 0 0 0 0 0 0 0 0 0 0 3 0 49515 49508 0 0 93 0 0 0 38593396 10766202 0 0 0 0 0 21154553 0 0 0 
0 0 0 0 0 0 0 0 0 0 0 0 0 0 0 0 0 0 0 0 0 0 0 3 49505 0 0 1 0 0 93 0 0 10765745 21747434 16841839 0 0 0 21156552 0 0 0 0 
0 0 0 0 0 0 0 0 0 0 0 0 0 0 0 0 0 0 0 0 0 0 0 3 0 49515 49508 0 0 93 0 0 0 38593396 10766202 0 0 0 0 0 21154553 0 0 0 
0 0 0 0 0 0 0 0 0 0 0 0 0 0 0 0 0 0 0 0 0 0 0 3 49505 0 0 1 0 0 93 0 0 10765745 21747434 16841839 0 0 0 21156552 0 0 0 0 
0 0 0 0 0 0 0 0 0 0 0 0 0 0 0 0 0 0 0 0 0 0 0 3 0 49515 49508 0 0 93 0 0 0 38593396 10766202 0 0 0 0 0 21154553 0 0 0 
0 0 0 0 0 0 0 0 0 0 0 0 0 0 0 0 0 0 0 0 0 0 0 3 49505 0 0 1 0 0 93 0 0 10765745 21747434 16841839 0 0 0 21156552 0 0 0 0 
0 0 0 0 0 0 0 0 0 0 0 0 0 0 0 0 0 0 0 0 0 0 0 3 0 49515 49508 0 0 93 0 0 0 38593396 10766202 0 0 0 0 0 21154553 0 0 0 
0 0 0 0 0 0 0 0 0 0 0 0 0 0 0 0 0 0 0 0 0 0 0 3 49505 0 0 1 0 0 93 0 0 10765745 21747434 16841839 0 0 0 21156552 0 0 0 0 
0 0 0 0 0 0 0 0 0 0 0 0 0 0 0 0 0 0 0 0 0 0 0 3 0 49515 49508 0 0 93 0 0 0 38593396 10766202 0 0 0 0 0 21154553 0 0 0 
0 0 0 0 0 0 0 0 0 0 0 0 0 0 0 0 0 0 0 0 0 0 0 3 49505 0 0 1 0 0 93 0 0 10765745 21747434 16841839 0 0 0 21156552 0 0 0 0 
0 0 0 0 0 0 0 0 0 0 0 0 0 0 0 0 0 0 0 0 0 0 0 3 0 49515 49508 0 0 93 0 0 0 38593396 10766202 0 0 0 0 0 21154553 0 0 0 
0 0 0 0 0 0 0 0 0 0 0 0 0 0 0 0 0 0 0 0 0 0 0 3 49505 0 0 1 0 0 93 0 0 10765745 21747434 16841839 0 0 0 21156552 0 0 0 0 
0 0 0 0 0 0 0 0 0 0 0 0 0 0 0 0 0 0 0 0 0 0 0 3 0 49515 49508 0 0 93 0 0 0 38593396 10766202 0 0 0 0 0 21154553 0 0 0 
0 0 0 0 0 0 0 0 0 0 0 0 0 0 0 0 0 0 0 0 0 0 0 3 49505 0 0 1 0 0 93 0 0 10765745 21747434 16841839 0 0 0 21156552 0 0 0 0 
0 0 0 0 0 0 0 0 0 0 0 0 0 0 0 0 0 0 0 0 0 0 0 3 0 49515 49508 0 0 93 0 0 0 38593396 10766202 0 0 0 0 0 21154553 0 0 0 
0 0 0 0 0 0 0 0 0 0 0 0 0 0 0 0 0 0 0 0 0 0 0 3 49505 0 0 1 0 0 93 0 0 10765745 21747434 16841839 0 0 0 21156552 0 0 0 0 
0 0 0 0 0 0 0 0 0 0 0 0 0 0 0 0 0 0 0 0 0 0 0 3 0 49515 49508 0 0 93 0 0 0 38593396 10766202 0 0 0 0 0 21154553 0 0 0 
0 0 0 0 0 0 0 0 0 0 0 0 0 0 0 0 0 0 0 0 0 0 0 3 49505 0 0 1 0 0 93 0 0 10765745 21747434 16841839 0 0 0 21156552 0 0 0 0 
0 0 0 0 0 0 0 0 0 0 0 0 0 0 0 0 0 0 0 0 0 0 0 3 0 49515 49508 0 0 93 0 0 0 38593396 10766202 0 0 0 0 0 21154553 0 0 0 
0 0 0 0 0 0 0 0 0 0 0 0 0 0 0 0 0 0 0 0 0 0 0 3 49505 0 0 1 0 0 93 0 0 10765745 21747434 16841839 0 0 0 21156552 0 0 0 0 
0 0 0 0 0 0 0 0 0 0 0 0 0 0 0 0 0 0 0 0 0 0 0 3 0 49515 49508 0 0 93 0 0 0 38593396 10766202 0 0 0 0 0 21154553 0 0 0 
0 0 0 0 0 0 0 0 0 0 0 0 0 0 0 0 0 0 0 0 0 0 0 3 49505 0 0 1 0 0 93 0 0 10765745 21747434 16841839 0 0 0 21156552 0 0 0 0 
0 0 0 0 0 0 0 0 0 0 0 0 0 0 0 0 0 0 0 0 0 0 0 3 0 49515 49508 0 0 93 0 0 0 38593396 10766202 0 0 0 0 0 21154553 0 0 0 
0 0 0 0 0 0 0 0 0 0 0 0 0 0 0 0 0 0 0 0 0 0 0 3 49505 0 0 1 0 0 93 0 0 10765745 21747434 16841839 0 0 0 21156552 0 0 0 0 
0 0 0 0 0 0 0 0 0 0 0 0 0 0 0 0 0 0 0 0 0 0 0 3 0 49515 49508 0 0 93 0 0 0 38593396 10766202 0 0 0 0 0 21154553 0 0 0 
0 0 0 0 0 0 0 0 0 0 0 0 0 0 0 0 0 0 0 0 0 0 0 3 49505 0 0 1 0 0 93 0 0 10765745 21747434 16841839 0 0 0 21156552 0 0 0 0 
0 0 0 0 0 0 0 0 0 0 0 0 0 0 0 0 0 0 0 0 0 0 0 3 0 49515 49508 0 0 93 0 0 0 38593396 10766202 0 0 0 0 0 21154553 0 0 0 
0 0 0 0 0 0 0 0 0 0 0 0 0 0 0 0 0 0 0 0 0 0 0 3 49505 0 0 1 0 0 93 0 0 10765745 21747434 16841839 0 0 0 21156552 0 0 0 0 
0 0 0 0 0 0 0 0 0 0 0 0 0 0 0 0 0 0 0 0 0 0 0 3 0 49515 49508 0 0 93 0 0 0 38593396 10766202 0 0 0 0 0 21154553 0 0 0 
0 0 0 0 0 0 0 0 0 0 0 0 0 0 0 0 0 0 0 0 0 0 0 3 49505 0 0 1 0 0 93 0 0 10765745 21747434 16841839 0 0 0 21156552 0 0 0 0 
0 0 0 0 0 0 0 0 0 0 0 0 0 0 0 0 0 0 0 0 0 0 0 3 0 49515 49508 0 0 93 0 0 0 38593396 10766202 0 0 0 0 0 21154553 0 0 0 
0 0 0 0 0 0 0 0 0 0 0 0 0 0 0 0 0 0 0 0 0 0 0 3 49505 0 0 1 0 0 93 0 0 10765745 21747434 16841839 0 0 0 21156552 0 0 0 0 
0 0 0 0 0 0 0 0 0 0 0 0 0 0 0 0 0 0 0 0 0 0 0 3 0 49515 49512 0 0 105 0 0 0 38609300 10766202 0 0 0 0 0 21154553 0 0 0 
0 0 0 0 0 0 0 0 0 0 0 0 0 0 0 0 0 0 0 0 0 0 0 3 49509 0 0 1 0 0 105 0 0 10765745 21763337 16841843 0 0 0 21156552 0 0 0 0 
0 0 0 0 0 0 0 0 0 0 0 0 0 0 0 0 0 0 0 0 0 0 0 3 0 49515 49512 0 0 105 0 0 0 38627586 10766205 0 0 0 0 0 21154553 0 0 0 
0 0 0 0 0 0 0 0 0 0 0 0 0 0 0 0 0 0 0 0 0 0 0 3 49509 0 0 1 0 0 105 0 0 10765748 21781630 16841843 0 0 0 21156552 0 0 0 0 
0 0 0 0 0 0 0 0 0 0 0 0 0 0 0 0 0 0 0 0 0 0 0 3 0 49515 49512 0 0 105 0 0 0 38627589 10766209 0 0 0 0 0 21154553 0 0 0 
0 0 0 0 0 0 0 0 0 0 0 0 0 0 0 0 0 0 0 0 0 0 0 3 49509 0 0 1 0 0 105 0 0 10765752 21781633 16841843 0 0 0 21156552 0 0 0 0 
0 0 0 0 0 0 0 0 0 0 0 0 0 0 0 0 0 0 0 0 0 0 0 3 0 49515 49512 0 0 105 0 0 0 38627592 10766211 0 0 0 0 0 21154553 0 0 0 
0 0 0 0 0 0 0 0 0 0 0 0 0 0 0 0 0 0 0 0 0 0 0 3 49509 0 0 1 0 0 105 0 0 10765754 21781636 16841843 0 0 0 21156552 0 0 0 0 
0 0 0 0 0 0 0 0 0 0 0 0 0 0 0 0 0 0 0 0 0 0 0 3 0 49515 49512 0 0 105 0 0 0 38627595 10766214 0 0 0 0 0 21154553 0 0 0 
0 0 0 0 0 0 0 0 0 0 0 0 0 0 0 0 0 0 0 0 0 0 0 3 49509 0 0 1 0 0 105 0 0 10765757 21781639 16841843 0 0 0 21156552 0 0 0 0 
0 0 0 0 0 0 0 0 0 0 0 0 0 0 0 0 0 0 0 0 0 0 0 3 0 49515 49512 0 0 105 0 0 0 38627598 10766217 0 0 0 0 0 21154553 0 0 0 
0 0 0 0 0 0 0 0 0 0 0 0 0 0 0 0 0 0 0 0 0 0 0 3 49509 0 0 1 0 0 105 0 0 10765760 21781642 16841843 0 0 0 21156552 0 0 0 0 
0 0 0 0 0 0 0 0 0 0 0 0 0 0 0 0 0 0 0 0 0 0 0 3 0 49515 49512 0 0 105 0 0 0 38627601 10766221 0 0 0 0 0 21154553 0 0 0 
0 0 0 0 0 0 0 0 0 0 0 0 0 0 0 0 0 0 0 0 0 0 0 3 49509 0 0 1 0 0 105 0 0 10765764 21781645 16841843 0 0 0 21156552 0 0 0 0 
0 0 0 0 0 0 0 0 0 0 0 0 0 0 0 0 0 0 0 0 0 0 0 3 0 49515 49512 0 0 105 0 0 0 38627605 10766224 0 0 0 0 0 21154553 0 0 0 
0 0 0 0 0 0 0 0 0 0 0 0 0 0 0 0 0 0 0 0 0 0 0 3 49509 0 0 1 0 0 105 0 0 10765767 21781649 16841843 0 0 0 21156552 0 0 0 0 
0 0 0 0 0 0 0 0 0 0 0 0 0 0 0 0 0 0 0 0 0 0 0 3 0 49515 49512 0 0 105 0 0 0 38627608 10766227 0 0 0 0 0 21154553 0 0 0 
0 0 0 0 0 0 0 0 0 0 0 0 0 0 0 0 0 0 0 0 0 0 0 3 49509 0 0 1 0 0 105 0 0 10765770 21781652 16841843 0 0 0 21156552 0 0 0 0 
0 0 0 0 0 0 0 0 0 0 0 0 0 0 0 0 0 0 0 0 0 0 0 3 0 49515 49512 0 0 105 0 0 0 38627611 10766230 0 0 0 0 0 21154553 0 0 0 
0 0 0 0 0 0 0 0 0 0 0 0 0 0 0 0 0 0 0 0 0 0 0 3 49509 0 0 1 0 0 105 0 0 10765773 21781655 16841843 0 0 0 21156552 0 0 0 0 
0 0 0 0 0 0 0 0 0 0 0 0 0 0 0 0 0 0 0 0 0 0 0 3 0 49515 49512 0 0 105 0 0 0 38627614 10766233 0 0 0 0 0 21154553 0 0 0 
0 0 0 0 0 0 0 0 0 0 0 0 0 0 0 0 0 0 0 0 0 0 0 3 49509 0 0 1 0 0 105 0 0 10765776 21781658 16841843 0 0 0 21156552 0 0 0 0 
0 0 0 0 0 0 0 0 0 0 0 0 0 0 0 0 0 0 0 0 0 0 0 3 0 49515 49512 0 0 105 0 0 0 38627618 10766237 0 0 0 0 0 21154553 0 0 0 
0 0 0 0 0 0 0 0 0 0 0 0 0 0 0 0 0 0 0 0 0 0 0 3 49509 0 0 1 0 0 105 0 0 10765780 21781662 16841843 0 0 0 21156552 0 0 0 0 
0 0 0 0 0 0 0 0 0 0 0 0 0 0 0 0 0 0 0 0 0 0 0 3 0 49515 49512 0 0 105 0 0 0 38627621 10766240 0 0 0 0 0 21154553 0 0 0 
0 0 0 0 0 0 0 0 0 0 0 0 0 0 0 0 0 0 0 0 0 0 0 3 49509 0 0 1 0 0 105 0 0 10765783 21781665 16841843 0 0 0 21156552 0 0 0 0 
0 0 0 0 0 0 0 0 0 0 0 0 0 0 0 0 0 0 0 0 0 0 0 3 0 49515 49512 0 0 105 0 0 0 38627624 10766243 0 0 0 0 0 21154553 0 0 0 
0 0 0 0 0 0 0 0 0 0 0 0 0 0 0 0 0 0 0 0 0 0 0 3 49509 0 0 1 0 0 105 0 0 10765786 21781668 16841843 0 0 0 21156552 0 0 0 0 
0 0 0 0 0 0 0 0 0 0 0 0 0 0 0 0 0 0 0 0 0 0 0 3 0 49515 49512 0 0 105 0 0 0 38627627 10766247 0 0 0 0 0 21154553 0 0 0 
0 0 0 0 0 0 0 0 0 0 0 0 0 0 0 0 0 0 0 0 0 0 0 3 49509 0 0 1 0 0 105 0 0 10765790 21781671 16841843 0 0 0 21156552 0 0 0 0 
0 0 0 0 0 0 0 0 0 0 0 0 0 0 0 0 0 0 0 0 0 0 0 3 0 49515 49512 0 0 105 0 0 0 38627631 10766250 0 0 0 0 0 21154553 0 0 0 
0 0 0 0 0 0 0 0 0 0 0 0 0 0 0 0 0 0 0 0 0 0 0 3 49509 0 0 1 0 0 105 0 0 10765793 21781675 16841843 0 0 0 21156552 0 0 0 0 
0 0 0 0 0 0 0 0 0 0 0 0 0 0 0 0 0 0 0 0 0 0 0 3 0 49515 49512 0 0 105 0 0 0 38627634 10766253 0 0 0 0 0 21154553 0 0 0 
0 0 0 0 0 0 0 0 0 0 0 0 0 0 0 0 0 0 0 0 0 0 0 3 49509 0 0 1 0 0 105 0 0 10765796 21781678 16841843 0 0 0 21156552 0 0 0 0 
0 0 0 0 0 0 0 0 0 0 0 0 0 0 0 0 0 0 0 0 0 0 0 3 0 49515 49512 0 0 105 0 0 0 38627637 10766256 0 0 0 0 0 21154553 0 0 0 
0 0 0 0 0 0 0 0 0 0 0 0 0 0 0 0 0 0 0 0 0 0 0 3 49509 0 0 1 0 0 105 0 0 10765799 21781681 16841843 0 0 0 21156552 0 0 0 0 
0 0 0 0 0 0 0 0 0 0 0 0 0 0 0 0 0 0 0 0 0 0 0 3 0 49515 49512 0 0 105 0 0 0 38627640 10766260 0 0 0 0 0 21154553 0 0 0 
0 0 0 0 0 0 0 0 0 0 0 0 0 0 0 0 0 0 0 0 0 0 0 3 49509 0 0 1 0 0 105 0 0 10765803 21781684 16841843 0 0 0 21156552 0 0 0 0 
0 0 0 0 0 0 0 0 0 0 0 0 0 0 0 0 0 0 0 0 0 0 0 3 0 49515 49512 0 0 105 0 0 0 38627644 10766263 0 0 0 0 0 21154553 0 0 0 
0 0 0 0 0 0 0 0 0 0 0 0 0 0 0 0 0 0 0 0 0 0 0 3 49509 0 0 1 0 0 105 0 0 10765806 21781688 16841843 0 0 0 21156552 0 0 0 0 
0 0 0 0 0 0 0 0 0 0 0 0 0 0 0 0 0 0 0 0 0 0 0 3 0 49515 49512 0 0 105 0 0 0 38627647 10766266 0 0 0 0 0 21154553 0 0 0 
0 0 0 0 0 0 0 0 0 0 0 0 0 0 0 0 0 0 0 0 0 0 0 3 49509 0 0 1 0 0 105 0 0 10765809 21781691 16841843 0 0 0 21156552 0 0 0 0 
0 0 0 0 0 0 0 0 0 0 0 0 0 0 0 0 0 0 0 0 0 0 0 3 0 49515 49512 0 0 105 0 0 0 38627650 10766269 0 0 0 0 0 21154553 0 0 0 
0 0 0 0 0 0 0 0 0 0 0 0 0 0 0 0 0 0 0 0 0 0 0 3 49509 0 0 1 0 0 105 0 0 10765812 21781694 16841843 0 0 0 21156552 0 0 0 0 
0 0 0 0 0 0 0 0 0 0 0 0 0 0 0 0 0 0 0 0 0 0 0 3 0 49515 49512 0 0 105 0 0 0 38627653 10766273 0 0 0 0 0 21154553 0 0 0 
0 0 0 0 0 0 0 0 0 0 0 0 0 0 0 0 0 0 0 0 0 0 0 3 49509 0 0 1 0 0 105 0 0 10765816 21781697 16841843 0 0 0 21156552 0 0 0 0 
0 0 0 0 0 0 0 0 0 0 0 0 0 0 0 0 0 0 0 0 0 0 0 3 0 49515 49512 0 0 105 0 0 0 38627657 10766276 0 0 0 0 0 21154553 0 0 0 
0 0 0 0 0 0 0 0 0 0 0 0 0 0 0 0 0 0 0 0 0 0 0 3 49509 0 0 1 0 0 105 0 0 10765819 21781701 16841843 0 0 0 21156552 0 0 0 0 
0 0 0 0 0 0 0 0 0 0 0 0 0 0 0 0 0 0 0 0 0 0 0 3 0 49515 49512 0 0 105 0 0 0 38627660 10766279 0 0 0 0 0 21154553 0 0 0 
0 0 0 0 0 0 0 0 0 0 0 0 0 0 0 0 0 0 0 0 0 0 0 3 49509 0 0 1 0 0 105 0 0 10765822 21781704 16841843 0 0 0 21156552 0 0 0 0 
0 0 0 0 0 0 0 0 0 0 0 0 0 0 0 0 0 0 0 0 0 0 0 3 0 49515 49512 0 0 105 0 0 0 38627663 10766282 0 0 0 0 0 21154553 0 0 0 
0 0 0 0 0 0 0 0 0 0 0 0 0 0 0 0 0 0 0 0 0 0 0 3 49509 0 0 1 0 0 105 0 0 10765825 21781707 16841843 0 0 0 21156552 0 0 0 0 
0 0 0 0 0 0 0 0 0 0 0 0 0 0 0 0 0 0 0 0 0 0 0 3 0 49515 49512 0 0 105 0 0 0 38627666 10766286 0 0 0 0 0 21154553 0 0 0 
0 0 0 0 0 0 0 0 0 0 0 0 0 0 0 0 0 0 0 0 0 0 0 3 49509 0 0 1 0 0 105 0 0 10765829 21781710 16841843 0 0 0 21156552 0 0 0 0 
0 0 0 0 0 0 0 0 0 0 0 0 0 0 0 0 0 0 0 0 0 0 0 3 0 49515 49512 0 0 105 0 0 0 38627670 10766289 0 0 0 0 0 21154553 0 0 0 
0 0 0 0 0 0 0 0 0 0 0 0 0 0 0 0 0 0 0 0 0 0 0 3 49509 0 0 1 0 0 105 0 0 10765832 21781714 16841843 0 0 0 21156552 0 0 0 0 
0 0 0 0 0 0 0 0 0 0 0 0 0 0 0 0 0 0 0 0 0 0 0 3 0 49515 49512 0 0 105 0 0 0 38627673 10766292 0 0 0 0 0 21154553 0 0 0 
0 0 0 0 0 0 0 0 0 0 0 0 0 0 0 0 0 0 0 0 0 0 0 3 49509 0 0 1 0 0 105 0 0 10765835 21781717 16841843 0 0 0 21156552 0 0 0 0 
0 0 0 0 0 0 0 0 0 0 0 0 0 0 0 0 0 0 0 0 0 0 0 3 0 49515 49512 0 0 105 0 0 0 38627676 10766295 0 0 0 0 0 21154553 0 0 0 
0 0 0 0 0 0 0 0 0 0 0 0 0 0 0 0 0 0 0 0 0 0 0 3 49509 0 0 1 0 0 105 0 0 10765838 21781720 16841843 0 0 0 21156552 0 0 0 0 
0 0 0 0 0 0 0 0 0 0 0 0 0 0 0 0 0 0 0 0 0 0 0 3 0 49515 49512 0 0 105 0 0 0 38627680 10766299 0 0 0 0 0 21154553 0 0 0 
0 0 0 0 0 0 0 0 0 0 0 0 0 0 0 0 0 0 0 0 0 0 0 3 49509 0 0 1 0 0 105 0 0 10765842 21781724 16841843 0 0 0 21156552 0 0 0 0 
0 0 0 0 0 0 0 0 0 0 0 0 0 0 0 0 0 0 0 0 0 0 0 3 0 49518 49512 0 0 105 0 0 2 38627682 10766304 0 0 0 0 0 21154556 0 0 0 
0 0 0 0 0 0 0 0 0 0 0 0 0 0 0 0 0 0 0 0 0 0 0 3 49509 0 0 1 0 0 105 2 0 10765847 21781726 16841843 0 0 0 21156555 0 0 0 0 
0 0 0 0 0 0 0 0 0 0 0 0 0 0 0 0 0 0 0 0 0 0 0 3 0 49519 49512 0 0 105 0 0 4 38627682 10766305 0 0 0 0 0 21154558 0 0 0 
0 0 0 0 0 0 0 0 0 0 0 0 0 0 0 0 0 0 0 0 0 0 0 3 49509 0 0 1 0 0 105 4 0 10765848 21781726 16841843 0 0 0 21156557 0 0 0 0 
0 0 0 0 0 0 0 0 0 0 0 0 0 0 0 0 0 0 0 0 0 0 0 3 0 49519 49512 0 0 105 0 0 4 38627682 10766305 0 0 0 0 0 21154558 0 0 0 
0 0 0 0 0 0 0 0 0 0 0 0 0 0 0 0 0 0 0 0 0 0 0 3 49509 0 0 1 0 0 105 4 0 10765848 21781726 16841843 0 0 0 21156557 0 0 0 0 
0 0 0 0 0 0 0 0 0 0 0 0 0 0 0 0 0 0 0 0 0 0 0 3 0 49519 49512 0 0 105 0 0 4 38627682 10766305 0 0 0 0 0 21154558 0 0 0 
0 0 0 0 0 0 0 0 0 0 0 0 0 0 0 0 0 0 0 0 0 0 0 3 49509 0 0 1 0 0 105 4 0 10765848 21781726 16841843 0 0 0 21156557 0 0 0 0 
0 0 0 0 0 0 0 0 0 0 0 0 0 0 0 0 0 0 0 0 0 0 0 3 0 49519 49512 0 0 105 0 0 4 38627682 10767789 0 0 0 0 0 21154558 0 0 0 
0 0 0 0 0 0 0 0 0 0 0 0 0 0 0 0 0 0 0 0 0 0 0 3 49509 0 0 1 0 0 105 4 0 10767332 21781726 16841843 0 0 0 21156557 0 0 0 0 
0 0 0 0 0 0 0 0 0 0 0 0 0 0 0 0 0 0 0 0 0 0 0 3 0 49519 49512 0 0 105 0 0 4 38627682 10769712 0 0 0 0 0 21154558 0 0 0 
0 0 0 0 0 0 0 0 0 0 0 0 0 0 0 0 0 0 0 0 0 0 0 3 49509 0 0 1 0 0 105 4 0 10769255 21781726 16841843 0 0 0 21156557 0 0 0 0 
0 0 0 0 0 0 0 0 0 0 0 0 0 0 0 0 0 0 0 0 0 0 0 3 0 49519 49512 0 0 105 0 0 4 38627682 10771189 0 0 0 0 0 21154558 0 0 0 
0 0 0 0 0 0 0 0 0 0 0 0 0 0 0 0 0 0 0 0 0 0 0 3 49509 0 0 1 0 0 105 4 0 10770732 21781726 16841843 0 0 0 21156557 0 0 0 0 
0 0 0 0 0 0 0 0 0 0 0 0 0 0 0 0 0 0 0 0 0 0 0 3 0 49519 49512 0 0 105 0 0 4 38627682 10771189 0 0 0 0 0 21154558 0 0 0 
0 0 0 0 0 0 0 0 0 0 0 0 0 0 0 0 0 0 0 0 0 0 0 3 49509 0 0 1 0 0 105 4 0 10770732 21781726 16841843 0 0 0 21156557 0 0 0 0 
0 0 0 0 0 0 0 0 0 0 0 0 0 0 0 0 0 0 0 0 0 0 0 3 0 49519 49512 0 0 105 0 0 4 38627682 10771189 0 0 0 0 0 21154558 0 0 0 
0 0 0 0 0 0 0 0 0 0 0 0 0 0 0 0 0 0 0 0 0 0 0 3 49509 0 0 1 0 0 105 4 0 10770732 21781726 16841843 0 0 0 21156557 0 0 0 0 
0 0 0 0 0 0 0 0 0 0 0 0 0 0 0 0 0 0 0 0 0 0 0 3 0 49519 49512 0 0 105 0 0 4 38627682 10771189 0 0 0 0 0 21154558 0 0 0 
0 0 0 0 0 0 0 0 0 0 0 0 0 0 0 0 0 0 0 0 0 0 0 3 49509 0 0 1 0 0 105 4 0 10770732 21781726 16841843 0 0 0 21156557 0 0 0 0 
0 0 0 0 0 0 0 0 0 0 0 0 0 0 0 0 0 0 0 0 0 0 0 3 0 49519 49512 0 0 105 0 0 4 38627682 10771189 0 0 0 0 0 21154558 0 0 0 
0 0 0 0 0 0 0 0 0 0 0 0 0 0 0 0 0 0 0 0 0 0 0 3 49509 0 0 1 0 0 105 4 0 10770732 21781726 16841843 0 0 0 21156557 0 0 0 0 
0 0 0 0 0 0 0 0 0 0 0 0 0 0 0 0 0 0 0 0 0 0 0 3 0 49519 49512 0 0 105 0 0 4 38627682 10771189 0 0 0 0 0 21154558 0 0 0 
0 0 0 0 0 0 0 0 0 0 0 0 0 0 0 0 0 0 0 0 0 0 0 3 49509 0 0 1 0 0 105 4 0 10770732 21781726 16841843 0 0 0 21156557 0 0 0 0 
0 0 0 0 0 0 0 0 0 0 0 0 0 0 0 0 0 0 0 0 0 0 0 3 0 49519 49512 0 0 105 0 0 4 38627682 10771189 0 0 0 0 0 21154558 0 0 0 
0 0 0 0 0 0 0 0 0 0 0 0 0 0 0 0 0 0 0 0 0 0 0 3 49509 0 0 1 0 0 105 4 0 10770732 21781726 16841843 0 0 0 21156557 0 0 0 0 
0 0 0 0 0 0 0 0 0 0 0 0 0 0 0 0 0 0 0 0 0 0 0 3 0 49519 49512 0 0 105 0 0 4 38627682 10771189 0 0 0 0 0 21154558 0 0 0 
0 0 0 0 0 0 0 0 0 0 0 0 0 0 0 0 0 0 0 0 0 0 0 3 49509 0 0 1 0 0 105 4 0 10770732 21781726 16841843 0 0 0 21156557 0 0 0 0 
0 0 0 0 0 0 0 0 0 0 0 0 0 0 0 0 0 0 0 0 0 0 0 3 0 49519 49512 0 0 105 0 0 4 38627682 10771189 0 0 0 0 0 21154558 0 0 0 
0 0 0 0 0 0 0 0 0 0 0 0 0 0 0 0 0 0 0 0 0 0 0 3 49509 0 0 1 0 0 105 4 0 10770732 21781726 16841843 0 0 0 21156557 0 0 0 0 
<====
0 0 0 0 0 0 0 0 0 0 0 0 0 0 0 0 0 0 0 0 0 0 0 3 0 49519 49512 0 0 105 0 0 7 38627682 10771189 0 0 0 0 0 21154559 0 0 0 
0 0 0 0 0 0 0 0 0 0 0 0 0 0 0 0 0 0 0 0 0 0 0 3 49509 0 0 2 0 0 105 7 0 10770732 21781726 16841843 0 0 0 21156558 0 0 0 0 
0 0 0 0 0 0 0 0 0 0 0 0 0 0 0 0 0 0 0 0 0 0 0 3 0 49519 49512 0 0 105 0 0 7 38627682 10771189 0 0 0 0 0 21154559 0 0 0 
0 0 0 0 0 0 0 0 0 0 0 0 0 0 0 0 0 0 0 0 0 0 0 3 49509 0 0 2 0 0 105 7 0 10770732 21781726 16841843 0 0 0 21156558 0 0 0 0 
0 0 0 0 0 0 0 0 0 0 0 0 0 0 0 0 0 0 0 0 0 0 0 3 0 49519 49512 0 0 105 0 0 7 38627682 10771189 0 0 0 0 0 21154559 0 0 0 
0 0 0 0 0 0 0 0 0 0 0 0 0 0 0 0 0 0 0 0 0 0 0 3 49509 0 0 2 0 0 105 7 0 10770732 21781726 16841843 0 0 0 21156558 0 0 0 0 
0 0 0 0 0 0 0 0 0 0 0 0 0 0 0 0 0 0 0 0 0 0 0 3 0 49519 49512 0 0 105 0 0 7 38627682 10771189 0 0 0 0 0 21154559 0 0 0 
0 0 0 0 0 0 0 0 0 0 0 0 0 0 0 0 0 0 0 0 0 0 0 3 49509 0 0 2 0 0 105 7 0 10770732 21781726 16841843 0 0 0 21156558 0 0 0 0 
