0 0 0 0 0 0 0 0 0 0 0 0 0 0 0 0 0 0 0 0 0 0 0 3 0 13211 13207 0 0 72 0 0 0 17596348 5386102 0 0 0 0 0 9348381 0 0 0 
0 0 0 0 0 0 0 0 0 0 0 0 0 0 0 0 0 0 0 0 0 0 0 3 13208 0 0 1 0 0 72 0 0 5385906 9828708 7765974 0 0 0 9349229 0 0 0 0 
0 0 0 0 0 0 0 0 0 0 0 0 0 0 0 0 0 0 0 0 0 0 0 3 0 13211 13207 0 0 72 0 0 0 17596348 5386102 0 0 0 0 0 9348381 0 0 0 
0 0 0 0 0 0 0 0 0 0 0 0 0 0 0 0 0 0 0 0 0 0 0 3 13208 0 0 1 0 0 72 0 0 5385906 9828708 7765974 0 0 0 9349229 0 0 0 0 
0 0 0 0 0 0 0 0 0 0 0 0 0 0 0 0 0 0 0 0 0 0 0 3 0 13211 13207 0 0 72 0 0 0 17596348 5386102 0 0 0 0 0 9348381 0 0 0 
0 0 0 0 0 0 0 0 0 0 0 0 0 0 0 0 0 0 0 0 0 0 0 3 13208 0 0 1 0 0 72 0 0 5385906 9828708 7765974 0 0 0 9349229 0 0 0 0 
0 0 0 0 0 0 0 0 0 0 0 0 0 0 0 0 0 0 0 0 0 0 0 3 0 13211 13207 0 0 72 0 0 0 17596348 5386102 0 0 0 0 0 9348381 0 0 0 
0 0 0 0 0 0 0 0 0 0 0 0 0 0 0 0 0 0 0 0 0 0 0 3 13208 0 0 1 0 0 72 0 0 5385906 9828708 7765974 0 0 0 9349229 0 0 0 0 
0 0 0 0 0 0 0 0 0 0 0 0 0 0 0 0 0 0 0 0 0 0 0 3 0 13211 13207 0 0 72 0 0 0 17596348 5386102 0 0 0 0 0 9348381 0 0 0 
0 0 0 0 0 0 0 0 0 0 0 0 0 0 0 0 0 0 0 0 0 0 0 3 13208 0 0 1 0 0 72 0 0 5385906 9828708 7765974 0 0 0 9349229 0 0 0 0 
0 0 0 0 0 0 0 0 0 0 0 0 0 0 0 0 0 0 0 0 0 0 0 3 0 13211 13207 0 0 72 0 0 0 17596348 5386102 0 0 0 0 0 9348381 0 0 0 
0 0 0 0 0 0 0 0 0 0 0 0 0 0 0 0 0 0 0 0 0 0 0 3 13208 0 0 1 0 0 72 0 0 5385906 9828708 7765974 0 0 0 9349229 0 0 0 0 
0 0 0 0 0 0 0 0 0 0 0 0 0 0 0 0 0 0 0 0 0 0 0 3 0 13211 13207 0 0 72 0 0 0 17596348 5386102 0 0 0 0 0 9348381 0 0 0 
0 0 0 0 0 0 0 0 0 0 0 0 0 0 0 0 0 0 0 0 0 0 0 3 13208 0 0 1 0 0 72 0 0 5385906 9828708 7765974 0 0 0 9349229 0 0 0 0 
====>
0 0 0 0 0 0 0 0 0 0 0 0 0 0 0 0 0 0 0 0 0 0 0 3 0 13211 13207 0 0 72 0 0 0 17596348 5386102 0 0 0 0 0 9348381 0 0 0 
0 0 0 0 0 0 0 0 0 0 0 0 0 0 0 0 0 0 0 0 0 0 0 3 13208 0 0 1 0 0 72 0 0 5385906 9828708 7765974 0 0 0 9349229 0 0 0 0 
0 0 0 0 0 0 0 0 0 0 0 0 0 0 0 0 0 0 0 0 0 0 0 3 0 13259 13259 0 0 79 0 0 0 17636334 5386921 0 0 0 0 0 9360294 0 0 0 
0 0 0 0 0 0 0 0 0 0 0 0 0 0 0 0 0 0 0 0 0 0 0 3 13260 0 0 1 0 0 79 0 0 5386725 9864340 7770337 0 0 0 9361142 0 0 0 0 
0 0 0 0 0 0 0 0 0 0 0 0 0 0 0 0 0 0 0 0 0 0 0 3 0 13279 13279 0 0 79 0 0 0 17674261 5398604 0 0 0 0 0 9377177 0 0 0 
0 0 0 0 0 0 0 0 0 0 0 0 0 0 0 0 0 0 0 0 0 0 0 3 13280 0 0 1 0 0 79 0 0 5398404 9886440 7786166 0 0 0 9378032 0 0 0 0 
0 0 0 0 0 0 0 0 0 0 0 0 0 0 0 0 0 0 0 0 0 0 0 3 0 13323 13323 0 0 79 0 0 0 17693449 5400743 0 0 0 0 0 9390564 0 0 0 
0 0 0 0 0 0 0 0 0 0 0 0 0 0 0 0 0 0 0 0 0 0 0 3 13324 0 0 1 0 0 79 0 0 5400543 9900116 7791676 0 0 0 9391419 0 0 0 0 
0 0 0 0 0 0 0 0 0 0 0 0 0 0 0 0 0 0 0 0 0 0 0 3 0 13375 13375 0 0 79 0 0 0 17730731 5407131 0 0 0 0 0 9411154 0 0 0 
0 0 0 0 0 0 0 0 0 0 0 0 0 0 0 0 0 0 0 0 0 0 0 3 13376 0 0 1 0 0 79 0 0 5406931 9920665 7808397 0 0 0 9412011 0 0 0 0 
0 0 0 0 0 0 0 0 0 0 0 0 0 0 0 0 0 0 0 0 0 0 0 3 0 13383 13383 0 0 79 0 0 0 17751721 5412813 0 0 0 0 0 9425785 0 0 0 
0 0 0 0 0 0 0 0 0 0 0 0 0 0 0 0 0 0 0 0 0 0 0 3 13384 0 0 1 0 0 79 0 0 5412613 9934307 7815746 0 0 0 9426644 0 0 0 0 
0 0 0 0 0 0 0 0 0 0 0 0 0 0 0 0 0 0 0 0 0 0 0 3 0 13439 13439 0 0 79 0 0 0 17782007 5417079 0 0 0 0 0 9441927 0 0 0 
0 0 0 0 0 0 0 0 0 0 0 0 0 0 0 0 0 0 0 0 0 0 0 3 13440 0 0 1 0 0 79 0 0 5416879 9951501 7828834 0 0 0 9442790 0 0 0 0 
0 0 0 0 0 0 0 0 0 0 0 0 0 0 0 0 0 0 0 0 0 0 0 3 0 13463 13463 0 0 79 0 0 0 17814243 5425838 0 0 0 0 0 9460120 0 0 0 
0 0 0 0 0 0 0 0 0 0 0 0 0 0 0 0 0 0 0 0 0 0 0 3 13464 0 0 1 0 0 79 0 0 5425638 9969536 7843036 0 0 0 9460986 0 0 0 0 
0 0 0 0 0 0 0 0 0 0 0 0 0 0 0 0 0 0 0 0 0 0 0 3 0 13502 13499 0 0 79 0 0 0 17828895 5427026 0 0 0 0 0 9469432 0 0 0 
0 0 0 0 0 0 0 0 0 0 0 0 0 0 0 0 0 0 0 0 0 0 0 3 13500 0 0 1 0 0 79 0 0 5426826 9979062 7848162 0 0 0 9470298 0 0 0 0 
0 0 0 0 0 0 0 0 0 0 0 0 0 0 0 0 0 0 0 0 0 0 0 3 0 13555 13555 0 0 79 0 0 0 17864763 5436949 0 0 0 0 0 9490481 0 0 0 
0 0 0 0 0 0 0 0 0 0 0 0 0 0 0 0 0 0 0 0 0 0 0 3 13555 0 0 1 0 0 79 0 0 5436749 10000176 7862913 0 0 0 9491351 0 0 0 0 
0 0 0 0 0 0 0 0 0 0 0 0 0 0 0 0 0 0 0 0 0 0 0 3 0 13563 13563 0 0 79 0 0 0 17881848 5441396 0 0 0 0 0 9503601 0 0 0 
0 0 0 0 0 0 0 0 0 0 0 0 0 0 0 0 0 0 0 0 0 0 0 3 13563 0 0 1 0 0 79 0 0 5441198 10012595 7867579 0 0 0 9504471 0 0 0 0 
0 0 0 0 0 0 0 0 0 0 0 0 0 0 0 0 0 0 0 0 0 0 0 3 0 13615 13615 0 0 79 0 0 0 17913789 5446888 0 0 0 0 0 9521493 0 0 0 
0 0 0 0 0 0 0 0 0 0 0 0 0 0 0 0 0 0 0 0 0 0 0 3 13615 0 0 1 0 0 79 0 0 5446689 10031250 7880866 0 0 0 9522366 0 0 0 0 
0 0 0 0 0 0 0 0 0 0 0 0 0 0 0 0 0 0 0 0 0 0 0 3 0 13623 13623 0 0 79 0 0 0 17940681 5452838 0 0 0 0 0 9539738 0 0 0 
0 0 0 0 0 0 0 0 0 0 0 0 0 0 0 0 0 0 0 0 0 0 0 3 13623 0 0 1 0 0 79 0 0 5452638 10050976 7888032 0 0 0 9540611 0 0 0 0 
0 0 0 0 0 0 0 0 0 0 0 0 0 0 0 0 0 0 0 0 0 0 0 3 0 13679 13679 0 0 79 0 0 0 17964997 5456837 0 0 0 0 0 9554352 0 0 0 
0 0 0 0 0 0 0 0 0 0 0 0 0 0 0 0 0 0 0 0 0 0 0 3 13679 0 0 1 0 0 79 0 0 5456637 10064169 7899153 0 0 0 9555229 0 0 0 0 
0 0 0 0 0 0 0 0 0 0 0 0 0 0 0 0 0 0 0 0 0 0 0 3 0 13703 13703 0 0 79 0 0 0 17998057 5465594 0 0 0 0 0 9573942 0 0 0 
0 0 0 0 0 0 0 0 0 0 0 0 0 0 0 0 0 0 0 0 0 0 0 3 13703 0 0 1 0 0 79 0 0 5465394 10083602 7912775 0 0 0 9574821 0 0 0 0 
0 0 0 0 0 0 0 0 0 0 0 0 0 0 0 0 0 0 0 0 0 0 0 3 0 13743 13743 0 0 79 0 0 0 18016464 5468835 0 0 0 0 0 9585946 0 0 0 
0 0 0 0 0 0 0 0 0 0 0 0 0 0 0 0 0 0 0 0 0 0 0 3 13743 0 0 1 0 0 79 0 0 5468635 10095932 7918853 0 0 0 9586824 0 0 0 0 
0 0 0 0 0 0 0 0 0 0 0 0 0 0 0 0 0 0 0 0 0 0 0 3 0 13795 13795 0 0 79 0 0 0 18051854 5476705 0 0 0 0 0 9607629 0 0 0 
0 0 0 0 0 0 0 0 0 0 0 0 0 0 0 0 0 0 0 0 0 0 0 3 13795 0 0 1 0 0 79 0 0 5476505 10117567 7932606 0 0 0 9608510 0 0 0 0 
0 0 0 0 0 0 0 0 0 0 0 0 0 0 0 0 0 0 0 0 0 0 0 3 0 13803 13803 0 0 79 0 0 0 18078230 5482294 0 0 0 0 0 9629789 0 0 0 
0 0 0 0 0 0 0 0 0 0 0 0 0 0 0 0 0 0 0 0 0 0 0 3 13803 0 0 1 0 0 79 0 0 5482094 10138906 7937642 0 0 0 9630669 0 0 0 0 
0 0 0 0 0 0 0 0 0 0 0 0 0 0 0 0 0 0 0 0 0 0 0 3 0 13859 13859 0 0 79 0 0 0 18107421 5486652 0 0 0 0 0 9645345 0 0 0 
0 0 0 0 0 0 0 0 0 0 0 0 0 0 0 0 0 0 0 0 0 0 0 3 13859 0 0 1 0 0 79 0 0 5486452 10155347 7950389 0 0 0 9646232 0 0 0 0 
0 0 0 0 0 0 0 0 0 0 0 0 0 0 0 0 0 0 0 0 0 0 0 3 0 13867 13867 0 0 79 0 0 0 18137353 5493991 0 0 0 0 0 9662653 0 0 0 
0 0 0 0 0 0 0 0 0 0 0 0 0 0 0 0 0 0 0 0 0 0 0 3 13867 0 0 1 0 0 79 0 0 5493790 10175960 7959708 0 0 0 9663543 0 0 0 0 
0 0 0 0 0 0 0 0 0 0 0 0 0 0 0 0 0 0 0 0 0 0 0 3 0 13919 13919 0 0 79 0 0 0 18165106 5496593 0 0 0 0 0 9685166 0 0 0 
0 0 0 0 0 0 0 0 0 0 0 0 0 0 0 0 0 0 0 0 0 0 0 3 13919 0 0 1 0 0 79 0 0 5496390 10195229 7968187 0 0 0 9686059 0 0 0 0 
0 0 0 0 0 0 0 0 0 0 0 0 0 0 0 0 0 0 0 0 0 0 0 3 0 13959 13959 0 0 79 0 0 0 18198059 5505701 0 0 0 0 0 9703653 0 0 0 
0 0 0 0 0 0 0 0 0 0 0 0 0 0 0 0 0 0 0 0 0 0 0 3 13959 0 0 1 0 0 79 0 0 5505498 10213884 7982484 0 0 0 9704550 0 0 0 0 
0 0 0 0 0 0 0 0 0 0 0 0 0 0 0 0 0 0 0 0 0 0 0 3 0 13983 13983 0 0 79 0 0 0 18219010 5510528 0 0 0 0 0 9718972 0 0 0 
0 0 0 0 0 0 0 0 0 0 0 0 0 0 0 0 0 0 0 0 0 0 0 3 13983 0 0 1 0 0 79 0 0 5510324 10228553 7988766 0 0 0 9719868 0 0 0 0 
0 0 0 0 0 0 0 0 0 0 0 0 0 0 0 0 0 0 0 0 0 0 0 3 0 14038 14035 0 0 79 0 0 0 18248969 5516468 0 0 0 0 0 9734693 0 0 0 
0 0 0 0 0 0 0 0 0 0 0 0 0 0 0 0 0 0 0 0 0 0 0 3 14034 0 0 1 0 0 79 0 0 5516264 10244877 8002398 0 0 0 9735590 0 0 0 0 
0 0 0 0 0 0 0 0 0 0 0 0 0 0 0 0 0 0 0 0 0 0 0 3 0 14047 14047 0 0 79 0 0 0 18277451 5524303 0 0 0 0 0 9749427 0 0 0 
0 0 0 0 0 0 0 0 0 0 0 0 0 0 0 0 0 0 0 0 0 0 0 3 14046 0 0 1 0 0 79 0 0 5524100 10263020 8012734 0 0 0 9750327 0 0 0 0 
0 0 0 0 0 0 0 0 0 0 0 0 0 0 0 0 0 0 0 0 0 0 0 3 0 14101 14099 0 0 79 0 0 0 18299656 5526415 0 0 0 0 0 9765432 0 0 0 
0 0 0 0 0 0 0 0 0 0 0 0 0 0 0 0 0 0 0 0 0 0 0 3 14098 0 0 1 0 0 79 0 0 5526211 10275674 8022282 0 0 0 9766331 0 0 0 0 
0 0 0 0 0 0 0 0 0 0 0 0 0 0 0 0 0 0 0 0 0 0 0 3 0 14155 14155 0 0 79 0 0 0 18334218 5536340 0 0 0 0 0 9786118 0 0 0 
0 0 0 0 0 0 0 0 0 0 0 0 0 0 0 0 0 0 0 0 0 0 0 3 14154 0 0 1 0 0 79 0 0 5536135 10296422 8036090 0 0 0 9787019 0 0 0 0 
0 0 0 0 0 0 0 0 0 0 0 0 0 0 0 0 0 0 0 0 0 0 0 3 0 14163 14163 0 0 79 0 0 0 18356706 5542289 0 0 0 0 0 9803025 0 0 0 
0 0 0 0 0 0 0 0 0 0 0 0 0 0 0 0 0 0 0 0 0 0 0 3 14162 0 0 1 0 0 79 0 0 5542085 10312116 8042885 0 0 0 9803925 0 0 0 0 
0 0 0 0 0 0 0 0 0 0 0 0 0 0 0 0 0 0 0 0 0 0 0 3 0 14219 14219 0 0 79 0 0 0 18382726 5546287 0 0 0 0 0 9816030 0 0 0 
0 0 0 0 0 0 0 0 0 0 0 0 0 0 0 0 0 0 0 0 0 0 0 3 14218 0 0 1 0 0 79 0 0 5546083 10326392 8054624 0 0 0 9816932 0 0 0 0 
0 0 0 0 0 0 0 0 0 0 0 0 0 0 0 0 0 0 0 0 0 0 0 3 0 14226 14223 0 0 79 0 0 0 18410846 5552234 0 0 0 0 0 9832675 0 0 0 
0 0 0 0 0 0 0 0 0 0 0 0 0 0 0 0 0 0 0 0 0 0 0 3 14222 0 0 1 0 0 79 0 0 5552030 10346262 8062873 0 0 0 9833576 0 0 0 0 
0 0 0 0 0 0 0 0 0 0 0 0 0 0 0 0 0 0 0 0 0 0 0 3 0 14279 14279 0 0 79 0 0 0 18438787 5556228 0 0 0 0 0 9852002 0 0 0 
0 0 0 0 0 0 0 0 0 0 0 0 0 0 0 0 0 0 0 0 0 0 0 3 14278 0 0 1 0 0 79 0 0 5556024 10362423 8074647 0 0 0 9852906 0 0 0 0 
0 0 0 0 0 0 0 0 0 0 0 0 0 0 0 0 0 0 0 0 0 0 0 3 0 14335 14335 0 0 79 0 0 0 18469502 5566157 0 0 0 0 0 9868627 0 0 0 
0 0 0 0 0 0 0 0 0 0 0 0 0 0 0 0 0 0 0 0 0 0 0 3 14334 0 0 1 0 0 79 0 0 5565952 10379109 8088674 0 0 0 9869533 0 0 0 0 
0 0 0 0 0 0 0 0 0 0 0 0 0 0 0 0 0 0 0 0 0 0 0 3 0 14343 14343 0 0 79 0 0 0 18491839 5570075 0 0 0 0 0 9885939 0 0 0 
0 0 0 0 0 0 0 0 0 0 0 0 0 0 0 0 0 0 0 0 0 0 0 3 14342 0 0 1 0 0 79 0 0 5569870 10395889 8094232 0 0 0 9886845 0 0 0 0 
0 0 0 0 0 0 0 0 0 0 0 0 0 0 0 0 0 0 0 0 0 0 0 3 0 14395 14395 0 0 79 0 0 0 18524020 5576096 0 0 0 0 0 9903728 0 0 0 
0 0 0 0 0 0 0 0 0 0 0 0 0 0 0 0 0 0 0 0 0 0 0 3 14394 0 0 1 0 0 79 0 0 5575891 10414269 8108023 0 0 0 9904636 0 0 0 0 
0 0 0 0 0 0 0 0 0 0 0 0 0 0 0 0 0 0 0 0 0 0 0 3 0 14403 14403 0 0 79 0 0 0 18548013 5582046 0 0 0 0 0 9919971 0 0 0 
0 0 0 0 0 0 0 0 0 0 0 0 0 0 0 0 0 0 0 0 0 0 0 3 14402 0 0 1 0 0 79 0 0 5581841 10431454 8114830 0 0 0 9920879 0 0 0 0 
0 0 0 0 0 0 0 0 0 0 0 0 0 0 0 0 0 0 0 0 0 0 0 3 0 14459 14459 0 0 79 0 0 0 18573936 5586045 0 0 0 0 0 9933964 0 0 0 
0 0 0 0 0 0 0 0 0 0 0 0 0 0 0 0 0 0 0 0 0 0 0 3 14458 0 0 1 0 0 79 0 0 5585840 10444559 8127641 0 0 0 9934872 0 0 0 0 
0 0 0 0 0 0 0 0 0 0 0 0 0 0 0 0 0 0 0 0 0 0 0 3 0 14515 14515 0 0 79 0 0 0 18605367 5595975 0 0 0 0 0 9951388 0 0 0 
0 0 0 0 0 0 0 0 0 0 0 0 0 0 0 0 0 0 0 0 0 0 0 3 14514 0 0 1 0 0 79 0 0 5595768 10462046 8141587 0 0 0 9952298 0 0 0 0 
0 0 0 0 0 0 0 0 0 0 0 0 0 0 0 0 0 0 0 0 0 0 0 3 0 14523 14523 0 0 79 0 0 0 18626515 5601695 0 0 0 0 0 9967178 0 0 0 
0 0 0 0 0 0 0 0 0 0 0 0 0 0 0 0 0 0 0 0 0 0 0 3 14522 0 0 1 0 0 79 0 0 5601488 10476643 8148138 0 0 0 9968089 0 0 0 0 
0 0 0 0 0 0 0 0 0 0 0 0 0 0 0 0 0 0 0 0 0 0 0 3 0 14579 14579 0 0 79 0 0 0 18652378 5605922 0 0 0 0 0 9978950 0 0 0 
0 0 0 0 0 0 0 0 0 0 0 0 0 0 0 0 0 0 0 0 0 0 0 3 14578 0 0 1 0 0 79 0 0 5605715 10489669 8160974 0 0 0 9979862 0 0 0 0 
0 0 0 0 0 0 0 0 0 0 0 0 0 0 0 0 0 0 0 0 0 0 0 3 0 14598 14595 0 0 79 0 0 0 18684909 5614453 0 0 0 0 0 9996367 0 0 0 
0 0 0 0 0 0 0 0 0 0 0 0 0 0 0 0 0 0 0 0 0 0 0 3 14594 0 0 1 0 0 79 0 0 5614246 10507107 8176060 0 0 0 9997284 0 0 0 0 
0 0 0 0 0 0 0 0 0 0 0 0 0 0 0 0 0 0 0 0 0 0 0 3 0 14643 14643 0 0 79 0 0 0 18699258 5618375 0 0 0 0 0 10004563 0 0 0 
0 0 0 0 0 0 0 0 0 0 0 0 0 0 0 0 0 0 0 0 0 0 0 3 14642 0 0 1 0 0 79 0 0 5618171 10515303 8182214 0 0 0 10005479 0 0 0 0 
0 0 0 0 0 0 0 0 0 0 0 0 0 0 0 0 0 0 0 0 0 0 0 3 0 14698 14695 0 0 79 0 0 0 18728907 5625798 0 0 0 0 0 10019827 0 0 0 
0 0 0 0 0 0 0 0 0 0 0 0 0 0 0 0 0 0 0 0 0 0 0 3 14694 0 0 1 0 0 79 0 0 5625592 10530665 8196496 0 0 0 10020745 0 0 0 0 
0 0 0 0 0 0 0 0 0 0 0 0 0 0 0 0 0 0 0 0 0 0 0 3 0 14715 14715 0 0 79 0 0 0 18761098 5634328 0 0 0 0 0 10037280 0 0 0 
0 0 0 0 0 0 0 0 0 0 0 0 0 0 0 0 0 0 0 0 0 0 0 3 14714 0 0 1 0 0 79 0 0 5634121 10549543 8209804 0 0 0 10038199 0 0 0 0 
0 0 0 0 0 0 0 0 0 0 0 0 0 0 0 0 0 0 0 0 0 0 0 3 0 14763 14763 0 0 79 0 0 0 18776791 5637627 0 0 0 0 0 10046700 0 0 0 
0 0 0 0 0 0 0 0 0 0 0 0 0 0 0 0 0 0 0 0 0 0 0 3 14762 0 0 1 0 0 79 0 0 5637420 10557761 8217282 0 0 0 10047621 0 0 0 0 
0 0 0 0 0 0 0 0 0 0 0 0 0 0 0 0 0 0 0 0 0 0 0 3 0 14815 14815 0 0 79 0 0 0 18809374 5645670 0 0 0 0 0 10065191 0 0 0 
0 0 0 0 0 0 0 0 0 0 0 0 0 0 0 0 0 0 0 0 0 0 0 3 14814 0 0 1 0 0 79 0 0 5645462 10576152 8231479 0 0 0 10066116 0 0 0 0 
0 0 0 0 0 0 0 0 0 0 0 0 0 0 0 0 0 0 0 0 0 0 0 3 0 14823 14823 0 0 79 0 0 0 18827811 5651577 0 0 0 0 0 10077981 0 0 0 
0 0 0 0 0 0 0 0 0 0 0 0 0 0 0 0 0 0 0 0 0 0 0 3 14822 0 0 1 0 0 79 0 0 5651368 10587835 8238233 0 0 0 10078907 0 0 0 0 
0 0 0 0 0 0 0 0 0 0 0 0 0 0 0 0 0 0 0 0 0 0 0 3 0 14879 14879 0 0 79 0 0 0 18856080 5655619 0 0 0 0 0 10091347 0 0 0 
0 0 0 0 0 0 0 0 0 0 0 0 0 0 0 0 0 0 0 0 0 0 0 3 14878 0 0 1 0 0 79 0 0 5655410 10602370 8251963 0 0 0 10092278 0 0 0 0 
0 0 0 0 0 0 0 0 0 0 0 0 0 0 0 0 0 0 0 0 0 0 0 3 0 14935 14935 0 0 79 0 0 0 18888409 5665548 0 0 0 0 0 10109618 0 0 0 
0 0 0 0 0 0 0 0 0 0 0 0 0 0 0 0 0 0 0 0 0 0 0 3 14934 0 0 1 0 0 79 0 0 5665336 10620703 8265956 0 0 0 10110550 0 0 0 0 
0 0 0 0 0 0 0 0 0 0 0 0 0 0 0 0 0 0 0 0 0 0 0 3 0 14943 14943 0 0 79 0 0 0 18908677 5670808 0 0 0 0 0 10124064 0 0 0 
0 0 0 0 0 0 0 0 0 0 0 0 0 0 0 0 0 0 0 0 0 0 0 3 14942 0 0 1 0 0 79 0 0 5670596 10634131 8272796 0 0 0 10124996 0 0 0 0 
0 0 0 0 0 0 0 0 0 0 0 0 0 0 0 0 0 0 0 0 0 0 0 3 0 14999 14999 0 0 79 0 0 0 18939684 5675496 0 0 0 0 0 10140527 0 0 0 
0 0 0 0 0 0 0 0 0 0 0 0 0 0 0 0 0 0 0 0 0 0 0 3 14998 0 0 1 0 0 79 0 0 5675283 10651675 8286254 0 0 0 10141464 0 0 0 0 
0 0 0 0 0 0 0 0 0 0 0 0 0 0 0 0 0 0 0 0 0 0 0 3 0 15007 15007 0 0 79 0 0 0 18967336 5681903 0 0 0 0 0 10156572 0 0 0 
0 0 0 0 0 0 0 0 0 0 0 0 0 0 0 0 0 0 0 0 0 0 0 3 15006 0 0 1 0 0 79 0 0 5681692 10671060 8294520 0 0 0 10157511 0 0 0 0 
0 0 0 0 0 0 0 0 0 0 0 0 0 0 0 0 0 0 0 0 0 0 0 3 0 15059 15059 0 0 79 0 0 0 18991604 5685437 0 0 0 0 0 10173173 0 0 0 
0 0 0 0 0 0 0 0 0 0 0 0 0 0 0 0 0 0 0 0 0 0 0 3 15058 0 0 1 0 0 79 0 0 5685224 10684378 8305465 0 0 0 10174110 0 0 0 0 
0 0 0 0 0 0 0 0 0 0 0 0 0 0 0 0 0 0 0 0 0 0 0 3 0 15085 15083 0 0 79 0 0 0 19022275 5694198 0 0 0 0 0 10189657 0 0 0 
0 0 0 0 0 0 0 0 0 0 0 0 0 0 0 0 0 0 0 0 0 0 0 3 15082 0 0 1 0 0 79 0 0 5693984 10700702 8319813 0 0 0 10190593 0 0 0 0 
0 0 0 0 0 0 0 0 0 0 0 0 0 0 0 0 0 0 0 0 0 0 0 3 0 15119 15119 0 0 79 0 0 0 19047508 5695376 0 0 0 0 0 10210191 0 0 0 
0 0 0 0 0 0 0 0 0 0 0 0 0 0 0 0 0 0 0 0 0 0 0 3 15118 0 0 1 0 0 79 0 0 5695162 10721455 8324293 0 0 0 10211128 0 0 0 0 
0 0 0 0 0 0 0 0 0 0 0 0 0 0 0 0 0 0 0 0 0 0 0 3 0 15175 15175 0 0 79 0 0 0 19079150 5705305 0 0 0 0 0 10228616 0 0 0 
0 0 0 0 0 0 0 0 0 0 0 0 0 0 0 0 0 0 0 0 0 0 0 3 15174 0 0 1 0 0 79 0 0 5705091 10739944 8337440 0 0 0 10229557 0 0 0 0 
0 0 0 0 0 0 0 0 0 0 0 0 0 0 0 0 0 0 0 0 0 0 0 3 0 15183 15183 0 0 79 0 0 0 19102180 5710767 0 0 0 0 0 10245892 0 0 0 
0 0 0 0 0 0 0 0 0 0 0 0 0 0 0 0 0 0 0 0 0 0 0 3 15182 0 0 1 0 0 79 0 0 5710553 10756113 8344301 0 0 0 10246833 0 0 0 0 
0 0 0 0 0 0 0 0 0 0 0 0 0 0 0 0 0 0 0 0 0 0 0 3 0 15239 15239 0 0 79 0 0 0 19131745 5715252 0 0 0 0 0 10261034 0 0 0 
0 0 0 0 0 0 0 0 0 0 0 0 0 0 0 0 0 0 0 0 0 0 0 3 15238 0 0 1 0 0 79 0 0 5715038 10772421 8357557 0 0 0 10261976 0 0 0 0 
0 0 0 0 0 0 0 0 0 0 0 0 0 0 0 0 0 0 0 0 0 0 0 3 0 15259 15259 0 0 79 0 0 0 19166418 5723783 0 0 0 0 0 10281474 0 0 0 
0 0 0 0 0 0 0 0 0 0 0 0 0 0 0 0 0 0 0 0 0 0 0 3 15258 0 0 1 0 0 79 0 0 5723570 10792806 8371844 0 0 0 10282420 0 0 0 0 
0 0 0 0 0 0 0 0 0 0 0 0 0 0 0 0 0 0 0 0 0 0 0 3 0 15302 15299 0 0 79 0 0 0 19187358 5725198 0 0 0 0 0 10297404 0 0 0 
0 0 0 0 0 0 0 0 0 0 0 0 0 0 0 0 0 0 0 0 0 0 0 3 15298 0 0 1 0 0 79 0 0 5724985 10808849 8376741 0 0 0 10298350 0 0 0 0 
0 0 0 0 0 0 0 0 0 0 0 0 0 0 0 0 0 0 0 0 0 0 0 3 0 15355 15355 0 0 79 0 0 0 19222897 5735122 0 0 0 0 0 10317394 0 0 0 
0 0 0 0 0 0 0 0 0 0 0 0 0 0 0 0 0 0 0 0 0 0 0 3 15354 0 0 1 0 0 79 0 0 5734908 10828904 8392222 0 0 0 10318344 0 0 0 0 
0 0 0 0 0 0 0 0 0 0 0 0 0 0 0 0 0 0 0 0 0 0 0 3 0 15363 15363 0 0 79 0 0 0 19245636 5741072 0 0 0 0 0 10332395 0 0 0 
0 0 0 0 0 0 0 0 0 0 0 0 0 0 0 0 0 0 0 0 0 0 0 3 15362 0 0 1 0 0 79 0 0 5740858 10844971 8398894 0 0 0 10333346 0 0 0 0 
0 0 0 0 0 0 0 0 0 0 0 0 0 0 0 0 0 0 0 0 0 0 0 3 0 15419 15419 0 0 79 0 0 0 19273159 5745072 0 0 0 0 0 10348542 0 0 0 
0 0 0 0 0 0 0 0 0 0 0 0 0 0 0 0 0 0 0 0 0 0 0 3 15418 0 0 1 0 0 79 0 0 5744857 10860112 8411271 0 0 0 10349496 0 0 0 0 
0 0 0 0 0 0 0 0 0 0 0 0 0 0 0 0 0 0 0 0 0 0 0 3 0 15443 15443 0 0 79 0 0 0 19301794 5753829 0 0 0 0 0 10364077 0 0 0 
0 0 0 0 0 0 0 0 0 0 0 0 0 0 0 0 0 0 0 0 0 0 0 3 15442 0 0 1 0 0 79 0 0 5753613 10875494 8424522 0 0 0 10365037 0 0 0 0 
0 0 0 0 0 0 0 0 0 0 0 0 0 0 0 0 0 0 0 0 0 0 0 3 0 15483 15483 0 0 79 0 0 0 19319389 5756934 0 0 0 0 0 10374914 0 0 0 
0 0 0 0 0 0 0 0 0 0 0 0 0 0 0 0 0 0 0 0 0 0 0 3 15482 0 0 1 0 0 79 0 0 5756718 10886648 8430963 0 0 0 10375875 0 0 0 0 
0 0 0 0 0 0 0 0 0 0 0 0 0 0 0 0 0 0 0 0 0 0 0 3 0 15535 15535 0 0 79 0 0 0 19354882 5764938 0 0 0 0 0 10395645 0 0 0 
0 0 0 0 0 0 0 0 0 0 0 0 0 0 0 0 0 0 0 0 0 0 0 3 15534 0 0 1 0 0 79 0 0 5764723 10907340 8445761 0 0 0 10396606 0 0 0 0 
0 0 0 0 0 0 0 0 0 0 0 0 0 0 0 0 0 0 0 0 0 0 0 3 0 15543 15543 0 0 79 0 0 0 19378491 5770888 0 0 0 0 0 10408927 0 0 0 
0 0 0 0 0 0 0 0 0 0 0 0 0 0 0 0 0 0 0 0 0 0 0 3 15542 0 0 1 0 0 79 0 0 5770673 10923088 8453623 0 0 0 10409889 0 0 0 0 
0 0 0 0 0 0 0 0 0 0 0 0 0 0 0 0 0 0 0 0 0 0 0 3 0 15599 15599 0 0 79 0 0 0 19406546 5774887 0 0 0 0 0 10427464 0 0 0 
0 0 0 0 0 0 0 0 0 0 0 0 0 0 0 0 0 0 0 0 0 0 0 3 15598 0 0 1 0 0 79 0 0 5774673 10939216 8465549 0 0 0 10428426 0 0 0 0 
0 0 0 0 0 0 0 0 0 0 0 0 0 0 0 0 0 0 0 0 0 0 0 3 0 15655 15655 0 0 79 0 0 0 19436042 5784817 0 0 0 0 0 10443318 0 0 0 
0 0 0 0 0 0 0 0 0 0 0 0 0 0 0 0 0 0 0 0 0 0 0 3 15654 0 0 1 0 0 79 0 0 5784602 10955131 8479122 0 0 0 10444282 0 0 0 0 
0 0 0 0 0 0 0 0 0 0 0 0 0 0 0 0 0 0 0 0 0 0 0 3 0 15663 15663 0 0 79 0 0 0 19458158 5789945 0 0 0 0 0 10459907 0 0 0 
0 0 0 0 0 0 0 0 0 0 0 0 0 0 0 0 0 0 0 0 0 0 0 3 15662 0 0 1 0 0 79 0 0 5789730 10970786 8485583 0 0 0 10460874 0 0 0 0 
0 0 0 0 0 0 0 0 0 0 0 0 0 0 0 0 0 0 0 0 0 0 0 3 0 15719 15719 0 0 79 0 0 0 19488534 5794765 0 0 0 0 0 10476167 0 0 0 
0 0 0 0 0 0 0 0 0 0 0 0 0 0 0 0 0 0 0 0 0 0 0 3 15718 0 0 1 0 0 79 0 0 5794550 10988044 8498699 0 0 0 10477135 0 0 0 0 
0 0 0 0 0 0 0 0 0 0 0 0 0 0 0 0 0 0 0 0 0 0 0 3 0 15723 15723 0 0 79 0 0 0 19514229 5800707 0 0 0 0 0 10492951 0 0 0 
0 0 0 0 0 0 0 0 0 0 0 0 0 0 0 0 0 0 0 0 0 0 0 3 15722 0 0 1 0 0 79 0 0 5800491 11006680 8505759 0 0 0 10493918 0 0 0 0 
0 0 0 0 0 0 0 0 0 0 0 0 0 0 0 0 0 0 0 0 0 0 0 3 0 15779 15779 0 0 79 0 0 0 19541186 5804706 0 0 0 0 0 10509068 0 0 0 
0 0 0 0 0 0 0 0 0 0 0 0 0 0 0 0 0 0 0 0 0 0 0 3 15778 0 0 1 0 0 79 0 0 5804489 11021002 8518391 0 0 0 10510036 0 0 0 0 
0 0 0 0 0 0 0 0 0 0 0 0 0 0 0 0 0 0 0 0 0 0 0 3 0 15835 15835 0 0 79 0 0 0 19570747 5814669 0 0 0 0 0 10525298 0 0 0 
0 0 0 0 0 0 0 0 0 0 0 0 0 0 0 0 0 0 0 0 0 0 0 3 15834 0 0 1 0 0 79 0 0 5814452 11037292 8531662 0 0 0 10526266 0 0 0 0 
0 0 0 0 0 0 0 0 0 0 0 0 0 0 0 0 0 0 0 0 0 0 0 3 0 15843 15843 0 0 79 0 0 0 19593543 5816807 0 0 0 0 0 10543023 0 0 0 
0 0 0 0 0 0 0 0 0 0 0 0 0 0 0 0 0 0 0 0 0 0 0 3 15842 0 0 1 0 0 79 0 0 5816590 11055161 8536589 0 0 0 10543992 0 0 0 0 
0 0 0 0 0 0 0 0 0 0 0 0 0 0 0 0 0 0 0 0 0 0 0 3 0 15895 15895 0 0 79 0 0 0 19623899 5824608 0 0 0 0 0 10559211 0 0 0 
0 0 0 0 0 0 0 0 0 0 0 0 0 0 0 0 0 0 0 0 0 0 0 3 15894 0 0 1 0 0 79 0 0 5824390 11071265 8550830 0 0 0 10560182 0 0 0 0 
0 0 0 0 0 0 0 0 0 0 0 0 0 0 0 0 0 0 0 0 0 0 0 3 0 15903 15903 0 0 79 0 0 0 19644039 5830454 0 0 0 0 0 10573455 0 0 0 
0 0 0 0 0 0 0 0 0 0 0 0 0 0 0 0 0 0 0 0 0 0 0 3 15902 0 0 1 0 0 79 0 0 5830237 11084469 8557765 0 0 0 10574425 0 0 0 0 
0 0 0 0 0 0 0 0 0 0 0 0 0 0 0 0 0 0 0 0 0 0 0 3 0 15959 15959 0 0 79 0 0 0 19672757 5834557 0 0 0 0 0 10587438 0 0 0 
0 0 0 0 0 0 0 0 0 0 0 0 0 0 0 0 0 0 0 0 0 0 0 3 15958 0 0 1 0 0 79 0 0 5834336 11099549 8571401 0 0 0 10588411 0 0 0 0 
0 0 0 0 0 0 0 0 0 0 0 0 0 0 0 0 0 0 0 0 0 0 0 3 0 16015 16015 0 0 79 0 0 0 19704208 5844491 0 0 0 0 0 10604133 0 0 0 
0 0 0 0 0 0 0 0 0 0 0 0 0 0 0 0 0 0 0 0 0 0 0 3 16014 0 0 1 0 0 79 0 0 5844270 11116305 8586094 0 0 0 10605108 0 0 0 0 
0 0 0 0 0 0 0 0 0 0 0 0 0 0 0 0 0 0 0 0 0 0 0 3 0 16023 16023 0 0 79 0 0 0 19723214 5845806 0 0 0 0 0 10615021 0 0 0 
0 0 0 0 0 0 0 0 0 0 0 0 0 0 0 0 0 0 0 0 0 0 0 3 16022 0 0 1 0 0 79 0 0 5845585 11127592 8593815 0 0 0 10615997 0 0 0 0 
0 0 0 0 0 0 0 0 0 0 0 0 0 0 0 0 0 0 0 0 0 0 0 3 0 16075 16075 0 0 79 0 0 0 19756737 5854430 0 0 0 0 0 10633316 0 0 0 
0 0 0 0 0 0 0 0 0 0 0 0 0 0 0 0 0 0 0 0 0 0 0 3 16073 0 0 1 0 0 79 0 0 5854208 11145550 8609383 0 0 0 10634296 0 0 0 0 
0 0 0 0 0 0 0 0 0 0 0 0 0 0 0 0 0 0 0 0 0 0 0 3 0 16083 16083 0 0 79 0 0 0 19778211 5860380 0 0 0 0 0 10646664 0 0 0 
0 0 0 0 0 0 0 0 0 0 0 0 0 0 0 0 0 0 0 0 0 0 0 3 16081 0 0 1 0 0 79 0 0 5860156 11159273 8617133 0 0 0 10647644 0 0 0 0 
0 0 0 0 0 0 0 0 0 0 0 0 0 0 0 0 0 0 0 0 0 0 0 3 0 16139 16138 0 0 79 0 0 0 19802831 5864379 0 0 0 0 0 10659911 0 0 0 
0 0 0 0 0 0 0 0 0 0 0 0 0 0 0 0 0 0 0 0 0 0 0 3 16137 0 0 1 0 0 79 0 0 5864155 11172201 8628828 0 0 0 10660892 0 0 0 0 
0 0 0 0 0 0 0 0 0 0 0 0 0 0 0 0 0 0 0 0 0 0 0 3 0 16170 16166 0 0 79 0 0 0 19834725 5873280 0 0 0 0 0 10677980 0 0 0 
0 0 0 0 0 0 0 0 0 0 0 0 0 0 0 0 0 0 0 0 0 0 0 3 16165 0 0 1 0 0 79 0 0 5873058 11190120 8642794 0 0 0 10678969 0 0 0 0 
0 0 0 0 0 0 0 0 0 0 0 0 0 0 0 0 0 0 0 0 0 0 0 3 0 16203 16202 0 0 79 0 0 0 19851899 5876934 0 0 0 0 0 10688720 0 0 0 
0 0 0 0 0 0 0 0 0 0 0 0 0 0 0 0 0 0 0 0 0 0 0 3 16201 0 0 1 0 0 79 0 0 5876713 11201042 8649046 0 0 0 10689710 0 0 0 0 
0 0 0 0 0 0 0 0 0 0 0 0 0 0 0 0 0 0 0 0 0 0 0 3 0 16255 16254 0 0 79 0 0 0 19884807 5884245 0 0 0 0 0 10706903 0 0 0 
0 0 0 0 0 0 0 0 0 0 0 0 0 0 0 0 0 0 0 0 0 0 0 3 16253 0 0 1 0 0 79 0 0 5884023 11219323 8663671 0 0 0 10707896 0 0 0 0 
0 0 0 0 0 0 0 0 0 0 0 0 0 0 0 0 0 0 0 0 0 0 0 3 0 16265 16262 0 0 79 0 0 0 19908799 5890199 0 0 0 0 0 10719799 0 0 0 
0 0 0 0 0 0 0 0 0 0 0 0 0 0 0 0 0 0 0 0 0 0 0 3 16261 0 0 1 0 0 79 0 0 5889977 11235090 8671899 0 0 0 10720792 0 0 0 0 
0 0 0 0 0 0 0 0 0 0 0 0 0 0 0 0 0 0 0 0 0 0 0 3 0 16319 16318 0 0 79 0 0 0 19935084 5894193 0 0 0 0 0 10735932 0 0 0 
0 0 0 0 0 0 0 0 0 0 0 0 0 0 0 0 0 0 0 0 0 0 0 3 16317 0 0 1 0 0 79 0 0 5893972 11248411 8684855 0 0 0 10736927 0 0 0 0 
0 0 0 0 0 0 0 0 0 0 0 0 0 0 0 0 0 0 0 0 0 0 0 3 0 16375 16374 0 0 79 0 0 0 19965735 5904122 0 0 0 0 0 10753165 0 0 0 
0 0 0 0 0 0 0 0 0 0 0 0 0 0 0 0 0 0 0 0 0 0 0 3 16373 0 0 1 0 0 79 0 0 5903899 11265704 8698213 0 0 0 10754161 0 0 0 0 
0 0 0 0 0 0 0 0 0 0 0 0 0 0 0 0 0 0 0 0 0 0 0 3 0 16383 16382 0 0 79 0 0 0 19987328 5909219 0 0 0 0 0 10769445 0 0 0 
0 0 0 0 0 0 0 0 0 0 0 0 0 0 0 0 0 0 0 0 0 0 0 3 16381 0 0 1 0 0 79 0 0 5908995 11281135 8704376 0 0 0 10770443 0 0 0 0 
0 0 0 0 0 0 0 0 0 0 0 0 0 0 0 0 0 0 0 0 0 0 0 3 0 16439 16438 0 0 79 0 0 0 20017089 5914069 0 0 0 0 0 10785235 0 0 0 
0 0 0 0 0 0 0 0 0 0 0 0 0 0 0 0 0 0 0 0 0 0 0 3 16437 0 0 1 0 0 79 0 0 5913845 11297833 8717435 0 0 0 10786231 0 0 0 0 
0 0 0 0 0 0 0 0 0 0 0 0 0 0 0 0 0 0 0 0 0 0 0 3 0 16455 16454 0 0 79 0 0 0 20050259 5922566 0 0 0 0 0 10804282 0 0 0 
0 0 0 0 0 0 0 0 0 0 0 0 0 0 0 0 0 0 0 0 0 0 0 3 16453 0 0 1 0 0 79 0 0 5922344 11319130 8729306 0 0 0 10805283 0 0 0 0 
0 0 0 0 0 0 0 0 0 0 0 0 0 0 0 0 0 0 0 0 0 0 0 3 0 16499 16498 0 0 79 0 0 0 20073095 5924009 0 0 0 0 0 10822102 0 0 0 
0 0 0 0 0 0 0 0 0 0 0 0 0 0 0 0 0 0 0 0 0 0 0 3 16497 0 0 1 0 0 79 0 0 5923786 11334762 8736505 0 0 0 10823103 0 0 0 0 
0 0 0 0 0 0 0 0 0 0 0 0 0 0 0 0 0 0 0 0 0 0 0 3 0 16555 16554 0 0 79 0 0 0 20108076 5933938 0 0 0 0 0 10843274 0 0 0 
0 0 0 0 0 0 0 0 0 0 0 0 0 0 0 0 0 0 0 0 0 0 0 3 16553 0 0 1 0 0 79 0 0 5933715 11355996 8750244 0 0 0 10844278 0 0 0 0 
0 0 0 0 0 0 0 0 0 0 0 0 0 0 0 0 0 0 0 0 0 0 0 3 0 16563 16562 0 0 79 0 0 0 20130214 5939831 0 0 0 0 0 10859634 0 0 0 
0 0 0 0 0 0 0 0 0 0 0 0 0 0 0 0 0 0 0 0 0 0 0 3 16561 0 0 1 0 0 79 0 0 5939607 11371401 8756977 0 0 0 10860640 0 0 0 0 
0 0 0 0 0 0 0 0 0 0 0 0 0 0 0 0 0 0 0 0 0 0 0 3 0 16619 16618 0 0 79 0 0 0 20157035 5943886 0 0 0 0 0 10872392 0 0 0 
0 0 0 0 0 0 0 0 0 0 0 0 0 0 0 0 0 0 0 0 0 0 0 3 16616 0 0 1 0 0 79 0 0 5943661 11385173 8770021 0 0 0 10873399 0 0 0 0 
0 0 0 0 0 0 0 0 0 0 0 0 0 0 0 0 0 0 0 0 0 0 0 3 0 16650 16646 0 0 79 0 0 0 20188441 5952806 0 0 0 0 0 10890375 0 0 0 
0 0 0 0 0 0 0 0 0 0 0 0 0 0 0 0 0 0 0 0 0 0 0 3 16644 0 0 1 0 0 79 0 0 5952581 11403000 8783594 0 0 0 10891385 0 0 0 0 
0 0 0 0 0 0 0 0 0 0 0 0 0 0 0 0 0 0 0 0 0 0 0 3 0 16680 16678 0 0 79 0 0 0 20211935 5953828 0 0 0 0 0 10908696 0 0 0 
0 0 0 0 0 0 0 0 0 0 0 0 0 0 0 0 0 0 0 0 0 0 0 3 16676 0 0 1 0 0 79 0 0 5953603 11421536 8788552 0 0 0 10909706 0 0 0 0 
0 0 0 0 0 0 0 0 0 0 0 0 0 0 0 0 0 0 0 0 0 0 0 3 0 16735 16734 0 0 79 0 0 0 20246419 5963764 0 0 0 0 0 10928587 0 0 0 
0 0 0 0 0 0 0 0 0 0 0 0 0 0 0 0 0 0 0 0 0 0 0 3 16732 0 0 1 0 0 79 0 0 5963537 11441489 8803074 0 0 0 10929599 0 0 0 0 
0 0 0 0 0 0 0 0 0 0 0 0 0 0 0 0 0 0 0 0 0 0 0 3 0 16743 16742 0 0 79 0 0 0 20269376 5969561 0 0 0 0 0 10945744 0 0 0 
0 0 0 0 0 0 0 0 0 0 0 0 0 0 0 0 0 0 0 0 0 0 0 3 16740 0 0 1 0 0 79 0 0 5969334 11457823 8809697 0 0 0 10946755 0 0 0 0 
0 0 0 0 0 0 0 0 0 0 0 0 0 0 0 0 0 0 0 0 0 0 0 3 0 16799 16798 0 0 79 0 0 0 20298491 5973711 0 0 0 0 0 10960868 0 0 0 
0 0 0 0 0 0 0 0 0 0 0 0 0 0 0 0 0 0 0 0 0 0 0 3 16796 0 0 1 0 0 79 0 0 5973484 11473833 8822796 0 0 0 10961886 0 0 0 0 
0 0 0 0 0 0 0 0 0 0 0 0 0 0 0 0 0 0 0 0 0 0 0 3 0 16826 16822 0 0 79 0 0 0 20332843 5982475 0 0 0 0 0 10981658 0 0 0 
0 0 0 0 0 0 0 0 0 0 0 0 0 0 0 0 0 0 0 0 0 0 0 3 16820 0 0 1 0 0 79 0 0 5982248 11494461 8836524 0 0 0 10982675 0 0 0 0 
0 0 0 0 0 0 0 0 0 0 0 0 0 0 0 0 0 0 0 0 0 0 0 3 0 16861 16858 0 0 79 0 0 0 20351310 5983657 0 0 0 0 0 10995220 0 0 0 
0 0 0 0 0 0 0 0 0 0 0 0 0 0 0 0 0 0 0 0 0 0 0 3 16856 0 0 1 0 0 79 0 0 5983430 11508242 8841210 0 0 0 10996237 0 0 0 0 
0 0 0 0 0 0 0 0 0 0 0 0 0 0 0 0 0 0 0 0 0 0 0 3 0 16915 16914 0 0 79 0 0 0 20384166 5993582 0 0 0 0 0 11014233 0 0 0 
0 0 0 0 0 0 0 0 0 0 0 0 0 0 0 0 0 0 0 0 0 0 0 3 16912 0 0 1 0 0 79 0 0 5993355 11527315 8854991 0 0 0 11015251 0 0 0 0 
0 0 0 0 0 0 0 0 0 0 0 0 0 0 0 0 0 0 0 0 0 0 0 3 0 16923 16922 0 0 79 0 0 0 20406301 5997534 0 0 0 0 0 11030833 0 0 0 
0 0 0 0 0 0 0 0 0 0 0 0 0 0 0 0 0 0 0 0 0 0 0 3 16920 0 0 1 0 0 79 0 0 5997307 11543475 8860967 0 0 0 11031850 0 0 0 0 
0 0 0 0 0 0 0 0 0 0 0 0 0 0 0 0 0 0 0 0 0 0 0 3 0 16975 16974 0 0 79 0 0 0 20437525 6003521 0 0 0 0 0 11048106 0 0 0 
0 0 0 0 0 0 0 0 0 0 0 0 0 0 0 0 0 0 0 0 0 0 0 3 16972 0 0 1 0 0 79 0 0 6003293 11561245 8874417 0 0 0 11049122 0 0 0 0 
0 0 0 0 0 0 0 0 0 0 0 0 0 0 0 0 0 0 0 0 0 0 0 3 0 16983 16982 0 0 79 0 0 0 20458233 6009471 0 0 0 0 0 11062678 0 0 0 
0 0 0 0 0 0 0 0 0 0 0 0 0 0 0 0 0 0 0 0 0 0 0 3 16980 0 0 1 0 0 79 0 0 6009243 11575428 8880941 0 0 0 11063694 0 0 0 0 
0 0 0 0 0 0 0 0 0 0 0 0 0 0 0 0 0 0 0 0 0 0 0 3 0 17039 17037 0 0 79 0 0 0 20489112 6013467 0 0 0 0 0 11081062 0 0 0 
0 0 0 0 0 0 0 0 0 0 0 0 0 0 0 0 0 0 0 0 0 0 0 3 17036 0 0 1 0 0 79 0 0 6013240 11594259 8892983 0 0 0 11082079 0 0 0 0 
0 0 0 0 0 0 0 0 0 0 0 0 0 0 0 0 0 0 0 0 0 0 0 3 0 17055 17053 0 0 79 0 0 0 20517277 6021995 0 0 0 0 0 11095915 0 0 0 
0 0 0 0 0 0 0 0 0 0 0 0 0 0 0 0 0 0 0 0 0 0 0 3 17052 0 0 1 0 0 79 0 0 6021767 11610656 8904749 0 0 0 11096934 0 0 0 0 
0 0 0 0 0 0 0 0 0 0 0 0 0 0 0 0 0 0 0 0 0 0 0 3 0 17102 17097 0 0 79 0 0 0 20537568 6023415 0 0 0 0 0 11111063 0 0 0 
0 0 0 0 0 0 0 0 0 0 0 0 0 0 0 0 0 0 0 0 0 0 0 3 17096 0 0 1 0 0 79 0 0 6023187 11624317 8911381 0 0 0 11112085 0 0 0 0 
0 0 0 0 0 0 0 0 0 0 0 0 0 0 0 0 0 0 0 0 0 0 0 3 0 17155 17153 0 0 79 0 0 0 20571148 6033338 0 0 0 0 0 11129606 0 0 0 
0 0 0 0 0 0 0 0 0 0 0 0 0 0 0 0 0 0 0 0 0 0 0 3 17152 0 0 1 0 0 79 0 0 6033109 11642929 8926352 0 0 0 11130634 0 0 0 0 
0 0 0 0 0 0 0 0 0 0 0 0 0 0 0 0 0 0 0 0 0 0 0 3 0 17165 17161 0 0 79 0 0 0 20593304 6039292 0 0 0 0 0 11141309 0 0 0 
0 0 0 0 0 0 0 0 0 0 0 0 0 0 0 0 0 0 0 0 0 0 0 3 17160 0 0 1 0 0 79 0 0 6039063 11657389 8934048 0 0 0 11142337 0 0 0 0 
0 0 0 0 0 0 0 0 0 0 0 0 0 0 0 0 0 0 0 0 0 0 0 3 0 17219 17217 0 0 79 0 0 0 20620958 6043287 0 0 0 0 0 11159789 0 0 0 
0 0 0 0 0 0 0 0 0 0 0 0 0 0 0 0 0 0 0 0 0 0 0 3 17216 0 0 1 0 0 79 0 0 6043058 11673172 8945921 0 0 0 11160822 0 0 0 0 
0 0 0 0 0 0 0 0 0 0 0 0 0 0 0 0 0 0 0 0 0 0 0 3 0 17251 17245 0 0 79 0 0 0 20649048 6052282 0 0 0 0 0 11175199 0 0 0 
0 0 0 0 0 0 0 0 0 0 0 0 0 0 0 0 0 0 0 0 0 0 0 3 17244 0 0 1 0 0 79 0 0 6052050 11688423 8958747 0 0 0 11176231 0 0 0 0 
0 0 0 0 0 0 0 0 0 0 0 0 0 0 0 0 0 0 0 0 0 0 0 3 0 17279 17277 0 0 79 0 0 0 20671660 6053226 0 0 0 0 0 11190867 0 0 0 
0 0 0 0 0 0 0 0 0 0 0 0 0 0 0 0 0 0 0 0 0 0 0 3 17276 0 0 1 0 0 79 0 0 6052994 11704308 8965474 0 0 0 11191899 0 0 0 0 
0 0 0 0 0 0 0 0 0 0 0 0 0 0 0 0 0 0 0 0 0 0 0 3 0 17335 17333 0 0 79 0 0 0 20706531 6063155 0 0 0 0 0 11211355 0 0 0 
0 0 0 0 0 0 0 0 0 0 0 0 0 0 0 0 0 0 0 0 0 0 0 3 17332 0 0 1 0 0 79 0 0 6062923 11724858 8979791 0 0 0 11212389 0 0 0 0 
0 0 0 0 0 0 0 0 0 0 0 0 0 0 0 0 0 0 0 0 0 0 0 3 0 17343 17341 0 0 79 0 0 0 20729520 6068825 0 0 0 0 0 11229829 0 0 0 
0 0 0 0 0 0 0 0 0 0 0 0 0 0 0 0 0 0 0 0 0 0 0 3 17340 0 0 1 0 0 79 0 0 6068593 11742289 8985349 0 0 0 11230862 0 0 0 0 
0 0 0 0 0 0 0 0 0 0 0 0 0 0 0 0 0 0 0 0 0 0 0 3 0 17399 17397 0 0 79 0 0 0 20758644 6073102 0 0 0 0 0 11245226 0 0 0 
0 0 0 0 0 0 0 0 0 0 0 0 0 0 0 0 0 0 0 0 0 0 0 3 17396 0 0 1 0 0 79 0 0 6072870 11758790 8997974 0 0 0 11246261 0 0 0 0 
0 0 0 0 0 0 0 0 0 0 0 0 0 0 0 0 0 0 0 0 0 0 0 3 0 17419 17417 0 0 79 0 0 0 20793369 6081634 0 0 0 0 0 11265564 0 0 0 
0 0 0 0 0 0 0 0 0 0 0 0 0 0 0 0 0 0 0 0 0 0 0 3 17416 0 0 1 0 0 79 0 0 6081401 11779070 9012412 0 0 0 11266602 0 0 0 0 
0 0 0 0 0 0 0 0 0 0 0 0 0 0 0 0 0 0 0 0 0 0 0 3 0 17460 17457 0 0 79 0 0 0 20813069 6083045 0 0 0 0 0 11280622 0 0 0 
0 0 0 0 0 0 0 0 0 0 0 0 0 0 0 0 0 0 0 0 0 0 0 3 17456 0 0 1 0 0 79 0 0 6082812 11794243 9016939 0 0 0 11281660 0 0 0 0 
0 0 0 0 0 0 0 0 0 0 0 0 0 0 0 0 0 0 0 0 0 0 0 3 0 17515 17513 0 0 79 0 0 0 20846565 6092972 0 0 0 0 0 11298946 0 0 0 
0 0 0 0 0 0 0 0 0 0 0 0 0 0 0 0 0 0 0 0 0 0 0 3 17512 0 0 1 0 0 79 0 0 6092737 11812632 9032041 0 0 0 11299987 0 0 0 0 
0 0 0 0 0 0 0 0 0 0 0 0 0 0 0 0 0 0 0 0 0 0 0 3 0 17523 17521 0 0 79 0 0 0 20869851 6098922 0 0 0 0 0 11312979 0 0 0 
0 0 0 0 0 0 0 0 0 0 0 0 0 0 0 0 0 0 0 0 0 0 0 3 17520 0 0 1 0 0 79 0 0 6098687 11828566 9039393 0 0 0 11314020 0 0 0 0 
0 0 0 0 0 0 0 0 0 0 0 0 0 0 0 0 0 0 0 0 0 0 0 3 0 17578 17577 0 0 79 0 0 0 20894463 6102921 0 0 0 0 0 11326747 0 0 0 
0 0 0 0 0 0 0 0 0 0 0 0 0 0 0 0 0 0 0 0 0 0 0 3 17576 0 0 1 0 0 79 0 0 6102685 11840498 9052072 0 0 0 11327796 0 0 0 0 
0 0 0 0 0 0 0 0 0 0 0 0 0 0 0 0 0 0 0 0 0 0 0 3 0 17634 17633 0 0 79 0 0 0 20926702 6112850 0 0 0 0 0 11344456 0 0 0 
0 0 0 0 0 0 0 0 0 0 0 0 0 0 0 0 0 0 0 0 0 0 0 3 17632 0 0 1 0 0 79 0 0 6112613 11858268 9066535 0 0 0 11345506 0 0 0 0 
0 0 0 0 0 0 0 0 0 0 0 0 0 0 0 0 0 0 0 0 0 0 0 3 0 17642 17641 0 0 79 0 0 0 20947891 6118800 0 0 0 0 0 11358543 0 0 0 
0 0 0 0 0 0 0 0 0 0 0 0 0 0 0 0 0 0 0 0 0 0 0 3 17640 0 0 1 0 0 79 0 0 6118563 11871843 9074150 0 0 0 11359593 0 0 0 0 
0 0 0 0 0 0 0 0 0 0 0 0 0 0 0 0 0 0 0 0 0 0 0 3 0 17698 17697 0 0 79 0 0 0 20976359 6122801 0 0 0 0 0 11372721 0 0 0 
0 0 0 0 0 0 0 0 0 0 0 0 0 0 0 0 0 0 0 0 0 0 0 3 17696 0 0 1 0 0 79 0 0 6122561 11886596 9087860 0 0 0 11373776 0 0 0 0 
0 0 0 0 0 0 0 0 0 0 0 0 0 0 0 0 0 0 0 0 0 0 0 3 0 17754 17753 0 0 79 0 0 0 21008553 6132730 0 0 0 0 0 11390702 0 0 0 
0 0 0 0 0 0 0 0 0 0 0 0 0 0 0 0 0 0 0 0 0 0 0 3 17752 0 0 1 0 0 79 0 0 6132489 11904640 9102012 0 0 0 11391761 0 0 0 0 
0 0 0 0 0 0 0 0 0 0 0 0 0 0 0 0 0 0 0 0 0 0 0 3 0 17762 17761 0 0 79 0 0 0 21028452 6138430 0 0 0 0 0 11403879 0 0 0 
0 0 0 0 0 0 0 0 0 0 0 0 0 0 0 0 0 0 0 0 0 0 0 3 17760 0 0 1 0 0 79 0 0 6138189 11916685 9109866 0 0 0 11404940 0 0 0 0 
0 0 0 0 0 0 0 0 0 0 0 0 0 0 0 0 0 0 0 0 0 0 0 3 0 17818 17817 0 0 79 0 0 0 21056489 6142683 0 0 0 0 0 11417409 0 0 0 
0 0 0 0 0 0 0 0 0 0 0 0 0 0 0 0 0 0 0 0 0 0 0 3 17815 0 0 1 0 0 79 0 0 6142441 11931409 9123175 0 0 0 11418473 0 0 0 0 
0 0 0 0 0 0 0 0 0 0 0 0 0 0 0 0 0 0 0 0 0 0 0 3 0 17858 17857 0 0 79 0 0 0 21088076 6151688 0 0 0 0 0 11434272 0 0 0 
0 0 0 0 0 0 0 0 0 0 0 0 0 0 0 0 0 0 0 0 0 0 0 3 17855 0 0 1 0 0 79 0 0 6151446 11948438 9137727 0 0 0 11435338 0 0 0 0 
0 0 0 0 0 0 0 0 0 0 0 0 0 0 0 0 0 0 0 0 0 0 0 3 0 17882 17881 0 0 79 0 0 0 21104692 6154896 0 0 0 0 0 11445034 0 0 0 
0 0 0 0 0 0 0 0 0 0 0 0 0 0 0 0 0 0 0 0 0 0 0 3 17878 0 0 1 0 0 79 0 0 6154654 11959191 9143590 0 0 0 11446102 0 0 0 0 
0 0 0 0 0 0 0 0 0 0 0 0 0 0 0 0 0 0 0 0 0 0 0 3 0 17934 17933 0 0 79 0 0 0 21138416 6162554 0 0 0 0 0 11464428 0 0 0 
0 0 0 0 0 0 0 0 0 0 0 0 0 0 0 0 0 0 0 0 0 0 0 3 17930 0 0 1 0 0 79 0 0 6162312 11978548 9157953 0 0 0 11465491 0 0 0 0 
0 0 0 0 0 0 0 0 0 0 0 0 0 0 0 0 0 0 0 0 0 0 0 3 0 17945 17941 0 0 79 0 0 0 21162678 6168510 0 0 0 0 0 11477602 0 0 0 
0 0 0 0 0 0 0 0 0 0 0 0 0 0 0 0 0 0 0 0 0 0 0 3 17938 0 0 1 0 0 79 0 0 6168267 11994828 9165936 0 0 0 11478665 0 0 0 0 
0 0 0 0 0 0 0 0 0 0 0 0 0 0 0 0 0 0 0 0 0 0 0 3 0 17998 17997 0 0 79 0 0 0 21190519 6172503 0 0 0 0 0 11495340 0 0 0 
0 0 0 0 0 0 0 0 0 0 0 0 0 0 0 0 0 0 0 0 0 0 0 3 17994 0 0 1 0 0 79 0 0 6172259 12009518 9179079 0 0 0 11496406 0 0 0 0 
0 0 0 0 0 0 0 0 0 0 0 0 0 0 0 0 0 0 0 0 0 0 0 3 0 18054 18053 0 0 79 0 0 0 21222179 6182432 0 0 0 0 0 11513551 0 0 0 
0 0 0 0 0 0 0 0 0 0 0 0 0 0 0 0 0 0 0 0 0 0 0 3 18050 0 0 1 0 0 79 0 0 6182186 12027793 9192464 0 0 0 11514619 0 0 0 0 
0 0 0 0 0 0 0 0 0 0 0 0 0 0 0 0 0 0 0 0 0 0 0 3 0 18062 18061 0 0 79 0 0 0 21243930 6185563 0 0 0 0 0 11529754 0 0 0 
0 0 0 0 0 0 0 0 0 0 0 0 0 0 0 0 0 0 0 0 0 0 0 3 18058 0 0 1 0 0 79 0 0 6185317 12043826 9198182 0 0 0 11530824 0 0 0 0 
0 0 0 0 0 0 0 0 0 0 0 0 0 0 0 0 0 0 0 0 0 0 0 3 0 18114 18113 0 0 79 0 0 0 21279382 6192372 0 0 0 0 0 11550783 0 0 0 
0 0 0 0 0 0 0 0 0 0 0 0 0 0 0 0 0 0 0 0 0 0 0 3 18110 0 0 1 0 0 79 0 0 6192126 12065088 9212366 0 0 0 11551856 0 0 0 0 
0 0 0 0 0 0 0 0 0 0 0 0 0 0 0 0 0 0 0 0 0 0 0 3 0 18122 18121 0 0 79 0 0 0 21302032 6198322 0 0 0 0 0 11567625 0 0 0 
0 0 0 0 0 0 0 0 0 0 0 0 0 0 0 0 0 0 0 0 0 0 0 3 18118 0 0 1 0 0 79 0 0 6198076 12081016 9219088 0 0 0 11568699 0 0 0 0 
0 0 0 0 0 0 0 0 0 0 0 0 0 0 0 0 0 0 0 0 0 0 0 3 0 18178 18177 0 0 79 0 0 0 21332355 6202321 0 0 0 0 0 11584814 0 0 0 
0 0 0 0 0 0 0 0 0 0 0 0 0 0 0 0 0 0 0 0 0 0 0 3 18174 0 0 1 0 0 79 0 0 6202074 12099177 9231248 0 0 0 11585891 0 0 0 0 
0 0 0 0 0 0 0 0 0 0 0 0 0 0 0 0 0 0 0 0 0 0 0 3 0 18186 18185 0 0 79 0 0 0 21357945 6208644 0 0 0 0 0 11598642 0 0 0 
0 0 0 0 0 0 0 0 0 0 0 0 0 0 0 0 0 0 0 0 0 0 0 3 18182 0 0 1 0 0 79 0 0 6208398 12116338 9239675 0 0 0 11599721 0 0 0 0 
0 0 0 0 0 0 0 0 0 0 0 0 0 0 0 0 0 0 0 0 0 0 0 3 0 18238 18237 0 0 79 0 0 0 21385965 6212265 0 0 0 0 0 11618668 0 0 0 
0 0 0 0 0 0 0 0 0 0 0 0 0 0 0 0 0 0 0 0 0 0 0 3 18234 0 0 1 0 0 79 0 0 6212017 12133091 9250939 0 0 0 11619747 0 0 0 0 
0 0 0 0 0 0 0 0 0 0 0 0 0 0 0 0 0 0 0 0 0 0 0 3 0 18294 18293 0 0 79 0 0 0 21418729 6222192 0 0 0 0 0 11638153 0 0 0 
0 0 0 0 0 0 0 0 0 0 0 0 0 0 0 0 0 0 0 0 0 0 0 3 18290 0 0 1 0 0 79 0 0 6221945 12152641 9264147 0 0 0 11639238 0 0 0 0 
0 0 0 0 0 0 0 0 0 0 0 0 0 0 0 0 0 0 0 0 0 0 0 3 0 18302 18301 0 0 79 0 0 0 21442276 6227505 0 0 0 0 0 11656544 0 0 0 
0 0 0 0 0 0 0 0 0 0 0 0 0 0 0 0 0 0 0 0 0 0 0 3 18298 0 0 1 0 0 79 0 0 6227258 12170093 9270242 0 0 0 11657628 0 0 0 0 
0 0 0 0 0 0 0 0 0 0 0 0 0 0 0 0 0 0 0 0 0 0 0 3 0 18357 18353 0 0 79 0 0 0 21475525 6232137 0 0 0 0 0 11676047 0 0 0 
0 0 0 0 0 0 0 0 0 0 0 0 0 0 0 0 0 0 0 0 0 0 0 3 18350 0 0 1 0 0 79 0 0 6231890 12190593 9282985 0 0 0 11677135 0 0 0 0 
0 0 0 0 0 0 0 0 0 0 0 0 0 0 0 0 0 0 0 0 0 0 0 3 0 18365 18361 0 0 79 0 0 0 21501403 6238087 0 0 0 0 0 11690730 0 0 0 
0 0 0 0 0 0 0 0 0 0 0 0 0 0 0 0 0 0 0 0 0 0 0 3 18358 0 0 1 0 0 79 0 0 6237840 12208538 9290919 0 0 0 11691819 0 0 0 0 
0 0 0 0 0 0 0 0 0 0 0 0 0 0 0 0 0 0 0 0 0 0 0 3 0 18418 18417 0 0 79 0 0 0 21530316 6242081 0 0 0 0 0 11711373 0 0 0 
0 0 0 0 0 0 0 0 0 0 0 0 0 0 0 0 0 0 0 0 0 0 0 3 18414 0 0 1 0 0 79 0 0 6241834 12225985 9302381 0 0 0 11712467 0 0 0 0 
0 0 0 0 0 0 0 0 0 0 0 0 0 0 0 0 0 0 0 0 0 0 0 3 0 18474 18473 0 0 79 0 0 0 21564828 6252009 0 0 0 0 0 11731890 0 0 0 
0 0 0 0 0 0 0 0 0 0 0 0 0 0 0 0 0 0 0 0 0 0 0 3 18470 0 0 1 0 0 79 0 0 6251761 12246562 9316304 0 0 0 11732986 0 0 0 0 
0 0 0 0 0 0 0 0 0 0 0 0 0 0 0 0 0 0 0 0 0 0 0 3 0 18482 18481 0 0 79 0 0 0 21582478 6255837 0 0 0 0 0 11744518 0 0 0 
0 0 0 0 0 0 0 0 0 0 0 0 0 0 0 0 0 0 0 0 0 0 0 3 18478 0 0 1 0 0 79 0 0 6255590 12258774 9321742 0 0 0 11745615 0 0 0 0 
0 0 0 0 0 0 0 0 0 0 0 0 0 0 0 0 0 0 0 0 0 0 0 3 0 18534 18533 0 0 79 0 0 0 21617609 6261947 0 0 0 0 0 11765709 0 0 0 
0 0 0 0 0 0 0 0 0 0 0 0 0 0 0 0 0 0 0 0 0 0 0 3 18530 0 0 1 0 0 79 0 0 6261698 12280444 9335203 0 0 0 11766809 0 0 0 0 
0 0 0 0 0 0 0 0 0 0 0 0 0 0 0 0 0 0 0 0 0 0 0 3 0 18542 18541 0 0 79 0 0 0 21642314 6267897 0 0 0 0 0 11781061 0 0 0 
0 0 0 0 0 0 0 0 0 0 0 0 0 0 0 0 0 0 0 0 0 0 0 3 18538 0 0 1 0 0 79 0 0 6267647 12297919 9342432 0 0 0 11782161 0 0 0 0 
0 0 0 0 0 0 0 0 0 0 0 0 0 0 0 0 0 0 0 0 0 0 0 3 0 18598 18597 0 0 79 0 0 0 21670692 6271897 0 0 0 0 0 11799826 0 0 0 
0 0 0 0 0 0 0 0 0 0 0 0 0 0 0 0 0 0 0 0 0 0 0 3 18594 0 0 1 0 0 79 0 0 6271646 12314621 9354104 0 0 0 11800930 0 0 0 0 
0 0 0 0 0 0 0 0 0 0 0 0 0 0 0 0 0 0 0 0 0 0 0 3 0 18638 18637 0 0 79 0 0 0 21700821 6280900 0 0 0 0 0 11816916 0 0 0 
0 0 0 0 0 0 0 0 0 0 0 0 0 0 0 0 0 0 0 0 0 0 0 3 18634 0 0 1 0 0 79 0 0 6280648 12331878 9366976 0 0 0 11818019 0 0 0 0 
0 0 0 0 0 0 0 0 0 0 0 0 0 0 0 0 0 0 0 0 0 0 0 3 0 18662 18661 0 0 79 0 0 0 21721322 6286307 0 0 0 0 0 11831030 0 0 0 
0 0 0 0 0 0 0 0 0 0 0 0 0 0 0 0 0 0 0 0 0 0 0 3 18658 0 0 1 0 0 79 0 0 6286055 12345233 9374122 0 0 0 11832133 0 0 0 0 
0 0 0 0 0 0 0 0 0 0 0 0 0 0 0 0 0 0 0 0 0 0 0 3 0 18716 18713 0 0 79 0 0 0 21753162 6291770 0 0 0 0 0 11848252 0 0 0 
0 0 0 0 0 0 0 0 0 0 0 0 0 0 0 0 0 0 0 0 0 0 0 3 18710 0 0 1 0 0 79 0 0 6291518 12363165 9388024 0 0 0 11849355 0 0 0 0 
0 0 0 0 0 0 0 0 0 0 0 0 0 0 0 0 0 0 0 0 0 0 0 3 0 18722 18721 0 0 79 0 0 0 21777312 6297716 0 0 0 0 0 11861594 0 0 0 
0 0 0 0 0 0 0 0 0 0 0 0 0 0 0 0 0 0 0 0 0 0 0 3 18718 0 0 1 0 0 79 0 0 6297464 12379303 9396036 0 0 0 11862698 0 0 0 0 
0 0 0 0 0 0 0 0 0 0 0 0 0 0 0 0 0 0 0 0 0 0 0 3 0 18778 18777 0 0 79 0 0 0 21803724 6301715 0 0 0 0 0 11878755 0 0 0 
0 0 0 0 0 0 0 0 0 0 0 0 0 0 0 0 0 0 0 0 0 0 0 3 18774 0 0 1 0 0 79 0 0 6301463 12393727 9408019 0 0 0 11879861 0 0 0 0 
0 0 0 0 0 0 0 0 0 0 0 0 0 0 0 0 0 0 0 0 0 0 0 3 0 18834 18833 0 0 79 0 0 0 21836064 6311644 0 0 0 0 0 11896643 0 0 0 
0 0 0 0 0 0 0 0 0 0 0 0 0 0 0 0 0 0 0 0 0 0 0 3 18830 0 0 1 0 0 79 0 0 6311392 12411676 9422409 0 0 0 11897752 0 0 0 0 
0 0 0 0 0 0 0 0 0 0 0 0 0 0 0 0 0 0 0 0 0 0 0 3 0 18842 18841 0 0 79 0 0 0 21858569 6314967 0 0 0 0 0 11913748 0 0 0 
0 0 0 0 0 0 0 0 0 0 0 0 0 0 0 0 0 0 0 0 0 0 0 3 18838 0 0 1 0 0 79 0 0 6314715 12428548 9428042 0 0 0 11914858 0 0 0 0 
0 0 0 0 0 0 0 0 0 0 0 0 0 0 0 0 0 0 0 0 0 0 0 3 0 18897 18893 0 0 79 0 0 0 21889742 6321590 0 0 0 0 0 11930410 0 0 0 
0 0 0 0 0 0 0 0 0 0 0 0 0 0 0 0 0 0 0 0 0 0 0 3 18890 0 0 1 0 0 79 0 0 6321338 12445498 9442263 0 0 0 11931519 0 0 0 0 
0 0 0 0 0 0 0 0 0 0 0 0 0 0 0 0 0 0 0 0 0 0 0 3 0 18902 18901 0 0 79 0 0 0 21917400 6327534 0 0 0 0 0 11947586 0 0 0 
0 0 0 0 0 0 0 0 0 0 0 0 0 0 0 0 0 0 0 0 0 0 0 3 18898 0 0 1 0 0 79 0 0 6327282 12465481 9449938 0 0 0 11948695 0 0 0 0 
0 0 0 0 0 0 0 0 0 0 0 0 0 0 0 0 0 0 0 0 0 0 0 3 0 18958 18957 0 0 79 0 0 0 21944155 6331533 0 0 0 0 0 11965902 0 0 0 
0 0 0 0 0 0 0 0 0 0 0 0 0 0 0 0 0 0 0 0 0 0 0 3 18954 0 0 1 0 0 79 0 0 6331281 12481050 9461123 0 0 0 11967013 0 0 0 0 
0 0 0 0 0 0 0 0 0 0 0 0 0 0 0 0 0 0 0 0 0 0 0 3 0 19014 19013 0 0 79 0 0 0 21974899 6341462 0 0 0 0 0 11982906 0 0 0 
0 0 0 0 0 0 0 0 0 0 0 0 0 0 0 0 0 0 0 0 0 0 0 3 19010 0 0 1 0 0 79 0 0 6341210 12498117 9474792 0 0 0 11984021 0 0 0 0 
0 0 0 0 0 0 0 0 0 0 0 0 0 0 0 0 0 0 0 0 0 0 0 3 0 19022 19021 0 0 79 0 0 0 21993795 6342887 0 0 0 0 0 11996955 0 0 0 
0 0 0 0 0 0 0 0 0 0 0 0 0 0 0 0 0 0 0 0 0 0 0 3 19018 0 0 1 0 0 79 0 0 6342635 12512517 9479290 0 0 0 11998070 0 0 0 0 
0 0 0 0 0 0 0 0 0 0 0 0 0 0 0 0 0 0 0 0 0 0 0 3 0 19074 19073 0 0 79 0 0 0 22029660 6351402 0 0 0 0 0 12018637 0 0 0 
0 0 0 0 0 0 0 0 0 0 0 0 0 0 0 0 0 0 0 0 0 0 0 3 19070 0 0 1 0 0 79 0 0 6351150 12533908 9493759 0 0 0 12019753 0 0 0 0 
0 0 0 0 0 0 0 0 0 0 0 0 0 0 0 0 0 0 0 0 0 0 0 3 0 19082 19081 0 0 79 0 0 0 22051321 6357352 0 0 0 0 0 12035344 0 0 0 
0 0 0 0 0 0 0 0 0 0 0 0 0 0 0 0 0 0 0 0 0 0 0 3 19078 0 0 1 0 0 79 0 0 6357100 12549641 9499686 0 0 0 12036460 0 0 0 0 
0 0 0 0 0 0 0 0 0 0 0 0 0 0 0 0 0 0 0 0 0 0 0 3 0 19138 19137 0 0 79 0 0 0 22080347 6361349 0 0 0 0 0 12050771 0 0 0 
0 0 0 0 0 0 0 0 0 0 0 0 0 0 0 0 0 0 0 0 0 0 0 3 19134 0 0 1 0 0 79 0 0 6361097 12566100 9512249 0 0 0 12051889 0 0 0 0 
0 0 0 0 0 0 0 0 0 0 0 0 0 0 0 0 0 0 0 0 0 0 0 3 0 19145 19141 0 0 79 0 0 0 22107457 6367297 0 0 0 0 0 12066428 0 0 0 
0 0 0 0 0 0 0 0 0 0 0 0 0 0 0 0 0 0 0 0 0 0 0 3 19138 0 0 1 0 0 79 0 0 6367044 12584976 9520482 0 0 0 12067548 0 0 0 0 
0 0 0 0 0 0 0 0 0 0 0 0 0 0 0 0 0 0 0 0 0 0 0 3 0 19198 19197 0 0 79 0 0 0 22136375 6371290 0 0 0 0 0 12086944 0 0 0 
0 0 0 0 0 0 0 0 0 0 0 0 0 0 0 0 0 0 0 0 0 0 0 3 19194 0 0 1 0 0 79 0 0 6371037 12602334 9532042 0 0 0 12088068 0 0 0 0 
0 0 0 0 0 0 0 0 0 0 0 0 0 0 0 0 0 0 0 0 0 0 0 3 0 19254 19253 0 0 79 0 0 0 22169151 6381220 0 0 0 0 0 12105640 0 0 0 
0 0 0 0 0 0 0 0 0 0 0 0 0 0 0 0 0 0 0 0 0 0 0 3 19250 0 0 1 0 0 79 0 0 6380965 12621088 9546056 0 0 0 12106759 0 0 0 0 
0 0 0 0 0 0 0 0 0 0 0 0 0 0 0 0 0 0 0 0 0 0 0 3 0 19262 19261 0 0 79 0 0 0 22191051 6386621 0 0 0 0 0 12122887 0 0 0 
0 0 0 0 0 0 0 0 0 0 0 0 0 0 0 0 0 0 0 0 0 0 0 3 19258 0 0 1 0 0 79 0 0 6386366 12637366 9551678 0 0 0 12124009 0 0 0 0 
0 0 0 0 0 0 0 0 0 0 0 0 0 0 0 0 0 0 0 0 0 0 0 3 0 19318 19317 0 0 79 0 0 0 22220446 6391167 0 0 0 0 0 12137259 0 0 0 
0 0 0 0 0 0 0 0 0 0 0 0 0 0 0 0 0 0 0 0 0 0 0 3 19314 0 0 1 0 0 79 0 0 6390912 12652768 9565669 0 0 0 12138381 0 0 0 0 
0 0 0 0 0 0 0 0 0 0 0 0 0 0 0 0 0 0 0 0 0 0 0 3 0 19338 19337 0 0 79 0 0 0 22254915 6399699 0 0 0 0 0 12157544 0 0 0 
0 0 0 0 0 0 0 0 0 0 0 0 0 0 0 0 0 0 0 0 0 0 0 3 19334 0 0 1 0 0 79 0 0 6399442 12672999 9579906 0 0 0 12158670 0 0 0 0 
0 0 0 0 0 0 0 0 0 0 0 0 0 0 0 0 0 0 0 0 0 0 0 3 0 19382 19381 0 0 79 0 0 0 22272903 6401736 0 0 0 0 0 12169997 0 0 0 
0 0 0 0 0 0 0 0 0 0 0 0 0 0 0 0 0 0 0 0 0 0 0 3 19378 0 0 1 0 0 79 0 0 6401479 12686084 9584809 0 0 0 12171124 0 0 0 0 
0 0 0 0 0 0 0 0 0 0 0 0 0 0 0 0 0 0 0 0 0 0 0 3 0 19434 19433 0 0 79 0 0 0 22307384 6411037 0 0 0 0 0 12189570 0 0 0 
0 0 0 0 0 0 0 0 0 0 0 0 0 0 0 0 0 0 0 0 0 0 0 3 19430 0 0 1 0 0 79 0 0 6410779 12705202 9600171 0 0 0 12190698 0 0 0 0 
0 0 0 0 0 0 0 0 0 0 0 0 0 0 0 0 0 0 0 0 0 0 0 3 0 19442 19441 0 0 79 0 0 0 22330451 6416987 0 0 0 0 0 12205461 0 0 0 
0 0 0 0 0 0 0 0 0 0 0 0 0 0 0 0 0 0 0 0 0 0 0 3 19438 0 0 1 0 0 79 0 0 6416729 12721718 9606722 0 0 0 12206589 0 0 0 0 
0 0 0 0 0 0 0 0 0 0 0 0 0 0 0 0 0 0 0 0 0 0 0 3 0 19498 19497 0 0 79 0 0 0 22356165 6420984 0 0 0 0 0 12220186 0 0 0 
0 0 0 0 0 0 0 0 0 0 0 0 0 0 0 0 0 0 0 0 0 0 0 3 19494 0 0 1 0 0 79 0 0 6420726 12735879 9618272 0 0 0 12221319 0 0 0 0 
0 0 0 0 0 0 0 0 0 0 0 0 0 0 0 0 0 0 0 0 0 0 0 3 0 19517 19513 0 0 79 0 0 0 22388430 6429515 0 0 0 0 0 12238992 0 0 0 
0 0 0 0 0 0 0 0 0 0 0 0 0 0 0 0 0 0 0 0 0 0 0 3 19510 0 0 1 0 0 79 0 0 6429257 12754576 9631838 0 0 0 12240125 0 0 0 0 
0 0 0 0 0 0 0 0 0 0 0 0 0 0 0 0 0 0 0 0 0 0 0 3 0 19558 19557 0 0 79 0 0 0 22403397 6430925 0 0 0 0 0 12247573 0 0 0 
0 0 0 0 0 0 0 0 0 0 0 0 0 0 0 0 0 0 0 0 0 0 0 3 19554 0 0 1 0 0 79 0 0 6430667 12763324 9638057 0 0 0 12248706 0 0 0 0 
0 0 0 0 0 0 0 0 0 0 0 0 0 0 0 0 0 0 0 0 0 0 0 3 0 19614 19613 0 0 79 0 0 0 22434887 6440854 0 0 0 0 0 12265167 0 0 0 
0 0 0 0 0 0 0 0 0 0 0 0 0 0 0 0 0 0 0 0 0 0 0 3 19610 0 0 1 0 0 79 0 0 6440597 12780977 9651885 0 0 0 12266299 0 0 0 0 
0 0 0 0 0 0 0 0 0 0 0 0 0 0 0 0 0 0 0 0 0 0 0 3 0 19622 19621 0 0 79 0 0 0 22454940 6446443 0 0 0 0 0 12278851 0 0 0 
0 0 0 0 0 0 0 0 0 0 0 0 0 0 0 0 0 0 0 0 0 0 0 3 19618 0 0 1 0 0 79 0 0 6446186 12793570 9659345 0 0 0 12279983 0 0 0 0 
0 0 0 0 0 0 0 0 0 0 0 0 0 0 0 0 0 0 0 0 0 0 0 3 0 19678 19677 0 0 79 0 0 0 22484298 6450802 0 0 0 0 0 12293227 0 0 0 
0 0 0 0 0 0 0 0 0 0 0 0 0 0 0 0 0 0 0 0 0 0 0 3 19674 0 0 1 0 0 79 0 0 6450545 12809097 9673168 0 0 0 12294361 0 0 0 0 
0 0 0 0 0 0 0 0 0 0 0 0 0 0 0 0 0 0 0 0 0 0 0 3 0 19708 19705 0 0 79 0 0 0 22515867 6459797 0 0 0 0 0 12311096 0 0 0 
0 0 0 0 0 0 0 0 0 0 0 0 0 0 0 0 0 0 0 0 0 0 0 3 19702 0 0 1 0 0 79 0 0 6459539 12826809 9687025 0 0 0 12312229 0 0 0 0 
0 0 0 0 0 0 0 0 0 0 0 0 0 0 0 0 0 0 0 0 0 0 0 3 0 19742 19741 0 0 79 0 0 0 22534883 6465491 0 0 0 0 0 12323060 0 0 0 
0 0 0 0 0 0 0 0 0 0 0 0 0 0 0 0 0 0 0 0 0 0 0 3 19738 0 0 1 0 0 79 0 0 6465233 12838119 9694731 0 0 0 12324194 0 0 0 0 
0 0 0 0 0 0 0 0 0 0 0 0 0 0 0 0 0 0 0 0 0 0 0 3 0 19798 19797 0 0 79 0 0 0 22564286 6470682 0 0 0 0 0 12337600 0 0 0 
0 0 0 0 0 0 0 0 0 0 0 0 0 0 0 0 0 0 0 0 0 0 0 3 19794 0 0 1 0 0 79 0 0 6470424 12853591 9708657 0 0 0 12338736 0 0 0 0 
0 0 0 0 0 0 0 0 0 0 0 0 0 0 0 0 0 0 0 0 0 0 0 3 0 19818 19817 0 0 79 0 0 0 22598864 6479214 0 0 0 0 0 12357703 0 0 0 
0 0 0 0 0 0 0 0 0 0 0 0 0 0 0 0 0 0 0 0 0 0 0 3 19814 0 0 1 0 0 79 0 0 6478955 12873638 9723176 0 0 0 12358842 0 0 0 0 
0 0 0 0 0 0 0 0 0 0 0 0 0 0 0 0 0 0 0 0 0 0 0 3 0 19862 19861 0 0 79 0 0 0 22614833 6483968 0 0 0 0 0 12367326 0 0 0 
0 0 0 0 0 0 0 0 0 0 0 0 0 0 0 0 0 0 0 0 0 0 0 3 19858 0 0 1 0 0 79 0 0 6483709 12883032 9729751 0 0 0 12368465 0 0 0 0 
0 0 0 0 0 0 0 0 0 0 0 0 0 0 0 0 0 0 0 0 0 0 0 3 0 19917 19913 0 0 79 0 0 0 22646499 6490560 0 0 0 0 0 12384676 0 0 0 
0 0 0 0 0 0 0 0 0 0 0 0 0 0 0 0 0 0 0 0 0 0 0 3 19910 0 0 1 0 0 79 0 0 6490300 12900789 9743655 0 0 0 12385820 0 0 0 0 
0 0 0 0 0 0 0 0 0 0 0 0 0 0 0 0 0 0 0 0 0 0 0 3 0 19925 19921 0 0 79 0 0 0 22672535 6496510 0 0 0 0 0 12399490 0 0 0 
0 0 0 0 0 0 0 0 0 0 0 0 0 0 0 0 0 0 0 0 0 0 0 3 19918 0 0 1 0 0 79 0 0 6496250 12918801 9751679 0 0 0 12400635 0 0 0 0 
0 0 0 0 0 0 0 0 0 0 0 0 0 0 0 0 0 0 0 0 0 0 0 3 0 19978 19977 0 0 79 0 0 0 22697724 6500503 0 0 0 0 0 12416115 0 0 0 
0 0 0 0 0 0 0 0 0 0 0 0 0 0 0 0 0 0 0 0 0 0 0 3 19974 0 0 1 0 0 79 0 0 6500240 12932287 9763376 0 0 0 12417260 0 0 0 0 
0 0 0 0 0 0 0 0 0 0 0 0 0 0 0 0 0 0 0 0 0 0 0 3 0 20034 20033 0 0 79 0 0 0 22730943 6510432 0 0 0 0 0 12434542 0 0 0 
0 0 0 0 0 0 0 0 0 0 0 0 0 0 0 0 0 0 0 0 0 0 0 3 20030 0 0 1 0 0 79 0 0 6510169 12950774 9778106 0 0 0 12435688 0 0 0 0 
0 0 0 0 0 0 0 0 0 0 0 0 0 0 0 0 0 0 0 0 0 0 0 3 0 20042 20041 0 0 79 0 0 0 22753254 6514583 0 0 0 0 0 12451564 0 0 0 
0 0 0 0 0 0 0 0 0 0 0 0 0 0 0 0 0 0 0 0 0 0 0 3 20038 0 0 1 0 0 79 0 0 6514320 12967278 9783913 0 0 0 12452710 0 0 0 0 
0 0 0 0 0 0 0 0 0 0 0 0 0 0 0 0 0 0 0 0 0 0 0 3 0 20095 20093 0 0 79 0 0 0 22785712 6520374 0 0 0 0 0 12469922 0 0 0 
0 0 0 0 0 0 0 0 0 0 0 0 0 0 0 0 0 0 0 0 0 0 0 3 20090 0 0 1 0 0 79 0 0 6520110 12986214 9797428 0 0 0 12471071 0 0 0 0 
0 0 0 0 0 0 0 0 0 0 0 0 0 0 0 0 0 0 0 0 0 0 0 3 0 20105 20101 0 0 79 0 0 0 22810082 6526328 0 0 0 0 0 12482594 0 0 0 
0 0 0 0 0 0 0 0 0 0 0 0 0 0 0 0 0 0 0 0 0 0 0 3 20098 0 0 1 0 0 79 0 0 6526063 13002179 9805834 0 0 0 12483744 0 0 0 0 
0 0 0 0 0 0 0 0 0 0 0 0 0 0 0 0 0 0 0 0 0 0 0 3 0 20158 20157 0 0 79 0 0 0 22838915 6530321 0 0 0 0 0 12503114 0 0 0 
0 0 0 0 0 0 0 0 0 0 0 0 0 0 0 0 0 0 0 0 0 0 0 3 20154 0 0 1 0 0 79 0 0 6530056 13019468 9817369 0 0 0 12504266 0 0 0 0 
0 0 0 0 0 0 0 0 0 0 0 0 0 0 0 0 0 0 0 0 0 0 0 3 0 20214 20213 0 0 79 0 0 0 22871223 6540257 0 0 0 0 0 12521179 0 0 0 
0 0 0 0 0 0 0 0 0 0 0 0 0 0 0 0 0 0 0 0 0 0 0 3 20210 0 0 1 0 0 79 0 0 6539991 13037596 9831547 0 0 0 12522334 0 0 0 0 
0 0 0 0 0 0 0 0 0 0 0 0 0 0 0 0 0 0 0 0 0 0 0 3 0 20222 20221 0 0 79 0 0 0 22892571 6542161 0 0 0 0 0 12536410 0 0 0 
0 0 0 0 0 0 0 0 0 0 0 0 0 0 0 0 0 0 0 0 0 0 0 3 20218 0 0 1 0 0 79 0 0 6541895 13053001 9837490 0 0 0 12537565 0 0 0 0 
0 0 0 0 0 0 0 0 0 0 0 0 0 0 0 0 0 0 0 0 0 0 0 3 0 20274 20273 0 0 79 0 0 0 22925662 6550195 0 0 0 0 0 12555161 0 0 0 
0 0 0 0 0 0 0 0 0 0 0 0 0 0 0 0 0 0 0 0 0 0 0 3 20270 0 0 1 0 0 79 0 0 6549929 13071639 9851939 0 0 0 12556318 0 0 0 0 
0 0 0 0 0 0 0 0 0 0 0 0 0 0 0 0 0 0 0 0 0 0 0 3 0 20285 20281 0 0 79 0 0 0 22951464 6556152 0 0 0 0 0 12569698 0 0 0 
0 0 0 0 0 0 0 0 0 0 0 0 0 0 0 0 0 0 0 0 0 0 0 3 20278 0 0 1 0 0 79 0 0 6555886 13089047 9860333 0 0 0 12570856 0 0 0 0 
0 0 0 0 0 0 0 0 0 0 0 0 0 0 0 0 0 0 0 0 0 0 0 3 0 20338 20337 0 0 79 0 0 0 22977646 6560147 0 0 0 0 0 12585532 0 0 0 
0 0 0 0 0 0 0 0 0 0 0 0 0 0 0 0 0 0 0 0 0 0 0 3 20333 0 0 1 0 0 79 0 0 6559880 13102072 9873484 0 0 0 12586696 0 0 0 0 
0 0 0 0 0 0 0 0 0 0 0 0 0 0 0 0 0 0 0 0 0 0 0 3 0 20374 20373 0 0 79 0 0 0 23009908 6569146 0 0 0 0 0 12604199 0 0 0 
0 0 0 0 0 0 0 0 0 0 0 0 0 0 0 0 0 0 0 0 0 0 0 3 20369 0 0 1 0 0 79 0 0 6568879 13120869 9886940 0 0 0 12605365 0 0 0 0 
0 0 0 0 0 0 0 0 0 0 0 0 0 0 0 0 0 0 0 0 0 0 0 3 0 20401 20397 0 0 79 0 0 0 23028556 6570092 0 0 0 0 0 12615722 0 0 0 
0 0 0 0 0 0 0 0 0 0 0 0 0 0 0 0 0 0 0 0 0 0 0 3 20393 0 0 1 0 0 79 0 0 6569825 13132319 9894140 0 0 0 12616888 0 0 0 0 
0 0 0 0 0 0 0 0 0 0 0 0 0 0 0 0 0 0 0 0 0 0 0 3 0 20454 20453 0 0 79 0 0 0 23062198 6580014 0 0 0 0 0 12634279 0 0 0 
0 0 0 0 0 0 0 0 0 0 0 0 0 0 0 0 0 0 0 0 0 0 0 3 20449 0 0 1 0 0 79 0 0 6579745 13150942 9909154 0 0 0 12635451 0 0 0 0 
0 0 0 0 0 0 0 0 0 0 0 0 0 0 0 0 0 0 0 0 0 0 0 3 0 20462 20461 0 0 79 0 0 0 23081433 6585409 0 0 0 0 0 12650136 0 0 0 
0 0 0 0 0 0 0 0 0 0 0 0 0 0 0 0 0 0 0 0 0 0 0 3 20457 0 0 1 0 0 79 0 0 6585141 13165868 9913463 0 0 0 12651308 0 0 0 0 
0 0 0 0 0 0 0 0 0 0 0 0 0 0 0 0 0 0 0 0 0 0 0 3 0 20518 20517 0 0 79 0 0 0 23111792 6589961 0 0 0 0 0 12666647 0 0 0 
0 0 0 0 0 0 0 0 0 0 0 0 0 0 0 0 0 0 0 0 0 0 0 3 20513 0 0 1 0 0 79 0 0 6589692 13183370 9926320 0 0 0 12667821 0 0 0 0 
0 0 0 0 0 0 0 0 0 0 0 0 0 0 0 0 0 0 0 0 0 0 0 3 0 20530 20529 0 0 79 0 0 0 23143697 6598427 0 0 0 0 0 12684340 0 0 0 
0 0 0 0 0 0 0 0 0 0 0 0 0 0 0 0 0 0 0 0 0 0 0 3 20525 0 0 1 0 0 79 0 0 6598157 13204128 9937466 0 0 0 12685513 0 0 0 0 
0 0 0 0 0 0 0 0 0 0 0 0 0 0 0 0 0 0 0 0 0 0 0 3 0 20581 20577 0 0 79 0 0 0 23163056 6599909 0 0 0 0 0 12698271 0 0 0 
0 0 0 0 0 0 0 0 0 0 0 0 0 0 0 0 0 0 0 0 0 0 0 3 20573 0 0 1 0 0 79 0 0 6599639 13215049 9945905 0 0 0 12699446 0 0 0 0 
0 0 0 0 0 0 0 0 0 0 0 0 0 0 0 0 0 0 0 0 0 0 0 3 0 20634 20633 0 0 79 0 0 0 23199454 6609832 0 0 0 0 0 12720507 0 0 0 
0 0 0 0 0 0 0 0 0 0 0 0 0 0 0 0 0 0 0 0 0 0 0 3 20629 0 0 1 0 0 79 0 0 6609561 13237355 9959996 0 0 0 12721690 0 0 0 0 
0 0 0 0 0 0 0 0 0 0 0 0 0 0 0 0 0 0 0 0 0 0 0 3 0 20642 20641 0 0 79 0 0 0 23222762 6615503 0 0 0 0 0 12738494 0 0 0 
0 0 0 0 0 0 0 0 0 0 0 0 0 0 0 0 0 0 0 0 0 0 0 3 20637 0 0 1 0 0 79 0 0 6615232 13254351 9966309 0 0 0 12739678 0 0 0 0 
0 0 0 0 0 0 0 0 0 0 0 0 0 0 0 0 0 0 0 0 0 0 0 3 0 20698 20697 0 0 79 0 0 0 23252432 6619780 0 0 0 0 0 12753405 0 0 0 
0 0 0 0 0 0 0 0 0 0 0 0 0 0 0 0 0 0 0 0 0 0 0 3 20693 0 0 1 0 0 79 0 0 6619509 13270312 9980017 0 0 0 12754587 0 0 0 0 
0 0 0 0 0 0 0 0 0 0 0 0 0 0 0 0 0 0 0 0 0 0 0 3 0 20726 20725 0 0 79 0 0 0 23284759 6628549 0 0 0 0 0 12771605 0 0 0 
0 0 0 0 0 0 0 0 0 0 0 0 0 0 0 0 0 0 0 0 0 0 0 3 20721 0 0 1 0 0 79 0 0 6628277 13288357 9994296 0 0 0 12772789 0 0 0 0 
0 0 0 0 0 0 0 0 0 0 0 0 0 0 0 0 0 0 0 0 0 0 0 3 0 20761 20761 0 0 79 0 0 0 23304307 6633391 0 0 0 0 0 12784730 0 0 0 
0 0 0 0 0 0 0 0 0 0 0 0 0 0 0 0 0 0 0 0 0 0 0 3 20757 0 0 1 0 0 79 0 0 6633120 13301315 10000886 0 0 0 12785915 0 0 0 0 
0 0 0 0 0 0 0 0 0 0 0 0 0 0 0 0 0 0 0 0 0 0 0 3 0 20813 20813 0 0 79 0 0 0 23336682 6639652 0 0 0 0 0 12802816 0 0 0 
0 0 0 0 0 0 0 0 0 0 0 0 0 0 0 0 0 0 0 0 0 0 0 3 20809 0 0 1 0 0 79 0 0 6639376 13319842 10014734 0 0 0 12803998 0 0 0 0 
0 0 0 0 0 0 0 0 0 0 0 0 0 0 0 0 0 0 0 0 0 0 0 3 0 20821 20821 0 0 79 0 0 0 23358574 6645602 0 0 0 0 0 12819242 0 0 0 
0 0 0 0 0 0 0 0 0 0 0 0 0 0 0 0 0 0 0 0 0 0 0 3 20817 0 0 1 0 0 79 0 0 6645326 13335783 10020685 0 0 0 12820424 0 0 0 0 
0 0 0 0 0 0 0 0 0 0 0 0 0 0 0 0 0 0 0 0 0 0 0 3 0 20877 20877 0 0 79 0 0 0 23387768 6649602 0 0 0 0 0 12835186 0 0 0 
0 0 0 0 0 0 0 0 0 0 0 0 0 0 0 0 0 0 0 0 0 0 0 3 20873 0 0 1 0 0 79 0 0 6649326 13352266 10033394 0 0 0 12836368 0 0 0 0 
0 0 0 0 0 0 0 0 0 0 0 0 0 0 0 0 0 0 0 0 0 0 0 3 0 20917 20917 0 0 79 0 0 0 23419192 6658605 0 0 0 0 0 12852731 0 0 0 
0 0 0 0 0 0 0 0 0 0 0 0 0 0 0 0 0 0 0 0 0 0 0 3 20913 0 0 1 0 0 79 0 0 6658328 13369984 10047095 0 0 0 12853920 0 0 0 0 
0 0 0 0 0 0 0 0 0 0 0 0 0 0 0 0 0 0 0 0 0 0 0 3 0 20941 20941 0 0 79 0 0 0 23439676 6664955 0 0 0 0 0 12867119 0 0 0 
0 0 0 0 0 0 0 0 0 0 0 0 0 0 0 0 0 0 0 0 0 0 0 3 20937 0 0 1 0 0 79 0 0 6664678 13383167 10054397 0 0 0 12868306 0 0 0 0 
0 0 0 0 0 0 0 0 0 0 0 0 0 0 0 0 0 0 0 0 0 0 0 3 0 20997 20997 0 0 79 0 0 0 23466606 6669477 0 0 0 0 0 12879696 0 0 0 
0 0 0 0 0 0 0 0 0 0 0 0 0 0 0 0 0 0 0 0 0 0 0 3 20993 0 0 1 0 0 79 0 0 6669199 13396904 10067588 0 0 0 12880886 0 0 0 0 
0 0 0 0 0 0 0 0 0 0 0 0 0 0 0 0 0 0 0 0 0 0 0 3 0 21020 21017 0 0 79 0 0 0 23498510 6678012 0 0 0 0 0 12896732 0 0 0 
0 0 0 0 0 0 0 0 0 0 0 0 0 0 0 0 0 0 0 0 0 0 0 3 21013 0 0 1 0 0 79 0 0 6677733 13413878 10082516 0 0 0 12897924 0 0 0 0 
0 0 0 0 0 0 0 0 0 0 0 0 0 0 0 0 0 0 0 0 0 0 0 3 0 21061 21061 0 0 79 0 0 0 23514630 6680981 0 0 0 0 0 12906269 0 0 0 
0 0 0 0 0 0 0 0 0 0 0 0 0 0 0 0 0 0 0 0 0 0 0 3 21057 0 0 1 0 0 79 0 0 6680702 13423828 10088686 0 0 0 12907462 0 0 0 0 
0 0 0 0 0 0 0 0 0 0 0 0 0 0 0 0 0 0 0 0 0 0 0 3 0 21113 21113 0 0 79 0 0 0 23549997 6689347 0 0 0 0 0 12927260 0 0 0 
0 0 0 0 0 0 0 0 0 0 0 0 0 0 0 0 0 0 0 0 0 0 0 3 21108 0 0 1 0 0 79 0 0 6689066 13444587 10103284 0 0 0 12928454 0 0 0 0 
0 0 0 0 0 0 0 0 0 0 0 0 0 0 0 0 0 0 0 0 0 0 0 3 0 21121 21121 0 0 79 0 0 0 23575847 6695297 0 0 0 0 0 12943312 0 0 0 
0 0 0 0 0 0 0 0 0 0 0 0 0 0 0 0 0 0 0 0 0 0 0 3 21116 0 0 1 0 0 79 0 0 6695016 13463059 10110663 0 0 0 12944508 0 0 0 0 
0 0 0 0 0 0 0 0 0 0 0 0 0 0 0 0 0 0 0 0 0 0 0 3 0 21178 21177 0 0 79 0 0 0 23599329 6699299 0 0 0 0 0 12956708 0 0 0 
0 0 0 0 0 0 0 0 0 0 0 0 0 0 0 0 0 0 0 0 0 0 0 3 21172 0 0 1 0 0 79 0 0 6699016 13474096 10123102 0 0 0 12957909 0 0 0 0 
0 0 0 0 0 0 0 0 0 0 0 0 0 0 0 0 0 0 0 0 0 0 0 3 0 21233 21233 0 0 79 0 0 0 23632356 6709226 0 0 0 0 0 12975604 0 0 0 
0 0 0 0 0 0 0 0 0 0 0 0 0 0 0 0 0 0 0 0 0 0 0 3 21228 0 0 1 0 0 79 0 0 6708939 13493053 10137169 0 0 0 12976806 0 0 0 0 
0 0 0 0 0 0 0 0 0 0 0 0 0 0 0 0 0 0 0 0 0 0 0 3 0 21241 21241 0 0 79 0 0 0 23654172 6714982 0 0 0 0 0 12991444 0 0 0 
0 0 0 0 0 0 0 0 0 0 0 0 0 0 0 0 0 0 0 0 0 0 0 3 21236 0 0 1 0 0 79 0 0 6714695 13508267 10143771 0 0 0 12992646 0 0 0 0 
0 0 0 0 0 0 0 0 0 0 0 0 0 0 0 0 0 0 0 0 0 0 0 3 0 21297 21297 0 0 79 0 0 0 23682368 6719173 0 0 0 0 0 13005434 0 0 0 
0 0 0 0 0 0 0 0 0 0 0 0 0 0 0 0 0 0 0 0 0 0 0 3 21292 0 0 1 0 0 79 0 0 6718885 13522942 10157291 0 0 0 13006635 0 0 0 0 
0 0 0 0 0 0 0 0 0 0 0 0 0 0 0 0 0 0 0 0 0 0 0 3 0 21305 21305 0 0 79 0 0 0 23708563 6726608 0 0 0 0 0 13019770 0 0 0 
0 0 0 0 0 0 0 0 0 0 0 0 0 0 0 0 0 0 0 0 0 0 0 3 21300 0 0 1 0 0 79 0 0 6726321 13540614 10165811 0 0 0 13020972 0 0 0 0 
0 0 0 0 0 0 0 0 0 0 0 0 0 0 0 0 0 0 0 0 0 0 0 3 0 21360 21357 0 0 79 0 0 0 23728269 6729120 0 0 0 0 0 13032569 0 0 0 
0 0 0 0 0 0 0 0 0 0 0 0 0 0 0 0 0 0 0 0 0 0 0 3 21352 0 0 1 0 0 79 0 0 6728832 13550134 10175991 0 0 0 13033773 0 0 0 0 
0 0 0 0 0 0 0 0 0 0 0 0 0 0 0 0 0 0 0 0 0 0 0 3 0 21413 21413 0 0 79 0 0 0 23764137 6739043 0 0 0 0 0 13053344 0 0 0 
0 0 0 0 0 0 0 0 0 0 0 0 0 0 0 0 0 0 0 0 0 0 0 3 21408 0 0 1 0 0 79 0 0 6738754 13570973 10191017 0 0 0 13054550 0 0 0 0 
0 0 0 0 0 0 0 0 0 0 0 0 0 0 0 0 0 0 0 0 0 0 0 3 0 21421 21421 0 0 79 0 0 0 23785278 6744926 0 0 0 0 0 13069559 0 0 0 
0 0 0 0 0 0 0 0 0 0 0 0 0 0 0 0 0 0 0 0 0 0 0 3 21416 0 0 1 0 0 79 0 0 6744637 13586481 10196650 0 0 0 13070765 0 0 0 0 
0 0 0 0 0 0 0 0 0 0 0 0 0 0 0 0 0 0 0 0 0 0 0 3 0 21477 21477 0 0 79 0 0 0 23811687 6748990 0 0 0 0 0 13082539 0 0 0 
0 0 0 0 0 0 0 0 0 0 0 0 0 0 0 0 0 0 0 0 0 0 0 3 21472 0 0 1 0 0 79 0 0 6748700 13600229 10209308 0 0 0 13083748 0 0 0 0 
0 0 0 0 0 0 0 0 0 0 0 0 0 0 0 0 0 0 0 0 0 0 0 3 0 21509 21505 0 0 79 0 0 0 23841628 6757822 0 0 0 0 0 13099035 0 0 0 
0 0 0 0 0 0 0 0 0 0 0 0 0 0 0 0 0 0 0 0 0 0 0 3 21500 0 0 1 0 0 79 0 0 6757532 13616567 10222903 0 0 0 13100247 0 0 0 0 
0 0 0 0 0 0 0 0 0 0 0 0 0 0 0 0 0 0 0 0 0 0 0 3 0 21541 21541 0 0 79 0 0 0 23861397 6762366 0 0 0 0 0 13112651 0 0 0 
0 0 0 0 0 0 0 0 0 0 0 0 0 0 0 0 0 0 0 0 0 0 0 3 21536 0 0 1 0 0 79 0 0 6762077 13630196 10229042 0 0 0 13113863 0 0 0 0 
0 0 0 0 0 0 0 0 0 0 0 0 0 0 0 0 0 0 0 0 0 0 0 3 0 21594 21593 0 0 79 0 0 0 23893010 6768860 0 0 0 0 0 13130471 0 0 0 
0 0 0 0 0 0 0 0 0 0 0 0 0 0 0 0 0 0 0 0 0 0 0 3 21588 0 0 1 0 0 79 0 0 6768571 13648280 10242568 0 0 0 13131682 0 0 0 0 
0 0 0 0 0 0 0 0 0 0 0 0 0 0 0 0 0 0 0 0 0 0 0 3 0 21604 21601 0 0 79 0 0 0 23918831 6774814 0 0 0 0 0 13145047 0 0 0 
0 0 0 0 0 0 0 0 0 0 0 0 0 0 0 0 0 0 0 0 0 0 0 3 21596 0 0 1 0 0 79 0 0 6774525 13666140 10250529 0 0 0 13146260 0 0 0 0 
0 0 0 0 0 0 0 0 0 0 0 0 0 0 0 0 0 0 0 0 0 0 0 3 0 21657 21657 0 0 79 0 0 0 23940574 6778807 0 0 0 0 0 13158376 0 0 0 
0 0 0 0 0 0 0 0 0 0 0 0 0 0 0 0 0 0 0 0 0 0 0 3 21652 0 0 1 0 0 79 0 0 6778518 13676245 10262157 0 0 0 13159590 0 0 0 0 
0 0 0 0 0 0 0 0 0 0 0 0 0 0 0 0 0 0 0 0 0 0 0 3 0 21713 21713 0 0 79 0 0 0 23971468 6788776 0 0 0 0 0 13175572 0 0 0 
0 0 0 0 0 0 0 0 0 0 0 0 0 0 0 0 0 0 0 0 0 0 0 3 21708 0 0 1 0 0 79 0 0 6788486 13693504 10275790 0 0 0 13176788 0 0 0 0 
0 0 0 0 0 0 0 0 0 0 0 0 0 0 0 0 0 0 0 0 0 0 0 3 0 21721 21721 0 0 79 0 0 0 23992974 6794436 0 0 0 0 0 13191669 0 0 0 
0 0 0 0 0 0 0 0 0 0 0 0 0 0 0 0 0 0 0 0 0 0 0 3 21716 0 0 1 0 0 79 0 0 6794146 13708579 10282220 0 0 0 13192884 0 0 0 0 
0 0 0 0 0 0 0 0 0 0 0 0 0 0 0 0 0 0 0 0 0 0 0 3 0 21775 21773 0 0 79 0 0 0 24019147 6798719 0 0 0 0 0 13204437 0 0 0 
0 0 0 0 0 0 0 0 0 0 0 0 0 0 0 0 0 0 0 0 0 0 0 3 21768 0 0 1 0 0 79 0 0 6798428 13722426 10294543 0 0 0 13205655 0 0 0 0 
0 0 0 0 0 0 0 0 0 0 0 0 0 0 0 0 0 0 0 0 0 0 0 3 0 21785 21785 0 0 79 0 0 0 24043865 6805200 0 0 0 0 0 13217051 0 0 0 
0 0 0 0 0 0 0 0 0 0 0 0 0 0 0 0 0 0 0 0 0 0 0 3 21780 0 0 1 0 0 79 0 0 6804911 13738392 10303294 0 0 0 13218270 0 0 0 0 
0 0 0 0 0 0 0 0 0 0 0 0 0 0 0 0 0 0 0 0 0 0 0 3 0 21840 21837 0 0 79 0 0 0 24066127 6808670 0 0 0 0 0 13231358 0 0 0 
0 0 0 0 0 0 0 0 0 0 0 0 0 0 0 0 0 0 0 0 0 0 0 3 21832 0 0 1 0 0 79 0 0 6808379 13749403 10314546 0 0 0 13232576 0 0 0 0 
0 0 0 0 0 0 0 0 0 0 0 0 0 0 0 0 0 0 0 0 0 0 0 3 0 21893 21893 0 0 79 0 0 0 24100288 6818595 0 0 0 0 0 13250483 0 0 0 
0 0 0 0 0 0 0 0 0 0 0 0 0 0 0 0 0 0 0 0 0 0 0 3 21888 0 0 1 0 0 79 0 0 6818302 13768594 10329515 0 0 0 13251704 0 0 0 0 
0 0 0 0 0 0 0 0 0 0 0 0 0 0 0 0 0 0 0 0 0 0 0 3 0 21901 21901 0 0 79 0 0 0 24122481 6824545 0 0 0 0 0 13262852 0 0 0 
0 0 0 0 0 0 0 0 0 0 0 0 0 0 0 0 0 0 0 0 0 0 0 3 21896 0 0 1 0 0 79 0 0 6824252 13783339 10336963 0 0 0 13264073 0 0 0 0 
0 0 0 0 0 0 0 0 0 0 0 0 0 0 0 0 0 0 0 0 0 0 0 3 0 21959 21957 0 0 79 0 0 0 24145331 6828547 0 0 0 0 0 13275425 0 0 0 
0 0 0 0 0 0 0 0 0 0 0 0 0 0 0 0 0 0 0 0 0 0 0 3 21952 0 0 1 0 0 79 0 0 6828255 13793591 10349563 0 0 0 13276646 0 0 0 0 
0 0 0 0 0 0 0 0 0 0 0 0 0 0 0 0 0 0 0 0 0 0 0 3 0 22013 22013 0 0 79 0 0 0 24181238 6838472 0 0 0 0 0 13296604 0 0 0 
0 0 0 0 0 0 0 0 0 0 0 0 0 0 0 0 0 0 0 0 0 0 0 3 22008 0 0 1 0 0 79 0 0 6838180 13814833 10364225 0 0 0 13297826 0 0 0 0 
0 0 0 0 0 0 0 0 0 0 0 0 0 0 0 0 0 0 0 0 0 0 0 3 0 22021 22021 0 0 79 0 0 0 24203765 6844422 0 0 0 0 0 13311197 0 0 0 
0 0 0 0 0 0 0 0 0 0 0 0 0 0 0 0 0 0 0 0 0 0 0 3 22016 0 0 1 0 0 79 0 0 6844130 13830146 10371439 0 0 0 13312419 0 0 0 0 
0 0 0 0 0 0 0 0 0 0 0 0 0 0 0 0 0 0 0 0 0 0 0 3 0 22077 22077 0 0 79 0 0 0 24230362 6848424 0 0 0 0 0 13325202 0 0 0 
0 0 0 0 0 0 0 0 0 0 0 0 0 0 0 0 0 0 0 0 0 0 0 3 22072 0 0 1 0 0 79 0 0 6848132 13843490 10384688 0 0 0 13326423 0 0 0 0 
0 0 0 0 0 0 0 0 0 0 0 0 0 0 0 0 0 0 0 0 0 0 0 3 0 22133 22133 0 0 79 0 0 0 24263320 6858354 0 0 0 0 0 13344310 0 0 0 
0 0 0 0 0 0 0 0 0 0 0 0 0 0 0 0 0 0 0 0 0 0 0 3 22128 0 0 1 0 0 79 0 0 6858061 13862663 10398465 0 0 0 13345536 0 0 0 0 
0 0 0 0 0 0 0 0 0 0 0 0 0 0 0 0 0 0 0 0 0 0 0 3 0 22141 22141 0 0 79 0 0 0 24285110 6864236 0 0 0 0 0 13359496 0 0 0 
0 0 0 0 0 0 0 0 0 0 0 0 0 0 0 0 0 0 0 0 0 0 0 3 22136 0 0 1 0 0 79 0 0 6863944 13877026 10405893 0 0 0 13360723 0 0 0 0 
0 0 0 0 0 0 0 0 0 0 0 0 0 0 0 0 0 0 0 0 0 0 0 3 0 22197 22197 0 0 79 0 0 0 24311647 6868300 0 0 0 0 0 13372077 0 0 0 
0 0 0 0 0 0 0 0 0 0 0 0 0 0 0 0 0 0 0 0 0 0 0 3 22192 0 0 1 0 0 79 0 0 6868008 13890491 10418960 0 0 0 13373302 0 0 0 0 
0 0 0 0 0 0 0 0 0 0 0 0 0 0 0 0 0 0 0 0 0 0 0 3 0 22251 22249 0 0 79 0 0 0 24342511 6878229 0 0 0 0 0 13389259 0 0 0 
0 0 0 0 0 0 0 0 0 0 0 0 0 0 0 0 0 0 0 0 0 0 0 3 22244 0 0 1 0 0 79 0 0 6877936 13907611 10432703 0 0 0 13390482 0 0 0 0 
0 0 0 0 0 0 0 0 0 0 0 0 0 0 0 0 0 0 0 0 0 0 0 3 0 22261 22261 0 0 79 0 0 0 24362565 6883480 0 0 0 0 0 13403243 0 0 0 
0 0 0 0 0 0 0 0 0 0 0 0 0 0 0 0 0 0 0 0 0 0 0 3 22256 0 0 1 0 0 79 0 0 6883187 13920671 10439698 0 0 0 13404466 0 0 0 0 
0 0 0 0 0 0 0 0 0 0 0 0 0 0 0 0 0 0 0 0 0 0 0 3 0 22317 22317 0 0 79 0 0 0 24392415 6888182 0 0 0 0 0 13418583 0 0 0 
0 0 0 0 0 0 0 0 0 0 0 0 0 0 0 0 0 0 0 0 0 0 0 3 22312 0 0 1 0 0 79 0 0 6887889 13937117 10453093 0 0 0 13419807 0 0 0 0 
0 0 0 0 0 0 0 0 0 0 0 0 0 0 0 0 0 0 0 0 0 0 0 3 0 22325 22325 0 0 79 0 0 0 24419315 6894777 0 0 0 0 0 13433465 0 0 0 
0 0 0 0 0 0 0 0 0 0 0 0 0 0 0 0 0 0 0 0 0 0 0 3 22320 0 0 1 0 0 79 0 0 6894486 13955356 10461754 0 0 0 13434692 0 0 0 0 
0 0 0 0 0 0 0 0 0 0 0 0 0 0 0 0 0 0 0 0 0 0 0 3 0 22380 22377 0 0 79 0 0 0 24442894 6898165 0 0 0 0 0 13449279 0 0 0 
0 0 0 0 0 0 0 0 0 0 0 0 0 0 0 0 0 0 0 0 0 0 0 3 22372 0 0 1 0 0 79 0 0 6897872 13967873 10472815 0 0 0 13450508 0 0 0 0 
0 0 0 0 0 0 0 0 0 0 0 0 0 0 0 0 0 0 0 0 0 0 0 3 0 22433 22433 0 0 79 0 0 0 24477802 6908088 0 0 0 0 0 13470275 0 0 0 
0 0 0 0 0 0 0 0 0 0 0 0 0 0 0 0 0 0 0 0 0 0 0 3 22428 0 0 1 0 0 79 0 0 6907795 13988934 10486658 0 0 0 13471505 0 0 0 0 
0 0 0 0 0 0 0 0 0 0 0 0 0 0 0 0 0 0 0 0 0 0 0 3 0 22441 22441 0 0 79 0 0 0 24501527 6913680 0 0 0 0 0 13489256 0 0 0 
0 0 0 0 0 0 0 0 0 0 0 0 0 0 0 0 0 0 0 0 0 0 0 3 22436 0 0 1 0 0 79 0 0 6913387 14006997 10492321 0 0 0 13490486 0 0 0 0 
0 0 0 0 0 0 0 0 0 0 0 0 0 0 0 0 0 0 0 0 0 0 0 3 0 22496 22493 0 0 79 0 0 0 24532550 6918034 0 0 0 0 0 13506431 0 0 0 
0 0 0 0 0 0 0 0 0 0 0 0 0 0 0 0 0 0 0 0 0 0 0 3 22488 0 0 1 0 0 79 0 0 6917741 14025148 10505198 0 0 0 13507663 0 0 0 0 
0 0 0 0 0 0 0 0 0 0 0 0 0 0 0 0 0 0 0 0 0 0 0 3 0 22505 22505 0 0 79 0 0 0 24559858 6924393 0 0 0 0 0 13522207 0 0 0 
0 0 0 0 0 0 0 0 0 0 0 0 0 0 0 0 0 0 0 0 0 0 0 3 22500 0 0 1 0 0 79 0 0 6924101 14044254 10513401 0 0 0 13523440 0 0 0 0 
0 0 0 0 0 0 0 0 0 0 0 0 0 0 0 0 0 0 0 0 0 0 0 3 0 22557 22557 0 0 79 0 0 0 24586560 6927978 0 0 0 0 0 13540995 0 0 0 
0 0 0 0 0 0 0 0 0 0 0 0 0 0 0 0 0 0 0 0 0 0 0 3 22552 0 0 1 0 0 79 0 0 6927685 14059774 10524578 0 0 0 13542229 0 0 0 0 
0 0 0 0 0 0 0 0 0 0 0 0 0 0 0 0 0 0 0 0 0 0 0 3 0 22613 22613 0 0 79 0 0 0 24619882 6937909 0 0 0 0 0 13559610 0 0 0 
0 0 0 0 0 0 0 0 0 0 0 0 0 0 0 0 0 0 0 0 0 0 0 3 22608 0 0 1 0 0 79 0 0 6937616 14078449 10539227 0 0 0 13560844 0 0 0 0 
0 0 0 0 0 0 0 0 0 0 0 0 0 0 0 0 0 0 0 0 0 0 0 3 0 22621 22621 0 0 79 0 0 0 24641412 6943859 0 0 0 0 0 13576242 0 0 0 
0 0 0 0 0 0 0 0 0 0 0 0 0 0 0 0 0 0 0 0 0 0 0 3 22616 0 0 1 0 0 79 0 0 6943566 14093915 10545291 0 0 0 13577476 0 0 0 0 
0 0 0 0 0 0 0 0 0 0 0 0 0 0 0 0 0 0 0 0 0 0 0 3 0 22677 22677 0 0 79 0 0 0 24670111 6947859 0 0 0 0 0 13590043 0 0 0 
0 0 0 0 0 0 0 0 0 0 0 0 0 0 0 0 0 0 0 0 0 0 0 3 22672 0 0 1 0 0 79 0 0 6947565 14108938 10558962 0 0 0 13591278 0 0 0 0 
0 0 0 0 0 0 0 0 0 0 0 0 0 0 0 0 0 0 0 0 0 0 0 3 0 22729 22729 0 0 79 0 0 0 24701065 6957717 0 0 0 0 0 13607843 0 0 0 
0 0 0 0 0 0 0 0 0 0 0 0 0 0 0 0 0 0 0 0 0 0 0 3 22724 0 0 1 0 0 79 0 0 6957422 14126621 10572230 0 0 0 13609083 0 0 0 0 
0 0 0 0 0 0 0 0 0 0 0 0 0 0 0 0 0 0 0 0 0 0 0 3 0 22741 22741 0 0 79 0 0 0 24722791 6960307 0 0 0 0 0 13623644 0 0 0 
0 0 0 0 0 0 0 0 0 0 0 0 0 0 0 0 0 0 0 0 0 0 0 3 22736 0 0 1 0 0 79 0 0 6960012 14142591 10577986 0 0 0 13624884 0 0 0 0 
0 0 0 0 0 0 0 0 0 0 0 0 0 0 0 0 0 0 0 0 0 0 0 3 0 22793 22793 0 0 79 0 0 0 24755186 6967728 0 0 0 0 0 13642216 0 0 0 
0 0 0 0 0 0 0 0 0 0 0 0 0 0 0 0 0 0 0 0 0 0 0 3 22788 0 0 1 0 0 79 0 0 6967433 14161240 10591728 0 0 0 13643462 0 0 0 0 
0 0 0 0 0 0 0 0 0 0 0 0 0 0 0 0 0 0 0 0 0 0 0 3 0 22801 22801 0 0 79 0 0 0 24780960 6973678 0 0 0 0 0 13659435 0 0 0 
0 0 0 0 0 0 0 0 0 0 0 0 0 0 0 0 0 0 0 0 0 0 0 3 22796 0 0 1 0 0 79 0 0 6973383 14180075 10598667 0 0 0 13660681 0 0 0 0 
0 0 0 0 0 0 0 0 0 0 0 0 0 0 0 0 0 0 0 0 0 0 0 3 0 22857 22857 0 0 79 0 0 0 24810060 6977677 0 0 0 0 0 13678698 0 0 0 
0 0 0 0 0 0 0 0 0 0 0 0 0 0 0 0 0 0 0 0 0 0 0 3 22852 0 0 1 0 0 79 0 0 6977382 14197778 10610060 0 0 0 13679945 0 0 0 0 
0 0 0 0 0 0 0 0 0 0 0 0 0 0 0 0 0 0 0 0 0 0 0 3 0 22888 22885 0 0 79 0 0 0 24841575 6986671 0 0 0 0 0 13696882 0 0 0 
0 0 0 0 0 0 0 0 0 0 0 0 0 0 0 0 0 0 0 0 0 0 0 3 22880 0 0 1 0 0 79 0 0 6986376 14215806 10623544 0 0 0 13698128 0 0 0 0 
0 0 0 0 0 0 0 0 0 0 0 0 0 0 0 0 0 0 0 0 0 0 0 3 0 22921 22921 0 0 79 0 0 0 24863503 6991176 0 0 0 0 0 13712599 0 0 0 
0 0 0 0 0 0 0 0 0 0 0 0 0 0 0 0 0 0 0 0 0 0 0 3 22916 0 0 1 0 0 79 0 0 6990882 14231357 10629921 0 0 0 13713846 0 0 0 0 
0 0 0 0 0 0 0 0 0 0 0 0 0 0 0 0 0 0 0 0 0 0 0 3 0 22973 22973 0 0 79 0 0 0 24898042 6997545 0 0 0 0 0 13731544 0 0 0 
0 0 0 0 0 0 0 0 0 0 0 0 0 0 0 0 0 0 0 0 0 0 0 3 22968 0 0 1 0 0 79 0 0 6997250 14250746 10645071 0 0 0 13732790 0 0 0 0 
0 0 0 0 0 0 0 0 0 0 0 0 0 0 0 0 0 0 0 0 0 0 0 3 0 22981 22981 0 0 79 0 0 0 24922138 7003158 0 0 0 0 0 13750846 0 0 0 
0 0 0 0 0 0 0 0 0 0 0 0 0 0 0 0 0 0 0 0 0 0 0 3 22976 0 0 1 0 0 79 0 0 7002864 14268928 10650986 0 0 0 13752093 0 0 0 0 
0 0 0 0 0 0 0 0 0 0 0 0 0 0 0 0 0 0 0 0 0 0 0 3 0 23035 23033 0 0 79 0 0 0 24952508 7007488 0 0 0 0 0 13767476 0 0 0 
0 0 0 0 0 0 0 0 0 0 0 0 0 0 0 0 0 0 0 0 0 0 0 3 23028 0 0 1 0 0 79 0 0 7007193 14286742 10663539 0 0 0 13768731 0 0 0 0 
0 0 0 0 0 0 0 0 0 0 0 0 0 0 0 0 0 0 0 0 0 0 0 3 0 23041 23041 0 0 79 0 0 0 24977327 7013434 0 0 0 0 0 13781941 0 0 0 
0 0 0 0 0 0 0 0 0 0 0 0 0 0 0 0 0 0 0 0 0 0 0 3 23036 0 0 1 0 0 79 0 0 7013138 14303688 10671412 0 0 0 13783196 0 0 0 0 
0 0 0 0 0 0 0 0 0 0 0 0 0 0 0 0 0 0 0 0 0 0 0 3 0 23097 23097 0 0 79 0 0 0 25006431 7017433 0 0 0 0 0 13800687 0 0 0 
0 0 0 0 0 0 0 0 0 0 0 0 0 0 0 0 0 0 0 0 0 0 0 3 23092 0 0 1 0 0 79 0 0 7017137 14320011 10684189 0 0 0 13801943 0 0 0 0 
0 0 0 0 0 0 0 0 0 0 0 0 0 0 0 0 0 0 0 0 0 0 0 3 0 23137 23136 0 0 79 0 0 0 25037818 7026437 0 0 0 0 0 13818056 0 0 0 
0 0 0 0 0 0 0 0 0 0 0 0 0 0 0 0 0 0 0 0 0 0 0 3 23132 0 0 1 0 0 79 0 0 7026141 14337546 10698041 0 0 0 13819312 0 0 0 0 
0 0 0 0 0 0 0 0 0 0 0 0 0 0 0 0 0 0 0 0 0 0 0 3 0 23161 23160 0 0 79 0 0 0 25059371 7031036 0 0 0 0 0 13833664 0 0 0 
0 0 0 0 0 0 0 0 0 0 0 0 0 0 0 0 0 0 0 0 0 0 0 3 23156 0 0 1 0 0 79 0 0 7030737 14352676 10704464 0 0 0 13834920 0 0 0 0 
0 0 0 0 0 0 0 0 0 0 0 0 0 0 0 0 0 0 0 0 0 0 0 3 0 23216 23212 0 0 79 0 0 0 25089365 7037307 0 0 0 0 0 13849399 0 0 0 
0 0 0 0 0 0 0 0 0 0 0 0 0 0 0 0 0 0 0 0 0 0 0 3 23208 0 0 1 0 0 79 0 0 7037007 14368843 10718289 0 0 0 13850658 0 0 0 0 
0 0 0 0 0 0 0 0 0 0 0 0 0 0 0 0 0 0 0 0 0 0 0 3 0 23237 23236 0 0 79 0 0 0 25122682 7045841 0 0 0 0 0 13868175 0 0 0 
0 0 0 0 0 0 0 0 0 0 0 0 0 0 0 0 0 0 0 0 0 0 0 3 23232 0 0 1 0 0 79 0 0 7045540 14387568 10732880 0 0 0 13869438 0 0 0 0 
0 0 0 0 0 0 0 0 0 0 0 0 0 0 0 0 0 0 0 0 0 0 0 3 0 23277 23276 0 0 79 0 0 0 25141887 7047251 0 0 0 0 0 13881146 0 0 0 
0 0 0 0 0 0 0 0 0 0 0 0 0 0 0 0 0 0 0 0 0 0 0 3 23272 0 0 1 0 0 79 0 0 7046950 14400655 10738998 0 0 0 13882410 0 0 0 0 
0 0 0 0 0 0 0 0 0 0 0 0 0 0 0 0 0 0 0 0 0 0 0 3 0 23317 23316 0 0 79 0 0 0 25174893 7056255 0 0 0 0 0 13900698 0 0 0 
0 0 0 0 0 0 0 0 0 0 0 0 0 0 0 0 0 0 0 0 0 0 0 3 23312 0 0 1 0 0 79 0 0 7055954 14420373 10752286 0 0 0 13901961 0 0 0 0 
0 0 0 0 0 0 0 0 0 0 0 0 0 0 0 0 0 0 0 0 0 0 0 3 0 23341 23340 0 0 79 0 0 0 25193727 7062445 0 0 0 0 0 13913445 0 0 0 
0 0 0 0 0 0 0 0 0 0 0 0 0 0 0 0 0 0 0 0 0 0 0 3 23336 0 0 1 0 0 79 0 0 7062144 14431950 10759543 0 0 0 13914708 0 0 0 0 
0 0 0 0 0 0 0 0 0 0 0 0 0 0 0 0 0 0 0 0 0 0 0 3 0 23397 23396 0 0 79 0 0 0 25221527 7067129 0 0 0 0 0 13926875 0 0 0 
0 0 0 0 0 0 0 0 0 0 0 0 0 0 0 0 0 0 0 0 0 0 0 3 23392 0 0 1 0 0 79 0 0 7066827 14446503 10772791 0 0 0 13928137 0 0 0 0 
0 0 0 0 0 0 0 0 0 0 0 0 0 0 0 0 0 0 0 0 0 0 0 3 0 23415 23412 0 0 79 0 0 0 25254686 7075659 0 0 0 0 0 13945775 0 0 0 
0 0 0 0 0 0 0 0 0 0 0 0 0 0 0 0 0 0 0 0 0 0 0 3 23408 0 0 1 0 0 79 0 0 7075356 14465337 10787114 0 0 0 13947040 0 0 0 0 
0 0 0 0 0 0 0 0 0 0 0 0 0 0 0 0 0 0 0 0 0 0 0 3 0 23461 23460 0 0 79 0 0 0 25272233 7080011 0 0 0 0 0 13956706 0 0 0 
0 0 0 0 0 0 0 0 0 0 0 0 0 0 0 0 0 0 0 0 0 0 0 3 23456 0 0 1 0 0 79 0 0 7079708 14476304 10793694 0 0 0 13957971 0 0 0 0 
0 0 0 0 0 0 0 0 0 0 0 0 0 0 0 0 0 0 0 0 0 0 0 3 0 23513 23512 0 0 79 0 0 0 25307176 7086999 0 0 0 0 0 13976377 0 0 0 
0 0 0 0 0 0 0 0 0 0 0 0 0 0 0 0 0 0 0 0 0 0 0 3 23508 0 0 1 0 0 79 0 0 7086696 14496126 10808808 0 0 0 13977645 0 0 0 0 
0 0 0 0 0 0 0 0 0 0 0 0 0 0 0 0 0 0 0 0 0 0 0 3 0 23521 23520 0 0 79 0 0 0 25330173 7092949 0 0 0 0 0 13991732 0 0 0 
0 0 0 0 0 0 0 0 0 0 0 0 0 0 0 0 0 0 0 0 0 0 0 3 23516 0 0 1 0 0 79 0 0 7092646 14512452 10815479 0 0 0 13993001 0 0 0 0 
0 0 0 0 0 0 0 0 0 0 0 0 0 0 0 0 0 0 0 0 0 0 0 3 0 23577 23576 0 0 79 0 0 0 25356290 7096948 0 0 0 0 0 14005601 0 0 0 
0 0 0 0 0 0 0 0 0 0 0 0 0 0 0 0 0 0 0 0 0 0 0 3 23572 0 0 1 0 0 79 0 0 7096645 14525409 10828638 0 0 0 14006872 0 0 0 0 
0 0 0 0 0 0 0 0 0 0 0 0 0 0 0 0 0 0 0 0 0 0 0 3 0 23633 23632 0 0 79 0 0 0 25389746 7106877 0 0 0 0 0 14025656 0 0 0 
0 0 0 0 0 0 0 0 0 0 0 0 0 0 0 0 0 0 0 0 0 0 0 3 23628 0 0 1 0 0 79 0 0 7106574 14545526 10841975 0 0 0 14026930 0 0 0 0 
0 0 0 0 0 0 0 0 0 0 0 0 0 0 0 0 0 0 0 0 0 0 0 3 0 23641 23640 0 0 79 0 0 0 25411006 7112536 0 0 0 0 0 14041136 0 0 0 
0 0 0 0 0 0 0 0 0 0 0 0 0 0 0 0 0 0 0 0 0 0 0 3 23636 0 0 1 0 0 79 0 0 7112233 14560249 10848512 0 0 0 14042412 0 0 0 0 
0 0 0 0 0 0 0 0 0 0 0 0 0 0 0 0 0 0 0 0 0 0 0 3 0 23697 23696 0 0 79 0 0 0 25441389 7116824 0 0 0 0 0 14057644 0 0 0 
0 0 0 0 0 0 0 0 0 0 0 0 0 0 0 0 0 0 0 0 0 0 0 3 23692 0 0 1 0 0 79 0 0 7116521 14577580 10861564 0 0 0 14058927 0 0 0 0 
0 0 0 0 0 0 0 0 0 0 0 0 0 0 0 0 0 0 0 0 0 0 0 3 0 23723 23720 0 0 79 0 0 0 25473899 7125587 0 0 0 0 0 14076182 0 0 0 
0 0 0 0 0 0 0 0 0 0 0 0 0 0 0 0 0 0 0 0 0 0 0 3 23716 0 0 1 0 0 79 0 0 7125284 14595956 10875694 0 0 0 14077466 0 0 0 0 
0 0 0 0 0 0 0 0 0 0 0 0 0 0 0 0 0 0 0 0 0 0 0 3 0 23760 23756 0 0 79 0 0 0 25492503 7126771 0 0 0 0 0 14086994 0 0 0 
0 0 0 0 0 0 0 0 0 0 0 0 0 0 0 0 0 0 0 0 0 0 0 3 23752 0 0 1 0 0 79 0 0 7126468 14606984 10883271 0 0 0 14088278 0 0 0 0 
0 0 0 0 0 0 0 0 0 0 0 0 0 0 0 0 0 0 0 0 0 0 0 3 0 23813 23812 0 0 79 0 0 0 25527793 7136694 0 0 0 0 0 14106959 0 0 0 
0 0 0 0 0 0 0 0 0 0 0 0 0 0 0 0 0 0 0 0 0 0 0 3 23808 0 0 1 0 0 79 0 0 7136390 14627014 10898522 0 0 0 14108245 0 0 0 0 
0 0 0 0 0 0 0 0 0 0 0 0 0 0 0 0 0 0 0 0 0 0 0 3 0 23821 23820 0 0 79 0 0 0 25549136 7142644 0 0 0 0 0 14120584 0 0 0 
0 0 0 0 0 0 0 0 0 0 0 0 0 0 0 0 0 0 0 0 0 0 0 3 23816 0 0 1 0 0 79 0 0 7142340 14640968 10905911 0 0 0 14121871 0 0 0 0 
0 0 0 0 0 0 0 0 0 0 0 0 0 0 0 0 0 0 0 0 0 0 0 3 0 23877 23876 0 0 79 0 0 0 25577776 7146643 0 0 0 0 0 14136496 0 0 0 
0 0 0 0 0 0 0 0 0 0 0 0 0 0 0 0 0 0 0 0 0 0 0 3 23872 0 0 1 0 0 79 0 0 7146339 14656610 10918900 0 0 0 14137785 0 0 0 0 
0 0 0 0 0 0 0 0 0 0 0 0 0 0 0 0 0 0 0 0 0 0 0 3 0 23933 23932 0 0 79 0 0 0 25610080 7156596 0 0 0 0 0 14155437 0 0 0 
0 0 0 0 0 0 0 0 0 0 0 0 0 0 0 0 0 0 0 0 0 0 0 3 23928 0 0 1 0 0 79 0 0 7156292 14675611 10932204 0 0 0 14156727 0 0 0 0 
0 0 0 0 0 0 0 0 0 0 0 0 0 0 0 0 0 0 0 0 0 0 0 3 0 23941 23940 0 0 79 0 0 0 25632544 7161740 0 0 0 0 0 14172623 0 0 0 
0 0 0 0 0 0 0 0 0 0 0 0 0 0 0 0 0 0 0 0 0 0 0 3 23936 0 0 1 0 0 79 0 0 7161438 14691873 10938405 0 0 0 14173914 0 0 0 0 
0 0 0 0 0 0 0 0 0 0 0 0 0 0 0 0 0 0 0 0 0 0 0 3 0 23993 23992 0 0 79 0 0 0 25667045 7166535 0 0 0 0 0 14191884 0 0 0 
0 0 0 0 0 0 0 0 0 0 0 0 0 0 0 0 0 0 0 0 0 0 0 3 23988 0 0 1 0 0 79 0 0 7166232 14712117 10952658 0 0 0 14193175 0 0 0 0 
0 0 0 0 0 0 0 0 0 0 0 0 0 0 0 0 0 0 0 0 0 0 0 3 0 24001 24000 0 0 79 0 0 0 25689208 7172485 0 0 0 0 0 14208349 0 0 0 
0 0 0 0 0 0 0 0 0 0 0 0 0 0 0 0 0 0 0 0 0 0 0 3 23996 0 0 1 0 0 79 0 0 7172182 14727736 10959203 0 0 0 14209641 0 0 0 0 
0 0 0 0 0 0 0 0 0 0 0 0 0 0 0 0 0 0 0 0 0 0 0 3 0 24057 24056 0 0 79 0 0 0 25718749 7176484 0 0 0 0 0 14224497 0 0 0 
0 0 0 0 0 0 0 0 0 0 0 0 0 0 0 0 0 0 0 0 0 0 0 3 24052 0 0 1 0 0 79 0 0 7176179 14744787 10971687 0 0 0 14225790 0 0 0 0 
0 0 0 0 0 0 0 0 0 0 0 0 0 0 0 0 0 0 0 0 0 0 0 3 0 24081 24080 0 0 79 0 0 0 25751349 7185241 0 0 0 0 0 14243295 0 0 0 
0 0 0 0 0 0 0 0 0 0 0 0 0 0 0 0 0 0 0 0 0 0 0 3 24076 0 0 1 0 0 79 0 0 7184935 14763428 10985640 0 0 0 14244591 0 0 0 0 
0 0 0 0 0 0 0 0 0 0 0 0 0 0 0 0 0 0 0 0 0 0 0 3 0 24117 24116 0 0 79 0 0 0 25771551 7186423 0 0 0 0 0 14257034 0 0 0 
0 0 0 0 0 0 0 0 0 0 0 0 0 0 0 0 0 0 0 0 0 0 0 3 24112 0 0 1 0 0 79 0 0 7186117 14777384 10991886 0 0 0 14258330 0 0 0 0 
0 0 0 0 0 0 0 0 0 0 0 0 0 0 0 0 0 0 0 0 0 0 0 3 0 24173 24172 0 0 79 0 0 0 25805551 7196353 0 0 0 0 0 14276968 0 0 0 
0 0 0 0 0 0 0 0 0 0 0 0 0 0 0 0 0 0 0 0 0 0 0 3 24168 0 0 1 0 0 79 0 0 7196047 14797377 11005888 0 0 0 14278265 0 0 0 0 
0 0 0 0 0 0 0 0 0 0 0 0 0 0 0 0 0 0 0 0 0 0 0 3 0 24181 24180 0 0 79 0 0 0 25827314 7202009 0 0 0 0 0 14292871 0 0 0 
0 0 0 0 0 0 0 0 0 0 0 0 0 0 0 0 0 0 0 0 0 0 0 3 24176 0 0 1 0 0 79 0 0 7201703 14812230 11012797 0 0 0 14294169 0 0 0 0 
0 0 0 0 0 0 0 0 0 0 0 0 0 0 0 0 0 0 0 0 0 0 0 3 0 24237 24236 0 0 79 0 0 0 25856806 7206300 0 0 0 0 0 14308876 0 0 0 
0 0 0 0 0 0 0 0 0 0 0 0 0 0 0 0 0 0 0 0 0 0 0 3 24232 0 0 1 0 0 79 0 0 7205992 14829344 11025176 0 0 0 14310173 0 0 0 0 
0 0 0 0 0 0 0 0 0 0 0 0 0 0 0 0 0 0 0 0 0 0 0 3 0 24243 24240 0 0 79 0 0 0 25884721 7212246 0 0 0 0 0 14325720 0 0 0 
0 0 0 0 0 0 0 0 0 0 0 0 0 0 0 0 0 0 0 0 0 0 0 3 24236 0 0 1 0 0 79 0 0 7211938 14849202 11033233 0 0 0 14327017 0 0 0 0 
0 0 0 0 0 0 0 0 0 0 0 0 0 0 0 0 0 0 0 0 0 0 0 3 0 24296 24296 0 0 79 0 0 0 25913819 7216240 0 0 0 0 0 14345747 0 0 0 
0 0 0 0 0 0 0 0 0 0 0 0 0 0 0 0 0 0 0 0 0 0 0 3 24292 0 0 1 0 0 79 0 0 7215933 14866271 11045263 0 0 0 14347045 0 0 0 0 
0 0 0 0 0 0 0 0 0 0 0 0 0 0 0 0 0 0 0 0 0 0 0 3 0 24349 24348 0 0 79 0 0 0 25945037 7226185 0 0 0 0 0 14362930 0 0 0 
0 0 0 0 0 0 0 0 0 0 0 0 0 0 0 0 0 0 0 0 0 0 0 3 24344 0 0 1 0 0 79 0 0 7225878 14883405 11059342 0 0 0 14364231 0 0 0 0 
0 0 0 0 0 0 0 0 0 0 0 0 0 0 0 0 0 0 0 0 0 0 0 3 0 24359 24356 0 0 79 0 0 0 25962894 7226204 0 0 0 0 0 14375947 0 0 0 
0 0 0 0 0 0 0 0 0 0 0 0 0 0 0 0 0 0 0 0 0 0 0 3 24352 0 0 1 0 0 79 0 0 7225897 14896529 11064075 0 0 0 14377248 0 0 0 0 
0 0 0 0 0 0 0 0 0 0 0 0 0 0 0 0 0 0 0 0 0 0 0 3 0 24412 24412 0 0 79 0 0 0 25996819 7236127 0 0 0 0 0 14395170 0 0 0 
0 0 0 0 0 0 0 0 0 0 0 0 0 0 0 0 0 0 0 0 0 0 0 3 24408 0 0 1 0 0 79 0 0 7235818 14915814 11078711 0 0 0 14396471 0 0 0 0 
0 0 0 0 0 0 0 0 0 0 0 0 0 0 0 0 0 0 0 0 0 0 0 3 0 24420 24420 0 0 79 0 0 0 26019025 7239720 0 0 0 0 0 14412321 0 0 0 
0 0 0 0 0 0 0 0 0 0 0 0 0 0 0 0 0 0 0 0 0 0 0 3 24416 0 0 1 0 0 79 0 0 7239412 14932606 11084126 0 0 0 14413622 0 0 0 0 
0 0 0 0 0 0 0 0 0 0 0 0 0 0 0 0 0 0 0 0 0 0 0 3 0 24475 24472 0 0 79 0 0 0 26049412 7246072 0 0 0 0 0 14428570 0 0 0 
0 0 0 0 0 0 0 0 0 0 0 0 0 0 0 0 0 0 0 0 0 0 0 3 24468 0 0 1 0 0 79 0 0 7245761 14949275 11097839 0 0 0 14429876 0 0 0 0 
0 0 0 0 0 0 0 0 0 0 0 0 0 0 0 0 0 0 0 0 0 0 0 3 0 24483 24480 0 0 79 0 0 0 26074781 7252022 0 0 0 0 0 14442933 0 0 0 
0 0 0 0 0 0 0 0 0 0 0 0 0 0 0 0 0 0 0 0 0 0 0 3 24476 0 0 1 0 0 79 0 0 7251711 14966744 11105739 0 0 0 14444241 0 0 0 0 
0 0 0 0 0 0 0 0 0 0 0 0 0 0 0 0 0 0 0 0 0 0 0 3 0 24536 24536 0 0 79 0 0 0 26104289 7256015 0 0 0 0 0 14463732 0 0 0 
0 0 0 0 0 0 0 0 0 0 0 0 0 0 0 0 0 0 0 0 0 0 0 3 24532 0 0 1 0 0 79 0 0 7255704 14984504 11117486 0 0 0 14465047 0 0 0 0 
0 0 0 0 0 0 0 0 0 0 0 0 0 0 0 0 0 0 0 0 0 0 0 3 0 24592 24592 0 0 79 0 0 0 26135237 7265950 0 0 0 0 0 14480891 0 0 0 
0 0 0 0 0 0 0 0 0 0 0 0 0 0 0 0 0 0 0 0 0 0 0 3 24588 0 0 1 0 0 79 0 0 7265639 15001723 11131205 0 0 0 14482206 0 0 0 0 
0 0 0 0 0 0 0 0 0 0 0 0 0 0 0 0 0 0 0 0 0 0 0 3 0 24600 24600 0 0 79 0 0 0 26152545 7266780 0 0 0 0 0 14492630 0 0 0 
0 0 0 0 0 0 0 0 0 0 0 0 0 0 0 0 0 0 0 0 0 0 0 3 24596 0 0 1 0 0 79 0 0 7266470 15014009 11136228 0 0 0 14493946 0 0 0 0 
0 0 0 0 0 0 0 0 0 0 0 0 0 0 0 0 0 0 0 0 0 0 0 3 0 24652 24652 0 0 79 0 0 0 26187074 7275889 0 0 0 0 0 14512858 0 0 0 
0 0 0 0 0 0 0 0 0 0 0 0 0 0 0 0 0 0 0 0 0 0 0 3 24648 0 0 1 0 0 79 0 0 7275578 15033751 11151016 0 0 0 14514177 0 0 0 0 
0 0 0 0 0 0 0 0 0 0 0 0 0 0 0 0 0 0 0 0 0 0 0 3 0 24660 24660 0 0 79 0 0 0 26210102 7281838 0 0 0 0 0 14528601 0 0 0 
0 0 0 0 0 0 0 0 0 0 0 0 0 0 0 0 0 0 0 0 0 0 0 3 24656 0 0 1 0 0 79 0 0 7281528 15049456 11158339 0 0 0 14529919 0 0 0 0 
0 0 0 0 0 0 0 0 0 0 0 0 0 0 0 0 0 0 0 0 0 0 0 3 0 24716 24716 0 0 79 0 0 0 26236064 7285837 0 0 0 0 0 14542161 0 0 0 
0 0 0 0 0 0 0 0 0 0 0 0 0 0 0 0 0 0 0 0 0 0 0 3 24712 0 0 1 0 0 79 0 0 7285527 15063113 11170634 0 0 0 14543480 0 0 0 0 
0 0 0 0 0 0 0 0 0 0 0 0 0 0 0 0 0 0 0 0 0 0 0 3 0 24739 24736 0 0 79 0 0 0 26265728 7294587 0 0 0 0 0 14558184 0 0 0 
0 0 0 0 0 0 0 0 0 0 0 0 0 0 0 0 0 0 0 0 0 0 0 3 24732 0 0 1 0 0 79 0 0 7294277 15078979 11184426 0 0 0 14559502 0 0 0 0 
0 0 0 0 0 0 0 0 0 0 0 0 0 0 0 0 0 0 0 0 0 0 0 3 0 24778 24776 0 0 79 0 0 0 26282685 7295782 0 0 0 0 0 14569899 0 0 0 
0 0 0 0 0 0 0 0 0 0 0 0 0 0 0 0 0 0 0 0 0 0 0 3 24772 0 0 1 0 0 79 0 0 7295472 15090907 11189455 0 0 0 14571217 0 0 0 0 
0 0 0 0 0 0 0 0 0 0 0 0 0 0 0 0 0 0 0 0 0 0 0 3 0 24832 24832 0 0 79 0 0 0 26317400 7305707 0 0 0 0 0 14590212 0 0 0 
0 0 0 0 0 0 0 0 0 0 0 0 0 0 0 0 0 0 0 0 0 0 0 3 24828 0 0 1 0 0 79 0 0 7305395 15111284 11203795 0 0 0 14591533 0 0 0 0 
0 0 0 0 0 0 0 0 0 0 0 0 0 0 0 0 0 0 0 0 0 0 0 3 0 24840 24840 0 0 79 0 0 0 26339364 7311487 0 0 0 0 0 14606732 0 0 0 
0 0 0 0 0 0 0 0 0 0 0 0 0 0 0 0 0 0 0 0 0 0 0 3 24836 0 0 1 0 0 79 0 0 7311175 15126690 11210353 0 0 0 14608052 0 0 0 0 
0 0 0 0 0 0 0 0 0 0 0 0 0 0 0 0 0 0 0 0 0 0 0 3 0 24895 24892 0 0 79 0 0 0 26368197 7315653 0 0 0 0 0 14620676 0 0 0 
0 0 0 0 0 0 0 0 0 0 0 0 0 0 0 0 0 0 0 0 0 0 0 3 24888 0 0 1 0 0 79 0 0 7315341 15141807 11224063 0 0 0 14622001 0 0 0 0 
0 0 0 0 0 0 0 0 0 0 0 0 0 0 0 0 0 0 0 0 0 0 0 3 0 24903 24900 0 0 79 0 0 0 26393821 7321603 0 0 0 0 0 14635274 0 0 0 
0 0 0 0 0 0 0 0 0 0 0 0 0 0 0 0 0 0 0 0 0 0 0 3 24896 0 0 1 0 0 79 0 0 7321291 15159617 11231876 0 0 0 14636599 0 0 0 0 
0 0 0 0 0 0 0 0 0 0 0 0 0 0 0 0 0 0 0 0 0 0 0 3 0 24959 24956 0 0 79 0 0 0 26416883 7325602 0 0 0 0 0 14649455 0 0 0 
0 0 0 0 0 0 0 0 0 0 0 0 0 0 0 0 0 0 0 0 0 0 0 3 24952 0 0 1 0 0 79 0 0 7325290 15170644 11243906 0 0 0 14650783 0 0 0 0 
0 0 0 0 0 0 0 0 0 0 0 0 0 0 0 0 0 0 0 0 0 0 0 3 0 25012 25012 0 0 79 0 0 0 26451053 7335525 0 0 0 0 0 14668353 0 0 0 
0 0 0 0 0 0 0 0 0 0 0 0 0 0 0 0 0 0 0 0 0 0 0 3 25008 0 0 1 0 0 79 0 0 7335212 15189610 11259110 0 0 0 14669687 0 0 0 0 
0 0 0 0 0 0 0 0 0 0 0 0 0 0 0 0 0 0 0 0 0 0 0 3 0 25020 25020 0 0 79 0 0 0 26475426 7341498 0 0 0 0 0 14683625 0 0 0 
0 0 0 0 0 0 0 0 0 0 0 0 0 0 0 0 0 0 0 0 0 0 0 3 25016 0 0 1 0 0 79 0 0 7341185 15206632 11266463 0 0 0 14684958 0 0 0 0 
0 0 0 0 0 0 0 0 0 0 0 0 0 0 0 0 0 0 0 0 0 0 0 3 0 25076 25076 0 0 79 0 0 0 26502160 7345509 0 0 0 0 0 14699527 0 0 0 
0 0 0 0 0 0 0 0 0 0 0 0 0 0 0 0 0 0 0 0 0 0 0 3 25072 0 0 1 0 0 79 0 0 7345196 15220839 11278987 0 0 0 14700861 0 0 0 0 
0 0 0 0 0 0 0 0 0 0 0 0 0 0 0 0 0 0 0 0 0 0 0 3 0 25132 25132 0 0 79 0 0 0 26532976 7355438 0 0 0 0 0 14717094 0 0 0 
0 0 0 0 0 0 0 0 0 0 0 0 0 0 0 0 0 0 0 0 0 0 0 3 25128 0 0 1 0 0 79 0 0 7355120 15238470 11292173 0 0 0 14718433 0 0 0 0 
0 0 0 0 0 0 0 0 0 0 0 0 0 0 0 0 0 0 0 0 0 0 0 3 0 25140 25140 0 0 79 0 0 0 26553296 7361202 0 0 0 0 0 14730989 0 0 0 
0 0 0 0 0 0 0 0 0 0 0 0 0 0 0 0 0 0 0 0 0 0 0 3 25136 0 0 1 0 0 79 0 0 7360884 15251332 11299631 0 0 0 14732327 0 0 0 0 
0 0 0 0 0 0 0 0 0 0 0 0 0 0 0 0 0 0 0 0 0 0 0 3 0 25196 25196 0 0 79 0 0 0 26580812 7365387 0 0 0 0 0 14744380 0 0 0 
0 0 0 0 0 0 0 0 0 0 0 0 0 0 0 0 0 0 0 0 0 0 0 3 25192 0 0 1 0 0 79 0 0 7365069 15265817 11312657 0 0 0 14745720 0 0 0 0 
0 0 0 0 0 0 0 0 0 0 0 0 0 0 0 0 0 0 0 0 0 0 0 3 0 25224 25224 0 0 79 0 0 0 26614017 7374155 0 0 0 0 0 14763740 0 0 0 
0 0 0 0 0 0 0 0 0 0 0 0 0 0 0 0 0 0 0 0 0 0 0 3 25220 0 0 1 0 0 79 0 0 7373837 15285023 11326657 0 0 0 14765082 0 0 0 0 
0 0 0 0 0 0 0 0 0 0 0 0 0 0 0 0 0 0 0 0 0 0 0 3 0 25260 25260 0 0 79 0 0 0 26628192 7377847 0 0 0 0 0 14771878 0 0 0 
0 0 0 0 0 0 0 0 0 0 0 0 0 0 0 0 0 0 0 0 0 0 0 3 25256 0 0 1 0 0 79 0 0 7377530 15293330 11332526 0 0 0 14773223 0 0 0 0 
<====
0 0 0 0 0 0 0 0 0 0 0 0 0 0 0 0 0 0 0 0 0 0 0 3 0 25312 25308 0 0 79 0 0 0 26653723 7395213 0 0 0 0 0 14785210 0 0 0 
0 0 0 0 0 0 0 0 0 0 0 0 0 0 0 0 0 0 0 0 0 0 0 3 25304 0 0 1 0 0 79 0 0 7394886 15306766 11344614 0 0 0 14786559 0 0 0 0 
0 0 0 0 0 0 0 0 0 0 0 0 0 0 0 0 0 0 0 0 0 0 0 3 0 25312 25308 0 0 79 0 0 0 26653723 7395213 0 0 0 0 0 14785210 0 0 0 
0 0 0 0 0 0 0 0 0 0 0 0 0 0 0 0 0 0 0 0 0 0 0 3 25304 0 0 1 0 0 79 0 0 7394886 15306766 11344614 0 0 0 14786559 0 0 0 0 
0 0 0 0 0 0 0 0 0 0 0 0 0 0 0 0 0 0 0 0 0 0 0 3 0 25312 25308 0 0 79 0 0 0 26653723 7395213 0 0 0 0 0 14785210 0 0 0 
0 0 0 0 0 0 0 0 0 0 0 0 0 0 0 0 0 0 0 0 0 0 0 3 25304 0 0 1 0 0 79 0 0 7394886 15306766 11344614 0 0 0 14786559 0 0 0 0 
0 0 0 0 0 0 0 0 0 0 0 0 0 0 0 0 0 0 0 0 0 0 0 3 0 25312 25308 0 0 79 0 0 0 26653723 7395213 0 0 0 0 0 14785210 0 0 0 
0 0 0 0 0 0 0 0 0 0 0 0 0 0 0 0 0 0 0 0 0 0 0 3 25304 0 0 1 0 0 79 0 0 7394886 15306766 11344614 0 0 0 14786559 0 0 0 0 
0 0 0 0 0 0 0 0 0 0 0 0 0 0 0 0 0 0 0 0 0 0 0 3 0 25312 25308 0 0 79 0 0 0 26653723 7395213 0 0 0 0 0 14785210 0 0 0 
0 0 0 0 0 0 0 0 0 0 0 0 0 0 0 0 0 0 0 0 0 0 0 3 25304 0 0 1 0 0 79 0 0 7394886 15306766 11344614 0 0 0 14786559 0 0 0 0 
0 0 0 0 0 0 0 0 0 0 0 0 0 0 0 0 0 0 0 0 0 0 0 3 0 25312 25308 0 0 79 0 0 0 26653723 7395213 0 0 0 0 0 14785210 0 0 0 
0 0 0 0 0 0 0 0 0 0 0 0 0 0 0 0 0 0 0 0 0 0 0 3 25304 0 0 1 0 0 79 0 0 7394886 15306766 11344614 0 0 0 14786559 0 0 0 0 
0 0 0 0 0 0 0 0 0 0 0 0 0 0 0 0 0 0 0 0 0 0 0 3 0 25312 25308 0 0 79 0 0 0 26653723 7395213 0 0 0 0 0 14785210 0 0 0 
0 0 0 0 0 0 0 0 0 0 0 0 0 0 0 0 0 0 0 0 0 0 0 3 25304 0 0 1 0 0 79 0 0 7394886 15306766 11344614 0 0 0 14786559 0 0 0 0 
0 0 0 0 0 0 0 0 0 0 0 0 0 0 0 0 0 0 0 0 0 0 0 3 0 25312 25308 0 0 79 0 0 0 26653723 7395213 0 0 0 0 0 14785210 0 0 0 
0 0 0 0 0 0 0 0 0 0 0 0 0 0 0 0 0 0 0 0 0 0 0 3 25304 0 0 1 0 0 79 0 0 7394886 15306766 11344614 0 0 0 14786559 0 0 0 0 
0 0 0 0 0 0 0 0 0 0 0 0 0 0 0 0 0 0 0 0 0 0 0 3 0 25312 25308 0 0 79 0 0 0 26653723 7395213 0 0 0 0 0 14785210 0 0 0 
0 0 0 0 0 0 0 0 0 0 0 0 0 0 0 0 0 0 0 0 0 0 0 3 25304 0 0 1 0 0 79 0 0 7394886 15306766 11344614 0 0 0 14786559 0 0 0 0 
0 0 0 0 0 0 0 0 0 0 0 0 0 0 0 0 0 0 0 0 0 0 0 3 0 25312 25308 0 0 79 0 0 0 26653723 7395213 0 0 0 0 0 14785210 0 0 0 
0 0 0 0 0 0 0 0 0 0 0 0 0 0 0 0 0 0 0 0 0 0 0 3 25304 0 0 1 0 0 79 0 0 7394886 15306766 11344614 0 0 0 14786559 0 0 0 0 
0 0 0 0 0 0 0 0 0 0 0 0 0 0 0 0 0 0 0 0 0 0 0 3 0 25312 25308 0 0 79 0 0 0 26653723 7395213 0 0 0 0 0 14785210 0 0 0 
0 0 0 0 0 0 0 0 0 0 0 0 0 0 0 0 0 0 0 0 0 0 0 3 25304 0 0 1 0 0 79 0 0 7394886 15306766 11344614 0 0 0 14786559 0 0 0 0 
0 0 0 0 0 0 0 0 0 0 0 0 0 0 0 0 0 0 0 0 0 0 0 3 0 25312 25308 0 0 79 0 0 0 26653723 7395213 0 0 0 0 0 14785210 0 0 0 
0 0 0 0 0 0 0 0 0 0 0 0 0 0 0 0 0 0 0 0 0 0 0 3 25304 0 0 1 0 0 79 0 0 7394886 15306766 11344614 0 0 0 14786559 0 0 0 0 
0 0 0 0 0 0 0 0 0 0 0 0 0 0 0 0 0 0 0 0 0 0 0 3 0 25312 25308 0 0 79 0 0 0 26653723 7395213 0 0 0 0 0 14785210 0 0 0 
0 0 0 0 0 0 0 0 0 0 0 0 0 0 0 0 0 0 0 0 0 0 0 3 25304 0 0 1 0 0 79 0 0 7394886 15306766 11344614 0 0 0 14786559 0 0 0 0 
0 0 0 0 0 0 0 0 0 0 0 0 0 0 0 0 0 0 0 0 0 0 0 3 0 25312 25308 0 0 79 0 0 0 26653723 7395213 0 0 0 0 0 14785210 0 0 0 
0 0 0 0 0 0 0 0 0 0 0 0 0 0 0 0 0 0 0 0 0 0 0 3 25304 0 0 1 0 0 79 0 0 7394886 15306766 11344614 0 0 0 14786559 0 0 0 0 
0 0 0 0 0 0 0 0 0 0 0 0 0 0 0 0 0 0 0 0 0 0 0 3 0 25312 25308 0 0 79 0 0 0 26653723 7395213 0 0 0 0 0 14785210 0 0 0 
0 0 0 0 0 0 0 0 0 0 0 0 0 0 0 0 0 0 0 0 0 0 0 3 25304 0 0 1 0 0 79 0 0 7394886 15306766 11344614 0 0 0 14786559 0 0 0 0 
0 0 0 0 0 0 0 0 0 0 0 0 0 0 0 0 0 0 0 0 0 0 0 3 0 25312 25308 0 0 79 0 0 0 26653723 7395213 0 0 0 0 0 14785210 0 0 0 
0 0 0 0 0 0 0 0 0 0 0 0 0 0 0 0 0 0 0 0 0 0 0 3 25304 0 0 1 0 0 79 0 0 7394886 15306766 11344614 0 0 0 14786559 0 0 0 0 
0 0 0 0 0 0 0 0 0 0 0 0 0 0 0 0 0 0 0 0 0 0 0 3 0 25312 25308 0 0 79 0 0 0 26653723 7395213 0 0 0 0 0 14785210 0 0 0 
0 0 0 0 0 0 0 0 0 0 0 0 0 0 0 0 0 0 0 0 0 0 0 3 25304 0 0 1 0 0 79 0 0 7394886 15306766 11344614 0 0 0 14786559 0 0 0 0 
0 0 0 0 0 0 0 0 0 0 0 0 0 0 0 0 0 0 0 0 0 0 0 3 0 25312 25308 0 0 79 0 0 0 26653723 7395213 0 0 0 0 0 14785210 0 0 0 
0 0 0 0 0 0 0 0 0 0 0 0 0 0 0 0 0 0 0 0 0 0 0 3 25304 0 0 1 0 0 79 0 0 7394886 15306766 11344614 0 0 0 14786559 0 0 0 0 
0 0 0 0 0 0 0 0 0 0 0 0 0 0 0 0 0 0 0 0 0 0 0 3 0 25312 25308 0 0 79 0 0 0 26653723 7395213 0 0 0 0 0 14785210 0 0 0 
0 0 0 0 0 0 0 0 0 0 0 0 0 0 0 0 0 0 0 0 0 0 0 3 25304 0 0 1 0 0 79 0 0 7394886 15306766 11344614 0 0 0 14786559 0 0 0 0 
0 0 0 0 0 0 0 0 0 0 0 0 0 0 0 0 0 0 0 0 0 0 0 3 0 25312 25308 0 0 79 0 0 0 26653723 7395213 0 0 0 0 0 14785210 0 0 0 
0 0 0 0 0 0 0 0 0 0 0 0 0 0 0 0 0 0 0 0 0 0 0 3 25304 0 0 1 0 0 79 0 0 7394886 15306766 11344614 0 0 0 14786559 0 0 0 0 
0 0 0 0 0 0 0 0 0 0 0 0 0 0 0 0 0 0 0 0 0 0 0 3 0 25312 25308 0 0 79 0 0 0 26653723 7395213 0 0 0 0 0 14785210 0 0 0 
0 0 0 0 0 0 0 0 0 0 0 0 0 0 0 0 0 0 0 0 0 0 0 3 25304 0 0 1 0 0 79 0 0 7394886 15306766 11344614 0 0 0 14786559 0 0 0 0 
0 0 0 0 0 0 0 0 0 0 0 0 0 0 0 0 0 0 0 0 0 0 0 3 0 25312 25308 0 0 79 0 0 0 26653723 7395213 0 0 0 0 0 14785210 0 0 0 
0 0 0 0 0 0 0 0 0 0 0 0 0 0 0 0 0 0 0 0 0 0 0 3 25304 0 0 1 0 0 79 0 0 7394886 15306766 11344614 0 0 0 14786559 0 0 0 0 
0 0 0 0 0 0 0 0 0 0 0 0 0 0 0 0 0 0 0 0 0 0 0 3 0 25312 25308 0 0 79 0 0 0 26653723 7395213 0 0 0 0 0 14785210 0 0 0 
0 0 0 0 0 0 0 0 0 0 0 0 0 0 0 0 0 0 0 0 0 0 0 3 25304 0 0 1 0 0 79 0 0 7394886 15306766 11344614 0 0 0 14786559 0 0 0 0 
0 0 0 0 0 0 0 0 0 0 0 0 0 0 0 0 0 0 0 0 0 0 0 3 0 25312 25308 0 0 79 0 0 0 26653723 7395213 0 0 0 0 0 14785210 0 0 0 
0 0 0 0 0 0 0 0 0 0 0 0 0 0 0 0 0 0 0 0 0 0 0 3 25304 0 0 1 0 0 79 0 0 7394886 15306766 11344614 0 0 0 14786559 0 0 0 0 
0 0 0 0 0 0 0 0 0 0 0 0 0 0 0 0 0 0 0 0 0 0 0 3 0 25312 25308 0 0 79 0 0 0 26653723 7395213 0 0 0 0 0 14785210 0 0 0 
0 0 0 0 0 0 0 0 0 0 0 0 0 0 0 0 0 0 0 0 0 0 0 3 25304 0 0 1 0 0 79 0 0 7394886 15306766 11344614 0 0 0 14786559 0 0 0 0 
0 0 0 0 0 0 0 0 0 0 0 0 0 0 0 0 0 0 0 0 0 0 0 3 0 25312 25308 0 0 79 0 0 0 26653723 7395213 0 0 0 0 0 14785210 0 0 0 
0 0 0 0 0 0 0 0 0 0 0 0 0 0 0 0 0 0 0 0 0 0 0 3 25304 0 0 1 0 0 79 0 0 7394886 15306766 11344614 0 0 0 14786559 0 0 0 0 
0 0 0 0 0 0 0 0 0 0 0 0 0 0 0 0 0 0 0 0 0 0 0 3 0 25312 25308 0 0 79 0 0 0 26653723 7395213 0 0 0 0 0 14785210 0 0 0 
0 0 0 0 0 0 0 0 0 0 0 0 0 0 0 0 0 0 0 0 0 0 0 3 25304 0 0 1 0 0 79 0 0 7394886 15306766 11344614 0 0 0 14786559 0 0 0 0 
0 0 0 0 0 0 0 0 0 0 0 0 0 0 0 0 0 0 0 0 0 0 0 3 0 25312 25308 0 0 79 0 0 0 26653723 7395213 0 0 0 0 0 14785210 0 0 0 
0 0 0 0 0 0 0 0 0 0 0 0 0 0 0 0 0 0 0 0 0 0 0 3 25304 0 0 1 0 0 79 0 0 7394886 15306766 11344614 0 0 0 14786559 0 0 0 0 
0 0 0 0 0 0 0 0 0 0 0 0 0 0 0 0 0 0 0 0 0 0 0 3 0 25312 25308 0 0 79 0 0 0 26653723 7395213 0 0 0 0 0 14785210 0 0 0 
0 0 0 0 0 0 0 0 0 0 0 0 0 0 0 0 0 0 0 0 0 0 0 3 25304 0 0 1 0 0 79 0 0 7394886 15306766 11344614 0 0 0 14786559 0 0 0 0 
0 0 0 0 0 0 0 0 0 0 0 0 0 0 0 0 0 0 0 0 0 0 0 3 0 25312 25308 0 0 79 0 0 0 26653723 7395213 0 0 0 0 0 14785210 0 0 0 
0 0 0 0 0 0 0 0 0 0 0 0 0 0 0 0 0 0 0 0 0 0 0 3 25304 0 0 1 0 0 79 0 0 7394886 15306766 11344614 0 0 0 14786559 0 0 0 0 
0 0 0 0 0 0 0 0 0 0 0 0 0 0 0 0 0 0 0 0 0 0 0 3 0 25312 25308 0 0 79 0 0 0 26653723 7395213 0 0 0 0 0 14785210 0 0 0 
0 0 0 0 0 0 0 0 0 0 0 0 0 0 0 0 0 0 0 0 0 0 0 3 25304 0 0 1 0 0 79 0 0 7394886 15306766 11344614 0 0 0 14786559 0 0 0 0 
0 0 0 0 0 0 0 0 0 0 0 0 0 0 0 0 0 0 0 0 0 0 0 3 0 25312 25308 0 0 79 0 0 0 26653723 7395213 0 0 0 0 0 14785210 0 0 0 
0 0 0 0 0 0 0 0 0 0 0 0 0 0 0 0 0 0 0 0 0 0 0 3 25304 0 0 1 0 0 79 0 0 7394886 15306766 11344614 0 0 0 14786559 0 0 0 0 
0 0 0 0 0 0 0 0 0 0 0 0 0 0 0 0 0 0 0 0 0 0 0 3 0 25312 25308 0 0 79 0 0 0 26653723 7395213 0 0 0 0 0 14785210 0 0 0 
0 0 0 0 0 0 0 0 0 0 0 0 0 0 0 0 0 0 0 0 0 0 0 3 25304 0 0 1 0 0 79 0 0 7394886 15306766 11344614 0 0 0 14786559 0 0 0 0 
0 0 0 0 0 0 0 0 0 0 0 0 0 0 0 0 0 0 0 0 0 0 0 3 0 25312 25308 0 0 79 0 0 0 26653723 7395213 0 0 0 0 0 14785210 0 0 0 
0 0 0 0 0 0 0 0 0 0 0 0 0 0 0 0 0 0 0 0 0 0 0 3 25304 0 0 1 0 0 79 0 0 7394886 15306766 11344614 0 0 0 14786559 0 0 0 0 
0 0 0 0 0 0 0 0 0 0 0 0 0 0 0 0 0 0 0 0 0 0 0 3 0 25312 25308 0 0 79 0 0 0 26653723 7395213 0 0 0 0 0 14785210 0 0 0 
0 0 0 0 0 0 0 0 0 0 0 0 0 0 0 0 0 0 0 0 0 0 0 3 25304 0 0 1 0 0 79 0 0 7394886 15306766 11344614 0 0 0 14786559 0 0 0 0 
0 0 0 0 0 0 0 0 0 0 0 0 0 0 0 0 0 0 0 0 0 0 0 3 0 25312 25308 0 0 79 0 0 0 26653723 7395213 0 0 0 0 0 14785210 0 0 0 
0 0 0 0 0 0 0 0 0 0 0 0 0 0 0 0 0 0 0 0 0 0 0 3 25304 0 0 1 0 0 79 0 0 7394886 15306766 11344614 0 0 0 14786559 0 0 0 0 
0 0 0 0 0 0 0 0 0 0 0 0 0 0 0 0 0 0 0 0 0 0 0 3 0 25312 25308 0 0 79 0 0 0 26653723 7395213 0 0 0 0 0 14785210 0 0 0 
0 0 0 0 0 0 0 0 0 0 0 0 0 0 0 0 0 0 0 0 0 0 0 3 25304 0 0 1 0 0 79 0 0 7394886 15306766 11344614 0 0 0 14786559 0 0 0 0 
0 0 0 0 0 0 0 0 0 0 0 0 0 0 0 0 0 0 0 0 0 0 0 3 0 25312 25308 0 0 79 0 0 0 26653723 7395213 0 0 0 0 0 14785210 0 0 0 
0 0 0 0 0 0 0 0 0 0 0 0 0 0 0 0 0 0 0 0 0 0 0 3 25304 0 0 1 0 0 79 0 0 7394886 15306766 11344614 0 0 0 14786559 0 0 0 0 
0 0 0 0 0 0 0 0 0 0 0 0 0 0 0 0 0 0 0 0 0 0 0 3 0 25312 25308 0 0 79 0 0 0 26653723 7395213 0 0 0 0 0 14785210 0 0 0 
0 0 0 0 0 0 0 0 0 0 0 0 0 0 0 0 0 0 0 0 0 0 0 3 25304 0 0 1 0 0 79 0 0 7394886 15306766 11344614 0 0 0 14786559 0 0 0 0 
0 0 0 0 0 0 0 0 0 0 0 0 0 0 0 0 0 0 0 0 0 0 0 3 0 25312 25308 0 0 79 0 0 0 26653723 7395213 0 0 0 0 0 14785210 0 0 0 
0 0 0 0 0 0 0 0 0 0 0 0 0 0 0 0 0 0 0 0 0 0 0 3 25304 0 0 1 0 0 79 0 0 7394886 15306766 11344614 0 0 0 14786559 0 0 0 0 
0 0 0 0 0 0 0 0 0 0 0 0 0 0 0 0 0 0 0 0 0 0 0 3 0 25312 25308 0 0 79 0 0 0 26653723 7395213 0 0 0 0 0 14785210 0 0 0 
0 0 0 0 0 0 0 0 0 0 0 0 0 0 0 0 0 0 0 0 0 0 0 3 25304 0 0 1 0 0 79 0 0 7394886 15306766 11344614 0 0 0 14786559 0 0 0 0 
0 0 0 0 0 0 0 0 0 0 0 0 0 0 0 0 0 0 0 0 0 0 0 3 0 25312 25308 0 0 79 0 0 0 26653723 7395213 0 0 0 0 0 14785210 0 0 0 
0 0 0 0 0 0 0 0 0 0 0 0 0 0 0 0 0 0 0 0 0 0 0 3 25304 0 0 1 0 0 79 0 0 7394886 15306766 11344614 0 0 0 14786559 0 0 0 0 
0 0 0 0 0 0 0 0 0 0 0 0 0 0 0 0 0 0 0 0 0 0 0 3 0 25312 25308 0 0 79 0 0 0 26653723 7395213 0 0 0 0 0 14785210 0 0 0 
0 0 0 0 0 0 0 0 0 0 0 0 0 0 0 0 0 0 0 0 0 0 0 3 25304 0 0 1 0 0 79 0 0 7394886 15306766 11344614 0 0 0 14786559 0 0 0 0 
0 0 0 0 0 0 0 0 0 0 0 0 0 0 0 0 0 0 0 0 0 0 0 3 0 25312 25308 0 0 79 0 0 0 26653723 7395213 0 0 0 0 0 14785210 0 0 0 
0 0 0 0 0 0 0 0 0 0 0 0 0 0 0 0 0 0 0 0 0 0 0 3 25304 0 0 1 0 0 79 0 0 7394886 15306766 11344614 0 0 0 14786559 0 0 0 0 
0 0 0 0 0 0 0 0 0 0 0 0 0 0 0 0 0 0 0 0 0 0 0 3 0 25312 25308 0 0 79 0 0 0 26653723 7395213 0 0 0 0 0 14785210 0 0 0 
0 0 0 0 0 0 0 0 0 0 0 0 0 0 0 0 0 0 0 0 0 0 0 3 25304 0 0 1 0 0 79 0 0 7394886 15306766 11344614 0 0 0 14786559 0 0 0 0 
0 0 0 0 0 0 0 0 0 0 0 0 0 0 0 0 0 0 0 0 0 0 0 3 0 25312 25308 0 0 79 0 0 0 26653723 7395213 0 0 0 0 0 14785210 0 0 0 
0 0 0 0 0 0 0 0 0 0 0 0 0 0 0 0 0 0 0 0 0 0 0 3 25304 0 0 1 0 0 79 0 0 7394886 15306766 11344614 0 0 0 14786559 0 0 0 0 
0 0 0 0 0 0 0 0 0 0 0 0 0 0 0 0 0 0 0 0 0 0 0 3 0 25312 25308 0 0 79 0 0 0 26653723 7395213 0 0 0 0 0 14785210 0 0 0 
0 0 0 0 0 0 0 0 0 0 0 0 0 0 0 0 0 0 0 0 0 0 0 3 25304 0 0 1 0 0 79 0 0 7394886 15306766 11344614 0 0 0 14786559 0 0 0 0 
0 0 0 0 0 0 0 0 0 0 0 0 0 0 0 0 0 0 0 0 0 0 0 3 0 25312 25308 0 0 79 0 0 0 26653723 7395213 0 0 0 0 0 14785210 0 0 0 
0 0 0 0 0 0 0 0 0 0 0 0 0 0 0 0 0 0 0 0 0 0 0 3 25304 0 0 1 0 0 79 0 0 7394886 15306766 11344614 0 0 0 14786559 0 0 0 0 
0 0 0 0 0 0 0 0 0 0 0 0 0 0 0 0 0 0 0 0 0 0 0 3 0 25312 25308 0 0 79 0 0 0 26653723 7395213 0 0 0 0 0 14785210 0 0 0 
0 0 0 0 0 0 0 0 0 0 0 0 0 0 0 0 0 0 0 0 0 0 0 3 25304 0 0 1 0 0 79 0 0 7394886 15306766 11344614 0 0 0 14786559 0 0 0 0 
0 0 0 0 0 0 0 0 0 0 0 0 0 0 0 0 0 0 0 0 0 0 0 3 0 25312 25308 0 0 79 0 0 0 26653723 7395213 0 0 0 0 0 14785210 0 0 0 
0 0 0 0 0 0 0 0 0 0 0 0 0 0 0 0 0 0 0 0 0 0 0 3 25304 0 0 1 0 0 79 0 0 7394886 15306766 11344614 0 0 0 14786559 0 0 0 0 
0 0 0 0 0 0 0 0 0 0 0 0 0 0 0 0 0 0 0 0 0 0 0 3 0 25312 25308 0 0 79 0 0 0 26653723 7395213 0 0 0 0 0 14785210 0 0 0 
0 0 0 0 0 0 0 0 0 0 0 0 0 0 0 0 0 0 0 0 0 0 0 3 25304 0 0 1 0 0 79 0 0 7394886 15306766 11344614 0 0 0 14786559 0 0 0 0 
0 0 0 0 0 0 0 0 0 0 0 0 0 0 0 0 0 0 0 0 0 0 0 3 0 25312 25308 0 0 79 0 0 0 26653723 7395213 0 0 0 0 0 14785210 0 0 0 
0 0 0 0 0 0 0 0 0 0 0 0 0 0 0 0 0 0 0 0 0 0 0 3 25304 0 0 1 0 0 79 0 0 7394886 15306766 11344614 0 0 0 14786559 0 0 0 0 
0 0 0 0 0 0 0 0 0 0 0 0 0 0 0 0 0 0 0 0 0 0 0 3 0 25312 25308 0 0 79 0 0 0 26653723 7395213 0 0 0 0 0 14785210 0 0 0 
0 0 0 0 0 0 0 0 0 0 0 0 0 0 0 0 0 0 0 0 0 0 0 3 25304 0 0 1 0 0 79 0 0 7394886 15306766 11344614 0 0 0 14786559 0 0 0 0 
0 0 0 0 0 0 0 0 0 0 0 0 0 0 0 0 0 0 0 0 0 0 0 3 0 25312 25308 0 0 79 0 0 0 26653723 7395213 0 0 0 0 0 14785210 0 0 0 
0 0 0 0 0 0 0 0 0 0 0 0 0 0 0 0 0 0 0 0 0 0 0 3 25304 0 0 1 0 0 79 0 0 7394886 15306766 11344614 0 0 0 14786559 0 0 0 0 
0 0 0 0 0 0 0 0 0 0 0 0 0 0 0 0 0 0 0 0 0 0 0 3 0 25312 25308 0 0 79 0 0 0 26653723 7395213 0 0 0 0 0 14785210 0 0 0 
0 0 0 0 0 0 0 0 0 0 0 0 0 0 0 0 0 0 0 0 0 0 0 3 25304 0 0 1 0 0 79 0 0 7394886 15306766 11344614 0 0 0 14786559 0 0 0 0 
0 0 0 0 0 0 0 0 0 0 0 0 0 0 0 0 0 0 0 0 0 0 0 3 0 25312 25308 0 0 79 0 0 0 26653723 7395213 0 0 0 0 0 14785210 0 0 0 
0 0 0 0 0 0 0 0 0 0 0 0 0 0 0 0 0 0 0 0 0 0 0 3 25304 0 0 1 0 0 79 0 0 7394886 15306766 11344614 0 0 0 14786559 0 0 0 0 
0 0 0 0 0 0 0 0 0 0 0 0 0 0 0 0 0 0 0 0 0 0 0 3 0 25312 25308 0 0 79 0 0 0 26653723 7395213 0 0 0 0 0 14785210 0 0 0 
0 0 0 0 0 0 0 0 0 0 0 0 0 0 0 0 0 0 0 0 0 0 0 3 25304 0 0 1 0 0 79 0 0 7394886 15306766 11344614 0 0 0 14786559 0 0 0 0 
0 0 0 0 0 0 0 0 0 0 0 0 0 0 0 0 0 0 0 0 0 0 0 3 0 25312 25308 0 0 79 0 0 0 26653723 7395213 0 0 0 0 0 14785210 0 0 0 
0 0 0 0 0 0 0 0 0 0 0 0 0 0 0 0 0 0 0 0 0 0 0 3 25304 0 0 1 0 0 79 0 0 7394886 15306766 11344614 0 0 0 14786559 0 0 0 0 
0 0 0 0 0 0 0 0 0 0 0 0 0 0 0 0 0 0 0 0 0 0 0 3 0 25312 25308 0 0 79 0 0 0 26653723 7395213 0 0 0 0 0 14785210 0 0 0 
0 0 0 0 0 0 0 0 0 0 0 0 0 0 0 0 0 0 0 0 0 0 0 3 25304 0 0 1 0 0 79 0 0 7394886 15306766 11344614 0 0 0 14786559 0 0 0 0 
0 0 0 0 0 0 0 0 0 0 0 0 0 0 0 0 0 0 0 0 0 0 0 3 0 25312 25308 0 0 79 0 0 0 26653723 7395213 0 0 0 0 0 14785210 0 0 0 
0 0 0 0 0 0 0 0 0 0 0 0 0 0 0 0 0 0 0 0 0 0 0 3 25304 0 0 1 0 0 79 0 0 7394886 15306766 11344614 0 0 0 14786559 0 0 0 0 
0 0 0 0 0 0 0 0 0 0 0 0 0 0 0 0 0 0 0 0 0 0 0 3 0 25312 25308 0 0 79 0 0 0 26653723 7395213 0 0 0 0 0 14785210 0 0 0 
0 0 0 0 0 0 0 0 0 0 0 0 0 0 0 0 0 0 0 0 0 0 0 3 25304 0 0 1 0 0 79 0 0 7394886 15306766 11344614 0 0 0 14786559 0 0 0 0 
0 0 0 0 0 0 0 0 0 0 0 0 0 0 0 0 0 0 0 0 0 0 0 3 0 25312 25308 0 0 79 0 0 0 26653723 7395213 0 0 0 0 0 14785210 0 0 0 
0 0 0 0 0 0 0 0 0 0 0 0 0 0 0 0 0 0 0 0 0 0 0 3 25304 0 0 1 0 0 79 0 0 7394886 15306766 11344614 0 0 0 14786559 0 0 0 0 
0 0 0 0 0 0 0 0 0 0 0 0 0 0 0 0 0 0 0 0 0 0 0 3 0 25312 25308 0 0 79 0 0 0 26653723 7395213 0 0 0 0 0 14785210 0 0 0 
0 0 0 0 0 0 0 0 0 0 0 0 0 0 0 0 0 0 0 0 0 0 0 3 25304 0 0 1 0 0 79 0 0 7394886 15306766 11344614 0 0 0 14786559 0 0 0 0 
0 0 0 0 0 0 0 0 0 0 0 0 0 0 0 0 0 0 0 0 0 0 0 3 0 25312 25308 0 0 79 0 0 0 26653723 7395213 0 0 0 0 0 14785210 0 0 0 
0 0 0 0 0 0 0 0 0 0 0 0 0 0 0 0 0 0 0 0 0 0 0 3 25304 0 0 1 0 0 79 0 0 7394886 15306766 11344614 0 0 0 14786559 0 0 0 0 
0 0 0 0 0 0 0 0 0 0 0 0 0 0 0 0 0 0 0 0 0 0 0 3 0 25312 25308 0 0 79 0 0 0 26653723 7395213 0 0 0 0 0 14785210 0 0 0 
0 0 0 0 0 0 0 0 0 0 0 0 0 0 0 0 0 0 0 0 0 0 0 3 25304 0 0 1 0 0 79 0 0 7394886 15306766 11344614 0 0 0 14786559 0 0 0 0 
0 0 0 0 0 0 0 0 0 0 0 0 0 0 0 0 0 0 0 0 0 0 0 3 0 25312 25308 0 0 79 0 0 0 26653723 7395213 0 0 0 0 0 14785210 0 0 0 
0 0 0 0 0 0 0 0 0 0 0 0 0 0 0 0 0 0 0 0 0 0 0 3 25304 0 0 1 0 0 79 0 0 7394886 15306766 11344614 0 0 0 14786559 0 0 0 0 
0 0 0 0 0 0 0 0 0 0 0 0 0 0 0 0 0 0 0 0 0 0 0 3 0 25312 25308 0 0 79 0 0 0 26653723 7395213 0 0 0 0 0 14785210 0 0 0 
0 0 0 0 0 0 0 0 0 0 0 0 0 0 0 0 0 0 0 0 0 0 0 3 25304 0 0 1 0 0 79 0 0 7394886 15306766 11344614 0 0 0 14786559 0 0 0 0 
0 0 0 0 0 0 0 0 0 0 0 0 0 0 0 0 0 0 0 0 0 0 0 3 0 25312 25308 0 0 79 0 0 0 26653723 7395213 0 0 0 0 0 14785210 0 0 0 
0 0 0 0 0 0 0 0 0 0 0 0 0 0 0 0 0 0 0 0 0 0 0 3 25304 0 0 1 0 0 79 0 0 7394886 15306766 11344614 0 0 0 14786559 0 0 0 0 
