0 0 0 0 0 0 0 0 0 0 0 0 0 0 0 0 0 0 0 0 0 0 0 3 38530 0 0 2 0 0 157 0 0 12041309 21270112 17515773 0 0 0 20373079 0 0 0 0 
0 0 0 0 0 0 0 0 0 0 0 0 0 0 0 0 0 0 0 0 0 0 0 3 38530 0 0 2 0 0 157 0 0 12041309 21270112 17515773 0 0 0 20373079 0 0 0 0 
0 0 0 0 0 0 0 0 0 0 0 0 0 0 0 0 0 0 0 0 0 0 0 3 38530 0 0 2 0 0 157 0 0 12041309 21270112 17515773 0 0 0 20373079 0 0 0 0 
0 0 0 0 0 0 0 0 0 0 0 0 0 0 0 0 0 0 0 0 0 0 0 3 38530 0 0 2 0 0 157 0 0 12041309 21270112 17515773 0 0 0 20373079 0 0 0 0 
0 0 0 0 0 0 0 0 0 0 0 0 0 0 0 0 0 0 0 0 0 0 0 3 38530 0 0 2 0 0 157 0 0 12041309 21270112 17515773 0 0 0 20373079 0 0 0 0 
0 0 0 0 0 0 0 0 0 0 0 0 0 0 0 0 0 0 0 0 0 0 0 3 38530 0 0 2 0 0 157 0 0 12041309 21270112 17515773 0 0 0 20373079 0 0 0 0 
0 0 0 0 0 0 0 0 0 0 0 0 0 0 0 0 0 0 0 0 0 0 0 3 38530 0 0 2 0 0 157 0 0 12041309 21270112 17515773 0 0 0 20373079 0 0 0 0 
====>
0 0 0 0 0 0 0 0 0 0 0 0 0 0 0 0 0 0 0 0 0 0 0 3 0 38532 38517 0 0 158 0 0 0 38793997 12036275 0 0 0 0 0 20376350 0 0 0 
0 0 0 0 0 0 0 0 0 0 0 0 0 0 0 0 0 0 0 0 0 0 0 3 0 38580 38569 0 0 165 0 0 0 38831638 12037094 0 0 0 0 0 20386367 0 0 0 
0 0 0 0 0 0 0 0 0 0 0 0 0 0 0 0 0 0 0 0 0 0 0 3 0 38592 38581 0 0 165 0 0 0 38864221 12048672 0 0 0 0 0 20402633 0 0 0 
0 0 0 0 0 0 0 0 0 0 0 0 0 0 0 0 0 0 0 0 0 0 0 3 0 38643 38629 0 0 165 0 0 0 38888487 12049549 0 0 0 0 0 20416726 0 0 0 
0 0 0 0 0 0 0 0 0 0 0 0 0 0 0 0 0 0 0 0 0 0 0 3 0 38696 38685 0 0 165 0 0 0 38926455 12057304 0 0 0 0 0 20437861 0 0 0 
0 0 0 0 0 0 0 0 0 0 0 0 0 0 0 0 0 0 0 0 0 0 0 3 0 38704 38693 0 0 165 0 0 0 38947037 12062639 0 0 0 0 0 20452157 0 0 0 
0 0 0 0 0 0 0 0 0 0 0 0 0 0 0 0 0 0 0 0 0 0 0 3 0 38760 38749 0 0 165 0 0 0 38977873 12067252 0 0 0 0 0 20468701 0 0 0 
0 0 0 0 0 0 0 0 0 0 0 0 0 0 0 0 0 0 0 0 0 0 0 3 0 38776 38765 0 0 165 0 0 0 39011028 12075780 0 0 0 0 0 20487025 0 0 0 
0 0 0 0 0 0 0 0 0 0 0 0 0 0 0 0 0 0 0 0 0 0 0 3 0 38823 38809 0 0 165 0 0 0 39026552 12077199 0 0 0 0 0 20497412 0 0 0 
0 0 0 0 0 0 0 0 0 0 0 0 0 0 0 0 0 0 0 0 0 0 0 3 0 38876 38865 0 0 165 0 0 0 39060470 12087122 0 0 0 0 0 20516954 0 0 0 
0 0 0 0 0 0 0 0 0 0 0 0 0 0 0 0 0 0 0 0 0 0 0 3 0 38884 38873 0 0 165 0 0 0 39077291 12089921 0 0 0 0 0 20529430 0 0 0 
0 0 0 0 0 0 0 0 0 0 0 0 0 0 0 0 0 0 0 0 0 0 0 3 0 38936 38925 0 0 165 0 0 0 39111447 12097062 0 0 0 0 0 20549476 0 0 0 
0 0 0 0 0 0 0 0 0 0 0 0 0 0 0 0 0 0 0 0 0 0 0 3 0 38944 38933 0 0 165 0 0 0 39135348 12103012 0 0 0 0 0 20567721 0 0 0 
0 0 0 0 0 0 0 0 0 0 0 0 0 0 0 0 0 0 0 0 0 0 0 3 0 39000 38989 0 0 165 0 0 0 39160413 12107009 0 0 0 0 0 20580470 0 0 0 
0 0 0 0 0 0 0 0 0 0 0 0 0 0 0 0 0 0 0 0 0 0 0 3 0 39016 39005 0 0 165 0 0 0 39194730 12115537 0 0 0 0 0 20601011 0 0 0 
0 0 0 0 0 0 0 0 0 0 0 0 0 0 0 0 0 0 0 0 0 0 0 3 0 39063 39049 0 0 165 0 0 0 39211351 12116956 0 0 0 0 0 20612103 0 0 0 
0 0 0 0 0 0 0 0 0 0 0 0 0 0 0 0 0 0 0 0 0 0 0 3 0 39116 39105 0 0 165 0 0 0 39247245 12126879 0 0 0 0 0 20633855 0 0 0 
0 0 0 0 0 0 0 0 0 0 0 0 0 0 0 0 0 0 0 0 0 0 0 3 0 39124 39113 0 0 165 0 0 0 39273094 12131878 0 0 0 0 0 20655671 0 0 0 
0 0 0 0 0 0 0 0 0 0 0 0 0 0 0 0 0 0 0 0 0 0 0 3 0 39179 39165 0 0 165 0 0 0 39304171 12136822 0 0 0 0 0 20672749 0 0 0 
0 0 0 0 0 0 0 0 0 0 0 0 0 0 0 0 0 0 0 0 0 0 0 3 0 39187 39173 0 0 165 0 0 0 39331461 12142772 0 0 0 0 0 20689235 0 0 0 
0 0 0 0 0 0 0 0 0 0 0 0 0 0 0 0 0 0 0 0 0 0 0 3 0 39240 39229 0 0 165 0 0 0 39359847 12146763 0 0 0 0 0 20710578 0 0 0 
0 0 0 0 0 0 0 0 0 0 0 0 0 0 0 0 0 0 0 0 0 0 0 3 0 39260 39249 0 0 165 0 0 0 39395223 12155295 0 0 0 0 0 20731534 0 0 0 
0 0 0 0 0 0 0 0 0 0 0 0 0 0 0 0 0 0 0 0 0 0 0 3 0 39304 39293 0 0 165 0 0 0 39414470 12159012 0 0 0 0 0 20744910 0 0 0 
0 0 0 0 0 0 0 0 0 0 0 0 0 0 0 0 0 0 0 0 0 0 0 3 0 39356 39345 0 0 165 0 0 0 39446602 12166634 0 0 0 0 0 20762693 0 0 0 
0 0 0 0 0 0 0 0 0 0 0 0 0 0 0 0 0 0 0 0 0 0 0 3 0 39367 39353 0 0 165 0 0 0 39470405 12172590 0 0 0 0 0 20775509 0 0 0 
0 0 0 0 0 0 0 0 0 0 0 0 0 0 0 0 0 0 0 0 0 0 0 3 0 39420 39409 0 0 165 0 0 0 39497290 12176583 0 0 0 0 0 20793433 0 0 0 
0 0 0 0 0 0 0 0 0 0 0 0 0 0 0 0 0 0 0 0 0 0 0 3 0 39476 39465 0 0 165 0 0 0 39529307 12186512 0 0 0 0 0 20811858 0 0 0 
0 0 0 0 0 0 0 0 0 0 0 0 0 0 0 0 0 0 0 0 0 0 0 3 0 39484 39473 0 0 165 0 0 0 39551992 12192150 0 0 0 0 0 20829565 0 0 0 
0 0 0 0 0 0 0 0 0 0 0 0 0 0 0 0 0 0 0 0 0 0 0 3 0 39539 39525 0 0 165 0 0 0 39579432 12196458 0 0 0 0 0 20843184 0 0 0 
0 0 0 0 0 0 0 0 0 0 0 0 0 0 0 0 0 0 0 0 0 0 0 3 0 39544 39533 0 0 165 0 0 0 39607293 12202402 0 0 0 0 0 20860674 0 0 0 
0 0 0 0 0 0 0 0 0 0 0 0 0 0 0 0 0 0 0 0 0 0 0 3 0 39600 39589 0 0 165 0 0 0 39634386 12206402 0 0 0 0 0 20878433 0 0 0 
0 0 0 0 0 0 0 0 0 0 0 0 0 0 0 0 0 0 0 0 0 0 0 3 0 39644 39629 0 0 165 0 0 0 39664906 12215736 0 0 0 0 0 20895155 0 0 0 
0 0 0 0 0 0 0 0 0 0 0 0 0 0 0 0 0 0 0 0 0 0 0 3 0 39664 39653 0 0 165 0 0 0 39687416 12218809 0 0 0 0 0 20912097 0 0 0 
0 0 0 0 0 0 0 0 0 0 0 0 0 0 0 0 0 0 0 0 0 0 0 3 0 39716 39705 0 0 165 0 0 0 39719945 12226270 0 0 0 0 0 20930474 0 0 0 
0 0 0 0 0 0 0 0 0 0 0 0 0 0 0 0 0 0 0 0 0 0 0 3 0 39724 39713 0 0 165 0 0 0 39742893 12232220 0 0 0 0 0 20947976 0 0 0 
0 0 0 0 0 0 0 0 0 0 0 0 0 0 0 0 0 0 0 0 0 0 0 3 0 39780 39769 0 0 165 0 0 0 39769433 12236219 0 0 0 0 0 20960368 0 0 0 
0 0 0 0 0 0 0 0 0 0 0 0 0 0 0 0 0 0 0 0 0 0 0 3 0 39836 39825 0 0 165 0 0 0 39800813 12246149 0 0 0 0 0 20977525 0 0 0 
0 0 0 0 0 0 0 0 0 0 0 0 0 0 0 0 0 0 0 0 0 0 0 3 0 39844 39833 0 0 165 0 0 0 39821947 12251387 0 0 0 0 0 20993660 0 0 0 
0 0 0 0 0 0 0 0 0 0 0 0 0 0 0 0 0 0 0 0 0 0 0 3 0 39898 39885 0 0 165 0 0 0 39849477 12256090 0 0 0 0 0 21006686 0 0 0 
0 0 0 0 0 0 0 0 0 0 0 0 0 0 0 0 0 0 0 0 0 0 0 3 0 39908 39897 0 0 165 0 0 0 39874688 12262672 0 0 0 0 0 21018975 0 0 0 
0 0 0 0 0 0 0 0 0 0 0 0 0 0 0 0 0 0 0 0 0 0 0 3 0 39964 39953 0 0 165 0 0 0 39894803 12267076 0 0 0 0 0 21030771 0 0 0 
0 0 0 0 0 0 0 0 0 0 0 0 0 0 0 0 0 0 0 0 0 0 0 3 0 40016 40005 0 0 165 0 0 0 39926535 12275967 0 0 0 0 0 21047839 0 0 0 
0 0 0 0 0 0 0 0 0 0 0 0 0 0 0 0 0 0 0 0 0 0 0 3 0 40027 40013 0 0 165 0 0 0 39950666 12281923 0 0 0 0 0 21060653 0 0 0 
0 0 0 0 0 0 0 0 0 0 0 0 0 0 0 0 0 0 0 0 0 0 0 3 0 40083 40069 0 0 165 0 0 0 39971989 12285922 0 0 0 0 0 21073088 0 0 0 
0 0 0 0 0 0 0 0 0 0 0 0 0 0 0 0 0 0 0 0 0 0 0 3 0 40136 40125 0 0 165 0 0 0 40004967 12295845 0 0 0 0 0 21091804 0 0 0 
0 0 0 0 0 0 0 0 0 0 0 0 0 0 0 0 0 0 0 0 0 0 0 3 0 40144 40133 0 0 165 0 0 0 40023160 12301515 0 0 0 0 0 21104504 0 0 0 
0 0 0 0 0 0 0 0 0 0 0 0 0 0 0 0 0 0 0 0 0 0 0 3 0 40200 40189 0 0 165 0 0 0 40051876 12305792 0 0 0 0 0 21118364 0 0 0 
0 0 0 0 0 0 0 0 0 0 0 0 0 0 0 0 0 0 0 0 0 0 0 3 0 40228 40217 0 0 165 0 0 0 40084335 12314560 0 0 0 0 0 21136716 0 0 0 
0 0 0 0 0 0 0 0 0 0 0 0 0 0 0 0 0 0 0 0 0 0 0 3 0 40264 40253 0 0 165 0 0 0 40103911 12319575 0 0 0 0 0 21149918 0 0 0 
0 0 0 0 0 0 0 0 0 0 0 0 0 0 0 0 0 0 0 0 0 0 0 3 0 40319 40305 0 0 165 0 0 0 40135709 12325670 0 0 0 0 0 21167143 0 0 0 
0 0 0 0 0 0 0 0 0 0 0 0 0 0 0 0 0 0 0 0 0 0 0 3 0 40327 40313 0 0 165 0 0 0 40163258 12331620 0 0 0 0 0 21184127 0 0 0 
0 0 0 0 0 0 0 0 0 0 0 0 0 0 0 0 0 0 0 0 0 0 0 3 0 40380 40369 0 0 165 0 0 0 40187258 12335613 0 0 0 0 0 21199778 0 0 0 
0 0 0 0 0 0 0 0 0 0 0 0 0 0 0 0 0 0 0 0 0 0 0 3 0 40396 40385 0 0 165 0 0 0 40217737 12344139 0 0 0 0 0 21215454 0 0 0 
0 0 0 0 0 0 0 0 0 0 0 0 0 0 0 0 0 0 0 0 0 0 0 3 0 40440 40429 0 0 165 0 0 0 40243321 12345552 0 0 0 0 0 21237088 0 0 0 
0 0 0 0 0 0 0 0 0 0 0 0 0 0 0 0 0 0 0 0 0 0 0 3 0 40496 40485 0 0 165 0 0 0 40273997 12355481 0 0 0 0 0 21254108 0 0 0 
0 0 0 0 0 0 0 0 0 0 0 0 0 0 0 0 0 0 0 0 0 0 0 3 0 40504 40493 0 0 165 0 0 0 40297190 12359646 0 0 0 0 0 21271592 0 0 0 
0 0 0 0 0 0 0 0 0 0 0 0 0 0 0 0 0 0 0 0 0 0 0 3 0 40557 40545 0 0 165 0 0 0 40328709 12365421 0 0 0 0 0 21288651 0 0 0 
0 0 0 0 0 0 0 0 0 0 0 0 0 0 0 0 0 0 0 0 0 0 0 3 0 40567 40553 0 0 165 0 0 0 40354505 12371375 0 0 0 0 0 21303329 0 0 0 
0 0 0 0 0 0 0 0 0 0 0 0 0 0 0 0 0 0 0 0 0 0 0 3 0 40620 40609 0 0 165 0 0 0 40384988 12375368 0 0 0 0 0 21325433 0 0 0 
0 0 0 0 0 0 0 0 0 0 0 0 0 0 0 0 0 0 0 0 0 0 0 3 0 40676 40665 0 0 165 0 0 0 40418699 12385298 0 0 0 0 0 21344278 0 0 0 
0 0 0 0 0 0 0 0 0 0 0 0 0 0 0 0 0 0 0 0 0 0 0 3 0 40684 40673 0 0 165 0 0 0 40440093 12391248 0 0 0 0 0 21360050 0 0 0 
0 0 0 0 0 0 0 0 0 0 0 0 0 0 0 0 0 0 0 0 0 0 0 3 0 40740 40729 0 0 165 0 0 0 40468800 12395246 0 0 0 0 0 21375274 0 0 0 
0 0 0 0 0 0 0 0 0 0 0 0 0 0 0 0 0 0 0 0 0 0 0 3 0 40755 40741 0 0 165 0 0 0 40496616 12403720 0 0 0 0 0 21389553 0 0 0 
0 0 0 0 0 0 0 0 0 0 0 0 0 0 0 0 0 0 0 0 0 0 0 3 0 40803 40789 0 0 165 0 0 0 40514568 12405194 0 0 0 0 0 21401451 0 0 0 
0 0 0 0 0 0 0 0 0 0 0 0 0 0 0 0 0 0 0 0 0 0 0 3 0 40856 40845 0 0 165 0 0 0 40550936 12415117 0 0 0 0 0 21422582 0 0 0 
0 0 0 0 0 0 0 0 0 0 0 0 0 0 0 0 0 0 0 0 0 0 0 3 0 40864 40853 0 0 165 0 0 0 40573371 12421067 0 0 0 0 0 21436970 0 0 0 
0 0 0 0 0 0 0 0 0 0 0 0 0 0 0 0 0 0 0 0 0 0 0 3 0 40920 40909 0 0 165 0 0 0 40601980 12425067 0 0 0 0 0 21453797 0 0 0 
0 0 0 0 0 0 0 0 0 0 0 0 0 0 0 0 0 0 0 0 0 0 0 3 0 40976 40965 0 0 165 0 0 0 40631898 12434997 0 0 0 0 0 21470169 0 0 0 
0 0 0 0 0 0 0 0 0 0 0 0 0 0 0 0 0 0 0 0 0 0 0 3 0 40984 40973 0 0 165 0 0 0 40653508 12438943 0 0 0 0 0 21485912 0 0 0 
0 0 0 0 0 0 0 0 0 0 0 0 0 0 0 0 0 0 0 0 0 0 0 3 0 41039 41025 0 0 165 0 0 0 40684007 12444943 0 0 0 0 0 21502202 0 0 0 
0 0 0 0 0 0 0 0 0 0 0 0 0 0 0 0 0 0 0 0 0 0 0 3 0 41044 41033 0 0 165 0 0 0 40709044 12450887 0 0 0 0 0 21521001 0 0 0 
0 0 0 0 0 0 0 0 0 0 0 0 0 0 0 0 0 0 0 0 0 0 0 3 0 41100 41089 0 0 165 0 0 0 40736587 12454886 0 0 0 0 0 21535200 0 0 0 
0 0 0 0 0 0 0 0 0 0 0 0 0 0 0 0 0 0 0 0 0 0 0 3 0 41127 41113 0 0 165 0 0 0 40766836 12463682 0 0 0 0 0 21552495 0 0 0 
0 0 0 0 0 0 0 0 0 0 0 0 0 0 0 0 0 0 0 0 0 0 0 3 0 41163 41149 0 0 165 0 0 0 40788066 12464865 0 0 0 0 0 21568859 0 0 0 
0 0 0 0 0 0 0 0 0 0 0 0 0 0 0 0 0 0 0 0 0 0 0 3 0 41216 41205 0 0 165 0 0 0 40819901 12474788 0 0 0 0 0 21586450 0 0 0 
0 0 0 0 0 0 0 0 0 0 0 0 0 0 0 0 0 0 0 0 0 0 0 3 0 41224 41213 0 0 165 0 0 0 40839057 12480318 0 0 0 0 0 21599767 0 0 0 
0 0 0 0 0 0 0 0 0 0 0 0 0 0 0 0 0 0 0 0 0 0 0 3 0 41280 41269 0 0 165 0 0 0 40868578 12484735 0 0 0 0 0 21614308 0 0 0 
0 0 0 0 0 0 0 0 0 0 0 0 0 0 0 0 0 0 0 0 0 0 0 3 0 41308 41297 0 0 165 0 0 0 40900368 12493507 0 0 0 0 0 21631538 0 0 0 
0 0 0 0 0 0 0 0 0 0 0 0 0 0 0 0 0 0 0 0 0 0 0 3 0 41343 41329 0 0 165 0 0 0 40918934 12494687 0 0 0 0 0 21642021 0 0 0 
0 0 0 0 0 0 0 0 0 0 0 0 0 0 0 0 0 0 0 0 0 0 0 3 0 41396 41385 0 0 165 0 0 0 40952339 12504610 0 0 0 0 0 21660093 0 0 0 
0 0 0 0 0 0 0 0 0 0 0 0 0 0 0 0 0 0 0 0 0 0 0 3 0 41404 41393 0 0 165 0 0 0 40973137 12510538 0 0 0 0 0 21674271 0 0 0 
0 0 0 0 0 0 0 0 0 0 0 0 0 0 0 0 0 0 0 0 0 0 0 3 0 41460 41449 0 0 165 0 0 0 40998192 12514557 0 0 0 0 0 21685917 0 0 0 
0 0 0 0 0 0 0 0 0 0 0 0 0 0 0 0 0 0 0 0 0 0 0 3 0 41483 41469 0 0 165 0 0 0 41032327 12523255 0 0 0 0 0 21706007 0 0 0 
0 0 0 0 0 0 0 0 0 0 0 0 0 0 0 0 0 0 0 0 0 0 0 3 0 41524 41513 0 0 165 0 0 0 41046681 12525123 0 0 0 0 0 21714205 0 0 0 
0 0 0 0 0 0 0 0 0 0 0 0 0 0 0 0 0 0 0 0 0 0 0 3 0 41576 41565 0 0 165 0 0 0 41082426 12534427 0 0 0 0 0 21734970 0 0 0 
0 0 0 0 0 0 0 0 0 0 0 0 0 0 0 0 0 0 0 0 0 0 0 3 0 41584 41573 0 0 165 0 0 0 41104110 12540377 0 0 0 0 0 21747864 0 0 0 
0 0 0 0 0 0 0 0 0 0 0 0 0 0 0 0 0 0 0 0 0 0 0 3 0 41640 41629 0 0 165 0 0 0 41130851 12544376 0 0 0 0 0 21762785 0 0 0 
0 0 0 0 0 0 0 0 0 0 0 0 0 0 0 0 0 0 0 0 0 0 0 3 0 41680 41669 0 0 165 0 0 0 41161508 12553380 0 0 0 0 0 21779971 0 0 0 
0 0 0 0 0 0 0 0 0 0 0 0 0 0 0 0 0 0 0 0 0 0 0 3 0 41704 41693 0 0 165 0 0 0 41182440 12557933 0 0 0 0 0 21795244 0 0 0 
0 0 0 0 0 0 0 0 0 0 0 0 0 0 0 0 0 0 0 0 0 0 0 3 0 41756 41745 0 0 165 0 0 0 41214355 12564245 0 0 0 0 0 21813037 0 0 0 
0 0 0 0 0 0 0 0 0 0 0 0 0 0 0 0 0 0 0 0 0 0 0 3 0 41767 41753 0 0 165 0 0 0 41240731 12570201 0 0 0 0 0 21828568 0 0 0 
0 0 0 0 0 0 0 0 0 0 0 0 0 0 0 0 0 0 0 0 0 0 0 3 0 41820 41808 0 0 165 0 0 0 41270713 12574194 0 0 0 0 0 21850178 0 0 0 
0 0 0 0 0 0 0 0 0 0 0 0 0 0 0 0 0 0 0 0 0 0 0 3 0 41876 41864 0 0 165 0 0 0 41303181 12584123 0 0 0 0 0 21869135 0 0 0 
0 0 0 0 0 0 0 0 0 0 0 0 0 0 0 0 0 0 0 0 0 0 0 3 0 41884 41872 0 0 165 0 0 0 41325245 12589762 0 0 0 0 0 21885941 0 0 0 
0 0 0 0 0 0 0 0 0 0 0 0 0 0 0 0 0 0 0 0 0 0 0 3 0 41940 41928 0 0 165 0 0 0 41353059 12594069 0 0 0 0 0 21899599 0 0 0 
0 0 0 0 0 0 0 0 0 0 0 0 0 0 0 0 0 0 0 0 0 0 0 3 0 41960 41948 0 0 165 0 0 0 41386040 12602601 0 0 0 0 0 21918345 0 0 0 
0 0 0 0 0 0 0 0 0 0 0 0 0 0 0 0 0 0 0 0 0 0 0 3 0 42000 41988 0 0 165 0 0 0 41409553 12604010 0 0 0 0 0 21936777 0 0 0 
0 0 0 0 0 0 0 0 0 0 0 0 0 0 0 0 0 0 0 0 0 0 0 3 0 42056 42044 0 0 165 0 0 0 41441699 12613948 0 0 0 0 0 21954653 0 0 0 
0 0 0 0 0 0 0 0 0 0 0 0 0 0 0 0 0 0 0 0 0 0 0 3 0 42064 42052 0 0 165 0 0 0 41464123 12619543 0 0 0 0 0 21971805 0 0 0 
0 0 0 0 0 0 0 0 0 0 0 0 0 0 0 0 0 0 0 0 0 0 0 3 0 42120 42108 0 0 165 0 0 0 41493838 12623895 0 0 0 0 0 21987189 0 0 0 
0 0 0 0 0 0 0 0 0 0 0 0 0 0 0 0 0 0 0 0 0 0 0 3 0 42136 42124 0 0 165 0 0 0 41528452 12632423 0 0 0 0 0 22007737 0 0 0 
0 0 0 0 0 0 0 0 0 0 0 0 0 0 0 0 0 0 0 0 0 0 0 3 0 42182 42168 0 0 165 0 0 0 41548926 12633841 0 0 0 0 0 22023311 0 0 0 
0 0 0 0 0 0 0 0 0 0 0 0 0 0 0 0 0 0 0 0 0 0 0 3 0 42236 42224 0 0 165 0 0 0 41579740 12643766 0 0 0 0 0 22040441 0 0 0 
0 0 0 0 0 0 0 0 0 0 0 0 0 0 0 0 0 0 0 0 0 0 0 3 0 42244 42232 0 0 165 0 0 0 41601621 12646483 0 0 0 0 0 22056891 0 0 0 
0 0 0 0 0 0 0 0 0 0 0 0 0 0 0 0 0 0 0 0 0 0 0 3 0 42296 42284 0 0 165 0 0 0 41635141 12653705 0 0 0 0 0 22076195 0 0 0 
0 0 0 0 0 0 0 0 0 0 0 0 0 0 0 0 0 0 0 0 0 0 0 3 0 42304 42292 0 0 165 0 0 0 41652791 12659571 0 0 0 0 0 22089180 0 0 0 
0 0 0 0 0 0 0 0 0 0 0 0 0 0 0 0 0 0 0 0 0 0 0 3 0 42360 42348 0 0 165 0 0 0 41684908 12663652 0 0 0 0 0 22108092 0 0 0 
0 0 0 0 0 0 0 0 0 0 0 0 0 0 0 0 0 0 0 0 0 0 0 3 0 42367 42352 0 0 165 0 0 0 41706940 12669600 0 0 0 0 0 22119481 0 0 0 
0 0 0 0 0 0 0 0 0 0 0 0 0 0 0 0 0 0 0 0 0 0 0 3 0 42420 42408 0 0 165 0 0 0 41735182 12673594 0 0 0 0 0 22139151 0 0 0 
0 0 0 0 0 0 0 0 0 0 0 0 0 0 0 0 0 0 0 0 0 0 0 3 0 42476 42464 0 0 165 0 0 0 41766971 12683523 0 0 0 0 0 22156227 0 0 0 
0 0 0 0 0 0 0 0 0 0 0 0 0 0 0 0 0 0 0 0 0 0 0 3 0 42484 42472 0 0 165 0 0 0 41788435 12689473 0 0 0 0 0 22169400 0 0 0 
0 0 0 0 0 0 0 0 0 0 0 0 0 0 0 0 0 0 0 0 0 0 0 3 0 42540 42528 0 0 165 0 0 0 41817145 12693472 0 0 0 0 0 22186983 0 0 0 
0 0 0 0 0 0 0 0 0 0 0 0 0 0 0 0 0 0 0 0 0 0 0 3 0 42563 42548 0 0 165 0 0 0 41846649 12702227 0 0 0 0 0 22203286 0 0 0 
0 0 0 0 0 0 0 0 0 0 0 0 0 0 0 0 0 0 0 0 0 0 0 3 0 42600 42588 0 0 165 0 0 0 41869097 12703410 0 0 0 0 0 22218805 0 0 0 
0 0 0 0 0 0 0 0 0 0 0 0 0 0 0 0 0 0 0 0 0 0 0 3 0 42656 42644 0 0 165 0 0 0 41902031 12713339 0 0 0 0 0 22237740 0 0 0 
0 0 0 0 0 0 0 0 0 0 0 0 0 0 0 0 0 0 0 0 0 0 0 3 0 42664 42652 0 0 165 0 0 0 41924455 12718557 0 0 0 0 0 22255894 0 0 0 
0 0 0 0 0 0 0 0 0 0 0 0 0 0 0 0 0 0 0 0 0 0 0 3 0 42719 42704 0 0 165 0 0 0 41955567 12723284 0 0 0 0 0 22272801 0 0 0 
0 0 0 0 0 0 0 0 0 0 0 0 0 0 0 0 0 0 0 0 0 0 0 3 0 42728 42716 0 0 165 0 0 0 41982261 12729575 0 0 0 0 0 22287837 0 0 0 
0 0 0 0 0 0 0 0 0 0 0 0 0 0 0 0 0 0 0 0 0 0 0 3 0 42780 42768 0 0 165 0 0 0 42010690 12733227 0 0 0 0 0 22308720 0 0 0 
0 0 0 0 0 0 0 0 0 0 0 0 0 0 0 0 0 0 0 0 0 0 0 3 0 42836 42824 0 0 165 0 0 0 42042290 12743156 0 0 0 0 0 22325621 0 0 0 
0 0 0 0 0 0 0 0 0 0 0 0 0 0 0 0 0 0 0 0 0 0 0 3 0 42844 42832 0 0 165 0 0 0 42064393 12749106 0 0 0 0 0 22341083 0 0 0 
0 0 0 0 0 0 0 0 0 0 0 0 0 0 0 0 0 0 0 0 0 0 0 3 0 42900 42888 0 0 165 0 0 0 42092081 12753105 0 0 0 0 0 22354859 0 0 0 
0 0 0 0 0 0 0 0 0 0 0 0 0 0 0 0 0 0 0 0 0 0 0 3 0 42956 42944 0 0 165 0 0 0 42122195 12763034 0 0 0 0 0 22370990 0 0 0 
0 0 0 0 0 0 0 0 0 0 0 0 0 0 0 0 0 0 0 0 0 0 0 3 0 42964 42952 0 0 165 0 0 0 42143054 12768896 0 0 0 0 0 22385585 0 0 0 
0 0 0 0 0 0 0 0 0 0 0 0 0 0 0 0 0 0 0 0 0 0 0 3 0 43020 43008 0 0 165 0 0 0 42172115 12772985 0 0 0 0 0 22399677 0 0 0 
0 0 0 0 0 0 0 0 0 0 0 0 0 0 0 0 0 0 0 0 0 0 0 3 0 43076 43064 0 0 165 0 0 0 42204427 12782914 0 0 0 0 0 22417857 0 0 0 
0 0 0 0 0 0 0 0 0 0 0 0 0 0 0 0 0 0 0 0 0 0 0 3 0 43084 43072 0 0 165 0 0 0 42223345 12788030 0 0 0 0 0 22429921 0 0 0 
0 0 0 0 0 0 0 0 0 0 0 0 0 0 0 0 0 0 0 0 0 0 0 3 0 43139 43124 0 0 165 0 0 0 42251876 12792865 0 0 0 0 0 22443906 0 0 0 
0 0 0 0 0 0 0 0 0 0 0 0 0 0 0 0 0 0 0 0 0 0 0 3 0 43160 43148 0 0 165 0 0 0 42285219 12801399 0 0 0 0 0 22462279 0 0 0 
0 0 0 0 0 0 0 0 0 0 0 0 0 0 0 0 0 0 0 0 0 0 0 3 0 43203 43188 0 0 165 0 0 0 42299104 12802814 0 0 0 0 0 22470789 0 0 0 
0 0 0 0 0 0 0 0 0 0 0 0 0 0 0 0 0 0 0 0 0 0 0 3 0 43256 43244 0 0 165 0 0 0 42335890 12812737 0 0 0 0 0 22492456 0 0 0 
0 0 0 0 0 0 0 0 0 0 0 0 0 0 0 0 0 0 0 0 0 0 0 3 0 43264 43252 0 0 165 0 0 0 42358676 12818687 0 0 0 0 0 22505728 0 0 0 
0 0 0 0 0 0 0 0 0 0 0 0 0 0 0 0 0 0 0 0 0 0 0 3 0 43320 43308 0 0 165 0 0 0 42386060 12822686 0 0 0 0 0 22521990 0 0 0 
0 0 0 0 0 0 0 0 0 0 0 0 0 0 0 0 0 0 0 0 0 0 0 3 0 43360 43348 0 0 165 0 0 0 42418119 12831690 0 0 0 0 0 22540534 0 0 0 
0 0 0 0 0 0 0 0 0 0 0 0 0 0 0 0 0 0 0 0 0 0 0 3 0 43384 43372 0 0 165 0 0 0 42439279 12834159 0 0 0 0 0 22555678 0 0 0 
0 0 0 0 0 0 0 0 0 0 0 0 0 0 0 0 0 0 0 0 0 0 0 3 0 43436 43424 0 0 165 0 0 0 42474981 12842552 0 0 0 0 0 22577439 0 0 0 
0 0 0 0 0 0 0 0 0 0 0 0 0 0 0 0 0 0 0 0 0 0 0 3 0 43444 43432 0 0 165 0 0 0 42497243 12848298 0 0 0 0 0 22594127 0 0 0 
0 0 0 0 0 0 0 0 0 0 0 0 0 0 0 0 0 0 0 0 0 0 0 3 0 43500 43488 0 0 165 0 0 0 42527431 12852499 0 0 0 0 0 22610589 0 0 0 
0 0 0 0 0 0 0 0 0 0 0 0 0 0 0 0 0 0 0 0 0 0 0 3 0 43506 43492 0 0 165 0 0 0 42554051 12858448 0 0 0 0 0 22626405 0 0 0 
0 0 0 0 0 0 0 0 0 0 0 0 0 0 0 0 0 0 0 0 0 0 0 3 0 43560 43548 0 0 165 0 0 0 42582795 12862445 0 0 0 0 0 22646373 0 0 0 
0 0 0 0 0 0 0 0 0 0 0 0 0 0 0 0 0 0 0 0 0 0 0 3 0 43616 43604 0 0 165 0 0 0 42614002 12872374 0 0 0 0 0 22664441 0 0 0 
0 0 0 0 0 0 0 0 0 0 0 0 0 0 0 0 0 0 0 0 0 0 0 3 0 43624 43612 0 0 165 0 0 0 42637036 12876142 0 0 0 0 0 22682165 0 0 0 
0 0 0 0 0 0 0 0 0 0 0 0 0 0 0 0 0 0 0 0 0 0 0 3 0 43676 43664 0 0 165 0 0 0 42673141 12882313 0 0 0 0 0 22704197 0 0 0 
0 0 0 0 0 0 0 0 0 0 0 0 0 0 0 0 0 0 0 0 0 0 0 3 0 43684 43672 0 0 165 0 0 0 42697989 12888263 0 0 0 0 0 22718881 0 0 0 
0 0 0 0 0 0 0 0 0 0 0 0 0 0 0 0 0 0 0 0 0 0 0 3 0 43740 43728 0 0 165 0 0 0 42727534 12892263 0 0 0 0 0 22739245 0 0 0 
0 0 0 0 0 0 0 0 0 0 0 0 0 0 0 0 0 0 0 0 0 0 0 3 0 43796 43784 0 0 165 0 0 0 42760485 12902192 0 0 0 0 0 22758903 0 0 0 
0 0 0 0 0 0 0 0 0 0 0 0 0 0 0 0 0 0 0 0 0 0 0 3 0 43804 43792 0 0 165 0 0 0 42777643 12904355 0 0 0 0 0 22770310 0 0 0 
0 0 0 0 0 0 0 0 0 0 0 0 0 0 0 0 0 0 0 0 0 0 0 3 0 43856 43844 0 0 165 0 0 0 42813764 12912131 0 0 0 0 0 22792561 0 0 0 
0 0 0 0 0 0 0 0 0 0 0 0 0 0 0 0 0 0 0 0 0 0 0 3 0 43864 43852 0 0 165 0 0 0 42836909 12918081 0 0 0 0 0 22809224 0 0 0 
0 0 0 0 0 0 0 0 0 0 0 0 0 0 0 0 0 0 0 0 0 0 0 3 0 43920 43908 0 0 165 0 0 0 42865876 12922081 0 0 0 0 0 22826087 0 0 0 
0 0 0 0 0 0 0 0 0 0 0 0 0 0 0 0 0 0 0 0 0 0 0 3 0 43944 43932 0 0 165 0 0 0 42897962 12930840 0 0 0 0 0 22845063 0 0 0 
0 0 0 0 0 0 0 0 0 0 0 0 0 0 0 0 0 0 0 0 0 0 0 3 0 43984 43972 0 0 165 0 0 0 42916449 12934885 0 0 0 0 0 22856979 0 0 0 
0 0 0 0 0 0 0 0 0 0 0 0 0 0 0 0 0 0 0 0 0 0 0 3 0 44036 44024 0 0 165 0 0 0 42950768 12941950 0 0 0 0 0 22876416 0 0 0 
0 0 0 0 0 0 0 0 0 0 0 0 0 0 0 0 0 0 0 0 0 0 0 3 0 44044 44032 0 0 165 0 0 0 42972429 12947900 0 0 0 0 0 22889761 0 0 0 
0 0 0 0 0 0 0 0 0 0 0 0 0 0 0 0 0 0 0 0 0 0 0 3 0 44100 44088 0 0 165 0 0 0 42999259 12951897 0 0 0 0 0 22904990 0 0 0 
0 0 0 0 0 0 0 0 0 0 0 0 0 0 0 0 0 0 0 0 0 0 0 3 0 44124 44112 0 0 165 0 0 0 43032426 12960656 0 0 0 0 0 22924280 0 0 0 
0 0 0 0 0 0 0 0 0 0 0 0 0 0 0 0 0 0 0 0 0 0 0 3 0 44164 44152 0 0 165 0 0 0 43053204 12963181 0 0 0 0 0 22939057 0 0 0 
0 0 0 0 0 0 0 0 0 0 0 0 0 0 0 0 0 0 0 0 0 0 0 3 0 44216 44204 0 0 165 0 0 0 43087338 12971768 0 0 0 0 0 22958572 0 0 0 
0 0 0 0 0 0 0 0 0 0 0 0 0 0 0 0 0 0 0 0 0 0 0 3 0 44224 44212 0 0 165 0 0 0 43112497 12977718 0 0 0 0 0 22975751 0 0 0 
0 0 0 0 0 0 0 0 0 0 0 0 0 0 0 0 0 0 0 0 0 0 0 3 0 44280 44268 0 0 165 0 0 0 43139499 12981717 0 0 0 0 0 22992197 0 0 0 
0 0 0 0 0 0 0 0 0 0 0 0 0 0 0 0 0 0 0 0 0 0 0 3 0 44312 44296 0 0 165 0 0 0 43170488 12990711 0 0 0 0 0 23009953 0 0 0 
0 0 0 0 0 0 0 0 0 0 0 0 0 0 0 0 0 0 0 0 0 0 0 3 0 44343 44328 0 0 165 0 0 0 43189544 12991662 0 0 0 0 0 23024070 0 0 0 
0 0 0 0 0 0 0 0 0 0 0 0 0 0 0 0 0 0 0 0 0 0 0 3 0 44396 44384 0 0 165 0 0 0 43225326 13001586 0 0 0 0 0 23045325 0 0 0 
0 0 0 0 0 0 0 0 0 0 0 0 0 0 0 0 0 0 0 0 0 0 0 3 0 44404 44392 0 0 165 0 0 0 43246664 13007346 0 0 0 0 0 23062314 0 0 0 
0 0 0 0 0 0 0 0 0 0 0 0 0 0 0 0 0 0 0 0 0 0 0 3 0 44459 44444 0 0 165 0 0 0 43276776 13011531 0 0 0 0 0 23078123 0 0 0 
0 0 0 0 0 0 0 0 0 0 0 0 0 0 0 0 0 0 0 0 0 0 0 3 0 44464 44452 0 0 165 0 0 0 43303599 13017475 0 0 0 0 0 23094601 0 0 0 
0 0 0 0 0 0 0 0 0 0 0 0 0 0 0 0 0 0 0 0 0 0 0 3 0 44520 44508 0 0 165 0 0 0 43331891 13021474 0 0 0 0 0 23113451 0 0 0 
0 0 0 0 0 0 0 0 0 0 0 0 0 0 0 0 0 0 0 0 0 0 0 3 0 44576 44564 0 0 165 0 0 0 43364617 13031404 0 0 0 0 0 23132021 0 0 0 
0 0 0 0 0 0 0 0 0 0 0 0 0 0 0 0 0 0 0 0 0 0 0 3 0 44584 44572 0 0 165 0 0 0 43386309 13035476 0 0 0 0 0 23148869 0 0 0 
0 0 0 0 0 0 0 0 0 0 0 0 0 0 0 0 0 0 0 0 0 0 0 3 0 44640 44628 0 0 165 0 0 0 43416377 13041351 0 0 0 0 0 23164289 0 0 0 
0 0 0 0 0 0 0 0 0 0 0 0 0 0 0 0 0 0 0 0 0 0 0 3 0 44648 44636 0 0 165 0 0 0 43444432 13047982 0 0 0 0 0 23180250 0 0 0 
0 0 0 0 0 0 0 0 0 0 0 0 0 0 0 0 0 0 0 0 0 0 0 3 0 44700 44688 0 0 165 0 0 0 43469858 13051292 0 0 0 0 0 23198079 0 0 0 
0 0 0 0 0 0 0 0 0 0 0 0 0 0 0 0 0 0 0 0 0 0 0 3 0 44756 44744 0 0 165 0 0 0 43503197 13061221 0 0 0 0 0 23216329 0 0 0 
0 0 0 0 0 0 0 0 0 0 0 0 0 0 0 0 0 0 0 0 0 0 0 3 0 44764 44752 0 0 165 0 0 0 43524869 13067171 0 0 0 0 0 23233182 0 0 0 
0 0 0 0 0 0 0 0 0 0 0 0 0 0 0 0 0 0 0 0 0 0 0 3 0 44820 44808 0 0 165 0 0 0 43551400 13071168 0 0 0 0 0 23246445 0 0 0 
0 0 0 0 0 0 0 0 0 0 0 0 0 0 0 0 0 0 0 0 0 0 0 3 0 44827 44812 0 0 165 0 0 0 43576503 13077116 0 0 0 0 0 23261006 0 0 0 
0 0 0 0 0 0 0 0 0 0 0 0 0 0 0 0 0 0 0 0 0 0 0 3 0 44880 44868 0 0 165 0 0 0 43599307 13081109 0 0 0 0 0 23274684 0 0 0 
0 0 0 0 0 0 0 0 0 0 0 0 0 0 0 0 0 0 0 0 0 0 0 3 0 44908 44896 0 0 165 0 0 0 43631011 13089875 0 0 0 0 0 23292717 0 0 0 
0 0 0 0 0 0 0 0 0 0 0 0 0 0 0 0 0 0 0 0 0 0 0 3 0 44944 44932 0 0 165 0 0 0 43649948 13095747 0 0 0 0 0 23304909 0 0 0 
0 0 0 0 0 0 0 0 0 0 0 0 0 0 0 0 0 0 0 0 0 0 0 3 0 45000 44988 0 0 165 0 0 0 43679765 13100987 0 0 0 0 0 23320060 0 0 0 
0 0 0 0 0 0 0 0 0 0 0 0 0 0 0 0 0 0 0 0 0 0 0 3 0 45020 45008 0 0 165 0 0 0 43713429 13109518 0 0 0 0 0 23339171 0 0 0 
0 0 0 0 0 0 0 0 0 0 0 0 0 0 0 0 0 0 0 0 0 0 0 3 0 45064 45052 0 0 165 0 0 0 43730038 13113735 0 0 0 0 0 23348923 0 0 0 
0 0 0 0 0 0 0 0 0 0 0 0 0 0 0 0 0 0 0 0 0 0 0 3 0 45119 45104 0 0 165 0 0 0 43760682 13120864 0 0 0 0 0 23365110 0 0 0 
0 0 0 0 0 0 0 0 0 0 0 0 0 0 0 0 0 0 0 0 0 0 0 3 0 45128 45116 0 0 165 0 0 0 43787471 13127046 0 0 0 0 0 23379956 0 0 0 
0 0 0 0 0 0 0 0 0 0 0 0 0 0 0 0 0 0 0 0 0 0 0 3 0 45184 45172 0 0 165 0 0 0 43810235 13132410 0 0 0 0 0 23393455 0 0 0 
0 0 0 0 0 0 0 0 0 0 0 0 0 0 0 0 0 0 0 0 0 0 0 3 0 45236 45224 0 0 165 0 0 0 43844085 13140738 0 0 0 0 0 23412869 0 0 0 
0 0 0 0 0 0 0 0 0 0 0 0 0 0 0 0 0 0 0 0 0 0 0 3 0 45244 45232 0 0 165 0 0 0 43868813 13146688 0 0 0 0 0 23427684 0 0 0 
0 0 0 0 0 0 0 0 0 0 0 0 0 0 0 0 0 0 0 0 0 0 0 3 0 45300 45288 0 0 165 0 0 0 43895312 13150687 0 0 0 0 0 23444310 0 0 0 
0 0 0 0 0 0 0 0 0 0 0 0 0 0 0 0 0 0 0 0 0 0 0 3 0 45356 45344 0 0 165 0 0 0 43926882 13160616 0 0 0 0 0 23461832 0 0 0 
0 0 0 0 0 0 0 0 0 0 0 0 0 0 0 0 0 0 0 0 0 0 0 3 0 45364 45352 0 0 165 0 0 0 43948515 13163109 0 0 0 0 0 23477615 0 0 0 
0 0 0 0 0 0 0 0 0 0 0 0 0 0 0 0 0 0 0 0 0 0 0 3 0 45416 45404 0 0 165 0 0 0 43983304 13170556 0 0 0 0 0 23498118 0 0 0 
0 0 0 0 0 0 0 0 0 0 0 0 0 0 0 0 0 0 0 0 0 0 0 3 0 45424 45412 0 0 165 0 0 0 44006864 13176506 0 0 0 0 0 23510789 0 0 0 
0 0 0 0 0 0 0 0 0 0 0 0 0 0 0 0 0 0 0 0 0 0 0 3 0 45480 45468 0 0 165 0 0 0 44034468 13180505 0 0 0 0 0 23529601 0 0 0 
0 0 0 0 0 0 0 0 0 0 0 0 0 0 0 0 0 0 0 0 0 0 0 3 0 45536 45524 0 0 165 0 0 0 44066649 13190441 0 0 0 0 0 23547737 0 0 0 
0 0 0 0 0 0 0 0 0 0 0 0 0 0 0 0 0 0 0 0 0 0 0 3 0 45543 45528 0 0 165 0 0 0 44087468 13190457 0 0 0 0 0 23562892 0 0 0 
0 0 0 0 0 0 0 0 0 0 0 0 0 0 0 0 0 0 0 0 0 0 0 3 0 45596 45584 0 0 165 0 0 0 44123253 13200380 0 0 0 0 0 23583369 0 0 0 
0 0 0 0 0 0 0 0 0 0 0 0 0 0 0 0 0 0 0 0 0 0 0 3 0 45604 45592 0 0 165 0 0 0 44146418 13206331 0 0 0 0 0 23597904 0 0 0 
0 0 0 0 0 0 0 0 0 0 0 0 0 0 0 0 0 0 0 0 0 0 0 3 0 45660 45648 0 0 165 0 0 0 44173454 13210330 0 0 0 0 0 23612705 0 0 0 
0 0 0 0 0 0 0 0 0 0 0 0 0 0 0 0 0 0 0 0 0 0 0 3 0 45680 45668 0 0 165 0 0 0 44207088 13218862 0 0 0 0 0 23632294 0 0 0 
0 0 0 0 0 0 0 0 0 0 0 0 0 0 0 0 0 0 0 0 0 0 0 3 0 45720 45708 0 0 165 0 0 0 44226146 13220271 0 0 0 0 0 23643933 0 0 0 
0 0 0 0 0 0 0 0 0 0 0 0 0 0 0 0 0 0 0 0 0 0 0 3 0 45776 45764 0 0 165 0 0 0 44257991 13230200 0 0 0 0 0 23661214 0 0 0 
0 0 0 0 0 0 0 0 0 0 0 0 0 0 0 0 0 0 0 0 0 0 0 3 0 45784 45772 0 0 165 0 0 0 44276556 13234236 0 0 0 0 0 23676020 0 0 0 
0 0 0 0 0 0 0 0 0 0 0 0 0 0 0 0 0 0 0 0 0 0 0 3 0 45836 45824 0 0 165 0 0 0 44309345 13240139 0 0 0 0 0 23694844 0 0 0 
0 0 0 0 0 0 0 0 0 0 0 0 0 0 0 0 0 0 0 0 0 0 0 3 0 45847 45832 0 0 165 0 0 0 44335227 13246095 0 0 0 0 0 23709652 0 0 0 
0 0 0 0 0 0 0 0 0 0 0 0 0 0 0 0 0 0 0 0 0 0 0 3 0 45900 45888 0 0 165 0 0 0 44360642 13250089 0 0 0 0 0 23726488 0 0 0 
0 0 0 0 0 0 0 0 0 0 0 0 0 0 0 0 0 0 0 0 0 0 0 3 0 45956 45944 0 0 165 0 0 0 44394484 13260018 0 0 0 0 0 23746409 0 0 0 
0 0 0 0 0 0 0 0 0 0 0 0 0 0 0 0 0 0 0 0 0 0 0 3 0 45964 45952 0 0 165 0 0 0 44417832 13265162 0 0 0 0 0 23764815 0 0 0 
0 0 0 0 0 0 0 0 0 0 0 0 0 0 0 0 0 0 0 0 0 0 0 3 0 46020 46008 0 0 165 0 0 0 44447620 13269966 0 0 0 0 0 23779802 0 0 0 
0 0 0 0 0 0 0 0 0 0 0 0 0 0 0 0 0 0 0 0 0 0 0 3 0 46040 46028 0 0 165 0 0 0 44482329 13278499 0 0 0 0 0 23799725 0 0 0 
0 0 0 0 0 0 0 0 0 0 0 0 0 0 0 0 0 0 0 0 0 0 0 3 0 46084 46072 0 0 165 0 0 0 44499663 13281953 0 0 0 0 0 23810827 0 0 0 
0 0 0 0 0 0 0 0 0 0 0 0 0 0 0 0 0 0 0 0 0 0 0 3 0 46136 46124 0 0 165 0 0 0 44533348 13289838 0 0 0 0 0 23830237 0 0 0 
0 0 0 0 0 0 0 0 0 0 0 0 0 0 0 0 0 0 0 0 0 0 0 3 0 46144 46132 0 0 165 0 0 0 44553373 13295603 0 0 0 0 0 23846027 0 0 0 
0 0 0 0 0 0 0 0 0 0 0 0 0 0 0 0 0 0 0 0 0 0 0 3 0 46200 46188 0 0 165 0 0 0 44582922 13299788 0 0 0 0 0 23861272 0 0 0 
0 0 0 0 0 0 0 0 0 0 0 0 0 0 0 0 0 0 0 0 0 0 0 3 0 46223 46208 0 0 165 0 0 0 44616303 13308321 0 0 0 0 0 23880841 0 0 0 
0 0 0 0 0 0 0 0 0 0 0 0 0 0 0 0 0 0 0 0 0 0 0 3 0 46264 46252 0 0 165 0 0 0 44634646 13313413 0 0 0 0 0 23892888 0 0 0 
0 0 0 0 0 0 0 0 0 0 0 0 0 0 0 0 0 0 0 0 0 0 0 3 0 46319 46304 0 0 165 0 0 0 44663361 13319662 0 0 0 0 0 23907368 0 0 0 
0 0 0 0 0 0 0 0 0 0 0 0 0 0 0 0 0 0 0 0 0 0 0 3 0 46328 46316 0 0 165 0 0 0 44690988 13327559 0 0 0 0 0 23920769 0 0 0 
0 0 0 0 0 0 0 0 0 0 0 0 0 0 0 0 0 0 0 0 0 0 0 3 0 46383 46368 0 0 165 0 0 0 44710163 13329611 0 0 0 0 0 23933238 0 0 0 
0 0 0 0 0 0 0 0 0 0 0 0 0 0 0 0 0 0 0 0 0 0 0 3 0 46436 46424 0 0 165 0 0 0 44746835 13339534 0 0 0 0 0 23954971 0 0 0 
0 0 0 0 0 0 0 0 0 0 0 0 0 0 0 0 0 0 0 0 0 0 0 3 0 46444 46432 0 0 165 0 0 0 44770681 13345484 0 0 0 0 0 23971544 0 0 0 
0 0 0 0 0 0 0 0 0 0 0 0 0 0 0 0 0 0 0 0 0 0 0 3 0 46500 46488 0 0 165 0 0 0 44796900 13349484 0 0 0 0 0 23984944 0 0 0 
0 0 0 0 0 0 0 0 0 0 0 0 0 0 0 0 0 0 0 0 0 0 0 3 0 46556 46544 0 0 165 0 0 0 44828056 13359413 0 0 0 0 0 24002608 0 0 0 
0 0 0 0 0 0 0 0 0 0 0 0 0 0 0 0 0 0 0 0 0 0 0 3 0 46564 46552 0 0 165 0 0 0 44849154 13364996 0 0 0 0 0 24017818 0 0 0 
0 0 0 0 0 0 0 0 0 0 0 0 0 0 0 0 0 0 0 0 0 0 0 3 0 46620 46608 0 0 165 0 0 0 44878211 13369360 0 0 0 0 0 24032746 0 0 0 
0 0 0 0 0 0 0 0 0 0 0 0 0 0 0 0 0 0 0 0 0 0 0 3 0 46627 46612 0 0 165 0 0 0 44902329 13375308 0 0 0 0 0 24046491 0 0 0 
0 0 0 0 0 0 0 0 0 0 0 0 0 0 0 0 0 0 0 0 0 0 0 3 0 46680 46668 0 0 165 0 0 0 44925838 13379301 0 0 0 0 0 24060808 0 0 0 
0 0 0 0 0 0 0 0 0 0 0 0 0 0 0 0 0 0 0 0 0 0 0 3 0 46736 46724 0 0 165 0 0 0 44959822 13389230 0 0 0 0 0 24080281 0 0 0 
0 0 0 0 0 0 0 0 0 0 0 0 0 0 0 0 0 0 0 0 0 0 0 3 0 46744 46732 0 0 165 0 0 0 44980349 13394925 0 0 0 0 0 24096021 0 0 0 
0 0 0 0 0 0 0 0 0 0 0 0 0 0 0 0 0 0 0 0 0 0 0 3 0 46800 46788 0 0 165 0 0 0 45007461 13399177 0 0 0 0 0 24109773 0 0 0 
0 0 0 0 0 0 0 0 0 0 0 0 0 0 0 0 0 0 0 0 0 0 0 3 0 46824 46812 0 0 165 0 0 0 45039192 13407936 0 0 0 0 0 24127276 0 0 0 
0 0 0 0 0 0 0 0 0 0 0 0 0 0 0 0 0 0 0 0 0 0 0 3 0 46864 46852 0 0 165 0 0 0 45056483 13411185 0 0 0 0 0 24138595 0 0 0 
0 0 0 0 0 0 0 0 0 0 0 0 0 0 0 0 0 0 0 0 0 0 0 3 0 46916 46904 0 0 165 0 0 0 45090583 13419047 0 0 0 0 0 24158719 0 0 0 
0 0 0 0 0 0 0 0 0 0 0 0 0 0 0 0 0 0 0 0 0 0 0 3 0 46924 46912 0 0 165 0 0 0 45115574 13424997 0 0 0 0 0 24173294 0 0 0 
0 0 0 0 0 0 0 0 0 0 0 0 0 0 0 0 0 0 0 0 0 0 0 3 0 46980 46967 0 0 165 0 0 0 45136825 13428996 0 0 0 0 0 24185589 0 0 0 
0 0 0 0 0 0 0 0 0 0 0 0 0 0 0 0 0 0 0 0 0 0 0 3 0 47036 47023 0 0 165 0 0 0 45166902 13438965 0 0 0 0 0 24202075 0 0 0 
0 0 0 0 0 0 0 0 0 0 0 0 0 0 0 0 0 0 0 0 0 0 0 3 0 47044 47031 0 0 165 0 0 0 45188328 13444195 0 0 0 0 0 24218251 0 0 0 
0 0 0 0 0 0 0 0 0 0 0 0 0 0 0 0 0 0 0 0 0 0 0 3 0 47098 47083 0 0 165 0 0 0 45216719 13448908 0 0 0 0 0 24232688 0 0 0 
0 0 0 0 0 0 0 0 0 0 0 0 0 0 0 0 0 0 0 0 0 0 0 3 0 47104 47091 0 0 165 0 0 0 45239507 13454854 0 0 0 0 0 24244756 0 0 0 
0 0 0 0 0 0 0 0 0 0 0 0 0 0 0 0 0 0 0 0 0 0 0 3 0 47160 47147 0 0 165 0 0 0 45263698 13458853 0 0 0 0 0 24259606 0 0 0 
0 0 0 0 0 0 0 0 0 0 0 0 0 0 0 0 0 0 0 0 0 0 0 3 0 47216 47203 0 0 165 0 0 0 45295752 13468784 0 0 0 0 0 24277054 0 0 0 
0 0 0 0 0 0 0 0 0 0 0 0 0 0 0 0 0 0 0 0 0 0 0 3 0 47224 47211 0 0 165 0 0 0 45316916 13474734 0 0 0 0 0 24291105 0 0 0 
0 0 0 0 0 0 0 0 0 0 0 0 0 0 0 0 0 0 0 0 0 0 0 3 0 47280 47267 0 0 165 0 0 0 45342900 13478733 0 0 0 0 0 24303676 0 0 0 
0 0 0 0 0 0 0 0 0 0 0 0 0 0 0 0 0 0 0 0 0 0 0 3 0 47336 47323 0 0 165 0 0 0 45376800 13488663 0 0 0 0 0 24323535 0 0 0 
0 0 0 0 0 0 0 0 0 0 0 0 0 0 0 0 0 0 0 0 0 0 0 3 0 47344 47331 0 0 165 0 0 0 45398196 13494613 0 0 0 0 0 24338730 0 0 0 
0 0 0 0 0 0 0 0 0 0 0 0 0 0 0 0 0 0 0 0 0 0 0 3 0 47400 47387 0 0 165 0 0 0 45426616 13498615 0 0 0 0 0 24352598 0 0 0 
0 0 0 0 0 0 0 0 0 0 0 0 0 0 0 0 0 0 0 0 0 0 0 3 0 47456 47443 0 0 165 0 0 0 45458882 13508545 0 0 0 0 0 24371053 0 0 0 
0 0 0 0 0 0 0 0 0 0 0 0 0 0 0 0 0 0 0 0 0 0 0 3 0 47464 47451 0 0 165 0 0 0 45479980 13514254 0 0 0 0 0 24385817 0 0 0 
0 0 0 0 0 0 0 0 0 0 0 0 0 0 0 0 0 0 0 0 0 0 0 3 0 47520 47507 0 0 165 0 0 0 45507724 13518492 0 0 0 0 0 24399485 0 0 0 
0 0 0 0 0 0 0 0 0 0 0 0 0 0 0 0 0 0 0 0 0 0 0 3 0 47544 47531 0 0 165 0 0 0 45539228 13527251 0 0 0 0 0 24417082 0 0 0 
0 0 0 0 0 0 0 0 0 0 0 0 0 0 0 0 0 0 0 0 0 0 0 3 0 47584 47571 0 0 165 0 0 0 45557797 13532216 0 0 0 0 0 24429345 0 0 0 
0 0 0 0 0 0 0 0 0 0 0 0 0 0 0 0 0 0 0 0 0 0 0 3 0 47639 47623 0 0 165 0 0 0 45588594 13538372 0 0 0 0 0 24445853 0 0 0 
0 0 0 0 0 0 0 0 0 0 0 0 0 0 0 0 0 0 0 0 0 0 0 3 0 47646 47631 0 0 165 0 0 0 45614846 13544346 0 0 0 0 0 24461095 0 0 0 
0 0 0 0 0 0 0 0 0 0 0 0 0 0 0 0 0 0 0 0 0 0 0 3 0 47700 47687 0 0 165 0 0 0 45640455 13548351 0 0 0 0 0 24477544 0 0 0 
0 0 0 0 0 0 0 0 0 0 0 0 0 0 0 0 0 0 0 0 0 0 0 3 0 47756 47743 0 0 165 0 0 0 45673355 13558279 0 0 0 0 0 24496690 0 0 0 
0 0 0 0 0 0 0 0 0 0 0 0 0 0 0 0 0 0 0 0 0 0 0 3 0 47764 47751 0 0 165 0 0 0 45696458 13563048 0 0 0 0 0 24515419 0 0 0 
0 0 0 0 0 0 0 0 0 0 0 0 0 0 0 0 0 0 0 0 0 0 0 3 0 47816 47803 0 0 165 0 0 0 45730111 13568219 0 0 0 0 0 24534699 0 0 0 
0 0 0 0 0 0 0 0 0 0 0 0 0 0 0 0 0 0 0 0 0 0 0 3 0 47825 47811 0 0 165 0 0 0 45755873 13574171 0 0 0 0 0 24550058 0 0 0 
0 0 0 0 0 0 0 0 0 0 0 0 0 0 0 0 0 0 0 0 0 0 0 3 0 47880 47867 0 0 165 0 0 0 45783847 13578169 0 0 0 0 0 24569059 0 0 0 
0 0 0 0 0 0 0 0 0 0 0 0 0 0 0 0 0 0 0 0 0 0 0 3 0 47936 47923 0 0 165 0 0 0 45815533 13588100 0 0 0 0 0 24586381 0 0 0 
0 0 0 0 0 0 0 0 0 0 0 0 0 0 0 0 0 0 0 0 0 0 0 3 0 47944 47931 0 0 165 0 0 0 45836625 13593809 0 0 0 0 0 24603080 0 0 0 
0 0 0 0 0 0 0 0 0 0 0 0 0 0 0 0 0 0 0 0 0 0 0 3 0 48000 47987 0 0 165 0 0 0 45865779 13598048 0 0 0 0 0 24617022 0 0 0 
0 0 0 0 0 0 0 0 0 0 0 0 0 0 0 0 0 0 0 0 0 0 0 3 0 48026 48011 0 0 165 0 0 0 45898028 13606811 0 0 0 0 0 24635753 0 0 0 
0 0 0 0 0 0 0 0 0 0 0 0 0 0 0 0 0 0 0 0 0 0 0 3 0 48064 48051 0 0 165 0 0 0 45918062 13609015 0 0 0 0 0 24649974 0 0 0 
0 0 0 0 0 0 0 0 0 0 0 0 0 0 0 0 0 0 0 0 0 0 0 3 0 48116 48103 0 0 165 0 0 0 45951996 13617919 0 0 0 0 0 24669823 0 0 0 
0 0 0 0 0 0 0 0 0 0 0 0 0 0 0 0 0 0 0 0 0 0 0 3 0 48124 48111 0 0 165 0 0 0 45975906 13623869 0 0 0 0 0 24687718 0 0 0 
0 0 0 0 0 0 0 0 0 0 0 0 0 0 0 0 0 0 0 0 0 0 0 3 0 48180 48167 0 0 165 0 0 0 46005839 13627866 0 0 0 0 0 24705683 0 0 0 
0 0 0 0 0 0 0 0 0 0 0 0 0 0 0 0 0 0 0 0 0 0 0 3 0 48202 48187 0 0 165 0 0 0 46039108 13636623 0 0 0 0 0 24725160 0 0 0 
0 0 0 0 0 0 0 0 0 0 0 0 0 0 0 0 0 0 0 0 0 0 0 3 0 48244 48231 0 0 165 0 0 0 46058655 13639598 0 0 0 0 0 24738709 0 0 0 
0 0 0 0 0 0 0 0 0 0 0 0 0 0 0 0 0 0 0 0 0 0 0 3 0 48296 48283 0 0 165 0 0 0 46093908 13647736 0 0 0 0 0 24758657 0 0 0 
0 0 0 0 0 0 0 0 0 0 0 0 0 0 0 0 0 0 0 0 0 0 0 3 0 48304 48291 0 0 165 0 0 0 46117174 13652310 0 0 0 0 0 24777181 0 0 0 
0 0 0 0 0 0 0 0 0 0 0 0 0 0 0 0 0 0 0 0 0 0 0 3 0 48356 48343 0 0 165 0 0 0 46150060 13657675 0 0 0 0 0 24795770 0 0 0 
0 0 0 0 0 0 0 0 0 0 0 0 0 0 0 0 0 0 0 0 0 0 0 3 0 48364 48351 0 0 165 0 0 0 46172111 13663625 0 0 0 0 0 24810237 0 0 0 
0 0 0 0 0 0 0 0 0 0 0 0 0 0 0 0 0 0 0 0 0 0 0 3 0 48420 48407 0 0 165 0 0 0 46202022 13667622 0 0 0 0 0 24827826 0 0 0 
0 0 0 0 0 0 0 0 0 0 0 0 0 0 0 0 0 0 0 0 0 0 0 3 0 48444 48431 0 0 165 0 0 0 46234912 13676381 0 0 0 0 0 24846339 0 0 0 
0 0 0 0 0 0 0 0 0 0 0 0 0 0 0 0 0 0 0 0 0 0 0 3 0 48484 48471 0 0 165 0 0 0 46254680 13679651 0 0 0 0 0 24859861 0 0 0 
0 0 0 0 0 0 0 0 0 0 0 0 0 0 0 0 0 0 0 0 0 0 0 3 0 48536 48523 0 0 165 0 0 0 46286920 13687492 0 0 0 0 0 24877698 0 0 0 
0 0 0 0 0 0 0 0 0 0 0 0 0 0 0 0 0 0 0 0 0 0 0 3 0 48548 48535 0 0 165 0 0 0 46312740 13694391 0 0 0 0 0 24891270 0 0 0 
0 0 0 0 0 0 0 0 0 0 0 0 0 0 0 0 0 0 0 0 0 0 0 3 0 48600 48587 0 0 165 0 0 0 46336713 13697441 0 0 0 0 0 24906967 0 0 0 
0 0 0 0 0 0 0 0 0 0 0 0 0 0 0 0 0 0 0 0 0 0 0 3 0 48620 48607 0 0 165 0 0 0 46371981 13705971 0 0 0 0 0 24928886 0 0 0 
0 0 0 0 0 0 0 0 0 0 0 0 0 0 0 0 0 0 0 0 0 0 0 3 0 48664 48651 0 0 165 0 0 0 46389033 13711256 0 0 0 0 0 24939731 0 0 0 
0 0 0 0 0 0 0 0 0 0 0 0 0 0 0 0 0 0 0 0 0 0 0 3 0 48716 48703 0 0 165 0 0 0 46418881 13717311 0 0 0 0 0 24955050 0 0 0 
0 0 0 0 0 0 0 0 0 0 0 0 0 0 0 0 0 0 0 0 0 0 0 3 0 48727 48711 0 0 165 0 0 0 46443046 13723267 0 0 0 0 0 24967955 0 0 0 
0 0 0 0 0 0 0 0 0 0 0 0 0 0 0 0 0 0 0 0 0 0 0 3 0 48784 48771 0 0 165 0 0 0 46467261 13728582 0 0 0 0 0 24982557 0 0 0 
0 0 0 0 0 0 0 0 0 0 0 0 0 0 0 0 0 0 0 0 0 0 0 3 0 48836 48823 0 0 165 0 0 0 46502725 13737189 0 0 0 0 0 25003168 0 0 0 
0 0 0 0 0 0 0 0 0 0 0 0 0 0 0 0 0 0 0 0 0 0 0 3 0 48844 48831 0 0 165 0 0 0 46524869 13743139 0 0 0 0 0 25019707 0 0 0 
0 0 0 0 0 0 0 0 0 0 0 0 0 0 0 0 0 0 0 0 0 0 0 3 0 48900 48887 0 0 165 0 0 0 46553676 13747138 0 0 0 0 0 25033815 0 0 0 
0 0 0 0 0 0 0 0 0 0 0 0 0 0 0 0 0 0 0 0 0 0 0 3 0 48956 48943 0 0 165 0 0 0 46585041 13757067 0 0 0 0 0 25052370 0 0 0 
0 0 0 0 0 0 0 0 0 0 0 0 0 0 0 0 0 0 0 0 0 0 0 3 0 48964 48951 0 0 165 0 0 0 46606184 13762440 0 0 0 0 0 25067768 0 0 0 
0 0 0 0 0 0 0 0 0 0 0 0 0 0 0 0 0 0 0 0 0 0 0 3 0 49020 49007 0 0 165 0 0 0 46637117 13767014 0 0 0 0 0 25084565 0 0 0 
0 0 0 0 0 0 0 0 0 0 0 0 0 0 0 0 0 0 0 0 0 0 0 3 0 49038 49023 0 0 165 0 0 0 46671270 13775544 0 0 0 0 0 25104318 0 0 0 
0 0 0 0 0 0 0 0 0 0 0 0 0 0 0 0 0 0 0 0 0 0 0 3 0 49080 49067 0 0 165 0 0 0 46690064 13776955 0 0 0 0 0 25115317 0 0 0 
0 0 0 0 0 0 0 0 0 0 0 0 0 0 0 0 0 0 0 0 0 0 0 3 0 49136 49123 0 0 165 0 0 0 46723294 13786884 0 0 0 0 0 25134092 0 0 0 
0 0 0 0 0 0 0 0 0 0 0 0 0 0 0 0 0 0 0 0 0 0 0 3 0 49144 49131 0 0 165 0 0 0 46743840 13792834 0 0 0 0 0 25148161 0 0 0 
0 0 0 0 0 0 0 0 0 0 0 0 0 0 0 0 0 0 0 0 0 0 0 3 0 49200 49187 0 0 165 0 0 0 46773276 13796832 0 0 0 0 0 25163124 0 0 0 
0 0 0 0 0 0 0 0 0 0 0 0 0 0 0 0 0 0 0 0 0 0 0 3 0 49252 49239 0 0 165 0 0 0 46805558 13806757 0 0 0 0 0 25182282 0 0 0 
0 0 0 0 0 0 0 0 0 0 0 0 0 0 0 0 0 0 0 0 0 0 0 3 0 49264 49251 0 0 165 0 0 0 46827429 13810087 0 0 0 0 0 25198380 0 0 0 
0 0 0 0 0 0 0 0 0 0 0 0 0 0 0 0 0 0 0 0 0 0 0 3 0 49316 49303 0 0 165 0 0 0 46862592 13816725 0 0 0 0 0 25218678 0 0 0 
0 0 0 0 0 0 0 0 0 0 0 0 0 0 0 0 0 0 0 0 0 0 0 3 0 49324 49311 0 0 165 0 0 0 46884343 13822445 0 0 0 0 0 25235010 0 0 0 
0 0 0 0 0 0 0 0 0 0 0 0 0 0 0 0 0 0 0 0 0 0 0 3 0 49380 49367 0 0 165 0 0 0 46914261 13826672 0 0 0 0 0 25251207 0 0 0 
0 0 0 0 0 0 0 0 0 0 0 0 0 0 0 0 0 0 0 0 0 0 0 3 0 49396 49383 0 0 165 0 0 0 46948365 13835200 0 0 0 0 0 25270965 0 0 0 
0 0 0 0 0 0 0 0 0 0 0 0 0 0 0 0 0 0 0 0 0 0 0 3 0 49440 49427 0 0 165 0 0 0 46969100 13836613 0 0 0 0 0 25285367 0 0 0 
0 0 0 0 0 0 0 0 0 0 0 0 0 0 0 0 0 0 0 0 0 0 0 3 0 49496 49483 0 0 165 0 0 0 47001071 13846543 0 0 0 0 0 25303631 0 0 0 
0 0 0 0 0 0 0 0 0 0 0 0 0 0 0 0 0 0 0 0 0 0 0 3 0 49504 49491 0 0 165 0 0 0 47022627 13851684 0 0 0 0 0 25319526 0 0 0 
0 0 0 0 0 0 0 0 0 0 0 0 0 0 0 0 0 0 0 0 0 0 0 3 0 49556 49543 0 0 165 0 0 0 47054306 13856482 0 0 0 0 0 25337178 0 0 0 
0 0 0 0 0 0 0 0 0 0 0 0 0 0 0 0 0 0 0 0 0 0 0 3 0 49564 49551 0 0 165 0 0 0 47080595 13862432 0 0 0 0 0 25354047 0 0 0 
0 0 0 0 0 0 0 0 0 0 0 0 0 0 0 0 0 0 0 0 0 0 0 3 0 49620 49607 0 0 165 0 0 0 47109209 13866431 0 0 0 0 0 25372395 0 0 0 
0 0 0 0 0 0 0 0 0 0 0 0 0 0 0 0 0 0 0 0 0 0 0 3 0 49644 49631 0 0 165 0 0 0 47141716 13875207 0 0 0 0 0 25390824 0 0 0 
0 0 0 0 0 0 0 0 0 0 0 0 0 0 0 0 0 0 0 0 0 0 0 3 0 49680 49667 0 0 165 0 0 0 47160442 13876389 0 0 0 0 0 25404275 0 0 0 
0 0 0 0 0 0 0 0 0 0 0 0 0 0 0 0 0 0 0 0 0 0 0 3 0 49736 49723 0 0 165 0 0 0 47192132 13886318 0 0 0 0 0 25421646 0 0 0 
0 0 0 0 0 0 0 0 0 0 0 0 0 0 0 0 0 0 0 0 0 0 0 3 0 49744 49731 0 0 165 0 0 0 47214456 13888391 0 0 0 0 0 25438673 0 0 0 
0 0 0 0 0 0 0 0 0 0 0 0 0 0 0 0 0 0 0 0 0 0 0 3 0 49796 49783 0 0 165 0 0 0 47246961 13896257 0 0 0 0 0 25456903 0 0 0 
0 0 0 0 0 0 0 0 0 0 0 0 0 0 0 0 0 0 0 0 0 0 0 3 0 49804 49791 0 0 165 0 0 0 47271057 13902207 0 0 0 0 0 25471268 0 0 0 
0 0 0 0 0 0 0 0 0 0 0 0 0 0 0 0 0 0 0 0 0 0 0 3 0 49860 49847 0 0 165 0 0 0 47300011 13906206 0 0 0 0 0 25490495 0 0 0 
0 0 0 0 0 0 0 0 0 0 0 0 0 0 0 0 0 0 0 0 0 0 0 3 0 49904 49887 0 0 165 0 0 0 47330535 13915716 0 0 0 0 0 25507833 0 0 0 
0 0 0 0 0 0 0 0 0 0 0 0 0 0 0 0 0 0 0 0 0 0 0 3 0 49921 49907 0 0 165 0 0 0 47349013 13916151 0 0 0 0 0 25520658 0 0 0 
0 0 0 0 0 0 0 0 0 0 0 0 0 0 0 0 0 0 0 0 0 0 0 3 0 49976 49963 0 0 165 0 0 0 47382410 13926078 0 0 0 0 0 25539477 0 0 0 
0 0 0 0 0 0 0 0 0 0 0 0 0 0 0 0 0 0 0 0 0 0 0 3 0 49984 49971 0 0 165 0 0 0 47404482 13932008 0 0 0 0 0 25555483 0 0 0 
0 0 0 0 0 0 0 0 0 0 0 0 0 0 0 0 0 0 0 0 0 0 0 3 0 50040 50027 0 0 165 0 0 0 47431588 13936026 0 0 0 0 0 25568977 0 0 0 
0 0 0 0 0 0 0 0 0 0 0 0 0 0 0 0 0 0 0 0 0 0 0 3 0 50048 50035 0 0 165 0 0 0 47457814 13943848 0 0 0 0 0 25582166 0 0 0 
0 0 0 0 0 0 0 0 0 0 0 0 0 0 0 0 0 0 0 0 0 0 0 3 0 50100 50087 0 0 165 0 0 0 47480240 13945969 0 0 0 0 0 25598249 0 0 0 
0 0 0 0 0 0 0 0 0 0 0 0 0 0 0 0 0 0 0 0 0 0 0 3 0 50156 50143 0 0 165 0 0 0 47512231 13955898 0 0 0 0 0 25616215 0 0 0 
0 0 0 0 0 0 0 0 0 0 0 0 0 0 0 0 0 0 0 0 0 0 0 3 0 50164 50151 0 0 165 0 0 0 47534504 13961463 0 0 0 0 0 25633429 0 0 0 
0 0 0 0 0 0 0 0 0 0 0 0 0 0 0 0 0 0 0 0 0 0 0 3 0 50216 50203 0 0 165 0 0 0 47565758 13965838 0 0 0 0 0 25649029 0 0 0 
0 0 0 0 0 0 0 0 0 0 0 0 0 0 0 0 0 0 0 0 0 0 0 3 0 50226 50211 0 0 165 0 0 0 47590516 13971792 0 0 0 0 0 25663629 0 0 0 
0 0 0 0 0 0 0 0 0 0 0 0 0 0 0 0 0 0 0 0 0 0 0 3 0 50280 50267 0 0 165 0 0 0 47614438 13975787 0 0 0 0 0 25677811 0 0 0 
0 0 0 0 0 0 0 0 0 0 0 0 0 0 0 0 0 0 0 0 0 0 0 3 0 50336 50323 0 0 165 0 0 0 47647277 13985716 0 0 0 0 0 25695528 0 0 0 
0 0 0 0 0 0 0 0 0 0 0 0 0 0 0 0 0 0 0 0 0 0 0 3 0 50344 50331 0 0 165 0 0 0 47670033 13991689 0 0 0 0 0 25711989 0 0 0 
0 0 0 0 0 0 0 0 0 0 0 0 0 0 0 0 0 0 0 0 0 0 0 3 0 50400 50387 0 0 165 0 0 0 47697377 13995700 0 0 0 0 0 25725738 0 0 0 
0 0 0 0 0 0 0 0 0 0 0 0 0 0 0 0 0 0 0 0 0 0 0 3 0 50432 50419 0 0 165 0 0 0 47728663 14004696 0 0 0 0 0 25744253 0 0 0 
0 0 0 0 0 0 0 0 0 0 0 0 0 0 0 0 0 0 0 0 0 0 0 3 0 50464 50451 0 0 165 0 0 0 47748080 14011014 0 0 0 0 0 25757305 0 0 0 
0 0 0 0 0 0 0 0 0 0 0 0 0 0 0 0 0 0 0 0 0 0 0 3 0 50520 50507 0 0 165 0 0 0 47776542 14015578 0 0 0 0 0 25771275 0 0 0 
0 0 0 0 0 0 0 0 0 0 0 0 0 0 0 0 0 0 0 0 0 0 0 3 0 50540 50527 0 0 165 0 0 0 47811562 14024110 0 0 0 0 0 25791998 0 0 0 
0 0 0 0 0 0 0 0 0 0 0 0 0 0 0 0 0 0 0 0 0 0 0 3 0 50583 50567 0 0 165 0 0 0 47822549 14025525 0 0 0 0 0 25797894 0 0 0 
0 0 0 0 0 0 0 0 0 0 0 0 0 0 0 0 0 0 0 0 0 0 0 3 50634 0 0 2 0 0 164 0 0 14050110 26748065 21095336 0 0 0 25810011 0 0 0 0 
0 0 0 0 0 0 0 0 0 0 0 0 0 0 0 0 0 0 0 0 0 0 0 3 50634 0 0 2 0 0 164 0 0 14050110 26748065 21095336 0 0 0 25810011 0 0 0 0 
0 0 0 0 0 0 0 0 0 0 0 0 0 0 0 0 0 0 0 0 0 0 0 3 50634 0 0 2 0 0 164 0 0 14050110 26748065 21095336 0 0 0 25810011 0 0 0 0 
0 0 0 0 0 0 0 0 0 0 0 0 0 0 0 0 0 0 0 0 0 0 0 3 50634 0 0 2 0 0 164 0 0 14050110 26748065 21095336 0 0 0 25810011 0 0 0 0 
0 0 0 0 0 0 0 0 0 0 0 0 0 0 0 0 0 0 0 0 0 0 0 3 50634 0 0 2 0 0 164 0 0 14050110 26748065 21095336 0 0 0 25810011 0 0 0 0 
0 0 0 0 0 0 0 0 0 0 0 0 0 0 0 0 0 0 0 0 0 0 0 3 50634 0 0 2 0 0 164 0 0 14050110 26748065 21095336 0 0 0 25810011 0 0 0 0 
0 0 0 0 0 0 0 0 0 0 0 0 0 0 0 0 0 0 0 0 0 0 0 3 50634 0 0 2 0 0 164 0 0 14050110 26748065 21095336 0 0 0 25810011 0 0 0 0 
0 0 0 0 0 0 0 0 0 0 0 0 0 0 0 0 0 0 0 0 0 0 0 3 50634 0 0 2 0 0 164 0 0 14050110 26748065 21095336 0 0 0 25810011 0 0 0 0 
0 0 0 0 0 0 0 0 0 0 0 0 0 0 0 0 0 0 0 0 0 0 0 3 50634 0 0 2 0 0 164 0 0 14050110 26748065 21095336 0 0 0 25810011 0 0 0 0 
0 0 0 0 0 0 0 0 0 0 0 0 0 0 0 0 0 0 0 0 0 0 0 3 50634 0 0 2 0 0 164 0 0 14050110 26748065 21095336 0 0 0 25810011 0 0 0 0 
0 0 0 0 0 0 0 0 0 0 0 0 0 0 0 0 0 0 0 0 0 0 0 3 50634 0 0 2 0 0 164 0 0 14050110 26748065 21095336 0 0 0 25810011 0 0 0 0 
0 0 0 0 0 0 0 0 0 0 0 0 0 0 0 0 0 0 0 0 0 0 0 3 50634 0 0 2 0 0 164 0 0 14050110 26748065 21095336 0 0 0 25810011 0 0 0 0 
0 0 0 0 0 0 0 0 0 0 0 0 0 0 0 0 0 0 0 0 0 0 0 3 50634 0 0 2 0 0 164 0 0 14050110 26748065 21095336 0 0 0 25810011 0 0 0 0 
0 0 0 0 0 0 0 0 0 0 0 0 0 0 0 0 0 0 0 0 0 0 0 3 50634 0 0 2 0 0 164 0 0 14050110 26748065 21095336 0 0 0 25810011 0 0 0 0 
0 0 0 0 0 0 0 0 0 0 0 0 0 0 0 0 0 0 0 0 0 0 0 3 50634 0 0 2 0 0 164 0 0 14050110 26748065 21095336 0 0 0 25810011 0 0 0 0 
0 0 0 0 0 0 0 0 0 0 0 0 0 0 0 0 0 0 0 0 0 0 0 3 50634 0 0 2 0 0 164 0 0 14050110 26748065 21095336 0 0 0 25810011 0 0 0 0 
0 0 0 0 0 0 0 0 0 0 0 0 0 0 0 0 0 0 0 0 0 0 0 3 50634 0 0 2 0 0 164 0 0 14050110 26748065 21095336 0 0 0 25810011 0 0 0 0 
0 0 0 0 0 0 0 0 0 0 0 0 0 0 0 0 0 0 0 0 0 0 0 3 50634 0 0 2 0 0 164 0 0 14050110 26748065 21095336 0 0 0 25810011 0 0 0 0 
0 0 0 0 0 0 0 0 0 0 0 0 0 0 0 0 0 0 0 0 0 0 0 3 50634 0 0 2 0 0 164 0 0 14050110 26748065 21095336 0 0 0 25810011 0 0 0 0 
0 0 0 0 0 0 0 0 0 0 0 0 0 0 0 0 0 0 0 0 0 0 0 3 50634 0 0 2 0 0 164 0 0 14050110 26748065 21095336 0 0 0 25810011 0 0 0 0 
0 0 0 0 0 0 0 0 0 0 0 0 0 0 0 0 0 0 0 0 0 0 0 3 50634 0 0 2 0 0 164 0 0 14050110 26748065 21095336 0 0 0 25810011 0 0 0 0 
0 0 0 0 0 0 0 0 0 0 0 0 0 0 0 0 0 0 0 0 0 0 0 3 50634 0 0 2 0 0 164 0 0 14050110 26748065 21095336 0 0 0 25810011 0 0 0 0 
0 0 0 0 0 0 0 0 0 0 0 0 0 0 0 0 0 0 0 0 0 0 0 3 50634 0 0 2 0 0 164 0 0 14050110 26748065 21095336 0 0 0 25810011 0 0 0 0 
0 0 0 0 0 0 0 0 0 0 0 0 0 0 0 0 0 0 0 0 0 0 0 3 50634 0 0 2 0 0 164 0 0 14050110 26748065 21095336 0 0 0 25810011 0 0 0 0 
0 0 0 0 0 0 0 0 0 0 0 0 0 0 0 0 0 0 0 0 0 0 0 3 50634 0 0 2 0 0 164 0 0 14050110 26748065 21095336 0 0 0 25810011 0 0 0 0 
0 0 0 0 0 0 0 0 0 0 0 0 0 0 0 0 0 0 0 0 0 0 0 3 50634 0 0 2 0 0 164 0 0 14050110 26748065 21095336 0 0 0 25810011 0 0 0 0 
0 0 0 0 0 0 0 0 0 0 0 0 0 0 0 0 0 0 0 0 0 0 0 3 50634 0 0 2 0 0 164 0 0 14050110 26748065 21095336 0 0 0 25810011 0 0 0 0 
0 0 0 0 0 0 0 0 0 0 0 0 0 0 0 0 0 0 0 0 0 0 0 3 50634 0 0 2 0 0 164 0 0 14050110 26748065 21095336 0 0 0 25810011 0 0 0 0 
0 0 0 0 0 0 0 0 0 0 0 0 0 0 0 0 0 0 0 0 0 0 0 3 50634 0 0 2 0 0 164 0 0 14050110 26748065 21095336 0 0 0 25810011 0 0 0 0 
0 0 0 0 0 0 0 0 0 0 0 0 0 0 0 0 0 0 0 0 0 0 0 3 50634 0 0 2 0 0 164 0 0 14050110 26748065 21095336 0 0 0 25810011 0 0 0 0 
0 0 0 0 0 0 0 0 0 0 0 0 0 0 0 0 0 0 0 0 0 0 0 3 50634 0 0 2 0 0 164 0 0 14050110 26748065 21095336 0 0 0 25810011 0 0 0 0 
0 0 0 0 0 0 0 0 0 0 0 0 0 0 0 0 0 0 0 0 0 0 0 3 50634 0 0 2 0 0 164 0 0 14050110 26748065 21095336 0 0 0 25810011 0 0 0 0 
0 0 0 0 0 0 0 0 0 0 0 0 0 0 0 0 0 0 0 0 0 0 0 3 50634 0 0 2 0 0 164 0 0 14050110 26748065 21095336 0 0 0 25810011 0 0 0 0 
0 0 0 0 0 0 0 0 0 0 0 0 0 0 0 0 0 0 0 0 0 0 0 3 50634 0 0 2 0 0 164 0 0 14050110 26748065 21095336 0 0 0 25810011 0 0 0 0 
0 0 0 0 0 0 0 0 0 0 0 0 0 0 0 0 0 0 0 0 0 0 0 3 50634 0 0 2 0 0 164 0 0 14050110 26748065 21095336 0 0 0 25810011 0 0 0 0 
0 0 0 0 0 0 0 0 0 0 0 0 0 0 0 0 0 0 0 0 0 0 0 3 50634 0 0 2 0 0 164 0 0 14050110 26748065 21095336 0 0 0 25810011 0 0 0 0 
0 0 0 0 0 0 0 0 0 0 0 0 0 0 0 0 0 0 0 0 0 0 0 3 50634 0 0 2 0 0 164 0 0 14050110 26748065 21095336 0 0 0 25810011 0 0 0 0 
0 0 0 0 0 0 0 0 0 0 0 0 0 0 0 0 0 0 0 0 0 0 0 3 50634 0 0 2 0 0 164 0 0 14050110 26748065 21095336 0 0 0 25810011 0 0 0 0 
0 0 0 0 0 0 0 0 0 0 0 0 0 0 0 0 0 0 0 0 0 0 0 3 50634 0 0 2 0 0 164 0 0 14050110 26748065 21095336 0 0 0 25810011 0 0 0 0 
0 0 0 0 0 0 0 0 0 0 0 0 0 0 0 0 0 0 0 0 0 0 0 3 50634 0 0 2 0 0 164 0 0 14050110 26748065 21095336 0 0 0 25810011 0 0 0 0 
0 0 0 0 0 0 0 0 0 0 0 0 0 0 0 0 0 0 0 0 0 0 0 3 50634 0 0 2 0 0 164 0 0 14050110 26748065 21095336 0 0 0 25810011 0 0 0 0 
0 0 0 0 0 0 0 0 0 0 0 0 0 0 0 0 0 0 0 0 0 0 0 3 50634 0 0 2 0 0 164 0 0 14050110 26748065 21095336 0 0 0 25810011 0 0 0 0 
0 0 0 0 0 0 0 0 0 0 0 0 0 0 0 0 0 0 0 0 0 0 0 3 50634 0 0 2 0 0 164 0 0 14050110 26748065 21095336 0 0 0 25810011 0 0 0 0 
0 0 0 0 0 0 0 0 0 0 0 0 0 0 0 0 0 0 0 0 0 0 0 3 50634 0 0 2 0 0 164 0 0 14050110 26748065 21095336 0 0 0 25810011 0 0 0 0 
0 0 0 0 0 0 0 0 0 0 0 0 0 0 0 0 0 0 0 0 0 0 0 3 50634 0 0 2 0 0 164 0 0 14050110 26748065 21095336 0 0 0 25810011 0 0 0 0 
0 0 0 0 0 0 0 0 0 0 0 0 0 0 0 0 0 0 0 0 0 0 0 3 50634 0 0 2 0 0 164 0 0 14050110 26748065 21095336 0 0 0 25810011 0 0 0 0 
0 0 0 0 0 0 0 0 0 0 0 0 0 0 0 0 0 0 0 0 0 0 0 3 50634 0 0 2 0 0 164 0 0 14050110 26748065 21095336 0 0 0 25810011 0 0 0 0 
0 0 0 0 0 0 0 0 0 0 0 0 0 0 0 0 0 0 0 0 0 0 0 3 50634 0 0 2 0 0 164 0 0 14050110 26748065 21095336 0 0 0 25810011 0 0 0 0 
0 0 0 0 0 0 0 0 0 0 0 0 0 0 0 0 0 0 0 0 0 0 0 3 50634 0 0 2 0 0 164 0 0 14050110 26748065 21095336 0 0 0 25810011 0 0 0 0 
0 0 0 0 0 0 0 0 0 0 0 0 0 0 0 0 0 0 0 0 0 0 0 3 50634 0 0 2 0 0 164 0 0 14050110 26748065 21095336 0 0 0 25810011 0 0 0 0 
0 0 0 0 0 0 0 0 0 0 0 0 0 0 0 0 0 0 0 0 0 0 0 3 50634 0 0 2 0 0 164 0 0 14050110 26748065 21095336 0 0 0 25810011 0 0 0 0 
0 0 0 0 0 0 0 0 0 0 0 0 0 0 0 0 0 0 0 0 0 0 0 3 50634 0 0 2 0 0 164 0 0 14050110 26748065 21095336 0 0 0 25810011 0 0 0 0 
0 0 0 0 0 0 0 0 0 0 0 0 0 0 0 0 0 0 0 0 0 0 0 3 50634 0 0 2 0 0 164 0 0 14050110 26748065 21095336 0 0 0 25810011 0 0 0 0 
0 0 0 0 0 0 0 0 0 0 0 0 0 0 0 0 0 0 0 0 0 0 0 3 50634 0 0 2 0 0 164 0 0 14050110 26748065 21095336 0 0 0 25810011 0 0 0 0 
0 0 0 0 0 0 0 0 0 0 0 0 0 0 0 0 0 0 0 0 0 0 0 3 50634 0 0 2 0 0 164 0 0 14050110 26748065 21095336 0 0 0 25810011 0 0 0 0 
0 0 0 0 0 0 0 0 0 0 0 0 0 0 0 0 0 0 0 0 0 0 0 3 50634 0 0 2 0 0 164 0 0 14050110 26748065 21095336 0 0 0 25810011 0 0 0 0 
0 0 0 0 0 0 0 0 0 0 0 0 0 0 0 0 0 0 0 0 0 0 0 3 50634 0 0 2 0 0 164 0 0 14050110 26748065 21095336 0 0 0 25810011 0 0 0 0 
0 0 0 0 0 0 0 0 0 0 0 0 0 0 0 0 0 0 0 0 0 0 0 3 50634 0 0 2 0 0 164 0 0 14050110 26748065 21095336 0 0 0 25810011 0 0 0 0 
0 0 0 0 0 0 0 0 0 0 0 0 0 0 0 0 0 0 0 0 0 0 0 3 50634 0 0 2 0 0 164 0 0 14050110 26748065 21095336 0 0 0 25810011 0 0 0 0 
0 0 0 0 0 0 0 0 0 0 0 0 0 0 0 0 0 0 0 0 0 0 0 3 50634 0 0 2 0 0 164 0 0 14050110 26748065 21095336 0 0 0 25810011 0 0 0 0 
0 0 0 0 0 0 0 0 0 0 0 0 0 0 0 0 0 0 0 0 0 0 0 3 50634 0 0 2 0 0 164 0 0 14050110 26748065 21095336 0 0 0 25810011 0 0 0 0 
0 0 0 0 0 0 0 0 0 0 0 0 0 0 0 0 0 0 0 0 0 0 0 3 50634 0 0 2 0 0 164 0 0 14050110 26748065 21095336 0 0 0 25810011 0 0 0 0 
0 0 0 0 0 0 0 0 0 0 0 0 0 0 0 0 0 0 0 0 0 0 0 3 50634 0 0 2 0 0 164 0 0 14050110 26748065 21095336 0 0 0 25810011 0 0 0 0 
0 0 0 0 0 0 0 0 0 0 0 0 0 0 0 0 0 0 0 0 0 0 0 3 50634 0 0 2 0 0 164 0 0 14050110 26748065 21095336 0 0 0 25810011 0 0 0 0 
0 0 0 0 0 0 0 0 0 0 0 0 0 0 0 0 0 0 0 0 0 0 0 3 50634 0 0 2 0 0 164 0 0 14050110 26748065 21095336 0 0 0 25810011 0 0 0 0 
0 0 0 0 0 0 0 0 0 0 0 0 0 0 0 0 0 0 0 0 0 0 0 3 50634 0 0 2 0 0 164 0 0 14050110 26748065 21095336 0 0 0 25810011 0 0 0 0 
0 0 0 0 0 0 0 0 0 0 0 0 0 0 0 0 0 0 0 0 0 0 0 3 50634 0 0 2 0 0 164 0 0 14050110 26748065 21095336 0 0 0 25810011 0 0 0 0 
0 0 0 0 0 0 0 0 0 0 0 0 0 0 0 0 0 0 0 0 0 0 0 3 50634 0 0 2 0 0 164 0 0 14050110 26748065 21095336 0 0 0 25810011 0 0 0 0 
