0 0 0 0 0 0 0 0 0 0 0 0 0 0 0 0 0 0 0 0 0 0 0 3 0 74844 74820 0 0 179 0 0 0 60845840 17712246 0 0 0 0 0 32836129 0 0 0 
0 0 0 0 0 0 0 0 0 0 0 0 0 0 0 0 0 0 0 0 0 0 0 3 0 74844 74820 0 0 179 0 0 0 60845840 17712246 0 0 0 0 0 32836129 0 0 0 
0 0 0 0 0 0 0 0 0 0 0 0 0 0 0 0 0 0 0 0 0 0 0 3 0 74844 74820 0 0 179 0 0 0 60845840 17712246 0 0 0 0 0 32836129 0 0 0 
0 0 0 0 0 0 0 0 0 0 0 0 0 0 0 0 0 0 0 0 0 0 0 3 0 74844 74820 0 0 179 0 0 0 60845840 17712246 0 0 0 0 0 32836129 0 0 0 
0 0 0 0 0 0 0 0 0 0 0 0 0 0 0 0 0 0 0 0 0 0 0 3 74866 0 0 2 0 0 196 0 0 17717734 33871192 26993382 0 0 0 32832094 0 0 0 0 
0 0 0 0 0 0 0 0 0 0 0 0 0 0 0 0 0 0 0 0 0 0 0 3 75010 0 0 2 0 0 199 0 0 17727469 33902386 27014094 0 0 0 32854480 0 0 0 0 
0 0 0 0 0 0 0 0 0 0 0 0 0 0 0 0 0 0 0 0 0 0 0 3 75178 0 0 2 0 0 199 0 0 17745272 33933798 27042789 0 0 0 32883429 0 0 0 0 
0 0 0 0 0 0 0 0 0 0 0 0 0 0 0 0 0 0 0 0 0 0 0 3 75346 0 0 2 0 0 199 0 0 17764132 33968924 27077489 0 0 0 32918233 0 0 0 0 
0 0 0 0 0 0 0 0 0 0 0 0 0 0 0 0 0 0 0 0 0 0 0 3 75514 0 0 2 0 0 199 0 0 17787475 34005192 27111311 0 0 0 32954318 0 0 0 0 
0 0 0 0 0 0 0 0 0 0 0 0 0 0 0 0 0 0 0 0 0 0 0 3 75562 0 0 2 0 0 199 0 0 17805316 34038550 27136078 0 0 0 32980971 0 0 0 0 
0 0 0 0 0 0 0 0 0 0 0 0 0 0 0 0 0 0 0 0 0 0 0 3 75730 0 0 2 0 0 199 0 0 17818249 34064274 27163835 0 0 0 33011201 0 0 0 0 
0 0 0 0 0 0 0 0 0 0 0 0 0 0 0 0 0 0 0 0 0 0 0 3 75898 0 0 2 0 0 199 0 0 17834247 34094509 27190983 0 0 0 33043230 0 0 0 0 
0 0 0 0 0 0 0 0 0 0 0 0 0 0 0 0 0 0 0 0 0 0 0 3 76078 0 0 2 0 0 199 0 0 17857578 34130692 27224826 0 0 0 33079211 0 0 0 0 
0 0 0 0 0 0 0 0 0 0 0 0 0 0 0 0 0 0 0 0 0 0 0 3 76246 0 0 2 0 0 199 0 0 17880913 34167569 27259455 0 0 0 33115905 0 0 0 0 
0 0 0 0 0 0 0 0 0 0 0 0 0 0 0 0 0 0 0 0 0 0 0 3 76282 0 0 2 0 0 199 0 0 17894895 34197202 27279354 0 0 0 33137956 0 0 0 0 
0 0 0 0 0 0 0 0 0 0 0 0 0 0 0 0 0 0 0 0 0 0 0 3 76450 0 0 2 0 0 199 0 0 17911331 34224747 27309084 0 0 0 33171043 0 0 0 0 
0 0 0 0 0 0 0 0 0 0 0 0 0 0 0 0 0 0 0 0 0 0 0 3 76618 0 0 2 0 0 199 0 0 17927582 34255428 27341737 0 0 0 33203367 0 0 0 0 
0 0 0 0 0 0 0 0 0 0 0 0 0 0 0 0 0 0 0 0 0 0 0 3 76786 0 0 2 0 0 199 0 0 17950894 34292205 27375017 0 0 0 33239948 0 0 0 0 
0 0 0 0 0 0 0 0 0 0 0 0 0 0 0 0 0 0 0 0 0 0 0 3 76918 0 0 2 0 0 199 0 0 17972339 34326713 27407742 0 0 0 33274741 0 0 0 0 
0 0 0 0 0 0 0 0 0 0 0 0 0 0 0 0 0 0 0 0 0 0 0 3 76990 0 0 2 0 0 199 0 0 17987220 34357315 27428990 0 0 0 33297231 0 0 0 0 
0 0 0 0 0 0 0 0 0 0 0 0 0 0 0 0 0 0 0 0 0 0 0 3 77170 0 0 2 0 0 199 0 0 18004077 34383924 27457948 0 0 0 33329687 0 0 0 0 
0 0 0 0 0 0 0 0 0 0 0 0 0 0 0 0 0 0 0 0 0 0 0 3 77338 0 0 2 0 0 199 0 0 18021142 34416815 27490730 0 0 0 33363991 0 0 0 0 
0 0 0 0 0 0 0 0 0 0 0 0 0 0 0 0 0 0 0 0 0 0 0 3 77506 0 0 2 0 0 199 0 0 18044491 34453394 27524286 0 0 0 33400371 0 0 0 0 
0 0 0 0 0 0 0 0 0 0 0 0 0 0 0 0 0 0 0 0 0 0 0 3 77566 0 0 2 0 0 199 0 0 18063772 34489146 27552787 0 0 0 33433266 0 0 0 0 
0 0 0 0 0 0 0 0 0 0 0 0 0 0 0 0 0 0 0 0 0 0 0 3 77710 0 0 2 0 0 199 0 0 18075472 34515548 27575099 0 0 0 33460247 0 0 0 0 
0 0 0 0 0 0 0 0 0 0 0 0 0 0 0 0 0 0 0 0 0 0 0 3 77890 0 0 2 0 0 199 0 0 18093162 34545008 27604658 0 0 0 33490117 0 0 0 0 
0 0 0 0 0 0 0 0 0 0 0 0 0 0 0 0 0 0 0 0 0 0 0 3 78046 0 0 2 0 0 199 0 0 18114679 34580546 27637956 0 0 0 33526966 0 0 0 0 
0 0 0 0 0 0 0 0 0 0 0 0 0 0 0 0 0 0 0 0 0 0 0 3 78178 0 0 2 0 0 199 0 0 18136232 34614642 27670230 0 0 0 33561281 0 0 0 0 
0 0 0 0 0 0 0 0 0 0 0 0 0 0 0 0 0 0 0 0 0 0 0 3 78250 0 0 2 0 0 199 0 0 18149875 34645755 27691854 0 0 0 33585400 0 0 0 0 
0 0 0 0 0 0 0 0 0 0 0 0 0 0 0 0 0 0 0 0 0 0 0 3 78430 0 0 2 0 0 199 0 0 18164975 34671315 27719242 0 0 0 33614933 0 0 0 0 
0 0 0 0 0 0 0 0 0 0 0 0 0 0 0 0 0 0 0 0 0 0 0 3 78598 0 0 2 0 0 199 0 0 18184762 34704914 27752936 0 0 0 33650759 0 0 0 0 
0 0 0 0 0 0 0 0 0 0 0 0 0 0 0 0 0 0 0 0 0 0 0 3 78766 0 0 2 0 0 199 0 0 18208228 34742423 27786682 0 0 0 33688074 0 0 0 0 
0 0 0 0 0 0 0 0 0 0 0 0 0 0 0 0 0 0 0 0 0 0 0 3 78802 0 0 2 0 0 199 0 0 18226969 34777839 27812713 0 0 0 33716646 0 0 0 0 
0 0 0 0 0 0 0 0 0 0 0 0 0 0 0 0 0 0 0 0 0 0 0 3 78970 0 0 2 0 0 199 0 0 18239456 34802419 27839768 0 0 0 33745324 0 0 0 0 
0 0 0 0 0 0 0 0 0 0 0 0 0 0 0 0 0 0 0 0 0 0 0 3 79138 0 0 2 0 0 199 0 0 18254952 34828918 27868212 0 0 0 33774209 0 0 0 0 
0 0 0 0 0 0 0 0 0 0 0 0 0 0 0 0 0 0 0 0 0 0 0 3 79306 0 0 2 0 0 199 0 0 18278290 34867008 27901490 0 0 0 33812110 0 0 0 0 
0 0 0 0 0 0 0 0 0 0 0 0 0 0 0 0 0 0 0 0 0 0 0 3 79474 0 0 2 0 0 199 0 0 18301209 34904381 27934728 0 0 0 33849366 0 0 0 0 
0 0 0 0 0 0 0 0 0 0 0 0 0 0 0 0 0 0 0 0 0 0 0 3 79510 0 0 2 0 0 199 0 0 18314613 34935654 27955733 0 0 0 33873012 0 0 0 0 
0 0 0 0 0 0 0 0 0 0 0 0 0 0 0 0 0 0 0 0 0 0 0 3 79690 0 0 2 0 0 199 0 0 18331800 34962643 27984952 0 0 0 33905654 0 0 0 0 
0 0 0 0 0 0 0 0 0 0 0 0 0 0 0 0 0 0 0 0 0 0 0 3 79858 0 0 2 0 0 199 0 0 18348531 34994817 28016525 0 0 0 33939335 0 0 0 0 
0 0 0 0 0 0 0 0 0 0 0 0 0 0 0 0 0 0 0 0 0 0 0 3 80026 0 0 2 0 0 199 0 0 18371894 35032296 28050198 0 0 0 33976627 0 0 0 0 
0 0 0 0 0 0 0 0 0 0 0 0 0 0 0 0 0 0 0 0 0 0 0 3 80110 0 0 2 0 0 199 0 0 18391788 35065986 28082410 0 0 0 34011718 0 0 0 0 
0 0 0 0 0 0 0 0 0 0 0 0 0 0 0 0 0 0 0 0 0 0 0 3 80230 0 0 2 0 0 199 0 0 18406436 35095862 28103145 0 0 0 34034024 0 0 0 0 
0 0 0 0 0 0 0 0 0 0 0 0 0 0 0 0 0 0 0 0 0 0 0 3 80410 0 0 2 0 0 199 0 0 18424502 35123043 28132929 0 0 0 34065255 0 0 0 0 
0 0 0 0 0 0 0 0 0 0 0 0 0 0 0 0 0 0 0 0 0 0 0 3 80578 0 0 2 0 0 199 0 0 18441935 35154428 28165390 0 0 0 34098197 0 0 0 0 
0 0 0 0 0 0 0 0 0 0 0 0 0 0 0 0 0 0 0 0 0 0 0 3 80746 0 0 2 0 0 199 0 0 18465194 35189982 28199261 0 0 0 34133551 0 0 0 0 
0 0 0 0 0 0 0 0 0 0 0 0 0 0 0 0 0 0 0 0 0 0 0 3 80914 0 0 2 0 0 199 0 0 18488163 35224246 28232755 0 0 0 34167661 0 0 0 0 
0 0 0 0 0 0 0 0 0 0 0 0 0 0 0 0 0 0 0 0 0 0 0 3 80950 0 0 2 0 0 199 0 0 18501493 35255455 28253493 0 0 0 34191153 0 0 0 0 
0 0 0 0 0 0 0 0 0 0 0 0 0 0 0 0 0 0 0 0 0 0 0 3 81130 0 0 2 0 0 199 0 0 18518555 35283303 28282507 0 0 0 34224768 0 0 0 0 
0 0 0 0 0 0 0 0 0 0 0 0 0 0 0 0 0 0 0 0 0 0 0 3 81298 0 0 2 0 0 199 0 0 18535226 35314234 28314146 0 0 0 34257223 0 0 0 0 
0 0 0 0 0 0 0 0 0 0 0 0 0 0 0 0 0 0 0 0 0 0 0 3 81466 0 0 2 0 0 199 0 0 18558647 35350284 28347298 0 0 0 34293076 0 0 0 0 
0 0 0 0 0 0 0 0 0 0 0 0 0 0 0 0 0 0 0 0 0 0 0 3 81598 0 0 2 0 0 199 0 0 18579308 35383964 28380097 0 0 0 34327214 0 0 0 0 
0 0 0 0 0 0 0 0 0 0 0 0 0 0 0 0 0 0 0 0 0 0 0 3 81670 0 0 2 0 0 199 0 0 18594439 35415192 28403185 0 0 0 34350635 0 0 0 0 
0 0 0 0 0 0 0 0 0 0 0 0 0 0 0 0 0 0 0 0 0 0 0 3 81850 0 0 2 0 0 199 0 0 18609645 35441337 28429322 0 0 0 34381466 0 0 0 0 
0 0 0 0 0 0 0 0 0 0 0 0 0 0 0 0 0 0 0 0 0 0 0 3 82018 0 0 2 0 0 199 0 0 18628737 35474337 28463306 0 0 0 34416544 0 0 0 0 
0 0 0 0 0 0 0 0 0 0 0 0 0 0 0 0 0 0 0 0 0 0 0 3 82186 0 0 2 0 0 199 0 0 18652105 35511049 28497652 0 0 0 34453057 0 0 0 0 
0 0 0 0 0 0 0 0 0 0 0 0 0 0 0 0 0 0 0 0 0 0 0 3 82234 0 0 2 0 0 199 0 0 18671259 35546816 28525468 0 0 0 34484409 0 0 0 0 
0 0 0 0 0 0 0 0 0 0 0 0 0 0 0 0 0 0 0 0 0 0 0 3 82390 0 0 2 0 0 199 0 0 18683395 35573070 28550864 0 0 0 34512430 0 0 0 0 
0 0 0 0 0 0 0 0 0 0 0 0 0 0 0 0 0 0 0 0 0 0 0 3 82570 0 0 2 0 0 199 0 0 18699871 35601346 28579600 0 0 0 34541894 0 0 0 0 
0 0 0 0 0 0 0 0 0 0 0 0 0 0 0 0 0 0 0 0 0 0 0 3 82738 0 0 2 0 0 199 0 0 18722390 35636679 28613724 0 0 0 34578114 0 0 0 0 
0 0 0 0 0 0 0 0 0 0 0 0 0 0 0 0 0 0 0 0 0 0 0 3 82906 0 0 2 0 0 199 0 0 18745700 35673741 28648175 0 0 0 34614981 0 0 0 0 
0 0 0 0 0 0 0 0 0 0 0 0 0 0 0 0 0 0 0 0 0 0 0 3 82942 0 0 2 0 0 199 0 0 18764461 35708308 28673224 0 0 0 34642715 0 0 0 0 
0 0 0 0 0 0 0 0 0 0 0 0 0 0 0 0 0 0 0 0 0 0 0 3 83110 0 0 2 0 0 199 0 0 18776550 35733272 28699394 0 0 0 34672258 0 0 0 0 
0 0 0 0 0 0 0 0 0 0 0 0 0 0 0 0 0 0 0 0 0 0 0 3 83290 0 0 2 0 0 199 0 0 18795101 35764725 28729573 0 0 0 34703478 0 0 0 0 
0 0 0 0 0 0 0 0 0 0 0 0 0 0 0 0 0 0 0 0 0 0 0 3 83458 0 0 2 0 0 199 0 0 18815895 35797895 28763515 0 0 0 34738538 0 0 0 0 
0 0 0 0 0 0 0 0 0 0 0 0 0 0 0 0 0 0 0 0 0 0 0 3 83626 0 0 2 0 0 199 0 0 18839244 35836151 28798070 0 0 0 34776603 0 0 0 0 
0 0 0 0 0 0 0 0 0 0 0 0 0 0 0 0 0 0 0 0 0 0 0 3 83650 0 0 2 0 0 199 0 0 18852208 35865723 28818985 0 0 0 34798445 0 0 0 0 
0 0 0 0 0 0 0 0 0 0 0 0 0 0 0 0 0 0 0 0 0 0 0 3 83830 0 0 2 0 0 199 0 0 18869393 35893121 28848654 0 0 0 34831636 0 0 0 0 
0 0 0 0 0 0 0 0 0 0 0 0 0 0 0 0 0 0 0 0 0 0 0 3 83998 0 0 2 0 0 199 0 0 18885929 35923468 28880466 0 0 0 34863540 0 0 0 0 
0 0 0 0 0 0 0 0 0 0 0 0 0 0 0 0 0 0 0 0 0 0 0 3 84166 0 0 2 0 0 199 0 0 18909343 35958896 28915242 0 0 0 34898793 0 0 0 0 
0 0 0 0 0 0 0 0 0 0 0 0 0 0 0 0 0 0 0 0 0 0 0 3 84346 0 0 2 0 0 199 0 0 18932726 35995998 28950027 0 0 0 34935709 0 0 0 0 
0 0 0 0 0 0 0 0 0 0 0 0 0 0 0 0 0 0 0 0 0 0 0 3 84382 0 0 2 0 0 199 0 0 18951045 36030953 28976364 0 0 0 34963764 0 0 0 0 
0 0 0 0 0 0 0 0 0 0 0 0 0 0 0 0 0 0 0 0 0 0 0 3 84550 0 0 2 0 0 199 0 0 18962437 36053042 28999031 0 0 0 34990876 0 0 0 0 
0 0 0 0 0 0 0 0 0 0 0 0 0 0 0 0 0 0 0 0 0 0 0 3 84718 0 0 2 0 0 199 0 0 18979547 36086225 29031485 0 0 0 35025542 0 0 0 0 
0 0 0 0 0 0 0 0 0 0 0 0 0 0 0 0 0 0 0 0 0 0 0 3 84886 0 0 2 0 0 199 0 0 19002936 36122973 29066319 0 0 0 35062102 0 0 0 0 
0 0 0 0 0 0 0 0 0 0 0 0 0 0 0 0 0 0 0 0 0 0 0 3 84946 0 0 2 0 0 199 0 0 19022192 36156698 29095720 0 0 0 35093580 0 0 0 0 
0 0 0 0 0 0 0 0 0 0 0 0 0 0 0 0 0 0 0 0 0 0 0 3 85090 0 0 2 0 0 199 0 0 19033821 36182561 29117764 0 0 0 35119519 0 0 0 0 
0 0 0 0 0 0 0 0 0 0 0 0 0 0 0 0 0 0 0 0 0 0 0 3 85270 0 0 2 0 0 199 0 0 19052799 36212343 29146871 0 0 0 35148598 0 0 0 0 
0 0 0 0 0 0 0 0 0 0 0 0 0 0 0 0 0 0 0 0 0 0 0 3 85438 0 0 2 0 0 199 0 0 19073163 36244573 29180294 0 0 0 35183134 0 0 0 0 
0 0 0 0 0 0 0 0 0 0 0 0 0 0 0 0 0 0 0 0 0 0 0 3 85606 0 0 2 0 0 199 0 0 19096584 36281523 29215220 0 0 0 35219902 0 0 0 0 
0 0 0 0 0 0 0 0 0 0 0 0 0 0 0 0 0 0 0 0 0 0 0 3 85630 0 0 2 0 0 199 0 0 19109610 36312306 29235911 0 0 0 35242821 0 0 0 0 
0 0 0 0 0 0 0 0 0 0 0 0 0 0 0 0 0 0 0 0 0 0 0 3 85810 0 0 2 0 0 199 0 0 19126927 36340747 29266461 0 0 0 35277118 0 0 0 0 
0 0 0 0 0 0 0 0 0 0 0 0 0 0 0 0 0 0 0 0 0 0 0 3 85978 0 0 2 0 0 199 0 0 19143324 36370767 29296808 0 0 0 35308767 0 0 0 0 
0 0 0 0 0 0 0 0 0 0 0 0 0 0 0 0 0 0 0 0 0 0 0 3 86146 0 0 2 0 0 199 0 0 19166660 36407365 29330519 0 0 0 35345176 0 0 0 0 
0 0 0 0 0 0 0 0 0 0 0 0 0 0 0 0 0 0 0 0 0 0 0 3 86242 0 0 2 0 0 199 0 0 19187353 36439746 29363862 0 0 0 35378503 0 0 0 0 
0 0 0 0 0 0 0 0 0 0 0 0 0 0 0 0 0 0 0 0 0 0 0 3 86350 0 0 2 0 0 199 0 0 19200555 36470610 29384142 0 0 0 35403043 0 0 0 0 
0 0 0 0 0 0 0 0 0 0 0 0 0 0 0 0 0 0 0 0 0 0 0 3 86530 0 0 2 0 0 199 0 0 19219584 36498574 29413246 0 0 0 35434351 0 0 0 0 
0 0 0 0 0 0 0 0 0 0 0 0 0 0 0 0 0 0 0 0 0 0 0 3 86698 0 0 2 0 0 199 0 0 19236830 36531146 29446422 0 0 0 35468401 0 0 0 0 
0 0 0 0 0 0 0 0 0 0 0 0 0 0 0 0 0 0 0 0 0 0 0 3 86866 0 0 2 0 0 199 0 0 19260191 36567527 29479939 0 0 0 35504586 0 0 0 0 
0 0 0 0 0 0 0 0 0 0 0 0 0 0 0 0 0 0 0 0 0 0 0 3 86926 0 0 2 0 0 199 0 0 19279423 36600863 29512311 0 0 0 35539200 0 0 0 0 
0 0 0 0 0 0 0 0 0 0 0 0 0 0 0 0 0 0 0 0 0 0 0 3 87070 0 0 2 0 0 199 0 0 19290333 36624813 29529701 0 0 0 35560033 0 0 0 0 
0 0 0 0 0 0 0 0 0 0 0 0 0 0 0 0 0 0 0 0 0 0 0 3 87238 0 0 2 0 0 199 0 0 19306972 36656722 29562272 0 0 0 35593401 0 0 0 0 
0 0 0 0 0 0 0 0 0 0 0 0 0 0 0 0 0 0 0 0 0 0 0 3 87406 0 0 2 0 0 199 0 0 19330336 36693220 29595347 0 0 0 35629708 0 0 0 0 
0 0 0 0 0 0 0 0 0 0 0 0 0 0 0 0 0 0 0 0 0 0 0 3 87490 0 0 2 0 0 199 0 0 19350262 36726505 29627080 0 0 0 35664405 0 0 0 0 
0 0 0 0 0 0 0 0 0 0 0 0 0 0 0 0 0 0 0 0 0 0 0 3 87610 0 0 2 0 0 199 0 0 19366033 36758936 29649754 0 0 0 35688061 0 0 0 0 
0 0 0 0 0 0 0 0 0 0 0 0 0 0 0 0 0 0 0 0 0 0 0 3 87790 0 0 2 0 0 199 0 0 19383460 36785999 29678630 0 0 0 35720545 0 0 0 0 
0 0 0 0 0 0 0 0 0 0 0 0 0 0 0 0 0 0 0 0 0 0 0 3 87958 0 0 2 0 0 199 0 0 19400434 36818458 29710833 0 0 0 35754364 0 0 0 0 
0 0 0 0 0 0 0 0 0 0 0 0 0 0 0 0 0 0 0 0 0 0 0 3 88126 0 0 2 0 0 199 0 0 19423821 36855678 29744737 0 0 0 35791386 0 0 0 0 
0 0 0 0 0 0 0 0 0 0 0 0 0 0 0 0 0 0 0 0 0 0 0 3 88258 0 0 2 0 0 199 0 0 19444549 36887887 29776933 0 0 0 35824036 0 0 0 0 
0 0 0 0 0 0 0 0 0 0 0 0 0 0 0 0 0 0 0 0 0 0 0 3 88330 0 0 2 0 0 199 0 0 19460056 36919114 29799877 0 0 0 35847040 0 0 0 0 
0 0 0 0 0 0 0 0 0 0 0 0 0 0 0 0 0 0 0 0 0 0 0 3 88510 0 0 2 0 0 199 0 0 19477108 36947003 29828365 0 0 0 35880715 0 0 0 0 
0 0 0 0 0 0 0 0 0 0 0 0 0 0 0 0 0 0 0 0 0 0 0 3 88678 0 0 2 0 0 199 0 0 19493983 36978681 29860561 0 0 0 35913826 0 0 0 0 
0 0 0 0 0 0 0 0 0 0 0 0 0 0 0 0 0 0 0 0 0 0 0 3 88846 0 0 2 0 0 199 0 0 19517306 37015196 29895343 0 0 0 35950139 0 0 0 0 
0 0 0 0 0 0 0 0 0 0 0 0 0 0 0 0 0 0 0 0 0 0 0 3 88918 0 0 2 0 0 199 0 0 19537118 37049995 29929114 0 0 0 35986423 0 0 0 0 
0 0 0 0 0 0 0 0 0 0 0 0 0 0 0 0 0 0 0 0 0 0 0 3 89049 0 0 2 0 0 199 0 0 19548758 37077021 29949427 0 0 0 36009034 0 0 0 0 
0 0 0 0 0 0 0 0 0 0 0 0 0 0 0 0 0 0 0 0 0 0 0 3 89229 0 0 2 0 0 199 0 0 19567646 37107228 29978654 0 0 0 36039360 0 0 0 0 
0 0 0 0 0 0 0 0 0 0 0 0 0 0 0 0 0 0 0 0 0 0 0 3 89397 0 0 2 0 0 199 0 0 19587400 37141240 30012433 0 0 0 36075604 0 0 0 0 
0 0 0 0 0 0 0 0 0 0 0 0 0 0 0 0 0 0 0 0 0 0 0 3 89564 0 0 2 0 0 199 0 0 19610755 37177668 30047533 0 0 0 36111829 0 0 0 0 
0 0 0 0 0 0 0 0 0 0 0 0 0 0 0 0 0 0 0 0 0 0 0 3 89600 0 0 2 0 0 199 0 0 19625218 37209061 30069461 0 0 0 36135613 0 0 0 0 
0 0 0 0 0 0 0 0 0 0 0 0 0 0 0 0 0 0 0 0 0 0 0 3 89768 0 0 2 0 0 199 0 0 19641347 37238380 30099712 0 0 0 36170389 0 0 0 0 
0 0 0 0 0 0 0 0 0 0 0 0 0 0 0 0 0 0 0 0 0 0 0 3 89936 0 0 2 0 0 199 0 0 19657496 37266258 30129804 0 0 0 36200069 0 0 0 0 
0 0 0 0 0 0 0 0 0 0 0 0 0 0 0 0 0 0 0 0 0 0 0 3 90116 0 0 2 0 0 199 0 0 19680830 37302376 30164513 0 0 0 36235979 0 0 0 0 
0 0 0 0 0 0 0 0 0 0 0 0 0 0 0 0 0 0 0 0 0 0 0 3 90284 0 0 2 0 0 199 0 0 19704159 37339615 30198653 0 0 0 36273037 0 0 0 0 
0 0 0 0 0 0 0 0 0 0 0 0 0 0 0 0 0 0 0 0 0 0 0 3 90320 0 0 2 0 0 199 0 0 19721661 37371740 30223211 0 0 0 36298511 0 0 0 0 
0 0 0 0 0 0 0 0 0 0 0 0 0 0 0 0 0 0 0 0 0 0 0 3 90488 0 0 2 0 0 199 0 0 19734908 37398297 30251261 0 0 0 36329696 0 0 0 0 
0 0 0 0 0 0 0 0 0 0 0 0 0 0 0 0 0 0 0 0 0 0 0 3 90656 0 0 2 0 0 199 0 0 19751047 37428275 30280576 0 0 0 36361304 0 0 0 0 
0 0 0 0 0 0 0 0 0 0 0 0 0 0 0 0 0 0 0 0 0 0 0 3 90836 0 0 2 0 0 199 0 0 19774378 37464065 30314305 0 0 0 36396912 0 0 0 0 
0 0 0 0 0 0 0 0 0 0 0 0 0 0 0 0 0 0 0 0 0 0 0 3 91004 0 0 2 0 0 199 0 0 19797824 37501292 30349179 0 0 0 36433942 0 0 0 0 
0 0 0 0 0 0 0 0 0 0 0 0 0 0 0 0 0 0 0 0 0 0 0 3 91040 0 0 2 0 0 199 0 0 19811950 37532942 30370598 0 0 0 36458000 0 0 0 0 
0 0 0 0 0 0 0 0 0 0 0 0 0 0 0 0 0 0 0 0 0 0 0 3 91208 0 0 2 0 0 199 0 0 19828143 37560779 30402120 0 0 0 36491469 0 0 0 0 
0 0 0 0 0 0 0 0 0 0 0 0 0 0 0 0 0 0 0 0 0 0 0 3 91376 0 0 2 0 0 199 0 0 19844661 37592612 30433304 0 0 0 36524887 0 0 0 0 
0 0 0 0 0 0 0 0 0 0 0 0 0 0 0 0 0 0 0 0 0 0 0 3 91544 0 0 2 0 0 199 0 0 19867985 37628426 30466223 0 0 0 36560516 0 0 0 0 
0 0 0 0 0 0 0 0 0 0 0 0 0 0 0 0 0 0 0 0 0 0 0 3 91640 0 0 2 0 0 199 0 0 19888200 37663497 30498141 0 0 0 36596751 0 0 0 0 
0 0 0 0 0 0 0 0 0 0 0 0 0 0 0 0 0 0 0 0 0 0 0 3 91748 0 0 2 0 0 199 0 0 19903869 37696219 30519169 0 0 0 36620794 0 0 0 0 
0 0 0 0 0 0 0 0 0 0 0 0 0 0 0 0 0 0 0 0 0 0 0 3 91928 0 0 2 0 0 199 0 0 19920758 37723857 30547036 0 0 0 36653841 0 0 0 0 
0 0 0 0 0 0 0 0 0 0 0 0 0 0 0 0 0 0 0 0 0 0 0 3 92096 0 0 2 0 0 199 0 0 19938073 37756276 30579488 0 0 0 36687767 0 0 0 0 
0 0 0 0 0 0 0 0 0 0 0 0 0 0 0 0 0 0 0 0 0 0 0 3 92264 0 0 2 0 0 199 0 0 19961441 37792835 30612372 0 0 0 36724138 0 0 0 0 
0 0 0 0 0 0 0 0 0 0 0 0 0 0 0 0 0 0 0 0 0 0 0 3 92300 0 0 2 0 0 199 0 0 19980116 37826323 30636730 0 0 0 36750810 0 0 0 0 
0 0 0 0 0 0 0 0 0 0 0 0 0 0 0 0 0 0 0 0 0 0 0 3 92468 0 0 2 0 0 199 0 0 19992116 37850657 30663880 0 0 0 36779894 0 0 0 0 
0 0 0 0 0 0 0 0 0 0 0 0 0 0 0 0 0 0 0 0 0 0 0 3 92636 0 0 2 0 0 199 0 0 20008219 37879216 30694991 0 0 0 36810162 0 0 0 0 
0 0 0 0 0 0 0 0 0 0 0 0 0 0 0 0 0 0 0 0 0 0 0 3 92804 0 0 2 0 0 199 0 0 20031523 37916407 30729149 0 0 0 36847147 0 0 0 0 
0 0 0 0 0 0 0 0 0 0 0 0 0 0 0 0 0 0 0 0 0 0 0 3 92984 0 0 2 0 0 199 0 0 20054866 37953595 30764217 0 0 0 36884137 0 0 0 0 
0 0 0 0 0 0 0 0 0 0 0 0 0 0 0 0 0 0 0 0 0 0 0 3 93008 0 0 2 0 0 199 0 0 20067684 37983354 30785062 0 0 0 36906327 0 0 0 0 
0 0 0 0 0 0 0 0 0 0 0 0 0 0 0 0 0 0 0 0 0 0 0 3 93188 0 0 2 0 0 199 0 0 20084388 38011513 30813636 0 0 0 36940208 0 0 0 0 
0 0 0 0 0 0 0 0 0 0 0 0 0 0 0 0 0 0 0 0 0 0 0 3 93356 0 0 2 0 0 199 0 0 20101552 38041984 30845156 0 0 0 36972136 0 0 0 0 
0 0 0 0 0 0 0 0 0 0 0 0 0 0 0 0 0 0 0 0 0 0 0 3 93524 0 0 2 0 0 199 0 0 20124924 38078015 30878747 0 0 0 37007989 0 0 0 0 
0 0 0 0 0 0 0 0 0 0 0 0 0 0 0 0 0 0 0 0 0 0 0 3 93704 0 0 2 0 0 199 0 0 20148285 38114086 30912712 0 0 0 37043854 0 0 0 0 
0 0 0 0 0 0 0 0 0 0 0 0 0 0 0 0 0 0 0 0 0 0 0 3 93740 0 0 2 0 0 199 0 0 20162304 38146112 30934159 0 0 0 37068245 0 0 0 0 
0 0 0 0 0 0 0 0 0 0 0 0 0 0 0 0 0 0 0 0 0 0 0 3 93908 0 0 2 0 0 199 0 0 20178780 38174390 30964641 0 0 0 37102091 0 0 0 0 
0 0 0 0 0 0 0 0 0 0 0 0 0 0 0 0 0 0 0 0 0 0 0 3 94076 0 0 2 0 0 199 0 0 20195044 38204445 30994929 0 0 0 37133821 0 0 0 0 
0 0 0 0 0 0 0 0 0 0 0 0 0 0 0 0 0 0 0 0 0 0 0 3 94244 0 0 2 0 0 199 0 0 20218432 38240649 31028934 0 0 0 37169847 0 0 0 0 
0 0 0 0 0 0 0 0 0 0 0 0 0 0 0 0 0 0 0 0 0 0 0 3 94411 0 0 2 0 0 199 0 0 20241301 38276409 31062339 0 0 0 37205518 0 0 0 0 
0 0 0 0 0 0 0 0 0 0 0 0 0 0 0 0 0 0 0 0 0 0 0 3 94448 0 0 2 0 0 199 0 0 20254762 38307778 31082616 0 0 0 37229037 0 0 0 0 
0 0 0 0 0 0 0 0 0 0 0 0 0 0 0 0 0 0 0 0 0 0 0 3 94628 0 0 2 0 0 199 0 0 20272484 38335621 31113897 0 0 0 37262486 0 0 0 0 
0 0 0 0 0 0 0 0 0 0 0 0 0 0 0 0 0 0 0 0 0 0 0 3 94796 0 0 2 0 0 199 0 0 20288587 38366704 31143574 0 0 0 37295333 0 0 0 0 
0 0 0 0 0 0 0 0 0 0 0 0 0 0 0 0 0 0 0 0 0 0 0 3 94964 0 0 2 0 0 199 0 0 20311934 38404660 31176933 0 0 0 37333105 0 0 0 0 
0 0 0 0 0 0 0 0 0 0 0 0 0 0 0 0 0 0 0 0 0 0 0 3 95072 0 0 2 0 0 199 0 0 20332536 38439989 31209510 0 0 0 37369066 0 0 0 0 
0 0 0 0 0 0 0 0 0 0 0 0 0 0 0 0 0 0 0 0 0 0 0 3 95168 0 0 2 0 0 199 0 0 20344791 38469161 31227747 0 0 0 37393157 0 0 0 0 
0 0 0 0 0 0 0 0 0 0 0 0 0 0 0 0 0 0 0 0 0 0 0 3 95348 0 0 2 0 0 199 0 0 20364648 38498967 31257275 0 0 0 37425396 0 0 0 0 
0 0 0 0 0 0 0 0 0 0 0 0 0 0 0 0 0 0 0 0 0 0 0 3 95516 0 0 2 0 0 199 0 0 20381980 38532234 31289571 0 0 0 37460098 0 0 0 0 
0 0 0 0 0 0 0 0 0 0 0 0 0 0 0 0 0 0 0 0 0 0 0 3 95684 0 0 2 0 0 199 0 0 20405381 38570303 31324197 0 0 0 37497978 0 0 0 0 
0 0 0 0 0 0 0 0 0 0 0 0 0 0 0 0 0 0 0 0 0 0 0 3 95744 0 0 2 0 0 199 0 0 20424604 38605126 31353665 0 0 0 37530471 0 0 0 0 
0 0 0 0 0 0 0 0 0 0 0 0 0 0 0 0 0 0 0 0 0 0 0 3 95888 0 0 2 0 0 199 0 0 20435671 38628937 31376497 0 0 0 37554676 0 0 0 0 
0 0 0 0 0 0 0 0 0 0 0 0 0 0 0 0 0 0 0 0 0 0 0 3 96056 0 0 2 0 0 199 0 0 20452200 38660857 31407873 0 0 0 37588156 0 0 0 0 
0 0 0 0 0 0 0 0 0 0 0 0 0 0 0 0 0 0 0 0 0 0 0 3 96224 0 0 2 0 0 199 0 0 20475554 38696242 31441550 0 0 0 37623336 0 0 0 0 
0 0 0 0 0 0 0 0 0 0 0 0 0 0 0 0 0 0 0 0 0 0 0 3 96356 0 0 2 0 0 199 0 0 20497064 38730344 31474143 0 0 0 37657711 0 0 0 0 
0 0 0 0 0 0 0 0 0 0 0 0 0 0 0 0 0 0 0 0 0 0 0 3 96428 0 0 2 0 0 199 0 0 20511538 38761789 31495995 0 0 0 37681330 0 0 0 0 
0 0 0 0 0 0 0 0 0 0 0 0 0 0 0 0 0 0 0 0 0 0 0 3 96608 0 0 2 0 0 199 0 0 20528661 38788726 31524493 0 0 0 37713873 0 0 0 0 
0 0 0 0 0 0 0 0 0 0 0 0 0 0 0 0 0 0 0 0 0 0 0 3 96776 0 0 2 0 0 199 0 0 20545674 38821342 31555569 0 0 0 37747888 0 0 0 0 
0 0 0 0 0 0 0 0 0 0 0 0 0 0 0 0 0 0 0 0 0 0 0 3 96944 0 0 2 0 0 199 0 0 20569032 38857762 31588945 0 0 0 37784111 0 0 0 0 
0 0 0 0 0 0 0 0 0 0 0 0 0 0 0 0 0 0 0 0 0 0 0 3 96980 0 0 2 0 0 199 0 0 20587827 38890332 31614148 0 0 0 37809828 0 0 0 0 
0 0 0 0 0 0 0 0 0 0 0 0 0 0 0 0 0 0 0 0 0 0 0 3 97148 0 0 2 0 0 199 0 0 20599386 38914795 31638119 0 0 0 37839159 0 0 0 0 
0 0 0 0 0 0 0 0 0 0 0 0 0 0 0 0 0 0 0 0 0 0 0 3 97316 0 0 2 0 0 199 0 0 20615823 38947661 31669151 0 0 0 37873619 0 0 0 0 
0 0 0 0 0 0 0 0 0 0 0 0 0 0 0 0 0 0 0 0 0 0 0 3 97484 0 0 2 0 0 199 0 0 20639164 38982867 31702798 0 0 0 37908644 0 0 0 0 
0 0 0 0 0 0 0 0 0 0 0 0 0 0 0 0 0 0 0 0 0 0 0 3 97664 0 0 2 0 0 199 0 0 20662506 39019020 31737002 0 0 0 37944601 0 0 0 0 
0 0 0 0 0 0 0 0 0 0 0 0 0 0 0 0 0 0 0 0 0 0 0 3 97688 0 0 2 0 0 199 0 0 20675484 39049712 31755977 0 0 0 37967564 0 0 0 0 
0 0 0 0 0 0 0 0 0 0 0 0 0 0 0 0 0 0 0 0 0 0 0 3 97868 0 0 2 0 0 199 0 0 20692981 39077716 31787156 0 0 0 38001297 0 0 0 0 
0 0 0 0 0 0 0 0 0 0 0 0 0 0 0 0 0 0 0 0 0 0 0 3 98036 0 0 2 0 0 199 0 0 20709324 39106938 31817580 0 0 0 38032160 0 0 0 0 
0 0 0 0 0 0 0 0 0 0 0 0 0 0 0 0 0 0 0 0 0 0 0 3 98216 0 0 2 0 0 199 0 0 20732728 39143759 31851402 0 0 0 38068780 0 0 0 0 
0 0 0 0 0 0 0 0 0 0 0 0 0 0 0 0 0 0 0 0 0 0 0 3 98384 0 0 2 0 0 199 0 0 20756036 39181518 31884236 0 0 0 38106332 0 0 0 0 
0 0 0 0 0 0 0 0 0 0 0 0 0 0 0 0 0 0 0 0 0 0 0 3 98420 0 0 2 0 0 199 0 0 20769588 39213284 31904510 0 0 0 38130232 0 0 0 0 
0 0 0 0 0 0 0 0 0 0 0 0 0 0 0 0 0 0 0 0 0 0 0 3 98588 0 0 2 0 0 199 0 0 20786574 39242126 31935282 0 0 0 38164881 0 0 0 0 
0 0 0 0 0 0 0 0 0 0 0 0 0 0 0 0 0 0 0 0 0 0 0 3 98756 0 0 2 0 0 199 0 0 20802838 39270872 31965776 0 0 0 38195314 0 0 0 0 
0 0 0 0 0 0 0 0 0 0 0 0 0 0 0 0 0 0 0 0 0 0 0 3 98924 0 0 2 0 0 199 0 0 20826142 39306922 31999955 0 0 0 38231170 0 0 0 0 
0 0 0 0 0 0 0 0 0 0 0 0 0 0 0 0 0 0 0 0 0 0 0 3 99020 0 0 2 0 0 199 0 0 20846078 39340513 32032685 0 0 0 38266148 0 0 0 0 
0 0 0 0 0 0 0 0 0 0 0 0 0 0 0 0 0 0 0 0 0 0 0 3 99128 0 0 2 0 0 199 0 0 20861893 39373096 32054700 0 0 0 38289954 0 0 0 0 
0 0 0 0 0 0 0 0 0 0 0 0 0 0 0 0 0 0 0 0 0 0 0 3 99308 0 0 2 0 0 199 0 0 20877350 39398755 32082842 0 0 0 38320397 0 0 0 0 
0 0 0 0 0 0 0 0 0 0 0 0 0 0 0 0 0 0 0 0 0 0 0 3 99476 0 0 2 0 0 199 0 0 20896260 39432410 32116343 0 0 0 38356076 0 0 0 0 
0 0 0 0 0 0 0 0 0 0 0 0 0 0 0 0 0 0 0 0 0 0 0 3 99644 0 0 2 0 0 199 0 0 20919691 39469061 32151010 0 0 0 38392548 0 0 0 0 
0 0 0 0 0 0 0 0 0 0 0 0 0 0 0 0 0 0 0 0 0 0 0 3 99716 0 0 2 0 0 199 0 0 20939421 39503016 32184119 0 0 0 38428039 0 0 0 0 
0 0 0 0 0 0 0 0 0 0 0 0 0 0 0 0 0 0 0 0 0 0 0 3 99848 0 0 2 0 0 199 0 0 20955614 39534411 32205979 0 0 0 38450434 0 0 0 0 
0 0 0 0 0 0 0 0 0 0 0 0 0 0 0 0 0 0 0 0 0 0 0 3 100028 0 0 2 0 0 199 0 0 20968002 39558557 32232901 0 0 0 38480271 0 0 0 0 
0 0 0 0 0 0 0 0 0 0 0 0 0 0 0 0 0 0 0 0 0 0 0 3 100196 0 0 2 0 0 199 0 0 20989829 39592930 32267261 0 0 0 38515824 0 0 0 0 
0 0 0 0 0 0 0 0 0 0 0 0 0 0 0 0 0 0 0 0 0 0 0 3 100364 0 0 2 0 0 199 0 0 21013131 39630793 32301449 0 0 0 38553492 0 0 0 0 
0 0 0 0 0 0 0 0 0 0 0 0 0 0 0 0 0 0 0 0 0 0 0 3 100400 0 0 2 0 0 199 0 0 21031648 39665583 32328154 0 0 0 38581451 0 0 0 0 
0 0 0 0 0 0 0 0 0 0 0 0 0 0 0 0 0 0 0 0 0 0 0 3 100568 0 0 2 0 0 199 0 0 21043648 39689588 32353719 0 0 0 38610379 0 0 0 0 
0 0 0 0 0 0 0 0 0 0 0 0 0 0 0 0 0 0 0 0 0 0 0 3 100736 0 0 2 0 0 199 0 0 21059934 39720619 32383556 0 0 0 38642942 0 0 0 0 
0 0 0 0 0 0 0 0 0 0 0 0 0 0 0 0 0 0 0 0 0 0 0 3 100904 0 0 2 0 0 199 0 0 21083327 39756479 32417721 0 0 0 38678621 0 0 0 0 
0 0 0 0 0 0 0 0 0 0 0 0 0 0 0 0 0 0 0 0 0 0 0 3 100988 0 0 2 0 0 199 0 0 21103227 39789817 32450502 0 0 0 38713379 0 0 0 0 
0 0 0 0 0 0 0 0 0 0 0 0 0 0 0 0 0 0 0 0 0 0 0 3 101108 0 0 2 0 0 199 0 0 21117012 39821026 32470352 0 0 0 38737926 0 0 0 0 
0 0 0 0 0 0 0 0 0 0 0 0 0 0 0 0 0 0 0 0 0 0 0 3 101288 0 0 2 0 0 199 0 0 21134794 39849324 32499303 0 0 0 38769027 0 0 0 0 
0 0 0 0 0 0 0 0 0 0 0 0 0 0 0 0 0 0 0 0 0 0 0 3 101456 0 0 2 0 0 199 0 0 21153348 39882272 32533299 0 0 0 38803861 0 0 0 0 
0 0 0 0 0 0 0 0 0 0 0 0 0 0 0 0 0 0 0 0 0 0 0 3 101624 0 0 2 0 0 199 0 0 21176605 39920088 32567898 0 0 0 38841490 0 0 0 0 
0 0 0 0 0 0 0 0 0 0 0 0 0 0 0 0 0 0 0 0 0 0 0 3 101660 0 0 2 0 0 199 0 0 21194466 39952789 32592142 0 0 0 38867286 0 0 0 0 
0 0 0 0 0 0 0 0 0 0 0 0 0 0 0 0 0 0 0 0 0 0 0 3 101828 0 0 2 0 0 199 0 0 21207312 39977788 32619082 0 0 0 38897035 0 0 0 0 
0 0 0 0 0 0 0 0 0 0 0 0 0 0 0 0 0 0 0 0 0 0 0 3 101996 0 0 2 0 0 199 0 0 21223336 40005240 32647627 0 0 0 38926282 0 0 0 0 
0 0 0 0 0 0 0 0 0 0 0 0 0 0 0 0 0 0 0 0 0 0 0 3 102176 0 0 2 0 0 199 0 0 21246713 40041359 32682788 0 0 0 38962199 0 0 0 0 
0 0 0 0 0 0 0 0 0 0 0 0 0 0 0 0 0 0 0 0 0 0 0 3 102344 0 0 2 0 0 199 0 0 21270006 40078489 32717615 0 0 0 38999140 0 0 0 0 
0 0 0 0 0 0 0 0 0 0 0 0 0 0 0 0 0 0 0 0 0 0 0 3 102368 0 0 2 0 0 199 0 0 21283063 40107954 32738625 0 0 0 39020742 0 0 0 0 
0 0 0 0 0 0 0 0 0 0 0 0 0 0 0 0 0 0 0 0 0 0 0 3 102548 0 0 2 0 0 199 0 0 21300098 40135216 32769720 0 0 0 39053845 0 0 0 0 
0 0 0 0 0 0 0 0 0 0 0 0 0 0 0 0 0 0 0 0 0 0 0 3 102716 0 0 2 0 0 199 0 0 21316685 40167561 32801152 0 0 0 39087835 0 0 0 0 
0 0 0 0 0 0 0 0 0 0 0 0 0 0 0 0 0 0 0 0 0 0 0 3 102884 0 0 2 0 0 199 0 0 21340029 40204257 32835250 0 0 0 39124334 0 0 0 0 
0 0 0 0 0 0 0 0 0 0 0 0 0 0 0 0 0 0 0 0 0 0 0 3 102968 0 0 2 0 0 199 0 0 21359921 40237570 32868503 0 0 0 39159055 0 0 0 0 
0 0 0 0 0 0 0 0 0 0 0 0 0 0 0 0 0 0 0 0 0 0 0 3 103088 0 0 2 0 0 199 0 0 21375657 40269023 32890203 0 0 0 39181842 0 0 0 0 
0 0 0 0 0 0 0 0 0 0 0 0 0 0 0 0 0 0 0 0 0 0 0 3 103268 0 0 2 0 0 199 0 0 21392392 40293883 32917863 0 0 0 39211796 0 0 0 0 
0 0 0 0 0 0 0 0 0 0 0 0 0 0 0 0 0 0 0 0 0 0 0 3 103436 0 0 2 0 0 199 0 0 21410022 40327616 32950408 0 0 0 39247128 0 0 0 0 
0 0 0 0 0 0 0 0 0 0 0 0 0 0 0 0 0 0 0 0 0 0 0 3 103604 0 0 2 0 0 199 0 0 21433334 40365208 32983564 0 0 0 39284535 0 0 0 0 
0 0 0 0 0 0 0 0 0 0 0 0 0 0 0 0 0 0 0 0 0 0 0 3 103664 0 0 2 0 0 199 0 0 21452531 40400794 33016456 0 0 0 39321557 0 0 0 0 
0 0 0 0 0 0 0 0 0 0 0 0 0 0 0 0 0 0 0 0 0 0 0 3 103808 0 0 2 0 0 199 0 0 21464100 40426700 33035896 0 0 0 39343812 0 0 0 0 
0 0 0 0 0 0 0 0 0 0 0 0 0 0 0 0 0 0 0 0 0 0 0 3 103976 0 0 2 0 0 199 0 0 21480055 40456082 33067249 0 0 0 39375035 0 0 0 0 
0 0 0 0 0 0 0 0 0 0 0 0 0 0 0 0 0 0 0 0 0 0 0 3 104144 0 0 2 0 0 199 0 0 21503364 40492285 33100494 0 0 0 39411052 0 0 0 0 
0 0 0 0 0 0 0 0 0 0 0 0 0 0 0 0 0 0 0 0 0 0 0 3 104252 0 0 2 0 0 199 0 0 21523979 40526219 33132438 0 0 0 39445616 0 0 0 0 
0 0 0 0 0 0 0 0 0 0 0 0 0 0 0 0 0 0 0 0 0 0 0 3 104348 0 0 2 0 0 199 0 0 21536704 40555158 33153243 0 0 0 39468965 0 0 0 0 
0 0 0 0 0 0 0 0 0 0 0 0 0 0 0 0 0 0 0 0 0 0 0 3 104528 0 0 2 0 0 199 0 0 21554756 40583464 33181663 0 0 0 39499731 0 0 0 0 
0 0 0 0 0 0 0 0 0 0 0 0 0 0 0 0 0 0 0 0 0 0 0 3 104696 0 0 2 0 0 199 0 0 21573363 40616389 33214419 0 0 0 39534579 0 0 0 0 
0 0 0 0 0 0 0 0 0 0 0 0 0 0 0 0 0 0 0 0 0 0 0 3 104864 0 0 2 0 0 199 0 0 21596788 40654511 33248709 0 0 0 39572507 0 0 0 0 
0 0 0 0 0 0 0 0 0 0 0 0 0 0 0 0 0 0 0 0 0 0 0 3 104929 0 0 2 0 0 199 0 0 21616041 40688916 33281931 0 0 0 39608472 0 0 0 0 
0 0 0 0 0 0 0 0 0 0 0 0 0 0 0 0 0 0 0 0 0 0 0 3 105068 0 0 2 0 0 199 0 0 21627841 40714474 33300851 0 0 0 39630029 0 0 0 0 
0 0 0 0 0 0 0 0 0 0 0 0 0 0 0 0 0 0 0 0 0 0 0 3 105248 0 0 2 0 0 199 0 0 21646683 40745302 33330147 0 0 0 39660431 0 0 0 0 
0 0 0 0 0 0 0 0 0 0 0 0 0 0 0 0 0 0 0 0 0 0 0 3 105416 0 0 2 0 0 199 0 0 21666857 40779143 33364323 0 0 0 39696575 0 0 0 0 
0 0 0 0 0 0 0 0 0 0 0 0 0 0 0 0 0 0 0 0 0 0 0 3 105584 0 0 2 0 0 199 0 0 21690264 40816544 33397876 0 0 0 39733796 0 0 0 0 
0 0 0 0 0 0 0 0 0 0 0 0 0 0 0 0 0 0 0 0 0 0 0 3 105608 0 0 2 0 0 199 0 0 21703273 40847160 33418341 0 0 0 39756657 0 0 0 0 
0 0 0 0 0 0 0 0 0 0 0 0 0 0 0 0 0 0 0 0 0 0 0 3 105788 0 0 2 0 0 199 0 0 21718673 40874088 33446788 0 0 0 39789176 0 0 0 0 
0 0 0 0 0 0 0 0 0 0 0 0 0 0 0 0 0 0 0 0 0 0 0 3 105956 0 0 2 0 0 199 0 0 21737082 40907176 33479777 0 0 0 39824062 0 0 0 0 
0 0 0 0 0 0 0 0 0 0 0 0 0 0 0 0 0 0 0 0 0 0 0 3 106124 0 0 2 0 0 199 0 0 21760374 40944882 33512490 0 0 0 39861586 0 0 0 0 
0 0 0 0 0 0 0 0 0 0 0 0 0 0 0 0 0 0 0 0 0 0 0 3 106184 0 0 2 0 0 199 0 0 21779600 40979199 33541611 0 0 0 39893598 0 0 0 0 
0 0 0 0 0 0 0 0 0 0 0 0 0 0 0 0 0 0 0 0 0 0 0 3 106328 0 0 2 0 0 199 0 0 21791071 41005725 33562793 0 0 0 39920312 0 0 0 0 
0 0 0 0 0 0 0 0 0 0 0 0 0 0 0 0 0 0 0 0 0 0 0 3 106496 0 0 2 0 0 199 0 0 21807081 41034853 33591665 0 0 0 39951175 0 0 0 0 
0 0 0 0 0 0 0 0 0 0 0 0 0 0 0 0 0 0 0 0 0 0 0 3 106664 0 0 2 0 0 199 0 0 21830441 41070118 33625073 0 0 0 39986244 0 0 0 0 
0 0 0 0 0 0 0 0 0 0 0 0 0 0 0 0 0 0 0 0 0 0 0 3 106843 0 0 2 0 0 199 0 0 21853896 41105850 33658993 0 0 0 40021777 0 0 0 0 
0 0 0 0 0 0 0 0 0 0 0 0 0 0 0 0 0 0 0 0 0 0 0 3 106867 0 0 2 0 0 199 0 0 21866999 41137240 33679578 0 0 0 40045312 0 0 0 0 
0 0 0 0 0 0 0 0 0 0 0 0 0 0 0 0 0 0 0 0 0 0 0 3 107047 0 0 2 0 0 199 0 0 21884125 41164243 33709434 0 0 0 40078228 0 0 0 0 
0 0 0 0 0 0 0 0 0 0 0 0 0 0 0 0 0 0 0 0 0 0 0 3 107215 0 0 2 0 0 199 0 0 21900699 41196373 33742016 0 0 0 40111912 0 0 0 0 
0 0 0 0 0 0 0 0 0 0 0 0 0 0 0 0 0 0 0 0 0 0 0 3 107383 0 0 2 0 0 199 0 0 21924040 41234288 33776641 0 0 0 40149626 0 0 0 0 
0 0 0 0 0 0 0 0 0 0 0 0 0 0 0 0 0 0 0 0 0 0 0 3 107443 0 0 2 0 0 199 0 0 21943201 41268604 33809126 0 0 0 40184905 0 0 0 0 
0 0 0 0 0 0 0 0 0 0 0 0 0 0 0 0 0 0 0 0 0 0 0 3 107587 0 0 2 0 0 199 0 0 21959111 41299690 33831283 0 0 0 40208348 0 0 0 0 
0 0 0 0 0 0 0 0 0 0 0 0 0 0 0 0 0 0 0 0 0 0 0 3 107767 0 0 2 0 0 199 0 0 21977279 41327227 33860094 0 0 0 40240490 0 0 0 0 
0 0 0 0 0 0 0 0 0 0 0 0 0 0 0 0 0 0 0 0 0 0 0 3 107935 0 0 2 0 0 199 0 0 21994137 41360263 33893304 0 0 0 40275029 0 0 0 0 
0 0 0 0 0 0 0 0 0 0 0 0 0 0 0 0 0 0 0 0 0 0 0 3 108103 0 0 2 0 0 199 0 0 22017401 41396879 33925945 0 0 0 40311452 0 0 0 0 
0 0 0 0 0 0 0 0 0 0 0 0 0 0 0 0 0 0 0 0 0 0 0 3 108175 0 0 2 0 0 199 0 0 22037308 41431703 33958056 0 0 0 40347724 0 0 0 0 
0 0 0 0 0 0 0 0 0 0 0 0 0 0 0 0 0 0 0 0 0 0 0 3 108307 0 0 2 0 0 199 0 0 22049769 41458852 33976603 0 0 0 40369659 0 0 0 0 
0 0 0 0 0 0 0 0 0 0 0 0 0 0 0 0 0 0 0 0 0 0 0 3 108487 0 0 2 0 0 199 0 0 22068467 41488782 34005884 0 0 0 40400687 0 0 0 0 
0 0 0 0 0 0 0 0 0 0 0 0 0 0 0 0 0 0 0 0 0 0 0 3 108655 0 0 2 0 0 199 0 0 22087658 41522674 34038456 0 0 0 40436670 0 0 0 0 
0 0 0 0 0 0 0 0 0 0 0 0 0 0 0 0 0 0 0 0 0 0 0 3 108823 0 0 2 0 0 199 0 0 22111028 41559893 34071932 0 0 0 40473694 0 0 0 0 
0 0 0 0 0 0 0 0 0 0 0 0 0 0 0 0 0 0 0 0 0 0 0 3 108859 0 0 2 0 0 199 0 0 22129429 41594158 34097482 0 0 0 40501176 0 0 0 0 
0 0 0 0 0 0 0 0 0 0 0 0 0 0 0 0 0 0 0 0 0 0 0 3 109027 0 0 2 0 0 199 0 0 22141693 41618378 34123975 0 0 0 40530081 0 0 0 0 
0 0 0 0 0 0 0 0 0 0 0 0 0 0 0 0 0 0 0 0 0 0 0 3 109195 0 0 2 0 0 199 0 0 22157803 41647919 34154704 0 0 0 40561344 0 0 0 0 
0 0 0 0 0 0 0 0 0 0 0 0 0 0 0 0 0 0 0 0 0 0 0 3 109363 0 0 2 0 0 199 0 0 22181071 41684603 34188371 0 0 0 40597845 0 0 0 0 
0 0 0 0 0 0 0 0 0 0 0 0 0 0 0 0 0 0 0 0 0 0 0 3 109435 0 0 2 0 0 199 0 0 22200943 41719774 34220520 0 0 0 40634438 0 0 0 0 
0 0 0 0 0 0 0 0 0 0 0 0 0 0 0 0 0 0 0 0 0 0 0 3 109567 0 0 2 0 0 199 0 0 22215016 41748337 34241560 0 0 0 40656052 0 0 0 0 
0 0 0 0 0 0 0 0 0 0 0 0 0 0 0 0 0 0 0 0 0 0 0 3 109747 0 0 2 0 0 199 0 0 22232680 41776263 34270321 0 0 0 40687086 0 0 0 0 
0 0 0 0 0 0 0 0 0 0 0 0 0 0 0 0 0 0 0 0 0 0 0 3 109915 0 0 2 0 0 199 0 0 22251098 41807736 34301881 0 0 0 40720417 0 0 0 0 
0 0 0 0 0 0 0 0 0 0 0 0 0 0 0 0 0 0 0 0 0 0 0 3 110083 0 0 2 0 0 199 0 0 22274377 41845503 34335877 0 0 0 40758000 0 0 0 0 
0 0 0 0 0 0 0 0 0 0 0 0 0 0 0 0 0 0 0 0 0 0 0 3 110143 0 0 2 0 0 199 0 0 22293653 41879262 34370394 0 0 0 40793365 0 0 0 0 
0 0 0 0 0 0 0 0 0 0 0 0 0 0 0 0 0 0 0 0 0 0 0 3 110287 0 0 2 0 0 199 0 0 22308173 41907738 34389945 0 0 0 40814920 0 0 0 0 
0 0 0 0 0 0 0 0 0 0 0 0 0 0 0 0 0 0 0 0 0 0 0 3 110455 0 0 2 0 0 199 0 0 22321164 41930976 34416153 0 0 0 40843085 0 0 0 0 
0 0 0 0 0 0 0 0 0 0 0 0 0 0 0 0 0 0 0 0 0 0 0 3 110635 0 0 2 0 0 199 0 0 22344449 41967264 34449669 0 0 0 40879173 0 0 0 0 
0 0 0 0 0 0 0 0 0 0 0 0 0 0 0 0 0 0 0 0 0 0 0 3 110755 0 0 2 0 0 199 0 0 22366533 42003579 34483488 0 0 0 40915594 0 0 0 0 
0 0 0 0 0 0 0 0 0 0 0 0 0 0 0 0 0 0 0 0 0 0 0 3 110827 0 0 2 0 0 199 0 0 22380673 42035374 34504776 0 0 0 40939417 0 0 0 0 
0 0 0 0 0 0 0 0 0 0 0 0 0 0 0 0 0 0 0 0 0 0 0 3 111007 0 0 2 0 0 199 0 0 22397001 42062501 34534738 0 0 0 40972312 0 0 0 0 
<====
0 0 0 0 0 0 0 0 0 0 0 0 0 0 0 0 0 0 0 0 0 0 0 3 0 111155 111120 0 0 200 0 0 0 76674206 22419823 0 0 0 0 0 41005767 0 0 0 
0 0 0 0 0 0 0 0 0 0 0 0 0 0 0 0 0 0 0 0 0 0 0 3 0 111155 111120 0 0 200 0 0 0 76674206 22419823 0 0 0 0 0 41005767 0 0 0 
0 0 0 0 0 0 0 0 0 0 0 0 0 0 0 0 0 0 0 0 0 0 0 3 0 111155 111120 0 0 200 0 0 0 76674206 22419823 0 0 0 0 0 41005767 0 0 0 
0 0 0 0 0 0 0 0 0 0 0 0 0 0 0 0 0 0 0 0 0 0 0 3 0 111155 111120 0 0 200 0 0 0 76674206 22419823 0 0 0 0 0 41005767 0 0 0 
0 0 0 0 0 0 0 0 0 0 0 0 0 0 0 0 0 0 0 0 0 0 0 3 0 111155 111120 0 0 200 0 0 0 76674206 22419823 0 0 0 0 0 41005767 0 0 0 
0 0 0 0 0 0 0 0 0 0 0 0 0 0 0 0 0 0 0 0 0 0 0 3 0 111155 111120 0 0 200 0 0 0 76674206 22419823 0 0 0 0 0 41005767 0 0 0 
0 0 0 0 0 0 0 0 0 0 0 0 0 0 0 0 0 0 0 0 0 0 0 3 0 111155 111120 0 0 200 0 0 0 76674206 22419823 0 0 0 0 0 41005767 0 0 0 
0 0 0 0 0 0 0 0 0 0 0 0 0 0 0 0 0 0 0 0 0 0 0 3 0 111155 111120 0 0 200 0 0 0 76674206 22419823 0 0 0 0 0 41005767 0 0 0 
0 0 0 0 0 0 0 0 0 0 0 0 0 0 0 0 0 0 0 0 0 0 0 3 0 111155 111120 0 0 200 0 0 0 76674206 22419823 0 0 0 0 0 41005767 0 0 0 
0 0 0 0 0 0 0 0 0 0 0 0 0 0 0 0 0 0 0 0 0 0 0 3 0 111155 111120 0 0 200 0 0 0 76674206 22419823 0 0 0 0 0 41005767 0 0 0 
0 0 0 0 0 0 0 0 0 0 0 0 0 0 0 0 0 0 0 0 0 0 0 3 0 111155 111120 0 0 200 0 0 0 76674206 22419823 0 0 0 0 0 41005767 0 0 0 
0 0 0 0 0 0 0 0 0 0 0 0 0 0 0 0 0 0 0 0 0 0 0 3 0 111155 111120 0 0 200 0 0 0 76674206 22419823 0 0 0 0 0 41005767 0 0 0 
0 0 0 0 0 0 0 0 0 0 0 0 0 0 0 0 0 0 0 0 0 0 0 3 0 111155 111120 0 0 200 0 0 0 76674206 22419823 0 0 0 0 0 41005767 0 0 0 
0 0 0 0 0 0 0 0 0 0 0 0 0 0 0 0 0 0 0 0 0 0 0 3 0 111155 111120 0 0 200 0 0 0 76674206 22419823 0 0 0 0 0 41005767 0 0 0 
0 0 0 0 0 0 0 0 0 0 0 0 0 0 0 0 0 0 0 0 0 0 0 3 0 111155 111120 0 0 200 0 0 0 76674206 22419823 0 0 0 0 0 41005767 0 0 0 
0 0 0 0 0 0 0 0 0 0 0 0 0 0 0 0 0 0 0 0 0 0 0 3 0 111155 111120 0 0 200 0 0 0 76674206 22419823 0 0 0 0 0 41005767 0 0 0 
0 0 0 0 0 0 0 0 0 0 0 0 0 0 0 0 0 0 0 0 0 0 0 3 0 111155 111120 0 0 200 0 0 0 76674206 22419823 0 0 0 0 0 41005767 0 0 0 
0 0 0 0 0 0 0 0 0 0 0 0 0 0 0 0 0 0 0 0 0 0 0 3 0 111155 111120 0 0 200 0 0 0 76674206 22419823 0 0 0 0 0 41005767 0 0 0 
0 0 0 0 0 0 0 0 0 0 0 0 0 0 0 0 0 0 0 0 0 0 0 3 0 111155 111120 0 0 200 0 0 0 76674206 22419823 0 0 0 0 0 41005767 0 0 0 
0 0 0 0 0 0 0 0 0 0 0 0 0 0 0 0 0 0 0 0 0 0 0 3 0 111155 111120 0 0 200 0 0 0 76674206 22419823 0 0 0 0 0 41005767 0 0 0 
0 0 0 0 0 0 0 0 0 0 0 0 0 0 0 0 0 0 0 0 0 0 0 3 0 111155 111120 0 0 200 0 0 0 76674206 22419823 0 0 0 0 0 41005767 0 0 0 
0 0 0 0 0 0 0 0 0 0 0 0 0 0 0 0 0 0 0 0 0 0 0 3 0 111155 111120 0 0 200 0 0 0 76674206 22419823 0 0 0 0 0 41005767 0 0 0 
0 0 0 0 0 0 0 0 0 0 0 0 0 0 0 0 0 0 0 0 0 0 0 3 0 111155 111120 0 0 200 0 0 0 76674206 22419823 0 0 0 0 0 41005767 0 0 0 
0 0 0 0 0 0 0 0 0 0 0 0 0 0 0 0 0 0 0 0 0 0 0 3 0 111155 111120 0 0 200 0 0 0 76674206 22419823 0 0 0 0 0 41005767 0 0 0 
0 0 0 0 0 0 0 0 0 0 0 0 0 0 0 0 0 0 0 0 0 0 0 3 0 111155 111120 0 0 200 0 0 0 76674206 22419823 0 0 0 0 0 41005767 0 0 0 
0 0 0 0 0 0 0 0 0 0 0 0 0 0 0 0 0 0 0 0 0 0 0 3 0 111155 111120 0 0 200 0 0 0 76674206 22419823 0 0 0 0 0 41005767 0 0 0 
0 0 0 0 0 0 0 0 0 0 0 0 0 0 0 0 0 0 0 0 0 0 0 3 0 111155 111120 0 0 200 0 0 0 76674206 22419823 0 0 0 0 0 41005767 0 0 0 
0 0 0 0 0 0 0 0 0 0 0 0 0 0 0 0 0 0 0 0 0 0 0 3 0 111155 111120 0 0 200 0 0 0 76674206 22419823 0 0 0 0 0 41005767 0 0 0 
0 0 0 0 0 0 0 0 0 0 0 0 0 0 0 0 0 0 0 0 0 0 0 3 0 111155 111120 0 0 200 0 0 0 76674206 22419823 0 0 0 0 0 41005767 0 0 0 
0 0 0 0 0 0 0 0 0 0 0 0 0 0 0 0 0 0 0 0 0 0 0 3 0 111155 111120 0 0 200 0 0 0 76674206 22419823 0 0 0 0 0 41005767 0 0 0 
0 0 0 0 0 0 0 0 0 0 0 0 0 0 0 0 0 0 0 0 0 0 0 3 0 111155 111120 0 0 200 0 0 0 76674206 22419823 0 0 0 0 0 41005767 0 0 0 
0 0 0 0 0 0 0 0 0 0 0 0 0 0 0 0 0 0 0 0 0 0 0 3 0 111155 111120 0 0 200 0 0 0 76674206 22419823 0 0 0 0 0 41005767 0 0 0 
0 0 0 0 0 0 0 0 0 0 0 0 0 0 0 0 0 0 0 0 0 0 0 3 0 111155 111120 0 0 200 0 0 0 76674206 22419823 0 0 0 0 0 41005767 0 0 0 
0 0 0 0 0 0 0 0 0 0 0 0 0 0 0 0 0 0 0 0 0 0 0 3 0 111155 111120 0 0 200 0 0 0 76674206 22419823 0 0 0 0 0 41005767 0 0 0 
0 0 0 0 0 0 0 0 0 0 0 0 0 0 0 0 0 0 0 0 0 0 0 3 0 111155 111120 0 0 200 0 0 0 76674206 22419823 0 0 0 0 0 41005767 0 0 0 
0 0 0 0 0 0 0 0 0 0 0 0 0 0 0 0 0 0 0 0 0 0 0 3 0 111155 111120 0 0 200 0 0 0 76674206 22419823 0 0 0 0 0 41005767 0 0 0 
0 0 0 0 0 0 0 0 0 0 0 0 0 0 0 0 0 0 0 0 0 0 0 3 0 111155 111120 0 0 200 0 0 0 76674206 22419823 0 0 0 0 0 41005767 0 0 0 
0 0 0 0 0 0 0 0 0 0 0 0 0 0 0 0 0 0 0 0 0 0 0 3 0 111155 111120 0 0 200 0 0 0 76674206 22419823 0 0 0 0 0 41005767 0 0 0 
0 0 0 0 0 0 0 0 0 0 0 0 0 0 0 0 0 0 0 0 0 0 0 3 0 111155 111120 0 0 200 0 0 0 76674206 22419823 0 0 0 0 0 41005767 0 0 0 
0 0 0 0 0 0 0 0 0 0 0 0 0 0 0 0 0 0 0 0 0 0 0 3 0 111155 111120 0 0 200 0 0 0 76674206 22419823 0 0 0 0 0 41005767 0 0 0 
0 0 0 0 0 0 0 0 0 0 0 0 0 0 0 0 0 0 0 0 0 0 0 3 0 111155 111120 0 0 200 0 0 0 76674206 22419823 0 0 0 0 0 41005767 0 0 0 
0 0 0 0 0 0 0 0 0 0 0 0 0 0 0 0 0 0 0 0 0 0 0 3 0 111155 111120 0 0 200 0 0 0 76674206 22419823 0 0 0 0 0 41005767 0 0 0 
0 0 0 0 0 0 0 0 0 0 0 0 0 0 0 0 0 0 0 0 0 0 0 3 0 111155 111120 0 0 200 0 0 0 76674206 22419823 0 0 0 0 0 41005767 0 0 0 
0 0 0 0 0 0 0 0 0 0 0 0 0 0 0 0 0 0 0 0 0 0 0 3 0 111155 111120 0 0 200 0 0 0 76674206 22419823 0 0 0 0 0 41005767 0 0 0 
0 0 0 0 0 0 0 0 0 0 0 0 0 0 0 0 0 0 0 0 0 0 0 3 0 111155 111120 0 0 200 0 0 0 76674206 22419823 0 0 0 0 0 41005767 0 0 0 
0 0 0 0 0 0 0 0 0 0 0 0 0 0 0 0 0 0 0 0 0 0 0 3 0 111155 111120 0 0 200 0 0 0 76674206 22419823 0 0 0 0 0 41005767 0 0 0 
0 0 0 0 0 0 0 0 0 0 0 0 0 0 0 0 0 0 0 0 0 0 0 3 0 111155 111120 0 0 200 0 0 0 76674206 22419823 0 0 0 0 0 41005767 0 0 0 
0 0 0 0 0 0 0 0 0 0 0 0 0 0 0 0 0 0 0 0 0 0 0 3 0 111155 111120 0 0 200 0 0 0 76674206 22419823 0 0 0 0 0 41005767 0 0 0 
0 0 0 0 0 0 0 0 0 0 0 0 0 0 0 0 0 0 0 0 0 0 0 3 0 111155 111120 0 0 200 0 0 0 76674206 22419823 0 0 0 0 0 41005767 0 0 0 
0 0 0 0 0 0 0 0 0 0 0 0 0 0 0 0 0 0 0 0 0 0 0 3 0 111155 111120 0 0 200 0 0 0 76674206 22419823 0 0 0 0 0 41005767 0 0 0 
0 0 0 0 0 0 0 0 0 0 0 0 0 0 0 0 0 0 0 0 0 0 0 3 0 111155 111120 0 0 200 0 0 0 76674206 22419823 0 0 0 0 0 41005767 0 0 0 
0 0 0 0 0 0 0 0 0 0 0 0 0 0 0 0 0 0 0 0 0 0 0 3 0 111155 111120 0 0 200 0 0 0 76674206 22419823 0 0 0 0 0 41005767 0 0 0 
0 0 0 0 0 0 0 0 0 0 0 0 0 0 0 0 0 0 0 0 0 0 0 3 0 111155 111120 0 0 200 0 0 0 76674206 22419823 0 0 0 0 0 41005767 0 0 0 
0 0 0 0 0 0 0 0 0 0 0 0 0 0 0 0 0 0 0 0 0 0 0 3 0 111155 111120 0 0 200 0 0 0 76674206 22419823 0 0 0 0 0 41005767 0 0 0 
0 0 0 0 0 0 0 0 0 0 0 0 0 0 0 0 0 0 0 0 0 0 0 3 0 111155 111120 0 0 200 0 0 0 76674206 22419823 0 0 0 0 0 41005767 0 0 0 
0 0 0 0 0 0 0 0 0 0 0 0 0 0 0 0 0 0 0 0 0 0 0 3 0 111155 111120 0 0 200 0 0 0 76674206 22419823 0 0 0 0 0 41005767 0 0 0 
0 0 0 0 0 0 0 0 0 0 0 0 0 0 0 0 0 0 0 0 0 0 0 3 0 111155 111120 0 0 200 0 0 0 76674206 22419823 0 0 0 0 0 41005767 0 0 0 
0 0 0 0 0 0 0 0 0 0 0 0 0 0 0 0 0 0 0 0 0 0 0 3 0 111155 111120 0 0 200 0 0 0 76674206 22419823 0 0 0 0 0 41005767 0 0 0 
0 0 0 0 0 0 0 0 0 0 0 0 0 0 0 0 0 0 0 0 0 0 0 3 0 111155 111120 0 0 200 0 0 0 76674206 22419823 0 0 0 0 0 41005767 0 0 0 
0 0 0 0 0 0 0 0 0 0 0 0 0 0 0 0 0 0 0 0 0 0 0 3 0 111155 111120 0 0 200 0 0 0 76674206 22419823 0 0 0 0 0 41005767 0 0 0 
0 0 0 0 0 0 0 0 0 0 0 0 0 0 0 0 0 0 0 0 0 0 0 3 0 111155 111120 0 0 200 0 0 0 76674206 22419823 0 0 0 0 0 41005767 0 0 0 
0 0 0 0 0 0 0 0 0 0 0 0 0 0 0 0 0 0 0 0 0 0 0 3 0 111155 111120 0 0 200 0 0 0 76674206 22419823 0 0 0 0 0 41005767 0 0 0 
0 0 0 0 0 0 0 0 0 0 0 0 0 0 0 0 0 0 0 0 0 0 0 3 0 111155 111120 0 0 200 0 0 0 76674206 22419823 0 0 0 0 0 41005767 0 0 0 
0 0 0 0 0 0 0 0 0 0 0 0 0 0 0 0 0 0 0 0 0 0 0 3 0 111155 111120 0 0 200 0 0 0 76674206 22419823 0 0 0 0 0 41005767 0 0 0 
0 0 0 0 0 0 0 0 0 0 0 0 0 0 0 0 0 0 0 0 0 0 0 3 0 111155 111120 0 0 200 0 0 0 76674206 22419823 0 0 0 0 0 41005767 0 0 0 
0 0 0 0 0 0 0 0 0 0 0 0 0 0 0 0 0 0 0 0 0 0 0 3 0 111155 111120 0 0 200 0 0 0 76674206 22419823 0 0 0 0 0 41005767 0 0 0 
0 0 0 0 0 0 0 0 0 0 0 0 0 0 0 0 0 0 0 0 0 0 0 3 0 111155 111120 0 0 200 0 0 0 76674206 22419823 0 0 0 0 0 41005767 0 0 0 
0 0 0 0 0 0 0 0 0 0 0 0 0 0 0 0 0 0 0 0 0 0 0 3 0 111155 111120 0 0 200 0 0 0 76674206 22419823 0 0 0 0 0 41005767 0 0 0 
0 0 0 0 0 0 0 0 0 0 0 0 0 0 0 0 0 0 0 0 0 0 0 3 0 111155 111120 0 0 200 0 0 0 76674206 22419823 0 0 0 0 0 41005767 0 0 0 
0 0 0 0 0 0 0 0 0 0 0 0 0 0 0 0 0 0 0 0 0 0 0 3 0 111155 111120 0 0 200 0 0 0 76674206 22419823 0 0 0 0 0 41005767 0 0 0 
0 0 0 0 0 0 0 0 0 0 0 0 0 0 0 0 0 0 0 0 0 0 0 3 0 111155 111120 0 0 200 0 0 0 76674206 22419823 0 0 0 0 0 41005767 0 0 0 
0 0 0 0 0 0 0 0 0 0 0 0 0 0 0 0 0 0 0 0 0 0 0 3 0 111155 111120 0 0 200 0 0 0 76674206 22419823 0 0 0 0 0 41005767 0 0 0 
0 0 0 0 0 0 0 0 0 0 0 0 0 0 0 0 0 0 0 0 0 0 0 3 0 111155 111120 0 0 200 0 0 0 76674206 22419823 0 0 0 0 0 41005767 0 0 0 
0 0 0 0 0 0 0 0 0 0 0 0 0 0 0 0 0 0 0 0 0 0 0 3 0 111155 111120 0 0 200 0 0 0 76674206 22419823 0 0 0 0 0 41005767 0 0 0 
0 0 0 0 0 0 0 0 0 0 0 0 0 0 0 0 0 0 0 0 0 0 0 3 0 111155 111120 0 0 200 0 0 0 76674206 22419823 0 0 0 0 0 41005767 0 0 0 
0 0 0 0 0 0 0 0 0 0 0 0 0 0 0 0 0 0 0 0 0 0 0 3 0 111155 111120 0 0 200 0 0 0 76674206 22419823 0 0 0 0 0 41005767 0 0 0 
0 0 0 0 0 0 0 0 0 0 0 0 0 0 0 0 0 0 0 0 0 0 0 3 0 111155 111120 0 0 200 0 0 0 76674206 22419823 0 0 0 0 0 41005767 0 0 0 
0 0 0 0 0 0 0 0 0 0 0 0 0 0 0 0 0 0 0 0 0 0 0 3 0 111155 111120 0 0 200 0 0 0 76674206 22419823 0 0 0 0 0 41005767 0 0 0 
0 0 0 0 0 0 0 0 0 0 0 0 0 0 0 0 0 0 0 0 0 0 0 3 0 111155 111120 0 0 200 0 0 0 76674206 22419823 0 0 0 0 0 41005767 0 0 0 
0 0 0 0 0 0 0 0 0 0 0 0 0 0 0 0 0 0 0 0 0 0 0 3 0 111155 111120 0 0 200 0 0 0 76674206 22419823 0 0 0 0 0 41005767 0 0 0 
0 0 0 0 0 0 0 0 0 0 0 0 0 0 0 0 0 0 0 0 0 0 0 3 0 111155 111120 0 0 200 0 0 0 76674206 22419823 0 0 0 0 0 41005767 0 0 0 
0 0 0 0 0 0 0 0 0 0 0 0 0 0 0 0 0 0 0 0 0 0 0 3 0 111155 111120 0 0 200 0 0 0 76674206 22419823 0 0 0 0 0 41005767 0 0 0 
0 0 0 0 0 0 0 0 0 0 0 0 0 0 0 0 0 0 0 0 0 0 0 3 0 111155 111120 0 0 200 0 0 0 76674206 22419823 0 0 0 0 0 41005767 0 0 0 
0 0 0 0 0 0 0 0 0 0 0 0 0 0 0 0 0 0 0 0 0 0 0 3 0 111155 111120 0 0 200 0 0 0 76674206 22419823 0 0 0 0 0 41005767 0 0 0 
0 0 0 0 0 0 0 0 0 0 0 0 0 0 0 0 0 0 0 0 0 0 0 3 0 111155 111120 0 0 200 0 0 0 76674206 22419823 0 0 0 0 0 41005767 0 0 0 
0 0 0 0 0 0 0 0 0 0 0 0 0 0 0 0 0 0 0 0 0 0 0 3 0 111155 111120 0 0 200 0 0 0 76674206 22419823 0 0 0 0 0 41005767 0 0 0 
0 0 0 0 0 0 0 0 0 0 0 0 0 0 0 0 0 0 0 0 0 0 0 3 0 111155 111120 0 0 200 0 0 0 76674206 22419823 0 0 0 0 0 41005767 0 0 0 
0 0 0 0 0 0 0 0 0 0 0 0 0 0 0 0 0 0 0 0 0 0 0 3 0 111155 111120 0 0 200 0 0 0 76674206 22419823 0 0 0 0 0 41005767 0 0 0 
0 0 0 0 0 0 0 0 0 0 0 0 0 0 0 0 0 0 0 0 0 0 0 3 0 111155 111120 0 0 200 0 0 0 76674206 22419823 0 0 0 0 0 41005767 0 0 0 
0 0 0 0 0 0 0 0 0 0 0 0 0 0 0 0 0 0 0 0 0 0 0 3 0 111155 111120 0 0 200 0 0 0 76674206 22419823 0 0 0 0 0 41005767 0 0 0 
0 0 0 0 0 0 0 0 0 0 0 0 0 0 0 0 0 0 0 0 0 0 0 3 0 111155 111120 0 0 200 0 0 0 76674206 22419823 0 0 0 0 0 41005767 0 0 0 
0 0 0 0 0 0 0 0 0 0 0 0 0 0 0 0 0 0 0 0 0 0 0 3 0 111155 111120 0 0 200 0 0 0 76674206 22419823 0 0 0 0 0 41005767 0 0 0 
0 0 0 0 0 0 0 0 0 0 0 0 0 0 0 0 0 0 0 0 0 0 0 3 0 111155 111120 0 0 200 0 0 0 76674206 22419823 0 0 0 0 0 41005767 0 0 0 
0 0 0 0 0 0 0 0 0 0 0 0 0 0 0 0 0 0 0 0 0 0 0 3 0 111155 111120 0 0 200 0 0 0 76674206 22419823 0 0 0 0 0 41005767 0 0 0 
0 0 0 0 0 0 0 0 0 0 0 0 0 0 0 0 0 0 0 0 0 0 0 3 0 111155 111120 0 0 200 0 0 0 76674206 22419823 0 0 0 0 0 41005767 0 0 0 
0 0 0 0 0 0 0 0 0 0 0 0 0 0 0 0 0 0 0 0 0 0 0 3 0 111155 111120 0 0 200 0 0 0 76674206 22419823 0 0 0 0 0 41005767 0 0 0 
0 0 0 0 0 0 0 0 0 0 0 0 0 0 0 0 0 0 0 0 0 0 0 3 0 111155 111120 0 0 200 0 0 0 76674206 22419823 0 0 0 0 0 41005767 0 0 0 
0 0 0 0 0 0 0 0 0 0 0 0 0 0 0 0 0 0 0 0 0 0 0 3 0 111155 111120 0 0 200 0 0 0 76674206 22419823 0 0 0 0 0 41005767 0 0 0 
0 0 0 0 0 0 0 0 0 0 0 0 0 0 0 0 0 0 0 0 0 0 0 3 0 111155 111120 0 0 200 0 0 0 76674206 22419823 0 0 0 0 0 41005767 0 0 0 
0 0 0 0 0 0 0 0 0 0 0 0 0 0 0 0 0 0 0 0 0 0 0 3 0 111155 111120 0 0 200 0 0 0 76674206 22419823 0 0 0 0 0 41005767 0 0 0 
0 0 0 0 0 0 0 0 0 0 0 0 0 0 0 0 0 0 0 0 0 0 0 3 0 111155 111120 0 0 200 0 0 0 76674206 22419823 0 0 0 0 0 41005767 0 0 0 
0 0 0 0 0 0 0 0 0 0 0 0 0 0 0 0 0 0 0 0 0 0 0 3 0 111155 111120 0 0 200 0 0 0 76674206 22419823 0 0 0 0 0 41005767 0 0 0 
0 0 0 0 0 0 0 0 0 0 0 0 0 0 0 0 0 0 0 0 0 0 0 3 0 111155 111120 0 0 200 0 0 0 76674206 22419823 0 0 0 0 0 41005767 0 0 0 
0 0 0 0 0 0 0 0 0 0 0 0 0 0 0 0 0 0 0 0 0 0 0 3 0 111155 111120 0 0 200 0 0 0 76674206 22419823 0 0 0 0 0 41005767 0 0 0 
