0 0 0 0 0 0 0 0 0 0 0 0 0 0 0 0 0 0 0 0 0 0 0 3 0 12474 12471 0 0 34 0 0 0 8606796 2730406 0 0 0 0 0 4456606 0 0 0 
0 0 0 0 0 0 0 0 0 0 0 0 0 0 0 0 0 0 0 0 0 0 0 3 12474 0 0 0 0 0 34 0 0 2730214 4590107 4015566 0 0 0 4456958 0 0 0 0 
0 0 0 0 0 0 0 0 0 0 0 0 0 0 0 0 0 0 0 0 0 0 0 3 0 12474 12471 0 0 34 0 0 0 8606796 2730406 0 0 0 0 0 4456606 0 0 0 
0 0 0 0 0 0 0 0 0 0 0 0 0 0 0 0 0 0 0 0 0 0 0 3 12474 0 0 0 0 0 34 0 0 2730214 4590107 4015566 0 0 0 4456958 0 0 0 0 
0 0 0 0 0 0 0 0 0 0 0 0 0 0 0 0 0 0 0 0 0 0 0 3 0 12474 12471 0 0 34 0 0 0 8606796 2730406 0 0 0 0 0 4456606 0 0 0 
0 0 0 0 0 0 0 0 0 0 0 0 0 0 0 0 0 0 0 0 0 0 0 3 12474 0 0 0 0 0 34 0 0 2730214 4590107 4015566 0 0 0 4456958 0 0 0 0 
0 0 0 0 0 0 0 0 0 0 0 0 0 0 0 0 0 0 0 0 0 0 0 3 0 12474 12471 0 0 34 0 0 0 8606796 2730406 0 0 0 0 0 4456606 0 0 0 
0 0 0 0 0 0 0 0 0 0 0 0 0 0 0 0 0 0 0 0 0 0 0 3 12474 0 0 0 0 0 34 0 0 2730214 4590107 4015566 0 0 0 4456958 0 0 0 0 
====>
0 0 0 0 0 0 0 0 0 0 0 0 0 0 0 0 0 0 0 0 0 0 0 3 0 12518 12519 0 0 41 0 0 0 8621598 2731217 0 0 0 0 0 4457463 0 0 0 
0 0 0 0 0 0 0 0 0 0 0 0 0 0 0 0 0 0 0 0 0 0 0 3 12522 0 0 0 0 0 41 0 0 2731025 4604145 4016333 0 0 0 4457816 0 0 0 0 
0 0 0 0 0 0 0 0 0 0 0 0 0 0 0 0 0 0 0 0 0 0 0 3 0 12534 12531 0 0 41 0 0 0 8642858 2739180 0 0 0 0 0 4466906 0 0 0 
0 0 0 0 0 0 0 0 0 0 0 0 0 0 0 0 0 0 0 0 0 0 0 3 12534 0 0 0 0 0 41 0 0 2738984 4616136 4025602 0 0 0 4467258 0 0 0 0 
0 0 0 0 0 0 0 0 0 0 0 0 0 0 0 0 0 0 0 0 0 0 0 3 0 12586 12587 0 0 41 0 0 0 8661226 2741656 0 0 0 0 0 4477012 0 0 0 
0 0 0 0 0 0 0 0 0 0 0 0 0 0 0 0 0 0 0 0 0 0 0 3 12590 0 0 0 0 0 41 0 0 2741460 4627006 4033099 0 0 0 4477364 0 0 0 0 
0 0 0 0 0 0 0 0 0 0 0 0 0 0 0 0 0 0 0 0 0 0 0 3 0 12642 12643 0 0 41 0 0 0 8684079 2746685 0 0 0 0 0 4488297 0 0 0 
0 0 0 0 0 0 0 0 0 0 0 0 0 0 0 0 0 0 0 0 0 0 0 3 12646 0 0 0 0 0 41 0 0 2746490 4637920 4045036 0 0 0 4488650 0 0 0 0 
0 0 0 0 0 0 0 0 0 0 0 0 0 0 0 0 0 0 0 0 0 0 0 3 0 12698 12699 0 0 41 0 0 0 8706928 2754804 0 0 0 0 0 4499867 0 0 0 
0 0 0 0 0 0 0 0 0 0 0 0 0 0 0 0 0 0 0 0 0 0 0 3 12702 0 0 0 0 0 41 0 0 2754607 4649527 4056274 0 0 0 4500221 0 0 0 0 
0 0 0 0 0 0 0 0 0 0 0 0 0 0 0 0 0 0 0 0 0 0 0 3 0 12758 12759 0 0 41 0 0 0 8729988 2762931 0 0 0 0 0 4511614 0 0 0 
0 0 0 0 0 0 0 0 0 0 0 0 0 0 0 0 0 0 0 0 0 0 0 3 12762 0 0 0 0 0 41 0 0 2762732 4661306 4067553 0 0 0 4511968 0 0 0 0 
0 0 0 0 0 0 0 0 0 0 0 0 0 0 0 0 0 0 0 0 0 0 0 3 0 12770 12771 0 0 41 0 0 0 8747874 2768114 0 0 0 0 0 4519322 0 0 0 
0 0 0 0 0 0 0 0 0 0 0 0 0 0 0 0 0 0 0 0 0 0 0 3 12774 0 0 0 0 0 41 0 0 2767915 4671801 4074945 0 0 0 4519678 0 0 0 0 
0 0 0 0 0 0 0 0 0 0 0 0 0 0 0 0 0 0 0 0 0 0 0 3 0 12826 12827 0 0 41 0 0 0 8766283 2773438 0 0 0 0 0 4530996 0 0 0 
0 0 0 0 0 0 0 0 0 0 0 0 0 0 0 0 0 0 0 0 0 0 0 3 12830 0 0 0 0 0 41 0 0 2773239 4681219 4083934 0 0 0 4531352 0 0 0 0 
0 0 0 0 0 0 0 0 0 0 0 0 0 0 0 0 0 0 0 0 0 0 0 3 0 12882 12883 0 0 41 0 0 0 8787135 2779193 0 0 0 0 0 4541249 0 0 0 
0 0 0 0 0 0 0 0 0 0 0 0 0 0 0 0 0 0 0 0 0 0 0 3 12886 0 0 0 0 0 41 0 0 2778993 4691013 4094992 0 0 0 4541605 0 0 0 0 
0 0 0 0 0 0 0 0 0 0 0 0 0 0 0 0 0 0 0 0 0 0 0 3 0 12938 12939 0 0 41 0 0 0 8810801 2787312 0 0 0 0 0 4553389 0 0 0 
0 0 0 0 0 0 0 0 0 0 0 0 0 0 0 0 0 0 0 0 0 0 0 3 12942 0 0 0 0 0 41 0 0 2787112 4703186 4106483 0 0 0 4553744 0 0 0 0 
0 0 0 0 0 0 0 0 0 0 0 0 0 0 0 0 0 0 0 0 0 0 0 3 0 12986 12983 0 0 41 0 0 0 8833134 2794930 0 0 0 0 0 4564753 0 0 0 
0 0 0 0 0 0 0 0 0 0 0 0 0 0 0 0 0 0 0 0 0 0 0 3 12986 0 0 0 0 0 41 0 0 2794730 4714433 4117566 0 0 0 4565107 0 0 0 0 
0 0 0 0 0 0 0 0 0 0 0 0 0 0 0 0 0 0 0 0 0 0 0 3 0 13009 13007 0 0 41 0 0 0 8850723 2799991 0 0 0 0 0 4572931 0 0 0 
0 0 0 0 0 0 0 0 0 0 0 0 0 0 0 0 0 0 0 0 0 0 0 3 13010 0 0 0 0 0 41 0 0 2799791 4725215 4124373 0 0 0 4573286 0 0 0 0 
0 0 0 0 0 0 0 0 0 0 0 0 0 0 0 0 0 0 0 0 0 0 0 3 0 13066 13067 0 0 41 0 0 0 8868619 2805330 0 0 0 0 0 4582503 0 0 0 
0 0 0 0 0 0 0 0 0 0 0 0 0 0 0 0 0 0 0 0 0 0 0 3 13070 0 0 0 0 0 41 0 0 2805131 4733035 4134439 0 0 0 4582857 0 0 0 0 
0 0 0 0 0 0 0 0 0 0 0 0 0 0 0 0 0 0 0 0 0 0 0 3 0 13122 13123 0 0 41 0 0 0 8890559 2811700 0 0 0 0 0 4593981 0 0 0 
0 0 0 0 0 0 0 0 0 0 0 0 0 0 0 0 0 0 0 0 0 0 0 3 13126 0 0 0 0 0 41 0 0 2811500 4743886 4145525 0 0 0 4594338 0 0 0 0 
0 0 0 0 0 0 0 0 0 0 0 0 0 0 0 0 0 0 0 0 0 0 0 3 0 13178 13179 0 0 41 0 0 0 8914615 2819819 0 0 0 0 0 4606154 0 0 0 
0 0 0 0 0 0 0 0 0 0 0 0 0 0 0 0 0 0 0 0 0 0 0 3 13182 0 0 0 0 0 41 0 0 2819619 4756095 4157369 0 0 0 4606514 0 0 0 0 
0 0 0 0 0 0 0 0 0 0 0 0 0 0 0 0 0 0 0 0 0 0 0 3 0 13206 13207 0 0 41 0 0 0 8937379 2826677 0 0 0 0 0 4618107 0 0 0 
0 0 0 0 0 0 0 0 0 0 0 0 0 0 0 0 0 0 0 0 0 0 0 3 13210 0 0 0 0 0 41 0 0 2826477 4767962 4168260 0 0 0 4618469 0 0 0 0 
0 0 0 0 0 0 0 0 0 0 0 0 0 0 0 0 0 0 0 0 0 0 0 3 0 13246 13247 0 0 41 0 0 0 8953316 2830622 0 0 0 0 0 4626564 0 0 0 
0 0 0 0 0 0 0 0 0 0 0 0 0 0 0 0 0 0 0 0 0 0 0 3 13250 0 0 0 0 0 41 0 0 2830422 4777430 4174729 0 0 0 4626927 0 0 0 0 
0 0 0 0 0 0 0 0 0 0 0 0 0 0 0 0 0 0 0 0 0 0 0 3 0 13306 13307 0 0 41 0 0 0 8971884 2836344 0 0 0 0 0 4635834 0 0 0 
0 0 0 0 0 0 0 0 0 0 0 0 0 0 0 0 0 0 0 0 0 0 0 3 13310 0 0 0 0 0 41 0 0 2836143 4786321 4184402 0 0 0 4636197 0 0 0 0 
0 0 0 0 0 0 0 0 0 0 0 0 0 0 0 0 0 0 0 0 0 0 0 3 0 13362 13363 0 0 41 0 0 0 8995025 2844207 0 0 0 0 0 4647977 0 0 0 
0 0 0 0 0 0 0 0 0 0 0 0 0 0 0 0 0 0 0 0 0 0 0 3 13366 0 0 0 0 0 41 0 0 2844004 4798025 4195835 0 0 0 4648344 0 0 0 0 
0 0 0 0 0 0 0 0 0 0 0 0 0 0 0 0 0 0 0 0 0 0 0 3 0 13418 13419 0 0 41 0 0 0 9019642 2852326 0 0 0 0 0 4660854 0 0 0 
0 0 0 0 0 0 0 0 0 0 0 0 0 0 0 0 0 0 0 0 0 0 0 3 13422 0 0 0 0 0 41 0 0 2852123 4810937 4207540 0 0 0 4661222 0 0 0 0 
0 0 0 0 0 0 0 0 0 0 0 0 0 0 0 0 0 0 0 0 0 0 0 3 0 13429 13427 0 0 41 0 0 0 9037177 2856879 0 0 0 0 0 4669273 0 0 0 
0 0 0 0 0 0 0 0 0 0 0 0 0 0 0 0 0 0 0 0 0 0 0 3 13430 0 0 0 0 0 41 0 0 2856676 4821988 4214025 0 0 0 4669641 0 0 0 0 
0 0 0 0 0 0 0 0 0 0 0 0 0 0 0 0 0 0 0 0 0 0 0 3 0 13486 13487 0 0 41 0 0 0 9056938 2862913 0 0 0 0 0 4680605 0 0 0 
0 0 0 0 0 0 0 0 0 0 0 0 0 0 0 0 0 0 0 0 0 0 0 3 13490 0 0 0 0 0 41 0 0 2862709 4831351 4224416 0 0 0 4680972 0 0 0 0 
0 0 0 0 0 0 0 0 0 0 0 0 0 0 0 0 0 0 0 0 0 0 0 3 0 13542 13543 0 0 41 0 0 0 9077633 2868588 0 0 0 0 0 4691616 0 0 0 
0 0 0 0 0 0 0 0 0 0 0 0 0 0 0 0 0 0 0 0 0 0 0 3 13546 0 0 0 0 0 41 0 0 2868383 4841769 4234691 0 0 0 4691984 0 0 0 0 
0 0 0 0 0 0 0 0 0 0 0 0 0 0 0 0 0 0 0 0 0 0 0 3 0 13598 13599 0 0 41 0 0 0 9100799 2876707 0 0 0 0 0 4703472 0 0 0 
0 0 0 0 0 0 0 0 0 0 0 0 0 0 0 0 0 0 0 0 0 0 0 3 13602 0 0 0 0 0 41 0 0 2876500 4853660 4245962 0 0 0 4703842 0 0 0 0 
0 0 0 0 0 0 0 0 0 0 0 0 0 0 0 0 0 0 0 0 0 0 0 3 0 13614 13615 0 0 41 0 0 0 9121363 2883295 0 0 0 0 0 4713118 0 0 0 
0 0 0 0 0 0 0 0 0 0 0 0 0 0 0 0 0 0 0 0 0 0 0 3 13618 0 0 0 0 0 41 0 0 2883085 4865493 4254686 0 0 0 4713491 0 0 0 0 
0 0 0 0 0 0 0 0 0 0 0 0 0 0 0 0 0 0 0 0 0 0 0 3 0 13666 13667 0 0 41 0 0 0 9136965 2887359 0 0 0 0 0 4721936 0 0 0 
0 0 0 0 0 0 0 0 0 0 0 0 0 0 0 0 0 0 0 0 0 0 0 3 13670 0 0 0 0 0 41 0 0 2887148 4872820 4262961 0 0 0 4722310 0 0 0 0 
0 0 0 0 0 0 0 0 0 0 0 0 0 0 0 0 0 0 0 0 0 0 0 3 0 13722 13723 0 0 41 0 0 0 9157393 2892969 0 0 0 0 0 4732792 0 0 0 
0 0 0 0 0 0 0 0 0 0 0 0 0 0 0 0 0 0 0 0 0 0 0 3 13726 0 0 0 0 0 41 0 0 2892757 4883053 4273153 0 0 0 4733167 0 0 0 0 
0 0 0 0 0 0 0 0 0 0 0 0 0 0 0 0 0 0 0 0 0 0 0 3 0 13781 13779 0 0 41 0 0 0 9180246 2901094 0 0 0 0 0 4744264 0 0 0 
0 0 0 0 0 0 0 0 0 0 0 0 0 0 0 0 0 0 0 0 0 0 0 3 13782 0 0 0 0 0 41 0 0 2900880 4894561 4284499 0 0 0 4744644 0 0 0 0 
0 0 0 0 0 0 0 0 0 0 0 0 0 0 0 0 0 0 0 0 0 0 0 3 0 13837 13835 0 0 41 0 0 0 9203925 2909214 0 0 0 0 0 4756509 0 0 0 
0 0 0 0 0 0 0 0 0 0 0 0 0 0 0 0 0 0 0 0 0 0 0 3 13838 0 0 0 0 0 41 0 0 2908999 4906840 4295898 0 0 0 4756890 0 0 0 0 
0 0 0 0 0 0 0 0 0 0 0 0 0 0 0 0 0 0 0 0 0 0 0 3 0 13852 13851 0 0 41 0 0 0 9224104 2915717 0 0 0 0 0 4765690 0 0 0 
0 0 0 0 0 0 0 0 0 0 0 0 0 0 0 0 0 0 0 0 0 0 0 3 13854 0 0 0 0 0 41 0 0 2915500 4918553 4304362 0 0 0 4766069 0 0 0 0 
0 0 0 0 0 0 0 0 0 0 0 0 0 0 0 0 0 0 0 0 0 0 0 3 0 13906 13907 0 0 41 0 0 0 9239424 2919809 0 0 0 0 0 4774507 0 0 0 
0 0 0 0 0 0 0 0 0 0 0 0 0 0 0 0 0 0 0 0 0 0 0 3 13910 0 0 0 0 0 41 0 0 2919592 4925364 4312871 0 0 0 4774884 0 0 0 0 
0 0 0 0 0 0 0 0 0 0 0 0 0 0 0 0 0 0 0 0 0 0 0 3 0 13962 13963 0 0 41 0 0 0 9261752 2925477 0 0 0 0 0 4787071 0 0 0 
0 0 0 0 0 0 0 0 0 0 0 0 0 0 0 0 0 0 0 0 0 0 0 3 13966 0 0 0 0 0 41 0 0 2925259 4937476 4323084 0 0 0 4787452 0 0 0 0 
0 0 0 0 0 0 0 0 0 0 0 0 0 0 0 0 0 0 0 0 0 0 0 3 0 14018 14019 0 0 41 0 0 0 9284765 2933596 0 0 0 0 0 4798672 0 0 0 
0 0 0 0 0 0 0 0 0 0 0 0 0 0 0 0 0 0 0 0 0 0 0 3 14022 0 0 0 0 0 41 0 0 2933376 4949110 4334461 0 0 0 4799053 0 0 0 0 
0 0 0 0 0 0 0 0 0 0 0 0 0 0 0 0 0 0 0 0 0 0 0 3 0 14046 14047 0 0 41 0 0 0 9307254 2940455 0 0 0 0 0 4810095 0 0 0 
0 0 0 0 0 0 0 0 0 0 0 0 0 0 0 0 0 0 0 0 0 0 0 3 14050 0 0 0 0 0 41 0 0 2940235 4960449 4345609 0 0 0 4810478 0 0 0 0 
0 0 0 0 0 0 0 0 0 0 0 0 0 0 0 0 0 0 0 0 0 0 0 3 0 14086 14087 0 0 41 0 0 0 9322393 2945433 0 0 0 0 0 4817317 0 0 0 
0 0 0 0 0 0 0 0 0 0 0 0 0 0 0 0 0 0 0 0 0 0 0 3 14090 0 0 0 0 0 41 0 0 2945212 4969287 4351909 0 0 0 4817700 0 0 0 0 
0 0 0 0 0 0 0 0 0 0 0 0 0 0 0 0 0 0 0 0 0 0 0 3 0 14146 14147 0 0 41 0 0 0 9342519 2951559 0 0 0 0 0 4828744 0 0 0 
0 0 0 0 0 0 0 0 0 0 0 0 0 0 0 0 0 0 0 0 0 0 0 3 14150 0 0 0 0 0 41 0 0 2951336 4979896 4361424 0 0 0 4829128 0 0 0 0 
0 0 0 0 0 0 0 0 0 0 0 0 0 0 0 0 0 0 0 0 0 0 0 3 0 14202 14203 0 0 41 0 0 0 9363766 2957985 0 0 0 0 0 4839692 0 0 0 
0 0 0 0 0 0 0 0 0 0 0 0 0 0 0 0 0 0 0 0 0 0 0 3 14206 0 0 0 0 0 41 0 0 2957760 4990238 4372324 0 0 0 4840079 0 0 0 0 
0 0 0 0 0 0 0 0 0 0 0 0 0 0 0 0 0 0 0 0 0 0 0 3 0 14258 14259 0 0 41 0 0 0 9388292 2966104 0 0 0 0 0 4852593 0 0 0 
0 0 0 0 0 0 0 0 0 0 0 0 0 0 0 0 0 0 0 0 0 0 0 3 14262 0 0 0 0 0 41 0 0 2965877 5003176 4383902 0 0 0 4852983 0 0 0 0 
0 0 0 0 0 0 0 0 0 0 0 0 0 0 0 0 0 0 0 0 0 0 0 3 0 14278 14279 0 0 41 0 0 0 9409748 2972729 0 0 0 0 0 4862757 0 0 0 
0 0 0 0 0 0 0 0 0 0 0 0 0 0 0 0 0 0 0 0 0 0 0 3 14282 0 0 0 0 0 41 0 0 2972500 5014126 4394405 0 0 0 4863147 0 0 0 0 
0 0 0 0 0 0 0 0 0 0 0 0 0 0 0 0 0 0 0 0 0 0 0 3 0 14326 14327 0 0 41 0 0 0 9426098 2978091 0 0 0 0 0 4870900 0 0 0 
0 0 0 0 0 0 0 0 0 0 0 0 0 0 0 0 0 0 0 0 0 0 0 3 14330 0 0 0 0 0 41 0 0 2977861 5022969 4401907 0 0 0 4871290 0 0 0 0 
0 0 0 0 0 0 0 0 0 0 0 0 0 0 0 0 0 0 0 0 0 0 0 3 0 14386 14387 0 0 41 0 0 0 9444850 2984031 0 0 0 0 0 4880842 0 0 0 
0 0 0 0 0 0 0 0 0 0 0 0 0 0 0 0 0 0 0 0 0 0 0 3 14390 0 0 0 0 0 41 0 0 2983800 5032134 4411492 0 0 0 4881231 0 0 0 0 
0 0 0 0 0 0 0 0 0 0 0 0 0 0 0 0 0 0 0 0 0 0 0 3 0 14442 14443 0 0 41 0 0 0 9466819 2990492 0 0 0 0 0 4891941 0 0 0 
0 0 0 0 0 0 0 0 0 0 0 0 0 0 0 0 0 0 0 0 0 0 0 3 14446 0 0 0 0 0 41 0 0 2990259 5042630 4422962 0 0 0 4892332 0 0 0 0 
0 0 0 0 0 0 0 0 0 0 0 0 0 0 0 0 0 0 0 0 0 0 0 3 0 14498 14499 0 0 41 0 0 0 9491128 2998611 0 0 0 0 0 4904554 0 0 0 
0 0 0 0 0 0 0 0 0 0 0 0 0 0 0 0 0 0 0 0 0 0 0 3 14502 0 0 0 0 0 41 0 0 2998377 5055279 4434621 0 0 0 4904948 0 0 0 0 
0 0 0 0 0 0 0 0 0 0 0 0 0 0 0 0 0 0 0 0 0 0 0 3 0 14542 14543 0 0 41 0 0 0 9514077 3005779 0 0 0 0 0 4916342 0 0 0 
0 0 0 0 0 0 0 0 0 0 0 0 0 0 0 0 0 0 0 0 0 0 0 3 14546 0 0 0 0 0 41 0 0 3005544 5067158 4445686 0 0 0 4916734 0 0 0 0 
0 0 0 0 0 0 0 0 0 0 0 0 0 0 0 0 0 0 0 0 0 0 0 3 0 14566 14567 0 0 41 0 0 0 9529802 3010725 0 0 0 0 0 4924849 0 0 0 
0 0 0 0 0 0 0 0 0 0 0 0 0 0 0 0 0 0 0 0 0 0 0 3 14570 0 0 0 0 0 41 0 0 3010488 5076957 4451610 0 0 0 4925241 0 0 0 0 
0 0 0 0 0 0 0 0 0 0 0 0 0 0 0 0 0 0 0 0 0 0 0 3 0 14626 14627 0 0 41 0 0 0 9548723 3016744 0 0 0 0 0 4934453 0 0 0 
0 0 0 0 0 0 0 0 0 0 0 0 0 0 0 0 0 0 0 0 0 0 0 3 14630 0 0 0 0 0 41 0 0 3016506 5085869 4461613 0 0 0 4934845 0 0 0 0 
0 0 0 0 0 0 0 0 0 0 0 0 0 0 0 0 0 0 0 0 0 0 0 3 0 14682 14683 0 0 41 0 0 0 9570080 3022999 0 0 0 0 0 4945408 0 0 0 
0 0 0 0 0 0 0 0 0 0 0 0 0 0 0 0 0 0 0 0 0 0 0 3 14686 0 0 0 0 0 41 0 0 3022761 5096239 4472599 0 0 0 4945804 0 0 0 0 
0 0 0 0 0 0 0 0 0 0 0 0 0 0 0 0 0 0 0 0 0 0 0 3 0 14738 14739 0 0 41 0 0 0 9593875 3031118 0 0 0 0 0 4957552 0 0 0 
0 0 0 0 0 0 0 0 0 0 0 0 0 0 0 0 0 0 0 0 0 0 0 3 14742 0 0 0 0 0 41 0 0 3030880 5108419 4484212 0 0 0 4957950 0 0 0 0 
0 0 0 0 0 0 0 0 0 0 0 0 0 0 0 0 0 0 0 0 0 0 0 3 0 14761 14759 0 0 41 0 0 0 9617452 3037746 0 0 0 0 0 4969653 0 0 0 
0 0 0 0 0 0 0 0 0 0 0 0 0 0 0 0 0 0 0 0 0 0 0 3 14762 0 0 0 0 0 41 0 0 3037509 5120461 4495746 0 0 0 4970052 0 0 0 0 
0 0 0 0 0 0 0 0 0 0 0 0 0 0 0 0 0 0 0 0 0 0 0 3 0 14806 14807 0 0 41 0 0 0 9630130 3041823 0 0 0 0 0 4976047 0 0 0 
0 0 0 0 0 0 0 0 0 0 0 0 0 0 0 0 0 0 0 0 0 0 0 3 14810 0 0 0 0 0 41 0 0 3041585 5127614 4501270 0 0 0 4976445 0 0 0 0 
0 0 0 0 0 0 0 0 0 0 0 0 0 0 0 0 0 0 0 0 0 0 0 3 0 14865 14863 0 0 41 0 0 0 9650172 3047387 0 0 0 0 0 4986073 0 0 0 
0 0 0 0 0 0 0 0 0 0 0 0 0 0 0 0 0 0 0 0 0 0 0 3 14866 0 0 0 0 0 41 0 0 3047149 5137006 4511918 0 0 0 4986472 0 0 0 0 
0 0 0 0 0 0 0 0 0 0 0 0 0 0 0 0 0 0 0 0 0 0 0 3 0 14922 14923 0 0 41 0 0 0 9674757 3055506 0 0 0 0 0 4999162 0 0 0 
0 0 0 0 0 0 0 0 0 0 0 0 0 0 0 0 0 0 0 0 0 0 0 3 14926 0 0 0 0 0 41 0 0 3055266 5150136 4523372 0 0 0 4999564 0 0 0 0 
0 0 0 0 0 0 0 0 0 0 0 0 0 0 0 0 0 0 0 0 0 0 0 3 0 14978 14979 0 0 41 0 0 0 9698835 3063625 0 0 0 0 0 5011550 0 0 0 
0 0 0 0 0 0 0 0 0 0 0 0 0 0 0 0 0 0 0 0 0 0 0 3 14982 0 0 0 0 0 41 0 0 3063384 5162557 4535026 0 0 0 5011953 0 0 0 0 
0 0 0 0 0 0 0 0 0 0 0 0 0 0 0 0 0 0 0 0 0 0 0 3 0 14990 14991 0 0 41 0 0 0 9718110 3069563 0 0 0 0 0 5020326 0 0 0 
0 0 0 0 0 0 0 0 0 0 0 0 0 0 0 0 0 0 0 0 0 0 0 3 14994 0 0 0 0 0 41 0 0 3069323 5173849 4543005 0 0 0 5020730 0 0 0 0 
0 0 0 0 0 0 0 0 0 0 0 0 0 0 0 0 0 0 0 0 0 0 0 3 0 15046 15047 0 0 41 0 0 0 9735062 3074187 0 0 0 0 0 5029936 0 0 0 
0 0 0 0 0 0 0 0 0 0 0 0 0 0 0 0 0 0 0 0 0 0 0 3 15050 0 0 0 0 0 41 0 0 3073944 5181508 4552299 0 0 0 5030340 0 0 0 0 
0 0 0 0 0 0 0 0 0 0 0 0 0 0 0 0 0 0 0 0 0 0 0 3 0 15102 15102 0 0 41 0 0 0 9756100 3079887 0 0 0 0 0 5040820 0 0 0 
0 0 0 0 0 0 0 0 0 0 0 0 0 0 0 0 0 0 0 0 0 0 0 3 15106 0 0 0 0 0 41 0 0 3079644 5191904 4562941 0 0 0 5041231 0 0 0 0 
0 0 0 0 0 0 0 0 0 0 0 0 0 0 0 0 0 0 0 0 0 0 0 3 0 15159 15158 0 0 41 0 0 0 9778783 3088008 0 0 0 0 0 5052285 0 0 0 
0 0 0 0 0 0 0 0 0 0 0 0 0 0 0 0 0 0 0 0 0 0 0 3 15162 0 0 0 0 0 41 0 0 3087764 5203407 4574120 0 0 0 5052702 0 0 0 0 
0 0 0 0 0 0 0 0 0 0 0 0 0 0 0 0 0 0 0 0 0 0 0 3 0 15218 15218 0 0 41 0 0 0 9802646 3096133 0 0 0 0 0 5064618 0 0 0 
0 0 0 0 0 0 0 0 0 0 0 0 0 0 0 0 0 0 0 0 0 0 0 3 15222 0 0 0 0 0 41 0 0 3095886 5215775 4585612 0 0 0 5065035 0 0 0 0 
0 0 0 0 0 0 0 0 0 0 0 0 0 0 0 0 0 0 0 0 0 0 0 3 0 15229 15226 0 0 41 0 0 0 9819013 3100686 0 0 0 0 0 5071839 0 0 0 
0 0 0 0 0 0 0 0 0 0 0 0 0 0 0 0 0 0 0 0 0 0 0 3 15230 0 0 0 0 0 41 0 0 3100439 5225578 4592176 0 0 0 5072257 0 0 0 0 
0 0 0 0 0 0 0 0 0 0 0 0 0 0 0 0 0 0 0 0 0 0 0 3 0 15286 15286 0 0 41 0 0 0 9839659 3106761 0 0 0 0 0 5084276 0 0 0 
0 0 0 0 0 0 0 0 0 0 0 0 0 0 0 0 0 0 0 0 0 0 0 3 15290 0 0 0 0 0 41 0 0 3106514 5235943 4602454 0 0 0 5084695 0 0 0 0 
0 0 0 0 0 0 0 0 0 0 0 0 0 0 0 0 0 0 0 0 0 0 0 3 0 15342 15342 0 0 41 0 0 0 9861140 3112395 0 0 0 0 0 5095520 0 0 0 
0 0 0 0 0 0 0 0 0 0 0 0 0 0 0 0 0 0 0 0 0 0 0 3 15346 0 0 0 0 0 41 0 0 3112147 5246750 4613121 0 0 0 5095942 0 0 0 0 
0 0 0 0 0 0 0 0 0 0 0 0 0 0 0 0 0 0 0 0 0 0 0 3 0 15398 15398 0 0 41 0 0 0 9884799 3120514 0 0 0 0 0 5107635 0 0 0 
0 0 0 0 0 0 0 0 0 0 0 0 0 0 0 0 0 0 0 0 0 0 0 3 15402 0 0 0 0 0 41 0 0 3120264 5258902 4624625 0 0 0 5108061 0 0 0 0 
0 0 0 0 0 0 0 0 0 0 0 0 0 0 0 0 0 0 0 0 0 0 0 3 0 15429 15426 0 0 41 0 0 0 9907711 3127378 0 0 0 0 0 5119301 0 0 0 
0 0 0 0 0 0 0 0 0 0 0 0 0 0 0 0 0 0 0 0 0 0 0 3 15430 0 0 0 0 0 41 0 0 3127128 5270481 4635957 0 0 0 5119731 0 0 0 0 
0 0 0 0 0 0 0 0 0 0 0 0 0 0 0 0 0 0 0 0 0 0 0 3 0 15466 15466 0 0 41 0 0 0 9924746 3132861 0 0 0 0 0 5127308 0 0 0 
0 0 0 0 0 0 0 0 0 0 0 0 0 0 0 0 0 0 0 0 0 0 0 3 15470 0 0 0 0 0 41 0 0 3132612 5280652 4642821 0 0 0 5127739 0 0 0 0 
0 0 0 0 0 0 0 0 0 0 0 0 0 0 0 0 0 0 0 0 0 0 0 3 0 15526 15526 0 0 41 0 0 0 9944277 3139070 0 0 0 0 0 5137926 0 0 0 
0 0 0 0 0 0 0 0 0 0 0 0 0 0 0 0 0 0 0 0 0 0 0 3 15530 0 0 0 0 0 41 0 0 3138821 5289723 4653278 0 0 0 5138358 0 0 0 0 
0 0 0 0 0 0 0 0 0 0 0 0 0 0 0 0 0 0 0 0 0 0 0 3 0 15582 15582 0 0 41 0 0 0 9966019 3144900 0 0 0 0 0 5148821 0 0 0 
0 0 0 0 0 0 0 0 0 0 0 0 0 0 0 0 0 0 0 0 0 0 0 3 15586 0 0 0 0 0 41 0 0 3144652 5300196 4664546 0 0 0 5149252 0 0 0 0 
0 0 0 0 0 0 0 0 0 0 0 0 0 0 0 0 0 0 0 0 0 0 0 3 0 15641 15638 0 0 41 0 0 0 9989366 3153025 0 0 0 0 0 5160682 0 0 0 
0 0 0 0 0 0 0 0 0 0 0 0 0 0 0 0 0 0 0 0 0 0 0 3 15642 0 0 0 0 0 41 0 0 3152774 5312089 4675994 0 0 0 5161115 0 0 0 0 
0 0 0 0 0 0 0 0 0 0 0 0 0 0 0 0 0 0 0 0 0 0 0 3 0 15690 15686 0 0 41 0 0 0 10012230 3161009 0 0 0 0 0 5172222 0 0 0 
0 0 0 0 0 0 0 0 0 0 0 0 0 0 0 0 0 0 0 0 0 0 0 3 15690 0 0 0 0 0 41 0 0 3160757 5323439 4687505 0 0 0 5172653 0 0 0 0 
0 0 0 0 0 0 0 0 0 0 0 0 0 0 0 0 0 0 0 0 0 0 0 3 0 15706 15706 0 0 41 0 0 0 10028637 3164417 0 0 0 0 0 5181296 0 0 0 
0 0 0 0 0 0 0 0 0 0 0 0 0 0 0 0 0 0 0 0 0 0 0 3 15710 0 0 0 0 0 41 0 0 3164166 5333955 4693396 0 0 0 5181728 0 0 0 0 
0 0 0 0 0 0 0 0 0 0 0 0 0 0 0 0 0 0 0 0 0 0 0 3 0 15766 15762 0 0 41 0 0 0 10045759 3169291 0 0 0 0 0 5190088 0 0 0 
0 0 0 0 0 0 0 0 0 0 0 0 0 0 0 0 0 0 0 0 0 0 0 3 15766 0 0 0 0 0 41 0 0 3169039 5341558 4702912 0 0 0 5190520 0 0 0 0 
0 0 0 0 0 0 0 0 0 0 0 0 0 0 0 0 0 0 0 0 0 0 0 3 0 15821 15818 0 0 41 0 0 0 10069203 3177404 0 0 0 0 0 5201898 0 0 0 
0 0 0 0 0 0 0 0 0 0 0 0 0 0 0 0 0 0 0 0 0 0 0 3 15822 0 0 0 0 0 41 0 0 3177154 5353407 4714503 0 0 0 5202333 0 0 0 0 
0 0 0 0 0 0 0 0 0 0 0 0 0 0 0 0 0 0 0 0 0 0 0 3 0 15878 15878 0 0 41 0 0 0 10091921 3185524 0 0 0 0 0 5213243 0 0 0 
0 0 0 0 0 0 0 0 0 0 0 0 0 0 0 0 0 0 0 0 0 0 0 3 15882 0 0 0 0 0 41 0 0 3185274 5364787 4725835 0 0 0 5213678 0 0 0 0 
0 0 0 0 0 0 0 0 0 0 0 0 0 0 0 0 0 0 0 0 0 0 0 3 0 15890 15886 0 0 41 0 0 0 10109367 3190079 0 0 0 0 0 5221387 0 0 0 
0 0 0 0 0 0 0 0 0 0 0 0 0 0 0 0 0 0 0 0 0 0 0 3 15890 0 0 0 0 0 41 0 0 3189829 5375759 4732309 0 0 0 5221822 0 0 0 0 
0 0 0 0 0 0 0 0 0 0 0 0 0 0 0 0 0 0 0 0 0 0 0 3 0 15946 15946 0 0 41 0 0 0 10128190 3196143 0 0 0 0 0 5232186 0 0 0 
0 0 0 0 0 0 0 0 0 0 0 0 0 0 0 0 0 0 0 0 0 0 0 3 15950 0 0 0 0 0 41 0 0 3195893 5384361 4742527 0 0 0 5232621 0 0 0 0 
0 0 0 0 0 0 0 0 0 0 0 0 0 0 0 0 0 0 0 0 0 0 0 3 0 16002 16002 0 0 41 0 0 0 10147430 3201788 0 0 0 0 0 5241721 0 0 0 
0 0 0 0 0 0 0 0 0 0 0 0 0 0 0 0 0 0 0 0 0 0 0 3 16006 0 0 0 0 0 41 0 0 3201538 5393333 4752790 0 0 0 5242156 0 0 0 0 
0 0 0 0 0 0 0 0 0 0 0 0 0 0 0 0 0 0 0 0 0 0 0 3 0 16061 16058 0 0 41 0 0 0 10171128 3209910 0 0 0 0 0 5254021 0 0 0 
0 0 0 0 0 0 0 0 0 0 0 0 0 0 0 0 0 0 0 0 0 0 0 3 16062 0 0 0 0 0 41 0 0 3209660 5405668 4764147 0 0 0 5254459 0 0 0 0 
0 0 0 0 0 0 0 0 0 0 0 0 0 0 0 0 0 0 0 0 0 0 0 3 0 16106 16102 0 0 41 0 0 0 10195288 3217364 0 0 0 0 0 5266554 0 0 0 
0 0 0 0 0 0 0 0 0 0 0 0 0 0 0 0 0 0 0 0 0 0 0 3 16106 0 0 0 0 0 41 0 0 3217115 5418165 4775810 0 0 0 5266991 0 0 0 0 
0 0 0 0 0 0 0 0 0 0 0 0 0 0 0 0 0 0 0 0 0 0 0 3 0 16127 16126 0 0 41 0 0 0 10213059 3222579 0 0 0 0 0 5275157 0 0 0 
0 0 0 0 0 0 0 0 0 0 0 0 0 0 0 0 0 0 0 0 0 0 0 3 16130 0 0 0 0 0 41 0 0 3222330 5429112 4782633 0 0 0 5275594 0 0 0 0 
0 0 0 0 0 0 0 0 0 0 0 0 0 0 0 0 0 0 0 0 0 0 0 3 0 16186 16186 0 0 41 0 0 0 10229985 3227914 0 0 0 0 0 5284558 0 0 0 
0 0 0 0 0 0 0 0 0 0 0 0 0 0 0 0 0 0 0 0 0 0 0 3 16190 0 0 0 0 0 41 0 0 3227664 5436938 4791722 0 0 0 5284996 0 0 0 0 
0 0 0 0 0 0 0 0 0 0 0 0 0 0 0 0 0 0 0 0 0 0 0 3 0 16242 16242 0 0 41 0 0 0 10252076 3234292 0 0 0 0 0 5295953 0 0 0 
0 0 0 0 0 0 0 0 0 0 0 0 0 0 0 0 0 0 0 0 0 0 0 3 16246 0 0 0 0 0 41 0 0 3234041 5447706 4803034 0 0 0 5296393 0 0 0 0 
0 0 0 0 0 0 0 0 0 0 0 0 0 0 0 0 0 0 0 0 0 0 0 3 0 16298 16298 0 0 41 0 0 0 10275776 3242411 0 0 0 0 0 5307741 0 0 0 
0 0 0 0 0 0 0 0 0 0 0 0 0 0 0 0 0 0 0 0 0 0 0 3 16302 0 0 0 0 0 41 0 0 3242160 5459528 4814909 0 0 0 5308181 0 0 0 0 
0 0 0 0 0 0 0 0 0 0 0 0 0 0 0 0 0 0 0 0 0 0 0 3 0 16314 16314 0 0 41 0 0 0 10296409 3248999 0 0 0 0 0 5317504 0 0 0 
0 0 0 0 0 0 0 0 0 0 0 0 0 0 0 0 0 0 0 0 0 0 0 3 16318 0 0 0 0 0 41 0 0 3248748 5471702 4823368 0 0 0 5317946 0 0 0 0 
0 0 0 0 0 0 0 0 0 0 0 0 0 0 0 0 0 0 0 0 0 0 0 3 0 16366 16366 0 0 41 0 0 0 10312991 3253227 0 0 0 0 0 5327260 0 0 0 
0 0 0 0 0 0 0 0 0 0 0 0 0 0 0 0 0 0 0 0 0 0 0 3 16370 0 0 0 0 0 41 0 0 3252977 5479842 4831809 0 0 0 5327702 0 0 0 0 
0 0 0 0 0 0 0 0 0 0 0 0 0 0 0 0 0 0 0 0 0 0 0 3 0 16425 16426 0 0 41 0 0 0 10334021 3259805 0 0 0 0 0 5337879 0 0 0 
0 0 0 0 0 0 0 0 0 0 0 0 0 0 0 0 0 0 0 0 0 0 0 3 16430 0 0 0 0 0 41 0 0 3259554 5490705 4841974 0 0 0 5338321 0 0 0 0 
0 0 0 0 0 0 0 0 0 0 0 0 0 0 0 0 0 0 0 0 0 0 0 3 0 16481 16482 0 0 41 0 0 0 10356171 3266799 0 0 0 0 0 5349917 0 0 0 
0 0 0 0 0 0 0 0 0 0 0 0 0 0 0 0 0 0 0 0 0 0 0 3 16486 0 0 0 0 0 41 0 0 3266547 5501811 4853012 0 0 0 5350357 0 0 0 0 
0 0 0 0 0 0 0 0 0 0 0 0 0 0 0 0 0 0 0 0 0 0 0 3 0 16537 16538 0 0 41 0 0 0 10379441 3274917 0 0 0 0 0 5361716 0 0 0 
0 0 0 0 0 0 0 0 0 0 0 0 0 0 0 0 0 0 0 0 0 0 0 3 16542 0 0 0 0 0 41 0 0 3274666 5513647 4864444 0 0 0 5362157 0 0 0 0 
0 0 0 0 0 0 0 0 0 0 0 0 0 0 0 0 0 0 0 0 0 0 0 3 0 16545 16546 0 0 41 0 0 0 10395189 3279037 0 0 0 0 0 5368725 0 0 0 
0 0 0 0 0 0 0 0 0 0 0 0 0 0 0 0 0 0 0 0 0 0 0 3 16550 0 0 0 0 0 41 0 0 3278787 5522765 4871074 0 0 0 5369167 0 0 0 0 
0 0 0 0 0 0 0 0 0 0 0 0 0 0 0 0 0 0 0 0 0 0 0 3 0 16605 16606 0 0 41 0 0 0 10412860 3284413 0 0 0 0 0 5378131 0 0 0 
0 0 0 0 0 0 0 0 0 0 0 0 0 0 0 0 0 0 0 0 0 0 0 3 16610 0 0 0 0 0 41 0 0 3284163 5530864 4880646 0 0 0 5378575 0 0 0 0 
0 0 0 0 0 0 0 0 0 0 0 0 0 0 0 0 0 0 0 0 0 0 0 3 0 16661 16662 0 0 41 0 0 0 10435508 3291178 0 0 0 0 0 5390420 0 0 0 
0 0 0 0 0 0 0 0 0 0 0 0 0 0 0 0 0 0 0 0 0 0 0 3 16666 0 0 0 0 0 41 0 0 3290928 5542422 4891731 0 0 0 5390865 0 0 0 0 
0 0 0 0 0 0 0 0 0 0 0 0 0 0 0 0 0 0 0 0 0 0 0 3 0 16717 16718 0 0 41 0 0 0 10458980 3299297 0 0 0 0 0 5402222 0 0 0 
0 0 0 0 0 0 0 0 0 0 0 0 0 0 0 0 0 0 0 0 0 0 0 3 16722 0 0 0 0 0 41 0 0 3299046 5554260 4903361 0 0 0 5402670 0 0 0 0 
0 0 0 0 0 0 0 0 0 0 0 0 0 0 0 0 0 0 0 0 0 0 0 3 0 16745 16746 0 0 41 0 0 0 10483155 3306156 0 0 0 0 0 5414920 0 0 0 
0 0 0 0 0 0 0 0 0 0 0 0 0 0 0 0 0 0 0 0 0 0 0 3 16750 0 0 0 0 0 41 0 0 3305905 5566873 4914917 0 0 0 5415370 0 0 0 0 
0 0 0 0 0 0 0 0 0 0 0 0 0 0 0 0 0 0 0 0 0 0 0 3 0 16785 16786 0 0 41 0 0 0 10497214 3310654 0 0 0 0 0 5421517 0 0 0 
0 0 0 0 0 0 0 0 0 0 0 0 0 0 0 0 0 0 0 0 0 0 0 3 16790 0 0 0 0 0 41 0 0 3310404 5574639 4921209 0 0 0 5421969 0 0 0 0 
0 0 0 0 0 0 0 0 0 0 0 0 0 0 0 0 0 0 0 0 0 0 0 3 0 16845 16846 0 0 41 0 0 0 10518305 3317157 0 0 0 0 0 5432962 0 0 0 
0 0 0 0 0 0 0 0 0 0 0 0 0 0 0 0 0 0 0 0 0 0 0 3 16850 0 0 0 0 0 41 0 0 3316905 5585750 4931188 0 0 0 5433412 0 0 0 0 
0 0 0 0 0 0 0 0 0 0 0 0 0 0 0 0 0 0 0 0 0 0 0 3 0 16901 16902 0 0 41 0 0 0 10540118 3323686 0 0 0 0 0 5444078 0 0 0 
0 0 0 0 0 0 0 0 0 0 0 0 0 0 0 0 0 0 0 0 0 0 0 3 16906 0 0 0 0 0 41 0 0 3323434 5596221 4942527 0 0 0 5444528 0 0 0 0 
0 0 0 0 0 0 0 0 0 0 0 0 0 0 0 0 0 0 0 0 0 0 0 3 0 16957 16958 0 0 41 0 0 0 10563247 3331804 0 0 0 0 0 5455886 0 0 0 
0 0 0 0 0 0 0 0 0 0 0 0 0 0 0 0 0 0 0 0 0 0 0 3 16962 0 0 0 0 0 41 0 0 3331553 5608065 4953804 0 0 0 5456338 0 0 0 0 
0 0 0 0 0 0 0 0 0 0 0 0 0 0 0 0 0 0 0 0 0 0 0 3 0 16988 16986 0 0 41 0 0 0 10585910 3338667 0 0 0 0 0 5467188 0 0 0 
0 0 0 0 0 0 0 0 0 0 0 0 0 0 0 0 0 0 0 0 0 0 0 3 16990 0 0 0 0 0 41 0 0 3338415 5619280 4965245 0 0 0 5467641 0 0 0 0 
0 0 0 0 0 0 0 0 0 0 0 0 0 0 0 0 0 0 0 0 0 0 0 3 0 17025 17026 0 0 41 0 0 0 10601362 3343408 0 0 0 0 0 5475157 0 0 0 
0 0 0 0 0 0 0 0 0 0 0 0 0 0 0 0 0 0 0 0 0 0 0 3 17030 0 0 0 0 0 41 0 0 3343156 5628717 4971259 0 0 0 5475611 0 0 0 0 
0 0 0 0 0 0 0 0 0 0 0 0 0 0 0 0 0 0 0 0 0 0 0 3 0 17085 17086 0 0 41 0 0 0 10621183 3349779 0 0 0 0 0 5485706 0 0 0 
0 0 0 0 0 0 0 0 0 0 0 0 0 0 0 0 0 0 0 0 0 0 0 3 17090 0 0 0 0 0 41 0 0 3349526 5638587 4981208 0 0 0 5486165 0 0 0 0 
0 0 0 0 0 0 0 0 0 0 0 0 0 0 0 0 0 0 0 0 0 0 0 3 0 17141 17142 0 0 41 0 0 0 10643637 3356191 0 0 0 0 0 5497174 0 0 0 
0 0 0 0 0 0 0 0 0 0 0 0 0 0 0 0 0 0 0 0 0 0 0 3 17146 0 0 0 0 0 41 0 0 3355938 5649460 4992786 0 0 0 5497631 0 0 0 0 
0 0 0 0 0 0 0 0 0 0 0 0 0 0 0 0 0 0 0 0 0 0 0 3 0 17197 17198 0 0 41 0 0 0 10668153 3364309 0 0 0 0 0 5509851 0 0 0 
0 0 0 0 0 0 0 0 0 0 0 0 0 0 0 0 0 0 0 0 0 0 0 3 17202 0 0 0 0 0 41 0 0 3364055 5662171 5004589 0 0 0 5510309 0 0 0 0 
0 0 0 0 0 0 0 0 0 0 0 0 0 0 0 0 0 0 0 0 0 0 0 3 0 17209 17210 0 0 41 0 0 0 10687421 3369945 0 0 0 0 0 5518971 0 0 0 
0 0 0 0 0 0 0 0 0 0 0 0 0 0 0 0 0 0 0 0 0 0 0 3 17214 0 0 0 0 0 41 0 0 3369691 5673898 5012126 0 0 0 5519429 0 0 0 0 
0 0 0 0 0 0 0 0 0 0 0 0 0 0 0 0 0 0 0 0 0 0 0 3 0 17265 17266 0 0 41 0 0 0 10705850 3374968 0 0 0 0 0 5529880 0 0 0 
0 0 0 0 0 0 0 0 0 0 0 0 0 0 0 0 0 0 0 0 0 0 0 3 17270 0 0 0 0 0 41 0 0 3374715 5682802 5021647 0 0 0 5530338 0 0 0 0 
0 0 0 0 0 0 0 0 0 0 0 0 0 0 0 0 0 0 0 0 0 0 0 3 0 17324 17322 0 0 41 0 0 0 10726312 3380579 0 0 0 0 0 5540299 0 0 0 
0 0 0 0 0 0 0 0 0 0 0 0 0 0 0 0 0 0 0 0 0 0 0 3 17326 0 0 0 0 0 41 0 0 3380324 5692682 5032225 0 0 0 5540758 0 0 0 0 
0 0 0 0 0 0 0 0 0 0 0 0 0 0 0 0 0 0 0 0 0 0 0 3 0 17376 17378 0 0 41 0 0 0 10751268 3388690 0 0 0 0 0 5553236 0 0 0 
0 0 0 0 0 0 0 0 0 0 0 0 0 0 0 0 0 0 0 0 0 0 0 3 17382 0 0 0 0 0 41 0 0 3388433 5705659 5044195 0 0 0 5553693 0 0 0 0 
0 0 0 0 0 0 0 0 0 0 0 0 0 0 0 0 0 0 0 0 0 0 0 3 0 17424 17422 0 0 41 0 0 0 10774465 3396307 0 0 0 0 0 5565114 0 0 0 
0 0 0 0 0 0 0 0 0 0 0 0 0 0 0 0 0 0 0 0 0 0 0 3 17426 0 0 0 0 0 41 0 0 3396049 5717419 5055628 0 0 0 5565572 0 0 0 0 
0 0 0 0 0 0 0 0 0 0 0 0 0 0 0 0 0 0 0 0 0 0 0 3 0 17447 17446 0 0 41 0 0 0 10793001 3401369 0 0 0 0 0 5574127 0 0 0 
0 0 0 0 0 0 0 0 0 0 0 0 0 0 0 0 0 0 0 0 0 0 0 3 17450 0 0 0 0 0 41 0 0 3401111 5728950 5062633 0 0 0 5574585 0 0 0 0 
0 0 0 0 0 0 0 0 0 0 0 0 0 0 0 0 0 0 0 0 0 0 0 3 0 17504 17506 0 0 41 0 0 0 10811893 3407438 0 0 0 0 0 5584583 0 0 0 
0 0 0 0 0 0 0 0 0 0 0 0 0 0 0 0 0 0 0 0 0 0 0 3 17510 0 0 0 0 0 41 0 0 3407180 5737571 5072902 0 0 0 5585042 0 0 0 0 
0 0 0 0 0 0 0 0 0 0 0 0 0 0 0 0 0 0 0 0 0 0 0 3 0 17563 17562 0 0 41 0 0 0 10832305 3413086 0 0 0 0 0 5594850 0 0 0 
0 0 0 0 0 0 0 0 0 0 0 0 0 0 0 0 0 0 0 0 0 0 0 3 17566 0 0 0 0 0 41 0 0 3412827 5747374 5083511 0 0 0 5595312 0 0 0 0 
0 0 0 0 0 0 0 0 0 0 0 0 0 0 0 0 0 0 0 0 0 0 0 3 0 17618 17618 0 0 41 0 0 0 10856020 3421200 0 0 0 0 0 5607065 0 0 0 
0 0 0 0 0 0 0 0 0 0 0 0 0 0 0 0 0 0 0 0 0 0 0 3 17622 0 0 0 0 0 41 0 0 3420942 5759628 5094970 0 0 0 5607528 0 0 0 0 
0 0 0 0 0 0 0 0 0 0 0 0 0 0 0 0 0 0 0 0 0 0 0 3 0 17674 17674 0 0 41 0 0 0 10879504 3429295 0 0 0 0 0 5618948 0 0 0 
0 0 0 0 0 0 0 0 0 0 0 0 0 0 0 0 0 0 0 0 0 0 0 3 17678 0 0 0 0 0 41 0 0 3429037 5771333 5106747 0 0 0 5619415 0 0 0 0 
0 0 0 0 0 0 0 0 0 0 0 0 0 0 0 0 0 0 0 0 0 0 0 3 0 17687 17686 0 0 41 0 0 0 10896807 3433876 0 0 0 0 0 5626555 0 0 0 
0 0 0 0 0 0 0 0 0 0 0 0 0 0 0 0 0 0 0 0 0 0 0 3 17690 0 0 0 0 0 41 0 0 3433617 5781641 5113744 0 0 0 5627022 0 0 0 0 
0 0 0 0 0 0 0 0 0 0 0 0 0 0 0 0 0 0 0 0 0 0 0 3 0 17744 17746 0 0 41 0 0 0 10914559 3439802 0 0 0 0 0 5636427 0 0 0 
0 0 0 0 0 0 0 0 0 0 0 0 0 0 0 0 0 0 0 0 0 0 0 3 17750 0 0 0 0 0 41 0 0 3439542 5789604 5123533 0 0 0 5636896 0 0 0 0 
0 0 0 0 0 0 0 0 0 0 0 0 0 0 0 0 0 0 0 0 0 0 0 3 0 17800 17802 0 0 41 0 0 0 10937296 3445585 0 0 0 0 0 5648777 0 0 0 
0 0 0 0 0 0 0 0 0 0 0 0 0 0 0 0 0 0 0 0 0 0 0 3 17806 0 0 0 0 0 41 0 0 3445325 5801449 5134425 0 0 0 5649245 0 0 0 0 
0 0 0 0 0 0 0 0 0 0 0 0 0 0 0 0 0 0 0 0 0 0 0 3 0 17856 17858 0 0 41 0 0 0 10960879 3453704 0 0 0 0 0 5660963 0 0 0 
0 0 0 0 0 0 0 0 0 0 0 0 0 0 0 0 0 0 0 0 0 0 0 3 17862 0 0 0 0 0 41 0 0 3453442 5813671 5145783 0 0 0 5661434 0 0 0 0 
0 0 0 0 0 0 0 0 0 0 0 0 0 0 0 0 0 0 0 0 0 0 0 3 0 17904 17902 0 0 41 0 0 0 10983908 3461322 0 0 0 0 0 5672961 0 0 0 
0 0 0 0 0 0 0 0 0 0 0 0 0 0 0 0 0 0 0 0 0 0 0 3 17906 0 0 0 0 0 41 0 0 3461059 5825552 5156926 0 0 0 5673433 0 0 0 0 
0 0 0 0 0 0 0 0 0 0 0 0 0 0 0 0 0 0 0 0 0 0 0 3 0 17924 17926 0 0 41 0 0 0 11001367 3466211 0 0 0 0 0 5680774 0 0 0 
0 0 0 0 0 0 0 0 0 0 0 0 0 0 0 0 0 0 0 0 0 0 0 3 17930 0 0 0 0 0 41 0 0 3465947 5835620 5164317 0 0 0 5681246 0 0 0 0 
0 0 0 0 0 0 0 0 0 0 0 0 0 0 0 0 0 0 0 0 0 0 0 3 0 17984 17986 0 0 41 0 0 0 11020450 3472210 0 0 0 0 0 5691817 0 0 0 
0 0 0 0 0 0 0 0 0 0 0 0 0 0 0 0 0 0 0 0 0 0 0 3 17990 0 0 0 0 0 41 0 0 3471944 5845058 5173962 0 0 0 5692287 0 0 0 0 
0 0 0 0 0 0 0 0 0 0 0 0 0 0 0 0 0 0 0 0 0 0 0 3 0 18040 18042 0 0 41 0 0 0 11041200 3478093 0 0 0 0 0 5702596 0 0 0 
0 0 0 0 0 0 0 0 0 0 0 0 0 0 0 0 0 0 0 0 0 0 0 3 18046 0 0 0 0 0 41 0 0 3477826 5855408 5184359 0 0 0 5703069 0 0 0 0 
0 0 0 0 0 0 0 0 0 0 0 0 0 0 0 0 0 0 0 0 0 0 0 3 0 18096 18098 0 0 41 0 0 0 11065763 3486211 0 0 0 0 0 5715546 0 0 0 
0 0 0 0 0 0 0 0 0 0 0 0 0 0 0 0 0 0 0 0 0 0 0 3 18102 0 0 0 0 0 41 0 0 3485945 5868396 5195933 0 0 0 5716022 0 0 0 0 
0 0 0 0 0 0 0 0 0 0 0 0 0 0 0 0 0 0 0 0 0 0 0 3 0 18122 18122 0 0 41 0 0 0 11089098 3493068 0 0 0 0 0 5727815 0 0 0 
0 0 0 0 0 0 0 0 0 0 0 0 0 0 0 0 0 0 0 0 0 0 0 3 18126 0 0 0 0 0 41 0 0 3492800 5880579 5207083 0 0 0 5728290 0 0 0 0 
0 0 0 0 0 0 0 0 0 0 0 0 0 0 0 0 0 0 0 0 0 0 0 3 0 18164 18166 0 0 41 0 0 0 11105350 3497635 0 0 0 0 0 5737057 0 0 0 
0 0 0 0 0 0 0 0 0 0 0 0 0 0 0 0 0 0 0 0 0 0 0 3 18170 0 0 0 0 0 41 0 0 3497367 5890994 5212918 0 0 0 5737532 0 0 0 0 
0 0 0 0 0 0 0 0 0 0 0 0 0 0 0 0 0 0 0 0 0 0 0 3 0 18223 18222 0 0 41 0 0 0 11125329 3502480 0 0 0 0 0 5748567 0 0 0 
0 0 0 0 0 0 0 0 0 0 0 0 0 0 0 0 0 0 0 0 0 0 0 3 18226 0 0 0 0 0 41 0 0 3502207 5901484 5222400 0 0 0 5749043 0 0 0 0 
0 0 0 0 0 0 0 0 0 0 0 0 0 0 0 0 0 0 0 0 0 0 0 3 0 18280 18278 0 0 41 0 0 0 11148211 3510598 0 0 0 0 0 5760176 0 0 0 
0 0 0 0 0 0 0 0 0 0 0 0 0 0 0 0 0 0 0 0 0 0 0 3 18282 0 0 0 0 0 41 0 0 3510325 5913129 5233635 0 0 0 5760652 0 0 0 0 
0 0 0 0 0 0 0 0 0 0 0 0 0 0 0 0 0 0 0 0 0 0 0 3 0 18335 18334 0 0 41 0 0 0 11171247 3518715 0 0 0 0 0 5771935 0 0 0 
0 0 0 0 0 0 0 0 0 0 0 0 0 0 0 0 0 0 0 0 0 0 0 3 18338 0 0 0 0 0 41 0 0 3518440 5924898 5244898 0 0 0 5772411 0 0 0 0 
0 0 0 0 0 0 0 0 0 0 0 0 0 0 0 0 0 0 0 0 0 0 0 3 0 18347 18346 0 0 41 0 0 0 11188683 3523269 0 0 0 0 0 5779646 0 0 0 
0 0 0 0 0 0 0 0 0 0 0 0 0 0 0 0 0 0 0 0 0 0 0 3 18350 0 0 0 0 0 41 0 0 3522994 5935349 5251883 0 0 0 5780123 0 0 0 0 
0 0 0 0 0 0 0 0 0 0 0 0 0 0 0 0 0 0 0 0 0 0 0 3 0 18404 18406 0 0 41 0 0 0 11208480 3529291 0 0 0 0 0 5790979 0 0 0 
0 0 0 0 0 0 0 0 0 0 0 0 0 0 0 0 0 0 0 0 0 0 0 3 18410 0 0 0 0 0 41 0 0 3529016 5944543 5262485 0 0 0 5791456 0 0 0 0 
0 0 0 0 0 0 0 0 0 0 0 0 0 0 0 0 0 0 0 0 0 0 0 3 0 18460 18462 0 0 41 0 0 0 11229538 3534978 0 0 0 0 0 5801566 0 0 0 
0 0 0 0 0 0 0 0 0 0 0 0 0 0 0 0 0 0 0 0 0 0 0 3 18466 0 0 0 0 0 41 0 0 3534702 5954631 5273453 0 0 0 5802047 0 0 0 0 
0 0 0 0 0 0 0 0 0 0 0 0 0 0 0 0 0 0 0 0 0 0 0 3 0 18516 18518 0 0 41 0 0 0 11253471 3543096 0 0 0 0 0 5813861 0 0 0 
0 0 0 0 0 0 0 0 0 0 0 0 0 0 0 0 0 0 0 0 0 0 0 3 18522 0 0 0 0 0 41 0 0 3542820 5966960 5285054 0 0 0 5814340 0 0 0 0 
0 0 0 0 0 0 0 0 0 0 0 0 0 0 0 0 0 0 0 0 0 0 0 3 0 18544 18546 0 0 41 0 0 0 11275724 3549957 0 0 0 0 0 5825003 0 0 0 
0 0 0 0 0 0 0 0 0 0 0 0 0 0 0 0 0 0 0 0 0 0 0 3 18550 0 0 0 0 0 41 0 0 3549681 5978018 5296245 0 0 0 5825486 0 0 0 0 
0 0 0 0 0 0 0 0 0 0 0 0 0 0 0 0 0 0 0 0 0 0 0 3 0 18584 18586 0 0 41 0 0 0 11292734 3555054 0 0 0 0 0 5833976 0 0 0 
0 0 0 0 0 0 0 0 0 0 0 0 0 0 0 0 0 0 0 0 0 0 0 3 18590 0 0 0 0 0 41 0 0 3554779 5988708 5302565 0 0 0 5834459 0 0 0 0 
0 0 0 0 0 0 0 0 0 0 0 0 0 0 0 0 0 0 0 0 0 0 0 3 0 18644 18646 0 0 41 0 0 0 11312058 3561659 0 0 0 0 0 5844260 0 0 0 
0 0 0 0 0 0 0 0 0 0 0 0 0 0 0 0 0 0 0 0 0 0 0 3 18650 0 0 0 0 0 41 0 0 3561383 5997940 5312650 0 0 0 5844742 0 0 0 0 
0 0 0 0 0 0 0 0 0 0 0 0 0 0 0 0 0 0 0 0 0 0 0 3 0 18700 18702 0 0 41 0 0 0 11333310 3567485 0 0 0 0 0 5855019 0 0 0 
0 0 0 0 0 0 0 0 0 0 0 0 0 0 0 0 0 0 0 0 0 0 0 3 18706 0 0 0 0 0 41 0 0 3567208 6008223 5323616 0 0 0 5855497 0 0 0 0 
0 0 0 0 0 0 0 0 0 0 0 0 0 0 0 0 0 0 0 0 0 0 0 3 0 18756 18758 0 0 41 0 0 0 11356922 3575604 0 0 0 0 0 5867305 0 0 0 
0 0 0 0 0 0 0 0 0 0 0 0 0 0 0 0 0 0 0 0 0 0 0 3 18762 0 0 0 0 0 41 0 0 3575326 6020543 5334904 0 0 0 5867783 0 0 0 0 
0 0 0 0 0 0 0 0 0 0 0 0 0 0 0 0 0 0 0 0 0 0 0 3 0 18804 18802 0 0 41 0 0 0 11380591 3583219 0 0 0 0 0 5879894 0 0 0 
0 0 0 0 0 0 0 0 0 0 0 0 0 0 0 0 0 0 0 0 0 0 0 3 18806 0 0 0 0 0 41 0 0 3582941 6033018 5346093 0 0 0 5880374 0 0 0 0 
0 0 0 0 0 0 0 0 0 0 0 0 0 0 0 0 0 0 0 0 0 0 0 3 0 18827 18826 0 0 41 0 0 0 11398591 3588240 0 0 0 0 0 5888000 0 0 0 
0 0 0 0 0 0 0 0 0 0 0 0 0 0 0 0 0 0 0 0 0 0 0 3 18830 0 0 0 0 0 41 0 0 3587962 6043719 5353392 0 0 0 5888480 0 0 0 0 
0 0 0 0 0 0 0 0 0 0 0 0 0 0 0 0 0 0 0 0 0 0 0 3 0 18884 18886 0 0 41 0 0 0 11416737 3594187 0 0 0 0 0 5898061 0 0 0 
0 0 0 0 0 0 0 0 0 0 0 0 0 0 0 0 0 0 0 0 0 0 0 3 18890 0 0 0 0 0 41 0 0 3593909 6051821 5363431 0 0 0 5898538 0 0 0 0 
0 0 0 0 0 0 0 0 0 0 0 0 0 0 0 0 0 0 0 0 0 0 0 3 0 18940 18942 0 0 41 0 0 0 11438584 3599993 0 0 0 0 0 5909402 0 0 0 
0 0 0 0 0 0 0 0 0 0 0 0 0 0 0 0 0 0 0 0 0 0 0 3 18946 0 0 0 0 0 41 0 0 3599714 6062746 5374349 0 0 0 5909882 0 0 0 0 
0 0 0 0 0 0 0 0 0 0 0 0 0 0 0 0 0 0 0 0 0 0 0 3 0 18996 18998 0 0 41 0 0 0 11462923 3608112 0 0 0 0 0 5922435 0 0 0 
0 0 0 0 0 0 0 0 0 0 0 0 0 0 0 0 0 0 0 0 0 0 0 3 19002 0 0 0 0 0 41 0 0 3607832 6075816 5385616 0 0 0 5922919 0 0 0 0 
0 0 0 0 0 0 0 0 0 0 0 0 0 0 0 0 0 0 0 0 0 0 0 3 0 19032 19030 0 0 41 0 0 0 11485733 3615207 0 0 0 0 0 5934196 0 0 0 
0 0 0 0 0 0 0 0 0 0 0 0 0 0 0 0 0 0 0 0 0 0 0 3 19034 0 0 0 0 0 41 0 0 3614928 6087490 5396746 0 0 0 5934681 0 0 0 0 
0 0 0 0 0 0 0 0 0 0 0 0 0 0 0 0 0 0 0 0 0 0 0 3 0 19067 19066 0 0 41 0 0 0 11503016 3620790 0 0 0 0 0 5941723 0 0 0 
0 0 0 0 0 0 0 0 0 0 0 0 0 0 0 0 0 0 0 0 0 0 0 3 19070 0 0 0 0 0 41 0 0 3620511 6097782 5403737 0 0 0 5942207 0 0 0 0 
0 0 0 0 0 0 0 0 0 0 0 0 0 0 0 0 0 0 0 0 0 0 0 3 0 19124 19125 0 0 41 0 0 0 11521672 3626687 0 0 0 0 0 5952865 0 0 0 
0 0 0 0 0 0 0 0 0 0 0 0 0 0 0 0 0 0 0 0 0 0 0 3 19130 0 0 0 0 0 41 0 0 3626408 6106800 5413370 0 0 0 5953352 0 0 0 0 
0 0 0 0 0 0 0 0 0 0 0 0 0 0 0 0 0 0 0 0 0 0 0 3 0 19180 19181 0 0 41 0 0 0 11543570 3632499 0 0 0 0 0 5964487 0 0 0 
0 0 0 0 0 0 0 0 0 0 0 0 0 0 0 0 0 0 0 0 0 0 0 3 19186 0 0 0 0 0 41 0 0 3632220 6117972 5424087 0 0 0 5964974 0 0 0 0 
0 0 0 0 0 0 0 0 0 0 0 0 0 0 0 0 0 0 0 0 0 0 0 3 0 19236 19237 0 0 41 0 0 0 11566635 3640618 0 0 0 0 0 5976465 0 0 0 
0 0 0 0 0 0 0 0 0 0 0 0 0 0 0 0 0 0 0 0 0 0 0 3 19242 0 0 0 0 0 41 0 0 3640337 6129985 5435130 0 0 0 5976953 0 0 0 0 
0 0 0 0 0 0 0 0 0 0 0 0 0 0 0 0 0 0 0 0 0 0 0 3 0 19254 19253 0 0 41 0 0 0 11587983 3647213 0 0 0 0 0 5986760 0 0 0 
0 0 0 0 0 0 0 0 0 0 0 0 0 0 0 0 0 0 0 0 0 0 0 3 19258 0 0 0 0 0 41 0 0 3646932 6142208 5444253 0 0 0 5987251 0 0 0 0 
0 0 0 0 0 0 0 0 0 0 0 0 0 0 0 0 0 0 0 0 0 0 0 3 0 19304 19305 0 0 41 0 0 0 11602801 3651807 0 0 0 0 0 5995473 0 0 0 
0 0 0 0 0 0 0 0 0 0 0 0 0 0 0 0 0 0 0 0 0 0 0 3 19310 0 0 0 0 0 41 0 0 3651526 6149832 5451445 0 0 0 5995966 0 0 0 0 
0 0 0 0 0 0 0 0 0 0 0 0 0 0 0 0 0 0 0 0 0 0 0 3 0 19364 19365 0 0 41 0 0 0 11624277 3657978 0 0 0 0 0 6006858 0 0 0 
0 0 0 0 0 0 0 0 0 0 0 0 0 0 0 0 0 0 0 0 0 0 0 3 19370 0 0 0 0 0 41 0 0 3657695 6161380 5461371 0 0 0 6007356 0 0 0 0 
0 0 0 0 0 0 0 0 0 0 0 0 0 0 0 0 0 0 0 0 0 0 0 3 0 19420 19421 0 0 41 0 0 0 11646235 3665007 0 0 0 0 0 6018553 0 0 0 
0 0 0 0 0 0 0 0 0 0 0 0 0 0 0 0 0 0 0 0 0 0 0 3 19426 0 0 0 0 0 41 0 0 3664724 6172190 5472515 0 0 0 6019054 0 0 0 0 
0 0 0 0 0 0 0 0 0 0 0 0 0 0 0 0 0 0 0 0 0 0 0 3 0 19476 19477 0 0 41 0 0 0 11670081 3673126 0 0 0 0 0 6030490 0 0 0 
0 0 0 0 0 0 0 0 0 0 0 0 0 0 0 0 0 0 0 0 0 0 0 3 19482 0 0 0 0 0 41 0 0 3672843 6184161 5484386 0 0 0 6030991 0 0 0 0 
0 0 0 0 0 0 0 0 0 0 0 0 0 0 0 0 0 0 0 0 0 0 0 3 0 19484 19485 0 0 41 0 0 0 11686627 3677508 0 0 0 0 0 6037836 0 0 0 
0 0 0 0 0 0 0 0 0 0 0 0 0 0 0 0 0 0 0 0 0 0 0 3 19490 0 0 0 0 0 41 0 0 3677225 6193582 5491510 0 0 0 6038337 0 0 0 0 
0 0 0 0 0 0 0 0 0 0 0 0 0 0 0 0 0 0 0 0 0 0 0 3 0 19544 19545 0 0 41 0 0 0 11705601 3683124 0 0 0 0 0 6048806 0 0 0 
0 0 0 0 0 0 0 0 0 0 0 0 0 0 0 0 0 0 0 0 0 0 0 3 19550 0 0 0 0 0 41 0 0 3682842 6203112 5500948 0 0 0 6049312 0 0 0 0 
0 0 0 0 0 0 0 0 0 0 0 0 0 0 0 0 0 0 0 0 0 0 0 3 0 19600 19601 0 0 41 0 0 0 11727422 3689387 0 0 0 0 0 6059793 0 0 0 
0 0 0 0 0 0 0 0 0 0 0 0 0 0 0 0 0 0 0 0 0 0 0 3 19606 0 0 0 0 0 41 0 0 3689104 6213539 5512339 0 0 0 6060302 0 0 0 0 
0 0 0 0 0 0 0 0 0 0 0 0 0 0 0 0 0 0 0 0 0 0 0 3 0 19656 19657 0 0 41 0 0 0 11751261 3697506 0 0 0 0 0 6072091 0 0 0 
0 0 0 0 0 0 0 0 0 0 0 0 0 0 0 0 0 0 0 0 0 0 0 3 19662 0 0 0 0 0 41 0 0 3697223 6225870 5523842 0 0 0 6072600 0 0 0 0 
0 0 0 0 0 0 0 0 0 0 0 0 0 0 0 0 0 0 0 0 0 0 0 3 0 19684 19685 0 0 41 0 0 0 11774027 3704364 0 0 0 0 0 6083620 0 0 0 
0 0 0 0 0 0 0 0 0 0 0 0 0 0 0 0 0 0 0 0 0 0 0 3 19690 0 0 0 0 0 41 0 0 3704081 6237314 5535163 0 0 0 6084124 0 0 0 0 
0 0 0 0 0 0 0 0 0 0 0 0 0 0 0 0 0 0 0 0 0 0 0 3 0 19724 19725 0 0 41 0 0 0 11788854 3709503 0 0 0 0 0 6090877 0 0 0 
0 0 0 0 0 0 0 0 0 0 0 0 0 0 0 0 0 0 0 0 0 0 0 3 19730 0 0 0 0 0 41 0 0 3709217 6246141 5541164 0 0 0 6091382 0 0 0 0 
0 0 0 0 0 0 0 0 0 0 0 0 0 0 0 0 0 0 0 0 0 0 0 3 0 19784 19785 0 0 41 0 0 0 11804924 3714910 0 0 0 0 0 6098744 0 0 0 
0 0 0 0 0 0 0 0 0 0 0 0 0 0 0 0 0 0 0 0 0 0 0 3 19790 0 0 0 0 0 41 0 0 3714624 6253554 5549817 0 0 0 6099250 0 0 0 0 
0 0 0 0 0 0 0 0 0 0 0 0 0 0 0 0 0 0 0 0 0 0 0 3 0 19839 19837 0 0 41 0 0 0 11826585 3721892 0 0 0 0 0 6110394 0 0 0 
0 0 0 0 0 0 0 0 0 0 0 0 0 0 0 0 0 0 0 0 0 0 0 3 19842 0 0 0 0 0 41 0 0 3721604 6264276 5560755 0 0 0 6110901 0 0 0 0 
0 0 0 0 0 0 0 0 0 0 0 0 0 0 0 0 0 0 0 0 0 0 0 3 0 19896 19893 0 0 41 0 0 0 11850695 3730013 0 0 0 0 0 6122457 0 0 0 
0 0 0 0 0 0 0 0 0 0 0 0 0 0 0 0 0 0 0 0 0 0 0 3 19898 0 0 0 0 0 41 0 0 3729723 6276371 5572764 0 0 0 6122962 0 0 0 0 
0 0 0 0 0 0 0 0 0 0 0 0 0 0 0 0 0 0 0 0 0 0 0 3 0 19907 19905 0 0 41 0 0 0 11868653 3734566 0 0 0 0 0 6131378 0 0 0 
0 0 0 0 0 0 0 0 0 0 0 0 0 0 0 0 0 0 0 0 0 0 0 3 19910 0 0 0 0 0 41 0 0 3734275 6287762 5579332 0 0 0 6131883 0 0 0 0 
0 0 0 0 0 0 0 0 0 0 0 0 0 0 0 0 0 0 0 0 0 0 0 3 0 19964 19965 0 0 41 0 0 0 11886217 3740264 0 0 0 0 0 6141575 0 0 0 
0 0 0 0 0 0 0 0 0 0 0 0 0 0 0 0 0 0 0 0 0 0 0 3 19970 0 0 0 0 0 41 0 0 3739972 6296008 5588648 0 0 0 6142081 0 0 0 0 
0 0 0 0 0 0 0 0 0 0 0 0 0 0 0 0 0 0 0 0 0 0 0 3 0 20020 20021 0 0 41 0 0 0 11908642 3746275 0 0 0 0 0 6152932 0 0 0 
0 0 0 0 0 0 0 0 0 0 0 0 0 0 0 0 0 0 0 0 0 0 0 3 20026 0 0 0 0 0 41 0 0 3745982 6306919 5600153 0 0 0 6153438 0 0 0 0 
0 0 0 0 0 0 0 0 0 0 0 0 0 0 0 0 0 0 0 0 0 0 0 3 0 20076 20077 0 0 41 0 0 0 11932300 3754394 0 0 0 0 0 6165363 0 0 0 
0 0 0 0 0 0 0 0 0 0 0 0 0 0 0 0 0 0 0 0 0 0 0 3 20082 0 0 0 0 0 41 0 0 3754100 6319385 5611340 0 0 0 6165867 0 0 0 0 
0 0 0 0 0 0 0 0 0 0 0 0 0 0 0 0 0 0 0 0 0 0 0 3 0 20107 20105 0 0 41 0 0 0 11954173 3761258 0 0 0 0 0 6176648 0 0 0 
0 0 0 0 0 0 0 0 0 0 0 0 0 0 0 0 0 0 0 0 0 0 0 3 20110 0 0 0 0 0 41 0 0 3760964 6330581 5622009 0 0 0 6177149 0 0 0 0 
0 0 0 0 0 0 0 0 0 0 0 0 0 0 0 0 0 0 0 0 0 0 0 3 0 20147 20145 0 0 41 0 0 0 11972010 3767038 0 0 0 0 0 6185006 0 0 0 
0 0 0 0 0 0 0 0 0 0 0 0 0 0 0 0 0 0 0 0 0 0 0 3 20150 0 0 0 0 0 41 0 0 3766743 6341313 5629114 0 0 0 6185507 0 0 0 0 
0 0 0 0 0 0 0 0 0 0 0 0 0 0 0 0 0 0 0 0 0 0 0 3 0 20204 20205 0 0 41 0 0 0 11991511 3773062 0 0 0 0 0 6195815 0 0 0 
0 0 0 0 0 0 0 0 0 0 0 0 0 0 0 0 0 0 0 0 0 0 0 3 20210 0 0 0 0 0 41 0 0 3772766 6350400 5639529 0 0 0 6196321 0 0 0 0 
0 0 0 0 0 0 0 0 0 0 0 0 0 0 0 0 0 0 0 0 0 0 0 3 0 20260 20261 0 0 41 0 0 0 12013441 3778782 0 0 0 0 0 6207892 0 0 0 
0 0 0 0 0 0 0 0 0 0 0 0 0 0 0 0 0 0 0 0 0 0 0 3 20266 0 0 0 0 0 41 0 0 3778487 6362022 5649832 0 0 0 6208399 0 0 0 0 
0 0 0 0 0 0 0 0 0 0 0 0 0 0 0 0 0 0 0 0 0 0 0 3 0 20316 20317 0 0 41 0 0 0 12037597 3786901 0 0 0 0 0 6220614 0 0 0 
0 0 0 0 0 0 0 0 0 0 0 0 0 0 0 0 0 0 0 0 0 0 0 3 20322 0 0 0 0 0 41 0 0 3786606 6374780 5661227 0 0 0 6221121 0 0 0 0 
0 0 0 0 0 0 0 0 0 0 0 0 0 0 0 0 0 0 0 0 0 0 0 3 0 20364 20361 0 0 41 0 0 0 12060169 3794167 0 0 0 0 0 6232184 0 0 0 
0 0 0 0 0 0 0 0 0 0 0 0 0 0 0 0 0 0 0 0 0 0 0 3 20366 0 0 0 0 0 41 0 0 3793872 6386410 5672171 0 0 0 6232692 0 0 0 0 
0 0 0 0 0 0 0 0 0 0 0 0 0 0 0 0 0 0 0 0 0 0 0 3 0 20387 20385 0 0 41 0 0 0 12077859 3799581 0 0 0 0 0 6240629 0 0 0 
0 0 0 0 0 0 0 0 0 0 0 0 0 0 0 0 0 0 0 0 0 0 0 3 20390 0 0 0 0 0 41 0 0 3799285 6397043 5679226 0 0 0 6241137 0 0 0 0 
0 0 0 0 0 0 0 0 0 0 0 0 0 0 0 0 0 0 0 0 0 0 0 3 0 20444 20445 0 0 41 0 0 0 12095360 3805156 0 0 0 0 0 6250209 0 0 0 
0 0 0 0 0 0 0 0 0 0 0 0 0 0 0 0 0 0 0 0 0 0 0 3 20450 0 0 0 0 0 41 0 0 3804860 6404983 5688784 0 0 0 6250717 0 0 0 0 
0 0 0 0 0 0 0 0 0 0 0 0 0 0 0 0 0 0 0 0 0 0 0 3 0 20500 20501 0 0 41 0 0 0 12117115 3811290 0 0 0 0 0 6261183 0 0 0 
0 0 0 0 0 0 0 0 0 0 0 0 0 0 0 0 0 0 0 0 0 0 0 3 20506 0 0 0 0 0 41 0 0 3810994 6415456 5700068 0 0 0 6261693 0 0 0 0 
0 0 0 0 0 0 0 0 0 0 0 0 0 0 0 0 0 0 0 0 0 0 0 3 0 20556 20557 0 0 41 0 0 0 12141751 3819409 0 0 0 0 0 6273783 0 0 0 
0 0 0 0 0 0 0 0 0 0 0 0 0 0 0 0 0 0 0 0 0 0 0 3 20562 0 0 0 0 0 41 0 0 3819111 6428091 5712068 0 0 0 6274294 0 0 0 0 
0 0 0 0 0 0 0 0 0 0 0 0 0 0 0 0 0 0 0 0 0 0 0 3 0 20579 20577 0 0 41 0 0 0 12164768 3826038 0 0 0 0 0 6285420 0 0 0 
0 0 0 0 0 0 0 0 0 0 0 0 0 0 0 0 0 0 0 0 0 0 0 3 20582 0 0 0 0 0 41 0 0 3825740 6439722 5723450 0 0 0 6285934 0 0 0 0 
0 0 0 0 0 0 0 0 0 0 0 0 0 0 0 0 0 0 0 0 0 0 0 3 0 20624 20625 0 0 41 0 0 0 12177860 3830145 0 0 0 0 0 6291863 0 0 0 
0 0 0 0 0 0 0 0 0 0 0 0 0 0 0 0 0 0 0 0 0 0 0 3 20630 0 0 0 0 0 41 0 0 3829846 6446790 5729473 0 0 0 6292377 0 0 0 0 
0 0 0 0 0 0 0 0 0 0 0 0 0 0 0 0 0 0 0 0 0 0 0 3 0 20684 20681 0 0 41 0 0 0 12197980 3835680 0 0 0 0 0 6302369 0 0 0 
0 0 0 0 0 0 0 0 0 0 0 0 0 0 0 0 0 0 0 0 0 0 0 3 20686 0 0 0 0 0 41 0 0 3835382 6456741 5739642 0 0 0 6302881 0 0 0 0 
0 0 0 0 0 0 0 0 0 0 0 0 0 0 0 0 0 0 0 0 0 0 0 3 0 20740 20741 0 0 41 0 0 0 12221570 3843795 0 0 0 0 0 6314037 0 0 0 
0 0 0 0 0 0 0 0 0 0 0 0 0 0 0 0 0 0 0 0 0 0 0 3 20746 0 0 0 0 0 41 0 0 3843498 6468449 5751522 0 0 0 6314547 0 0 0 0 
0 0 0 0 0 0 0 0 0 0 0 0 0 0 0 0 0 0 0 0 0 0 0 3 0 20796 20797 0 0 41 0 0 0 12245394 3851914 0 0 0 0 0 6326027 0 0 0 
0 0 0 0 0 0 0 0 0 0 0 0 0 0 0 0 0 0 0 0 0 0 0 3 20802 0 0 0 0 0 41 0 0 3851617 6480472 5763311 0 0 0 6326536 0 0 0 0 
0 0 0 0 0 0 0 0 0 0 0 0 0 0 0 0 0 0 0 0 0 0 0 3 0 20820 20821 0 0 41 0 0 0 12268435 3858544 0 0 0 0 0 6337675 0 0 0 
0 0 0 0 0 0 0 0 0 0 0 0 0 0 0 0 0 0 0 0 0 0 0 3 20826 0 0 0 0 0 41 0 0 3858246 6492142 5774672 0 0 0 6338190 0 0 0 0 
0 0 0 0 0 0 0 0 0 0 0 0 0 0 0 0 0 0 0 0 0 0 0 3 0 20864 20865 0 0 41 0 0 0 12281947 3862505 0 0 0 0 0 6345235 0 0 0 
0 0 0 0 0 0 0 0 0 0 0 0 0 0 0 0 0 0 0 0 0 0 0 3 20870 0 0 0 0 0 41 0 0 3862207 6500207 5780119 0 0 0 6345750 0 0 0 0 
0 0 0 0 0 0 0 0 0 0 0 0 0 0 0 0 0 0 0 0 0 0 0 3 0 20920 20921 0 0 41 0 0 0 12303096 3868175 0 0 0 0 0 6356157 0 0 0 
0 0 0 0 0 0 0 0 0 0 0 0 0 0 0 0 0 0 0 0 0 0 0 3 20926 0 0 0 0 0 41 0 0 3867878 6510680 5790783 0 0 0 6356675 0 0 0 0 
0 0 0 0 0 0 0 0 0 0 0 0 0 0 0 0 0 0 0 0 0 0 0 3 0 20979 20977 0 0 41 0 0 0 12327001 3876299 0 0 0 0 0 6368554 0 0 0 
0 0 0 0 0 0 0 0 0 0 0 0 0 0 0 0 0 0 0 0 0 0 0 3 20982 0 0 0 0 0 41 0 0 3876002 6523109 5802253 0 0 0 6369071 0 0 0 0 
0 0 0 0 0 0 0 0 0 0 0 0 0 0 0 0 0 0 0 0 0 0 0 3 0 21035 21033 0 0 41 0 0 0 12350526 3884419 0 0 0 0 0 6380238 0 0 0 
0 0 0 0 0 0 0 0 0 0 0 0 0 0 0 0 0 0 0 0 0 0 0 3 21038 0 0 0 0 0 41 0 0 3884122 6534805 5814078 0 0 0 6380763 0 0 0 0 
0 0 0 0 0 0 0 0 0 0 0 0 0 0 0 0 0 0 0 0 0 0 0 3 0 21045 21045 0 0 41 0 0 0 12367594 3888969 0 0 0 0 0 6388023 0 0 0 
0 0 0 0 0 0 0 0 0 0 0 0 0 0 0 0 0 0 0 0 0 0 0 3 21050 0 0 0 0 0 41 0 0 3888672 6545181 5820769 0 0 0 6388548 0 0 0 0 
0 0 0 0 0 0 0 0 0 0 0 0 0 0 0 0 0 0 0 0 0 0 0 3 0 21104 21104 0 0 41 0 0 0 12387103 3894774 0 0 0 0 0 6400020 0 0 0 
0 0 0 0 0 0 0 0 0 0 0 0 0 0 0 0 0 0 0 0 0 0 0 3 21110 0 0 0 0 0 41 0 0 3894476 6555081 5830375 0 0 0 6400544 0 0 0 0 
0 0 0 0 0 0 0 0 0 0 0 0 0 0 0 0 0 0 0 0 0 0 0 3 0 21160 21160 0 0 41 0 0 0 12407724 3900682 0 0 0 0 0 6410392 0 0 0 
0 0 0 0 0 0 0 0 0 0 0 0 0 0 0 0 0 0 0 0 0 0 0 3 21166 0 0 0 0 0 41 0 0 3900383 6565061 5841015 0 0 0 6410918 0 0 0 0 
0 0 0 0 0 0 0 0 0 0 0 0 0 0 0 0 0 0 0 0 0 0 0 3 0 21216 21216 0 0 41 0 0 0 12431797 3908800 0 0 0 0 0 6422934 0 0 0 
0 0 0 0 0 0 0 0 0 0 0 0 0 0 0 0 0 0 0 0 0 0 0 3 21222 0 0 0 0 0 41 0 0 3908501 6577639 5852502 0 0 0 6423460 0 0 0 0 
0 0 0 0 0 0 0 0 0 0 0 0 0 0 0 0 0 0 0 0 0 0 0 3 0 21232 21232 0 0 41 0 0 0 12452854 3915387 0 0 0 0 0 6433182 0 0 0 
0 0 0 0 0 0 0 0 0 0 0 0 0 0 0 0 0 0 0 0 0 0 0 3 21238 0 0 0 0 0 41 0 0 3915089 6590000 5861192 0 0 0 6433710 0 0 0 0 
0 0 0 0 0 0 0 0 0 0 0 0 0 0 0 0 0 0 0 0 0 0 0 3 0 21284 21284 0 0 41 0 0 0 12470094 3919545 0 0 0 0 0 6443793 0 0 0 
0 0 0 0 0 0 0 0 0 0 0 0 0 0 0 0 0 0 0 0 0 0 0 3 21290 0 0 0 0 0 41 0 0 3919245 6599162 5869272 0 0 0 6444318 0 0 0 0 
0 0 0 0 0 0 0 0 0 0 0 0 0 0 0 0 0 0 0 0 0 0 0 3 0 21343 21340 0 0 41 0 0 0 12489376 3925069 0 0 0 0 0 6453277 0 0 0 
0 0 0 0 0 0 0 0 0 0 0 0 0 0 0 0 0 0 0 0 0 0 0 3 21346 0 0 0 0 0 41 0 0 3924768 6608046 5879668 0 0 0 6453802 0 0 0 0 
0 0 0 0 0 0 0 0 0 0 0 0 0 0 0 0 0 0 0 0 0 0 0 3 0 21398 21396 0 0 41 0 0 0 12513013 3933184 0 0 0 0 0 6465342 0 0 0 
0 0 0 0 0 0 0 0 0 0 0 0 0 0 0 0 0 0 0 0 0 0 0 3 21402 0 0 0 0 0 41 0 0 3932882 6620153 5891195 0 0 0 6465873 0 0 0 0 
0 0 0 0 0 0 0 0 0 0 0 0 0 0 0 0 0 0 0 0 0 0 0 3 0 21448 21444 0 0 41 0 0 0 12535745 3941169 0 0 0 0 0 6477143 0 0 0 
0 0 0 0 0 0 0 0 0 0 0 0 0 0 0 0 0 0 0 0 0 0 0 3 21450 0 0 0 0 0 41 0 0 3940868 6631764 5902315 0 0 0 6477674 0 0 0 0 
0 0 0 0 0 0 0 0 0 0 0 0 0 0 0 0 0 0 0 0 0 0 0 3 0 21468 21464 0 0 41 0 0 0 12553470 3945861 0 0 0 0 0 6484687 0 0 0 
0 0 0 0 0 0 0 0 0 0 0 0 0 0 0 0 0 0 0 0 0 0 0 3 21470 0 0 0 0 0 41 0 0 3945560 6642362 5909441 0 0 0 6485219 0 0 0 0 
0 0 0 0 0 0 0 0 0 0 0 0 0 0 0 0 0 0 0 0 0 0 0 3 0 21524 21524 0 0 41 0 0 0 12572118 3951873 0 0 0 0 0 6495451 0 0 0 
0 0 0 0 0 0 0 0 0 0 0 0 0 0 0 0 0 0 0 0 0 0 0 3 21530 0 0 0 0 0 41 0 0 3951571 6650872 5919573 0 0 0 6495986 0 0 0 0 
0 0 0 0 0 0 0 0 0 0 0 0 0 0 0 0 0 0 0 0 0 0 0 3 0 21580 21580 0 0 41 0 0 0 12594089 3957568 0 0 0 0 0 6506513 0 0 0 
0 0 0 0 0 0 0 0 0 0 0 0 0 0 0 0 0 0 0 0 0 0 0 3 21586 0 0 0 0 0 41 0 0 3957262 6661432 5930982 0 0 0 6507048 0 0 0 0 
0 0 0 0 0 0 0 0 0 0 0 0 0 0 0 0 0 0 0 0 0 0 0 3 0 21636 21636 0 0 41 0 0 0 12617577 3965687 0 0 0 0 0 6518388 0 0 0 
0 0 0 0 0 0 0 0 0 0 0 0 0 0 0 0 0 0 0 0 0 0 0 3 21642 0 0 0 0 0 41 0 0 3965379 6673341 5942554 0 0 0 6518922 0 0 0 0 
0 0 0 0 0 0 0 0 0 0 0 0 0 0 0 0 0 0 0 0 0 0 0 3 0 21676 21672 0 0 41 0 0 0 12640567 3972788 0 0 0 0 0 6530070 0 0 0 
0 0 0 0 0 0 0 0 0 0 0 0 0 0 0 0 0 0 0 0 0 0 0 3 21678 0 0 0 0 0 41 0 0 3972479 6685055 5953828 0 0 0 6530608 0 0 0 0 
0 0 0 0 0 0 0 0 0 0 0 0 0 0 0 0 0 0 0 0 0 0 0 3 0 21704 21704 0 0 41 0 0 0 12658391 3978064 0 0 0 0 0 6538245 0 0 0 
0 0 0 0 0 0 0 0 0 0 0 0 0 0 0 0 0 0 0 0 0 0 0 3 21710 0 0 0 0 0 41 0 0 3977754 6695475 5961231 0 0 0 6538786 0 0 0 0 
0 0 0 0 0 0 0 0 0 0 0 0 0 0 0 0 0 0 0 0 0 0 0 3 0 21764 21764 0 0 41 0 0 0 12675361 3983881 0 0 0 0 0 6547480 0 0 0 
0 0 0 0 0 0 0 0 0 0 0 0 0 0 0 0 0 0 0 0 0 0 0 3 21770 0 0 0 0 0 41 0 0 3983569 6703090 5970580 0 0 0 6548022 0 0 0 0 
0 0 0 0 0 0 0 0 0 0 0 0 0 0 0 0 0 0 0 0 0 0 0 3 0 21820 21820 0 0 41 0 0 0 12697666 3990075 0 0 0 0 0 6559037 0 0 0 
0 0 0 0 0 0 0 0 0 0 0 0 0 0 0 0 0 0 0 0 0 0 0 3 21826 0 0 0 0 0 41 0 0 3989764 6714100 5981874 0 0 0 6559580 0 0 0 0 
0 0 0 0 0 0 0 0 0 0 0 0 0 0 0 0 0 0 0 0 0 0 0 3 0 21876 21876 0 0 41 0 0 0 12721851 3998194 0 0 0 0 0 6571255 0 0 0 
0 0 0 0 0 0 0 0 0 0 0 0 0 0 0 0 0 0 0 0 0 0 0 3 21882 0 0 0 0 0 41 0 0 3997880 6726353 5993808 0 0 0 6571800 0 0 0 0 
0 0 0 0 0 0 0 0 0 0 0 0 0 0 0 0 0 0 0 0 0 0 0 3 0 21900 21900 0 0 41 0 0 0 12745375 4004868 0 0 0 0 0 6583364 0 0 0 
0 0 0 0 0 0 0 0 0 0 0 0 0 0 0 0 0 0 0 0 0 0 0 3 21906 0 0 0 0 0 41 0 0 4004555 6738458 6005229 0 0 0 6583909 0 0 0 0 
0 0 0 0 0 0 0 0 0 0 0 0 0 0 0 0 0 0 0 0 0 0 0 3 0 21944 21944 0 0 41 0 0 0 12757976 4009104 0 0 0 0 0 6590049 0 0 0 
0 0 0 0 0 0 0 0 0 0 0 0 0 0 0 0 0 0 0 0 0 0 0 3 21950 0 0 0 0 0 41 0 0 4008789 6745683 6010605 0 0 0 6590594 0 0 0 0 
0 0 0 0 0 0 0 0 0 0 0 0 0 0 0 0 0 0 0 0 0 0 0 3 0 22003 22000 0 0 41 0 0 0 12778911 4014463 0 0 0 0 0 6601660 0 0 0 
0 0 0 0 0 0 0 0 0 0 0 0 0 0 0 0 0 0 0 0 0 0 0 3 22006 0 0 0 0 0 41 0 0 4014148 6756820 6020396 0 0 0 6602205 0 0 0 0 
0 0 0 0 0 0 0 0 0 0 0 0 0 0 0 0 0 0 0 0 0 0 0 3 0 22060 22060 0 0 41 0 0 0 12801703 4022582 0 0 0 0 0 6613210 0 0 0 
0 0 0 0 0 0 0 0 0 0 0 0 0 0 0 0 0 0 0 0 0 0 0 3 22066 0 0 0 0 0 41 0 0 4022267 6768410 6031598 0 0 0 6613757 0 0 0 0 
0 0 0 0 0 0 0 0 0 0 0 0 0 0 0 0 0 0 0 0 0 0 0 3 0 22116 22116 0 0 41 0 0 0 12825908 4030701 0 0 0 0 0 6625745 0 0 0 
0 0 0 0 0 0 0 0 0 0 0 0 0 0 0 0 0 0 0 0 0 0 0 3 22122 0 0 0 0 0 41 0 0 4030385 6780981 6043231 0 0 0 6626294 0 0 0 0 
0 0 0 0 0 0 0 0 0 0 0 0 0 0 0 0 0 0 0 0 0 0 0 3 0 22128 22128 0 0 41 0 0 0 12843299 4035408 0 0 0 0 0 6633036 0 0 0 
0 0 0 0 0 0 0 0 0 0 0 0 0 0 0 0 0 0 0 0 0 0 0 3 22134 0 0 0 0 0 41 0 0 4035091 6791167 6050435 0 0 0 6633585 0 0 0 0 
0 0 0 0 0 0 0 0 0 0 0 0 0 0 0 0 0 0 0 0 0 0 0 3 0 22184 22184 0 0 41 0 0 0 12861491 4041143 0 0 0 0 0 6643916 0 0 0 
0 0 0 0 0 0 0 0 0 0 0 0 0 0 0 0 0 0 0 0 0 0 0 3 22190 0 0 0 0 0 41 0 0 4040825 6799573 6060222 0 0 0 6644464 0 0 0 0 
0 0 0 0 0 0 0 0 0 0 0 0 0 0 0 0 0 0 0 0 0 0 0 3 0 22240 22240 0 0 41 0 0 0 12882945 4046962 0 0 0 0 0 6655248 0 0 0 
0 0 0 0 0 0 0 0 0 0 0 0 0 0 0 0 0 0 0 0 0 0 0 3 22246 0 0 0 0 0 41 0 0 4046644 6810554 6070688 0 0 0 6655797 0 0 0 0 
0 0 0 0 0 0 0 0 0 0 0 0 0 0 0 0 0 0 0 0 0 0 0 3 0 22296 22296 0 0 41 0 0 0 12907048 4055080 0 0 0 0 0 6667755 0 0 0 
0 0 0 0 0 0 0 0 0 0 0 0 0 0 0 0 0 0 0 0 0 0 0 3 22302 0 0 0 0 0 41 0 0 4054763 6823095 6082245 0 0 0 6668305 0 0 0 0 
0 0 0 0 0 0 0 0 0 0 0 0 0 0 0 0 0 0 0 0 0 0 0 3 0 22314 22312 0 0 41 0 0 0 12928507 4061670 0 0 0 0 0 6677738 0 0 0 
0 0 0 0 0 0 0 0 0 0 0 0 0 0 0 0 0 0 0 0 0 0 0 3 22318 0 0 0 0 0 41 0 0 4061352 6835153 6091642 0 0 0 6678291 0 0 0 0 
0 0 0 0 0 0 0 0 0 0 0 0 0 0 0 0 0 0 0 0 0 0 0 3 0 22364 22364 0 0 41 0 0 0 12943243 4065877 0 0 0 0 0 6686187 0 0 0 
0 0 0 0 0 0 0 0 0 0 0 0 0 0 0 0 0 0 0 0 0 0 0 3 22370 0 0 0 0 0 41 0 0 4065559 6842124 6099402 0 0 0 6686741 0 0 0 0 
0 0 0 0 0 0 0 0 0 0 0 0 0 0 0 0 0 0 0 0 0 0 0 3 0 22422 22420 0 0 41 0 0 0 12964588 4071345 0 0 0 0 0 6698229 0 0 0 
0 0 0 0 0 0 0 0 0 0 0 0 0 0 0 0 0 0 0 0 0 0 0 3 22426 0 0 0 0 0 41 0 0 4071027 6853642 6109227 0 0 0 6698786 0 0 0 0 
0 0 0 0 0 0 0 0 0 0 0 0 0 0 0 0 0 0 0 0 0 0 0 3 0 22480 22480 0 0 41 0 0 0 12987397 4079468 0 0 0 0 0 6709701 0 0 0 
0 0 0 0 0 0 0 0 0 0 0 0 0 0 0 0 0 0 0 0 0 0 0 3 22486 0 0 0 0 0 41 0 0 4079149 6865151 6120525 0 0 0 6710260 0 0 0 0 
0 0 0 0 0 0 0 0 0 0 0 0 0 0 0 0 0 0 0 0 0 0 0 3 0 22536 22536 0 0 41 0 0 0 13010976 4087587 0 0 0 0 0 6721668 0 0 0 
0 0 0 0 0 0 0 0 0 0 0 0 0 0 0 0 0 0 0 0 0 0 0 3 22542 0 0 0 0 0 41 0 0 4087267 6877154 6132097 0 0 0 6722230 0 0 0 0 
0 0 0 0 0 0 0 0 0 0 0 0 0 0 0 0 0 0 0 0 0 0 0 3 0 22548 22548 0 0 41 0 0 0 13029782 4093647 0 0 0 0 0 6729935 0 0 0 
0 0 0 0 0 0 0 0 0 0 0 0 0 0 0 0 0 0 0 0 0 0 0 3 22554 0 0 0 0 0 41 0 0 4093326 6887977 6140076 0 0 0 6730497 0 0 0 0 
0 0 0 0 0 0 0 0 0 0 0 0 0 0 0 0 0 0 0 0 0 0 0 3 0 22604 22604 0 0 41 0 0 0 13047668 4098283 0 0 0 0 0 6740845 0 0 0 
0 0 0 0 0 0 0 0 0 0 0 0 0 0 0 0 0 0 0 0 0 0 0 3 22610 0 0 0 0 0 41 0 0 4097962 6896927 6149012 0 0 0 6741407 0 0 0 0 
0 0 0 0 0 0 0 0 0 0 0 0 0 0 0 0 0 0 0 0 0 0 0 3 0 22660 22660 0 0 41 0 0 0 13068301 4103848 0 0 0 0 0 6751306 0 0 0 
0 0 0 0 0 0 0 0 0 0 0 0 0 0 0 0 0 0 0 0 0 0 0 3 22666 0 0 0 0 0 41 0 0 4103528 6906864 6159709 0 0 0 6751874 0 0 0 0 
0 0 0 0 0 0 0 0 0 0 0 0 0 0 0 0 0 0 0 0 0 0 0 3 0 22716 22716 0 0 41 0 0 0 13090845 4111967 0 0 0 0 0 6762614 0 0 0 
0 0 0 0 0 0 0 0 0 0 0 0 0 0 0 0 0 0 0 0 0 0 0 3 22722 0 0 0 0 0 41 0 0 4111645 6918208 6170908 0 0 0 6763184 0 0 0 0 
0 0 0 0 0 0 0 0 0 0 0 0 0 0 0 0 0 0 0 0 0 0 0 3 0 22751 22748 0 0 41 0 0 0 13112655 4118966 0 0 0 0 0 6773456 0 0 0 
0 0 0 0 0 0 0 0 0 0 0 0 0 0 0 0 0 0 0 0 0 0 0 3 22754 0 0 0 0 0 41 0 0 4118644 6928963 6181961 0 0 0 6774026 0 0 0 0 
0 0 0 0 0 0 0 0 0 0 0 0 0 0 0 0 0 0 0 0 0 0 0 3 0 22783 22784 0 0 41 0 0 0 13128365 4122848 0 0 0 0 0 6783180 0 0 0 
0 0 0 0 0 0 0 0 0 0 0 0 0 0 0 0 0 0 0 0 0 0 0 3 22790 0 0 0 0 0 41 0 0 4122525 6939209 6187421 0 0 0 6783750 0 0 0 0 
0 0 0 0 0 0 0 0 0 0 0 0 0 0 0 0 0 0 0 0 0 0 0 3 0 22843 22840 0 0 41 0 0 0 13147318 4128239 0 0 0 0 0 6792427 0 0 0 
0 0 0 0 0 0 0 0 0 0 0 0 0 0 0 0 0 0 0 0 0 0 0 3 22846 0 0 0 0 0 41 0 0 4127916 6948086 6197495 0 0 0 6792999 0 0 0 0 
0 0 0 0 0 0 0 0 0 0 0 0 0 0 0 0 0 0 0 0 0 0 0 3 0 22899 22900 0 0 41 0 0 0 13170884 4136355 0 0 0 0 0 6804984 0 0 0 
0 0 0 0 0 0 0 0 0 0 0 0 0 0 0 0 0 0 0 0 0 0 0 3 22906 0 0 0 0 0 41 0 0 4136033 6960683 6208460 0 0 0 6805556 0 0 0 0 
0 0 0 0 0 0 0 0 0 0 0 0 0 0 0 0 0 0 0 0 0 0 0 3 0 22955 22956 0 0 41 0 0 0 13195101 4144474 0 0 0 0 0 6817195 0 0 0 
0 0 0 0 0 0 0 0 0 0 0 0 0 0 0 0 0 0 0 0 0 0 0 3 22962 0 0 0 0 0 41 0 0 4144152 6972930 6220427 0 0 0 6817770 0 0 0 0 
0 0 0 0 0 0 0 0 0 0 0 0 0 0 0 0 0 0 0 0 0 0 0 3 0 22966 22964 0 0 41 0 0 0 13211718 4149027 0 0 0 0 0 6825102 0 0 0 
0 0 0 0 0 0 0 0 0 0 0 0 0 0 0 0 0 0 0 0 0 0 0 3 22970 0 0 0 0 0 41 0 0 4148705 6983402 6226573 0 0 0 6825678 0 0 0 0 
0 0 0 0 0 0 0 0 0 0 0 0 0 0 0 0 0 0 0 0 0 0 0 3 0 23023 23024 0 0 41 0 0 0 13230251 4154844 0 0 0 0 0 6836164 0 0 0 
0 0 0 0 0 0 0 0 0 0 0 0 0 0 0 0 0 0 0 0 0 0 0 3 23030 0 0 0 0 0 41 0 0 4154520 6992395 6236106 0 0 0 6836742 0 0 0 0 
0 0 0 0 0 0 0 0 0 0 0 0 0 0 0 0 0 0 0 0 0 0 0 3 0 23079 23080 0 0 41 0 0 0 13252269 4160736 0 0 0 0 0 6847209 0 0 0 
0 0 0 0 0 0 0 0 0 0 0 0 0 0 0 0 0 0 0 0 0 0 0 3 23086 0 0 0 0 0 41 0 0 4160412 7003017 6247499 0 0 0 6847789 0 0 0 0 
0 0 0 0 0 0 0 0 0 0 0 0 0 0 0 0 0 0 0 0 0 0 0 3 0 23135 23136 0 0 41 0 0 0 13276210 4168854 0 0 0 0 0 6859859 0 0 0 
0 0 0 0 0 0 0 0 0 0 0 0 0 0 0 0 0 0 0 0 0 0 0 3 23142 0 0 0 0 0 41 0 0 4168530 7015702 6258748 0 0 0 6860440 0 0 0 0 
0 0 0 0 0 0 0 0 0 0 0 0 0 0 0 0 0 0 0 0 0 0 0 3 0 23174 23172 0 0 41 0 0 0 13298984 4175954 0 0 0 0 0 6871556 0 0 0 
0 0 0 0 0 0 0 0 0 0 0 0 0 0 0 0 0 0 0 0 0 0 0 3 23178 0 0 0 0 0 41 0 0 4175630 7027415 6269808 0 0 0 6872139 0 0 0 0 
0 0 0 0 0 0 0 0 0 0 0 0 0 0 0 0 0 0 0 0 0 0 0 3 0 23206 23204 0 0 41 0 0 0 13316130 4181502 0 0 0 0 0 6879622 0 0 0 
0 0 0 0 0 0 0 0 0 0 0 0 0 0 0 0 0 0 0 0 0 0 0 3 23210 0 0 0 0 0 41 0 0 4181177 7037668 6276701 0 0 0 6880205 0 0 0 0 
0 0 0 0 0 0 0 0 0 0 0 0 0 0 0 0 0 0 0 0 0 0 0 3 0 23263 23264 0 0 41 0 0 0 13331773 4185196 0 0 0 0 0 6887922 0 0 0 
0 0 0 0 0 0 0 0 0 0 0 0 0 0 0 0 0 0 0 0 0 0 0 3 23270 0 0 0 0 0 41 0 0 4184873 7044172 6285840 0 0 0 6888506 0 0 0 0 
0 0 0 0 0 0 0 0 0 0 0 0 0 0 0 0 0 0 0 0 0 0 0 3 0 23319 23320 0 0 41 0 0 0 13356315 4193243 0 0 0 0 0 6901006 0 0 0 
0 0 0 0 0 0 0 0 0 0 0 0 0 0 0 0 0 0 0 0 0 0 0 3 23326 0 0 0 0 0 41 0 0 4192918 7056953 6297597 0 0 0 6901591 0 0 0 0 
0 0 0 0 0 0 0 0 0 0 0 0 0 0 0 0 0 0 0 0 0 0 0 3 0 23375 23376 0 0 41 0 0 0 13380318 4201361 0 0 0 0 0 6913239 0 0 0 
0 0 0 0 0 0 0 0 0 0 0 0 0 0 0 0 0 0 0 0 0 0 0 3 23382 0 0 0 0 0 41 0 0 4201035 7069221 6309328 0 0 0 6913826 0 0 0 0 
0 0 0 0 0 0 0 0 0 0 0 0 0 0 0 0 0 0 0 0 0 0 0 3 0 23395 23396 0 0 41 0 0 0 13404253 4207987 0 0 0 0 0 6925982 0 0 0 
0 0 0 0 0 0 0 0 0 0 0 0 0 0 0 0 0 0 0 0 0 0 0 3 23402 0 0 0 0 0 41 0 0 4207658 7082308 6320171 0 0 0 6926570 0 0 0 0 
0 0 0 0 0 0 0 0 0 0 0 0 0 0 0 0 0 0 0 0 0 0 0 3 0 23443 23444 0 0 41 0 0 0 13420494 4212706 0 0 0 0 0 6934499 0 0 0 
0 0 0 0 0 0 0 0 0 0 0 0 0 0 0 0 0 0 0 0 0 0 0 3 23450 0 0 0 0 0 41 0 0 4212376 7091830 6326891 0 0 0 6935085 0 0 0 0 
0 0 0 0 0 0 0 0 0 0 0 0 0 0 0 0 0 0 0 0 0 0 0 3 0 23503 23504 0 0 41 0 0 0 13439510 4219188 0 0 0 0 0 6944094 0 0 0 
0 0 0 0 0 0 0 0 0 0 0 0 0 0 0 0 0 0 0 0 0 0 0 3 23510 0 0 0 0 0 41 0 0 4218857 7100811 6336920 0 0 0 6944681 0 0 0 0 
0 0 0 0 0 0 0 0 0 0 0 0 0 0 0 0 0 0 0 0 0 0 0 3 0 23559 23560 0 0 41 0 0 0 13461652 4225750 0 0 0 0 0 6955663 0 0 0 
0 0 0 0 0 0 0 0 0 0 0 0 0 0 0 0 0 0 0 0 0 0 0 3 23566 0 0 0 0 0 41 0 0 4225418 7111750 6348123 0 0 0 6956250 0 0 0 0 
0 0 0 0 0 0 0 0 0 0 0 0 0 0 0 0 0 0 0 0 0 0 0 3 0 23615 23616 0 0 41 0 0 0 13484960 4233869 0 0 0 0 0 6967782 0 0 0 
0 0 0 0 0 0 0 0 0 0 0 0 0 0 0 0 0 0 0 0 0 0 0 3 23622 0 0 0 0 0 41 0 0 4233535 7123904 6359278 0 0 0 6968371 0 0 0 0 
0 0 0 0 0 0 0 0 0 0 0 0 0 0 0 0 0 0 0 0 0 0 0 3 0 23629 23628 0 0 41 0 0 0 13503580 4240332 0 0 0 0 0 6976115 0 0 0 
0 0 0 0 0 0 0 0 0 0 0 0 0 0 0 0 0 0 0 0 0 0 0 3 23634 0 0 0 0 0 41 0 0 4239999 7134748 6367054 0 0 0 6976708 0 0 0 0 
0 0 0 0 0 0 0 0 0 0 0 0 0 0 0 0 0 0 0 0 0 0 0 3 0 23683 23684 0 0 41 0 0 0 13519339 4244569 0 0 0 0 0 6985027 0 0 0 
0 0 0 0 0 0 0 0 0 0 0 0 0 0 0 0 0 0 0 0 0 0 0 3 23690 0 0 0 0 0 41 0 0 4244236 7141679 6375882 0 0 0 6985617 0 0 0 0 
0 0 0 0 0 0 0 0 0 0 0 0 0 0 0 0 0 0 0 0 0 0 0 3 0 23739 23740 0 0 41 0 0 0 13542865 4250130 0 0 0 0 0 6998969 0 0 0 
0 0 0 0 0 0 0 0 0 0 0 0 0 0 0 0 0 0 0 0 0 0 0 3 23746 0 0 0 0 0 41 0 0 4249797 7155164 6385918 0 0 0 6999563 0 0 0 0 
0 0 0 0 0 0 0 0 0 0 0 0 0 0 0 0 0 0 0 0 0 0 0 3 0 23795 23796 0 0 41 0 0 0 13565664 4258249 0 0 0 0 0 7010193 0 0 0 
0 0 0 0 0 0 0 0 0 0 0 0 0 0 0 0 0 0 0 0 0 0 0 3 23802 0 0 0 0 0 41 0 0 4257916 7166425 6397457 0 0 0 7010791 0 0 0 0 
0 0 0 0 0 0 0 0 0 0 0 0 0 0 0 0 0 0 0 0 0 0 0 3 0 23851 23848 0 0 41 0 0 0 13588423 4266304 0 0 0 0 0 7022127 0 0 0 
0 0 0 0 0 0 0 0 0 0 0 0 0 0 0 0 0 0 0 0 0 0 0 3 23854 0 0 0 0 0 41 0 0 4265972 7178108 6408531 0 0 0 7022724 0 0 0 0 
0 0 0 0 0 0 0 0 0 0 0 0 0 0 0 0 0 0 0 0 0 0 0 3 0 23866 23864 0 0 41 0 0 0 13605773 4270929 0 0 0 0 0 7029692 0 0 0 
0 0 0 0 0 0 0 0 0 0 0 0 0 0 0 0 0 0 0 0 0 0 0 3 23870 0 0 0 0 0 41 0 0 4270596 7188340 6415649 0 0 0 7030290 0 0 0 0 
0 0 0 0 0 0 0 0 0 0 0 0 0 0 0 0 0 0 0 0 0 0 0 3 0 23923 23924 0 0 41 0 0 0 13623620 4276457 0 0 0 0 0 7039772 0 0 0 
0 0 0 0 0 0 0 0 0 0 0 0 0 0 0 0 0 0 0 0 0 0 0 3 23930 0 0 0 0 0 41 0 0 4276123 7196617 6425220 0 0 0 7040371 0 0 0 0 
0 0 0 0 0 0 0 0 0 0 0 0 0 0 0 0 0 0 0 0 0 0 0 3 0 23979 23980 0 0 41 0 0 0 13645811 4282638 0 0 0 0 0 7051342 0 0 0 
0 0 0 0 0 0 0 0 0 0 0 0 0 0 0 0 0 0 0 0 0 0 0 3 23986 0 0 0 0 0 41 0 0 4282304 7207681 6436343 0 0 0 7051947 0 0 0 0 
0 0 0 0 0 0 0 0 0 0 0 0 0 0 0 0 0 0 0 0 0 0 0 3 0 24035 24036 0 0 41 0 0 0 13669462 4290757 0 0 0 0 0 7063858 0 0 0 
0 0 0 0 0 0 0 0 0 0 0 0 0 0 0 0 0 0 0 0 0 0 0 3 24042 0 0 0 0 0 41 0 0 4290422 7220232 6447441 0 0 0 7064463 0 0 0 0 
0 0 0 0 0 0 0 0 0 0 0 0 0 0 0 0 0 0 0 0 0 0 0 3 0 24059 24060 0 0 41 0 0 0 13693487 4297387 0 0 0 0 0 7075744 0 0 0 
0 0 0 0 0 0 0 0 0 0 0 0 0 0 0 0 0 0 0 0 0 0 0 3 24066 0 0 0 0 0 41 0 0 4297050 7232138 6459559 0 0 0 7076354 0 0 0 0 
0 0 0 0 0 0 0 0 0 0 0 0 0 0 0 0 0 0 0 0 0 0 0 3 0 24103 24104 0 0 41 0 0 0 13706639 4301541 0 0 0 0 0 7082614 0 0 0 
0 0 0 0 0 0 0 0 0 0 0 0 0 0 0 0 0 0 0 0 0 0 0 3 24110 0 0 0 0 0 41 0 0 4301204 7239599 6465250 0 0 0 7083225 0 0 0 0 
0 0 0 0 0 0 0 0 0 0 0 0 0 0 0 0 0 0 0 0 0 0 0 3 0 24159 24160 0 0 41 0 0 0 13725863 4307019 0 0 0 0 0 7092720 0 0 0 
0 0 0 0 0 0 0 0 0 0 0 0 0 0 0 0 0 0 0 0 0 0 0 3 24166 0 0 0 0 0 41 0 0 4306681 7249167 6474905 0 0 0 7093331 0 0 0 0 
0 0 0 0 0 0 0 0 0 0 0 0 0 0 0 0 0 0 0 0 0 0 0 3 0 24218 24216 0 0 41 0 0 0 13748862 4315144 0 0 0 0 0 7104323 0 0 0 
0 0 0 0 0 0 0 0 0 0 0 0 0 0 0 0 0 0 0 0 0 0 0 3 24222 0 0 0 0 0 41 0 0 4314806 7260800 6486270 0 0 0 7104933 0 0 0 0 
0 0 0 0 0 0 0 0 0 0 0 0 0 0 0 0 0 0 0 0 0 0 0 3 0 24275 24276 0 0 41 0 0 0 13772210 4323265 0 0 0 0 0 7116083 0 0 0 
0 0 0 0 0 0 0 0 0 0 0 0 0 0 0 0 0 0 0 0 0 0 0 3 24282 0 0 0 0 0 41 0 0 4322926 7272596 6497819 0 0 0 7116691 0 0 0 0 
0 0 0 0 0 0 0 0 0 0 0 0 0 0 0 0 0 0 0 0 0 0 0 3 0 24293 24292 0 0 41 0 0 0 13793152 4329860 0 0 0 0 0 7125864 0 0 0 
0 0 0 0 0 0 0 0 0 0 0 0 0 0 0 0 0 0 0 0 0 0 0 3 24298 0 0 0 0 0 41 0 0 4329521 7284340 6507014 0 0 0 7126474 0 0 0 0 
0 0 0 0 0 0 0 0 0 0 0 0 0 0 0 0 0 0 0 0 0 0 0 3 0 24343 24344 0 0 41 0 0 0 13808173 4333842 0 0 0 0 0 7135099 0 0 0 
0 0 0 0 0 0 0 0 0 0 0 0 0 0 0 0 0 0 0 0 0 0 0 3 24350 0 0 0 0 0 41 0 0 4333501 7292154 6514222 0 0 0 7135712 0 0 0 0 
0 0 0 0 0 0 0 0 0 0 0 0 0 0 0 0 0 0 0 0 0 0 0 3 0 24399 24400 0 0 41 0 0 0 13828252 4339526 0 0 0 0 0 7145265 0 0 0 
0 0 0 0 0 0 0 0 0 0 0 0 0 0 0 0 0 0 0 0 0 0 0 3 24406 0 0 0 0 0 41 0 0 4339186 7301851 6524605 0 0 0 7145878 0 0 0 0 
0 0 0 0 0 0 0 0 0 0 0 0 0 0 0 0 0 0 0 0 0 0 0 3 0 24455 24456 0 0 41 0 0 0 13852531 4347645 0 0 0 0 0 7157736 0 0 0 
0 0 0 0 0 0 0 0 0 0 0 0 0 0 0 0 0 0 0 0 0 0 0 3 24462 0 0 0 0 0 41 0 0 4347305 7314359 6536372 0 0 0 7158352 0 0 0 0 
0 0 0 0 0 0 0 0 0 0 0 0 0 0 0 0 0 0 0 0 0 0 0 3 0 24490 24488 0 0 41 0 0 0 13874617 4354583 0 0 0 0 0 7168889 0 0 0 
0 0 0 0 0 0 0 0 0 0 0 0 0 0 0 0 0 0 0 0 0 0 0 3 24494 0 0 0 0 0 41 0 0 4354244 7325427 6547386 0 0 0 7169506 0 0 0 0 
0 0 0 0 0 0 0 0 0 0 0 0 0 0 0 0 0 0 0 0 0 0 0 3 0 24523 24524 0 0 41 0 0 0 13889960 4358481 0 0 0 0 0 7177313 0 0 0 
0 0 0 0 0 0 0 0 0 0 0 0 0 0 0 0 0 0 0 0 0 0 0 3 24530 0 0 0 0 0 41 0 0 4358141 7334582 6553573 0 0 0 7177930 0 0 0 0 
<====
0 0 0 0 0 0 0 0 0 0 0 0 0 0 0 0 0 0 0 0 0 0 0 3 0 24575 24572 0 0 41 0 0 0 13903727 4368885 0 0 0 0 0 7184149 0 0 0 
0 0 0 0 0 0 0 0 0 0 0 0 0 0 0 0 0 0 0 0 0 0 0 3 24578 0 0 0 0 0 41 0 0 4368544 7340839 6561077 0 0 0 7184767 0 0 0 0 
0 0 0 0 0 0 0 0 0 0 0 0 0 0 0 0 0 0 0 0 0 0 0 3 0 24575 24572 0 0 41 0 0 0 13903727 4368885 0 0 0 0 0 7184149 0 0 0 
0 0 0 0 0 0 0 0 0 0 0 0 0 0 0 0 0 0 0 0 0 0 0 3 24578 0 0 0 0 0 41 0 0 4368544 7340839 6561077 0 0 0 7184767 0 0 0 0 
0 0 0 0 0 0 0 0 0 0 0 0 0 0 0 0 0 0 0 0 0 0 0 3 0 24575 24572 0 0 41 0 0 0 13903727 4368885 0 0 0 0 0 7184149 0 0 0 
0 0 0 0 0 0 0 0 0 0 0 0 0 0 0 0 0 0 0 0 0 0 0 3 24578 0 0 0 0 0 41 0 0 4368544 7340839 6561077 0 0 0 7184767 0 0 0 0 
0 0 0 0 0 0 0 0 0 0 0 0 0 0 0 0 0 0 0 0 0 0 0 3 0 24575 24572 0 0 41 0 0 0 13903727 4368885 0 0 0 0 0 7184149 0 0 0 
0 0 0 0 0 0 0 0 0 0 0 0 0 0 0 0 0 0 0 0 0 0 0 3 24578 0 0 0 0 0 41 0 0 4368544 7340839 6561077 0 0 0 7184767 0 0 0 0 
0 0 0 0 0 0 0 0 0 0 0 0 0 0 0 0 0 0 0 0 0 0 0 3 0 24575 24572 0 0 41 0 0 0 13903727 4368885 0 0 0 0 0 7184149 0 0 0 
0 0 0 0 0 0 0 0 0 0 0 0 0 0 0 0 0 0 0 0 0 0 0 3 24578 0 0 0 0 0 41 0 0 4368544 7340839 6561077 0 0 0 7184767 0 0 0 0 
0 0 0 0 0 0 0 0 0 0 0 0 0 0 0 0 0 0 0 0 0 0 0 3 0 24575 24572 0 0 41 0 0 0 13903727 4368885 0 0 0 0 0 7184149 0 0 0 
0 0 0 0 0 0 0 0 0 0 0 0 0 0 0 0 0 0 0 0 0 0 0 3 24578 0 0 0 0 0 41 0 0 4368544 7340839 6561077 0 0 0 7184767 0 0 0 0 
0 0 0 0 0 0 0 0 0 0 0 0 0 0 0 0 0 0 0 0 0 0 0 3 0 24575 24572 0 0 41 0 0 0 13903727 4368885 0 0 0 0 0 7184149 0 0 0 
0 0 0 0 0 0 0 0 0 0 0 0 0 0 0 0 0 0 0 0 0 0 0 3 24578 0 0 0 0 0 41 0 0 4368544 7340839 6561077 0 0 0 7184767 0 0 0 0 
0 0 0 0 0 0 0 0 0 0 0 0 0 0 0 0 0 0 0 0 0 0 0 3 0 24575 24572 0 0 41 0 0 0 13903727 4368885 0 0 0 0 0 7184149 0 0 0 
0 0 0 0 0 0 0 0 0 0 0 0 0 0 0 0 0 0 0 0 0 0 0 3 24578 0 0 0 0 0 41 0 0 4368544 7340839 6561077 0 0 0 7184767 0 0 0 0 
0 0 0 0 0 0 0 0 0 0 0 0 0 0 0 0 0 0 0 0 0 0 0 3 0 24575 24572 0 0 41 0 0 0 13903727 4368885 0 0 0 0 0 7184149 0 0 0 
0 0 0 0 0 0 0 0 0 0 0 0 0 0 0 0 0 0 0 0 0 0 0 3 24578 0 0 0 0 0 41 0 0 4368544 7340839 6561077 0 0 0 7184767 0 0 0 0 
0 0 0 0 0 0 0 0 0 0 0 0 0 0 0 0 0 0 0 0 0 0 0 3 0 24575 24572 0 0 41 0 0 0 13903727 4368885 0 0 0 0 0 7184149 0 0 0 
0 0 0 0 0 0 0 0 0 0 0 0 0 0 0 0 0 0 0 0 0 0 0 3 24578 0 0 0 0 0 41 0 0 4368544 7340839 6561077 0 0 0 7184767 0 0 0 0 
0 0 0 0 0 0 0 0 0 0 0 0 0 0 0 0 0 0 0 0 0 0 0 3 0 24575 24572 0 0 41 0 0 0 13903727 4368885 0 0 0 0 0 7184149 0 0 0 
0 0 0 0 0 0 0 0 0 0 0 0 0 0 0 0 0 0 0 0 0 0 0 3 24578 0 0 0 0 0 41 0 0 4368544 7340839 6561077 0 0 0 7184767 0 0 0 0 
0 0 0 0 0 0 0 0 0 0 0 0 0 0 0 0 0 0 0 0 0 0 0 3 0 24575 24572 0 0 41 0 0 0 13903727 4368885 0 0 0 0 0 7184149 0 0 0 
0 0 0 0 0 0 0 0 0 0 0 0 0 0 0 0 0 0 0 0 0 0 0 3 24578 0 0 0 0 0 41 0 0 4368544 7340839 6561077 0 0 0 7184767 0 0 0 0 
0 0 0 0 0 0 0 0 0 0 0 0 0 0 0 0 0 0 0 0 0 0 0 3 0 24575 24572 0 0 41 0 0 0 13903727 4368885 0 0 0 0 0 7184149 0 0 0 
0 0 0 0 0 0 0 0 0 0 0 0 0 0 0 0 0 0 0 0 0 0 0 3 24578 0 0 0 0 0 41 0 0 4368544 7340839 6561077 0 0 0 7184767 0 0 0 0 
0 0 0 0 0 0 0 0 0 0 0 0 0 0 0 0 0 0 0 0 0 0 0 3 0 24575 24572 0 0 41 0 0 0 13903727 4368885 0 0 0 0 0 7184149 0 0 0 
0 0 0 0 0 0 0 0 0 0 0 0 0 0 0 0 0 0 0 0 0 0 0 3 24578 0 0 0 0 0 41 0 0 4368544 7340839 6561077 0 0 0 7184767 0 0 0 0 
0 0 0 0 0 0 0 0 0 0 0 0 0 0 0 0 0 0 0 0 0 0 0 3 0 24575 24572 0 0 41 0 0 0 13903727 4368885 0 0 0 0 0 7184149 0 0 0 
0 0 0 0 0 0 0 0 0 0 0 0 0 0 0 0 0 0 0 0 0 0 0 3 24578 0 0 0 0 0 41 0 0 4368544 7340839 6561077 0 0 0 7184767 0 0 0 0 
0 0 0 0 0 0 0 0 0 0 0 0 0 0 0 0 0 0 0 0 0 0 0 3 0 24575 24572 0 0 41 0 0 0 13903727 4368885 0 0 0 0 0 7184149 0 0 0 
0 0 0 0 0 0 0 0 0 0 0 0 0 0 0 0 0 0 0 0 0 0 0 3 24578 0 0 0 0 0 41 0 0 4368544 7340839 6561077 0 0 0 7184767 0 0 0 0 
0 0 0 0 0 0 0 0 0 0 0 0 0 0 0 0 0 0 0 0 0 0 0 3 0 24575 24572 0 0 41 0 0 0 13903727 4368885 0 0 0 0 0 7184149 0 0 0 
0 0 0 0 0 0 0 0 0 0 0 0 0 0 0 0 0 0 0 0 0 0 0 3 24578 0 0 0 0 0 41 0 0 4368544 7340839 6561077 0 0 0 7184767 0 0 0 0 
0 0 0 0 0 0 0 0 0 0 0 0 0 0 0 0 0 0 0 0 0 0 0 3 0 24575 24572 0 0 41 0 0 0 13903727 4368885 0 0 0 0 0 7184149 0 0 0 
0 0 0 0 0 0 0 0 0 0 0 0 0 0 0 0 0 0 0 0 0 0 0 3 24578 0 0 0 0 0 41 0 0 4368544 7340839 6561077 0 0 0 7184767 0 0 0 0 
0 0 0 0 0 0 0 0 0 0 0 0 0 0 0 0 0 0 0 0 0 0 0 3 0 24575 24572 0 0 41 0 0 0 13903727 4368885 0 0 0 0 0 7184149 0 0 0 
0 0 0 0 0 0 0 0 0 0 0 0 0 0 0 0 0 0 0 0 0 0 0 3 24578 0 0 0 0 0 41 0 0 4368544 7340839 6561077 0 0 0 7184767 0 0 0 0 
0 0 0 0 0 0 0 0 0 0 0 0 0 0 0 0 0 0 0 0 0 0 0 3 0 24575 24572 0 0 41 0 0 0 13903727 4368885 0 0 0 0 0 7184149 0 0 0 
0 0 0 0 0 0 0 0 0 0 0 0 0 0 0 0 0 0 0 0 0 0 0 3 24578 0 0 0 0 0 41 0 0 4368544 7340839 6561077 0 0 0 7184767 0 0 0 0 
0 0 0 0 0 0 0 0 0 0 0 0 0 0 0 0 0 0 0 0 0 0 0 3 0 24575 24572 0 0 41 0 0 0 13903727 4368885 0 0 0 0 0 7184149 0 0 0 
0 0 0 0 0 0 0 0 0 0 0 0 0 0 0 0 0 0 0 0 0 0 0 3 24578 0 0 0 0 0 41 0 0 4368544 7340839 6561077 0 0 0 7184767 0 0 0 0 
0 0 0 0 0 0 0 0 0 0 0 0 0 0 0 0 0 0 0 0 0 0 0 3 0 24575 24572 0 0 41 0 0 0 13903727 4368885 0 0 0 0 0 7184149 0 0 0 
0 0 0 0 0 0 0 0 0 0 0 0 0 0 0 0 0 0 0 0 0 0 0 3 24578 0 0 0 0 0 41 0 0 4368544 7340839 6561077 0 0 0 7184767 0 0 0 0 
0 0 0 0 0 0 0 0 0 0 0 0 0 0 0 0 0 0 0 0 0 0 0 3 0 24575 24572 0 0 41 0 0 0 13903727 4368885 0 0 0 0 0 7184149 0 0 0 
0 0 0 0 0 0 0 0 0 0 0 0 0 0 0 0 0 0 0 0 0 0 0 3 24578 0 0 0 0 0 41 0 0 4368544 7340839 6561077 0 0 0 7184767 0 0 0 0 
0 0 0 0 0 0 0 0 0 0 0 0 0 0 0 0 0 0 0 0 0 0 0 3 0 24575 24572 0 0 41 0 0 0 13903727 4368885 0 0 0 0 0 7184149 0 0 0 
0 0 0 0 0 0 0 0 0 0 0 0 0 0 0 0 0 0 0 0 0 0 0 3 24578 0 0 0 0 0 41 0 0 4368544 7340839 6561077 0 0 0 7184767 0 0 0 0 
0 0 0 0 0 0 0 0 0 0 0 0 0 0 0 0 0 0 0 0 0 0 0 3 0 24575 24572 0 0 41 0 0 0 13903727 4368885 0 0 0 0 0 7184149 0 0 0 
0 0 0 0 0 0 0 0 0 0 0 0 0 0 0 0 0 0 0 0 0 0 0 3 24578 0 0 0 0 0 41 0 0 4368544 7340839 6561077 0 0 0 7184767 0 0 0 0 
0 0 0 0 0 0 0 0 0 0 0 0 0 0 0 0 0 0 0 0 0 0 0 3 0 24575 24572 0 0 41 0 0 0 13903727 4368885 0 0 0 0 0 7184149 0 0 0 
0 0 0 0 0 0 0 0 0 0 0 0 0 0 0 0 0 0 0 0 0 0 0 3 24578 0 0 0 0 0 41 0 0 4368544 7340839 6561077 0 0 0 7184767 0 0 0 0 
0 0 0 0 0 0 0 0 0 0 0 0 0 0 0 0 0 0 0 0 0 0 0 3 0 24575 24572 0 0 41 0 0 0 13903727 4368885 0 0 0 0 0 7184149 0 0 0 
0 0 0 0 0 0 0 0 0 0 0 0 0 0 0 0 0 0 0 0 0 0 0 3 24578 0 0 0 0 0 41 0 0 4368544 7340839 6561077 0 0 0 7184767 0 0 0 0 
0 0 0 0 0 0 0 0 0 0 0 0 0 0 0 0 0 0 0 0 0 0 0 3 0 24575 24572 0 0 41 0 0 0 13903727 4368885 0 0 0 0 0 7184149 0 0 0 
0 0 0 0 0 0 0 0 0 0 0 0 0 0 0 0 0 0 0 0 0 0 0 3 24578 0 0 0 0 0 41 0 0 4368544 7340839 6561077 0 0 0 7184767 0 0 0 0 
0 0 0 0 0 0 0 0 0 0 0 0 0 0 0 0 0 0 0 0 0 0 0 3 0 24575 24572 0 0 41 0 0 0 13903727 4368885 0 0 0 0 0 7184149 0 0 0 
0 0 0 0 0 0 0 0 0 0 0 0 0 0 0 0 0 0 0 0 0 0 0 3 24578 0 0 0 0 0 41 0 0 4368544 7340839 6561077 0 0 0 7184767 0 0 0 0 
0 0 0 0 0 0 0 0 0 0 0 0 0 0 0 0 0 0 0 0 0 0 0 3 0 24575 24572 0 0 41 0 0 0 13903727 4368885 0 0 0 0 0 7184149 0 0 0 
0 0 0 0 0 0 0 0 0 0 0 0 0 0 0 0 0 0 0 0 0 0 0 3 24578 0 0 0 0 0 41 0 0 4368544 7340839 6561077 0 0 0 7184767 0 0 0 0 
0 0 0 0 0 0 0 0 0 0 0 0 0 0 0 0 0 0 0 0 0 0 0 3 0 24575 24572 0 0 41 0 0 0 13903727 4368885 0 0 0 0 0 7184149 0 0 0 
0 0 0 0 0 0 0 0 0 0 0 0 0 0 0 0 0 0 0 0 0 0 0 3 24578 0 0 0 0 0 41 0 0 4368544 7340839 6561077 0 0 0 7184767 0 0 0 0 
0 0 0 0 0 0 0 0 0 0 0 0 0 0 0 0 0 0 0 0 0 0 0 3 0 24575 24572 0 0 41 0 0 0 13903727 4368885 0 0 0 0 0 7184149 0 0 0 
0 0 0 0 0 0 0 0 0 0 0 0 0 0 0 0 0 0 0 0 0 0 0 3 24578 0 0 0 0 0 41 0 0 4368544 7340839 6561077 0 0 0 7184767 0 0 0 0 
0 0 0 0 0 0 0 0 0 0 0 0 0 0 0 0 0 0 0 0 0 0 0 3 0 24575 24572 0 0 41 0 0 0 13903727 4368885 0 0 0 0 0 7184149 0 0 0 
0 0 0 0 0 0 0 0 0 0 0 0 0 0 0 0 0 0 0 0 0 0 0 3 24578 0 0 0 0 0 41 0 0 4368544 7340839 6561077 0 0 0 7184767 0 0 0 0 
0 0 0 0 0 0 0 0 0 0 0 0 0 0 0 0 0 0 0 0 0 0 0 3 0 24575 24572 0 0 41 0 0 0 13903727 4368885 0 0 0 0 0 7184149 0 0 0 
0 0 0 0 0 0 0 0 0 0 0 0 0 0 0 0 0 0 0 0 0 0 0 3 24578 0 0 0 0 0 41 0 0 4368544 7340839 6561077 0 0 0 7184767 0 0 0 0 
0 0 0 0 0 0 0 0 0 0 0 0 0 0 0 0 0 0 0 0 0 0 0 3 0 24575 24572 0 0 41 0 0 0 13903727 4368885 0 0 0 0 0 7184149 0 0 0 
0 0 0 0 0 0 0 0 0 0 0 0 0 0 0 0 0 0 0 0 0 0 0 3 24578 0 0 0 0 0 41 0 0 4368544 7340839 6561077 0 0 0 7184767 0 0 0 0 
0 0 0 0 0 0 0 0 0 0 0 0 0 0 0 0 0 0 0 0 0 0 0 3 0 24575 24572 0 0 41 0 0 0 13903727 4368885 0 0 0 0 0 7184149 0 0 0 
0 0 0 0 0 0 0 0 0 0 0 0 0 0 0 0 0 0 0 0 0 0 0 3 24578 0 0 0 0 0 41 0 0 4368544 7340839 6561077 0 0 0 7184767 0 0 0 0 
0 0 0 0 0 0 0 0 0 0 0 0 0 0 0 0 0 0 0 0 0 0 0 3 0 24575 24572 0 0 41 0 0 0 13903727 4368885 0 0 0 0 0 7184149 0 0 0 
0 0 0 0 0 0 0 0 0 0 0 0 0 0 0 0 0 0 0 0 0 0 0 3 24578 0 0 0 0 0 41 0 0 4368544 7340839 6561077 0 0 0 7184767 0 0 0 0 
0 0 0 0 0 0 0 0 0 0 0 0 0 0 0 0 0 0 0 0 0 0 0 3 0 24575 24572 0 0 41 0 0 0 13903727 4368885 0 0 0 0 0 7184149 0 0 0 
0 0 0 0 0 0 0 0 0 0 0 0 0 0 0 0 0 0 0 0 0 0 0 3 24578 0 0 0 0 0 41 0 0 4368544 7340839 6561077 0 0 0 7184767 0 0 0 0 
0 0 0 0 0 0 0 0 0 0 0 0 0 0 0 0 0 0 0 0 0 0 0 3 0 24575 24572 0 0 41 0 0 0 13903727 4368885 0 0 0 0 0 7184149 0 0 0 
0 0 0 0 0 0 0 0 0 0 0 0 0 0 0 0 0 0 0 0 0 0 0 3 24578 0 0 0 0 0 41 0 0 4368544 7340839 6561077 0 0 0 7184767 0 0 0 0 
0 0 0 0 0 0 0 0 0 0 0 0 0 0 0 0 0 0 0 0 0 0 0 3 0 24575 24572 0 0 41 0 0 0 13903727 4368885 0 0 0 0 0 7184149 0 0 0 
0 0 0 0 0 0 0 0 0 0 0 0 0 0 0 0 0 0 0 0 0 0 0 3 24578 0 0 0 0 0 41 0 0 4368544 7340839 6561077 0 0 0 7184767 0 0 0 0 
0 0 0 0 0 0 0 0 0 0 0 0 0 0 0 0 0 0 0 0 0 0 0 3 0 24575 24572 0 0 41 0 0 0 13903727 4368885 0 0 0 0 0 7184149 0 0 0 
0 0 0 0 0 0 0 0 0 0 0 0 0 0 0 0 0 0 0 0 0 0 0 3 24578 0 0 0 0 0 41 0 0 4368544 7340839 6561077 0 0 0 7184767 0 0 0 0 
0 0 0 0 0 0 0 0 0 0 0 0 0 0 0 0 0 0 0 0 0 0 0 3 0 24575 24572 0 0 41 0 0 0 13903727 4368885 0 0 0 0 0 7184149 0 0 0 
0 0 0 0 0 0 0 0 0 0 0 0 0 0 0 0 0 0 0 0 0 0 0 3 24578 0 0 0 0 0 41 0 0 4368544 7340839 6561077 0 0 0 7184767 0 0 0 0 
0 0 0 0 0 0 0 0 0 0 0 0 0 0 0 0 0 0 0 0 0 0 0 3 0 24575 24572 0 0 41 0 0 0 13903727 4368885 0 0 0 0 0 7184149 0 0 0 
0 0 0 0 0 0 0 0 0 0 0 0 0 0 0 0 0 0 0 0 0 0 0 3 24578 0 0 0 0 0 41 0 0 4368544 7340839 6561077 0 0 0 7184767 0 0 0 0 
0 0 0 0 0 0 0 0 0 0 0 0 0 0 0 0 0 0 0 0 0 0 0 3 0 24575 24572 0 0 41 0 0 0 13903727 4368885 0 0 0 0 0 7184149 0 0 0 
0 0 0 0 0 0 0 0 0 0 0 0 0 0 0 0 0 0 0 0 0 0 0 3 24578 0 0 0 0 0 41 0 0 4368544 7340839 6561077 0 0 0 7184767 0 0 0 0 
0 0 0 0 0 0 0 0 0 0 0 0 0 0 0 0 0 0 0 0 0 0 0 3 0 24575 24572 0 0 41 0 0 0 13903727 4368885 0 0 0 0 0 7184149 0 0 0 
0 0 0 0 0 0 0 0 0 0 0 0 0 0 0 0 0 0 0 0 0 0 0 3 24578 0 0 0 0 0 41 0 0 4368544 7340839 6561077 0 0 0 7184767 0 0 0 0 
0 0 0 0 0 0 0 0 0 0 0 0 0 0 0 0 0 0 0 0 0 0 0 3 0 24575 24572 0 0 41 0 0 0 13903727 4368885 0 0 0 0 0 7184149 0 0 0 
0 0 0 0 0 0 0 0 0 0 0 0 0 0 0 0 0 0 0 0 0 0 0 3 24578 0 0 0 0 0 41 0 0 4368544 7340839 6561077 0 0 0 7184767 0 0 0 0 
0 0 0 0 0 0 0 0 0 0 0 0 0 0 0 0 0 0 0 0 0 0 0 3 0 24575 24572 0 0 41 0 0 0 13903727 4368885 0 0 0 0 0 7184149 0 0 0 
0 0 0 0 0 0 0 0 0 0 0 0 0 0 0 0 0 0 0 0 0 0 0 3 24578 0 0 0 0 0 41 0 0 4368544 7340839 6561077 0 0 0 7184767 0 0 0 0 
0 0 0 0 0 0 0 0 0 0 0 0 0 0 0 0 0 0 0 0 0 0 0 3 0 24575 24572 0 0 41 0 0 0 13903727 4368885 0 0 0 0 0 7184149 0 0 0 
0 0 0 0 0 0 0 0 0 0 0 0 0 0 0 0 0 0 0 0 0 0 0 3 24578 0 0 0 0 0 41 0 0 4368544 7340839 6561077 0 0 0 7184767 0 0 0 0 
0 0 0 0 0 0 0 0 0 0 0 0 0 0 0 0 0 0 0 0 0 0 0 3 0 24575 24572 0 0 41 0 0 0 13903727 4368885 0 0 0 0 0 7184149 0 0 0 
0 0 0 0 0 0 0 0 0 0 0 0 0 0 0 0 0 0 0 0 0 0 0 3 24578 0 0 0 0 0 41 0 0 4368544 7340839 6561077 0 0 0 7184767 0 0 0 0 
0 0 0 0 0 0 0 0 0 0 0 0 0 0 0 0 0 0 0 0 0 0 0 3 0 24575 24572 0 0 41 0 0 0 13903727 4368885 0 0 0 0 0 7184149 0 0 0 
0 0 0 0 0 0 0 0 0 0 0 0 0 0 0 0 0 0 0 0 0 0 0 3 24578 0 0 0 0 0 41 0 0 4368544 7340839 6561077 0 0 0 7184767 0 0 0 0 
0 0 0 0 0 0 0 0 0 0 0 0 0 0 0 0 0 0 0 0 0 0 0 3 0 24575 24572 0 0 41 0 0 0 13903727 4368885 0 0 0 0 0 7184149 0 0 0 
0 0 0 0 0 0 0 0 0 0 0 0 0 0 0 0 0 0 0 0 0 0 0 3 24578 0 0 0 0 0 41 0 0 4368544 7340839 6561077 0 0 0 7184767 0 0 0 0 
0 0 0 0 0 0 0 0 0 0 0 0 0 0 0 0 0 0 0 0 0 0 0 3 0 24575 24572 0 0 41 0 0 0 13903727 4368885 0 0 0 0 0 7184149 0 0 0 
0 0 0 0 0 0 0 0 0 0 0 0 0 0 0 0 0 0 0 0 0 0 0 3 24578 0 0 0 0 0 41 0 0 4368544 7340839 6561077 0 0 0 7184767 0 0 0 0 
0 0 0 0 0 0 0 0 0 0 0 0 0 0 0 0 0 0 0 0 0 0 0 3 0 24575 24572 0 0 41 0 0 0 13903727 4368885 0 0 0 0 0 7184149 0 0 0 
0 0 0 0 0 0 0 0 0 0 0 0 0 0 0 0 0 0 0 0 0 0 0 3 24578 0 0 0 0 0 41 0 0 4368544 7340839 6561077 0 0 0 7184767 0 0 0 0 
0 0 0 0 0 0 0 0 0 0 0 0 0 0 0 0 0 0 0 0 0 0 0 3 0 24575 24572 0 0 41 0 0 0 13903727 4368885 0 0 0 0 0 7184149 0 0 0 
0 0 0 0 0 0 0 0 0 0 0 0 0 0 0 0 0 0 0 0 0 0 0 3 24578 0 0 0 0 0 41 0 0 4368544 7340839 6561077 0 0 0 7184767 0 0 0 0 
0 0 0 0 0 0 0 0 0 0 0 0 0 0 0 0 0 0 0 0 0 0 0 3 0 24575 24572 0 0 41 0 0 0 13903727 4368885 0 0 0 0 0 7184149 0 0 0 
0 0 0 0 0 0 0 0 0 0 0 0 0 0 0 0 0 0 0 0 0 0 0 3 24578 0 0 0 0 0 41 0 0 4368544 7340839 6561077 0 0 0 7184767 0 0 0 0 
0 0 0 0 0 0 0 0 0 0 0 0 0 0 0 0 0 0 0 0 0 0 0 3 0 24575 24572 0 0 41 0 0 0 13903727 4368885 0 0 0 0 0 7184149 0 0 0 
0 0 0 0 0 0 0 0 0 0 0 0 0 0 0 0 0 0 0 0 0 0 0 3 24578 0 0 0 0 0 41 0 0 4368544 7340839 6561077 0 0 0 7184767 0 0 0 0 
0 0 0 0 0 0 0 0 0 0 0 0 0 0 0 0 0 0 0 0 0 0 0 3 0 24575 24572 0 0 41 0 0 0 13903727 4368885 0 0 0 0 0 7184149 0 0 0 
0 0 0 0 0 0 0 0 0 0 0 0 0 0 0 0 0 0 0 0 0 0 0 3 24578 0 0 0 0 0 41 0 0 4368544 7340839 6561077 0 0 0 7184767 0 0 0 0 
0 0 0 0 0 0 0 0 0 0 0 0 0 0 0 0 0 0 0 0 0 0 0 3 0 24575 24572 0 0 41 0 0 0 13903727 4368885 0 0 0 0 0 7184149 0 0 0 
0 0 0 0 0 0 0 0 0 0 0 0 0 0 0 0 0 0 0 0 0 0 0 3 24578 0 0 0 0 0 41 0 0 4368544 7340839 6561077 0 0 0 7184767 0 0 0 0 
0 0 0 0 0 0 0 0 0 0 0 0 0 0 0 0 0 0 0 0 0 0 0 3 0 24575 24572 0 0 41 0 0 0 13903727 4368885 0 0 0 0 0 7184149 0 0 0 
0 0 0 0 0 0 0 0 0 0 0 0 0 0 0 0 0 0 0 0 0 0 0 3 24578 0 0 0 0 0 41 0 0 4368544 7340839 6561077 0 0 0 7184767 0 0 0 0 
0 0 0 0 0 0 0 0 0 0 0 0 0 0 0 0 0 0 0 0 0 0 0 3 0 24575 24572 0 0 41 0 0 0 13903727 4368885 0 0 0 0 0 7184149 0 0 0 
0 0 0 0 0 0 0 0 0 0 0 0 0 0 0 0 0 0 0 0 0 0 0 3 24578 0 0 0 0 0 41 0 0 4368544 7340839 6561077 0 0 0 7184767 0 0 0 0 
0 0 0 0 0 0 0 0 0 0 0 0 0 0 0 0 0 0 0 0 0 0 0 3 0 24575 24572 0 0 41 0 0 0 13903727 4368885 0 0 0 0 0 7184149 0 0 0 
0 0 0 0 0 0 0 0 0 0 0 0 0 0 0 0 0 0 0 0 0 0 0 3 24578 0 0 0 0 0 41 0 0 4368544 7340839 6561077 0 0 0 7184767 0 0 0 0 
0 0 0 0 0 0 0 0 0 0 0 0 0 0 0 0 0 0 0 0 0 0 0 3 0 24575 24572 0 0 41 0 0 0 13903727 4368885 0 0 0 0 0 7184149 0 0 0 
0 0 0 0 0 0 0 0 0 0 0 0 0 0 0 0 0 0 0 0 0 0 0 3 24578 0 0 0 0 0 41 0 0 4368544 7340839 6561077 0 0 0 7184767 0 0 0 0 
0 0 0 0 0 0 0 0 0 0 0 0 0 0 0 0 0 0 0 0 0 0 0 3 0 24575 24572 0 0 41 0 0 0 13903727 4368885 0 0 0 0 0 7184149 0 0 0 
0 0 0 0 0 0 0 0 0 0 0 0 0 0 0 0 0 0 0 0 0 0 0 3 24578 0 0 0 0 0 41 0 0 4368544 7340839 6561077 0 0 0 7184767 0 0 0 0 
0 0 0 0 0 0 0 0 0 0 0 0 0 0 0 0 0 0 0 0 0 0 0 3 0 24575 24572 0 0 41 0 0 0 13903727 4368885 0 0 0 0 0 7184149 0 0 0 
0 0 0 0 0 0 0 0 0 0 0 0 0 0 0 0 0 0 0 0 0 0 0 3 24578 0 0 0 0 0 41 0 0 4368544 7340839 6561077 0 0 0 7184767 0 0 0 0 
0 0 0 0 0 0 0 0 0 0 0 0 0 0 0 0 0 0 0 0 0 0 0 3 0 24575 24572 0 0 41 0 0 0 13903727 4368885 0 0 0 0 0 7184149 0 0 0 
0 0 0 0 0 0 0 0 0 0 0 0 0 0 0 0 0 0 0 0 0 0 0 3 24578 0 0 0 0 0 41 0 0 4368544 7340839 6561077 0 0 0 7184767 0 0 0 0 
0 0 0 0 0 0 0 0 0 0 0 0 0 0 0 0 0 0 0 0 0 0 0 3 0 24575 24572 0 0 41 0 0 0 13903727 4368885 0 0 0 0 0 7184149 0 0 0 
0 0 0 0 0 0 0 0 0 0 0 0 0 0 0 0 0 0 0 0 0 0 0 3 24578 0 0 0 0 0 41 0 0 4368544 7340839 6561077 0 0 0 7184767 0 0 0 0 
0 0 0 0 0 0 0 0 0 0 0 0 0 0 0 0 0 0 0 0 0 0 0 3 0 24575 24572 0 0 41 0 0 0 13903727 4368885 0 0 0 0 0 7184149 0 0 0 
0 0 0 0 0 0 0 0 0 0 0 0 0 0 0 0 0 0 0 0 0 0 0 3 24578 0 0 0 0 0 41 0 0 4368544 7340839 6561077 0 0 0 7184767 0 0 0 0 
0 0 0 0 0 0 0 0 0 0 0 0 0 0 0 0 0 0 0 0 0 0 0 3 0 24575 24572 0 0 41 0 0 0 13903727 4368885 0 0 0 0 0 7184149 0 0 0 
0 0 0 0 0 0 0 0 0 0 0 0 0 0 0 0 0 0 0 0 0 0 0 3 24578 0 0 0 0 0 41 0 0 4368544 7340839 6561077 0 0 0 7184767 0 0 0 0 
0 0 0 0 0 0 0 0 0 0 0 0 0 0 0 0 0 0 0 0 0 0 0 3 0 24575 24572 0 0 41 0 0 0 13903727 4368885 0 0 0 0 0 7184149 0 0 0 
0 0 0 0 0 0 0 0 0 0 0 0 0 0 0 0 0 0 0 0 0 0 0 3 24578 0 0 0 0 0 41 0 0 4368544 7340839 6561077 0 0 0 7184767 0 0 0 0 
0 0 0 0 0 0 0 0 0 0 0 0 0 0 0 0 0 0 0 0 0 0 0 3 0 24575 24572 0 0 41 0 0 0 13903727 4368885 0 0 0 0 0 7184149 0 0 0 
0 0 0 0 0 0 0 0 0 0 0 0 0 0 0 0 0 0 0 0 0 0 0 3 24578 0 0 0 0 0 41 0 0 4368544 7340839 6561077 0 0 0 7184767 0 0 0 0 
0 0 0 0 0 0 0 0 0 0 0 0 0 0 0 0 0 0 0 0 0 0 0 3 0 24575 24572 0 0 41 0 0 0 13903727 4368885 0 0 0 0 0 7184149 0 0 0 
0 0 0 0 0 0 0 0 0 0 0 0 0 0 0 0 0 0 0 0 0 0 0 3 24578 0 0 0 0 0 41 0 0 4368544 7340839 6561077 0 0 0 7184767 0 0 0 0 
0 0 0 0 0 0 0 0 0 0 0 0 0 0 0 0 0 0 0 0 0 0 0 3 0 24575 24572 0 0 41 0 0 0 13903727 4368885 0 0 0 0 0 7184149 0 0 0 
0 0 0 0 0 0 0 0 0 0 0 0 0 0 0 0 0 0 0 0 0 0 0 3 24578 0 0 0 0 0 41 0 0 4368544 7340839 6561077 0 0 0 7184767 0 0 0 0 
0 0 0 0 0 0 0 0 0 0 0 0 0 0 0 0 0 0 0 0 0 0 0 3 0 24575 24572 0 0 41 0 0 0 13903727 4368885 0 0 0 0 0 7184149 0 0 0 
0 0 0 0 0 0 0 0 0 0 0 0 0 0 0 0 0 0 0 0 0 0 0 3 24578 0 0 0 0 0 41 0 0 4368544 7340839 6561077 0 0 0 7184767 0 0 0 0 
0 0 0 0 0 0 0 0 0 0 0 0 0 0 0 0 0 0 0 0 0 0 0 3 0 24575 24572 0 0 41 0 0 0 13903727 4368885 0 0 0 0 0 7184149 0 0 0 
0 0 0 0 0 0 0 0 0 0 0 0 0 0 0 0 0 0 0 0 0 0 0 3 24578 0 0 0 0 0 41 0 0 4368544 7340839 6561077 0 0 0 7184767 0 0 0 0 
0 0 0 0 0 0 0 0 0 0 0 0 0 0 0 0 0 0 0 0 0 0 0 3 0 24575 24572 0 0 41 0 0 0 13903727 4368885 0 0 0 0 0 7184149 0 0 0 
0 0 0 0 0 0 0 0 0 0 0 0 0 0 0 0 0 0 0 0 0 0 0 3 24578 0 0 0 0 0 41 0 0 4368544 7340839 6561077 0 0 0 7184767 0 0 0 0 
0 0 0 0 0 0 0 0 0 0 0 0 0 0 0 0 0 0 0 0 0 0 0 3 0 24575 24572 0 0 41 0 0 0 13903727 4368885 0 0 0 0 0 7184149 0 0 0 
0 0 0 0 0 0 0 0 0 0 0 0 0 0 0 0 0 0 0 0 0 0 0 3 24578 0 0 0 0 0 41 0 0 4368544 7340839 6561077 0 0 0 7184767 0 0 0 0 
0 0 0 0 0 0 0 0 0 0 0 0 0 0 0 0 0 0 0 0 0 0 0 3 0 24575 24572 0 0 41 0 0 0 13903727 4368885 0 0 0 0 0 7184149 0 0 0 
0 0 0 0 0 0 0 0 0 0 0 0 0 0 0 0 0 0 0 0 0 0 0 3 24578 0 0 0 0 0 41 0 0 4368544 7340839 6561077 0 0 0 7184767 0 0 0 0 
0 0 0 0 0 0 0 0 0 0 0 0 0 0 0 0 0 0 0 0 0 0 0 3 0 24575 24572 0 0 41 0 0 0 13903727 4368885 0 0 0 0 0 7184149 0 0 0 
0 0 0 0 0 0 0 0 0 0 0 0 0 0 0 0 0 0 0 0 0 0 0 3 24578 0 0 0 0 0 41 0 0 4368544 7340839 6561077 0 0 0 7184767 0 0 0 0 
0 0 0 0 0 0 0 0 0 0 0 0 0 0 0 0 0 0 0 0 0 0 0 3 0 24575 24572 0 0 41 0 0 0 13903727 4368885 0 0 0 0 0 7184149 0 0 0 
0 0 0 0 0 0 0 0 0 0 0 0 0 0 0 0 0 0 0 0 0 0 0 3 24578 0 0 0 0 0 41 0 0 4368544 7340839 6561077 0 0 0 7184767 0 0 0 0 
0 0 0 0 0 0 0 0 0 0 0 0 0 0 0 0 0 0 0 0 0 0 0 3 0 24575 24572 0 0 41 0 0 0 13903727 4368885 0 0 0 0 0 7184149 0 0 0 
0 0 0 0 0 0 0 0 0 0 0 0 0 0 0 0 0 0 0 0 0 0 0 3 24578 0 0 0 0 0 41 0 0 4368544 7340839 6561077 0 0 0 7184767 0 0 0 0 
0 0 0 0 0 0 0 0 0 0 0 0 0 0 0 0 0 0 0 0 0 0 0 3 0 24575 24572 0 0 41 0 0 0 13903727 4368885 0 0 0 0 0 7184149 0 0 0 
0 0 0 0 0 0 0 0 0 0 0 0 0 0 0 0 0 0 0 0 0 0 0 3 24578 0 0 0 0 0 41 0 0 4368544 7340839 6561077 0 0 0 7184767 0 0 0 0 
0 0 0 0 0 0 0 0 0 0 0 0 0 0 0 0 0 0 0 0 0 0 0 3 0 24575 24572 0 0 41 0 0 0 13903727 4368885 0 0 0 0 0 7184149 0 0 0 
0 0 0 0 0 0 0 0 0 0 0 0 0 0 0 0 0 0 0 0 0 0 0 3 24578 0 0 0 0 0 41 0 0 4368544 7340839 6561077 0 0 0 7184767 0 0 0 0 
0 0 0 0 0 0 0 0 0 0 0 0 0 0 0 0 0 0 0 0 0 0 0 3 0 24575 24572 0 0 41 0 0 0 13903727 4368885 0 0 0 0 0 7184149 0 0 0 
0 0 0 0 0 0 0 0 0 0 0 0 0 0 0 0 0 0 0 0 0 0 0 3 24578 0 0 0 0 0 41 0 0 4368544 7340839 6561077 0 0 0 7184767 0 0 0 0 
0 0 0 0 0 0 0 0 0 0 0 0 0 0 0 0 0 0 0 0 0 0 0 3 0 24575 24572 0 0 41 0 0 0 13903727 4368885 0 0 0 0 0 7184149 0 0 0 
0 0 0 0 0 0 0 0 0 0 0 0 0 0 0 0 0 0 0 0 0 0 0 3 24578 0 0 0 0 0 41 0 0 4368544 7340839 6561077 0 0 0 7184767 0 0 0 0 
0 0 0 0 0 0 0 0 0 0 0 0 0 0 0 0 0 0 0 0 0 0 0 3 0 24575 24572 0 0 41 0 0 0 13903727 4368885 0 0 0 0 0 7184149 0 0 0 
0 0 0 0 0 0 0 0 0 0 0 0 0 0 0 0 0 0 0 0 0 0 0 3 24578 0 0 0 0 0 41 0 0 4368544 7340839 6561077 0 0 0 7184767 0 0 0 0 
0 0 0 0 0 0 0 0 0 0 0 0 0 0 0 0 0 0 0 0 0 0 0 3 0 24575 24572 0 0 41 0 0 0 13903727 4368885 0 0 0 0 0 7184149 0 0 0 
0 0 0 0 0 0 0 0 0 0 0 0 0 0 0 0 0 0 0 0 0 0 0 3 24578 0 0 0 0 0 41 0 0 4368544 7340839 6561077 0 0 0 7184767 0 0 0 0 
0 0 0 0 0 0 0 0 0 0 0 0 0 0 0 0 0 0 0 0 0 0 0 3 0 24575 24572 0 0 41 0 0 0 13903727 4368885 0 0 0 0 0 7184149 0 0 0 
0 0 0 0 0 0 0 0 0 0 0 0 0 0 0 0 0 0 0 0 0 0 0 3 24578 0 0 0 0 0 41 0 0 4368544 7340839 6561077 0 0 0 7184767 0 0 0 0 
0 0 0 0 0 0 0 0 0 0 0 0 0 0 0 0 0 0 0 0 0 0 0 3 0 24575 24572 0 0 41 0 0 0 13903727 4368885 0 0 0 0 0 7184149 0 0 0 
0 0 0 0 0 0 0 0 0 0 0 0 0 0 0 0 0 0 0 0 0 0 0 3 24578 0 0 0 0 0 41 0 0 4368544 7340839 6561077 0 0 0 7184767 0 0 0 0 
0 0 0 0 0 0 0 0 0 0 0 0 0 0 0 0 0 0 0 0 0 0 0 3 0 24575 24572 0 0 41 0 0 0 13903727 4368885 0 0 0 0 0 7184149 0 0 0 
0 0 0 0 0 0 0 0 0 0 0 0 0 0 0 0 0 0 0 0 0 0 0 3 24578 0 0 0 0 0 41 0 0 4368544 7340839 6561077 0 0 0 7184767 0 0 0 0 
0 0 0 0 0 0 0 0 0 0 0 0 0 0 0 0 0 0 0 0 0 0 0 3 0 24575 24572 0 0 41 0 0 0 13903727 4368885 0 0 0 0 0 7184149 0 0 0 
0 0 0 0 0 0 0 0 0 0 0 0 0 0 0 0 0 0 0 0 0 0 0 3 24578 0 0 0 0 0 41 0 0 4368544 7340839 6561077 0 0 0 7184767 0 0 0 0 
0 0 0 0 0 0 0 0 0 0 0 0 0 0 0 0 0 0 0 0 0 0 0 3 0 24575 24572 0 0 41 0 0 0 13903727 4368885 0 0 0 0 0 7184149 0 0 0 
0 0 0 0 0 0 0 0 0 0 0 0 0 0 0 0 0 0 0 0 0 0 0 3 24578 0 0 0 0 0 41 0 0 4368544 7340839 6561077 0 0 0 7184767 0 0 0 0 
0 0 0 0 0 0 0 0 0 0 0 0 0 0 0 0 0 0 0 0 0 0 0 3 0 24575 24572 0 0 41 0 0 0 13903727 4368885 0 0 0 0 0 7184149 0 0 0 
0 0 0 0 0 0 0 0 0 0 0 0 0 0 0 0 0 0 0 0 0 0 0 3 24578 0 0 0 0 0 41 0 0 4368544 7340839 6561077 0 0 0 7184767 0 0 0 0 
0 0 0 0 0 0 0 0 0 0 0 0 0 0 0 0 0 0 0 0 0 0 0 3 0 24575 24572 0 0 41 0 0 0 13903727 4368885 0 0 0 0 0 7184149 0 0 0 
0 0 0 0 0 0 0 0 0 0 0 0 0 0 0 0 0 0 0 0 0 0 0 3 24578 0 0 0 0 0 41 0 0 4368544 7340839 6561077 0 0 0 7184767 0 0 0 0 
0 0 0 0 0 0 0 0 0 0 0 0 0 0 0 0 0 0 0 0 0 0 0 3 0 24575 24572 0 0 41 0 0 0 13903727 4368885 0 0 0 0 0 7184149 0 0 0 
0 0 0 0 0 0 0 0 0 0 0 0 0 0 0 0 0 0 0 0 0 0 0 3 24578 0 0 0 0 0 41 0 0 4368544 7340839 6561077 0 0 0 7184767 0 0 0 0 
0 0 0 0 0 0 0 0 0 0 0 0 0 0 0 0 0 0 0 0 0 0 0 3 0 24575 24572 0 0 41 0 0 0 13903727 4368885 0 0 0 0 0 7184149 0 0 0 
0 0 0 0 0 0 0 0 0 0 0 0 0 0 0 0 0 0 0 0 0 0 0 3 24578 0 0 0 0 0 41 0 0 4368544 7340839 6561077 0 0 0 7184767 0 0 0 0 
0 0 0 0 0 0 0 0 0 0 0 0 0 0 0 0 0 0 0 0 0 0 0 3 0 24575 24572 0 0 41 0 0 0 13903727 4368885 0 0 0 0 0 7184149 0 0 0 
0 0 0 0 0 0 0 0 0 0 0 0 0 0 0 0 0 0 0 0 0 0 0 3 24578 0 0 0 0 0 41 0 0 4368544 7340839 6561077 0 0 0 7184767 0 0 0 0 
0 0 0 0 0 0 0 0 0 0 0 0 0 0 0 0 0 0 0 0 0 0 0 3 0 24575 24572 0 0 41 0 0 0 13903727 4368885 0 0 0 0 0 7184149 0 0 0 
0 0 0 0 0 0 0 0 0 0 0 0 0 0 0 0 0 0 0 0 0 0 0 3 24578 0 0 0 0 0 41 0 0 4368544 7340839 6561077 0 0 0 7184767 0 0 0 0 
0 0 0 0 0 0 0 0 0 0 0 0 0 0 0 0 0 0 0 0 0 0 0 3 0 24575 24572 0 0 41 0 0 0 13903727 4368885 0 0 0 0 0 7184149 0 0 0 
0 0 0 0 0 0 0 0 0 0 0 0 0 0 0 0 0 0 0 0 0 0 0 3 24578 0 0 0 0 0 41 0 0 4368544 7340839 6561077 0 0 0 7184767 0 0 0 0 
0 0 0 0 0 0 0 0 0 0 0 0 0 0 0 0 0 0 0 0 0 0 0 3 0 24575 24572 0 0 41 0 0 0 13903727 4368885 0 0 0 0 0 7184149 0 0 0 
0 0 0 0 0 0 0 0 0 0 0 0 0 0 0 0 0 0 0 0 0 0 0 3 24578 0 0 0 0 0 41 0 0 4368544 7340839 6561077 0 0 0 7184767 0 0 0 0 
0 0 0 0 0 0 0 0 0 0 0 0 0 0 0 0 0 0 0 0 0 0 0 3 0 24575 24572 0 0 41 0 0 0 13903727 4368885 0 0 0 0 0 7184149 0 0 0 
0 0 0 0 0 0 0 0 0 0 0 0 0 0 0 0 0 0 0 0 0 0 0 3 24578 0 0 0 0 0 41 0 0 4368544 7340839 6561077 0 0 0 7184767 0 0 0 0 
0 0 0 0 0 0 0 0 0 0 0 0 0 0 0 0 0 0 0 0 0 0 0 3 0 24575 24572 0 0 41 0 0 0 13903727 4368885 0 0 0 0 0 7184149 0 0 0 
0 0 0 0 0 0 0 0 0 0 0 0 0 0 0 0 0 0 0 0 0 0 0 3 24578 0 0 0 0 0 41 0 0 4368544 7340839 6561077 0 0 0 7184767 0 0 0 0 
0 0 0 0 0 0 0 0 0 0 0 0 0 0 0 0 0 0 0 0 0 0 0 3 0 24575 24572 0 0 41 0 0 0 13903727 4368885 0 0 0 0 0 7184149 0 0 0 
0 0 0 0 0 0 0 0 0 0 0 0 0 0 0 0 0 0 0 0 0 0 0 3 24578 0 0 0 0 0 41 0 0 4368544 7340839 6561077 0 0 0 7184767 0 0 0 0 
0 0 0 0 0 0 0 0 0 0 0 0 0 0 0 0 0 0 0 0 0 0 0 3 0 24575 24572 0 0 41 0 0 0 13903727 4368885 0 0 0 0 0 7184149 0 0 0 
0 0 0 0 0 0 0 0 0 0 0 0 0 0 0 0 0 0 0 0 0 0 0 3 24578 0 0 0 0 0 41 0 0 4368544 7340839 6561077 0 0 0 7184767 0 0 0 0 
0 0 0 0 0 0 0 0 0 0 0 0 0 0 0 0 0 0 0 0 0 0 0 3 0 24575 24572 0 0 41 0 0 0 13903727 4368885 0 0 0 0 0 7184149 0 0 0 
0 0 0 0 0 0 0 0 0 0 0 0 0 0 0 0 0 0 0 0 0 0 0 3 24578 0 0 0 0 0 41 0 0 4368544 7340839 6561077 0 0 0 7184767 0 0 0 0 
