0 0 0 0 0 0 0 0 0 0 0 0 0 0 0 0 0 0 0 0 0 0 0 3 74842 0 0 2 0 0 178 0 0 17717696 33838388 26993358 0 0 0 32832071 0 0 0 0 
0 0 0 0 0 0 0 0 0 0 0 0 0 0 0 0 0 0 0 0 0 0 0 3 0 74844 74820 0 0 179 0 0 0 60845840 17712246 0 0 0 0 0 32836129 0 0 0 
0 0 0 0 0 0 0 0 0 0 0 0 0 0 0 0 0 0 0 0 0 0 0 3 74842 0 0 2 0 0 178 0 0 17717696 33838388 26993358 0 0 0 32832071 0 0 0 0 
0 0 0 0 0 0 0 0 0 0 0 0 0 0 0 0 0 0 0 0 0 0 0 3 0 74844 74820 0 0 179 0 0 0 60845840 17712246 0 0 0 0 0 32836129 0 0 0 
0 0 0 0 0 0 0 0 0 0 0 0 0 0 0 0 0 0 0 0 0 0 0 3 74842 0 0 2 0 0 178 0 0 17717696 33838388 26993358 0 0 0 32832071 0 0 0 0 
0 0 0 0 0 0 0 0 0 0 0 0 0 0 0 0 0 0 0 0 0 0 0 3 0 74844 74820 0 0 179 0 0 0 60845840 17712246 0 0 0 0 0 32836129 0 0 0 
0 0 0 0 0 0 0 0 0 0 0 0 0 0 0 0 0 0 0 0 0 0 0 3 74842 0 0 2 0 0 178 0 0 17717696 33838388 26993358 0 0 0 32832071 0 0 0 0 
0 0 0 0 0 0 0 0 0 0 0 0 0 0 0 0 0 0 0 0 0 0 0 3 0 74844 74820 0 0 179 0 0 0 60845840 17712246 0 0 0 0 0 32836129 0 0 0 
====>
0 0 0 0 0 0 0 0 0 0 0 0 0 0 0 0 0 0 0 0 0 0 0 3 74866 0 0 2 0 0 196 0 0 17717734 33871192 26993382 0 0 0 32832094 0 0 0 0 
0 0 0 0 0 0 0 0 0 0 0 0 0 0 0 0 0 0 0 0 0 0 0 3 0 74867 74844 0 0 197 0 0 0 60878691 17712284 0 0 0 0 0 32836152 0 0 0 
0 0 0 0 0 0 0 0 0 0 0 0 0 0 0 0 0 0 0 0 0 0 0 3 75010 0 0 2 0 0 199 0 0 17727469 33902386 27014094 0 0 0 32854480 0 0 0 0 
0 0 0 0 0 0 0 0 0 0 0 0 0 0 0 0 0 0 0 0 0 0 0 3 0 75000 74988 0 0 200 0 0 0 60930605 17722013 0 0 0 0 0 32858539 0 0 0 
0 0 0 0 0 0 0 0 0 0 0 0 0 0 0 0 0 0 0 0 0 0 0 3 75178 0 0 2 0 0 199 0 0 17745272 33933798 27042789 0 0 0 32883429 0 0 0 0 
0 0 0 0 0 0 0 0 0 0 0 0 0 0 0 0 0 0 0 0 0 0 0 3 0 75168 75156 0 0 200 0 0 0 60990764 17739740 0 0 0 0 0 32887501 0 0 0 
0 0 0 0 0 0 0 0 0 0 0 0 0 0 0 0 0 0 0 0 0 0 0 3 75346 0 0 2 0 0 199 0 0 17764132 33968924 27077489 0 0 0 32918233 0 0 0 0 
0 0 0 0 0 0 0 0 0 0 0 0 0 0 0 0 0 0 0 0 0 0 0 3 0 75347 75324 0 0 200 0 0 0 61060608 17758590 0 0 0 0 0 32922314 0 0 0 
0 0 0 0 0 0 0 0 0 0 0 0 0 0 0 0 0 0 0 0 0 0 0 3 75514 0 0 2 0 0 199 0 0 17787475 34005192 27111311 0 0 0 32954318 0 0 0 0 
0 0 0 0 0 0 0 0 0 0 0 0 0 0 0 0 0 0 0 0 0 0 0 3 0 75516 75492 0 0 200 0 0 0 61130733 17781919 0 0 0 0 0 32958406 0 0 0 
0 0 0 0 0 0 0 0 0 0 0 0 0 0 0 0 0 0 0 0 0 0 0 3 75562 0 0 2 0 0 199 0 0 17805316 34038550 27136078 0 0 0 32980971 0 0 0 0 
0 0 0 0 0 0 0 0 0 0 0 0 0 0 0 0 0 0 0 0 0 0 0 3 0 75552 75540 0 0 200 0 0 0 61188885 17799749 0 0 0 0 0 32985062 0 0 0 
0 0 0 0 0 0 0 0 0 0 0 0 0 0 0 0 0 0 0 0 0 0 0 3 75730 0 0 2 0 0 199 0 0 17818249 34064274 27163835 0 0 0 33011201 0 0 0 0 
0 0 0 0 0 0 0 0 0 0 0 0 0 0 0 0 0 0 0 0 0 0 0 3 0 75720 75708 0 0 200 0 0 0 61242410 17812668 0 0 0 0 0 33015303 0 0 0 
0 0 0 0 0 0 0 0 0 0 0 0 0 0 0 0 0 0 0 0 0 0 0 3 75898 0 0 2 0 0 199 0 0 17834247 34094509 27190983 0 0 0 33043230 0 0 0 0 
0 0 0 0 0 0 0 0 0 0 0 0 0 0 0 0 0 0 0 0 0 0 0 3 0 75891 75876 0 0 200 0 0 0 61299861 17828656 0 0 0 0 0 33047345 0 0 0 
0 0 0 0 0 0 0 0 0 0 0 0 0 0 0 0 0 0 0 0 0 0 0 3 76078 0 0 2 0 0 199 0 0 17857578 34130692 27224826 0 0 0 33079211 0 0 0 0 
0 0 0 0 0 0 0 0 0 0 0 0 0 0 0 0 0 0 0 0 0 0 0 3 0 76068 76056 0 0 200 0 0 0 61369909 17851970 0 0 0 0 0 33083342 0 0 0 
0 0 0 0 0 0 0 0 0 0 0 0 0 0 0 0 0 0 0 0 0 0 0 3 76246 0 0 2 0 0 199 0 0 17880913 34167569 27259455 0 0 0 33115905 0 0 0 0 
0 0 0 0 0 0 0 0 0 0 0 0 0 0 0 0 0 0 0 0 0 0 0 3 0 76236 76224 0 0 200 0 0 0 61441474 17875297 0 0 0 0 0 33120042 0 0 0 
0 0 0 0 0 0 0 0 0 0 0 0 0 0 0 0 0 0 0 0 0 0 0 3 76282 0 0 2 0 0 199 0 0 17894895 34197202 27279354 0 0 0 33137956 0 0 0 0 
0 0 0 0 0 0 0 0 0 0 0 0 0 0 0 0 0 0 0 0 0 0 0 3 0 76272 76260 0 0 200 0 0 0 61491018 17889275 0 0 0 0 0 33142089 0 0 0 
0 0 0 0 0 0 0 0 0 0 0 0 0 0 0 0 0 0 0 0 0 0 0 3 76450 0 0 2 0 0 199 0 0 17911331 34224747 27309084 0 0 0 33171043 0 0 0 0 
0 0 0 0 0 0 0 0 0 0 0 0 0 0 0 0 0 0 0 0 0 0 0 3 0 76440 76428 0 0 200 0 0 0 61548317 17905698 0 0 0 0 0 33175202 0 0 0 
0 0 0 0 0 0 0 0 0 0 0 0 0 0 0 0 0 0 0 0 0 0 0 3 76618 0 0 2 0 0 199 0 0 17927582 34255428 27341737 0 0 0 33203367 0 0 0 0 
0 0 0 0 0 0 0 0 0 0 0 0 0 0 0 0 0 0 0 0 0 0 0 3 0 76608 76596 0 0 200 0 0 0 61611707 17921937 0 0 0 0 0 33207536 0 0 0 
0 0 0 0 0 0 0 0 0 0 0 0 0 0 0 0 0 0 0 0 0 0 0 3 76786 0 0 2 0 0 199 0 0 17950894 34292205 27375017 0 0 0 33239948 0 0 0 0 
0 0 0 0 0 0 0 0 0 0 0 0 0 0 0 0 0 0 0 0 0 0 0 3 0 76776 76764 0 0 200 0 0 0 61681811 17945238 0 0 0 0 0 33244127 0 0 0 
0 0 0 0 0 0 0 0 0 0 0 0 0 0 0 0 0 0 0 0 0 0 0 3 76918 0 0 2 0 0 199 0 0 17972339 34326713 27407742 0 0 0 33274741 0 0 0 0 
0 0 0 0 0 0 0 0 0 0 0 0 0 0 0 0 0 0 0 0 0 0 0 3 0 76918 76896 0 0 200 0 0 0 61749092 17966675 0 0 0 0 0 33278938 0 0 0 
0 0 0 0 0 0 0 0 0 0 0 0 0 0 0 0 0 0 0 0 0 0 0 3 76990 0 0 2 0 0 199 0 0 17987220 34357315 27428990 0 0 0 33297231 0 0 0 0 
0 0 0 0 0 0 0 0 0 0 0 0 0 0 0 0 0 0 0 0 0 0 0 3 0 76991 76968 0 0 200 0 0 0 61800946 17981543 0 0 0 0 0 33301430 0 0 0 
0 0 0 0 0 0 0 0 0 0 0 0 0 0 0 0 0 0 0 0 0 0 0 3 77170 0 0 2 0 0 199 0 0 18004077 34383924 27457948 0 0 0 33329687 0 0 0 0 
0 0 0 0 0 0 0 0 0 0 0 0 0 0 0 0 0 0 0 0 0 0 0 3 0 77160 77148 0 0 200 0 0 0 61856555 17998386 0 0 0 0 0 33333883 0 0 0 
0 0 0 0 0 0 0 0 0 0 0 0 0 0 0 0 0 0 0 0 0 0 0 3 77338 0 0 2 0 0 199 0 0 18021142 34416815 27490730 0 0 0 33363991 0 0 0 0 
0 0 0 0 0 0 0 0 0 0 0 0 0 0 0 0 0 0 0 0 0 0 0 3 0 77328 77316 0 0 200 0 0 0 61922259 18015444 0 0 0 0 0 33368193 0 0 0 
0 0 0 0 0 0 0 0 0 0 0 0 0 0 0 0 0 0 0 0 0 0 0 3 77506 0 0 2 0 0 199 0 0 18044491 34453394 27524286 0 0 0 33400371 0 0 0 0 
0 0 0 0 0 0 0 0 0 0 0 0 0 0 0 0 0 0 0 0 0 0 0 3 0 77496 77484 0 0 200 0 0 0 61992469 18038783 0 0 0 0 0 33404583 0 0 0 
0 0 0 0 0 0 0 0 0 0 0 0 0 0 0 0 0 0 0 0 0 0 0 3 77566 0 0 2 0 0 199 0 0 18063772 34489146 27552787 0 0 0 33433266 0 0 0 0 
0 0 0 0 0 0 0 0 0 0 0 0 0 0 0 0 0 0 0 0 0 0 0 3 0 77556 77544 0 0 200 0 0 0 62056768 18058045 0 0 0 0 0 33437487 0 0 0 
0 0 0 0 0 0 0 0 0 0 0 0 0 0 0 0 0 0 0 0 0 0 0 3 77710 0 0 2 0 0 199 0 0 18075472 34515548 27575099 0 0 0 33460247 0 0 0 0 
0 0 0 0 0 0 0 0 0 0 0 0 0 0 0 0 0 0 0 0 0 0 0 3 0 77700 77688 0 0 200 0 0 0 62105498 18069736 0 0 0 0 0 33464476 0 0 0 
0 0 0 0 0 0 0 0 0 0 0 0 0 0 0 0 0 0 0 0 0 0 0 3 77890 0 0 2 0 0 199 0 0 18093162 34545008 27604658 0 0 0 33490117 0 0 0 0 
0 0 0 0 0 0 0 0 0 0 0 0 0 0 0 0 0 0 0 0 0 0 0 3 0 77880 77868 0 0 200 0 0 0 62164584 18087420 0 0 0 0 0 33494353 0 0 0 
0 0 0 0 0 0 0 0 0 0 0 0 0 0 0 0 0 0 0 0 0 0 0 3 78046 0 0 2 0 0 199 0 0 18114679 34580546 27637956 0 0 0 33526966 0 0 0 0 
0 0 0 0 0 0 0 0 0 0 0 0 0 0 0 0 0 0 0 0 0 0 0 3 0 78043 78024 0 0 200 0 0 0 62233446 18108929 0 0 0 0 0 33531205 0 0 0 
0 0 0 0 0 0 0 0 0 0 0 0 0 0 0 0 0 0 0 0 0 0 0 3 78178 0 0 2 0 0 199 0 0 18136232 34614642 27670230 0 0 0 33561281 0 0 0 0 
0 0 0 0 0 0 0 0 0 0 0 0 0 0 0 0 0 0 0 0 0 0 0 3 0 78178 78156 0 0 200 0 0 0 62299849 18130470 0 0 0 0 0 33565523 0 0 0 
0 0 0 0 0 0 0 0 0 0 0 0 0 0 0 0 0 0 0 0 0 0 0 3 78250 0 0 2 0 0 199 0 0 18149875 34645755 27691854 0 0 0 33585400 0 0 0 0 
0 0 0 0 0 0 0 0 0 0 0 0 0 0 0 0 0 0 0 0 0 0 0 3 0 78243 78228 0 0 200 0 0 0 62352594 18144108 0 0 0 0 0 33589640 0 0 0 
0 0 0 0 0 0 0 0 0 0 0 0 0 0 0 0 0 0 0 0 0 0 0 3 78430 0 0 2 0 0 199 0 0 18164975 34671315 27719242 0 0 0 33614933 0 0 0 0 
0 0 0 0 0 0 0 0 0 0 0 0 0 0 0 0 0 0 0 0 0 0 0 3 0 78420 78408 0 0 200 0 0 0 62405597 18159196 0 0 0 0 0 33619181 0 0 0 
0 0 0 0 0 0 0 0 0 0 0 0 0 0 0 0 0 0 0 0 0 0 0 3 78598 0 0 2 0 0 199 0 0 18184762 34704914 27752936 0 0 0 33650759 0 0 0 0 
0 0 0 0 0 0 0 0 0 0 0 0 0 0 0 0 0 0 0 0 0 0 0 3 0 78588 78576 0 0 200 0 0 0 62472937 18178975 0 0 0 0 0 33655017 0 0 0 
0 0 0 0 0 0 0 0 0 0 0 0 0 0 0 0 0 0 0 0 0 0 0 3 78766 0 0 2 0 0 199 0 0 18208228 34742423 27786682 0 0 0 33688074 0 0 0 0 
0 0 0 0 0 0 0 0 0 0 0 0 0 0 0 0 0 0 0 0 0 0 0 3 0 78756 78744 0 0 200 0 0 0 62544239 18202430 0 0 0 0 0 33692346 0 0 0 
0 0 0 0 0 0 0 0 0 0 0 0 0 0 0 0 0 0 0 0 0 0 0 3 78802 0 0 2 0 0 199 0 0 18226969 34777839 27812713 0 0 0 33716646 0 0 0 0 
0 0 0 0 0 0 0 0 0 0 0 0 0 0 0 0 0 0 0 0 0 0 0 3 0 78803 78780 0 0 200 0 0 0 62605718 18221163 0 0 0 0 0 33720924 0 0 0 
0 0 0 0 0 0 0 0 0 0 0 0 0 0 0 0 0 0 0 0 0 0 0 3 78970 0 0 2 0 0 199 0 0 18239456 34802419 27839768 0 0 0 33745324 0 0 0 0 
0 0 0 0 0 0 0 0 0 0 0 0 0 0 0 0 0 0 0 0 0 0 0 3 0 78960 78948 0 0 200 0 0 0 62657374 18233644 0 0 0 0 0 33749618 0 0 0 
0 0 0 0 0 0 0 0 0 0 0 0 0 0 0 0 0 0 0 0 0 0 0 3 79138 0 0 2 0 0 199 0 0 18254952 34828918 27868212 0 0 0 33774209 0 0 0 0 
0 0 0 0 0 0 0 0 0 0 0 0 0 0 0 0 0 0 0 0 0 0 0 3 0 79138 79116 0 0 200 0 0 0 62712384 18249126 0 0 0 0 0 33778502 0 0 0 
0 0 0 0 0 0 0 0 0 0 0 0 0 0 0 0 0 0 0 0 0 0 0 3 79306 0 0 2 0 0 199 0 0 18278290 34867008 27901490 0 0 0 33812110 0 0 0 0 
0 0 0 0 0 0 0 0 0 0 0 0 0 0 0 0 0 0 0 0 0 0 0 3 0 79307 79284 0 0 200 0 0 0 62783795 18272443 0 0 0 0 0 33816411 0 0 0 
0 0 0 0 0 0 0 0 0 0 0 0 0 0 0 0 0 0 0 0 0 0 0 3 79474 0 0 2 0 0 199 0 0 18301209 34904381 27934728 0 0 0 33849366 0 0 0 0 
0 0 0 0 0 0 0 0 0 0 0 0 0 0 0 0 0 0 0 0 0 0 0 3 0 79472 79452 0 0 200 0 0 0 62854438 18295342 0 0 0 0 0 33853672 0 0 0 
0 0 0 0 0 0 0 0 0 0 0 0 0 0 0 0 0 0 0 0 0 0 0 3 79510 0 0 2 0 0 199 0 0 18314613 34935654 27955733 0 0 0 33873012 0 0 0 0 
0 0 0 0 0 0 0 0 0 0 0 0 0 0 0 0 0 0 0 0 0 0 0 3 0 79511 79488 0 0 200 0 0 0 62906718 18308736 0 0 0 0 0 33877318 0 0 0 
0 0 0 0 0 0 0 0 0 0 0 0 0 0 0 0 0 0 0 0 0 0 0 3 79690 0 0 2 0 0 199 0 0 18331800 34962643 27984952 0 0 0 33905654 0 0 0 0 
0 0 0 0 0 0 0 0 0 0 0 0 0 0 0 0 0 0 0 0 0 0 0 3 0 79680 79668 0 0 200 0 0 0 62962976 18325914 0 0 0 0 0 33909972 0 0 0 
0 0 0 0 0 0 0 0 0 0 0 0 0 0 0 0 0 0 0 0 0 0 0 3 79858 0 0 2 0 0 199 0 0 18348531 34994817 28016525 0 0 0 33939335 0 0 0 0 
0 0 0 0 0 0 0 0 0 0 0 0 0 0 0 0 0 0 0 0 0 0 0 3 0 79848 79836 0 0 200 0 0 0 63026748 18342635 0 0 0 0 0 33943662 0 0 0 
0 0 0 0 0 0 0 0 0 0 0 0 0 0 0 0 0 0 0 0 0 0 0 3 80026 0 0 2 0 0 199 0 0 18371894 35032296 28050198 0 0 0 33976627 0 0 0 0 
0 0 0 0 0 0 0 0 0 0 0 0 0 0 0 0 0 0 0 0 0 0 0 3 0 80016 80004 0 0 200 0 0 0 63097958 18365981 0 0 0 0 0 33980965 0 0 0 
0 0 0 0 0 0 0 0 0 0 0 0 0 0 0 0 0 0 0 0 0 0 0 3 80110 0 0 2 0 0 199 0 0 18391788 35065986 28082410 0 0 0 34011718 0 0 0 0 
0 0 0 0 0 0 0 0 0 0 0 0 0 0 0 0 0 0 0 0 0 0 0 3 0 80107 80088 0 0 200 0 0 0 63163910 18385859 0 0 0 0 0 34016066 0 0 0 
0 0 0 0 0 0 0 0 0 0 0 0 0 0 0 0 0 0 0 0 0 0 0 3 80230 0 0 2 0 0 199 0 0 18406436 35095862 28103145 0 0 0 34034024 0 0 0 0 
0 0 0 0 0 0 0 0 0 0 0 0 0 0 0 0 0 0 0 0 0 0 0 3 0 80220 80208 0 0 200 0 0 0 63214535 18400503 0 0 0 0 0 34038373 0 0 0 
0 0 0 0 0 0 0 0 0 0 0 0 0 0 0 0 0 0 0 0 0 0 0 3 80410 0 0 2 0 0 199 0 0 18424502 35123043 28132929 0 0 0 34065255 0 0 0 0 
0 0 0 0 0 0 0 0 0 0 0 0 0 0 0 0 0 0 0 0 0 0 0 3 0 80400 80388 0 0 200 0 0 0 63271563 18418557 0 0 0 0 0 34069612 0 0 0 
0 0 0 0 0 0 0 0 0 0 0 0 0 0 0 0 0 0 0 0 0 0 0 3 80578 0 0 2 0 0 199 0 0 18441935 35154428 28165390 0 0 0 34098197 0 0 0 0 
0 0 0 0 0 0 0 0 0 0 0 0 0 0 0 0 0 0 0 0 0 0 0 3 0 80568 80556 0 0 200 0 0 0 63335450 18435980 0 0 0 0 0 34102559 0 0 0 
0 0 0 0 0 0 0 0 0 0 0 0 0 0 0 0 0 0 0 0 0 0 0 3 80746 0 0 2 0 0 199 0 0 18465194 35189982 28199261 0 0 0 34133551 0 0 0 0 
0 0 0 0 0 0 0 0 0 0 0 0 0 0 0 0 0 0 0 0 0 0 0 3 0 80736 80724 0 0 200 0 0 0 63404916 18459248 0 0 0 0 0 34137923 0 0 0 
0 0 0 0 0 0 0 0 0 0 0 0 0 0 0 0 0 0 0 0 0 0 0 3 80914 0 0 2 0 0 199 0 0 18488163 35224246 28232755 0 0 0 34167661 0 0 0 0 
0 0 0 0 0 0 0 0 0 0 0 0 0 0 0 0 0 0 0 0 0 0 0 3 0 80912 80892 0 0 200 0 0 0 63472730 18482206 0 0 0 0 0 34172054 0 0 0 
0 0 0 0 0 0 0 0 0 0 0 0 0 0 0 0 0 0 0 0 0 0 0 3 80950 0 0 2 0 0 199 0 0 18501493 35255455 28253493 0 0 0 34191153 0 0 0 0 
0 0 0 0 0 0 0 0 0 0 0 0 0 0 0 0 0 0 0 0 0 0 0 3 0 80951 80928 0 0 200 0 0 0 63524674 18495528 0 0 0 0 0 34195547 0 0 0 
0 0 0 0 0 0 0 0 0 0 0 0 0 0 0 0 0 0 0 0 0 0 0 3 81130 0 0 2 0 0 199 0 0 18518555 35283303 28282507 0 0 0 34224768 0 0 0 0 
0 0 0 0 0 0 0 0 0 0 0 0 0 0 0 0 0 0 0 0 0 0 0 3 0 81120 81108 0 0 200 0 0 0 63581581 18512576 0 0 0 0 0 34229173 0 0 0 
0 0 0 0 0 0 0 0 0 0 0 0 0 0 0 0 0 0 0 0 0 0 0 3 81298 0 0 2 0 0 199 0 0 18535226 35314234 28314146 0 0 0 34257223 0 0 0 0 
0 0 0 0 0 0 0 0 0 0 0 0 0 0 0 0 0 0 0 0 0 0 0 3 0 81288 81276 0 0 200 0 0 0 63644227 18529236 0 0 0 0 0 34261645 0 0 0 
0 0 0 0 0 0 0 0 0 0 0 0 0 0 0 0 0 0 0 0 0 0 0 3 81466 0 0 2 0 0 199 0 0 18558647 35350284 28347298 0 0 0 34293076 0 0 0 0 
0 0 0 0 0 0 0 0 0 0 0 0 0 0 0 0 0 0 0 0 0 0 0 3 0 81456 81444 0 0 200 0 0 0 63713458 18552644 0 0 0 0 0 34297507 0 0 0 
0 0 0 0 0 0 0 0 0 0 0 0 0 0 0 0 0 0 0 0 0 0 0 3 81598 0 0 2 0 0 199 0 0 18579308 35383964 28380097 0 0 0 34327214 0 0 0 0 
0 0 0 0 0 0 0 0 0 0 0 0 0 0 0 0 0 0 0 0 0 0 0 3 0 81588 81576 0 0 200 0 0 0 63779970 18573291 0 0 0 0 0 34331660 0 0 0 
0 0 0 0 0 0 0 0 0 0 0 0 0 0 0 0 0 0 0 0 0 0 0 3 81670 0 0 2 0 0 199 0 0 18594439 35415192 28403185 0 0 0 34350635 0 0 0 0 
0 0 0 0 0 0 0 0 0 0 0 0 0 0 0 0 0 0 0 0 0 0 0 3 0 81663 81648 0 0 200 0 0 0 63834285 18588411 0 0 0 0 0 34355080 0 0 0 
0 0 0 0 0 0 0 0 0 0 0 0 0 0 0 0 0 0 0 0 0 0 0 3 81850 0 0 2 0 0 199 0 0 18609645 35441337 28429322 0 0 0 34381466 0 0 0 0 
0 0 0 0 0 0 0 0 0 0 0 0 0 0 0 0 0 0 0 0 0 0 0 3 0 81840 81828 0 0 200 0 0 0 63886633 18603613 0 0 0 0 0 34385927 0 0 0 
0 0 0 0 0 0 0 0 0 0 0 0 0 0 0 0 0 0 0 0 0 0 0 3 82018 0 0 2 0 0 199 0 0 18628737 35474337 28463306 0 0 0 34416544 0 0 0 0 
0 0 0 0 0 0 0 0 0 0 0 0 0 0 0 0 0 0 0 0 0 0 0 3 0 82008 81996 0 0 200 0 0 0 63953662 18622694 0 0 0 0 0 34421011 0 0 0 
0 0 0 0 0 0 0 0 0 0 0 0 0 0 0 0 0 0 0 0 0 0 0 3 82186 0 0 2 0 0 199 0 0 18652105 35511049 28497652 0 0 0 34453057 0 0 0 0 
0 0 0 0 0 0 0 0 0 0 0 0 0 0 0 0 0 0 0 0 0 0 0 3 0 82176 82164 0 0 200 0 0 0 64024758 18646051 0 0 0 0 0 34457534 0 0 0 
0 0 0 0 0 0 0 0 0 0 0 0 0 0 0 0 0 0 0 0 0 0 0 3 82234 0 0 2 0 0 199 0 0 18671259 35546816 28525468 0 0 0 34484409 0 0 0 0 
0 0 0 0 0 0 0 0 0 0 0 0 0 0 0 0 0 0 0 0 0 0 0 3 0 82232 82212 0 0 200 0 0 0 64088367 18665191 0 0 0 0 0 34488891 0 0 0 
0 0 0 0 0 0 0 0 0 0 0 0 0 0 0 0 0 0 0 0 0 0 0 3 82390 0 0 2 0 0 199 0 0 18683395 35573070 28550864 0 0 0 34512430 0 0 0 0 
0 0 0 0 0 0 0 0 0 0 0 0 0 0 0 0 0 0 0 0 0 0 0 3 0 82380 82368 0 0 200 0 0 0 64140023 18677318 0 0 0 0 0 34516911 0 0 0 
0 0 0 0 0 0 0 0 0 0 0 0 0 0 0 0 0 0 0 0 0 0 0 3 82570 0 0 2 0 0 199 0 0 18699871 35601346 28579600 0 0 0 34541894 0 0 0 0 
0 0 0 0 0 0 0 0 0 0 0 0 0 0 0 0 0 0 0 0 0 0 0 3 0 82560 82548 0 0 200 0 0 0 64197102 18693789 0 0 0 0 0 34546378 0 0 0 
0 0 0 0 0 0 0 0 0 0 0 0 0 0 0 0 0 0 0 0 0 0 0 3 82738 0 0 2 0 0 199 0 0 18722390 35636679 28613724 0 0 0 34578114 0 0 0 0 
0 0 0 0 0 0 0 0 0 0 0 0 0 0 0 0 0 0 0 0 0 0 0 3 0 82728 82716 0 0 200 0 0 0 64266581 18716304 0 0 0 0 0 34582606 0 0 0 
0 0 0 0 0 0 0 0 0 0 0 0 0 0 0 0 0 0 0 0 0 0 0 3 82906 0 0 2 0 0 199 0 0 18745700 35673741 28648175 0 0 0 34614981 0 0 0 0 
0 0 0 0 0 0 0 0 0 0 0 0 0 0 0 0 0 0 0 0 0 0 0 3 0 82896 82884 0 0 200 0 0 0 64338136 18739605 0 0 0 0 0 34619474 0 0 0 
0 0 0 0 0 0 0 0 0 0 0 0 0 0 0 0 0 0 0 0 0 0 0 3 82942 0 0 2 0 0 199 0 0 18764461 35708308 28673224 0 0 0 34642715 0 0 0 0 
0 0 0 0 0 0 0 0 0 0 0 0 0 0 0 0 0 0 0 0 0 0 0 3 0 82941 82920 0 0 200 0 0 0 64397756 18758359 0 0 0 0 0 34647213 0 0 0 
0 0 0 0 0 0 0 0 0 0 0 0 0 0 0 0 0 0 0 0 0 0 0 3 83110 0 0 2 0 0 199 0 0 18776550 35733272 28699394 0 0 0 34672258 0 0 0 0 
0 0 0 0 0 0 0 0 0 0 0 0 0 0 0 0 0 0 0 0 0 0 0 3 0 83100 83088 0 0 200 0 0 0 64448909 18770445 0 0 0 0 0 34676765 0 0 0 
0 0 0 0 0 0 0 0 0 0 0 0 0 0 0 0 0 0 0 0 0 0 0 3 83290 0 0 2 0 0 199 0 0 18795101 35764725 28729573 0 0 0 34703478 0 0 0 0 
0 0 0 0 0 0 0 0 0 0 0 0 0 0 0 0 0 0 0 0 0 0 0 3 0 83280 83268 0 0 200 0 0 0 64510573 18788976 0 0 0 0 0 34707988 0 0 0 
0 0 0 0 0 0 0 0 0 0 0 0 0 0 0 0 0 0 0 0 0 0 0 3 83458 0 0 2 0 0 199 0 0 18815895 35797895 28763515 0 0 0 34738538 0 0 0 0 
0 0 0 0 0 0 0 0 0 0 0 0 0 0 0 0 0 0 0 0 0 0 0 3 0 83448 83436 0 0 200 0 0 0 64577715 18809771 0 0 0 0 0 34743058 0 0 0 
0 0 0 0 0 0 0 0 0 0 0 0 0 0 0 0 0 0 0 0 0 0 0 3 83626 0 0 2 0 0 199 0 0 18839244 35836151 28798070 0 0 0 34776603 0 0 0 0 
0 0 0 0 0 0 0 0 0 0 0 0 0 0 0 0 0 0 0 0 0 0 0 3 0 83616 83604 0 0 200 0 0 0 64650587 18833107 0 0 0 0 0 34781129 0 0 0 
0 0 0 0 0 0 0 0 0 0 0 0 0 0 0 0 0 0 0 0 0 0 0 3 83650 0 0 2 0 0 199 0 0 18852208 35865723 28818985 0 0 0 34798445 0 0 0 0 
0 0 0 0 0 0 0 0 0 0 0 0 0 0 0 0 0 0 0 0 0 0 0 3 0 83651 83628 0 0 200 0 0 0 64701083 18846065 0 0 0 0 0 34802970 0 0 0 
0 0 0 0 0 0 0 0 0 0 0 0 0 0 0 0 0 0 0 0 0 0 0 3 83830 0 0 2 0 0 199 0 0 18869393 35893121 28848654 0 0 0 34831636 0 0 0 0 
0 0 0 0 0 0 0 0 0 0 0 0 0 0 0 0 0 0 0 0 0 0 0 3 0 83820 83808 0 0 200 0 0 0 64758238 18863238 0 0 0 0 0 34836167 0 0 0 
0 0 0 0 0 0 0 0 0 0 0 0 0 0 0 0 0 0 0 0 0 0 0 3 83998 0 0 2 0 0 199 0 0 18885929 35923468 28880466 0 0 0 34863540 0 0 0 0 
0 0 0 0 0 0 0 0 0 0 0 0 0 0 0 0 0 0 0 0 0 0 0 3 0 83988 83976 0 0 200 0 0 0 64820431 18879770 0 0 0 0 0 34868076 0 0 0 
0 0 0 0 0 0 0 0 0 0 0 0 0 0 0 0 0 0 0 0 0 0 0 3 84166 0 0 2 0 0 199 0 0 18909343 35958896 28915242 0 0 0 34898793 0 0 0 0 
0 0 0 0 0 0 0 0 0 0 0 0 0 0 0 0 0 0 0 0 0 0 0 3 0 84167 84144 0 0 200 0 0 0 64890680 18903171 0 0 0 0 0 34903337 0 0 0 
0 0 0 0 0 0 0 0 0 0 0 0 0 0 0 0 0 0 0 0 0 0 0 3 84346 0 0 2 0 0 199 0 0 18932726 35995998 28950027 0 0 0 34935709 0 0 0 0 
0 0 0 0 0 0 0 0 0 0 0 0 0 0 0 0 0 0 0 0 0 0 0 3 0 84336 84324 0 0 200 0 0 0 64962638 18926536 0 0 0 0 0 34940261 0 0 0 
0 0 0 0 0 0 0 0 0 0 0 0 0 0 0 0 0 0 0 0 0 0 0 3 84382 0 0 2 0 0 199 0 0 18951045 36030953 28976364 0 0 0 34963764 0 0 0 0 
0 0 0 0 0 0 0 0 0 0 0 0 0 0 0 0 0 0 0 0 0 0 0 3 0 84375 84360 0 0 200 0 0 0 65023966 18944845 0 0 0 0 0 34968324 0 0 0 
0 0 0 0 0 0 0 0 0 0 0 0 0 0 0 0 0 0 0 0 0 0 0 3 84550 0 0 2 0 0 199 0 0 18962437 36053042 28999031 0 0 0 34990876 0 0 0 0 
0 0 0 0 0 0 0 0 0 0 0 0 0 0 0 0 0 0 0 0 0 0 0 3 0 84540 84528 0 0 200 0 0 0 65068757 18956235 0 0 0 0 0 34995451 0 0 0 
0 0 0 0 0 0 0 0 0 0 0 0 0 0 0 0 0 0 0 0 0 0 0 3 84718 0 0 2 0 0 199 0 0 18979547 36086225 29031485 0 0 0 35025542 0 0 0 0 
0 0 0 0 0 0 0 0 0 0 0 0 0 0 0 0 0 0 0 0 0 0 0 3 0 84708 84696 0 0 200 0 0 0 65134447 18973341 0 0 0 0 0 35030122 0 0 0 
0 0 0 0 0 0 0 0 0 0 0 0 0 0 0 0 0 0 0 0 0 0 0 3 84886 0 0 2 0 0 199 0 0 19002936 36122973 29066319 0 0 0 35062102 0 0 0 0 
0 0 0 0 0 0 0 0 0 0 0 0 0 0 0 0 0 0 0 0 0 0 0 3 0 84876 84864 0 0 200 0 0 0 65206101 18996727 0 0 0 0 0 35066686 0 0 0 
0 0 0 0 0 0 0 0 0 0 0 0 0 0 0 0 0 0 0 0 0 0 0 3 84946 0 0 2 0 0 199 0 0 19022192 36156698 29095720 0 0 0 35093580 0 0 0 0 
0 0 0 0 0 0 0 0 0 0 0 0 0 0 0 0 0 0 0 0 0 0 0 3 0 84936 84924 0 0 200 0 0 0 65269288 19015969 0 0 0 0 0 35098177 0 0 0 
0 0 0 0 0 0 0 0 0 0 0 0 0 0 0 0 0 0 0 0 0 0 0 3 85090 0 0 2 0 0 199 0 0 19033821 36182561 29117764 0 0 0 35119519 0 0 0 0 
0 0 0 0 0 0 0 0 0 0 0 0 0 0 0 0 0 0 0 0 0 0 0 3 0 85080 85068 0 0 200 0 0 0 65317206 19027598 0 0 0 0 0 35124118 0 0 0 
0 0 0 0 0 0 0 0 0 0 0 0 0 0 0 0 0 0 0 0 0 0 0 3 85270 0 0 2 0 0 199 0 0 19052799 36212343 29146871 0 0 0 35148598 0 0 0 0 
0 0 0 0 0 0 0 0 0 0 0 0 0 0 0 0 0 0 0 0 0 0 0 3 0 85260 85248 0 0 200 0 0 0 65376145 19046567 0 0 0 0 0 35153207 0 0 0 
0 0 0 0 0 0 0 0 0 0 0 0 0 0 0 0 0 0 0 0 0 0 0 3 85438 0 0 2 0 0 199 0 0 19073163 36244573 29180294 0 0 0 35183134 0 0 0 0 
0 0 0 0 0 0 0 0 0 0 0 0 0 0 0 0 0 0 0 0 0 0 0 3 0 85428 85416 0 0 200 0 0 0 65441839 19066923 0 0 0 0 0 35187751 0 0 0 
0 0 0 0 0 0 0 0 0 0 0 0 0 0 0 0 0 0 0 0 0 0 0 3 85606 0 0 2 0 0 199 0 0 19096584 36281523 29215220 0 0 0 35219902 0 0 0 0 
0 0 0 0 0 0 0 0 0 0 0 0 0 0 0 0 0 0 0 0 0 0 0 3 0 85596 85584 0 0 200 0 0 0 65513772 19090326 0 0 0 0 0 35224531 0 0 0 
0 0 0 0 0 0 0 0 0 0 0 0 0 0 0 0 0 0 0 0 0 0 0 3 85630 0 0 2 0 0 199 0 0 19109610 36312306 29235911 0 0 0 35242821 0 0 0 0 
0 0 0 0 0 0 0 0 0 0 0 0 0 0 0 0 0 0 0 0 0 0 0 3 0 85631 85608 0 0 200 0 0 0 65565253 19103349 0 0 0 0 0 35247449 0 0 0 
0 0 0 0 0 0 0 0 0 0 0 0 0 0 0 0 0 0 0 0 0 0 0 3 85810 0 0 2 0 0 199 0 0 19126927 36340747 29266461 0 0 0 35277118 0 0 0 0 
0 0 0 0 0 0 0 0 0 0 0 0 0 0 0 0 0 0 0 0 0 0 0 3 0 85800 85788 0 0 200 0 0 0 65624288 19120649 0 0 0 0 0 35281753 0 0 0 
0 0 0 0 0 0 0 0 0 0 0 0 0 0 0 0 0 0 0 0 0 0 0 3 85978 0 0 2 0 0 199 0 0 19143324 36370767 29296808 0 0 0 35308767 0 0 0 0 
0 0 0 0 0 0 0 0 0 0 0 0 0 0 0 0 0 0 0 0 0 0 0 3 0 85968 85956 0 0 200 0 0 0 65684733 19137043 0 0 0 0 0 35313409 0 0 0 
0 0 0 0 0 0 0 0 0 0 0 0 0 0 0 0 0 0 0 0 0 0 0 3 86146 0 0 2 0 0 199 0 0 19166660 36407365 29330519 0 0 0 35345176 0 0 0 0 
0 0 0 0 0 0 0 0 0 0 0 0 0 0 0 0 0 0 0 0 0 0 0 3 0 86136 86124 0 0 200 0 0 0 65755111 19160366 0 0 0 0 0 35349825 0 0 0 
0 0 0 0 0 0 0 0 0 0 0 0 0 0 0 0 0 0 0 0 0 0 0 3 86242 0 0 2 0 0 199 0 0 19187353 36439746 29363862 0 0 0 35378503 0 0 0 0 
0 0 0 0 0 0 0 0 0 0 0 0 0 0 0 0 0 0 0 0 0 0 0 3 0 86243 86219 0 0 200 0 0 0 65820889 19181044 0 0 0 0 0 35383166 0 0 0 
0 0 0 0 0 0 0 0 0 0 0 0 0 0 0 0 0 0 0 0 0 0 0 3 86350 0 0 2 0 0 199 0 0 19200555 36470610 29384142 0 0 0 35403043 0 0 0 0 
0 0 0 0 0 0 0 0 0 0 0 0 0 0 0 0 0 0 0 0 0 0 0 3 0 86340 86327 0 0 200 0 0 0 65872040 19194237 0 0 0 0 0 35407708 0 0 0 
0 0 0 0 0 0 0 0 0 0 0 0 0 0 0 0 0 0 0 0 0 0 0 3 86530 0 0 2 0 0 199 0 0 19219584 36498574 29413246 0 0 0 35434351 0 0 0 0 
0 0 0 0 0 0 0 0 0 0 0 0 0 0 0 0 0 0 0 0 0 0 0 3 0 86520 86506 0 0 200 0 0 0 65929190 19213248 0 0 0 0 0 35439023 0 0 0 
0 0 0 0 0 0 0 0 0 0 0 0 0 0 0 0 0 0 0 0 0 0 0 3 86698 0 0 2 0 0 199 0 0 19236830 36531146 29446422 0 0 0 35468401 0 0 0 0 
0 0 0 0 0 0 0 0 0 0 0 0 0 0 0 0 0 0 0 0 0 0 0 3 0 86688 86674 0 0 200 0 0 0 65995011 19230489 0 0 0 0 0 35473085 0 0 0 
0 0 0 0 0 0 0 0 0 0 0 0 0 0 0 0 0 0 0 0 0 0 0 3 86866 0 0 2 0 0 199 0 0 19260191 36567527 29479939 0 0 0 35504586 0 0 0 0 
0 0 0 0 0 0 0 0 0 0 0 0 0 0 0 0 0 0 0 0 0 0 0 3 0 86856 86842 0 0 200 0 0 0 66064993 19253845 0 0 0 0 0 35509285 0 0 0 
0 0 0 0 0 0 0 0 0 0 0 0 0 0 0 0 0 0 0 0 0 0 0 3 86926 0 0 2 0 0 199 0 0 19279423 36600863 29512311 0 0 0 35539200 0 0 0 0 
0 0 0 0 0 0 0 0 0 0 0 0 0 0 0 0 0 0 0 0 0 0 0 3 0 86925 86902 0 0 200 0 0 0 66130724 19273068 0 0 0 0 0 35543906 0 0 0 
0 0 0 0 0 0 0 0 0 0 0 0 0 0 0 0 0 0 0 0 0 0 0 3 87070 0 0 2 0 0 199 0 0 19290333 36624813 29529701 0 0 0 35560033 0 0 0 0 
0 0 0 0 0 0 0 0 0 0 0 0 0 0 0 0 0 0 0 0 0 0 0 3 0 87060 87046 0 0 200 0 0 0 66172073 19283974 0 0 0 0 0 35564740 0 0 0 
0 0 0 0 0 0 0 0 0 0 0 0 0 0 0 0 0 0 0 0 0 0 0 3 87238 0 0 2 0 0 199 0 0 19306972 36656722 29562272 0 0 0 35593401 0 0 0 0 
0 0 0 0 0 0 0 0 0 0 0 0 0 0 0 0 0 0 0 0 0 0 0 3 0 87228 87214 0 0 200 0 0 0 66236596 19300603 0 0 0 0 0 35598116 0 0 0 
0 0 0 0 0 0 0 0 0 0 0 0 0 0 0 0 0 0 0 0 0 0 0 3 87406 0 0 2 0 0 199 0 0 19330336 36693220 29595347 0 0 0 35629708 0 0 0 0 
0 0 0 0 0 0 0 0 0 0 0 0 0 0 0 0 0 0 0 0 0 0 0 3 0 87396 87382 0 0 200 0 0 0 66306253 19323952 0 0 0 0 0 35634433 0 0 0 
0 0 0 0 0 0 0 0 0 0 0 0 0 0 0 0 0 0 0 0 0 0 0 3 87490 0 0 2 0 0 199 0 0 19350262 36726505 29627080 0 0 0 35664405 0 0 0 0 
0 0 0 0 0 0 0 0 0 0 0 0 0 0 0 0 0 0 0 0 0 0 0 3 0 87492 87466 0 0 200 0 0 0 66371313 19343870 0 0 0 0 0 35669134 0 0 0 
0 0 0 0 0 0 0 0 0 0 0 0 0 0 0 0 0 0 0 0 0 0 0 3 87610 0 0 2 0 0 199 0 0 19366033 36758936 29649754 0 0 0 35688061 0 0 0 0 
0 0 0 0 0 0 0 0 0 0 0 0 0 0 0 0 0 0 0 0 0 0 0 3 0 87601 87586 0 0 200 0 0 0 66426422 19359635 0 0 0 0 0 35692792 0 0 0 
0 0 0 0 0 0 0 0 0 0 0 0 0 0 0 0 0 0 0 0 0 0 0 3 87790 0 0 2 0 0 199 0 0 19383460 36785999 29678630 0 0 0 35720545 0 0 0 0 
0 0 0 0 0 0 0 0 0 0 0 0 0 0 0 0 0 0 0 0 0 0 0 3 0 87780 87766 0 0 200 0 0 0 66482404 19377043 0 0 0 0 0 35725282 0 0 0 
0 0 0 0 0 0 0 0 0 0 0 0 0 0 0 0 0 0 0 0 0 0 0 3 87958 0 0 2 0 0 199 0 0 19400434 36818458 29710833 0 0 0 35754364 0 0 0 0 
0 0 0 0 0 0 0 0 0 0 0 0 0 0 0 0 0 0 0 0 0 0 0 3 0 87948 87934 0 0 200 0 0 0 66547122 19394011 0 0 0 0 0 35759118 0 0 0 
0 0 0 0 0 0 0 0 0 0 0 0 0 0 0 0 0 0 0 0 0 0 0 3 88126 0 0 2 0 0 199 0 0 19423821 36855678 29744737 0 0 0 35791386 0 0 0 0 
0 0 0 0 0 0 0 0 0 0 0 0 0 0 0 0 0 0 0 0 0 0 0 3 0 88116 88102 0 0 200 0 0 0 66618273 19417385 0 0 0 0 0 35796149 0 0 0 
0 0 0 0 0 0 0 0 0 0 0 0 0 0 0 0 0 0 0 0 0 0 0 3 88258 0 0 2 0 0 199 0 0 19444549 36887887 29776933 0 0 0 35824036 0 0 0 0 
0 0 0 0 0 0 0 0 0 0 0 0 0 0 0 0 0 0 0 0 0 0 0 3 0 88248 88234 0 0 200 0 0 0 66682756 19438095 0 0 0 0 0 35828811 0 0 0 
0 0 0 0 0 0 0 0 0 0 0 0 0 0 0 0 0 0 0 0 0 0 0 3 88330 0 0 2 0 0 199 0 0 19460056 36919114 29799877 0 0 0 35847040 0 0 0 0 
0 0 0 0 0 0 0 0 0 0 0 0 0 0 0 0 0 0 0 0 0 0 0 3 0 88331 88306 0 0 200 0 0 0 66736938 19453593 0 0 0 0 0 35851817 0 0 0 
0 0 0 0 0 0 0 0 0 0 0 0 0 0 0 0 0 0 0 0 0 0 0 3 88510 0 0 2 0 0 199 0 0 19477108 36947003 29828365 0 0 0 35880715 0 0 0 0 
0 0 0 0 0 0 0 0 0 0 0 0 0 0 0 0 0 0 0 0 0 0 0 3 0 88500 88486 0 0 200 0 0 0 66793384 19470639 0 0 0 0 0 35885499 0 0 0 
0 0 0 0 0 0 0 0 0 0 0 0 0 0 0 0 0 0 0 0 0 0 0 3 88678 0 0 2 0 0 199 0 0 19493983 36978681 29860561 0 0 0 35913826 0 0 0 0 
0 0 0 0 0 0 0 0 0 0 0 0 0 0 0 0 0 0 0 0 0 0 0 3 0 88668 88654 0 0 200 0 0 0 66857289 19487510 0 0 0 0 0 35918616 0 0 0 
0 0 0 0 0 0 0 0 0 0 0 0 0 0 0 0 0 0 0 0 0 0 0 3 88846 0 0 2 0 0 199 0 0 19517306 37015196 29895343 0 0 0 35950139 0 0 0 0 
0 0 0 0 0 0 0 0 0 0 0 0 0 0 0 0 0 0 0 0 0 0 0 3 0 88836 88822 0 0 200 0 0 0 66928668 19510814 0 0 0 0 0 35954946 0 0 0 
0 0 0 0 0 0 0 0 0 0 0 0 0 0 0 0 0 0 0 0 0 0 0 3 88918 0 0 2 0 0 199 0 0 19537118 37049995 29929114 0 0 0 35986423 0 0 0 0 
0 0 0 0 0 0 0 0 0 0 0 0 0 0 0 0 0 0 0 0 0 0 0 3 0 88918 88894 0 0 200 0 0 0 66997279 19530611 0 0 0 0 0 35991239 0 0 0 
0 0 0 0 0 0 0 0 0 0 0 0 0 0 0 0 0 0 0 0 0 0 0 3 89049 0 0 2 0 0 199 0 0 19548758 37077021 29949427 0 0 0 36009034 0 0 0 0 
0 0 0 0 0 0 0 0 0 0 0 0 0 0 0 0 0 0 0 0 0 0 0 3 0 89040 89026 0 0 200 0 0 0 67044627 19542243 0 0 0 0 0 36013850 0 0 0 
0 0 0 0 0 0 0 0 0 0 0 0 0 0 0 0 0 0 0 0 0 0 0 3 89229 0 0 2 0 0 199 0 0 19567646 37107228 29978654 0 0 0 36039360 0 0 0 0 
0 0 0 0 0 0 0 0 0 0 0 0 0 0 0 0 0 0 0 0 0 0 0 3 0 89220 89206 0 0 200 0 0 0 67104102 19561123 0 0 0 0 0 36044187 0 0 0 
0 0 0 0 0 0 0 0 0 0 0 0 0 0 0 0 0 0 0 0 0 0 0 3 89397 0 0 2 0 0 199 0 0 19587400 37141240 30012433 0 0 0 36075604 0 0 0 0 
0 0 0 0 0 0 0 0 0 0 0 0 0 0 0 0 0 0 0 0 0 0 0 3 0 89388 89374 0 0 200 0 0 0 67171927 19580868 0 0 0 0 0 36080433 0 0 0 
0 0 0 0 0 0 0 0 0 0 0 0 0 0 0 0 0 0 0 0 0 0 0 3 89564 0 0 2 0 0 199 0 0 19610755 37177668 30047533 0 0 0 36111829 0 0 0 0 
0 0 0 0 0 0 0 0 0 0 0 0 0 0 0 0 0 0 0 0 0 0 0 3 0 89556 89542 0 0 200 0 0 0 67243496 19604211 0 0 0 0 0 36116666 0 0 0 
0 0 0 0 0 0 0 0 0 0 0 0 0 0 0 0 0 0 0 0 0 0 0 3 89600 0 0 2 0 0 199 0 0 19625218 37209061 30069461 0 0 0 36135613 0 0 0 0 
0 0 0 0 0 0 0 0 0 0 0 0 0 0 0 0 0 0 0 0 0 0 0 3 0 89592 89578 0 0 200 0 0 0 67296853 19618664 0 0 0 0 0 36140454 0 0 0 
0 0 0 0 0 0 0 0 0 0 0 0 0 0 0 0 0 0 0 0 0 0 0 3 89768 0 0 2 0 0 199 0 0 19641347 37238380 30099712 0 0 0 36170389 0 0 0 0 
0 0 0 0 0 0 0 0 0 0 0 0 0 0 0 0 0 0 0 0 0 0 0 3 0 89760 89746 0 0 200 0 0 0 67356474 19634784 0 0 0 0 0 36175233 0 0 0 
0 0 0 0 0 0 0 0 0 0 0 0 0 0 0 0 0 0 0 0 0 0 0 3 89936 0 0 2 0 0 199 0 0 19657496 37266258 30129804 0 0 0 36200069 0 0 0 0 
0 0 0 0 0 0 0 0 0 0 0 0 0 0 0 0 0 0 0 0 0 0 0 3 0 89940 89914 0 0 200 0 0 0 67414462 19650927 0 0 0 0 0 36204917 0 0 0 
0 0 0 0 0 0 0 0 0 0 0 0 0 0 0 0 0 0 0 0 0 0 0 3 90116 0 0 2 0 0 199 0 0 19680830 37302376 30164513 0 0 0 36235979 0 0 0 0 
0 0 0 0 0 0 0 0 0 0 0 0 0 0 0 0 0 0 0 0 0 0 0 3 0 90108 90094 0 0 200 0 0 0 67485334 19674246 0 0 0 0 0 36240850 0 0 0 
0 0 0 0 0 0 0 0 0 0 0 0 0 0 0 0 0 0 0 0 0 0 0 3 90284 0 0 2 0 0 199 0 0 19704159 37339615 30198653 0 0 0 36273037 0 0 0 0 
0 0 0 0 0 0 0 0 0 0 0 0 0 0 0 0 0 0 0 0 0 0 0 3 0 90276 90262 0 0 200 0 0 0 67556778 19697564 0 0 0 0 0 36277920 0 0 0 
0 0 0 0 0 0 0 0 0 0 0 0 0 0 0 0 0 0 0 0 0 0 0 3 90320 0 0 2 0 0 199 0 0 19721661 37371740 30223211 0 0 0 36298511 0 0 0 0 
0 0 0 0 0 0 0 0 0 0 0 0 0 0 0 0 0 0 0 0 0 0 0 3 0 90312 90298 0 0 200 0 0 0 67613472 19715056 0 0 0 0 0 36303397 0 0 0 
0 0 0 0 0 0 0 0 0 0 0 0 0 0 0 0 0 0 0 0 0 0 0 3 90488 0 0 2 0 0 199 0 0 19734908 37398297 30251261 0 0 0 36329696 0 0 0 0 
0 0 0 0 0 0 0 0 0 0 0 0 0 0 0 0 0 0 0 0 0 0 0 3 0 90480 90466 0 0 200 0 0 0 67668075 19728299 0 0 0 0 0 36334589 0 0 0 
0 0 0 0 0 0 0 0 0 0 0 0 0 0 0 0 0 0 0 0 0 0 0 3 90656 0 0 2 0 0 199 0 0 19751047 37428275 30280576 0 0 0 36361304 0 0 0 0 
0 0 0 0 0 0 0 0 0 0 0 0 0 0 0 0 0 0 0 0 0 0 0 3 0 90648 90634 0 0 200 0 0 0 67727436 19744434 0 0 0 0 0 36366208 0 0 0 
0 0 0 0 0 0 0 0 0 0 0 0 0 0 0 0 0 0 0 0 0 0 0 3 90836 0 0 2 0 0 199 0 0 19774378 37464065 30314305 0 0 0 36396912 0 0 0 0 
0 0 0 0 0 0 0 0 0 0 0 0 0 0 0 0 0 0 0 0 0 0 0 3 0 90828 90814 0 0 200 0 0 0 67796996 19767759 0 0 0 0 0 36401825 0 0 0 
0 0 0 0 0 0 0 0 0 0 0 0 0 0 0 0 0 0 0 0 0 0 0 3 91004 0 0 2 0 0 199 0 0 19797824 37501292 30349179 0 0 0 36433942 0 0 0 0 
0 0 0 0 0 0 0 0 0 0 0 0 0 0 0 0 0 0 0 0 0 0 0 3 0 90996 90981 0 0 200 0 0 0 67869124 19791178 0 0 0 0 0 36438867 0 0 0 
0 0 0 0 0 0 0 0 0 0 0 0 0 0 0 0 0 0 0 0 0 0 0 3 91040 0 0 2 0 0 199 0 0 19811950 37532942 30370598 0 0 0 36458000 0 0 0 0 
0 0 0 0 0 0 0 0 0 0 0 0 0 0 0 0 0 0 0 0 0 0 0 3 0 91032 91017 0 0 200 0 0 0 67922210 19805296 0 0 0 0 0 36462927 0 0 0 
0 0 0 0 0 0 0 0 0 0 0 0 0 0 0 0 0 0 0 0 0 0 0 3 91208 0 0 2 0 0 199 0 0 19828143 37560779 30402120 0 0 0 36491469 0 0 0 0 
0 0 0 0 0 0 0 0 0 0 0 0 0 0 0 0 0 0 0 0 0 0 0 3 0 91200 91184 0 0 200 0 0 0 67981624 19821478 0 0 0 0 0 36496407 0 0 0 
0 0 0 0 0 0 0 0 0 0 0 0 0 0 0 0 0 0 0 0 0 0 0 3 91376 0 0 2 0 0 199 0 0 19844661 37592612 30433304 0 0 0 36524887 0 0 0 0 
0 0 0 0 0 0 0 0 0 0 0 0 0 0 0 0 0 0 0 0 0 0 0 3 0 91368 91352 0 0 200 0 0 0 68044668 19837990 0 0 0 0 0 36529839 0 0 0 
0 0 0 0 0 0 0 0 0 0 0 0 0 0 0 0 0 0 0 0 0 0 0 3 91544 0 0 2 0 0 199 0 0 19867985 37628426 30466223 0 0 0 36560516 0 0 0 0 
0 0 0 0 0 0 0 0 0 0 0 0 0 0 0 0 0 0 0 0 0 0 0 3 0 91541 91520 0 0 200 0 0 0 68113463 19861300 0 0 0 0 0 36565481 0 0 0 
0 0 0 0 0 0 0 0 0 0 0 0 0 0 0 0 0 0 0 0 0 0 0 3 91640 0 0 2 0 0 199 0 0 19888200 37663497 30498141 0 0 0 36596751 0 0 0 0 
0 0 0 0 0 0 0 0 0 0 0 0 0 0 0 0 0 0 0 0 0 0 0 3 0 91642 91616 0 0 200 0 0 0 68180496 19881510 0 0 0 0 0 36601726 0 0 0 
0 0 0 0 0 0 0 0 0 0 0 0 0 0 0 0 0 0 0 0 0 0 0 3 91748 0 0 2 0 0 199 0 0 19903869 37696219 30519169 0 0 0 36620794 0 0 0 0 
0 0 0 0 0 0 0 0 0 0 0 0 0 0 0 0 0 0 0 0 0 0 0 3 0 91747 91724 0 0 200 0 0 0 68234249 19897173 0 0 0 0 0 36625769 0 0 0 
0 0 0 0 0 0 0 0 0 0 0 0 0 0 0 0 0 0 0 0 0 0 0 3 91928 0 0 2 0 0 199 0 0 19920758 37723857 30547036 0 0 0 36653841 0 0 0 0 
0 0 0 0 0 0 0 0 0 0 0 0 0 0 0 0 0 0 0 0 0 0 0 3 0 91920 91904 0 0 200 0 0 0 68289794 19914056 0 0 0 0 0 36658831 0 0 0 
0 0 0 0 0 0 0 0 0 0 0 0 0 0 0 0 0 0 0 0 0 0 0 3 92096 0 0 2 0 0 199 0 0 19938073 37756276 30579488 0 0 0 36687767 0 0 0 0 
0 0 0 0 0 0 0 0 0 0 0 0 0 0 0 0 0 0 0 0 0 0 0 3 0 92088 92072 0 0 200 0 0 0 68354733 19931371 0 0 0 0 0 36692775 0 0 0 
0 0 0 0 0 0 0 0 0 0 0 0 0 0 0 0 0 0 0 0 0 0 0 3 92264 0 0 2 0 0 199 0 0 19961441 37792835 30612372 0 0 0 36724138 0 0 0 0 
0 0 0 0 0 0 0 0 0 0 0 0 0 0 0 0 0 0 0 0 0 0 0 3 0 92256 92240 0 0 200 0 0 0 68424208 19954727 0 0 0 0 0 36729154 0 0 0 
0 0 0 0 0 0 0 0 0 0 0 0 0 0 0 0 0 0 0 0 0 0 0 3 92300 0 0 2 0 0 199 0 0 19980116 37826323 30636730 0 0 0 36750810 0 0 0 0 
0 0 0 0 0 0 0 0 0 0 0 0 0 0 0 0 0 0 0 0 0 0 0 3 0 92302 92276 0 0 200 0 0 0 68482095 19973380 0 0 0 0 0 36755825 0 0 0 
0 0 0 0 0 0 0 0 0 0 0 0 0 0 0 0 0 0 0 0 0 0 0 3 92468 0 0 2 0 0 199 0 0 19992116 37850657 30663880 0 0 0 36779894 0 0 0 0 
0 0 0 0 0 0 0 0 0 0 0 0 0 0 0 0 0 0 0 0 0 0 0 3 0 92460 92444 0 0 200 0 0 0 68533610 19985371 0 0 0 0 0 36784912 0 0 0 
0 0 0 0 0 0 0 0 0 0 0 0 0 0 0 0 0 0 0 0 0 0 0 3 92636 0 0 2 0 0 199 0 0 20008219 37879216 30694991 0 0 0 36810162 0 0 0 0 
0 0 0 0 0 0 0 0 0 0 0 0 0 0 0 0 0 0 0 0 0 0 0 3 0 92639 92611 0 0 200 0 0 0 68593338 20001462 0 0 0 0 0 36815189 0 0 0 
0 0 0 0 0 0 0 0 0 0 0 0 0 0 0 0 0 0 0 0 0 0 0 3 92804 0 0 2 0 0 199 0 0 20031523 37916407 30729149 0 0 0 36847147 0 0 0 0 
0 0 0 0 0 0 0 0 0 0 0 0 0 0 0 0 0 0 0 0 0 0 0 3 0 92807 92779 0 0 200 0 0 0 68664711 20024755 0 0 0 0 0 36852192 0 0 0 
0 0 0 0 0 0 0 0 0 0 0 0 0 0 0 0 0 0 0 0 0 0 0 3 92984 0 0 2 0 0 199 0 0 20054866 37953595 30764217 0 0 0 36884137 0 0 0 0 
0 0 0 0 0 0 0 0 0 0 0 0 0 0 0 0 0 0 0 0 0 0 0 3 0 92976 92958 0 0 200 0 0 0 68737028 20048074 0 0 0 0 0 36889192 0 0 0 
0 0 0 0 0 0 0 0 0 0 0 0 0 0 0 0 0 0 0 0 0 0 0 3 93008 0 0 2 0 0 199 0 0 20067684 37983354 30785062 0 0 0 36906327 0 0 0 0 
0 0 0 0 0 0 0 0 0 0 0 0 0 0 0 0 0 0 0 0 0 0 0 3 0 93011 92982 0 0 200 0 0 0 68787631 20060877 0 0 0 0 0 36911383 0 0 0 
0 0 0 0 0 0 0 0 0 0 0 0 0 0 0 0 0 0 0 0 0 0 0 3 93188 0 0 2 0 0 199 0 0 20084388 38011513 30813636 0 0 0 36940208 0 0 0 0 
0 0 0 0 0 0 0 0 0 0 0 0 0 0 0 0 0 0 0 0 0 0 0 3 0 93180 93162 0 0 200 0 0 0 68844394 20077567 0 0 0 0 0 36945267 0 0 0 
0 0 0 0 0 0 0 0 0 0 0 0 0 0 0 0 0 0 0 0 0 0 0 3 93356 0 0 2 0 0 199 0 0 20101552 38041984 30845156 0 0 0 36972136 0 0 0 0 
0 0 0 0 0 0 0 0 0 0 0 0 0 0 0 0 0 0 0 0 0 0 0 3 0 93348 93330 0 0 200 0 0 0 68906383 20094722 0 0 0 0 0 36977201 0 0 0 
0 0 0 0 0 0 0 0 0 0 0 0 0 0 0 0 0 0 0 0 0 0 0 3 93524 0 0 2 0 0 199 0 0 20124924 38078015 30878747 0 0 0 37007989 0 0 0 0 
0 0 0 0 0 0 0 0 0 0 0 0 0 0 0 0 0 0 0 0 0 0 0 3 0 93525 93498 0 0 200 0 0 0 68976052 20118079 0 0 0 0 0 37013061 0 0 0 
0 0 0 0 0 0 0 0 0 0 0 0 0 0 0 0 0 0 0 0 0 0 0 3 93704 0 0 2 0 0 199 0 0 20148285 38114086 30912712 0 0 0 37043854 0 0 0 0 
0 0 0 0 0 0 0 0 0 0 0 0 0 0 0 0 0 0 0 0 0 0 0 3 0 93696 93678 0 0 200 0 0 0 69046134 20141427 0 0 0 0 0 37048933 0 0 0 
0 0 0 0 0 0 0 0 0 0 0 0 0 0 0 0 0 0 0 0 0 0 0 3 93740 0 0 2 0 0 199 0 0 20162304 38146112 30934159 0 0 0 37068245 0 0 0 0 
0 0 0 0 0 0 0 0 0 0 0 0 0 0 0 0 0 0 0 0 0 0 0 3 0 93732 93714 0 0 200 0 0 0 69099620 20155438 0 0 0 0 0 37073323 0 0 0 
0 0 0 0 0 0 0 0 0 0 0 0 0 0 0 0 0 0 0 0 0 0 0 3 93908 0 0 2 0 0 199 0 0 20178780 38174390 30964641 0 0 0 37102091 0 0 0 0 
0 0 0 0 0 0 0 0 0 0 0 0 0 0 0 0 0 0 0 0 0 0 0 3 0 93900 93882 0 0 200 0 0 0 69158431 20171902 0 0 0 0 0 37107185 0 0 0 
0 0 0 0 0 0 0 0 0 0 0 0 0 0 0 0 0 0 0 0 0 0 0 3 94076 0 0 2 0 0 199 0 0 20195044 38204445 30994929 0 0 0 37133821 0 0 0 0 
0 0 0 0 0 0 0 0 0 0 0 0 0 0 0 0 0 0 0 0 0 0 0 3 0 94068 94049 0 0 200 0 0 0 69218826 20188153 0 0 0 0 0 37138925 0 0 0 
0 0 0 0 0 0 0 0 0 0 0 0 0 0 0 0 0 0 0 0 0 0 0 3 94244 0 0 2 0 0 199 0 0 20218432 38240649 31028934 0 0 0 37169847 0 0 0 0 
0 0 0 0 0 0 0 0 0 0 0 0 0 0 0 0 0 0 0 0 0 0 0 3 0 94243 94217 0 0 200 0 0 0 69289119 20211521 0 0 0 0 0 37174959 0 0 0 
0 0 0 0 0 0 0 0 0 0 0 0 0 0 0 0 0 0 0 0 0 0 0 3 94411 0 0 2 0 0 199 0 0 20241301 38276409 31062339 0 0 0 37205518 0 0 0 0 
0 0 0 0 0 0 0 0 0 0 0 0 0 0 0 0 0 0 0 0 0 0 0 3 0 94410 94384 0 0 200 0 0 0 69358327 20234367 0 0 0 0 0 37210637 0 0 0 
0 0 0 0 0 0 0 0 0 0 0 0 0 0 0 0 0 0 0 0 0 0 0 3 94448 0 0 2 0 0 199 0 0 20254762 38307778 31082616 0 0 0 37229037 0 0 0 0 
0 0 0 0 0 0 0 0 0 0 0 0 0 0 0 0 0 0 0 0 0 0 0 3 0 94449 94421 0 0 200 0 0 0 69409977 20247822 0 0 0 0 0 37234158 0 0 0 
0 0 0 0 0 0 0 0 0 0 0 0 0 0 0 0 0 0 0 0 0 0 0 3 94628 0 0 2 0 0 199 0 0 20272484 38335621 31113897 0 0 0 37262486 0 0 0 0 
0 0 0 0 0 0 0 0 0 0 0 0 0 0 0 0 0 0 0 0 0 0 0 3 0 94620 94601 0 0 200 0 0 0 69469167 20265531 0 0 0 0 0 37267623 0 0 0 
0 0 0 0 0 0 0 0 0 0 0 0 0 0 0 0 0 0 0 0 0 0 0 3 94796 0 0 2 0 0 199 0 0 20288587 38366704 31143574 0 0 0 37295333 0 0 0 0 
0 0 0 0 0 0 0 0 0 0 0 0 0 0 0 0 0 0 0 0 0 0 0 3 0 94788 94769 0 0 200 0 0 0 69529968 20281625 0 0 0 0 0 37300473 0 0 0 
0 0 0 0 0 0 0 0 0 0 0 0 0 0 0 0 0 0 0 0 0 0 0 3 94964 0 0 2 0 0 199 0 0 20311934 38404660 31176933 0 0 0 37333105 0 0 0 0 
0 0 0 0 0 0 0 0 0 0 0 0 0 0 0 0 0 0 0 0 0 0 0 3 0 94963 94937 0 0 200 0 0 0 69601338 20304959 0 0 0 0 0 37338255 0 0 0 
0 0 0 0 0 0 0 0 0 0 0 0 0 0 0 0 0 0 0 0 0 0 0 3 95072 0 0 2 0 0 199 0 0 20332536 38439989 31209510 0 0 0 37369066 0 0 0 0 
0 0 0 0 0 0 0 0 0 0 0 0 0 0 0 0 0 0 0 0 0 0 0 3 0 95076 95045 0 0 200 0 0 0 69669321 20325535 0 0 0 0 0 37374221 0 0 0 
0 0 0 0 0 0 0 0 0 0 0 0 0 0 0 0 0 0 0 0 0 0 0 3 95168 0 0 2 0 0 199 0 0 20344791 38469161 31227747 0 0 0 37393157 0 0 0 0 
0 0 0 0 0 0 0 0 0 0 0 0 0 0 0 0 0 0 0 0 0 0 0 3 0 95160 95141 0 0 200 0 0 0 69716736 20337788 0 0 0 0 0 37398313 0 0 0 
0 0 0 0 0 0 0 0 0 0 0 0 0 0 0 0 0 0 0 0 0 0 0 3 95348 0 0 2 0 0 199 0 0 20364648 38498967 31257275 0 0 0 37425396 0 0 0 0 
0 0 0 0 0 0 0 0 0 0 0 0 0 0 0 0 0 0 0 0 0 0 0 3 0 95340 95321 0 0 200 0 0 0 69776102 20357638 0 0 0 0 0 37430568 0 0 0 
0 0 0 0 0 0 0 0 0 0 0 0 0 0 0 0 0 0 0 0 0 0 0 3 95516 0 0 2 0 0 199 0 0 20381980 38532234 31289571 0 0 0 37460098 0 0 0 0 
0 0 0 0 0 0 0 0 0 0 0 0 0 0 0 0 0 0 0 0 0 0 0 3 0 95508 95489 0 0 200 0 0 0 69841723 20374959 0 0 0 0 0 37465282 0 0 0 
0 0 0 0 0 0 0 0 0 0 0 0 0 0 0 0 0 0 0 0 0 0 0 3 95684 0 0 2 0 0 199 0 0 20405381 38570303 31324197 0 0 0 37497978 0 0 0 0 
0 0 0 0 0 0 0 0 0 0 0 0 0 0 0 0 0 0 0 0 0 0 0 3 0 95676 95657 0 0 200 0 0 0 69914472 20398350 0 0 0 0 0 37503171 0 0 0 
0 0 0 0 0 0 0 0 0 0 0 0 0 0 0 0 0 0 0 0 0 0 0 3 95744 0 0 2 0 0 199 0 0 20424604 38605126 31353665 0 0 0 37530471 0 0 0 0 
0 0 0 0 0 0 0 0 0 0 0 0 0 0 0 0 0 0 0 0 0 0 0 3 0 95736 95717 0 0 200 0 0 0 69978820 20417569 0 0 0 0 0 37535675 0 0 0 
0 0 0 0 0 0 0 0 0 0 0 0 0 0 0 0 0 0 0 0 0 0 0 3 95888 0 0 2 0 0 199 0 0 20435671 38628937 31376497 0 0 0 37554676 0 0 0 0 
0 0 0 0 0 0 0 0 0 0 0 0 0 0 0 0 0 0 0 0 0 0 0 3 0 95880 95861 0 0 200 0 0 0 70025484 20428627 0 0 0 0 0 37559880 0 0 0 
0 0 0 0 0 0 0 0 0 0 0 0 0 0 0 0 0 0 0 0 0 0 0 3 96056 0 0 2 0 0 199 0 0 20452200 38660857 31407873 0 0 0 37588156 0 0 0 0 
0 0 0 0 0 0 0 0 0 0 0 0 0 0 0 0 0 0 0 0 0 0 0 3 0 96048 96028 0 0 200 0 0 0 70088812 20445149 0 0 0 0 0 37593370 0 0 0 
0 0 0 0 0 0 0 0 0 0 0 0 0 0 0 0 0 0 0 0 0 0 0 3 96224 0 0 2 0 0 199 0 0 20475554 38696242 31441550 0 0 0 37623336 0 0 0 0 
0 0 0 0 0 0 0 0 0 0 0 0 0 0 0 0 0 0 0 0 0 0 0 3 0 96216 96196 0 0 200 0 0 0 70157925 20468489 0 0 0 0 0 37628565 0 0 0 
0 0 0 0 0 0 0 0 0 0 0 0 0 0 0 0 0 0 0 0 0 0 0 3 96356 0 0 2 0 0 199 0 0 20497064 38730344 31474143 0 0 0 37657711 0 0 0 0 
0 0 0 0 0 0 0 0 0 0 0 0 0 0 0 0 0 0 0 0 0 0 0 3 0 96358 96328 0 0 200 0 0 0 70224675 20489986 0 0 0 0 0 37662945 0 0 0 
0 0 0 0 0 0 0 0 0 0 0 0 0 0 0 0 0 0 0 0 0 0 0 3 96428 0 0 2 0 0 199 0 0 20511538 38761789 31495995 0 0 0 37681330 0 0 0 0 
0 0 0 0 0 0 0 0 0 0 0 0 0 0 0 0 0 0 0 0 0 0 0 3 0 96429 96400 0 0 200 0 0 0 70277975 20504447 0 0 0 0 0 37686566 0 0 0 
0 0 0 0 0 0 0 0 0 0 0 0 0 0 0 0 0 0 0 0 0 0 0 3 96608 0 0 2 0 0 199 0 0 20528661 38788726 31524493 0 0 0 37713873 0 0 0 0 
0 0 0 0 0 0 0 0 0 0 0 0 0 0 0 0 0 0 0 0 0 0 0 3 0 96600 96580 0 0 200 0 0 0 70333460 20521554 0 0 0 0 0 37719114 0 0 0 
0 0 0 0 0 0 0 0 0 0 0 0 0 0 0 0 0 0 0 0 0 0 0 3 96776 0 0 2 0 0 199 0 0 20545674 38821342 31555569 0 0 0 37747888 0 0 0 0 
0 0 0 0 0 0 0 0 0 0 0 0 0 0 0 0 0 0 0 0 0 0 0 3 0 96768 96747 0 0 200 0 0 0 70397214 20538557 0 0 0 0 0 37753142 0 0 0 
0 0 0 0 0 0 0 0 0 0 0 0 0 0 0 0 0 0 0 0 0 0 0 3 96944 0 0 2 0 0 199 0 0 20569032 38857762 31588945 0 0 0 37784111 0 0 0 0 
0 0 0 0 0 0 0 0 0 0 0 0 0 0 0 0 0 0 0 0 0 0 0 3 0 96936 96915 0 0 200 0 0 0 70467040 20561905 0 0 0 0 0 37789376 0 0 0 
0 0 0 0 0 0 0 0 0 0 0 0 0 0 0 0 0 0 0 0 0 0 0 3 96980 0 0 2 0 0 199 0 0 20587827 38890332 31614148 0 0 0 37809828 0 0 0 0 
0 0 0 0 0 0 0 0 0 0 0 0 0 0 0 0 0 0 0 0 0 0 0 3 0 96983 96951 0 0 200 0 0 0 70524837 20580691 0 0 0 0 0 37815091 0 0 0 
0 0 0 0 0 0 0 0 0 0 0 0 0 0 0 0 0 0 0 0 0 0 0 3 97148 0 0 2 0 0 199 0 0 20599386 38914795 31638119 0 0 0 37839159 0 0 0 0 
0 0 0 0 0 0 0 0 0 0 0 0 0 0 0 0 0 0 0 0 0 0 0 3 0 97140 97119 0 0 200 0 0 0 70573289 20592250 0 0 0 0 0 37844432 0 0 0 
0 0 0 0 0 0 0 0 0 0 0 0 0 0 0 0 0 0 0 0 0 0 0 3 97316 0 0 2 0 0 199 0 0 20615823 38947661 31669151 0 0 0 37873619 0 0 0 0 
0 0 0 0 0 0 0 0 0 0 0 0 0 0 0 0 0 0 0 0 0 0 0 3 0 97308 97287 0 0 200 0 0 0 70637218 20608693 0 0 0 0 0 37878898 0 0 0 
0 0 0 0 0 0 0 0 0 0 0 0 0 0 0 0 0 0 0 0 0 0 0 3 97484 0 0 2 0 0 199 0 0 20639164 38982867 31702798 0 0 0 37908644 0 0 0 0 
0 0 0 0 0 0 0 0 0 0 0 0 0 0 0 0 0 0 0 0 0 0 0 3 0 97487 97455 0 0 200 0 0 0 70706123 20632027 0 0 0 0 0 37913936 0 0 0 
0 0 0 0 0 0 0 0 0 0 0 0 0 0 0 0 0 0 0 0 0 0 0 3 97664 0 0 2 0 0 199 0 0 20662506 39019020 31737002 0 0 0 37944601 0 0 0 0 
0 0 0 0 0 0 0 0 0 0 0 0 0 0 0 0 0 0 0 0 0 0 0 3 0 97656 97635 0 0 200 0 0 0 70776509 20655353 0 0 0 0 0 37949895 0 0 0 
0 0 0 0 0 0 0 0 0 0 0 0 0 0 0 0 0 0 0 0 0 0 0 3 97688 0 0 2 0 0 199 0 0 20675484 39049712 31755977 0 0 0 37967564 0 0 0 0 
0 0 0 0 0 0 0 0 0 0 0 0 0 0 0 0 0 0 0 0 0 0 0 3 0 97689 97659 0 0 200 0 0 0 70826178 20668323 0 0 0 0 0 37972859 0 0 0 
0 0 0 0 0 0 0 0 0 0 0 0 0 0 0 0 0 0 0 0 0 0 0 3 97868 0 0 2 0 0 199 0 0 20692981 39077716 31787156 0 0 0 38001297 0 0 0 0 
0 0 0 0 0 0 0 0 0 0 0 0 0 0 0 0 0 0 0 0 0 0 0 3 0 97860 97839 0 0 200 0 0 0 70885450 20685805 0 0 0 0 0 38006596 0 0 0 
0 0 0 0 0 0 0 0 0 0 0 0 0 0 0 0 0 0 0 0 0 0 0 3 98036 0 0 2 0 0 199 0 0 20709324 39106938 31817580 0 0 0 38032160 0 0 0 0 
0 0 0 0 0 0 0 0 0 0 0 0 0 0 0 0 0 0 0 0 0 0 0 3 0 98039 98007 0 0 200 0 0 0 70945144 20702143 0 0 0 0 0 38037466 0 0 0 
0 0 0 0 0 0 0 0 0 0 0 0 0 0 0 0 0 0 0 0 0 0 0 3 98216 0 0 2 0 0 199 0 0 20732728 39143759 31851402 0 0 0 38068780 0 0 0 0 
0 0 0 0 0 0 0 0 0 0 0 0 0 0 0 0 0 0 0 0 0 0 0 3 0 98208 98187 0 0 200 0 0 0 71015836 20725530 0 0 0 0 0 38074098 0 0 0 
0 0 0 0 0 0 0 0 0 0 0 0 0 0 0 0 0 0 0 0 0 0 0 3 98384 0 0 2 0 0 199 0 0 20756036 39181518 31884236 0 0 0 38106332 0 0 0 0 
0 0 0 0 0 0 0 0 0 0 0 0 0 0 0 0 0 0 0 0 0 0 0 3 0 98376 98355 0 0 200 0 0 0 71086461 20748820 0 0 0 0 0 38111673 0 0 0 
0 0 0 0 0 0 0 0 0 0 0 0 0 0 0 0 0 0 0 0 0 0 0 3 98420 0 0 2 0 0 199 0 0 20769588 39213284 31904510 0 0 0 38130232 0 0 0 0 
0 0 0 0 0 0 0 0 0 0 0 0 0 0 0 0 0 0 0 0 0 0 0 3 0 98412 98391 0 0 200 0 0 0 71138517 20762363 0 0 0 0 0 38135575 0 0 0 
0 0 0 0 0 0 0 0 0 0 0 0 0 0 0 0 0 0 0 0 0 0 0 3 98588 0 0 2 0 0 199 0 0 20786574 39242126 31935282 0 0 0 38164881 0 0 0 0 
0 0 0 0 0 0 0 0 0 0 0 0 0 0 0 0 0 0 0 0 0 0 0 3 0 98580 98559 0 0 200 0 0 0 71198198 20779343 0 0 0 0 0 38170230 0 0 0 
0 0 0 0 0 0 0 0 0 0 0 0 0 0 0 0 0 0 0 0 0 0 0 3 98756 0 0 2 0 0 199 0 0 20802838 39270872 31965776 0 0 0 38195314 0 0 0 0 
0 0 0 0 0 0 0 0 0 0 0 0 0 0 0 0 0 0 0 0 0 0 0 3 0 98748 98727 0 0 200 0 0 0 71257497 20795600 0 0 0 0 0 38200674 0 0 0 
0 0 0 0 0 0 0 0 0 0 0 0 0 0 0 0 0 0 0 0 0 0 0 3 98924 0 0 2 0 0 199 0 0 20826142 39306922 31999955 0 0 0 38231170 0 0 0 0 
0 0 0 0 0 0 0 0 0 0 0 0 0 0 0 0 0 0 0 0 0 0 0 3 0 98916 98895 0 0 200 0 0 0 71327755 20818886 0 0 0 0 0 38236537 0 0 0 
0 0 0 0 0 0 0 0 0 0 0 0 0 0 0 0 0 0 0 0 0 0 0 3 99020 0 0 2 0 0 199 0 0 20846078 39340513 32032685 0 0 0 38266148 0 0 0 0 
0 0 0 0 0 0 0 0 0 0 0 0 0 0 0 0 0 0 0 0 0 0 0 3 0 99012 98991 0 0 200 0 0 0 71394104 20838807 0 0 0 0 0 38271521 0 0 0 
0 0 0 0 0 0 0 0 0 0 0 0 0 0 0 0 0 0 0 0 0 0 0 3 99128 0 0 2 0 0 199 0 0 20861893 39373096 32054700 0 0 0 38289954 0 0 0 0 
0 0 0 0 0 0 0 0 0 0 0 0 0 0 0 0 0 0 0 0 0 0 0 3 0 99122 99099 0 0 200 0 0 0 71448700 20854622 0 0 0 0 0 38295327 0 0 0 
0 0 0 0 0 0 0 0 0 0 0 0 0 0 0 0 0 0 0 0 0 0 0 3 99308 0 0 2 0 0 199 0 0 20877350 39398755 32082842 0 0 0 38320397 0 0 0 0 
0 0 0 0 0 0 0 0 0 0 0 0 0 0 0 0 0 0 0 0 0 0 0 3 0 99300 99279 0 0 200 0 0 0 71502563 20870068 0 0 0 0 0 38325774 0 0 0 
0 0 0 0 0 0 0 0 0 0 0 0 0 0 0 0 0 0 0 0 0 0 0 3 99476 0 0 2 0 0 199 0 0 20896260 39432410 32116343 0 0 0 38356076 0 0 0 0 
0 0 0 0 0 0 0 0 0 0 0 0 0 0 0 0 0 0 0 0 0 0 0 3 0 99468 99447 0 0 200 0 0 0 71569762 20888968 0 0 0 0 0 38361463 0 0 0 
0 0 0 0 0 0 0 0 0 0 0 0 0 0 0 0 0 0 0 0 0 0 0 3 99644 0 0 2 0 0 199 0 0 20919691 39469061 32151010 0 0 0 38392548 0 0 0 0 
0 0 0 0 0 0 0 0 0 0 0 0 0 0 0 0 0 0 0 0 0 0 0 3 0 99636 99615 0 0 200 0 0 0 71641167 20912385 0 0 0 0 0 38397950 0 0 0 
0 0 0 0 0 0 0 0 0 0 0 0 0 0 0 0 0 0 0 0 0 0 0 3 99716 0 0 2 0 0 199 0 0 20939421 39503016 32184119 0 0 0 38428039 0 0 0 0 
0 0 0 0 0 0 0 0 0 0 0 0 0 0 0 0 0 0 0 0 0 0 0 3 0 99714 99687 0 0 200 0 0 0 71708295 20932101 0 0 0 0 0 38433446 0 0 0 
0 0 0 0 0 0 0 0 0 0 0 0 0 0 0 0 0 0 0 0 0 0 0 3 99848 0 0 2 0 0 199 0 0 20955614 39534411 32205979 0 0 0 38450434 0 0 0 0 
0 0 0 0 0 0 0 0 0 0 0 0 0 0 0 0 0 0 0 0 0 0 0 3 0 99844 99819 0 0 200 0 0 0 71761558 20948285 0 0 0 0 0 38455842 0 0 0 
0 0 0 0 0 0 0 0 0 0 0 0 0 0 0 0 0 0 0 0 0 0 0 3 100028 0 0 2 0 0 199 0 0 20968002 39558557 32232901 0 0 0 38480271 0 0 0 0 
0 0 0 0 0 0 0 0 0 0 0 0 0 0 0 0 0 0 0 0 0 0 0 3 0 100020 99999 0 0 200 0 0 0 71812710 20960667 0 0 0 0 0 38485690 0 0 0 
0 0 0 0 0 0 0 0 0 0 0 0 0 0 0 0 0 0 0 0 0 0 0 3 100196 0 0 2 0 0 199 0 0 20989829 39592930 32267261 0 0 0 38515824 0 0 0 0 
0 0 0 0 0 0 0 0 0 0 0 0 0 0 0 0 0 0 0 0 0 0 0 3 0 100188 100167 0 0 200 0 0 0 71881478 20982486 0 0 0 0 0 38521254 0 0 0 
0 0 0 0 0 0 0 0 0 0 0 0 0 0 0 0 0 0 0 0 0 0 0 3 100364 0 0 2 0 0 199 0 0 21013131 39630793 32301449 0 0 0 38553492 0 0 0 0 
0 0 0 0 0 0 0 0 0 0 0 0 0 0 0 0 0 0 0 0 0 0 0 3 0 100356 100335 0 0 200 0 0 0 71953552 21005775 0 0 0 0 0 38558934 0 0 0 
0 0 0 0 0 0 0 0 0 0 0 0 0 0 0 0 0 0 0 0 0 0 0 3 100400 0 0 2 0 0 199 0 0 21031648 39665583 32328154 0 0 0 38581451 0 0 0 0 
0 0 0 0 0 0 0 0 0 0 0 0 0 0 0 0 0 0 0 0 0 0 0 3 0 100399 100371 0 0 200 0 0 0 72015065 21024275 0 0 0 0 0 38586896 0 0 0 
0 0 0 0 0 0 0 0 0 0 0 0 0 0 0 0 0 0 0 0 0 0 0 3 100568 0 0 2 0 0 199 0 0 21043648 39689588 32353719 0 0 0 38610379 0 0 0 0 
0 0 0 0 0 0 0 0 0 0 0 0 0 0 0 0 0 0 0 0 0 0 0 3 0 100560 100539 0 0 200 0 0 0 72064668 21036268 0 0 0 0 0 38615836 0 0 0 
0 0 0 0 0 0 0 0 0 0 0 0 0 0 0 0 0 0 0 0 0 0 0 3 100736 0 0 2 0 0 199 0 0 21059934 39720619 32383556 0 0 0 38642942 0 0 0 0 
0 0 0 0 0 0 0 0 0 0 0 0 0 0 0 0 0 0 0 0 0 0 0 3 0 100730 100707 0 0 200 0 0 0 72125577 21052545 0 0 0 0 0 38648409 0 0 0 
0 0 0 0 0 0 0 0 0 0 0 0 0 0 0 0 0 0 0 0 0 0 0 3 100904 0 0 2 0 0 199 0 0 21083327 39756479 32417721 0 0 0 38678621 0 0 0 0 
0 0 0 0 0 0 0 0 0 0 0 0 0 0 0 0 0 0 0 0 0 0 0 3 0 100906 100875 0 0 200 0 0 0 72195633 21075921 0 0 0 0 0 38684090 0 0 0 
0 0 0 0 0 0 0 0 0 0 0 0 0 0 0 0 0 0 0 0 0 0 0 3 100988 0 0 2 0 0 199 0 0 21103227 39789817 32450502 0 0 0 38713379 0 0 0 0 
0 0 0 0 0 0 0 0 0 0 0 0 0 0 0 0 0 0 0 0 0 0 0 3 0 100991 100959 0 0 200 0 0 0 72261811 21095820 0 0 0 0 0 38718853 0 0 0 
0 0 0 0 0 0 0 0 0 0 0 0 0 0 0 0 0 0 0 0 0 0 0 3 101108 0 0 2 0 0 199 0 0 21117012 39821026 32470352 0 0 0 38737926 0 0 0 0 
0 0 0 0 0 0 0 0 0 0 0 0 0 0 0 0 0 0 0 0 0 0 0 3 0 101100 101079 0 0 200 0 0 0 72312883 21109595 0 0 0 0 0 38743400 0 0 0 
0 0 0 0 0 0 0 0 0 0 0 0 0 0 0 0 0 0 0 0 0 0 0 3 101288 0 0 2 0 0 199 0 0 21134794 39849324 32499303 0 0 0 38769027 0 0 0 0 
0 0 0 0 0 0 0 0 0 0 0 0 0 0 0 0 0 0 0 0 0 0 0 3 0 101280 101259 0 0 200 0 0 0 72370216 21127372 0 0 0 0 0 38774515 0 0 0 
0 0 0 0 0 0 0 0 0 0 0 0 0 0 0 0 0 0 0 0 0 0 0 3 101456 0 0 2 0 0 199 0 0 21153348 39882272 32533299 0 0 0 38803861 0 0 0 0 
0 0 0 0 0 0 0 0 0 0 0 0 0 0 0 0 0 0 0 0 0 0 0 3 0 101448 101426 0 0 200 0 0 0 72437190 21145922 0 0 0 0 0 38809356 0 0 0 
0 0 0 0 0 0 0 0 0 0 0 0 0 0 0 0 0 0 0 0 0 0 0 3 101624 0 0 2 0 0 199 0 0 21176605 39920088 32567898 0 0 0 38841490 0 0 0 0 
0 0 0 0 0 0 0 0 0 0 0 0 0 0 0 0 0 0 0 0 0 0 0 3 0 101616 101594 0 0 200 0 0 0 72509679 21169165 0 0 0 0 0 38846992 0 0 0 
0 0 0 0 0 0 0 0 0 0 0 0 0 0 0 0 0 0 0 0 0 0 0 3 101660 0 0 2 0 0 199 0 0 21194466 39952789 32592142 0 0 0 38867286 0 0 0 0 
0 0 0 0 0 0 0 0 0 0 0 0 0 0 0 0 0 0 0 0 0 0 0 3 0 101652 101630 0 0 200 0 0 0 72566668 21187021 0 0 0 0 0 38872789 0 0 0 
0 0 0 0 0 0 0 0 0 0 0 0 0 0 0 0 0 0 0 0 0 0 0 3 101828 0 0 2 0 0 199 0 0 21207312 39977788 32619082 0 0 0 38897035 0 0 0 0 
0 0 0 0 0 0 0 0 0 0 0 0 0 0 0 0 0 0 0 0 0 0 0 3 0 101820 101798 0 0 200 0 0 0 72618640 21199860 0 0 0 0 0 38902547 0 0 0 
0 0 0 0 0 0 0 0 0 0 0 0 0 0 0 0 0 0 0 0 0 0 0 3 101996 0 0 2 0 0 199 0 0 21223336 40005240 32647627 0 0 0 38926282 0 0 0 0 
0 0 0 0 0 0 0 0 0 0 0 0 0 0 0 0 0 0 0 0 0 0 0 3 0 101999 101966 0 0 200 0 0 0 72674702 21215879 0 0 0 0 0 38931799 0 0 0 
0 0 0 0 0 0 0 0 0 0 0 0 0 0 0 0 0 0 0 0 0 0 0 3 102176 0 0 2 0 0 199 0 0 21246713 40041359 32682788 0 0 0 38962199 0 0 0 0 
0 0 0 0 0 0 0 0 0 0 0 0 0 0 0 0 0 0 0 0 0 0 0 3 0 102168 102146 0 0 200 0 0 0 72746019 21239249 0 0 0 0 0 38967721 0 0 0 
0 0 0 0 0 0 0 0 0 0 0 0 0 0 0 0 0 0 0 0 0 0 0 3 102344 0 0 2 0 0 199 0 0 21270006 40078489 32717615 0 0 0 38999140 0 0 0 0 
0 0 0 0 0 0 0 0 0 0 0 0 0 0 0 0 0 0 0 0 0 0 0 3 0 102336 102314 0 0 200 0 0 0 72818047 21262526 0 0 0 0 0 39004675 0 0 0 
0 0 0 0 0 0 0 0 0 0 0 0 0 0 0 0 0 0 0 0 0 0 0 3 102368 0 0 2 0 0 199 0 0 21283063 40107954 32738625 0 0 0 39020742 0 0 0 0 
0 0 0 0 0 0 0 0 0 0 0 0 0 0 0 0 0 0 0 0 0 0 0 3 0 102371 102338 0 0 200 0 0 0 72868522 21275579 0 0 0 0 0 39026279 0 0 0 
0 0 0 0 0 0 0 0 0 0 0 0 0 0 0 0 0 0 0 0 0 0 0 3 102548 0 0 2 0 0 199 0 0 21300098 40135216 32769720 0 0 0 39053845 0 0 0 0 
0 0 0 0 0 0 0 0 0 0 0 0 0 0 0 0 0 0 0 0 0 0 0 3 0 102540 102518 0 0 200 0 0 0 72926916 21292602 0 0 0 0 0 39059385 0 0 0 
0 0 0 0 0 0 0 0 0 0 0 0 0 0 0 0 0 0 0 0 0 0 0 3 102716 0 0 2 0 0 199 0 0 21316685 40167561 32801152 0 0 0 39087835 0 0 0 0 
0 0 0 0 0 0 0 0 0 0 0 0 0 0 0 0 0 0 0 0 0 0 0 3 0 102708 102686 0 0 200 0 0 0 72990738 21309180 0 0 0 0 0 39093378 0 0 0 
0 0 0 0 0 0 0 0 0 0 0 0 0 0 0 0 0 0 0 0 0 0 0 3 102884 0 0 2 0 0 199 0 0 21340029 40204257 32835250 0 0 0 39124334 0 0 0 0 
0 0 0 0 0 0 0 0 0 0 0 0 0 0 0 0 0 0 0 0 0 0 0 3 0 102876 102854 0 0 200 0 0 0 73061578 21332508 0 0 0 0 0 39129887 0 0 0 
0 0 0 0 0 0 0 0 0 0 0 0 0 0 0 0 0 0 0 0 0 0 0 3 102968 0 0 2 0 0 199 0 0 21359921 40237570 32868503 0 0 0 39159055 0 0 0 0 
0 0 0 0 0 0 0 0 0 0 0 0 0 0 0 0 0 0 0 0 0 0 0 3 0 102960 102938 0 0 200 0 0 0 73128187 21352395 0 0 0 0 0 39164617 0 0 0 
0 0 0 0 0 0 0 0 0 0 0 0 0 0 0 0 0 0 0 0 0 0 0 3 103088 0 0 2 0 0 199 0 0 21375657 40269023 32890203 0 0 0 39181842 0 0 0 0 
0 0 0 0 0 0 0 0 0 0 0 0 0 0 0 0 0 0 0 0 0 0 0 3 0 103086 103058 0 0 200 0 0 0 73181343 21368124 0 0 0 0 0 39187402 0 0 0 
0 0 0 0 0 0 0 0 0 0 0 0 0 0 0 0 0 0 0 0 0 0 0 3 103268 0 0 2 0 0 199 0 0 21392392 40293883 32917863 0 0 0 39211796 0 0 0 0 
0 0 0 0 0 0 0 0 0 0 0 0 0 0 0 0 0 0 0 0 0 0 0 3 0 103260 103238 0 0 200 0 0 0 73233911 21384846 0 0 0 0 0 39217356 0 0 0 
0 0 0 0 0 0 0 0 0 0 0 0 0 0 0 0 0 0 0 0 0 0 0 3 103436 0 0 2 0 0 199 0 0 21410022 40327616 32950408 0 0 0 39247128 0 0 0 0 
0 0 0 0 0 0 0 0 0 0 0 0 0 0 0 0 0 0 0 0 0 0 0 3 0 103428 103406 0 0 200 0 0 0 73300238 21402457 0 0 0 0 0 39252695 0 0 0 
0 0 0 0 0 0 0 0 0 0 0 0 0 0 0 0 0 0 0 0 0 0 0 3 103604 0 0 2 0 0 199 0 0 21433334 40365208 32983564 0 0 0 39284535 0 0 0 0 
0 0 0 0 0 0 0 0 0 0 0 0 0 0 0 0 0 0 0 0 0 0 0 3 0 103596 103574 0 0 200 0 0 0 73371040 21425759 0 0 0 0 0 39290100 0 0 0 
0 0 0 0 0 0 0 0 0 0 0 0 0 0 0 0 0 0 0 0 0 0 0 3 103664 0 0 2 0 0 199 0 0 21452531 40400794 33016456 0 0 0 39321557 0 0 0 0 
0 0 0 0 0 0 0 0 0 0 0 0 0 0 0 0 0 0 0 0 0 0 0 3 0 103667 103634 0 0 200 0 0 0 73439570 21444943 0 0 0 0 0 39327129 0 0 0 
0 0 0 0 0 0 0 0 0 0 0 0 0 0 0 0 0 0 0 0 0 0 0 3 103808 0 0 2 0 0 199 0 0 21464100 40426700 33035896 0 0 0 39343812 0 0 0 0 
0 0 0 0 0 0 0 0 0 0 0 0 0 0 0 0 0 0 0 0 0 0 0 3 0 103800 103778 0 0 200 0 0 0 73484927 21456506 0 0 0 0 0 39349386 0 0 0 
0 0 0 0 0 0 0 0 0 0 0 0 0 0 0 0 0 0 0 0 0 0 0 3 103976 0 0 2 0 0 199 0 0 21480055 40456082 33067249 0 0 0 39375035 0 0 0 0 
0 0 0 0 0 0 0 0 0 0 0 0 0 0 0 0 0 0 0 0 0 0 0 3 0 103968 103946 0 0 200 0 0 0 73545679 21472457 0 0 0 0 0 39380613 0 0 0 
0 0 0 0 0 0 0 0 0 0 0 0 0 0 0 0 0 0 0 0 0 0 0 3 104144 0 0 2 0 0 199 0 0 21503364 40492285 33100494 0 0 0 39411052 0 0 0 0 
0 0 0 0 0 0 0 0 0 0 0 0 0 0 0 0 0 0 0 0 0 0 0 3 0 104144 104114 0 0 200 0 0 0 73615183 21495756 0 0 0 0 0 39416639 0 0 0 
0 0 0 0 0 0 0 0 0 0 0 0 0 0 0 0 0 0 0 0 0 0 0 3 104252 0 0 2 0 0 199 0 0 21523979 40526219 33132438 0 0 0 39445616 0 0 0 0 
0 0 0 0 0 0 0 0 0 0 0 0 0 0 0 0 0 0 0 0 0 0 0 3 0 104256 104222 0 0 200 0 0 0 73681123 21516356 0 0 0 0 0 39451214 0 0 0 
0 0 0 0 0 0 0 0 0 0 0 0 0 0 0 0 0 0 0 0 0 0 0 3 104348 0 0 2 0 0 199 0 0 21536704 40555158 33153243 0 0 0 39468965 0 0 0 0 
0 0 0 0 0 0 0 0 0 0 0 0 0 0 0 0 0 0 0 0 0 0 0 3 0 104340 104318 0 0 200 0 0 0 73730864 21529076 0 0 0 0 0 39474566 0 0 0 
0 0 0 0 0 0 0 0 0 0 0 0 0 0 0 0 0 0 0 0 0 0 0 3 104528 0 0 2 0 0 199 0 0 21554756 40583464 33181663 0 0 0 39499731 0 0 0 0 
0 0 0 0 0 0 0 0 0 0 0 0 0 0 0 0 0 0 0 0 0 0 0 3 0 104520 104498 0 0 200 0 0 0 73787653 21547118 0 0 0 0 0 39505345 0 0 0 
0 0 0 0 0 0 0 0 0 0 0 0 0 0 0 0 0 0 0 0 0 0 0 3 104696 0 0 2 0 0 199 0 0 21573363 40616389 33214419 0 0 0 39534579 0 0 0 0 
0 0 0 0 0 0 0 0 0 0 0 0 0 0 0 0 0 0 0 0 0 0 0 3 0 104688 104666 0 0 200 0 0 0 73853391 21565716 0 0 0 0 0 39540202 0 0 0 
0 0 0 0 0 0 0 0 0 0 0 0 0 0 0 0 0 0 0 0 0 0 0 3 104864 0 0 2 0 0 199 0 0 21596788 40654511 33248709 0 0 0 39572507 0 0 0 0 
0 0 0 0 0 0 0 0 0 0 0 0 0 0 0 0 0 0 0 0 0 0 0 3 0 104856 104834 0 0 200 0 0 0 73925872 21589120 0 0 0 0 0 39578145 0 0 0 
0 0 0 0 0 0 0 0 0 0 0 0 0 0 0 0 0 0 0 0 0 0 0 3 104929 0 0 2 0 0 199 0 0 21616041 40688916 33281931 0 0 0 39608472 0 0 0 0 
0 0 0 0 0 0 0 0 0 0 0 0 0 0 0 0 0 0 0 0 0 0 0 3 0 104928 104894 0 0 200 0 0 0 73993567 21608363 0 0 0 0 0 39614119 0 0 0 
0 0 0 0 0 0 0 0 0 0 0 0 0 0 0 0 0 0 0 0 0 0 0 3 105068 0 0 2 0 0 199 0 0 21627841 40714474 33300851 0 0 0 39630029 0 0 0 0 
0 0 0 0 0 0 0 0 0 0 0 0 0 0 0 0 0 0 0 0 0 0 0 3 0 105060 105038 0 0 200 0 0 0 74038057 21620158 0 0 0 0 0 39635677 0 0 0 
0 0 0 0 0 0 0 0 0 0 0 0 0 0 0 0 0 0 0 0 0 0 0 3 105248 0 0 2 0 0 199 0 0 21646683 40745302 33330147 0 0 0 39660431 0 0 0 0 
0 0 0 0 0 0 0 0 0 0 0 0 0 0 0 0 0 0 0 0 0 0 0 3 0 105240 105218 0 0 200 0 0 0 74098216 21638988 0 0 0 0 0 39666087 0 0 0 
0 0 0 0 0 0 0 0 0 0 0 0 0 0 0 0 0 0 0 0 0 0 0 3 105416 0 0 2 0 0 199 0 0 21666857 40779143 33364323 0 0 0 39696575 0 0 0 0 
0 0 0 0 0 0 0 0 0 0 0 0 0 0 0 0 0 0 0 0 0 0 0 3 0 105408 105386 0 0 200 0 0 0 74166291 21659158 0 0 0 0 0 39702239 0 0 0 
0 0 0 0 0 0 0 0 0 0 0 0 0 0 0 0 0 0 0 0 0 0 0 3 105584 0 0 2 0 0 199 0 0 21690264 40816544 33397876 0 0 0 39733796 0 0 0 0 
0 0 0 0 0 0 0 0 0 0 0 0 0 0 0 0 0 0 0 0 0 0 0 3 0 105576 105554 0 0 200 0 0 0 74237293 21682553 0 0 0 0 0 39739466 0 0 0 
0 0 0 0 0 0 0 0 0 0 0 0 0 0 0 0 0 0 0 0 0 0 0 3 105608 0 0 2 0 0 199 0 0 21703273 40847160 33418341 0 0 0 39756657 0 0 0 0 
0 0 0 0 0 0 0 0 0 0 0 0 0 0 0 0 0 0 0 0 0 0 0 3 0 105611 105578 0 0 200 0 0 0 74288376 21695554 0 0 0 0 0 39762326 0 0 0 
0 0 0 0 0 0 0 0 0 0 0 0 0 0 0 0 0 0 0 0 0 0 0 3 105788 0 0 2 0 0 199 0 0 21718673 40874088 33446788 0 0 0 39789176 0 0 0 0 
0 0 0 0 0 0 0 0 0 0 0 0 0 0 0 0 0 0 0 0 0 0 0 3 0 105780 105758 0 0 200 0 0 0 74343820 21710944 0 0 0 0 0 39794856 0 0 0 
0 0 0 0 0 0 0 0 0 0 0 0 0 0 0 0 0 0 0 0 0 0 0 3 105956 0 0 2 0 0 199 0 0 21737082 40907176 33479777 0 0 0 39824062 0 0 0 0 
0 0 0 0 0 0 0 0 0 0 0 0 0 0 0 0 0 0 0 0 0 0 0 3 0 105948 105926 0 0 200 0 0 0 74409970 21729339 0 0 0 0 0 39829753 0 0 0 
0 0 0 0 0 0 0 0 0 0 0 0 0 0 0 0 0 0 0 0 0 0 0 3 106124 0 0 2 0 0 199 0 0 21760374 40944882 33512490 0 0 0 39861586 0 0 0 0 
0 0 0 0 0 0 0 0 0 0 0 0 0 0 0 0 0 0 0 0 0 0 0 3 0 106116 106094 0 0 200 0 0 0 74480466 21752624 0 0 0 0 0 39867283 0 0 0 
0 0 0 0 0 0 0 0 0 0 0 0 0 0 0 0 0 0 0 0 0 0 0 3 106184 0 0 2 0 0 199 0 0 21779600 40979199 33541611 0 0 0 39893598 0 0 0 0 
0 0 0 0 0 0 0 0 0 0 0 0 0 0 0 0 0 0 0 0 0 0 0 3 0 106176 106154 0 0 200 0 0 0 74543931 21771834 0 0 0 0 0 39899305 0 0 0 
0 0 0 0 0 0 0 0 0 0 0 0 0 0 0 0 0 0 0 0 0 0 0 3 106328 0 0 2 0 0 199 0 0 21791071 41005725 33562793 0 0 0 39920312 0 0 0 0 
0 0 0 0 0 0 0 0 0 0 0 0 0 0 0 0 0 0 0 0 0 0 0 3 0 106320 106298 0 0 200 0 0 0 74591655 21783295 0 0 0 0 0 39926022 0 0 0 
0 0 0 0 0 0 0 0 0 0 0 0 0 0 0 0 0 0 0 0 0 0 0 3 106496 0 0 2 0 0 199 0 0 21807081 41034853 33591665 0 0 0 39951175 0 0 0 0 
0 0 0 0 0 0 0 0 0 0 0 0 0 0 0 0 0 0 0 0 0 0 0 3 0 106488 106466 0 0 200 0 0 0 74649704 21799300 0 0 0 0 0 39956888 0 0 0 
0 0 0 0 0 0 0 0 0 0 0 0 0 0 0 0 0 0 0 0 0 0 0 3 106664 0 0 2 0 0 199 0 0 21830441 41070118 33625073 0 0 0 39986244 0 0 0 0 
0 0 0 0 0 0 0 0 0 0 0 0 0 0 0 0 0 0 0 0 0 0 0 3 0 106664 106634 0 0 200 0 0 0 74718395 21822640 0 0 0 0 0 39991973 0 0 0 
0 0 0 0 0 0 0 0 0 0 0 0 0 0 0 0 0 0 0 0 0 0 0 3 106843 0 0 2 0 0 199 0 0 21853896 41105850 33658993 0 0 0 40021777 0 0 0 0 
0 0 0 0 0 0 0 0 0 0 0 0 0 0 0 0 0 0 0 0 0 0 0 3 0 106836 106814 0 0 200 0 0 0 74788096 21846078 0 0 0 0 0 40027508 0 0 0 
0 0 0 0 0 0 0 0 0 0 0 0 0 0 0 0 0 0 0 0 0 0 0 3 106867 0 0 2 0 0 199 0 0 21866999 41137240 33679578 0 0 0 40045312 0 0 0 0 
0 0 0 0 0 0 0 0 0 0 0 0 0 0 0 0 0 0 0 0 0 0 0 3 0 106871 106838 0 0 200 0 0 0 74840077 21859176 0 0 0 0 0 40051046 0 0 0 
0 0 0 0 0 0 0 0 0 0 0 0 0 0 0 0 0 0 0 0 0 0 0 3 107047 0 0 2 0 0 199 0 0 21884125 41164243 33709434 0 0 0 40078228 0 0 0 0 
0 0 0 0 0 0 0 0 0 0 0 0 0 0 0 0 0 0 0 0 0 0 0 3 0 107040 107018 0 0 200 0 0 0 74897003 21876293 0 0 0 0 0 40083978 0 0 0 
0 0 0 0 0 0 0 0 0 0 0 0 0 0 0 0 0 0 0 0 0 0 0 3 107215 0 0 2 0 0 199 0 0 21900699 41196373 33742016 0 0 0 40111912 0 0 0 0 
0 0 0 0 0 0 0 0 0 0 0 0 0 0 0 0 0 0 0 0 0 0 0 3 0 107208 107185 0 0 200 0 0 0 74961737 21892860 0 0 0 0 0 40117667 0 0 0 
0 0 0 0 0 0 0 0 0 0 0 0 0 0 0 0 0 0 0 0 0 0 0 3 107383 0 0 2 0 0 199 0 0 21924040 41234288 33776641 0 0 0 40149626 0 0 0 0 
0 0 0 0 0 0 0 0 0 0 0 0 0 0 0 0 0 0 0 0 0 0 0 3 0 107376 107353 0 0 200 0 0 0 75034292 21916183 0 0 0 0 0 40155394 0 0 0 
0 0 0 0 0 0 0 0 0 0 0 0 0 0 0 0 0 0 0 0 0 0 0 3 107443 0 0 2 0 0 199 0 0 21943201 41268604 33809126 0 0 0 40184905 0 0 0 0 
0 0 0 0 0 0 0 0 0 0 0 0 0 0 0 0 0 0 0 0 0 0 0 3 0 107438 107413 0 0 200 0 0 0 75101132 21935327 0 0 0 0 0 40190680 0 0 0 
0 0 0 0 0 0 0 0 0 0 0 0 0 0 0 0 0 0 0 0 0 0 0 3 107587 0 0 2 0 0 199 0 0 21959111 41299690 33831283 0 0 0 40208348 0 0 0 0 
0 0 0 0 0 0 0 0 0 0 0 0 0 0 0 0 0 0 0 0 0 0 0 3 0 107580 107557 0 0 200 0 0 0 75154385 21951230 0 0 0 0 0 40214125 0 0 0 
0 0 0 0 0 0 0 0 0 0 0 0 0 0 0 0 0 0 0 0 0 0 0 3 107767 0 0 2 0 0 199 0 0 21977279 41327227 33860094 0 0 0 40240490 0 0 0 0 
0 0 0 0 0 0 0 0 0 0 0 0 0 0 0 0 0 0 0 0 0 0 0 3 0 107760 107737 0 0 200 0 0 0 75210796 21969390 0 0 0 0 0 40246282 0 0 0 
0 0 0 0 0 0 0 0 0 0 0 0 0 0 0 0 0 0 0 0 0 0 0 3 107935 0 0 2 0 0 199 0 0 21994137 41360263 33893304 0 0 0 40275029 0 0 0 0 
0 0 0 0 0 0 0 0 0 0 0 0 0 0 0 0 0 0 0 0 0 0 0 3 0 107928 107904 0 0 200 0 0 0 75277101 21986245 0 0 0 0 0 40280829 0 0 0 
0 0 0 0 0 0 0 0 0 0 0 0 0 0 0 0 0 0 0 0 0 0 0 3 108103 0 0 2 0 0 199 0 0 22017401 41396879 33925945 0 0 0 40311452 0 0 0 0 
0 0 0 0 0 0 0 0 0 0 0 0 0 0 0 0 0 0 0 0 0 0 0 3 0 108096 108072 0 0 200 0 0 0 75346423 22009494 0 0 0 0 0 40317258 0 0 0 
0 0 0 0 0 0 0 0 0 0 0 0 0 0 0 0 0 0 0 0 0 0 0 3 108175 0 0 2 0 0 199 0 0 22037308 41431703 33958056 0 0 0 40347724 0 0 0 0 
0 0 0 0 0 0 0 0 0 0 0 0 0 0 0 0 0 0 0 0 0 0 0 3 0 108177 108144 0 0 200 0 0 0 75413397 22029392 0 0 0 0 0 40353540 0 0 0 
0 0 0 0 0 0 0 0 0 0 0 0 0 0 0 0 0 0 0 0 0 0 0 3 108307 0 0 2 0 0 199 0 0 22049769 41458852 33976603 0 0 0 40369659 0 0 0 0 
0 0 0 0 0 0 0 0 0 0 0 0 0 0 0 0 0 0 0 0 0 0 0 3 0 108300 108276 0 0 200 0 0 0 75459102 22041844 0 0 0 0 0 40375478 0 0 0 
0 0 0 0 0 0 0 0 0 0 0 0 0 0 0 0 0 0 0 0 0 0 0 3 108487 0 0 2 0 0 199 0 0 22068467 41488782 34005884 0 0 0 40400687 0 0 0 0 
0 0 0 0 0 0 0 0 0 0 0 0 0 0 0 0 0 0 0 0 0 0 0 3 0 108480 108456 0 0 200 0 0 0 75518361 22060532 0 0 0 0 0 40406516 0 0 0 
0 0 0 0 0 0 0 0 0 0 0 0 0 0 0 0 0 0 0 0 0 0 0 3 108655 0 0 2 0 0 199 0 0 22087658 41522674 34038456 0 0 0 40436670 0 0 0 0 
0 0 0 0 0 0 0 0 0 0 0 0 0 0 0 0 0 0 0 0 0 0 0 3 0 108648 108624 0 0 200 0 0 0 75584871 22079717 0 0 0 0 0 40442504 0 0 0 
0 0 0 0 0 0 0 0 0 0 0 0 0 0 0 0 0 0 0 0 0 0 0 3 108823 0 0 2 0 0 199 0 0 22111028 41559893 34071932 0 0 0 40473694 0 0 0 0 
0 0 0 0 0 0 0 0 0 0 0 0 0 0 0 0 0 0 0 0 0 0 0 3 0 108816 108792 0 0 200 0 0 0 75655608 22103075 0 0 0 0 0 40479541 0 0 0 
0 0 0 0 0 0 0 0 0 0 0 0 0 0 0 0 0 0 0 0 0 0 0 3 108859 0 0 2 0 0 199 0 0 22129429 41594158 34097482 0 0 0 40501176 0 0 0 0 
0 0 0 0 0 0 0 0 0 0 0 0 0 0 0 0 0 0 0 0 0 0 0 3 0 108855 108828 0 0 200 0 0 0 75715475 22121470 0 0 0 0 0 40507030 0 0 0 
0 0 0 0 0 0 0 0 0 0 0 0 0 0 0 0 0 0 0 0 0 0 0 3 109027 0 0 2 0 0 199 0 0 22141693 41618378 34123975 0 0 0 40530081 0 0 0 0 
0 0 0 0 0 0 0 0 0 0 0 0 0 0 0 0 0 0 0 0 0 0 0 3 0 109020 108996 0 0 200 0 0 0 75766221 22133730 0 0 0 0 0 40535938 0 0 0 
0 0 0 0 0 0 0 0 0 0 0 0 0 0 0 0 0 0 0 0 0 0 0 3 109195 0 0 2 0 0 199 0 0 22157803 41647919 34154704 0 0 0 40561344 0 0 0 0 
0 0 0 0 0 0 0 0 0 0 0 0 0 0 0 0 0 0 0 0 0 0 0 3 0 109188 109164 0 0 200 0 0 0 75826519 22149835 0 0 0 0 0 40567217 0 0 0 
0 0 0 0 0 0 0 0 0 0 0 0 0 0 0 0 0 0 0 0 0 0 0 3 109363 0 0 2 0 0 199 0 0 22181071 41684603 34188371 0 0 0 40597845 0 0 0 0 
0 0 0 0 0 0 0 0 0 0 0 0 0 0 0 0 0 0 0 0 0 0 0 3 0 109356 109332 0 0 200 0 0 0 75896934 22173080 0 0 0 0 0 40603728 0 0 0 
0 0 0 0 0 0 0 0 0 0 0 0 0 0 0 0 0 0 0 0 0 0 0 3 109435 0 0 2 0 0 199 0 0 22200943 41719774 34220520 0 0 0 40634438 0 0 0 0 
0 0 0 0 0 0 0 0 0 0 0 0 0 0 0 0 0 0 0 0 0 0 0 3 0 109440 109404 0 0 200 0 0 0 75964307 22192942 0 0 0 0 0 40640324 0 0 0 
0 0 0 0 0 0 0 0 0 0 0 0 0 0 0 0 0 0 0 0 0 0 0 3 109567 0 0 2 0 0 199 0 0 22215016 41748337 34241560 0 0 0 40656052 0 0 0 0 
0 0 0 0 0 0 0 0 0 0 0 0 0 0 0 0 0 0 0 0 0 0 0 3 0 109560 109536 0 0 200 0 0 0 76013926 22207007 0 0 0 0 0 40661939 0 0 0 
0 0 0 0 0 0 0 0 0 0 0 0 0 0 0 0 0 0 0 0 0 0 0 3 109747 0 0 2 0 0 199 0 0 22232680 41776263 34270321 0 0 0 40687086 0 0 0 0 
0 0 0 0 0 0 0 0 0 0 0 0 0 0 0 0 0 0 0 0 0 0 0 3 0 109739 109716 0 0 200 0 0 0 76070640 22224661 0 0 0 0 0 40692981 0 0 0 
0 0 0 0 0 0 0 0 0 0 0 0 0 0 0 0 0 0 0 0 0 0 0 3 109915 0 0 2 0 0 199 0 0 22251098 41807736 34301881 0 0 0 40720417 0 0 0 0 
0 0 0 0 0 0 0 0 0 0 0 0 0 0 0 0 0 0 0 0 0 0 0 3 0 109907 109884 0 0 200 0 0 0 76133709 22243071 0 0 0 0 0 40726313 0 0 0 
0 0 0 0 0 0 0 0 0 0 0 0 0 0 0 0 0 0 0 0 0 0 0 3 110083 0 0 2 0 0 199 0 0 22274377 41845503 34335877 0 0 0 40758000 0 0 0 0 
0 0 0 0 0 0 0 0 0 0 0 0 0 0 0 0 0 0 0 0 0 0 0 3 0 110075 110052 0 0 200 0 0 0 76205518 22266341 0 0 0 0 0 40763904 0 0 0 
0 0 0 0 0 0 0 0 0 0 0 0 0 0 0 0 0 0 0 0 0 0 0 3 110143 0 0 2 0 0 199 0 0 22293653 41879262 34370394 0 0 0 40793365 0 0 0 0 
0 0 0 0 0 0 0 0 0 0 0 0 0 0 0 0 0 0 0 0 0 0 0 3 0 110146 110112 0 0 200 0 0 0 76273817 22285599 0 0 0 0 0 40799278 0 0 0 
0 0 0 0 0 0 0 0 0 0 0 0 0 0 0 0 0 0 0 0 0 0 0 3 110287 0 0 2 0 0 199 0 0 22308173 41907738 34389945 0 0 0 40814920 0 0 0 0 
0 0 0 0 0 0 0 0 0 0 0 0 0 0 0 0 0 0 0 0 0 0 0 3 0 110279 110256 0 0 200 0 0 0 76321852 22300112 0 0 0 0 0 40820832 0 0 0 
0 0 0 0 0 0 0 0 0 0 0 0 0 0 0 0 0 0 0 0 0 0 0 3 110455 0 0 2 0 0 199 0 0 22321164 41930976 34416153 0 0 0 40843085 0 0 0 0 
0 0 0 0 0 0 0 0 0 0 0 0 0 0 0 0 0 0 0 0 0 0 0 3 0 110457 110424 0 0 200 0 0 0 76371311 22313095 0 0 0 0 0 40849007 0 0 0 
0 0 0 0 0 0 0 0 0 0 0 0 0 0 0 0 0 0 0 0 0 0 0 3 110635 0 0 2 0 0 199 0 0 22344449 41967264 34449669 0 0 0 40879173 0 0 0 0 
0 0 0 0 0 0 0 0 0 0 0 0 0 0 0 0 0 0 0 0 0 0 0 3 0 110627 110604 0 0 200 0 0 0 76441143 22336367 0 0 0 0 0 40885103 0 0 0 
0 0 0 0 0 0 0 0 0 0 0 0 0 0 0 0 0 0 0 0 0 0 0 3 110755 0 0 2 0 0 199 0 0 22366533 42003579 34483488 0 0 0 40915594 0 0 0 0 
0 0 0 0 0 0 0 0 0 0 0 0 0 0 0 0 0 0 0 0 0 0 0 3 0 110757 110724 0 0 200 0 0 0 76511303 22358436 0 0 0 0 0 40921532 0 0 0 
0 0 0 0 0 0 0 0 0 0 0 0 0 0 0 0 0 0 0 0 0 0 0 3 110827 0 0 2 0 0 199 0 0 22380673 42035374 34504776 0 0 0 40939417 0 0 0 0 
0 0 0 0 0 0 0 0 0 0 0 0 0 0 0 0 0 0 0 0 0 0 0 3 0 110830 110796 0 0 200 0 0 0 76564384 22372565 0 0 0 0 0 40945357 0 0 0 
0 0 0 0 0 0 0 0 0 0 0 0 0 0 0 0 0 0 0 0 0 0 0 3 111007 0 0 2 0 0 199 0 0 22397001 42062501 34534738 0 0 0 40972312 0 0 0 0 
0 0 0 0 0 0 0 0 0 0 0 0 0 0 0 0 0 0 0 0 0 0 0 3 0 110999 110976 0 0 200 0 0 0 76621546 22388886 0 0 0 0 0 40978261 0 0 0 
<====
0 0 0 0 0 0 0 0 0 0 0 0 0 0 0 0 0 0 0 0 0 0 0 3 111151 0 0 2 0 0 199 0 0 22428068 42088460 34561378 0 0 0 40999806 0 0 0 0 
0 0 0 0 0 0 0 0 0 0 0 0 0 0 0 0 0 0 0 0 0 0 0 3 0 111155 111120 0 0 200 0 0 0 76674206 22419823 0 0 0 0 0 41005767 0 0 0 
0 0 0 0 0 0 0 0 0 0 0 0 0 0 0 0 0 0 0 0 0 0 0 3 111151 0 0 2 0 0 199 0 0 22428068 42088460 34561378 0 0 0 40999806 0 0 0 0 
0 0 0 0 0 0 0 0 0 0 0 0 0 0 0 0 0 0 0 0 0 0 0 3 0 111155 111120 0 0 200 0 0 0 76674206 22419823 0 0 0 0 0 41005767 0 0 0 
0 0 0 0 0 0 0 0 0 0 0 0 0 0 0 0 0 0 0 0 0 0 0 3 111151 0 0 2 0 0 199 0 0 22428068 42088460 34561378 0 0 0 40999806 0 0 0 0 
0 0 0 0 0 0 0 0 0 0 0 0 0 0 0 0 0 0 0 0 0 0 0 3 0 111155 111120 0 0 200 0 0 0 76674206 22419823 0 0 0 0 0 41005767 0 0 0 
0 0 0 0 0 0 0 0 0 0 0 0 0 0 0 0 0 0 0 0 0 0 0 3 111151 0 0 2 0 0 199 0 0 22428068 42088460 34561378 0 0 0 40999806 0 0 0 0 
0 0 0 0 0 0 0 0 0 0 0 0 0 0 0 0 0 0 0 0 0 0 0 3 0 111155 111120 0 0 200 0 0 0 76674206 22419823 0 0 0 0 0 41005767 0 0 0 
0 0 0 0 0 0 0 0 0 0 0 0 0 0 0 0 0 0 0 0 0 0 0 3 111151 0 0 2 0 0 199 0 0 22428068 42088460 34561378 0 0 0 40999806 0 0 0 0 
0 0 0 0 0 0 0 0 0 0 0 0 0 0 0 0 0 0 0 0 0 0 0 3 0 111155 111120 0 0 200 0 0 0 76674206 22419823 0 0 0 0 0 41005767 0 0 0 
0 0 0 0 0 0 0 0 0 0 0 0 0 0 0 0 0 0 0 0 0 0 0 3 111151 0 0 2 0 0 199 0 0 22428068 42088460 34561378 0 0 0 40999806 0 0 0 0 
0 0 0 0 0 0 0 0 0 0 0 0 0 0 0 0 0 0 0 0 0 0 0 3 0 111155 111120 0 0 200 0 0 0 76674206 22419823 0 0 0 0 0 41005767 0 0 0 
0 0 0 0 0 0 0 0 0 0 0 0 0 0 0 0 0 0 0 0 0 0 0 3 111151 0 0 2 0 0 199 0 0 22428068 42088460 34561378 0 0 0 40999806 0 0 0 0 
0 0 0 0 0 0 0 0 0 0 0 0 0 0 0 0 0 0 0 0 0 0 0 3 0 111155 111120 0 0 200 0 0 0 76674206 22419823 0 0 0 0 0 41005767 0 0 0 
0 0 0 0 0 0 0 0 0 0 0 0 0 0 0 0 0 0 0 0 0 0 0 3 111151 0 0 2 0 0 199 0 0 22428068 42088460 34561378 0 0 0 40999806 0 0 0 0 
0 0 0 0 0 0 0 0 0 0 0 0 0 0 0 0 0 0 0 0 0 0 0 3 0 111155 111120 0 0 200 0 0 0 76674206 22419823 0 0 0 0 0 41005767 0 0 0 
0 0 0 0 0 0 0 0 0 0 0 0 0 0 0 0 0 0 0 0 0 0 0 3 111151 0 0 2 0 0 199 0 0 22428068 42088460 34561378 0 0 0 40999806 0 0 0 0 
0 0 0 0 0 0 0 0 0 0 0 0 0 0 0 0 0 0 0 0 0 0 0 3 0 111155 111120 0 0 200 0 0 0 76674206 22419823 0 0 0 0 0 41005767 0 0 0 
0 0 0 0 0 0 0 0 0 0 0 0 0 0 0 0 0 0 0 0 0 0 0 3 111151 0 0 2 0 0 199 0 0 22428068 42088460 34561378 0 0 0 40999806 0 0 0 0 
0 0 0 0 0 0 0 0 0 0 0 0 0 0 0 0 0 0 0 0 0 0 0 3 0 111155 111120 0 0 200 0 0 0 76674206 22419823 0 0 0 0 0 41005767 0 0 0 
0 0 0 0 0 0 0 0 0 0 0 0 0 0 0 0 0 0 0 0 0 0 0 3 111151 0 0 2 0 0 199 0 0 22428068 42088460 34561378 0 0 0 40999806 0 0 0 0 
0 0 0 0 0 0 0 0 0 0 0 0 0 0 0 0 0 0 0 0 0 0 0 3 0 111155 111120 0 0 200 0 0 0 76674206 22419823 0 0 0 0 0 41005767 0 0 0 
0 0 0 0 0 0 0 0 0 0 0 0 0 0 0 0 0 0 0 0 0 0 0 3 111151 0 0 2 0 0 199 0 0 22428068 42088460 34561378 0 0 0 40999806 0 0 0 0 
0 0 0 0 0 0 0 0 0 0 0 0 0 0 0 0 0 0 0 0 0 0 0 3 0 111155 111120 0 0 200 0 0 0 76674206 22419823 0 0 0 0 0 41005767 0 0 0 
0 0 0 0 0 0 0 0 0 0 0 0 0 0 0 0 0 0 0 0 0 0 0 3 111151 0 0 2 0 0 199 0 0 22428068 42088460 34561378 0 0 0 40999806 0 0 0 0 
0 0 0 0 0 0 0 0 0 0 0 0 0 0 0 0 0 0 0 0 0 0 0 3 0 111155 111120 0 0 200 0 0 0 76674206 22419823 0 0 0 0 0 41005767 0 0 0 
0 0 0 0 0 0 0 0 0 0 0 0 0 0 0 0 0 0 0 0 0 0 0 3 111151 0 0 2 0 0 199 0 0 22428068 42088460 34561378 0 0 0 40999806 0 0 0 0 
0 0 0 0 0 0 0 0 0 0 0 0 0 0 0 0 0 0 0 0 0 0 0 3 0 111155 111120 0 0 200 0 0 0 76674206 22419823 0 0 0 0 0 41005767 0 0 0 
0 0 0 0 0 0 0 0 0 0 0 0 0 0 0 0 0 0 0 0 0 0 0 3 111151 0 0 2 0 0 199 0 0 22428068 42088460 34561378 0 0 0 40999806 0 0 0 0 
0 0 0 0 0 0 0 0 0 0 0 0 0 0 0 0 0 0 0 0 0 0 0 3 0 111155 111120 0 0 200 0 0 0 76674206 22419823 0 0 0 0 0 41005767 0 0 0 
0 0 0 0 0 0 0 0 0 0 0 0 0 0 0 0 0 0 0 0 0 0 0 3 111151 0 0 2 0 0 199 0 0 22428068 42088460 34561378 0 0 0 40999806 0 0 0 0 
0 0 0 0 0 0 0 0 0 0 0 0 0 0 0 0 0 0 0 0 0 0 0 3 0 111155 111120 0 0 200 0 0 0 76674206 22419823 0 0 0 0 0 41005767 0 0 0 
0 0 0 0 0 0 0 0 0 0 0 0 0 0 0 0 0 0 0 0 0 0 0 3 111151 0 0 2 0 0 199 0 0 22428068 42088460 34561378 0 0 0 40999806 0 0 0 0 
0 0 0 0 0 0 0 0 0 0 0 0 0 0 0 0 0 0 0 0 0 0 0 3 0 111155 111120 0 0 200 0 0 0 76674206 22419823 0 0 0 0 0 41005767 0 0 0 
0 0 0 0 0 0 0 0 0 0 0 0 0 0 0 0 0 0 0 0 0 0 0 3 111151 0 0 2 0 0 199 0 0 22428068 42088460 34561378 0 0 0 40999806 0 0 0 0 
0 0 0 0 0 0 0 0 0 0 0 0 0 0 0 0 0 0 0 0 0 0 0 3 0 111155 111120 0 0 200 0 0 0 76674206 22419823 0 0 0 0 0 41005767 0 0 0 
0 0 0 0 0 0 0 0 0 0 0 0 0 0 0 0 0 0 0 0 0 0 0 3 111151 0 0 2 0 0 199 0 0 22428068 42088460 34561378 0 0 0 40999806 0 0 0 0 
0 0 0 0 0 0 0 0 0 0 0 0 0 0 0 0 0 0 0 0 0 0 0 3 0 111155 111120 0 0 200 0 0 0 76674206 22419823 0 0 0 0 0 41005767 0 0 0 
0 0 0 0 0 0 0 0 0 0 0 0 0 0 0 0 0 0 0 0 0 0 0 3 111151 0 0 2 0 0 199 0 0 22428068 42088460 34561378 0 0 0 40999806 0 0 0 0 
0 0 0 0 0 0 0 0 0 0 0 0 0 0 0 0 0 0 0 0 0 0 0 3 0 111155 111120 0 0 200 0 0 0 76674206 22419823 0 0 0 0 0 41005767 0 0 0 
0 0 0 0 0 0 0 0 0 0 0 0 0 0 0 0 0 0 0 0 0 0 0 3 111151 0 0 2 0 0 199 0 0 22428068 42088460 34561378 0 0 0 40999806 0 0 0 0 
0 0 0 0 0 0 0 0 0 0 0 0 0 0 0 0 0 0 0 0 0 0 0 3 0 111155 111120 0 0 200 0 0 0 76674206 22419823 0 0 0 0 0 41005767 0 0 0 
0 0 0 0 0 0 0 0 0 0 0 0 0 0 0 0 0 0 0 0 0 0 0 3 111151 0 0 2 0 0 199 0 0 22428068 42088460 34561378 0 0 0 40999806 0 0 0 0 
0 0 0 0 0 0 0 0 0 0 0 0 0 0 0 0 0 0 0 0 0 0 0 3 0 111155 111120 0 0 200 0 0 0 76674206 22419823 0 0 0 0 0 41005767 0 0 0 
0 0 0 0 0 0 0 0 0 0 0 0 0 0 0 0 0 0 0 0 0 0 0 3 111151 0 0 2 0 0 199 0 0 22428068 42088460 34561378 0 0 0 40999806 0 0 0 0 
0 0 0 0 0 0 0 0 0 0 0 0 0 0 0 0 0 0 0 0 0 0 0 3 0 111155 111120 0 0 200 0 0 0 76674206 22419823 0 0 0 0 0 41005767 0 0 0 
0 0 0 0 0 0 0 0 0 0 0 0 0 0 0 0 0 0 0 0 0 0 0 3 111151 0 0 2 0 0 199 0 0 22428068 42088460 34561378 0 0 0 40999806 0 0 0 0 
0 0 0 0 0 0 0 0 0 0 0 0 0 0 0 0 0 0 0 0 0 0 0 3 0 111155 111120 0 0 200 0 0 0 76674206 22419823 0 0 0 0 0 41005767 0 0 0 
0 0 0 0 0 0 0 0 0 0 0 0 0 0 0 0 0 0 0 0 0 0 0 3 111151 0 0 2 0 0 199 0 0 22428068 42088460 34561378 0 0 0 40999806 0 0 0 0 
0 0 0 0 0 0 0 0 0 0 0 0 0 0 0 0 0 0 0 0 0 0 0 3 0 111155 111120 0 0 200 0 0 0 76674206 22419823 0 0 0 0 0 41005767 0 0 0 
0 0 0 0 0 0 0 0 0 0 0 0 0 0 0 0 0 0 0 0 0 0 0 3 111151 0 0 2 0 0 199 0 0 22428068 42088460 34561378 0 0 0 40999806 0 0 0 0 
0 0 0 0 0 0 0 0 0 0 0 0 0 0 0 0 0 0 0 0 0 0 0 3 0 111155 111120 0 0 200 0 0 0 76674206 22419823 0 0 0 0 0 41005767 0 0 0 
0 0 0 0 0 0 0 0 0 0 0 0 0 0 0 0 0 0 0 0 0 0 0 3 111151 0 0 2 0 0 199 0 0 22428068 42088460 34561378 0 0 0 40999806 0 0 0 0 
0 0 0 0 0 0 0 0 0 0 0 0 0 0 0 0 0 0 0 0 0 0 0 3 0 111155 111120 0 0 200 0 0 0 76674206 22419823 0 0 0 0 0 41005767 0 0 0 
0 0 0 0 0 0 0 0 0 0 0 0 0 0 0 0 0 0 0 0 0 0 0 3 111151 0 0 2 0 0 199 0 0 22428068 42088460 34561378 0 0 0 40999806 0 0 0 0 
0 0 0 0 0 0 0 0 0 0 0 0 0 0 0 0 0 0 0 0 0 0 0 3 0 111155 111120 0 0 200 0 0 0 76674206 22419823 0 0 0 0 0 41005767 0 0 0 
0 0 0 0 0 0 0 0 0 0 0 0 0 0 0 0 0 0 0 0 0 0 0 3 111151 0 0 2 0 0 199 0 0 22428068 42088460 34561378 0 0 0 40999806 0 0 0 0 
0 0 0 0 0 0 0 0 0 0 0 0 0 0 0 0 0 0 0 0 0 0 0 3 0 111155 111120 0 0 200 0 0 0 76674206 22419823 0 0 0 0 0 41005767 0 0 0 
0 0 0 0 0 0 0 0 0 0 0 0 0 0 0 0 0 0 0 0 0 0 0 3 111151 0 0 2 0 0 199 0 0 22428068 42088460 34561378 0 0 0 40999806 0 0 0 0 
0 0 0 0 0 0 0 0 0 0 0 0 0 0 0 0 0 0 0 0 0 0 0 3 0 111155 111120 0 0 200 0 0 0 76674206 22419823 0 0 0 0 0 41005767 0 0 0 
0 0 0 0 0 0 0 0 0 0 0 0 0 0 0 0 0 0 0 0 0 0 0 3 111151 0 0 2 0 0 199 0 0 22428068 42088460 34561378 0 0 0 40999806 0 0 0 0 
0 0 0 0 0 0 0 0 0 0 0 0 0 0 0 0 0 0 0 0 0 0 0 3 0 111155 111120 0 0 200 0 0 0 76674206 22419823 0 0 0 0 0 41005767 0 0 0 
0 0 0 0 0 0 0 0 0 0 0 0 0 0 0 0 0 0 0 0 0 0 0 3 111151 0 0 2 0 0 199 0 0 22428068 42088460 34561378 0 0 0 40999806 0 0 0 0 
0 0 0 0 0 0 0 0 0 0 0 0 0 0 0 0 0 0 0 0 0 0 0 3 0 111155 111120 0 0 200 0 0 0 76674206 22419823 0 0 0 0 0 41005767 0 0 0 
0 0 0 0 0 0 0 0 0 0 0 0 0 0 0 0 0 0 0 0 0 0 0 3 111151 0 0 2 0 0 199 0 0 22428068 42088460 34561378 0 0 0 40999806 0 0 0 0 
0 0 0 0 0 0 0 0 0 0 0 0 0 0 0 0 0 0 0 0 0 0 0 3 0 111155 111120 0 0 200 0 0 0 76674206 22419823 0 0 0 0 0 41005767 0 0 0 
0 0 0 0 0 0 0 0 0 0 0 0 0 0 0 0 0 0 0 0 0 0 0 3 111151 0 0 2 0 0 199 0 0 22428068 42088460 34561378 0 0 0 40999806 0 0 0 0 
0 0 0 0 0 0 0 0 0 0 0 0 0 0 0 0 0 0 0 0 0 0 0 3 0 111155 111120 0 0 200 0 0 0 76674206 22419823 0 0 0 0 0 41005767 0 0 0 
0 0 0 0 0 0 0 0 0 0 0 0 0 0 0 0 0 0 0 0 0 0 0 3 111151 0 0 2 0 0 199 0 0 22428068 42088460 34561378 0 0 0 40999806 0 0 0 0 
0 0 0 0 0 0 0 0 0 0 0 0 0 0 0 0 0 0 0 0 0 0 0 3 0 111155 111120 0 0 200 0 0 0 76674206 22419823 0 0 0 0 0 41005767 0 0 0 
0 0 0 0 0 0 0 0 0 0 0 0 0 0 0 0 0 0 0 0 0 0 0 3 111151 0 0 2 0 0 199 0 0 22428068 42088460 34561378 0 0 0 40999806 0 0 0 0 
0 0 0 0 0 0 0 0 0 0 0 0 0 0 0 0 0 0 0 0 0 0 0 3 0 111155 111120 0 0 200 0 0 0 76674206 22419823 0 0 0 0 0 41005767 0 0 0 
0 0 0 0 0 0 0 0 0 0 0 0 0 0 0 0 0 0 0 0 0 0 0 3 111151 0 0 2 0 0 199 0 0 22428068 42088460 34561378 0 0 0 40999806 0 0 0 0 
0 0 0 0 0 0 0 0 0 0 0 0 0 0 0 0 0 0 0 0 0 0 0 3 0 111155 111120 0 0 200 0 0 0 76674206 22419823 0 0 0 0 0 41005767 0 0 0 
0 0 0 0 0 0 0 0 0 0 0 0 0 0 0 0 0 0 0 0 0 0 0 3 111151 0 0 2 0 0 199 0 0 22428068 42088460 34561378 0 0 0 40999806 0 0 0 0 
0 0 0 0 0 0 0 0 0 0 0 0 0 0 0 0 0 0 0 0 0 0 0 3 0 111155 111120 0 0 200 0 0 0 76674206 22419823 0 0 0 0 0 41005767 0 0 0 
0 0 0 0 0 0 0 0 0 0 0 0 0 0 0 0 0 0 0 0 0 0 0 3 111151 0 0 2 0 0 199 0 0 22428068 42088460 34561378 0 0 0 40999806 0 0 0 0 
0 0 0 0 0 0 0 0 0 0 0 0 0 0 0 0 0 0 0 0 0 0 0 3 0 111155 111120 0 0 200 0 0 0 76674206 22419823 0 0 0 0 0 41005767 0 0 0 
0 0 0 0 0 0 0 0 0 0 0 0 0 0 0 0 0 0 0 0 0 0 0 3 111151 0 0 2 0 0 199 0 0 22428068 42088460 34561378 0 0 0 40999806 0 0 0 0 
0 0 0 0 0 0 0 0 0 0 0 0 0 0 0 0 0 0 0 0 0 0 0 3 0 111155 111120 0 0 200 0 0 0 76674206 22419823 0 0 0 0 0 41005767 0 0 0 
0 0 0 0 0 0 0 0 0 0 0 0 0 0 0 0 0 0 0 0 0 0 0 3 111151 0 0 2 0 0 199 0 0 22428068 42088460 34561378 0 0 0 40999806 0 0 0 0 
0 0 0 0 0 0 0 0 0 0 0 0 0 0 0 0 0 0 0 0 0 0 0 3 0 111155 111120 0 0 200 0 0 0 76674206 22419823 0 0 0 0 0 41005767 0 0 0 
0 0 0 0 0 0 0 0 0 0 0 0 0 0 0 0 0 0 0 0 0 0 0 3 111151 0 0 2 0 0 199 0 0 22428068 42088460 34561378 0 0 0 40999806 0 0 0 0 
0 0 0 0 0 0 0 0 0 0 0 0 0 0 0 0 0 0 0 0 0 0 0 3 0 111155 111120 0 0 200 0 0 0 76674206 22419823 0 0 0 0 0 41005767 0 0 0 
0 0 0 0 0 0 0 0 0 0 0 0 0 0 0 0 0 0 0 0 0 0 0 3 111151 0 0 2 0 0 199 0 0 22428068 42088460 34561378 0 0 0 40999806 0 0 0 0 
0 0 0 0 0 0 0 0 0 0 0 0 0 0 0 0 0 0 0 0 0 0 0 3 0 111155 111120 0 0 200 0 0 0 76674206 22419823 0 0 0 0 0 41005767 0 0 0 
0 0 0 0 0 0 0 0 0 0 0 0 0 0 0 0 0 0 0 0 0 0 0 3 111151 0 0 2 0 0 199 0 0 22428068 42088460 34561378 0 0 0 40999806 0 0 0 0 
0 0 0 0 0 0 0 0 0 0 0 0 0 0 0 0 0 0 0 0 0 0 0 3 0 111155 111120 0 0 200 0 0 0 76674206 22419823 0 0 0 0 0 41005767 0 0 0 
0 0 0 0 0 0 0 0 0 0 0 0 0 0 0 0 0 0 0 0 0 0 0 3 111151 0 0 2 0 0 199 0 0 22428068 42088460 34561378 0 0 0 40999806 0 0 0 0 
0 0 0 0 0 0 0 0 0 0 0 0 0 0 0 0 0 0 0 0 0 0 0 3 0 111155 111120 0 0 200 0 0 0 76674206 22419823 0 0 0 0 0 41005767 0 0 0 
0 0 0 0 0 0 0 0 0 0 0 0 0 0 0 0 0 0 0 0 0 0 0 3 111151 0 0 2 0 0 199 0 0 22428068 42088460 34561378 0 0 0 40999806 0 0 0 0 
0 0 0 0 0 0 0 0 0 0 0 0 0 0 0 0 0 0 0 0 0 0 0 3 0 111155 111120 0 0 200 0 0 0 76674206 22419823 0 0 0 0 0 41005767 0 0 0 
0 0 0 0 0 0 0 0 0 0 0 0 0 0 0 0 0 0 0 0 0 0 0 3 111151 0 0 2 0 0 199 0 0 22428068 42088460 34561378 0 0 0 40999806 0 0 0 0 
0 0 0 0 0 0 0 0 0 0 0 0 0 0 0 0 0 0 0 0 0 0 0 3 0 111155 111120 0 0 200 0 0 0 76674206 22419823 0 0 0 0 0 41005767 0 0 0 
0 0 0 0 0 0 0 0 0 0 0 0 0 0 0 0 0 0 0 0 0 0 0 3 111151 0 0 2 0 0 199 0 0 22428068 42088460 34561378 0 0 0 40999806 0 0 0 0 
0 0 0 0 0 0 0 0 0 0 0 0 0 0 0 0 0 0 0 0 0 0 0 3 0 111155 111120 0 0 200 0 0 0 76674206 22419823 0 0 0 0 0 41005767 0 0 0 
0 0 0 0 0 0 0 0 0 0 0 0 0 0 0 0 0 0 0 0 0 0 0 3 111151 0 0 2 0 0 199 0 0 22428068 42088460 34561378 0 0 0 40999806 0 0 0 0 
0 0 0 0 0 0 0 0 0 0 0 0 0 0 0 0 0 0 0 0 0 0 0 3 0 111155 111120 0 0 200 0 0 0 76674206 22419823 0 0 0 0 0 41005767 0 0 0 
0 0 0 0 0 0 0 0 0 0 0 0 0 0 0 0 0 0 0 0 0 0 0 3 111151 0 0 2 0 0 199 0 0 22428068 42088460 34561378 0 0 0 40999806 0 0 0 0 
0 0 0 0 0 0 0 0 0 0 0 0 0 0 0 0 0 0 0 0 0 0 0 3 0 111155 111120 0 0 200 0 0 0 76674206 22419823 0 0 0 0 0 41005767 0 0 0 
0 0 0 0 0 0 0 0 0 0 0 0 0 0 0 0 0 0 0 0 0 0 0 3 111151 0 0 2 0 0 199 0 0 22428068 42088460 34561378 0 0 0 40999806 0 0 0 0 
0 0 0 0 0 0 0 0 0 0 0 0 0 0 0 0 0 0 0 0 0 0 0 3 0 111155 111120 0 0 200 0 0 0 76674206 22419823 0 0 0 0 0 41005767 0 0 0 
0 0 0 0 0 0 0 0 0 0 0 0 0 0 0 0 0 0 0 0 0 0 0 3 111151 0 0 2 0 0 199 0 0 22428068 42088460 34561378 0 0 0 40999806 0 0 0 0 
0 0 0 0 0 0 0 0 0 0 0 0 0 0 0 0 0 0 0 0 0 0 0 3 0 111155 111120 0 0 200 0 0 0 76674206 22419823 0 0 0 0 0 41005767 0 0 0 
0 0 0 0 0 0 0 0 0 0 0 0 0 0 0 0 0 0 0 0 0 0 0 3 111151 0 0 2 0 0 199 0 0 22428068 42088460 34561378 0 0 0 40999806 0 0 0 0 
0 0 0 0 0 0 0 0 0 0 0 0 0 0 0 0 0 0 0 0 0 0 0 3 0 111155 111120 0 0 200 0 0 0 76674206 22419823 0 0 0 0 0 41005767 0 0 0 
0 0 0 0 0 0 0 0 0 0 0 0 0 0 0 0 0 0 0 0 0 0 0 3 111151 0 0 2 0 0 199 0 0 22428068 42088460 34561378 0 0 0 40999806 0 0 0 0 
0 0 0 0 0 0 0 0 0 0 0 0 0 0 0 0 0 0 0 0 0 0 0 3 0 111155 111120 0 0 200 0 0 0 76674206 22419823 0 0 0 0 0 41005767 0 0 0 
0 0 0 0 0 0 0 0 0 0 0 0 0 0 0 0 0 0 0 0 0 0 0 3 111151 0 0 2 0 0 199 0 0 22428068 42088460 34561378 0 0 0 40999806 0 0 0 0 
0 0 0 0 0 0 0 0 0 0 0 0 0 0 0 0 0 0 0 0 0 0 0 3 0 111155 111120 0 0 200 0 0 0 76674206 22419823 0 0 0 0 0 41005767 0 0 0 
0 0 0 0 0 0 0 0 0 0 0 0 0 0 0 0 0 0 0 0 0 0 0 3 111151 0 0 2 0 0 199 0 0 22428068 42088460 34561378 0 0 0 40999806 0 0 0 0 
0 0 0 0 0 0 0 0 0 0 0 0 0 0 0 0 0 0 0 0 0 0 0 3 0 111155 111120 0 0 200 0 0 0 76674206 22419823 0 0 0 0 0 41005767 0 0 0 
0 0 0 0 0 0 0 0 0 0 0 0 0 0 0 0 0 0 0 0 0 0 0 3 111151 0 0 2 0 0 199 0 0 22428068 42088460 34561378 0 0 0 40999806 0 0 0 0 
0 0 0 0 0 0 0 0 0 0 0 0 0 0 0 0 0 0 0 0 0 0 0 3 0 111155 111120 0 0 200 0 0 0 76674206 22419823 0 0 0 0 0 41005767 0 0 0 
0 0 0 0 0 0 0 0 0 0 0 0 0 0 0 0 0 0 0 0 0 0 0 3 111151 0 0 2 0 0 199 0 0 22428068 42088460 34561378 0 0 0 40999806 0 0 0 0 
0 0 0 0 0 0 0 0 0 0 0 0 0 0 0 0 0 0 0 0 0 0 0 3 0 111155 111120 0 0 200 0 0 0 76674206 22419823 0 0 0 0 0 41005767 0 0 0 
0 0 0 0 0 0 0 0 0 0 0 0 0 0 0 0 0 0 0 0 0 0 0 3 111151 0 0 2 0 0 199 0 0 22428068 42088460 34561378 0 0 0 40999806 0 0 0 0 
0 0 0 0 0 0 0 0 0 0 0 0 0 0 0 0 0 0 0 0 0 0 0 3 0 111155 111120 0 0 200 0 0 0 76674206 22419823 0 0 0 0 0 41005767 0 0 0 
0 0 0 0 0 0 0 0 0 0 0 0 0 0 0 0 0 0 0 0 0 0 0 3 111151 0 0 2 0 0 199 0 0 22428068 42088460 34561378 0 0 0 40999806 0 0 0 0 
0 0 0 0 0 0 0 0 0 0 0 0 0 0 0 0 0 0 0 0 0 0 0 3 0 111155 111120 0 0 200 0 0 0 76674206 22419823 0 0 0 0 0 41005767 0 0 0 
0 0 0 0 0 0 0 0 0 0 0 0 0 0 0 0 0 0 0 0 0 0 0 3 111151 0 0 2 0 0 199 0 0 22428068 42088460 34561378 0 0 0 40999806 0 0 0 0 
0 0 0 0 0 0 0 0 0 0 0 0 0 0 0 0 0 0 0 0 0 0 0 3 0 111155 111120 0 0 200 0 0 0 76674206 22419823 0 0 0 0 0 41005767 0 0 0 
0 0 0 0 0 0 0 0 0 0 0 0 0 0 0 0 0 0 0 0 0 0 0 3 111151 0 0 2 0 0 199 0 0 22428068 42088460 34561378 0 0 0 40999806 0 0 0 0 
0 0 0 0 0 0 0 0 0 0 0 0 0 0 0 0 0 0 0 0 0 0 0 3 0 111155 111120 0 0 200 0 0 0 76674206 22419823 0 0 0 0 0 41005767 0 0 0 
0 0 0 0 0 0 0 0 0 0 0 0 0 0 0 0 0 0 0 0 0 0 0 3 111151 0 0 2 0 0 199 0 0 22428068 42088460 34561378 0 0 0 40999806 0 0 0 0 
0 0 0 0 0 0 0 0 0 0 0 0 0 0 0 0 0 0 0 0 0 0 0 3 0 111155 111120 0 0 200 0 0 0 76674206 22419823 0 0 0 0 0 41005767 0 0 0 
0 0 0 0 0 0 0 0 0 0 0 0 0 0 0 0 0 0 0 0 0 0 0 3 111151 0 0 2 0 0 199 0 0 22428068 42088460 34561378 0 0 0 40999806 0 0 0 0 
0 0 0 0 0 0 0 0 0 0 0 0 0 0 0 0 0 0 0 0 0 0 0 3 0 111155 111120 0 0 200 0 0 0 76674206 22419823 0 0 0 0 0 41005767 0 0 0 
0 0 0 0 0 0 0 0 0 0 0 0 0 0 0 0 0 0 0 0 0 0 0 3 111151 0 0 2 0 0 199 0 0 22428068 42088460 34561378 0 0 0 40999806 0 0 0 0 
0 0 0 0 0 0 0 0 0 0 0 0 0 0 0 0 0 0 0 0 0 0 0 3 0 111155 111120 0 0 200 0 0 0 76674206 22419823 0 0 0 0 0 41005767 0 0 0 
0 0 0 0 0 0 0 0 0 0 0 0 0 0 0 0 0 0 0 0 0 0 0 3 111151 0 0 2 0 0 199 0 0 22428068 42088460 34561378 0 0 0 40999806 0 0 0 0 
0 0 0 0 0 0 0 0 0 0 0 0 0 0 0 0 0 0 0 0 0 0 0 3 0 111155 111120 0 0 200 0 0 0 76674206 22419823 0 0 0 0 0 41005767 0 0 0 
0 0 0 0 0 0 0 0 0 0 0 0 0 0 0 0 0 0 0 0 0 0 0 3 111151 0 0 2 0 0 199 0 0 22428068 42088460 34561378 0 0 0 40999806 0 0 0 0 
0 0 0 0 0 0 0 0 0 0 0 0 0 0 0 0 0 0 0 0 0 0 0 3 0 111155 111120 0 0 200 0 0 0 76674206 22419823 0 0 0 0 0 41005767 0 0 0 
0 0 0 0 0 0 0 0 0 0 0 0 0 0 0 0 0 0 0 0 0 0 0 3 111151 0 0 2 0 0 199 0 0 22428068 42088460 34561378 0 0 0 40999806 0 0 0 0 
0 0 0 0 0 0 0 0 0 0 0 0 0 0 0 0 0 0 0 0 0 0 0 3 0 111155 111120 0 0 200 0 0 0 76674206 22419823 0 0 0 0 0 41005767 0 0 0 
0 0 0 0 0 0 0 0 0 0 0 0 0 0 0 0 0 0 0 0 0 0 0 3 111151 0 0 2 0 0 199 0 0 22428068 42088460 34561378 0 0 0 40999806 0 0 0 0 
0 0 0 0 0 0 0 0 0 0 0 0 0 0 0 0 0 0 0 0 0 0 0 3 0 111155 111120 0 0 200 0 0 0 76674206 22419823 0 0 0 0 0 41005767 0 0 0 
0 0 0 0 0 0 0 0 0 0 0 0 0 0 0 0 0 0 0 0 0 0 0 3 111151 0 0 2 0 0 199 0 0 22428068 42088460 34561378 0 0 0 40999806 0 0 0 0 
0 0 0 0 0 0 0 0 0 0 0 0 0 0 0 0 0 0 0 0 0 0 0 3 0 111155 111120 0 0 200 0 0 0 76674206 22419823 0 0 0 0 0 41005767 0 0 0 
0 0 0 0 0 0 0 0 0 0 0 0 0 0 0 0 0 0 0 0 0 0 0 3 111151 0 0 2 0 0 199 0 0 22428068 42088460 34561378 0 0 0 40999806 0 0 0 0 
0 0 0 0 0 0 0 0 0 0 0 0 0 0 0 0 0 0 0 0 0 0 0 3 0 111155 111120 0 0 200 0 0 0 76674206 22419823 0 0 0 0 0 41005767 0 0 0 
0 0 0 0 0 0 0 0 0 0 0 0 0 0 0 0 0 0 0 0 0 0 0 3 111151 0 0 2 0 0 199 0 0 22428068 42088460 34561378 0 0 0 40999806 0 0 0 0 
0 0 0 0 0 0 0 0 0 0 0 0 0 0 0 0 0 0 0 0 0 0 0 3 0 111155 111120 0 0 200 0 0 0 76674206 22419823 0 0 0 0 0 41005767 0 0 0 
0 0 0 0 0 0 0 0 0 0 0 0 0 0 0 0 0 0 0 0 0 0 0 3 111151 0 0 2 0 0 199 0 0 22428068 42088460 34561378 0 0 0 40999806 0 0 0 0 
0 0 0 0 0 0 0 0 0 0 0 0 0 0 0 0 0 0 0 0 0 0 0 3 0 111155 111120 0 0 200 0 0 0 76674206 22419823 0 0 0 0 0 41005767 0 0 0 
0 0 0 0 0 0 0 0 0 0 0 0 0 0 0 0 0 0 0 0 0 0 0 3 111151 0 0 2 0 0 199 0 0 22428068 42088460 34561378 0 0 0 40999806 0 0 0 0 
0 0 0 0 0 0 0 0 0 0 0 0 0 0 0 0 0 0 0 0 0 0 0 3 0 111155 111120 0 0 200 0 0 0 76674206 22419823 0 0 0 0 0 41005767 0 0 0 
0 0 0 0 0 0 0 0 0 0 0 0 0 0 0 0 0 0 0 0 0 0 0 3 111151 0 0 2 0 0 199 0 0 22428068 42088460 34561378 0 0 0 40999806 0 0 0 0 
0 0 0 0 0 0 0 0 0 0 0 0 0 0 0 0 0 0 0 0 0 0 0 3 0 111155 111120 0 0 200 0 0 0 76674206 22419823 0 0 0 0 0 41005767 0 0 0 
0 0 0 0 0 0 0 0 0 0 0 0 0 0 0 0 0 0 0 0 0 0 0 3 111151 0 0 2 0 0 199 0 0 22428068 42088460 34561378 0 0 0 40999806 0 0 0 0 
0 0 0 0 0 0 0 0 0 0 0 0 0 0 0 0 0 0 0 0 0 0 0 3 0 111155 111120 0 0 200 0 0 0 76674206 22419823 0 0 0 0 0 41005767 0 0 0 
0 0 0 0 0 0 0 0 0 0 0 0 0 0 0 0 0 0 0 0 0 0 0 3 111151 0 0 2 0 0 199 0 0 22428068 42088460 34561378 0 0 0 40999806 0 0 0 0 
0 0 0 0 0 0 0 0 0 0 0 0 0 0 0 0 0 0 0 0 0 0 0 3 0 111155 111120 0 0 200 0 0 0 76674206 22419823 0 0 0 0 0 41005767 0 0 0 
0 0 0 0 0 0 0 0 0 0 0 0 0 0 0 0 0 0 0 0 0 0 0 3 111151 0 0 2 0 0 199 0 0 22428068 42088460 34561378 0 0 0 40999806 0 0 0 0 
0 0 0 0 0 0 0 0 0 0 0 0 0 0 0 0 0 0 0 0 0 0 0 3 0 111155 111120 0 0 200 0 0 0 76674206 22419823 0 0 0 0 0 41005767 0 0 0 
0 0 0 0 0 0 0 0 0 0 0 0 0 0 0 0 0 0 0 0 0 0 0 3 111151 0 0 2 0 0 199 0 0 22428068 42088460 34561378 0 0 0 40999806 0 0 0 0 
0 0 0 0 0 0 0 0 0 0 0 0 0 0 0 0 0 0 0 0 0 0 0 3 0 111155 111120 0 0 200 0 0 0 76674206 22419823 0 0 0 0 0 41005767 0 0 0 
0 0 0 0 0 0 0 0 0 0 0 0 0 0 0 0 0 0 0 0 0 0 0 3 111151 0 0 2 0 0 199 0 0 22428068 42088460 34561378 0 0 0 40999806 0 0 0 0 
0 0 0 0 0 0 0 0 0 0 0 0 0 0 0 0 0 0 0 0 0 0 0 3 0 111155 111120 0 0 200 0 0 0 76674206 22419823 0 0 0 0 0 41005767 0 0 0 
0 0 0 0 0 0 0 0 0 0 0 0 0 0 0 0 0 0 0 0 0 0 0 3 111151 0 0 2 0 0 199 0 0 22428068 42088460 34561378 0 0 0 40999806 0 0 0 0 
0 0 0 0 0 0 0 0 0 0 0 0 0 0 0 0 0 0 0 0 0 0 0 3 0 111155 111120 0 0 200 0 0 0 76674206 22419823 0 0 0 0 0 41005767 0 0 0 
0 0 0 0 0 0 0 0 0 0 0 0 0 0 0 0 0 0 0 0 0 0 0 3 111151 0 0 2 0 0 199 0 0 22428068 42088460 34561378 0 0 0 40999806 0 0 0 0 
0 0 0 0 0 0 0 0 0 0 0 0 0 0 0 0 0 0 0 0 0 0 0 3 0 111155 111120 0 0 200 0 0 0 76674206 22419823 0 0 0 0 0 41005767 0 0 0 
0 0 0 0 0 0 0 0 0 0 0 0 0 0 0 0 0 0 0 0 0 0 0 3 111151 0 0 2 0 0 199 0 0 22428068 42088460 34561378 0 0 0 40999806 0 0 0 0 
0 0 0 0 0 0 0 0 0 0 0 0 0 0 0 0 0 0 0 0 0 0 0 3 0 111155 111120 0 0 200 0 0 0 76674206 22419823 0 0 0 0 0 41005767 0 0 0 
0 0 0 0 0 0 0 0 0 0 0 0 0 0 0 0 0 0 0 0 0 0 0 3 111151 0 0 2 0 0 199 0 0 22428068 42088460 34561378 0 0 0 40999806 0 0 0 0 
0 0 0 0 0 0 0 0 0 0 0 0 0 0 0 0 0 0 0 0 0 0 0 3 0 111155 111120 0 0 200 0 0 0 76674206 22419823 0 0 0 0 0 41005767 0 0 0 
0 0 0 0 0 0 0 0 0 0 0 0 0 0 0 0 0 0 0 0 0 0 0 3 111151 0 0 2 0 0 199 0 0 22428068 42088460 34561378 0 0 0 40999806 0 0 0 0 
0 0 0 0 0 0 0 0 0 0 0 0 0 0 0 0 0 0 0 0 0 0 0 3 0 111155 111120 0 0 200 0 0 0 76674206 22419823 0 0 0 0 0 41005767 0 0 0 
0 0 0 0 0 0 0 0 0 0 0 0 0 0 0 0 0 0 0 0 0 0 0 3 111151 0 0 2 0 0 199 0 0 22428068 42088460 34561378 0 0 0 40999806 0 0 0 0 
0 0 0 0 0 0 0 0 0 0 0 0 0 0 0 0 0 0 0 0 0 0 0 3 0 111155 111120 0 0 200 0 0 0 76674206 22419823 0 0 0 0 0 41005767 0 0 0 
0 0 0 0 0 0 0 0 0 0 0 0 0 0 0 0 0 0 0 0 0 0 0 3 111151 0 0 2 0 0 199 0 0 22428068 42088460 34561378 0 0 0 40999806 0 0 0 0 
0 0 0 0 0 0 0 0 0 0 0 0 0 0 0 0 0 0 0 0 0 0 0 3 0 111155 111120 0 0 200 0 0 0 76674206 22419823 0 0 0 0 0 41005767 0 0 0 
0 0 0 0 0 0 0 0 0 0 0 0 0 0 0 0 0 0 0 0 0 0 0 3 111151 0 0 2 0 0 199 0 0 22428068 42088460 34561378 0 0 0 40999806 0 0 0 0 
0 0 0 0 0 0 0 0 0 0 0 0 0 0 0 0 0 0 0 0 0 0 0 3 0 111155 111120 0 0 200 0 0 0 76674206 22419823 0 0 0 0 0 41005767 0 0 0 
0 0 0 0 0 0 0 0 0 0 0 0 0 0 0 0 0 0 0 0 0 0 0 3 111151 0 0 2 0 0 199 0 0 22428068 42088460 34561378 0 0 0 40999806 0 0 0 0 
0 0 0 0 0 0 0 0 0 0 0 0 0 0 0 0 0 0 0 0 0 0 0 3 0 111155 111120 0 0 200 0 0 0 76674206 22419823 0 0 0 0 0 41005767 0 0 0 
0 0 0 0 0 0 0 0 0 0 0 0 0 0 0 0 0 0 0 0 0 0 0 3 111151 0 0 2 0 0 199 0 0 22428068 42088460 34561378 0 0 0 40999806 0 0 0 0 
0 0 0 0 0 0 0 0 0 0 0 0 0 0 0 0 0 0 0 0 0 0 0 3 0 111155 111120 0 0 200 0 0 0 76674206 22419823 0 0 0 0 0 41005767 0 0 0 
0 0 0 0 0 0 0 0 0 0 0 0 0 0 0 0 0 0 0 0 0 0 0 3 111151 0 0 2 0 0 199 0 0 22428068 42088460 34561378 0 0 0 40999806 0 0 0 0 
0 0 0 0 0 0 0 0 0 0 0 0 0 0 0 0 0 0 0 0 0 0 0 3 0 111155 111120 0 0 200 0 0 0 76674206 22419823 0 0 0 0 0 41005767 0 0 0 
0 0 0 0 0 0 0 0 0 0 0 0 0 0 0 0 0 0 0 0 0 0 0 3 111151 0 0 2 0 0 199 0 0 22428068 42088460 34561378 0 0 0 40999806 0 0 0 0 
0 0 0 0 0 0 0 0 0 0 0 0 0 0 0 0 0 0 0 0 0 0 0 3 0 111155 111120 0 0 200 0 0 0 76674206 22419823 0 0 0 0 0 41005767 0 0 0 
0 0 0 0 0 0 0 0 0 0 0 0 0 0 0 0 0 0 0 0 0 0 0 3 111151 0 0 2 0 0 199 0 0 22428068 42088460 34561378 0 0 0 40999806 0 0 0 0 
0 0 0 0 0 0 0 0 0 0 0 0 0 0 0 0 0 0 0 0 0 0 0 3 0 111155 111120 0 0 200 0 0 0 76674206 22419823 0 0 0 0 0 41005767 0 0 0 
0 0 0 0 0 0 0 0 0 0 0 0 0 0 0 0 0 0 0 0 0 0 0 3 111151 0 0 2 0 0 199 0 0 22428068 42088460 34561378 0 0 0 40999806 0 0 0 0 
0 0 0 0 0 0 0 0 0 0 0 0 0 0 0 0 0 0 0 0 0 0 0 3 0 111155 111120 0 0 200 0 0 0 76674206 22419823 0 0 0 0 0 41005767 0 0 0 
0 0 0 0 0 0 0 0 0 0 0 0 0 0 0 0 0 0 0 0 0 0 0 3 111151 0 0 2 0 0 199 0 0 22428068 42088460 34561378 0 0 0 40999806 0 0 0 0 
0 0 0 0 0 0 0 0 0 0 0 0 0 0 0 0 0 0 0 0 0 0 0 3 0 111155 111120 0 0 200 0 0 0 76674206 22419823 0 0 0 0 0 41005767 0 0 0 
0 0 0 0 0 0 0 0 0 0 0 0 0 0 0 0 0 0 0 0 0 0 0 3 111151 0 0 2 0 0 199 0 0 22428068 42088460 34561378 0 0 0 40999806 0 0 0 0 
0 0 0 0 0 0 0 0 0 0 0 0 0 0 0 0 0 0 0 0 0 0 0 3 0 111155 111120 0 0 200 0 0 0 76674206 22419823 0 0 0 0 0 41005767 0 0 0 
0 0 0 0 0 0 0 0 0 0 0 0 0 0 0 0 0 0 0 0 0 0 0 3 111151 0 0 2 0 0 199 0 0 22428068 42088460 34561378 0 0 0 40999806 0 0 0 0 
0 0 0 0 0 0 0 0 0 0 0 0 0 0 0 0 0 0 0 0 0 0 0 3 0 111155 111120 0 0 200 0 0 0 76674206 22419823 0 0 0 0 0 41005767 0 0 0 
0 0 0 0 0 0 0 0 0 0 0 0 0 0 0 0 0 0 0 0 0 0 0 3 111151 0 0 2 0 0 199 0 0 22428068 42088460 34561378 0 0 0 40999806 0 0 0 0 
0 0 0 0 0 0 0 0 0 0 0 0 0 0 0 0 0 0 0 0 0 0 0 3 0 111155 111120 0 0 200 0 0 0 76674206 22419823 0 0 0 0 0 41005767 0 0 0 
0 0 0 0 0 0 0 0 0 0 0 0 0 0 0 0 0 0 0 0 0 0 0 3 111151 0 0 2 0 0 199 0 0 22428068 42088460 34561378 0 0 0 40999806 0 0 0 0 
0 0 0 0 0 0 0 0 0 0 0 0 0 0 0 0 0 0 0 0 0 0 0 3 0 111155 111120 0 0 200 0 0 0 76674206 22419823 0 0 0 0 0 41005767 0 0 0 
0 0 0 0 0 0 0 0 0 0 0 0 0 0 0 0 0 0 0 0 0 0 0 3 111151 0 0 2 0 0 199 0 0 22428068 42088460 34561378 0 0 0 40999806 0 0 0 0 
0 0 0 0 0 0 0 0 0 0 0 0 0 0 0 0 0 0 0 0 0 0 0 3 0 111155 111120 0 0 200 0 0 0 76674206 22419823 0 0 0 0 0 41005767 0 0 0 
0 0 0 0 0 0 0 0 0 0 0 0 0 0 0 0 0 0 0 0 0 0 0 3 111151 0 0 2 0 0 199 0 0 22428068 42088460 34561378 0 0 0 40999806 0 0 0 0 
0 0 0 0 0 0 0 0 0 0 0 0 0 0 0 0 0 0 0 0 0 0 0 3 0 111155 111120 0 0 200 0 0 0 76674206 22419823 0 0 0 0 0 41005767 0 0 0 
0 0 0 0 0 0 0 0 0 0 0 0 0 0 0 0 0 0 0 0 0 0 0 3 111151 0 0 2 0 0 199 0 0 22428068 42088460 34561378 0 0 0 40999806 0 0 0 0 
0 0 0 0 0 0 0 0 0 0 0 0 0 0 0 0 0 0 0 0 0 0 0 3 0 111155 111120 0 0 200 0 0 0 76674206 22419823 0 0 0 0 0 41005767 0 0 0 
0 0 0 0 0 0 0 0 0 0 0 0 0 0 0 0 0 0 0 0 0 0 0 3 111151 0 0 2 0 0 199 0 0 22428068 42088460 34561378 0 0 0 40999806 0 0 0 0 
0 0 0 0 0 0 0 0 0 0 0 0 0 0 0 0 0 0 0 0 0 0 0 3 0 111155 111120 0 0 200 0 0 0 76674206 22419823 0 0 0 0 0 41005767 0 0 0 
0 0 0 0 0 0 0 0 0 0 0 0 0 0 0 0 0 0 0 0 0 0 0 3 111151 0 0 2 0 0 199 0 0 22428068 42088460 34561378 0 0 0 40999806 0 0 0 0 
0 0 0 0 0 0 0 0 0 0 0 0 0 0 0 0 0 0 0 0 0 0 0 3 0 111155 111120 0 0 200 0 0 0 76674206 22419823 0 0 0 0 0 41005767 0 0 0 
