0.313894
0.313587
0.312404
0.313677
0.320302
0.312852
0.324669
0.314122
0.313018
0.311688
0.313146
0.311226
0.312737
0.313170
0.324868
0.313857
0.310207
0.313569
0.323009
0.313566
0.313659
0.317829
0.312828
0.312940
0.313374
0.311343
0.313156
0.312935
0.312695
0.312393
0.308516
0.313926
0.312764
0.318065
0.315260
0.330403
0.313490
0.310517
0.313023
0.312393
0.328610
0.313476
0.313177
0.313478
0.314871
0.312305
0.311579
0.328061
0.312790
0.314416
0.314142
0.324454
0.312163
0.313008
0.323944
0.322192
0.313006
0.312655
0.323400
0.312912
0.313560
0.320347
0.313637
0.312781
0.312320
0.312102
0.318040
0.313022
0.321385
0.313695
0.313767
0.312926
0.328714
0.327538
0.330732
0.313880
0.311701
0.313630
0.313672
0.309573
0.323967
0.311234
0.313443
0.313032
0.313445
0.309939
0.312418
0.312306
0.313101
0.311358
0.322781
0.313084
0.308080
0.313420
0.312971
0.312894
0.313519
0.324177
0.313471
0.313240
