1.235029
1.237802
1.234233
1.236603
1.235551
1.230887
1.235976
1.238685
1.247711
1.233296
1.236354
1.233810
1.237417
1.231514
1.234511
1.250110
1.233562
1.250423
1.231098
1.235556
1.236671
1.231519
1.237379
1.249301
1.233431
1.237018
1.232001
1.297397
1.232794
1.235699
1.235596
1.233993
1.233060
1.235205
1.230221
1.236192
1.237223
1.227263
1.234588
1.237147
1.235622
1.236127
1.229359
1.254234
1.236463
1.229967
1.235616
1.231042
1.249142
1.235737
1.231519
1.234405
1.234318
1.230074
1.236139
1.234451
1.242510
1.241776
1.231813
1.292379
1.237097
1.231469
1.234004
1.231349
1.223218
1.227607
1.229860
1.233277
1.235198
1.229923
1.236061
1.231018
1.235216
1.235540
1.235156
1.233376
1.237212
1.231867
1.234909
1.232347
1.237839
1.233766
1.231401
1.235222
1.236800
1.231799
1.242092
1.230640
1.234110
1.235478
1.231105
1.234712
1.233865
1.232951
1.236936
1.230871
1.231188
1.234266
1.231888
1.236194
