0.159882
0.158996
0.158007
0.159911
0.162269
0.159449
0.159345
0.159798
0.159939
0.168379
0.159923
0.159259
0.159294
0.159435
0.159837
0.158899
0.159599
0.159539
0.167894
0.160503
0.160918
0.159972
0.159888
0.158936
0.158888
0.159619
0.159203
0.163935
0.158830
0.159924
0.157950
0.159773
0.158701
0.159740
0.159655
0.160350
0.158680
0.159630
0.159678
0.157655
0.160169
0.160987
0.159439
0.158940
0.159305
0.159330
0.159098
0.158564
0.158384
0.160038
0.159981
0.160395
0.160588
0.159724
0.159897
0.161913
0.160145
0.159700
0.158031
0.159948
0.166761
0.159399
0.160044
0.158975
0.158779
0.160088
0.160034
0.164168
0.159806
0.159819
0.160272
0.159764
0.160934
0.159867
0.159043
0.159704
0.160781
0.159184
0.159885
0.158546
0.158827
0.165766
0.159237
0.159249
0.160805
0.160744
0.157677
0.158767
0.167334
0.159679
0.159865
0.160667
0.159107
0.158990
0.160198
0.166805
0.159592
0.159746
0.160051
0.159966
