4.912987
4.918203
4.918411
4.920269
4.920655
4.922088
4.924818
4.915089
4.981014
4.926935
4.916991
4.924258
4.914960
4.919075
4.929701
4.921871
4.918822
4.926160
4.922651
4.921428
4.885849
4.917072
4.920904
4.924738
4.919400
4.920247
4.923722
4.915187
4.922024
4.916873
4.918713
4.919207
4.928530
4.924901
4.915347
4.914681
4.919072
4.915811
4.935168
4.919289
4.916068
4.924632
4.919120
4.921640
4.923110
4.985373
4.920301
4.919145
4.920690
4.920045
4.918225
4.915087
4.918443
4.926678
4.926935
4.924627
4.918546
4.917615
4.913436
4.920865
4.920065
4.913711
4.920164
4.918734
4.911804
4.929449
4.926002
4.919526
4.917694
4.917382
4.936673
4.917640
4.919530
4.916529
4.925502
4.919952
4.921866
4.925433
4.917468
4.920229
4.916861
4.924133
4.922158
4.918136
4.915603
4.921237
4.920775
4.924113
4.918450
4.922042
4.934071
4.917510
