0.619308
0.619592
0.619240
0.628516
0.618418
0.620677
0.634269
0.615097
0.617747
0.620497
0.619867
0.618719
0.617067
0.664064
0.619525
0.619575
0.615553
0.618196
0.620179
0.620759
0.619271
0.619754
0.619146
0.620581
0.619566
0.630518
0.618875
0.621207
0.621136
0.620370
0.618880
0.619553
0.619342
0.642942
0.614645
0.623053
0.620069
0.620458
0.613496
0.624278
0.620149
0.619797
0.619211
0.614165
0.618491
0.620766
0.621196
0.618551
0.620216
0.618865
0.619936
0.618214
0.618138
0.626647
0.623240
0.622203
0.618412
0.620169
0.620497
0.620662
0.619442
0.615252
0.649117
0.620181
0.620700
0.619241
0.619928
0.621262
0.621351
0.619939
0.622851
0.648743
0.619588
0.619680
0.617924
0.619576
0.620485
0.620175
0.630748
0.615571
0.625228
0.651218
0.619784
0.620550
0.626223
0.621358
0.619264
0.620840
0.619808
0.633127
0.619184
0.619012
0.616839
0.620251
0.621224
0.620867
0.621428
0.616913
0.628198
0.650172
