2.465471
2.464718
2.455847
2.466758
2.463275
2.458105
2.462203
2.467039
2.461684
2.459110
2.464577
2.455936
2.461039
2.470093
2.457524
2.463393
2.461484
2.470971
2.461880
2.463270
2.465944
2.456964
2.467135
2.463009
2.476325
2.465636
2.463989
2.461037
2.472566
2.471293
2.460046
2.459537
2.464230
2.459649
2.461475
2.466944
2.461143
2.468362
2.477017
2.461427
2.468935
2.463627
2.461523
2.460935
2.465079
2.479920
2.456232
2.466191
2.461113
2.459535
2.460497
2.463198
2.461340
2.465580
2.477279
2.457475
2.459262
2.471135
2.464999
2.473845
2.464052
2.457131
2.461442
2.462510
2.463306
2.465679
2.464973
2.467258
2.457568
2.469207
2.461323
2.460809
2.460809
2.462398
2.459600
2.457768
2.476082
2.458527
2.461871
2.482647
2.468593
2.460645
2.465353
2.475348
2.482028
2.464093
2.533459
2.466169
2.471647
2.464055
2.458255
2.461395
2.464407
2.460245
2.460067
2.462897
2.460672
2.459308
2.465287
2.455870
