0.084505
0.084181
0.084972
0.084340
0.088693
0.084976
0.084149
0.084247
0.084839
0.085301
0.084837
0.085411
0.084237
0.083005
0.084651
0.087022
0.084065
0.084011
0.084095
0.083896
0.084750
0.084444
0.085471
0.083489
0.083118
0.084674
0.084146
0.083670
0.086222
0.083340
0.084036
0.084731
0.083616
0.084657
0.084845
0.084012
0.088167
0.083787
0.082992
0.085093
0.084574
0.083421
0.085222
0.084816
0.084674
0.083997
0.084087
0.082849
0.083904
0.086448
0.083847
0.084117
0.084825
0.084247
0.082576
0.085809
0.084472
0.083841
0.083954
0.084921
0.085208
0.083858
0.083975
0.084411
0.084370
0.084826
0.084065
0.084473
0.085034
0.088103
0.087868
0.084952
0.084920
0.084948
0.084306
0.083444
0.084864
0.084069
0.084920
0.084838
0.085198
0.084051
0.084758
0.083551
0.085191
0.083674
0.084178
0.085066
0.083506
0.084113
0.084321
0.084846
0.083806
0.084806
0.084852
0.083707
0.084789
0.084720
0.083941
0.083984
