0 0 0 0 0 0 0 0 0 0 0 0 0 0 0 0 0 0 0 0 0 0 0 3 0 24575 24572 0 0 41 0 0 0 13903727 4368885 0 0 0 0 0 7184149 0 0 0 
0 0 0 0 0 0 0 0 0 0 0 0 0 0 0 0 0 0 0 0 0 0 0 3 24578 0 0 0 0 0 41 0 0 4368544 7340839 6561077 0 0 0 7184767 0 0 0 0 
0 0 0 0 0 0 0 0 0 0 0 0 0 0 0 0 0 0 0 0 0 0 0 3 0 24575 24572 0 0 41 0 0 0 13903727 4368885 0 0 0 0 0 7184149 0 0 0 
0 0 0 0 0 0 0 0 0 0 0 0 0 0 0 0 0 0 0 0 0 0 0 3 24578 0 0 0 0 0 41 0 0 4368544 7340839 6561077 0 0 0 7184767 0 0 0 0 
0 0 0 0 0 0 0 0 0 0 0 0 0 0 0 0 0 0 0 0 0 0 0 3 0 24575 24572 0 0 41 0 0 0 13903727 4368885 0 0 0 0 0 7184149 0 0 0 
0 0 0 0 0 0 0 0 0 0 0 0 0 0 0 0 0 0 0 0 0 0 0 3 24578 0 0 0 0 0 41 0 0 4368544 7340839 6561077 0 0 0 7184767 0 0 0 0 
0 0 0 0 0 0 0 0 0 0 0 0 0 0 0 0 0 0 0 0 0 0 0 3 0 24575 24572 0 0 41 0 0 0 13903727 4368885 0 0 0 0 0 7184149 0 0 0 
0 0 0 0 0 0 0 0 0 0 0 0 0 0 0 0 0 0 0 0 0 0 0 3 24578 0 0 0 0 0 41 0 0 4368544 7340839 6561077 0 0 0 7184767 0 0 0 0 
0 0 0 0 0 0 0 0 0 0 0 0 0 0 0 0 0 0 0 0 0 0 0 3 0 24575 24572 0 0 41 0 0 0 13903727 4368885 0 0 0 0 0 7184149 0 0 0 
0 0 0 0 0 0 0 0 0 0 0 0 0 0 0 0 0 0 0 0 0 0 0 3 24578 0 0 0 0 0 41 0 0 4368544 7340839 6561077 0 0 0 7184767 0 0 0 0 
0 0 0 0 0 0 0 0 0 0 0 0 0 0 0 0 0 0 0 0 0 0 0 3 0 24575 24572 0 0 41 0 0 0 13903727 4368885 0 0 0 0 0 7184149 0 0 0 
0 0 0 0 0 0 0 0 0 0 0 0 0 0 0 0 0 0 0 0 0 0 0 3 24578 0 0 0 0 0 41 0 0 4368544 7340839 6561077 0 0 0 7184767 0 0 0 0 
0 0 0 0 0 0 0 0 0 0 0 0 0 0 0 0 0 0 0 0 0 0 0 3 0 24575 24572 0 0 41 0 0 0 13903727 4368885 0 0 0 0 0 7184149 0 0 0 
0 0 0 0 0 0 0 0 0 0 0 0 0 0 0 0 0 0 0 0 0 0 0 3 24578 0 0 0 0 0 41 0 0 4368544 7340839 6561077 0 0 0 7184767 0 0 0 0 
0 0 0 0 0 0 0 0 0 0 0 0 0 0 0 0 0 0 0 0 0 0 0 3 0 24575 24572 0 0 41 0 0 0 13903727 4368885 0 0 0 0 0 7184149 0 0 0 
0 0 0 0 0 0 0 0 0 0 0 0 0 0 0 0 0 0 0 0 0 0 0 3 24578 0 0 0 0 0 41 0 0 4368544 7340839 6561077 0 0 0 7184767 0 0 0 0 
====>
0 0 0 0 0 0 0 0 0 0 0 0 0 0 0 0 0 0 0 0 0 0 0 3 0 24575 24572 0 0 41 0 0 0 13903727 4368885 0 0 0 0 0 7184149 0 0 0 
0 0 0 0 0 0 0 0 0 0 0 0 0 0 0 0 0 0 0 0 0 0 0 3 24578 0 0 0 0 0 41 0 0 4368544 7340839 6561077 0 0 0 7184767 0 0 0 0 
0 0 0 0 0 0 0 0 0 0 0 0 0 0 0 0 0 0 0 0 0 0 0 3 0 24575 24572 0 0 41 0 0 0 13903727 4368885 0 0 0 0 0 7184149 0 0 0 
0 0 0 0 0 0 0 0 0 0 0 0 0 0 0 0 0 0 0 0 0 0 0 3 24578 0 0 0 0 0 41 0 0 4368544 7340839 6561077 0 0 0 7184767 0 0 0 0 
0 0 0 0 0 0 0 0 0 0 0 0 0 0 0 0 0 0 0 0 0 0 0 3 0 24575 24572 0 0 41 0 0 0 13903727 4368885 0 0 0 0 0 7184149 0 0 0 
0 0 0 0 0 0 0 0 0 0 0 0 0 0 0 0 0 0 0 0 0 0 0 3 24578 0 0 0 0 0 41 0 0 4368544 7340839 6561077 0 0 0 7184767 0 0 0 0 
0 0 0 0 0 0 0 0 0 0 0 0 0 0 0 0 0 0 0 0 0 0 0 3 0 24575 24572 0 0 41 0 0 0 13903727 4368885 0 0 0 0 0 7184149 0 0 0 
0 0 0 0 0 0 0 0 0 0 0 0 0 0 0 0 0 0 0 0 0 0 0 3 24578 0 0 0 0 0 41 0 0 4368544 7340839 6561077 0 0 0 7184767 0 0 0 0 
0 0 0 0 0 0 0 0 0 0 0 0 0 0 0 0 0 0 0 0 0 0 0 3 0 24575 24572 0 0 41 0 0 0 13903727 4368885 0 0 0 0 0 7184149 0 0 0 
0 0 0 0 0 0 0 0 0 0 0 0 0 0 0 0 0 0 0 0 0 0 0 3 24578 0 0 0 0 0 41 0 0 4368544 7340839 6561077 0 0 0 7184767 0 0 0 0 
0 0 0 0 0 0 0 0 0 0 0 0 0 0 0 0 0 0 0 0 0 0 0 3 0 24575 24572 0 0 41 0 0 0 13903727 4368885 0 0 0 0 0 7184149 0 0 0 
0 0 0 0 0 0 0 0 0 0 0 0 0 0 0 0 0 0 0 0 0 0 0 3 24578 0 0 0 0 0 41 0 0 4368544 7340839 6561077 0 0 0 7184767 0 0 0 0 
0 0 0 0 0 0 0 0 0 0 0 0 0 0 0 0 0 0 0 0 0 0 0 3 0 24575 24572 0 0 41 0 0 0 13903727 4368885 0 0 0 0 0 7184149 0 0 0 
0 0 0 0 0 0 0 0 0 0 0 0 0 0 0 0 0 0 0 0 0 0 0 3 24578 0 0 0 0 0 41 0 0 4368544 7340839 6561077 0 0 0 7184767 0 0 0 0 
0 0 0 0 0 0 0 0 0 0 0 0 0 0 0 0 0 0 0 0 0 0 0 3 0 24575 24572 0 0 41 0 0 0 13903727 4368885 0 0 0 0 0 7184149 0 0 0 
0 0 0 0 0 0 0 0 0 0 0 0 0 0 0 0 0 0 0 0 0 0 0 3 24578 0 0 0 0 0 41 0 0 4368544 7340839 6561077 0 0 0 7184767 0 0 0 0 
0 0 0 0 0 0 0 0 0 0 0 0 0 0 0 0 0 0 0 0 0 0 0 3 0 24575 24572 0 0 41 0 0 0 13903727 4368885 0 0 0 0 0 7184149 0 0 0 
0 0 0 0 0 0 0 0 0 0 0 0 0 0 0 0 0 0 0 0 0 0 0 3 24578 0 0 0 0 0 41 0 0 4368544 7340839 6561077 0 0 0 7184767 0 0 0 0 
0 0 0 0 0 0 0 0 0 0 0 0 0 0 0 0 0 0 0 0 0 0 0 3 0 24575 24572 0 0 41 0 0 0 13903727 4368885 0 0 0 0 0 7184149 0 0 0 
0 0 0 0 0 0 0 0 0 0 0 0 0 0 0 0 0 0 0 0 0 0 0 3 24578 0 0 0 0 0 41 0 0 4368544 7340839 6561077 0 0 0 7184767 0 0 0 0 
0 0 0 0 0 0 0 0 0 0 0 0 0 0 0 0 0 0 0 0 0 0 0 3 0 24575 24572 0 0 41 0 0 0 13903727 4368885 0 0 0 0 0 7184149 0 0 0 
0 0 0 0 0 0 0 0 0 0 0 0 0 0 0 0 0 0 0 0 0 0 0 3 24578 0 0 0 0 0 41 0 0 4368544 7340839 6561077 0 0 0 7184767 0 0 0 0 
0 0 0 0 0 0 0 0 0 0 0 0 0 0 0 0 0 0 0 0 0 0 0 3 0 24575 24572 0 0 41 0 0 0 13903727 4368885 0 0 0 0 0 7184149 0 0 0 
0 0 0 0 0 0 0 0 0 0 0 0 0 0 0 0 0 0 0 0 0 0 0 3 24578 0 0 0 0 0 41 0 0 4368544 7340839 6561077 0 0 0 7184767 0 0 0 0 
0 0 0 0 0 0 0 0 0 0 0 0 0 0 0 0 0 0 0 0 0 0 0 3 0 24575 24576 0 0 53 0 0 0 13907607 4368885 0 0 0 0 0 7184149 0 0 0 
0 0 0 0 0 0 0 0 0 0 0 0 0 0 0 0 0 0 0 0 0 0 0 3 24582 0 0 0 0 0 53 0 0 4368544 7344716 6561081 0 0 0 7184767 0 0 0 0 
0 0 0 0 0 0 0 0 0 0 0 0 0 0 0 0 0 0 0 0 0 0 0 3 0 24575 24576 0 0 53 0 0 0 13920833 4368891 0 0 0 0 0 7184149 0 0 0 
0 0 0 0 0 0 0 0 0 0 0 0 0 0 0 0 0 0 0 0 0 0 0 3 24582 0 0 0 0 0 53 0 0 4368550 7357946 6561081 0 0 0 7184767 0 0 0 0 
0 0 0 0 0 0 0 0 0 0 0 0 0 0 0 0 0 0 0 0 0 0 0 3 0 24575 24576 0 0 53 0 0 0 13920839 4368897 0 0 0 0 0 7184149 0 0 0 
0 0 0 0 0 0 0 0 0 0 0 0 0 0 0 0 0 0 0 0 0 0 0 3 24582 0 0 0 0 0 53 0 0 4368556 7357952 6561081 0 0 0 7184767 0 0 0 0 
0 0 0 0 0 0 0 0 0 0 0 0 0 0 0 0 0 0 0 0 0 0 0 3 0 24575 24576 0 0 53 0 0 0 13920845 4368903 0 0 0 0 0 7184149 0 0 0 
0 0 0 0 0 0 0 0 0 0 0 0 0 0 0 0 0 0 0 0 0 0 0 3 24582 0 0 0 0 0 53 0 0 4368562 7357958 6561081 0 0 0 7184767 0 0 0 0 
0 0 0 0 0 0 0 0 0 0 0 0 0 0 0 0 0 0 0 0 0 0 0 3 0 24575 24576 0 0 53 0 0 0 13920852 4368910 0 0 0 0 0 7184149 0 0 0 
0 0 0 0 0 0 0 0 0 0 0 0 0 0 0 0 0 0 0 0 0 0 0 3 24582 0 0 0 0 0 53 0 0 4368569 7357965 6561081 0 0 0 7184767 0 0 0 0 
0 0 0 0 0 0 0 0 0 0 0 0 0 0 0 0 0 0 0 0 0 0 0 3 0 24575 24576 0 0 53 0 0 0 13920858 4368916 0 0 0 0 0 7184149 0 0 0 
0 0 0 0 0 0 0 0 0 0 0 0 0 0 0 0 0 0 0 0 0 0 0 3 24582 0 0 0 0 0 53 0 0 4368575 7357971 6561081 0 0 0 7184767 0 0 0 0 
0 0 0 0 0 0 0 0 0 0 0 0 0 0 0 0 0 0 0 0 0 0 0 3 0 24575 24576 0 0 53 0 0 0 13920865 4368923 0 0 0 0 0 7184149 0 0 0 
0 0 0 0 0 0 0 0 0 0 0 0 0 0 0 0 0 0 0 0 0 0 0 3 24582 0 0 0 0 0 53 0 0 4368582 7357978 6561081 0 0 0 7184767 0 0 0 0 
0 0 0 0 0 0 0 0 0 0 0 0 0 0 0 0 0 0 0 0 0 0 0 3 0 24575 24576 0 0 53 0 0 0 13920871 4368929 0 0 0 0 0 7184149 0 0 0 
0 0 0 0 0 0 0 0 0 0 0 0 0 0 0 0 0 0 0 0 0 0 0 3 24582 0 0 0 0 0 53 0 0 4368588 7357984 6561081 0 0 0 7184767 0 0 0 0 
0 0 0 0 0 0 0 0 0 0 0 0 0 0 0 0 0 0 0 0 0 0 0 3 0 24575 24576 0 0 53 0 0 0 13920878 4368936 0 0 0 0 0 7184149 0 0 0 
0 0 0 0 0 0 0 0 0 0 0 0 0 0 0 0 0 0 0 0 0 0 0 3 24582 0 0 0 0 0 53 0 0 4368595 7357991 6561081 0 0 0 7184767 0 0 0 0 
0 0 0 0 0 0 0 0 0 0 0 0 0 0 0 0 0 0 0 0 0 0 0 3 0 24575 24576 0 0 53 0 0 0 13920885 4368942 0 0 0 0 0 7184149 0 0 0 
0 0 0 0 0 0 0 0 0 0 0 0 0 0 0 0 0 0 0 0 0 0 0 3 24582 0 0 0 0 0 53 0 0 4368601 7357998 6561081 0 0 0 7184767 0 0 0 0 
0 0 0 0 0 0 0 0 0 0 0 0 0 0 0 0 0 0 0 0 0 0 0 3 0 24575 24576 0 0 53 0 0 0 13920891 4368949 0 0 0 0 0 7184149 0 0 0 
0 0 0 0 0 0 0 0 0 0 0 0 0 0 0 0 0 0 0 0 0 0 0 3 24582 0 0 0 0 0 53 0 0 4368608 7358004 6561081 0 0 0 7184767 0 0 0 0 
0 0 0 0 0 0 0 0 0 0 0 0 0 0 0 0 0 0 0 0 0 0 0 3 0 24575 24576 0 0 53 0 0 0 13920898 4368956 0 0 0 0 0 7184149 0 0 0 
0 0 0 0 0 0 0 0 0 0 0 0 0 0 0 0 0 0 0 0 0 0 0 3 24582 0 0 0 0 0 53 0 0 4368615 7358011 6561081 0 0 0 7184767 0 0 0 0 
0 0 0 0 0 0 0 0 0 0 0 0 0 0 0 0 0 0 0 0 0 0 0 3 0 24575 24576 0 0 53 0 0 0 13920904 4368962 0 0 0 0 0 7184149 0 0 0 
0 0 0 0 0 0 0 0 0 0 0 0 0 0 0 0 0 0 0 0 0 0 0 3 24582 0 0 0 0 0 53 0 0 4368621 7358017 6561081 0 0 0 7184767 0 0 0 0 
0 0 0 0 0 0 0 0 0 0 0 0 0 0 0 0 0 0 0 0 0 0 0 3 0 24575 24576 0 0 53 0 0 0 13920911 4368969 0 0 0 0 0 7184149 0 0 0 
0 0 0 0 0 0 0 0 0 0 0 0 0 0 0 0 0 0 0 0 0 0 0 3 24582 0 0 0 0 0 53 0 0 4368628 7358024 6561081 0 0 0 7184767 0 0 0 0 
0 0 0 0 0 0 0 0 0 0 0 0 0 0 0 0 0 0 0 0 0 0 0 3 0 24575 24576 0 0 53 0 0 0 13920917 4368975 0 0 0 0 0 7184149 0 0 0 
0 0 0 0 0 0 0 0 0 0 0 0 0 0 0 0 0 0 0 0 0 0 0 3 24582 0 0 0 0 0 53 0 0 4368634 7358030 6561081 0 0 0 7184767 0 0 0 0 
0 0 0 0 0 0 0 0 0 0 0 0 0 0 0 0 0 0 0 0 0 0 0 3 0 24575 24576 0 0 53 0 0 0 13920924 4368982 0 0 0 0 0 7184149 0 0 0 
0 0 0 0 0 0 0 0 0 0 0 0 0 0 0 0 0 0 0 0 0 0 0 3 24582 0 0 0 0 0 53 0 0 4368641 7358037 6561081 0 0 0 7184767 0 0 0 0 
0 0 0 0 0 0 0 0 0 0 0 0 0 0 0 0 0 0 0 0 0 0 0 3 0 24579 24576 0 0 53 0 0 12 13920926 4368988 0 0 0 0 0 7184154 0 0 0 
0 0 0 0 0 0 0 0 0 0 0 0 0 0 0 0 0 0 0 0 0 0 0 3 24582 0 0 0 0 0 53 12 0 4368647 7358039 6561081 0 0 0 7184772 0 0 0 0 
0 0 0 0 0 0 0 0 0 0 0 0 0 0 0 0 0 0 0 0 0 0 0 3 0 24579 24576 0 0 53 0 0 12 13920926 4368988 0 0 0 0 0 7184154 0 0 0 
0 0 0 0 0 0 0 0 0 0 0 0 0 0 0 0 0 0 0 0 0 0 0 3 24582 0 0 0 0 0 53 12 0 4368647 7358039 6561081 0 0 0 7184772 0 0 0 0 
0 0 0 0 0 0 0 0 0 0 0 0 0 0 0 0 0 0 0 0 0 0 0 3 0 24579 24576 0 0 53 0 0 12 13920926 4368988 0 0 0 0 0 7184154 0 0 0 
0 0 0 0 0 0 0 0 0 0 0 0 0 0 0 0 0 0 0 0 0 0 0 3 24582 0 0 0 0 0 53 12 0 4368647 7358039 6561081 0 0 0 7184772 0 0 0 0 
0 0 0 0 0 0 0 0 0 0 0 0 0 0 0 0 0 0 0 0 0 0 0 3 0 24579 24576 0 0 53 0 0 12 13920926 4368988 0 0 0 0 0 7184154 0 0 0 
0 0 0 0 0 0 0 0 0 0 0 0 0 0 0 0 0 0 0 0 0 0 0 3 24582 0 0 0 0 0 53 12 0 4368647 7358039 6561081 0 0 0 7184772 0 0 0 0 
0 0 0 0 0 0 0 0 0 0 0 0 0 0 0 0 0 0 0 0 0 0 0 3 0 24579 24576 0 0 53 0 0 12 13920926 4369175 0 0 0 0 0 7184154 0 0 0 
0 0 0 0 0 0 0 0 0 0 0 0 0 0 0 0 0 0 0 0 0 0 0 3 24582 0 0 0 0 0 53 12 0 4368834 7358039 6561081 0 0 0 7184772 0 0 0 0 
0 0 0 0 0 0 0 0 0 0 0 0 0 0 0 0 0 0 0 0 0 0 0 3 0 24579 24576 0 0 53 0 0 12 13920926 4371092 0 0 0 0 0 7184154 0 0 0 
0 0 0 0 0 0 0 0 0 0 0 0 0 0 0 0 0 0 0 0 0 0 0 3 24582 0 0 0 0 0 53 12 0 4370751 7358039 6561081 0 0 0 7184772 0 0 0 0 
0 0 0 0 0 0 0 0 0 0 0 0 0 0 0 0 0 0 0 0 0 0 0 3 0 24579 24576 0 0 53 0 0 12 13920926 4371429 0 0 0 0 0 7184154 0 0 0 
0 0 0 0 0 0 0 0 0 0 0 0 0 0 0 0 0 0 0 0 0 0 0 3 24582 0 0 0 0 0 53 12 0 4371088 7358039 6561081 0 0 0 7184772 0 0 0 0 
0 0 0 0 0 0 0 0 0 0 0 0 0 0 0 0 0 0 0 0 0 0 0 3 0 24579 24576 0 0 53 0 0 12 13920926 4371429 0 0 0 0 0 7184154 0 0 0 
0 0 0 0 0 0 0 0 0 0 0 0 0 0 0 0 0 0 0 0 0 0 0 3 24582 0 0 0 0 0 53 12 0 4371088 7358039 6561081 0 0 0 7184772 0 0 0 0 
0 0 0 0 0 0 0 0 0 0 0 0 0 0 0 0 0 0 0 0 0 0 0 3 0 24579 24576 0 0 53 0 0 12 13920926 4371429 0 0 0 0 0 7184154 0 0 0 
0 0 0 0 0 0 0 0 0 0 0 0 0 0 0 0 0 0 0 0 0 0 0 3 24582 0 0 0 0 0 53 12 0 4371088 7358039 6561081 0 0 0 7184772 0 0 0 0 
0 0 0 0 0 0 0 0 0 0 0 0 0 0 0 0 0 0 0 0 0 0 0 3 0 24579 24576 0 0 53 0 0 12 13920926 4371429 0 0 0 0 0 7184154 0 0 0 
0 0 0 0 0 0 0 0 0 0 0 0 0 0 0 0 0 0 0 0 0 0 0 3 24582 0 0 0 0 0 53 12 0 4371088 7358039 6561081 0 0 0 7184772 0 0 0 0 
0 0 0 0 0 0 0 0 0 0 0 0 0 0 0 0 0 0 0 0 0 0 0 3 0 24579 24576 0 0 53 0 0 12 13920926 4371429 0 0 0 0 0 7184154 0 0 0 
0 0 0 0 0 0 0 0 0 0 0 0 0 0 0 0 0 0 0 0 0 0 0 3 24582 0 0 0 0 0 53 12 0 4371088 7358039 6561081 0 0 0 7184772 0 0 0 0 
0 0 0 0 0 0 0 0 0 0 0 0 0 0 0 0 0 0 0 0 0 0 0 3 0 24579 24576 0 0 53 0 0 12 13920926 4371429 0 0 0 0 0 7184154 0 0 0 
0 0 0 0 0 0 0 0 0 0 0 0 0 0 0 0 0 0 0 0 0 0 0 3 24582 0 0 0 0 0 53 12 0 4371088 7358039 6561081 0 0 0 7184772 0 0 0 0 
0 0 0 0 0 0 0 0 0 0 0 0 0 0 0 0 0 0 0 0 0 0 0 3 0 24579 24576 0 0 53 0 0 12 13920926 4371429 0 0 0 0 0 7184154 0 0 0 
0 0 0 0 0 0 0 0 0 0 0 0 0 0 0 0 0 0 0 0 0 0 0 3 24582 0 0 0 0 0 53 12 0 4371088 7358039 6561081 0 0 0 7184772 0 0 0 0 
0 0 0 0 0 0 0 0 0 0 0 0 0 0 0 0 0 0 0 0 0 0 0 3 0 24579 24576 0 0 53 0 0 12 13920926 4371429 0 0 0 0 0 7184154 0 0 0 
0 0 0 0 0 0 0 0 0 0 0 0 0 0 0 0 0 0 0 0 0 0 0 3 24582 0 0 0 0 0 53 12 0 4371088 7358039 6561081 0 0 0 7184772 0 0 0 0 
<====
0 0 0 0 0 0 0 0 0 0 0 0 0 0 0 0 0 0 0 0 0 0 0 3 0 24579 24576 0 0 53 0 0 15 13920926 4371429 0 0 0 0 0 7184155 0 0 0 
0 0 0 0 0 0 0 0 0 0 0 0 0 0 0 0 0 0 0 0 0 0 0 3 24582 0 0 1 0 0 53 15 0 4371088 7358039 6561081 0 0 0 7184773 0 0 0 0 
0 0 0 0 0 0 0 0 0 0 0 0 0 0 0 0 0 0 0 0 0 0 0 3 0 24579 24576 0 0 53 0 0 15 13920926 4371429 0 0 0 0 0 7184155 0 0 0 
0 0 0 0 0 0 0 0 0 0 0 0 0 0 0 0 0 0 0 0 0 0 0 3 24582 0 0 1 0 0 53 15 0 4371088 7358039 6561081 0 0 0 7184773 0 0 0 0 
0 0 0 0 0 0 0 0 0 0 0 0 0 0 0 0 0 0 0 0 0 0 0 3 0 24579 24576 0 0 53 0 0 15 13920926 4371429 0 0 0 0 0 7184155 0 0 0 
0 0 0 0 0 0 0 0 0 0 0 0 0 0 0 0 0 0 0 0 0 0 0 3 24582 0 0 1 0 0 53 15 0 4371088 7358039 6561081 0 0 0 7184773 0 0 0 0 
0 0 0 0 0 0 0 0 0 0 0 0 0 0 0 0 0 0 0 0 0 0 0 3 0 24579 24576 0 0 53 0 0 15 13920926 4371429 0 0 0 0 0 7184155 0 0 0 
0 0 0 0 0 0 0 0 0 0 0 0 0 0 0 0 0 0 0 0 0 0 0 3 24582 0 0 1 0 0 53 15 0 4371088 7358039 6561081 0 0 0 7184773 0 0 0 0 
