0 0 0 0 0 0 0 0 0 0 0 0 0 0 0 0 0 0 0 0 0 0 0 3 111163 0 0 5 0 0 234 29 0 22439870 42168633 34561390 0 0 0 40999824 0 0 0 0 
0 0 0 0 0 0 0 0 0 0 0 0 0 0 0 0 0 0 0 0 0 0 0 3 111163 0 0 5 0 0 234 29 0 22439870 42168633 34561390 0 0 0 40999824 0 0 0 0 
0 0 0 0 0 0 0 0 0 0 0 0 0 0 0 0 0 0 0 0 0 0 0 3 111163 0 0 5 0 0 234 29 0 22439870 42168633 34561390 0 0 0 40999824 0 0 0 0 
0 0 0 0 0 0 0 0 0 0 0 0 0 0 0 0 0 0 0 0 0 0 0 3 111163 0 0 5 0 0 234 29 0 22439870 42168633 34561390 0 0 0 40999824 0 0 0 0 
0 0 0 0 0 0 0 0 0 0 0 0 0 0 0 0 0 0 0 0 0 0 0 3 111163 0 0 5 0 0 234 29 0 22439870 42168633 34561390 0 0 0 40999824 0 0 0 0 
0 0 0 0 0 0 0 0 0 0 0 0 0 0 0 0 0 0 0 0 0 0 0 3 111163 0 0 5 0 0 234 29 0 22439870 42168633 34561390 0 0 0 40999824 0 0 0 0 
0 0 0 0 0 0 0 0 0 0 0 0 0 0 0 0 0 0 0 0 0 0 0 3 111163 0 0 5 0 0 234 29 0 22439870 42168633 34561390 0 0 0 40999824 0 0 0 0 
0 0 0 0 0 0 0 0 0 0 0 0 0 0 0 0 0 0 0 0 0 0 0 3 111163 0 0 5 0 0 234 29 0 22439870 42168633 34561390 0 0 0 40999824 0 0 0 0 
====>
0 0 0 0 0 0 0 0 0 0 0 0 0 0 0 0 0 0 0 0 0 0 0 3 0 111167 111132 0 0 235 0 0 29 76754382 22431625 0 0 0 0 0 41005785 0 0 0 
0 0 0 0 0 0 0 0 0 0 0 0 0 0 0 0 0 0 0 0 0 0 0 3 0 111167 111132 0 0 235 0 0 29 76754382 22431625 0 0 0 0 0 41005785 0 0 0 
0 0 0 0 0 0 0 0 0 0 0 0 0 0 0 0 0 0 0 0 0 0 0 3 0 111167 111132 0 0 235 0 0 29 76754382 22431625 0 0 0 0 0 41005785 0 0 0 
0 0 0 0 0 0 0 0 0 0 0 0 0 0 0 0 0 0 0 0 0 0 0 3 0 111167 111132 0 0 235 0 0 29 76754382 22431625 0 0 0 0 0 41005785 0 0 0 
0 0 0 0 0 0 0 0 0 0 0 0 0 0 0 0 0 0 0 0 0 0 0 3 0 111167 111132 0 0 235 0 0 29 76754382 22431625 0 0 0 0 0 41005785 0 0 0 
0 0 0 0 0 0 0 0 0 0 0 0 0 0 0 0 0 0 0 0 0 0 0 3 0 111167 111132 0 0 235 0 0 29 76754382 22431625 0 0 0 0 0 41005785 0 0 0 
0 0 0 0 0 0 0 0 0 0 0 0 0 0 0 0 0 0 0 0 0 0 0 3 0 111167 111132 0 0 235 0 0 29 76754382 22431625 0 0 0 0 0 41005785 0 0 0 
0 0 0 0 0 0 0 0 0 0 0 0 0 0 0 0 0 0 0 0 0 0 0 3 0 111167 111132 0 0 235 0 0 29 76754382 22431625 0 0 0 0 0 41005785 0 0 0 
0 0 0 0 0 0 0 0 0 0 0 0 0 0 0 0 0 0 0 0 0 0 0 3 0 111167 111132 0 0 235 0 0 29 76754382 22431625 0 0 0 0 0 41005785 0 0 0 
0 0 0 0 0 0 0 0 0 0 0 0 0 0 0 0 0 0 0 0 0 0 0 3 0 111167 111132 0 0 235 0 0 29 76754382 22431625 0 0 0 0 0 41005785 0 0 0 
0 0 0 0 0 0 0 0 0 0 0 0 0 0 0 0 0 0 0 0 0 0 0 3 0 111167 111132 0 0 235 0 0 29 76754382 22431625 0 0 0 0 0 41005785 0 0 0 
0 0 0 0 0 0 0 0 0 0 0 0 0 0 0 0 0 0 0 0 0 0 0 3 0 111167 111132 0 0 235 0 0 29 76754382 22431625 0 0 0 0 0 41005785 0 0 0 
0 0 0 0 0 0 0 0 0 0 0 0 0 0 0 0 0 0 0 0 0 0 0 3 0 111167 111132 0 0 235 0 0 29 76754382 22431625 0 0 0 0 0 41005785 0 0 0 
0 0 0 0 0 0 0 0 0 0 0 0 0 0 0 0 0 0 0 0 0 0 0 3 0 111167 111144 0 0 271 0 0 29 76805663 22431648 0 0 0 0 0 41005785 0 0 0 
0 0 0 0 0 0 0 0 0 0 0 0 0 0 0 0 0 0 0 0 0 0 0 3 0 111167 111144 0 0 271 0 0 29 76805692 22431677 0 0 0 0 0 41005785 0 0 0 
0 0 0 0 0 0 0 0 0 0 0 0 0 0 0 0 0 0 0 0 0 0 0 3 0 111167 111144 0 0 271 0 0 29 76805726 22431711 0 0 0 0 0 41005785 0 0 0 
0 0 0 0 0 0 0 0 0 0 0 0 0 0 0 0 0 0 0 0 0 0 0 3 0 111167 111144 0 0 271 0 0 29 76805756 22431742 0 0 0 0 0 41005785 0 0 0 
0 0 0 0 0 0 0 0 0 0 0 0 0 0 0 0 0 0 0 0 0 0 0 3 0 111167 111144 0 0 271 0 0 29 76805791 22431776 0 0 0 0 0 41005785 0 0 0 
0 0 0 0 0 0 0 0 0 0 0 0 0 0 0 0 0 0 0 0 0 0 0 3 0 111167 111144 0 0 271 0 0 29 76805822 22431808 0 0 0 0 0 41005785 0 0 0 
0 0 0 0 0 0 0 0 0 0 0 0 0 0 0 0 0 0 0 0 0 0 0 3 0 111167 111144 0 0 271 0 0 29 76805856 22431841 0 0 0 0 0 41005785 0 0 0 
0 0 0 0 0 0 0 0 0 0 0 0 0 0 0 0 0 0 0 0 0 0 0 3 0 111167 111144 0 0 271 0 0 29 76805888 22431874 0 0 0 0 0 41005785 0 0 0 
0 0 0 0 0 0 0 0 0 0 0 0 0 0 0 0 0 0 0 0 0 0 0 3 0 111167 111144 0 0 271 0 0 29 76805921 22431906 0 0 0 0 0 41005785 0 0 0 
0 0 0 0 0 0 0 0 0 0 0 0 0 0 0 0 0 0 0 0 0 0 0 3 0 111167 111144 0 0 271 0 0 29 76805956 22431941 0 0 0 0 0 41005785 0 0 0 
0 0 0 0 0 0 0 0 0 0 0 0 0 0 0 0 0 0 0 0 0 0 0 3 0 111167 111144 0 0 271 0 0 29 76805987 22431973 0 0 0 0 0 41005785 0 0 0 
0 0 0 0 0 0 0 0 0 0 0 0 0 0 0 0 0 0 0 0 0 0 0 3 0 111167 111144 0 0 271 0 0 29 76806021 22432006 0 0 0 0 0 41005785 0 0 0 
0 0 0 0 0 0 0 0 0 0 0 0 0 0 0 0 0 0 0 0 0 0 0 3 0 111167 111144 0 0 271 0 0 29 76806052 22432038 0 0 0 0 0 41005785 0 0 0 
0 0 0 0 0 0 0 0 0 0 0 0 0 0 0 0 0 0 0 0 0 0 0 3 0 111167 111144 0 0 271 0 0 29 76806086 22432071 0 0 0 0 0 41005785 0 0 0 
0 0 0 0 0 0 0 0 0 0 0 0 0 0 0 0 0 0 0 0 0 0 0 3 0 111167 111144 0 0 271 0 0 29 76806119 22432105 0 0 0 0 0 41005785 0 0 0 
0 0 0 0 0 0 0 0 0 0 0 0 0 0 0 0 0 0 0 0 0 0 0 3 0 111179 111144 0 0 271 0 0 65 76806133 22432131 0 0 0 0 0 41005800 0 0 0 
0 0 0 0 0 0 0 0 0 0 0 0 0 0 0 0 0 0 0 0 0 0 0 3 0 111179 111144 0 0 271 0 0 65 76806133 22432131 0 0 0 0 0 41005800 0 0 0 
0 0 0 0 0 0 0 0 0 0 0 0 0 0 0 0 0 0 0 0 0 0 0 3 0 111179 111144 0 0 271 0 0 65 76806133 22433499 0 0 0 0 0 41005800 0 0 0 
0 0 0 0 0 0 0 0 0 0 0 0 0 0 0 0 0 0 0 0 0 0 0 3 0 111179 111144 0 0 271 0 0 65 76806133 22434981 0 0 0 0 0 41005800 0 0 0 
0 0 0 0 0 0 0 0 0 0 0 0 0 0 0 0 0 0 0 0 0 0 0 3 0 111179 111144 0 0 271 0 0 65 76806133 22436472 0 0 0 0 0 41005800 0 0 0 
0 0 0 0 0 0 0 0 0 0 0 0 0 0 0 0 0 0 0 0 0 0 0 3 0 111179 111144 0 0 271 0 0 65 76806133 22438385 0 0 0 0 0 41005800 0 0 0 
0 0 0 0 0 0 0 0 0 0 0 0 0 0 0 0 0 0 0 0 0 0 0 3 0 111179 111144 0 0 271 0 0 65 76806133 22439455 0 0 0 0 0 41005800 0 0 0 
0 0 0 0 0 0 0 0 0 0 0 0 0 0 0 0 0 0 0 0 0 0 0 3 0 111179 111144 0 0 271 0 0 65 76806133 22439455 0 0 0 0 0 41005800 0 0 0 
0 0 0 0 0 0 0 0 0 0 0 0 0 0 0 0 0 0 0 0 0 0 0 3 0 111179 111144 0 0 271 0 0 65 76806133 22439455 0 0 0 0 0 41005800 0 0 0 
0 0 0 0 0 0 0 0 0 0 0 0 0 0 0 0 0 0 0 0 0 0 0 3 0 111179 111144 0 0 271 0 0 65 76806133 22439455 0 0 0 0 0 41005800 0 0 0 
0 0 0 0 0 0 0 0 0 0 0 0 0 0 0 0 0 0 0 0 0 0 0 3 0 111179 111144 0 0 271 0 0 65 76806133 22439455 0 0 0 0 0 41005800 0 0 0 
0 0 0 0 0 0 0 0 0 0 0 0 0 0 0 0 0 0 0 0 0 0 0 3 0 111179 111144 0 0 271 0 0 65 76806133 22439455 0 0 0 0 0 41005800 0 0 0 
0 0 0 0 0 0 0 0 0 0 0 0 0 0 0 0 0 0 0 0 0 0 0 3 0 111179 111144 0 0 271 0 0 65 76806133 22439455 0 0 0 0 0 41005800 0 0 0 
0 0 0 0 0 0 0 0 0 0 0 0 0 0 0 0 0 0 0 0 0 0 0 3 0 111179 111144 0 0 271 0 0 65 76806133 22439455 0 0 0 0 0 41005800 0 0 0 
0 0 0 0 0 0 0 0 0 0 0 0 0 0 0 0 0 0 0 0 0 0 0 3 111175 0 0 8 0 0 270 74 0 22447700 42220396 34561402 0 0 0 40999842 0 0 0 0 
0 0 0 0 0 0 0 0 0 0 0 0 0 0 0 0 0 0 0 0 0 0 0 3 111175 0 0 8 0 0 270 74 0 22447700 42220396 34561402 0 0 0 40999842 0 0 0 0 
0 0 0 0 0 0 0 0 0 0 0 0 0 0 0 0 0 0 0 0 0 0 0 3 111175 0 0 8 0 0 270 74 0 22447700 42220396 34561402 0 0 0 40999842 0 0 0 0 
0 0 0 0 0 0 0 0 0 0 0 0 0 0 0 0 0 0 0 0 0 0 0 3 111175 0 0 8 0 0 270 74 0 22447700 42220396 34561402 0 0 0 40999842 0 0 0 0 
