0 0 0 0 0 0 0 0 0 0 0 0 0 0 0 0 0 0 0 0 0 0 0 3 0 49523 49516 0 0 116 0 0 18 38650676 10774646 0 0 0 0 0 21154565 0 0 0 
0 0 0 0 0 0 0 0 0 0 0 0 0 0 0 0 0 0 0 0 0 0 0 3 49513 0 0 3 0 0 116 18 0 10774189 21804722 16841847 0 0 0 21156564 0 0 0 0 
0 0 0 0 0 0 0 0 0 0 0 0 0 0 0 0 0 0 0 0 0 0 0 3 0 49523 49516 0 0 116 0 0 18 38650676 10774646 0 0 0 0 0 21154565 0 0 0 
0 0 0 0 0 0 0 0 0 0 0 0 0 0 0 0 0 0 0 0 0 0 0 3 49513 0 0 3 0 0 116 18 0 10774189 21804722 16841847 0 0 0 21156564 0 0 0 0 
0 0 0 0 0 0 0 0 0 0 0 0 0 0 0 0 0 0 0 0 0 0 0 3 0 49523 49516 0 0 116 0 0 18 38650676 10774646 0 0 0 0 0 21154565 0 0 0 
0 0 0 0 0 0 0 0 0 0 0 0 0 0 0 0 0 0 0 0 0 0 0 3 49513 0 0 3 0 0 116 18 0 10774189 21804722 16841847 0 0 0 21156564 0 0 0 0 
0 0 0 0 0 0 0 0 0 0 0 0 0 0 0 0 0 0 0 0 0 0 0 3 0 49523 49516 0 0 116 0 0 18 38650676 10774646 0 0 0 0 0 21154565 0 0 0 
0 0 0 0 0 0 0 0 0 0 0 0 0 0 0 0 0 0 0 0 0 0 0 3 49513 0 0 3 0 0 116 18 0 10774189 21804722 16841847 0 0 0 21156564 0 0 0 0 
0 0 0 0 0 0 0 0 0 0 0 0 0 0 0 0 0 0 0 0 0 0 0 3 0 49523 49516 0 0 116 0 0 18 38650676 10774646 0 0 0 0 0 21154565 0 0 0 
0 0 0 0 0 0 0 0 0 0 0 0 0 0 0 0 0 0 0 0 0 0 0 3 49513 0 0 3 0 0 116 18 0 10774189 21804722 16841847 0 0 0 21156564 0 0 0 0 
0 0 0 0 0 0 0 0 0 0 0 0 0 0 0 0 0 0 0 0 0 0 0 3 0 49523 49516 0 0 116 0 0 18 38650676 10774646 0 0 0 0 0 21154565 0 0 0 
0 0 0 0 0 0 0 0 0 0 0 0 0 0 0 0 0 0 0 0 0 0 0 3 49513 0 0 3 0 0 116 18 0 10774189 21804722 16841847 0 0 0 21156564 0 0 0 0 
0 0 0 0 0 0 0 0 0 0 0 0 0 0 0 0 0 0 0 0 0 0 0 3 0 49523 49516 0 0 116 0 0 18 38650676 10774646 0 0 0 0 0 21154565 0 0 0 
0 0 0 0 0 0 0 0 0 0 0 0 0 0 0 0 0 0 0 0 0 0 0 3 49513 0 0 3 0 0 116 18 0 10774189 21804722 16841847 0 0 0 21156564 0 0 0 0 
0 0 0 0 0 0 0 0 0 0 0 0 0 0 0 0 0 0 0 0 0 0 0 3 0 49523 49516 0 0 116 0 0 18 38650676 10774646 0 0 0 0 0 21154565 0 0 0 
0 0 0 0 0 0 0 0 0 0 0 0 0 0 0 0 0 0 0 0 0 0 0 3 49513 0 0 3 0 0 116 18 0 10774189 21804722 16841847 0 0 0 21156564 0 0 0 0 
====>
0 0 0 0 0 0 0 0 0 0 0 0 0 0 0 0 0 0 0 0 0 0 0 3 0 49523 49516 0 0 116 0 0 18 38650676 10774646 0 0 0 0 0 21154565 0 0 0 
0 0 0 0 0 0 0 0 0 0 0 0 0 0 0 0 0 0 0 0 0 0 0 3 49513 0 0 3 0 0 116 18 0 10774189 21804722 16841847 0 0 0 21156564 0 0 0 0 
0 0 0 0 0 0 0 0 0 0 0 0 0 0 0 0 0 0 0 0 0 0 0 3 0 49523 49516 0 0 116 0 0 18 38650676 10774646 0 0 0 0 0 21154565 0 0 0 
0 0 0 0 0 0 0 0 0 0 0 0 0 0 0 0 0 0 0 0 0 0 0 3 49513 0 0 3 0 0 116 18 0 10774189 21804722 16841847 0 0 0 21156564 0 0 0 0 
0 0 0 0 0 0 0 0 0 0 0 0 0 0 0 0 0 0 0 0 0 0 0 3 0 49523 49516 0 0 116 0 0 18 38650676 10774646 0 0 0 0 0 21154565 0 0 0 
0 0 0 0 0 0 0 0 0 0 0 0 0 0 0 0 0 0 0 0 0 0 0 3 49513 0 0 3 0 0 116 18 0 10774189 21804722 16841847 0 0 0 21156564 0 0 0 0 
0 0 0 0 0 0 0 0 0 0 0 0 0 0 0 0 0 0 0 0 0 0 0 3 0 49523 49516 0 0 116 0 0 18 38650676 10774646 0 0 0 0 0 21154565 0 0 0 
0 0 0 0 0 0 0 0 0 0 0 0 0 0 0 0 0 0 0 0 0 0 0 3 49513 0 0 3 0 0 116 18 0 10774189 21804722 16841847 0 0 0 21156564 0 0 0 0 
0 0 0 0 0 0 0 0 0 0 0 0 0 0 0 0 0 0 0 0 0 0 0 3 0 49523 49516 0 0 116 0 0 18 38650676 10774646 0 0 0 0 0 21154565 0 0 0 
0 0 0 0 0 0 0 0 0 0 0 0 0 0 0 0 0 0 0 0 0 0 0 3 49513 0 0 3 0 0 116 18 0 10774189 21804722 16841847 0 0 0 21156564 0 0 0 0 
0 0 0 0 0 0 0 0 0 0 0 0 0 0 0 0 0 0 0 0 0 0 0 3 0 49523 49516 0 0 116 0 0 18 38650676 10774646 0 0 0 0 0 21154565 0 0 0 
0 0 0 0 0 0 0 0 0 0 0 0 0 0 0 0 0 0 0 0 0 0 0 3 49513 0 0 3 0 0 116 18 0 10774189 21804722 16841847 0 0 0 21156564 0 0 0 0 
0 0 0 0 0 0 0 0 0 0 0 0 0 0 0 0 0 0 0 0 0 0 0 3 0 49523 49516 0 0 116 0 0 18 38650676 10774646 0 0 0 0 0 21154565 0 0 0 
0 0 0 0 0 0 0 0 0 0 0 0 0 0 0 0 0 0 0 0 0 0 0 3 49513 0 0 3 0 0 116 18 0 10774189 21804722 16841847 0 0 0 21156564 0 0 0 0 
0 0 0 0 0 0 0 0 0 0 0 0 0 0 0 0 0 0 0 0 0 0 0 3 0 49523 49516 0 0 116 0 0 18 38650676 10774646 0 0 0 0 0 21154565 0 0 0 
0 0 0 0 0 0 0 0 0 0 0 0 0 0 0 0 0 0 0 0 0 0 0 3 49513 0 0 3 0 0 116 18 0 10774189 21804722 16841847 0 0 0 21156564 0 0 0 0 
0 0 0 0 0 0 0 0 0 0 0 0 0 0 0 0 0 0 0 0 0 0 0 3 0 49523 49516 0 0 116 0 0 18 38650676 10774646 0 0 0 0 0 21154565 0 0 0 
0 0 0 0 0 0 0 0 0 0 0 0 0 0 0 0 0 0 0 0 0 0 0 3 49513 0 0 3 0 0 116 18 0 10774189 21804722 16841847 0 0 0 21156564 0 0 0 0 
0 0 0 0 0 0 0 0 0 0 0 0 0 0 0 0 0 0 0 0 0 0 0 3 0 49523 49516 0 0 116 0 0 18 38650676 10774646 0 0 0 0 0 21154565 0 0 0 
0 0 0 0 0 0 0 0 0 0 0 0 0 0 0 0 0 0 0 0 0 0 0 3 49513 0 0 3 0 0 116 18 0 10774189 21804722 16841847 0 0 0 21156564 0 0 0 0 
0 0 0 0 0 0 0 0 0 0 0 0 0 0 0 0 0 0 0 0 0 0 0 3 0 49523 49516 0 0 116 0 0 18 38650676 10774646 0 0 0 0 0 21154565 0 0 0 
0 0 0 0 0 0 0 0 0 0 0 0 0 0 0 0 0 0 0 0 0 0 0 3 49513 0 0 3 0 0 116 18 0 10774189 21804722 16841847 0 0 0 21156564 0 0 0 0 
0 0 0 0 0 0 0 0 0 0 0 0 0 0 0 0 0 0 0 0 0 0 0 3 0 49523 49516 0 0 116 0 0 18 38650676 10774646 0 0 0 0 0 21154565 0 0 0 
0 0 0 0 0 0 0 0 0 0 0 0 0 0 0 0 0 0 0 0 0 0 0 3 49513 0 0 3 0 0 116 18 0 10774189 21804722 16841847 0 0 0 21156564 0 0 0 0 
0 0 0 0 0 0 0 0 0 0 0 0 0 0 0 0 0 0 0 0 0 0 0 3 0 49523 49516 0 0 116 0 0 18 38650676 10774646 0 0 0 0 0 21154565 0 0 0 
0 0 0 0 0 0 0 0 0 0 0 0 0 0 0 0 0 0 0 0 0 0 0 3 49513 0 0 3 0 0 116 18 0 10774189 21804722 16841847 0 0 0 21156564 0 0 0 0 
0 0 0 0 0 0 0 0 0 0 0 0 0 0 0 0 0 0 0 0 0 0 0 3 0 49523 49520 0 0 128 0 0 18 38667789 10774655 0 0 0 0 0 21154565 0 0 0 
0 0 0 0 0 0 0 0 0 0 0 0 0 0 0 0 0 0 0 0 0 0 0 3 49517 0 0 3 0 0 128 18 0 10774198 21821833 16841851 0 0 0 21156564 0 0 0 0 
0 0 0 0 0 0 0 0 0 0 0 0 0 0 0 0 0 0 0 0 0 0 0 3 0 49523 49520 0 0 128 0 0 18 38667803 10774669 0 0 0 0 0 21154565 0 0 0 
0 0 0 0 0 0 0 0 0 0 0 0 0 0 0 0 0 0 0 0 0 0 0 3 49517 0 0 3 0 0 128 18 0 10774212 21821847 16841851 0 0 0 21156564 0 0 0 0 
0 0 0 0 0 0 0 0 0 0 0 0 0 0 0 0 0 0 0 0 0 0 0 3 0 49523 49520 0 0 128 0 0 18 38667815 10774682 0 0 0 0 0 21154565 0 0 0 
0 0 0 0 0 0 0 0 0 0 0 0 0 0 0 0 0 0 0 0 0 0 0 3 49517 0 0 3 0 0 128 18 0 10774225 21821859 16841851 0 0 0 21156564 0 0 0 0 
0 0 0 0 0 0 0 0 0 0 0 0 0 0 0 0 0 0 0 0 0 0 0 3 0 49523 49520 0 0 128 0 0 18 38667829 10774695 0 0 0 0 0 21154565 0 0 0 
0 0 0 0 0 0 0 0 0 0 0 0 0 0 0 0 0 0 0 0 0 0 0 3 49517 0 0 3 0 0 128 18 0 10774238 21821873 16841851 0 0 0 21156564 0 0 0 0 
0 0 0 0 0 0 0 0 0 0 0 0 0 0 0 0 0 0 0 0 0 0 0 3 0 49523 49520 0 0 128 0 0 18 38667841 10774708 0 0 0 0 0 21154565 0 0 0 
0 0 0 0 0 0 0 0 0 0 0 0 0 0 0 0 0 0 0 0 0 0 0 3 49517 0 0 3 0 0 128 18 0 10774251 21821885 16841851 0 0 0 21156564 0 0 0 0 
0 0 0 0 0 0 0 0 0 0 0 0 0 0 0 0 0 0 0 0 0 0 0 3 0 49523 49520 0 0 128 0 0 18 38667855 10774721 0 0 0 0 0 21154565 0 0 0 
0 0 0 0 0 0 0 0 0 0 0 0 0 0 0 0 0 0 0 0 0 0 0 3 49517 0 0 3 0 0 128 18 0 10774264 21821899 16841851 0 0 0 21156564 0 0 0 0 
0 0 0 0 0 0 0 0 0 0 0 0 0 0 0 0 0 0 0 0 0 0 0 3 0 49523 49520 0 0 128 0 0 18 38667867 10774734 0 0 0 0 0 21154565 0 0 0 
0 0 0 0 0 0 0 0 0 0 0 0 0 0 0 0 0 0 0 0 0 0 0 3 49517 0 0 3 0 0 128 18 0 10774277 21821911 16841851 0 0 0 21156564 0 0 0 0 
0 0 0 0 0 0 0 0 0 0 0 0 0 0 0 0 0 0 0 0 0 0 0 3 0 49523 49520 0 0 128 0 0 18 38667881 10774747 0 0 0 0 0 21154565 0 0 0 
0 0 0 0 0 0 0 0 0 0 0 0 0 0 0 0 0 0 0 0 0 0 0 3 49517 0 0 3 0 0 128 18 0 10774290 21821925 16841851 0 0 0 21156564 0 0 0 0 
0 0 0 0 0 0 0 0 0 0 0 0 0 0 0 0 0 0 0 0 0 0 0 3 0 49523 49520 0 0 128 0 0 18 38667895 10774761 0 0 0 0 0 21154565 0 0 0 
0 0 0 0 0 0 0 0 0 0 0 0 0 0 0 0 0 0 0 0 0 0 0 3 49517 0 0 3 0 0 128 18 0 10774304 21821939 16841851 0 0 0 21156564 0 0 0 0 
0 0 0 0 0 0 0 0 0 0 0 0 0 0 0 0 0 0 0 0 0 0 0 3 0 49523 49520 0 0 128 0 0 18 38667907 10774773 0 0 0 0 0 21154565 0 0 0 
0 0 0 0 0 0 0 0 0 0 0 0 0 0 0 0 0 0 0 0 0 0 0 3 49517 0 0 3 0 0 128 18 0 10774316 21821951 16841851 0 0 0 21156564 0 0 0 0 
0 0 0 0 0 0 0 0 0 0 0 0 0 0 0 0 0 0 0 0 0 0 0 3 0 49523 49520 0 0 128 0 0 18 38667921 10774787 0 0 0 0 0 21154565 0 0 0 
0 0 0 0 0 0 0 0 0 0 0 0 0 0 0 0 0 0 0 0 0 0 0 3 49517 0 0 3 0 0 128 18 0 10774330 21821965 16841851 0 0 0 21156564 0 0 0 0 
0 0 0 0 0 0 0 0 0 0 0 0 0 0 0 0 0 0 0 0 0 0 0 3 0 49523 49520 0 0 128 0 0 18 38667933 10774800 0 0 0 0 0 21154565 0 0 0 
0 0 0 0 0 0 0 0 0 0 0 0 0 0 0 0 0 0 0 0 0 0 0 3 49517 0 0 3 0 0 128 18 0 10774343 21821977 16841851 0 0 0 21156564 0 0 0 0 
0 0 0 0 0 0 0 0 0 0 0 0 0 0 0 0 0 0 0 0 0 0 0 3 0 49523 49520 0 0 128 0 0 18 38667947 10774813 0 0 0 0 0 21154565 0 0 0 
0 0 0 0 0 0 0 0 0 0 0 0 0 0 0 0 0 0 0 0 0 0 0 3 49517 0 0 3 0 0 128 18 0 10774356 21821991 16841851 0 0 0 21156564 0 0 0 0 
0 0 0 0 0 0 0 0 0 0 0 0 0 0 0 0 0 0 0 0 0 0 0 3 0 49523 49520 0 0 128 0 0 18 38667959 10774827 0 0 0 0 0 21154565 0 0 0 
0 0 0 0 0 0 0 0 0 0 0 0 0 0 0 0 0 0 0 0 0 0 0 3 49517 0 0 3 0 0 128 18 0 10774370 21822003 16841851 0 0 0 21156564 0 0 0 0 
0 0 0 0 0 0 0 0 0 0 0 0 0 0 0 0 0 0 0 0 0 0 0 3 0 49523 49520 0 0 128 0 0 18 38667973 10774839 0 0 0 0 0 21154565 0 0 0 
0 0 0 0 0 0 0 0 0 0 0 0 0 0 0 0 0 0 0 0 0 0 0 3 49517 0 0 3 0 0 128 18 0 10774382 21822017 16841851 0 0 0 21156564 0 0 0 0 
0 0 0 0 0 0 0 0 0 0 0 0 0 0 0 0 0 0 0 0 0 0 0 3 0 49527 49520 0 0 128 0 0 30 38667977 10774848 0 0 0 0 0 21154570 0 0 0 
0 0 0 0 0 0 0 0 0 0 0 0 0 0 0 0 0 0 0 0 0 0 0 3 49517 0 0 3 0 0 128 30 0 10774391 21822021 16841851 0 0 0 21156569 0 0 0 0 
0 0 0 0 0 0 0 0 0 0 0 0 0 0 0 0 0 0 0 0 0 0 0 3 0 49527 49520 0 0 128 0 0 30 38667977 10774857 0 0 0 0 0 21154570 0 0 0 
0 0 0 0 0 0 0 0 0 0 0 0 0 0 0 0 0 0 0 0 0 0 0 3 49517 0 0 3 0 0 128 30 0 10774400 21822021 16841851 0 0 0 21156569 0 0 0 0 
0 0 0 0 0 0 0 0 0 0 0 0 0 0 0 0 0 0 0 0 0 0 0 3 0 49527 49520 0 0 128 0 0 30 38667977 10776317 0 0 0 0 0 21154570 0 0 0 
0 0 0 0 0 0 0 0 0 0 0 0 0 0 0 0 0 0 0 0 0 0 0 3 49517 0 0 3 0 0 128 30 0 10775860 21822021 16841851 0 0 0 21156569 0 0 0 0 
0 0 0 0 0 0 0 0 0 0 0 0 0 0 0 0 0 0 0 0 0 0 0 3 0 49527 49520 0 0 128 0 0 30 38667977 10777289 0 0 0 0 0 21154570 0 0 0 
0 0 0 0 0 0 0 0 0 0 0 0 0 0 0 0 0 0 0 0 0 0 0 3 49517 0 0 3 0 0 128 30 0 10776832 21822021 16841851 0 0 0 21156569 0 0 0 0 
0 0 0 0 0 0 0 0 0 0 0 0 0 0 0 0 0 0 0 0 0 0 0 3 0 49527 49520 0 0 128 0 0 30 38667977 10777289 0 0 0 0 0 21154570 0 0 0 
0 0 0 0 0 0 0 0 0 0 0 0 0 0 0 0 0 0 0 0 0 0 0 3 49517 0 0 3 0 0 128 30 0 10776832 21822021 16841851 0 0 0 21156569 0 0 0 0 
0 0 0 0 0 0 0 0 0 0 0 0 0 0 0 0 0 0 0 0 0 0 0 3 0 49527 49520 0 0 128 0 0 30 38667977 10777289 0 0 0 0 0 21154570 0 0 0 
0 0 0 0 0 0 0 0 0 0 0 0 0 0 0 0 0 0 0 0 0 0 0 3 49517 0 0 3 0 0 128 30 0 10776832 21822021 16841851 0 0 0 21156569 0 0 0 0 
0 0 0 0 0 0 0 0 0 0 0 0 0 0 0 0 0 0 0 0 0 0 0 3 0 49527 49520 0 0 128 0 0 30 38667977 10777289 0 0 0 0 0 21154570 0 0 0 
0 0 0 0 0 0 0 0 0 0 0 0 0 0 0 0 0 0 0 0 0 0 0 3 49517 0 0 3 0 0 128 30 0 10776832 21822021 16841851 0 0 0 21156569 0 0 0 0 
0 0 0 0 0 0 0 0 0 0 0 0 0 0 0 0 0 0 0 0 0 0 0 3 0 49527 49520 0 0 128 0 0 30 38667977 10777289 0 0 0 0 0 21154570 0 0 0 
0 0 0 0 0 0 0 0 0 0 0 0 0 0 0 0 0 0 0 0 0 0 0 3 49517 0 0 3 0 0 128 30 0 10776832 21822021 16841851 0 0 0 21156569 0 0 0 0 
0 0 0 0 0 0 0 0 0 0 0 0 0 0 0 0 0 0 0 0 0 0 0 3 0 49527 49520 0 0 128 0 0 30 38667977 10777289 0 0 0 0 0 21154570 0 0 0 
0 0 0 0 0 0 0 0 0 0 0 0 0 0 0 0 0 0 0 0 0 0 0 3 49517 0 0 3 0 0 128 30 0 10776832 21822021 16841851 0 0 0 21156569 0 0 0 0 
0 0 0 0 0 0 0 0 0 0 0 0 0 0 0 0 0 0 0 0 0 0 0 3 0 49527 49520 0 0 128 0 0 30 38667977 10777289 0 0 0 0 0 21154570 0 0 0 
0 0 0 0 0 0 0 0 0 0 0 0 0 0 0 0 0 0 0 0 0 0 0 3 49517 0 0 3 0 0 128 30 0 10776832 21822021 16841851 0 0 0 21156569 0 0 0 0 
0 0 0 0 0 0 0 0 0 0 0 0 0 0 0 0 0 0 0 0 0 0 0 3 0 49527 49520 0 0 128 0 0 30 38667977 10777289 0 0 0 0 0 21154570 0 0 0 
0 0 0 0 0 0 0 0 0 0 0 0 0 0 0 0 0 0 0 0 0 0 0 3 49517 0 0 3 0 0 128 30 0 10776832 21822021 16841851 0 0 0 21156569 0 0 0 0 
0 0 0 0 0 0 0 0 0 0 0 0 0 0 0 0 0 0 0 0 0 0 0 3 0 49527 49520 0 0 128 0 0 30 38667977 10777289 0 0 0 0 0 21154570 0 0 0 
0 0 0 0 0 0 0 0 0 0 0 0 0 0 0 0 0 0 0 0 0 0 0 3 49517 0 0 3 0 0 128 30 0 10776832 21822021 16841851 0 0 0 21156569 0 0 0 0 
0 0 0 0 0 0 0 0 0 0 0 0 0 0 0 0 0 0 0 0 0 0 0 3 0 49527 49520 0 0 128 0 0 30 38667977 10777289 0 0 0 0 0 21154570 0 0 0 
0 0 0 0 0 0 0 0 0 0 0 0 0 0 0 0 0 0 0 0 0 0 0 3 49517 0 0 3 0 0 128 30 0 10776832 21822021 16841851 0 0 0 21156569 0 0 0 0 
0 0 0 0 0 0 0 0 0 0 0 0 0 0 0 0 0 0 0 0 0 0 0 3 0 49527 49520 0 0 128 0 0 30 38667977 10777289 0 0 0 0 0 21154570 0 0 0 
0 0 0 0 0 0 0 0 0 0 0 0 0 0 0 0 0 0 0 0 0 0 0 3 49517 0 0 3 0 0 128 30 0 10776832 21822021 16841851 0 0 0 21156569 0 0 0 0 
<====
0 0 0 0 0 0 0 0 0 0 0 0 0 0 0 0 0 0 0 0 0 0 0 3 0 49527 49520 0 0 128 0 0 33 38667977 10777289 0 0 0 0 0 21154571 0 0 0 
0 0 0 0 0 0 0 0 0 0 0 0 0 0 0 0 0 0 0 0 0 0 0 3 49517 0 0 4 0 0 128 33 0 10776832 21822021 16841851 0 0 0 21156570 0 0 0 0 
0 0 0 0 0 0 0 0 0 0 0 0 0 0 0 0 0 0 0 0 0 0 0 3 0 49527 49520 0 0 128 0 0 33 38667977 10777289 0 0 0 0 0 21154571 0 0 0 
0 0 0 0 0 0 0 0 0 0 0 0 0 0 0 0 0 0 0 0 0 0 0 3 49517 0 0 4 0 0 128 33 0 10776832 21822021 16841851 0 0 0 21156570 0 0 0 0 
0 0 0 0 0 0 0 0 0 0 0 0 0 0 0 0 0 0 0 0 0 0 0 3 0 49527 49520 0 0 128 0 0 33 38667977 10777289 0 0 0 0 0 21154571 0 0 0 
0 0 0 0 0 0 0 0 0 0 0 0 0 0 0 0 0 0 0 0 0 0 0 3 49517 0 0 4 0 0 128 33 0 10776832 21822021 16841851 0 0 0 21156570 0 0 0 0 
0 0 0 0 0 0 0 0 0 0 0 0 0 0 0 0 0 0 0 0 0 0 0 3 0 49527 49520 0 0 128 0 0 33 38667977 10777289 0 0 0 0 0 21154571 0 0 0 
0 0 0 0 0 0 0 0 0 0 0 0 0 0 0 0 0 0 0 0 0 0 0 3 49517 0 0 4 0 0 128 33 0 10776832 21822021 16841851 0 0 0 21156570 0 0 0 0 
