0 0 0 0 0 0 0 0 0 0 0 0 0 0 0 0 0 0 0 0 0 0 0 3 0 111159 111124 0 0 212 0 0 7 76708499 22424810 0 0 0 0 0 41005773 0 0 0 
0 0 0 0 0 0 0 0 0 0 0 0 0 0 0 0 0 0 0 0 0 0 0 3 0 111159 111124 0 0 212 0 0 7 76708499 22424810 0 0 0 0 0 41005773 0 0 0 
0 0 0 0 0 0 0 0 0 0 0 0 0 0 0 0 0 0 0 0 0 0 0 3 0 111159 111124 0 0 212 0 0 7 76708499 22424810 0 0 0 0 0 41005773 0 0 0 
0 0 0 0 0 0 0 0 0 0 0 0 0 0 0 0 0 0 0 0 0 0 0 3 0 111159 111124 0 0 212 0 0 7 76708499 22424810 0 0 0 0 0 41005773 0 0 0 
0 0 0 0 0 0 0 0 0 0 0 0 0 0 0 0 0 0 0 0 0 0 0 3 0 111159 111124 0 0 212 0 0 7 76708499 22424810 0 0 0 0 0 41005773 0 0 0 
0 0 0 0 0 0 0 0 0 0 0 0 0 0 0 0 0 0 0 0 0 0 0 3 0 111159 111124 0 0 212 0 0 7 76708499 22424810 0 0 0 0 0 41005773 0 0 0 
0 0 0 0 0 0 0 0 0 0 0 0 0 0 0 0 0 0 0 0 0 0 0 3 0 111159 111124 0 0 212 0 0 7 76708499 22424810 0 0 0 0 0 41005773 0 0 0 
0 0 0 0 0 0 0 0 0 0 0 0 0 0 0 0 0 0 0 0 0 0 0 3 111155 0 0 3 0 0 211 7 0 22433055 42122750 34561382 0 0 0 40999812 0 0 0 0 
0 0 0 0 0 0 0 0 0 0 0 0 0 0 0 0 0 0 0 0 0 0 0 3 111155 0 0 3 0 0 211 7 0 22433055 42122750 34561382 0 0 0 40999812 0 0 0 0 
0 0 0 0 0 0 0 0 0 0 0 0 0 0 0 0 0 0 0 0 0 0 0 3 111155 0 0 3 0 0 211 7 0 22433055 42122750 34561382 0 0 0 40999812 0 0 0 0 
0 0 0 0 0 0 0 0 0 0 0 0 0 0 0 0 0 0 0 0 0 0 0 3 111155 0 0 3 0 0 211 7 0 22433055 42122750 34561382 0 0 0 40999812 0 0 0 0 
0 0 0 0 0 0 0 0 0 0 0 0 0 0 0 0 0 0 0 0 0 0 0 3 111155 0 0 3 0 0 211 7 0 22433055 42122750 34561382 0 0 0 40999812 0 0 0 0 
0 0 0 0 0 0 0 0 0 0 0 0 0 0 0 0 0 0 0 0 0 0 0 3 111155 0 0 3 0 0 211 7 0 22433055 42122750 34561382 0 0 0 40999812 0 0 0 0 
0 0 0 0 0 0 0 0 0 0 0 0 0 0 0 0 0 0 0 0 0 0 0 3 111155 0 0 3 0 0 211 7 0 22433055 42122750 34561382 0 0 0 40999812 0 0 0 0 
0 0 0 0 0 0 0 0 0 0 0 0 0 0 0 0 0 0 0 0 0 0 0 3 111155 0 0 3 0 0 211 7 0 22433055 42122750 34561382 0 0 0 40999812 0 0 0 0 
0 0 0 0 0 0 0 0 0 0 0 0 0 0 0 0 0 0 0 0 0 0 0 3 111155 0 0 3 0 0 211 7 0 22433055 42122750 34561382 0 0 0 40999812 0 0 0 0 
0 0 0 0 0 0 0 0 0 0 0 0 0 0 0 0 0 0 0 0 0 0 0 3 111155 0 0 3 0 0 211 7 0 22433055 42122750 34561382 0 0 0 40999812 0 0 0 0 
0 0 0 0 0 0 0 0 0 0 0 0 0 0 0 0 0 0 0 0 0 0 0 3 111155 0 0 3 0 0 211 7 0 22433055 42122750 34561382 0 0 0 40999812 0 0 0 0 
0 0 0 0 0 0 0 0 0 0 0 0 0 0 0 0 0 0 0 0 0 0 0 3 111155 0 0 3 0 0 211 7 0 22433055 42122750 34561382 0 0 0 40999812 0 0 0 0 
0 0 0 0 0 0 0 0 0 0 0 0 0 0 0 0 0 0 0 0 0 0 0 3 111155 0 0 3 0 0 211 7 0 22433055 42122750 34561382 0 0 0 40999812 0 0 0 0 
0 0 0 0 0 0 0 0 0 0 0 0 0 0 0 0 0 0 0 0 0 0 0 3 111163 0 0 3 0 0 234 7 0 22433055 42150410 34561390 0 0 0 40999812 0 0 0 0 
0 0 0 0 0 0 0 0 0 0 0 0 0 0 0 0 0 0 0 0 0 0 0 3 111163 0 0 3 0 0 234 7 0 22433070 42168352 34561390 0 0 0 40999812 0 0 0 0 
0 0 0 0 0 0 0 0 0 0 0 0 0 0 0 0 0 0 0 0 0 0 0 3 111163 0 0 3 0 0 234 7 0 22433085 42168367 34561390 0 0 0 40999812 0 0 0 0 
0 0 0 0 0 0 0 0 0 0 0 0 0 0 0 0 0 0 0 0 0 0 0 3 111163 0 0 3 0 0 234 7 0 22433098 42168379 34561390 0 0 0 40999812 0 0 0 0 
0 0 0 0 0 0 0 0 0 0 0 0 0 0 0 0 0 0 0 0 0 0 0 3 111163 0 0 3 0 0 234 7 0 22433113 42168395 34561390 0 0 0 40999812 0 0 0 0 
0 0 0 0 0 0 0 0 0 0 0 0 0 0 0 0 0 0 0 0 0 0 0 3 111163 0 0 3 0 0 234 7 0 22433128 42168409 34561390 0 0 0 40999812 0 0 0 0 
0 0 0 0 0 0 0 0 0 0 0 0 0 0 0 0 0 0 0 0 0 0 0 3 111163 0 0 3 0 0 234 7 0 22433143 42168424 34561390 0 0 0 40999812 0 0 0 0 
0 0 0 0 0 0 0 0 0 0 0 0 0 0 0 0 0 0 0 0 0 0 0 3 111163 0 0 3 0 0 234 7 0 22433158 42168439 34561390 0 0 0 40999812 0 0 0 0 
0 0 0 0 0 0 0 0 0 0 0 0 0 0 0 0 0 0 0 0 0 0 0 3 111163 0 0 3 0 0 234 7 0 22433172 42168453 34561390 0 0 0 40999812 0 0 0 0 
0 0 0 0 0 0 0 0 0 0 0 0 0 0 0 0 0 0 0 0 0 0 0 3 111163 0 0 3 0 0 234 7 0 22433187 42168468 34561390 0 0 0 40999812 0 0 0 0 
0 0 0 0 0 0 0 0 0 0 0 0 0 0 0 0 0 0 0 0 0 0 0 3 111163 0 0 3 0 0 234 7 0 22433201 42168483 34561390 0 0 0 40999812 0 0 0 0 
0 0 0 0 0 0 0 0 0 0 0 0 0 0 0 0 0 0 0 0 0 0 0 3 111163 0 0 3 0 0 234 7 0 22433216 42168498 34561390 0 0 0 40999812 0 0 0 0 
0 0 0 0 0 0 0 0 0 0 0 0 0 0 0 0 0 0 0 0 0 0 0 3 111163 0 0 3 0 0 234 7 0 22433231 42168513 34561390 0 0 0 40999812 0 0 0 0 
0 0 0 0 0 0 0 0 0 0 0 0 0 0 0 0 0 0 0 0 0 0 0 3 111163 0 0 3 0 0 234 7 0 22433246 42168528 34561390 0 0 0 40999812 0 0 0 0 
0 0 0 0 0 0 0 0 0 0 0 0 0 0 0 0 0 0 0 0 0 0 0 3 111163 0 0 3 0 0 234 7 0 22433261 42168543 34561390 0 0 0 40999812 0 0 0 0 
0 0 0 0 0 0 0 0 0 0 0 0 0 0 0 0 0 0 0 0 0 0 0 3 111163 0 0 3 0 0 234 7 0 22433276 42168558 34561390 0 0 0 40999812 0 0 0 0 
0 0 0 0 0 0 0 0 0 0 0 0 0 0 0 0 0 0 0 0 0 0 0 3 111163 0 0 3 0 0 234 7 0 22433291 42168573 34561390 0 0 0 40999812 0 0 0 0 
0 0 0 0 0 0 0 0 0 0 0 0 0 0 0 0 0 0 0 0 0 0 0 3 111163 0 0 3 0 0 234 7 0 22433306 42168588 34561390 0 0 0 40999812 0 0 0 0 
0 0 0 0 0 0 0 0 0 0 0 0 0 0 0 0 0 0 0 0 0 0 0 3 111163 0 0 3 0 0 234 7 0 22433321 42168603 34561390 0 0 0 40999812 0 0 0 0 
0 0 0 0 0 0 0 0 0 0 0 0 0 0 0 0 0 0 0 0 0 0 0 3 111163 0 0 3 0 0 234 7 0 22433336 42168618 34561390 0 0 0 40999812 0 0 0 0 
0 0 0 0 0 0 0 0 0 0 0 0 0 0 0 0 0 0 0 0 0 0 0 3 111163 0 0 3 0 0 234 7 0 22433350 42168632 34561390 0 0 0 40999812 0 0 0 0 
0 0 0 0 0 0 0 0 0 0 0 0 0 0 0 0 0 0 0 0 0 0 0 3 111163 0 0 3 0 0 234 23 0 22433360 42168633 34561390 0 0 0 40999822 0 0 0 0 
0 0 0 0 0 0 0 0 0 0 0 0 0 0 0 0 0 0 0 0 0 0 0 3 111163 0 0 3 0 0 234 23 0 22433360 42168633 34561390 0 0 0 40999822 0 0 0 0 
0 0 0 0 0 0 0 0 0 0 0 0 0 0 0 0 0 0 0 0 0 0 0 3 111163 0 0 3 0 0 234 23 0 22433706 42168633 34561390 0 0 0 40999822 0 0 0 0 
0 0 0 0 0 0 0 0 0 0 0 0 0 0 0 0 0 0 0 0 0 0 0 3 111163 0 0 3 0 0 234 23 0 22435180 42168633 34561390 0 0 0 40999822 0 0 0 0 
0 0 0 0 0 0 0 0 0 0 0 0 0 0 0 0 0 0 0 0 0 0 0 3 111163 0 0 3 0 0 234 23 0 22436683 42168633 34561390 0 0 0 40999822 0 0 0 0 
0 0 0 0 0 0 0 0 0 0 0 0 0 0 0 0 0 0 0 0 0 0 0 3 111163 0 0 3 0 0 234 23 0 22438158 42168633 34561390 0 0 0 40999822 0 0 0 0 
0 0 0 0 0 0 0 0 0 0 0 0 0 0 0 0 0 0 0 0 0 0 0 3 111163 0 0 3 0 0 234 23 0 22439618 42168633 34561390 0 0 0 40999822 0 0 0 0 
0 0 0 0 0 0 0 0 0 0 0 0 0 0 0 0 0 0 0 0 0 0 0 3 111163 0 0 3 0 0 234 23 0 22439870 42168633 34561390 0 0 0 40999822 0 0 0 0 
0 0 0 0 0 0 0 0 0 0 0 0 0 0 0 0 0 0 0 0 0 0 0 3 111163 0 0 3 0 0 234 23 0 22439870 42168633 34561390 0 0 0 40999822 0 0 0 0 
0 0 0 0 0 0 0 0 0 0 0 0 0 0 0 0 0 0 0 0 0 0 0 3 111163 0 0 3 0 0 234 23 0 22439870 42168633 34561390 0 0 0 40999822 0 0 0 0 
0 0 0 0 0 0 0 0 0 0 0 0 0 0 0 0 0 0 0 0 0 0 0 3 111163 0 0 3 0 0 234 23 0 22439870 42168633 34561390 0 0 0 40999822 0 0 0 0 
0 0 0 0 0 0 0 0 0 0 0 0 0 0 0 0 0 0 0 0 0 0 0 3 111163 0 0 3 0 0 234 23 0 22439870 42168633 34561390 0 0 0 40999822 0 0 0 0 
0 0 0 0 0 0 0 0 0 0 0 0 0 0 0 0 0 0 0 0 0 0 0 3 111163 0 0 3 0 0 234 23 0 22439870 42168633 34561390 0 0 0 40999822 0 0 0 0 
0 0 0 0 0 0 0 0 0 0 0 0 0 0 0 0 0 0 0 0 0 0 0 3 111163 0 0 3 0 0 234 23 0 22439870 42168633 34561390 0 0 0 40999822 0 0 0 0 
0 0 0 0 0 0 0 0 0 0 0 0 0 0 0 0 0 0 0 0 0 0 0 3 111163 0 0 3 0 0 234 23 0 22439870 42168633 34561390 0 0 0 40999822 0 0 0 0 
0 0 0 0 0 0 0 0 0 0 0 0 0 0 0 0 0 0 0 0 0 0 0 3 111163 0 0 3 0 0 234 23 0 22439870 42168633 34561390 0 0 0 40999822 0 0 0 0 
0 0 0 0 0 0 0 0 0 0 0 0 0 0 0 0 0 0 0 0 0 0 0 3 111163 0 0 3 0 0 234 23 0 22439870 42168633 34561390 0 0 0 40999822 0 0 0 0 
<====
0 0 0 0 0 0 0 0 0 0 0 0 0 0 0 0 0 0 0 0 0 0 0 3 0 111167 111132 0 0 235 0 0 29 76754382 22431625 0 0 0 0 0 41005785 0 0 0 
0 0 0 0 0 0 0 0 0 0 0 0 0 0 0 0 0 0 0 0 0 0 0 3 0 111167 111132 0 0 235 0 0 29 76754382 22431625 0 0 0 0 0 41005785 0 0 0 
0 0 0 0 0 0 0 0 0 0 0 0 0 0 0 0 0 0 0 0 0 0 0 3 0 111167 111132 0 0 235 0 0 29 76754382 22431625 0 0 0 0 0 41005785 0 0 0 
0 0 0 0 0 0 0 0 0 0 0 0 0 0 0 0 0 0 0 0 0 0 0 3 0 111167 111132 0 0 235 0 0 29 76754382 22431625 0 0 0 0 0 41005785 0 0 0 
