0 0 0 0 0 0 0 0 0 0 0 0 0 0 0 0 0 0 0 0 0 0 0 3 0 111167 111132 0 0 235 0 0 29 76754382 22431625 0 0 0 0 0 41005785 0 0 0 
0 0 0 0 0 0 0 0 0 0 0 0 0 0 0 0 0 0 0 0 0 0 0 3 0 111167 111132 0 0 235 0 0 29 76754382 22431625 0 0 0 0 0 41005785 0 0 0 
0 0 0 0 0 0 0 0 0 0 0 0 0 0 0 0 0 0 0 0 0 0 0 3 0 111167 111132 0 0 235 0 0 29 76754382 22431625 0 0 0 0 0 41005785 0 0 0 
0 0 0 0 0 0 0 0 0 0 0 0 0 0 0 0 0 0 0 0 0 0 0 3 0 111167 111132 0 0 235 0 0 29 76754382 22431625 0 0 0 0 0 41005785 0 0 0 
0 0 0 0 0 0 0 0 0 0 0 0 0 0 0 0 0 0 0 0 0 0 0 3 0 111167 111132 0 0 235 0 0 29 76754382 22431625 0 0 0 0 0 41005785 0 0 0 
0 0 0 0 0 0 0 0 0 0 0 0 0 0 0 0 0 0 0 0 0 0 0 3 0 111167 111132 0 0 235 0 0 29 76754382 22431625 0 0 0 0 0 41005785 0 0 0 
0 0 0 0 0 0 0 0 0 0 0 0 0 0 0 0 0 0 0 0 0 0 0 3 0 111167 111132 0 0 235 0 0 29 76754382 22431625 0 0 0 0 0 41005785 0 0 0 
0 0 0 0 0 0 0 0 0 0 0 0 0 0 0 0 0 0 0 0 0 0 0 3 0 111167 111132 0 0 235 0 0 29 76754382 22431625 0 0 0 0 0 41005785 0 0 0 
0 0 0 0 0 0 0 0 0 0 0 0 0 0 0 0 0 0 0 0 0 0 0 3 111163 0 0 5 0 0 234 29 0 22439870 42168633 34561390 0 0 0 40999824 0 0 0 0 
0 0 0 0 0 0 0 0 0 0 0 0 0 0 0 0 0 0 0 0 0 0 0 3 111163 0 0 5 0 0 234 29 0 22439870 42168633 34561390 0 0 0 40999824 0 0 0 0 
0 0 0 0 0 0 0 0 0 0 0 0 0 0 0 0 0 0 0 0 0 0 0 3 111163 0 0 5 0 0 234 29 0 22439870 42168633 34561390 0 0 0 40999824 0 0 0 0 
0 0 0 0 0 0 0 0 0 0 0 0 0 0 0 0 0 0 0 0 0 0 0 3 111163 0 0 5 0 0 234 29 0 22439870 42168633 34561390 0 0 0 40999824 0 0 0 0 
0 0 0 0 0 0 0 0 0 0 0 0 0 0 0 0 0 0 0 0 0 0 0 3 111163 0 0 5 0 0 234 29 0 22439870 42168633 34561390 0 0 0 40999824 0 0 0 0 
0 0 0 0 0 0 0 0 0 0 0 0 0 0 0 0 0 0 0 0 0 0 0 3 111163 0 0 5 0 0 234 29 0 22439870 42168633 34561390 0 0 0 40999824 0 0 0 0 
0 0 0 0 0 0 0 0 0 0 0 0 0 0 0 0 0 0 0 0 0 0 0 3 111163 0 0 5 0 0 234 29 0 22439870 42168633 34561390 0 0 0 40999824 0 0 0 0 
0 0 0 0 0 0 0 0 0 0 0 0 0 0 0 0 0 0 0 0 0 0 0 3 111163 0 0 5 0 0 234 29 0 22439870 42168633 34561390 0 0 0 40999824 0 0 0 0 
0 0 0 0 0 0 0 0 0 0 0 0 0 0 0 0 0 0 0 0 0 0 0 3 111163 0 0 5 0 0 234 29 0 22439870 42168633 34561390 0 0 0 40999824 0 0 0 0 
0 0 0 0 0 0 0 0 0 0 0 0 0 0 0 0 0 0 0 0 0 0 0 3 111163 0 0 5 0 0 234 29 0 22439870 42168633 34561390 0 0 0 40999824 0 0 0 0 
0 0 0 0 0 0 0 0 0 0 0 0 0 0 0 0 0 0 0 0 0 0 0 3 111163 0 0 5 0 0 234 29 0 22439870 42168633 34561390 0 0 0 40999824 0 0 0 0 
0 0 0 0 0 0 0 0 0 0 0 0 0 0 0 0 0 0 0 0 0 0 0 3 111163 0 0 5 0 0 234 29 0 22439870 42168633 34561390 0 0 0 40999824 0 0 0 0 
0 0 0 0 0 0 0 0 0 0 0 0 0 0 0 0 0 0 0 0 0 0 0 3 111163 0 0 5 0 0 234 29 0 22439870 42168633 34561390 0 0 0 40999824 0 0 0 0 
0 0 0 0 0 0 0 0 0 0 0 0 0 0 0 0 0 0 0 0 0 0 0 3 111175 0 0 5 0 0 270 29 0 22439893 42219926 34561402 0 0 0 40999824 0 0 0 0 
0 0 0 0 0 0 0 0 0 0 0 0 0 0 0 0 0 0 0 0 0 0 0 3 111175 0 0 5 0 0 270 29 0 22439922 42219955 34561402 0 0 0 40999824 0 0 0 0 
0 0 0 0 0 0 0 0 0 0 0 0 0 0 0 0 0 0 0 0 0 0 0 3 111175 0 0 5 0 0 270 29 0 22439956 42219989 34561402 0 0 0 40999824 0 0 0 0 
0 0 0 0 0 0 0 0 0 0 0 0 0 0 0 0 0 0 0 0 0 0 0 3 111175 0 0 5 0 0 270 29 0 22439987 42220019 34561402 0 0 0 40999824 0 0 0 0 
0 0 0 0 0 0 0 0 0 0 0 0 0 0 0 0 0 0 0 0 0 0 0 3 111175 0 0 5 0 0 270 29 0 22440021 42220054 34561402 0 0 0 40999824 0 0 0 0 
0 0 0 0 0 0 0 0 0 0 0 0 0 0 0 0 0 0 0 0 0 0 0 3 111175 0 0 5 0 0 270 29 0 22440053 42220085 34561402 0 0 0 40999824 0 0 0 0 
0 0 0 0 0 0 0 0 0 0 0 0 0 0 0 0 0 0 0 0 0 0 0 3 111175 0 0 5 0 0 270 29 0 22440086 42220119 34561402 0 0 0 40999824 0 0 0 0 
0 0 0 0 0 0 0 0 0 0 0 0 0 0 0 0 0 0 0 0 0 0 0 3 111175 0 0 5 0 0 270 29 0 22440119 42220151 34561402 0 0 0 40999824 0 0 0 0 
0 0 0 0 0 0 0 0 0 0 0 0 0 0 0 0 0 0 0 0 0 0 0 3 111175 0 0 5 0 0 270 29 0 22440151 42220184 34561402 0 0 0 40999824 0 0 0 0 
0 0 0 0 0 0 0 0 0 0 0 0 0 0 0 0 0 0 0 0 0 0 0 3 111175 0 0 5 0 0 270 29 0 22440186 42220219 34561402 0 0 0 40999824 0 0 0 0 
0 0 0 0 0 0 0 0 0 0 0 0 0 0 0 0 0 0 0 0 0 0 0 3 111175 0 0 5 0 0 270 29 0 22440218 42220250 34561402 0 0 0 40999824 0 0 0 0 
0 0 0 0 0 0 0 0 0 0 0 0 0 0 0 0 0 0 0 0 0 0 0 3 111175 0 0 5 0 0 270 29 0 22440251 42220284 34561402 0 0 0 40999824 0 0 0 0 
0 0 0 0 0 0 0 0 0 0 0 0 0 0 0 0 0 0 0 0 0 0 0 3 111175 0 0 5 0 0 270 29 0 22440283 42220315 34561402 0 0 0 40999824 0 0 0 0 
0 0 0 0 0 0 0 0 0 0 0 0 0 0 0 0 0 0 0 0 0 0 0 3 111175 0 0 5 0 0 270 29 0 22440316 42220349 34561402 0 0 0 40999824 0 0 0 0 
0 0 0 0 0 0 0 0 0 0 0 0 0 0 0 0 0 0 0 0 0 0 0 3 111175 0 0 5 0 0 270 29 0 22440350 42220382 34561402 0 0 0 40999824 0 0 0 0 
0 0 0 0 0 0 0 0 0 0 0 0 0 0 0 0 0 0 0 0 0 0 0 3 111175 0 0 5 0 0 270 65 0 22440376 42220396 34561402 0 0 0 40999839 0 0 0 0 
0 0 0 0 0 0 0 0 0 0 0 0 0 0 0 0 0 0 0 0 0 0 0 3 111175 0 0 5 0 0 270 65 0 22440376 42220396 34561402 0 0 0 40999839 0 0 0 0 
0 0 0 0 0 0 0 0 0 0 0 0 0 0 0 0 0 0 0 0 0 0 0 3 111175 0 0 5 0 0 270 65 0 22441744 42220396 34561402 0 0 0 40999839 0 0 0 0 
0 0 0 0 0 0 0 0 0 0 0 0 0 0 0 0 0 0 0 0 0 0 0 3 111175 0 0 5 0 0 270 65 0 22443226 42220396 34561402 0 0 0 40999839 0 0 0 0 
0 0 0 0 0 0 0 0 0 0 0 0 0 0 0 0 0 0 0 0 0 0 0 3 111175 0 0 5 0 0 270 65 0 22444717 42220396 34561402 0 0 0 40999839 0 0 0 0 
0 0 0 0 0 0 0 0 0 0 0 0 0 0 0 0 0 0 0 0 0 0 0 3 111175 0 0 5 0 0 270 65 0 22446630 42220396 34561402 0 0 0 40999839 0 0 0 0 
0 0 0 0 0 0 0 0 0 0 0 0 0 0 0 0 0 0 0 0 0 0 0 3 111175 0 0 5 0 0 270 65 0 22447700 42220396 34561402 0 0 0 40999839 0 0 0 0 
0 0 0 0 0 0 0 0 0 0 0 0 0 0 0 0 0 0 0 0 0 0 0 3 111175 0 0 5 0 0 270 65 0 22447700 42220396 34561402 0 0 0 40999839 0 0 0 0 
0 0 0 0 0 0 0 0 0 0 0 0 0 0 0 0 0 0 0 0 0 0 0 3 111175 0 0 5 0 0 270 65 0 22447700 42220396 34561402 0 0 0 40999839 0 0 0 0 
0 0 0 0 0 0 0 0 0 0 0 0 0 0 0 0 0 0 0 0 0 0 0 3 111175 0 0 5 0 0 270 65 0 22447700 42220396 34561402 0 0 0 40999839 0 0 0 0 
0 0 0 0 0 0 0 0 0 0 0 0 0 0 0 0 0 0 0 0 0 0 0 3 111175 0 0 5 0 0 270 65 0 22447700 42220396 34561402 0 0 0 40999839 0 0 0 0 
0 0 0 0 0 0 0 0 0 0 0 0 0 0 0 0 0 0 0 0 0 0 0 3 111175 0 0 5 0 0 270 65 0 22447700 42220396 34561402 0 0 0 40999839 0 0 0 0 
0 0 0 0 0 0 0 0 0 0 0 0 0 0 0 0 0 0 0 0 0 0 0 3 111175 0 0 5 0 0 270 65 0 22447700 42220396 34561402 0 0 0 40999839 0 0 0 0 
0 0 0 0 0 0 0 0 0 0 0 0 0 0 0 0 0 0 0 0 0 0 0 3 111175 0 0 5 0 0 270 65 0 22447700 42220396 34561402 0 0 0 40999839 0 0 0 0 
<====
0 0 0 0 0 0 0 0 0 0 0 0 0 0 0 0 0 0 0 0 0 0 0 3 0 111179 111144 0 0 271 0 0 74 76806133 22439455 0 0 0 0 0 41005803 0 0 0 
0 0 0 0 0 0 0 0 0 0 0 0 0 0 0 0 0 0 0 0 0 0 0 3 0 111179 111144 0 0 271 0 0 74 76806133 22439455 0 0 0 0 0 41005803 0 0 0 
0 0 0 0 0 0 0 0 0 0 0 0 0 0 0 0 0 0 0 0 0 0 0 3 0 111179 111144 0 0 271 0 0 74 76806133 22439455 0 0 0 0 0 41005803 0 0 0 
0 0 0 0 0 0 0 0 0 0 0 0 0 0 0 0 0 0 0 0 0 0 0 3 0 111179 111144 0 0 271 0 0 74 76806133 22439455 0 0 0 0 0 41005803 0 0 0 
