0 0 0 0 0 0 0 0 0 0 0 0 0 0 0 0 0 0 0 0 0 0 0 3 0 37049 37041 0 0 66 0 0 0 24189548 7297503 0 0 0 0 0 12666060 0 0 0 
0 0 0 0 0 0 0 0 0 0 0 0 0 0 0 0 0 0 0 0 0 0 0 3 37050 0 0 1 0 0 66 0 0 7297164 13012023 11174596 0 0 0 12667281 0 0 0 0 
0 0 0 0 0 0 0 0 0 0 0 0 0 0 0 0 0 0 0 0 0 0 0 3 0 37049 37041 0 0 66 0 0 0 24189548 7297503 0 0 0 0 0 12666060 0 0 0 
0 0 0 0 0 0 0 0 0 0 0 0 0 0 0 0 0 0 0 0 0 0 0 3 37050 0 0 1 0 0 66 0 0 7297164 13012023 11174596 0 0 0 12667281 0 0 0 0 
0 0 0 0 0 0 0 0 0 0 0 0 0 0 0 0 0 0 0 0 0 0 0 3 0 37049 37041 0 0 66 0 0 0 24189548 7297503 0 0 0 0 0 12666060 0 0 0 
0 0 0 0 0 0 0 0 0 0 0 0 0 0 0 0 0 0 0 0 0 0 0 3 37050 0 0 1 0 0 66 0 0 7297164 13012023 11174596 0 0 0 12667281 0 0 0 0 
0 0 0 0 0 0 0 0 0 0 0 0 0 0 0 0 0 0 0 0 0 0 0 3 0 37049 37041 0 0 66 0 0 0 24189548 7297503 0 0 0 0 0 12666060 0 0 0 
0 0 0 0 0 0 0 0 0 0 0 0 0 0 0 0 0 0 0 0 0 0 0 3 37050 0 0 1 0 0 66 0 0 7297164 13012023 11174596 0 0 0 12667281 0 0 0 0 
0 0 0 0 0 0 0 0 0 0 0 0 0 0 0 0 0 0 0 0 0 0 0 3 0 37049 37041 0 0 66 0 0 0 24189548 7297503 0 0 0 0 0 12666060 0 0 0 
0 0 0 0 0 0 0 0 0 0 0 0 0 0 0 0 0 0 0 0 0 0 0 3 37050 0 0 1 0 0 66 0 0 7297164 13012023 11174596 0 0 0 12667281 0 0 0 0 
0 0 0 0 0 0 0 0 0 0 0 0 0 0 0 0 0 0 0 0 0 0 0 3 0 37049 37041 0 0 66 0 0 0 24189548 7297503 0 0 0 0 0 12666060 0 0 0 
0 0 0 0 0 0 0 0 0 0 0 0 0 0 0 0 0 0 0 0 0 0 0 3 37050 0 0 1 0 0 66 0 0 7297164 13012023 11174596 0 0 0 12667281 0 0 0 0 
0 0 0 0 0 0 0 0 0 0 0 0 0 0 0 0 0 0 0 0 0 0 0 3 0 37049 37041 0 0 66 0 0 0 24189548 7297503 0 0 0 0 0 12666060 0 0 0 
0 0 0 0 0 0 0 0 0 0 0 0 0 0 0 0 0 0 0 0 0 0 0 3 37050 0 0 1 0 0 66 0 0 7297164 13012023 11174596 0 0 0 12667281 0 0 0 0 
0 0 0 0 0 0 0 0 0 0 0 0 0 0 0 0 0 0 0 0 0 0 0 3 0 37049 37041 0 0 66 0 0 0 24189548 7297503 0 0 0 0 0 12666060 0 0 0 
0 0 0 0 0 0 0 0 0 0 0 0 0 0 0 0 0 0 0 0 0 0 0 3 37050 0 0 1 0 0 66 0 0 7297164 13012023 11174596 0 0 0 12667281 0 0 0 0 
0 0 0 0 0 0 0 0 0 0 0 0 0 0 0 0 0 0 0 0 0 0 0 3 0 37049 37041 0 0 66 0 0 0 24189548 7297503 0 0 0 0 0 12666060 0 0 0 
0 0 0 0 0 0 0 0 0 0 0 0 0 0 0 0 0 0 0 0 0 0 0 3 37050 0 0 1 0 0 66 0 0 7297164 13012023 11174596 0 0 0 12667281 0 0 0 0 
0 0 0 0 0 0 0 0 0 0 0 0 0 0 0 0 0 0 0 0 0 0 0 3 0 37049 37041 0 0 66 0 0 0 24189548 7297503 0 0 0 0 0 12666060 0 0 0 
0 0 0 0 0 0 0 0 0 0 0 0 0 0 0 0 0 0 0 0 0 0 0 3 37050 0 0 1 0 0 66 0 0 7297164 13012023 11174596 0 0 0 12667281 0 0 0 0 
0 0 0 0 0 0 0 0 0 0 0 0 0 0 0 0 0 0 0 0 0 0 0 3 0 37049 37041 0 0 66 0 0 0 24189548 7297503 0 0 0 0 0 12666060 0 0 0 
0 0 0 0 0 0 0 0 0 0 0 0 0 0 0 0 0 0 0 0 0 0 0 3 37050 0 0 1 0 0 66 0 0 7297164 13012023 11174596 0 0 0 12667281 0 0 0 0 
0 0 0 0 0 0 0 0 0 0 0 0 0 0 0 0 0 0 0 0 0 0 0 3 0 37049 37041 0 0 66 0 0 0 24189548 7297503 0 0 0 0 0 12666060 0 0 0 
0 0 0 0 0 0 0 0 0 0 0 0 0 0 0 0 0 0 0 0 0 0 0 3 37050 0 0 1 0 0 66 0 0 7297164 13012023 11174596 0 0 0 12667281 0 0 0 0 
0 0 0 0 0 0 0 0 0 0 0 0 0 0 0 0 0 0 0 0 0 0 0 3 0 37049 37041 0 0 66 0 0 0 24189548 7297503 0 0 0 0 0 12666060 0 0 0 
0 0 0 0 0 0 0 0 0 0 0 0 0 0 0 0 0 0 0 0 0 0 0 3 37050 0 0 1 0 0 66 0 0 7297164 13012023 11174596 0 0 0 12667281 0 0 0 0 
0 0 0 0 0 0 0 0 0 0 0 0 0 0 0 0 0 0 0 0 0 0 0 3 0 37049 37041 0 0 66 0 0 0 24189548 7297503 0 0 0 0 0 12666060 0 0 0 
0 0 0 0 0 0 0 0 0 0 0 0 0 0 0 0 0 0 0 0 0 0 0 3 37050 0 0 1 0 0 66 0 0 7297164 13012023 11174596 0 0 0 12667281 0 0 0 0 
0 0 0 0 0 0 0 0 0 0 0 0 0 0 0 0 0 0 0 0 0 0 0 3 0 37049 37041 0 0 66 0 0 0 24189548 7297503 0 0 0 0 0 12666060 0 0 0 
0 0 0 0 0 0 0 0 0 0 0 0 0 0 0 0 0 0 0 0 0 0 0 3 37050 0 0 1 0 0 66 0 0 7297164 13012023 11174596 0 0 0 12667281 0 0 0 0 
0 0 0 0 0 0 0 0 0 0 0 0 0 0 0 0 0 0 0 0 0 0 0 3 0 37049 37041 0 0 66 0 0 0 24189548 7297503 0 0 0 0 0 12666060 0 0 0 
0 0 0 0 0 0 0 0 0 0 0 0 0 0 0 0 0 0 0 0 0 0 0 3 37050 0 0 1 0 0 66 0 0 7297164 13012023 11174596 0 0 0 12667281 0 0 0 0 
0 0 0 0 0 0 0 0 0 0 0 0 0 0 0 0 0 0 0 0 0 0 0 3 0 37049 37041 0 0 66 0 0 0 24189548 7297503 0 0 0 0 0 12666060 0 0 0 
0 0 0 0 0 0 0 0 0 0 0 0 0 0 0 0 0 0 0 0 0 0 0 3 37050 0 0 1 0 0 66 0 0 7297164 13012023 11174596 0 0 0 12667281 0 0 0 0 
0 0 0 0 0 0 0 0 0 0 0 0 0 0 0 0 0 0 0 0 0 0 0 3 0 37049 37041 0 0 66 0 0 0 24189548 7297503 0 0 0 0 0 12666060 0 0 0 
0 0 0 0 0 0 0 0 0 0 0 0 0 0 0 0 0 0 0 0 0 0 0 3 37050 0 0 1 0 0 66 0 0 7297164 13012023 11174596 0 0 0 12667281 0 0 0 0 
0 0 0 0 0 0 0 0 0 0 0 0 0 0 0 0 0 0 0 0 0 0 0 3 0 37049 37041 0 0 66 0 0 0 24189548 7297503 0 0 0 0 0 12666060 0 0 0 
0 0 0 0 0 0 0 0 0 0 0 0 0 0 0 0 0 0 0 0 0 0 0 3 37050 0 0 1 0 0 66 0 0 7297164 13012023 11174596 0 0 0 12667281 0 0 0 0 
0 0 0 0 0 0 0 0 0 0 0 0 0 0 0 0 0 0 0 0 0 0 0 3 0 37049 37041 0 0 66 0 0 0 24189548 7297503 0 0 0 0 0 12666060 0 0 0 
0 0 0 0 0 0 0 0 0 0 0 0 0 0 0 0 0 0 0 0 0 0 0 3 37050 0 0 1 0 0 66 0 0 7297164 13012023 11174596 0 0 0 12667281 0 0 0 0 
0 0 0 0 0 0 0 0 0 0 0 0 0 0 0 0 0 0 0 0 0 0 0 3 0 37049 37041 0 0 66 0 0 0 24189548 7297503 0 0 0 0 0 12666060 0 0 0 
0 0 0 0 0 0 0 0 0 0 0 0 0 0 0 0 0 0 0 0 0 0 0 3 37050 0 0 1 0 0 66 0 0 7297164 13012023 11174596 0 0 0 12667281 0 0 0 0 
0 0 0 0 0 0 0 0 0 0 0 0 0 0 0 0 0 0 0 0 0 0 0 3 0 37049 37041 0 0 66 0 0 0 24189548 7297503 0 0 0 0 0 12666060 0 0 0 
0 0 0 0 0 0 0 0 0 0 0 0 0 0 0 0 0 0 0 0 0 0 0 3 37050 0 0 1 0 0 66 0 0 7297164 13012023 11174596 0 0 0 12667281 0 0 0 0 
0 0 0 0 0 0 0 0 0 0 0 0 0 0 0 0 0 0 0 0 0 0 0 3 0 37049 37041 0 0 66 0 0 0 24189548 7297503 0 0 0 0 0 12666060 0 0 0 
0 0 0 0 0 0 0 0 0 0 0 0 0 0 0 0 0 0 0 0 0 0 0 3 37050 0 0 1 0 0 66 0 0 7297164 13012023 11174596 0 0 0 12667281 0 0 0 0 
0 0 0 0 0 0 0 0 0 0 0 0 0 0 0 0 0 0 0 0 0 0 0 3 0 37049 37041 0 0 66 0 0 0 24189548 7297503 0 0 0 0 0 12666060 0 0 0 
0 0 0 0 0 0 0 0 0 0 0 0 0 0 0 0 0 0 0 0 0 0 0 3 37050 0 0 1 0 0 66 0 0 7297164 13012023 11174596 0 0 0 12667281 0 0 0 0 
0 0 0 0 0 0 0 0 0 0 0 0 0 0 0 0 0 0 0 0 0 0 0 3 0 37049 37041 0 0 66 0 0 0 24189548 7297503 0 0 0 0 0 12666060 0 0 0 
0 0 0 0 0 0 0 0 0 0 0 0 0 0 0 0 0 0 0 0 0 0 0 3 37050 0 0 1 0 0 66 0 0 7297164 13012023 11174596 0 0 0 12667281 0 0 0 0 
0 0 0 0 0 0 0 0 0 0 0 0 0 0 0 0 0 0 0 0 0 0 0 3 0 37049 37041 0 0 66 0 0 0 24189548 7297503 0 0 0 0 0 12666060 0 0 0 
0 0 0 0 0 0 0 0 0 0 0 0 0 0 0 0 0 0 0 0 0 0 0 3 37050 0 0 1 0 0 66 0 0 7297164 13012023 11174596 0 0 0 12667281 0 0 0 0 
====>
0 0 0 0 0 0 0 0 0 0 0 0 0 0 0 0 0 0 0 0 0 0 0 3 0 37049 37041 0 0 66 0 0 0 24189548 7297503 0 0 0 0 0 12666060 0 0 0 
0 0 0 0 0 0 0 0 0 0 0 0 0 0 0 0 0 0 0 0 0 0 0 3 37050 0 0 1 0 0 66 0 0 7297164 13012023 11174596 0 0 0 12667281 0 0 0 0 
0 0 0 0 0 0 0 0 0 0 0 0 0 0 0 0 0 0 0 0 0 0 0 3 0 37049 37041 0 0 66 0 0 0 24189548 7297503 0 0 0 0 0 12666060 0 0 0 
0 0 0 0 0 0 0 0 0 0 0 0 0 0 0 0 0 0 0 0 0 0 0 3 37050 0 0 1 0 0 66 0 0 7297164 13012023 11174596 0 0 0 12667281 0 0 0 0 
0 0 0 0 0 0 0 0 0 0 0 0 0 0 0 0 0 0 0 0 0 0 0 3 0 37049 37041 0 0 66 0 0 0 24189548 7297503 0 0 0 0 0 12666060 0 0 0 
0 0 0 0 0 0 0 0 0 0 0 0 0 0 0 0 0 0 0 0 0 0 0 3 37050 0 0 1 0 0 66 0 0 7297164 13012023 11174596 0 0 0 12667281 0 0 0 0 
0 0 0 0 0 0 0 0 0 0 0 0 0 0 0 0 0 0 0 0 0 0 0 3 0 37049 37041 0 0 66 0 0 0 24189548 7297503 0 0 0 0 0 12666060 0 0 0 
0 0 0 0 0 0 0 0 0 0 0 0 0 0 0 0 0 0 0 0 0 0 0 3 37050 0 0 1 0 0 66 0 0 7297164 13012023 11174596 0 0 0 12667281 0 0 0 0 
0 0 0 0 0 0 0 0 0 0 0 0 0 0 0 0 0 0 0 0 0 0 0 3 0 37049 37041 0 0 66 0 0 0 24189548 7297503 0 0 0 0 0 12666060 0 0 0 
0 0 0 0 0 0 0 0 0 0 0 0 0 0 0 0 0 0 0 0 0 0 0 3 37050 0 0 1 0 0 66 0 0 7297164 13012023 11174596 0 0 0 12667281 0 0 0 0 
0 0 0 0 0 0 0 0 0 0 0 0 0 0 0 0 0 0 0 0 0 0 0 3 0 37049 37041 0 0 66 0 0 0 24189548 7297503 0 0 0 0 0 12666060 0 0 0 
0 0 0 0 0 0 0 0 0 0 0 0 0 0 0 0 0 0 0 0 0 0 0 3 37050 0 0 1 0 0 66 0 0 7297164 13012023 11174596 0 0 0 12667281 0 0 0 0 
0 0 0 0 0 0 0 0 0 0 0 0 0 0 0 0 0 0 0 0 0 0 0 3 0 37049 37041 0 0 66 0 0 0 24189548 7297503 0 0 0 0 0 12666060 0 0 0 
0 0 0 0 0 0 0 0 0 0 0 0 0 0 0 0 0 0 0 0 0 0 0 3 37050 0 0 1 0 0 66 0 0 7297164 13012023 11174596 0 0 0 12667281 0 0 0 0 
0 0 0 0 0 0 0 0 0 0 0 0 0 0 0 0 0 0 0 0 0 0 0 3 0 37049 37041 0 0 66 0 0 0 24189548 7297503 0 0 0 0 0 12666060 0 0 0 
0 0 0 0 0 0 0 0 0 0 0 0 0 0 0 0 0 0 0 0 0 0 0 3 37050 0 0 1 0 0 66 0 0 7297164 13012023 11174596 0 0 0 12667281 0 0 0 0 
0 0 0 0 0 0 0 0 0 0 0 0 0 0 0 0 0 0 0 0 0 0 0 3 0 37049 37041 0 0 66 0 0 0 24189548 7297503 0 0 0 0 0 12666060 0 0 0 
0 0 0 0 0 0 0 0 0 0 0 0 0 0 0 0 0 0 0 0 0 0 0 3 37050 0 0 1 0 0 66 0 0 7297164 13012023 11174596 0 0 0 12667281 0 0 0 0 
0 0 0 0 0 0 0 0 0 0 0 0 0 0 0 0 0 0 0 0 0 0 0 3 0 37049 37041 0 0 66 0 0 0 24189548 7297503 0 0 0 0 0 12666060 0 0 0 
0 0 0 0 0 0 0 0 0 0 0 0 0 0 0 0 0 0 0 0 0 0 0 3 37050 0 0 1 0 0 66 0 0 7297164 13012023 11174596 0 0 0 12667281 0 0 0 0 
0 0 0 0 0 0 0 0 0 0 0 0 0 0 0 0 0 0 0 0 0 0 0 3 0 37049 37041 0 0 66 0 0 0 24189548 7297503 0 0 0 0 0 12666060 0 0 0 
0 0 0 0 0 0 0 0 0 0 0 0 0 0 0 0 0 0 0 0 0 0 0 3 37050 0 0 1 0 0 66 0 0 7297164 13012023 11174596 0 0 0 12667281 0 0 0 0 
0 0 0 0 0 0 0 0 0 0 0 0 0 0 0 0 0 0 0 0 0 0 0 3 0 37049 37041 0 0 66 0 0 0 24189548 7297503 0 0 0 0 0 12666060 0 0 0 
0 0 0 0 0 0 0 0 0 0 0 0 0 0 0 0 0 0 0 0 0 0 0 3 37050 0 0 1 0 0 66 0 0 7297164 13012023 11174596 0 0 0 12667281 0 0 0 0 
0 0 0 0 0 0 0 0 0 0 0 0 0 0 0 0 0 0 0 0 0 0 0 3 0 37049 37041 0 0 66 0 0 0 24189548 7297503 0 0 0 0 0 12666060 0 0 0 
0 0 0 0 0 0 0 0 0 0 0 0 0 0 0 0 0 0 0 0 0 0 0 3 37050 0 0 1 0 0 66 0 0 7297164 13012023 11174596 0 0 0 12667281 0 0 0 0 
0 0 0 0 0 0 0 0 0 0 0 0 0 0 0 0 0 0 0 0 0 0 0 3 0 37049 37041 0 0 66 0 0 0 24189548 7297503 0 0 0 0 0 12666060 0 0 0 
0 0 0 0 0 0 0 0 0 0 0 0 0 0 0 0 0 0 0 0 0 0 0 3 37050 0 0 1 0 0 66 0 0 7297164 13012023 11174596 0 0 0 12667281 0 0 0 0 
0 0 0 0 0 0 0 0 0 0 0 0 0 0 0 0 0 0 0 0 0 0 0 3 0 37049 37041 0 0 66 0 0 0 24189548 7297503 0 0 0 0 0 12666060 0 0 0 
0 0 0 0 0 0 0 0 0 0 0 0 0 0 0 0 0 0 0 0 0 0 0 3 37050 0 0 1 0 0 66 0 0 7297164 13012023 11174596 0 0 0 12667281 0 0 0 0 
0 0 0 0 0 0 0 0 0 0 0 0 0 0 0 0 0 0 0 0 0 0 0 3 0 37049 37041 0 0 66 0 0 0 24189548 7297503 0 0 0 0 0 12666060 0 0 0 
0 0 0 0 0 0 0 0 0 0 0 0 0 0 0 0 0 0 0 0 0 0 0 3 37050 0 0 1 0 0 66 0 0 7297164 13012023 11174596 0 0 0 12667281 0 0 0 0 
0 0 0 0 0 0 0 0 0 0 0 0 0 0 0 0 0 0 0 0 0 0 0 3 0 37049 37041 0 0 66 0 0 0 24189548 7297503 0 0 0 0 0 12666060 0 0 0 
0 0 0 0 0 0 0 0 0 0 0 0 0 0 0 0 0 0 0 0 0 0 0 3 37050 0 0 1 0 0 66 0 0 7297164 13012023 11174596 0 0 0 12667281 0 0 0 0 
0 0 0 0 0 0 0 0 0 0 0 0 0 0 0 0 0 0 0 0 0 0 0 3 0 37049 37041 0 0 66 0 0 0 24189548 7297503 0 0 0 0 0 12666060 0 0 0 
0 0 0 0 0 0 0 0 0 0 0 0 0 0 0 0 0 0 0 0 0 0 0 3 37050 0 0 1 0 0 66 0 0 7297164 13012023 11174596 0 0 0 12667281 0 0 0 0 
0 0 0 0 0 0 0 0 0 0 0 0 0 0 0 0 0 0 0 0 0 0 0 3 0 37049 37041 0 0 66 0 0 0 24189548 7297503 0 0 0 0 0 12666060 0 0 0 
0 0 0 0 0 0 0 0 0 0 0 0 0 0 0 0 0 0 0 0 0 0 0 3 37050 0 0 1 0 0 66 0 0 7297164 13012023 11174596 0 0 0 12667281 0 0 0 0 
0 0 0 0 0 0 0 0 0 0 0 0 0 0 0 0 0 0 0 0 0 0 0 3 0 37049 37041 0 0 66 0 0 0 24189548 7297503 0 0 0 0 0 12666060 0 0 0 
0 0 0 0 0 0 0 0 0 0 0 0 0 0 0 0 0 0 0 0 0 0 0 3 37050 0 0 1 0 0 66 0 0 7297164 13012023 11174596 0 0 0 12667281 0 0 0 0 
0 0 0 0 0 0 0 0 0 0 0 0 0 0 0 0 0 0 0 0 0 0 0 3 0 37049 37041 0 0 66 0 0 0 24189548 7297503 0 0 0 0 0 12666060 0 0 0 
0 0 0 0 0 0 0 0 0 0 0 0 0 0 0 0 0 0 0 0 0 0 0 3 37050 0 0 1 0 0 66 0 0 7297164 13012023 11174596 0 0 0 12667281 0 0 0 0 
0 0 0 0 0 0 0 0 0 0 0 0 0 0 0 0 0 0 0 0 0 0 0 3 0 37049 37041 0 0 66 0 0 0 24189548 7297503 0 0 0 0 0 12666060 0 0 0 
0 0 0 0 0 0 0 0 0 0 0 0 0 0 0 0 0 0 0 0 0 0 0 3 37050 0 0 1 0 0 66 0 0 7297164 13012023 11174596 0 0 0 12667281 0 0 0 0 
0 0 0 0 0 0 0 0 0 0 0 0 0 0 0 0 0 0 0 0 0 0 0 3 0 37049 37041 0 0 66 0 0 0 24189548 7297503 0 0 0 0 0 12666060 0 0 0 
0 0 0 0 0 0 0 0 0 0 0 0 0 0 0 0 0 0 0 0 0 0 0 3 37050 0 0 1 0 0 66 0 0 7297164 13012023 11174596 0 0 0 12667281 0 0 0 0 
0 0 0 0 0 0 0 0 0 0 0 0 0 0 0 0 0 0 0 0 0 0 0 3 0 37049 37041 0 0 66 0 0 0 24189548 7297503 0 0 0 0 0 12666060 0 0 0 
0 0 0 0 0 0 0 0 0 0 0 0 0 0 0 0 0 0 0 0 0 0 0 3 37050 0 0 1 0 0 66 0 0 7297164 13012023 11174596 0 0 0 12667281 0 0 0 0 
0 0 0 0 0 0 0 0 0 0 0 0 0 0 0 0 0 0 0 0 0 0 0 3 0 37049 37041 0 0 66 0 0 0 24189548 7297503 0 0 0 0 0 12666060 0 0 0 
0 0 0 0 0 0 0 0 0 0 0 0 0 0 0 0 0 0 0 0 0 0 0 3 37050 0 0 1 0 0 66 0 0 7297164 13012023 11174596 0 0 0 12667281 0 0 0 0 
0 0 0 0 0 0 0 0 0 0 0 0 0 0 0 0 0 0 0 0 0 0 0 3 0 37049 37041 0 0 66 0 0 0 24189548 7297503 0 0 0 0 0 12666060 0 0 0 
0 0 0 0 0 0 0 0 0 0 0 0 0 0 0 0 0 0 0 0 0 0 0 3 37050 0 0 1 0 0 66 0 0 7297164 13012023 11174596 0 0 0 12667281 0 0 0 0 
0 0 0 0 0 0 0 0 0 0 0 0 0 0 0 0 0 0 0 0 0 0 0 3 0 37049 37041 0 0 66 0 0 0 24189548 7297503 0 0 0 0 0 12666060 0 0 0 
0 0 0 0 0 0 0 0 0 0 0 0 0 0 0 0 0 0 0 0 0 0 0 3 37050 0 0 1 0 0 66 0 0 7297164 13012023 11174596 0 0 0 12667281 0 0 0 0 
0 0 0 0 0 0 0 0 0 0 0 0 0 0 0 0 0 0 0 0 0 0 0 3 0 37049 37041 0 0 66 0 0 0 24189548 7297503 0 0 0 0 0 12666060 0 0 0 
0 0 0 0 0 0 0 0 0 0 0 0 0 0 0 0 0 0 0 0 0 0 0 3 37050 0 0 1 0 0 66 0 0 7297164 13012023 11174596 0 0 0 12667281 0 0 0 0 
0 0 0 0 0 0 0 0 0 0 0 0 0 0 0 0 0 0 0 0 0 0 0 3 0 37049 37041 0 0 66 0 0 0 24189548 7297503 0 0 0 0 0 12666060 0 0 0 
0 0 0 0 0 0 0 0 0 0 0 0 0 0 0 0 0 0 0 0 0 0 0 3 37050 0 0 1 0 0 66 0 0 7297164 13012023 11174596 0 0 0 12667281 0 0 0 0 
0 0 0 0 0 0 0 0 0 0 0 0 0 0 0 0 0 0 0 0 0 0 0 3 0 37049 37041 0 0 66 0 0 0 24189548 7297503 0 0 0 0 0 12666060 0 0 0 
0 0 0 0 0 0 0 0 0 0 0 0 0 0 0 0 0 0 0 0 0 0 0 3 37050 0 0 1 0 0 66 0 0 7297164 13012023 11174596 0 0 0 12667281 0 0 0 0 
0 0 0 0 0 0 0 0 0 0 0 0 0 0 0 0 0 0 0 0 0 0 0 3 0 37049 37041 0 0 66 0 0 0 24189548 7297503 0 0 0 0 0 12666060 0 0 0 
0 0 0 0 0 0 0 0 0 0 0 0 0 0 0 0 0 0 0 0 0 0 0 3 37050 0 0 1 0 0 66 0 0 7297164 13012023 11174596 0 0 0 12667281 0 0 0 0 
0 0 0 0 0 0 0 0 0 0 0 0 0 0 0 0 0 0 0 0 0 0 0 3 0 37049 37041 0 0 66 0 0 0 24189548 7297503 0 0 0 0 0 12666060 0 0 0 
0 0 0 0 0 0 0 0 0 0 0 0 0 0 0 0 0 0 0 0 0 0 0 3 37050 0 0 1 0 0 66 0 0 7297164 13012023 11174596 0 0 0 12667281 0 0 0 0 
0 0 0 0 0 0 0 0 0 0 0 0 0 0 0 0 0 0 0 0 0 0 0 3 0 37049 37041 0 0 66 0 0 0 24189548 7297503 0 0 0 0 0 12666060 0 0 0 
0 0 0 0 0 0 0 0 0 0 0 0 0 0 0 0 0 0 0 0 0 0 0 3 37050 0 0 1 0 0 66 0 0 7297164 13012023 11174596 0 0 0 12667281 0 0 0 0 
0 0 0 0 0 0 0 0 0 0 0 0 0 0 0 0 0 0 0 0 0 0 0 3 0 37049 37041 0 0 66 0 0 0 24189548 7297503 0 0 0 0 0 12666060 0 0 0 
0 0 0 0 0 0 0 0 0 0 0 0 0 0 0 0 0 0 0 0 0 0 0 3 37050 0 0 1 0 0 66 0 0 7297164 13012023 11174596 0 0 0 12667281 0 0 0 0 
0 0 0 0 0 0 0 0 0 0 0 0 0 0 0 0 0 0 0 0 0 0 0 3 0 37049 37041 0 0 66 0 0 0 24189548 7297503 0 0 0 0 0 12666060 0 0 0 
0 0 0 0 0 0 0 0 0 0 0 0 0 0 0 0 0 0 0 0 0 0 0 3 37050 0 0 1 0 0 66 0 0 7297164 13012023 11174596 0 0 0 12667281 0 0 0 0 
0 0 0 0 0 0 0 0 0 0 0 0 0 0 0 0 0 0 0 0 0 0 0 3 0 37049 37041 0 0 66 0 0 0 24189548 7297503 0 0 0 0 0 12666060 0 0 0 
0 0 0 0 0 0 0 0 0 0 0 0 0 0 0 0 0 0 0 0 0 0 0 3 37050 0 0 1 0 0 66 0 0 7297164 13012023 11174596 0 0 0 12667281 0 0 0 0 
0 0 0 0 0 0 0 0 0 0 0 0 0 0 0 0 0 0 0 0 0 0 0 3 0 37049 37041 0 0 66 0 0 0 24189548 7297503 0 0 0 0 0 12666060 0 0 0 
0 0 0 0 0 0 0 0 0 0 0 0 0 0 0 0 0 0 0 0 0 0 0 3 37050 0 0 1 0 0 66 0 0 7297164 13012023 11174596 0 0 0 12667281 0 0 0 0 
0 0 0 0 0 0 0 0 0 0 0 0 0 0 0 0 0 0 0 0 0 0 0 3 0 37049 37041 0 0 66 0 0 0 24189548 7297503 0 0 0 0 0 12666060 0 0 0 
0 0 0 0 0 0 0 0 0 0 0 0 0 0 0 0 0 0 0 0 0 0 0 3 37050 0 0 1 0 0 66 0 0 7297164 13012023 11174596 0 0 0 12667281 0 0 0 0 
0 0 0 0 0 0 0 0 0 0 0 0 0 0 0 0 0 0 0 0 0 0 0 3 0 37049 37041 0 0 66 0 0 0 24189548 7297503 0 0 0 0 0 12666060 0 0 0 
0 0 0 0 0 0 0 0 0 0 0 0 0 0 0 0 0 0 0 0 0 0 0 3 37050 0 0 1 0 0 66 0 0 7297164 13012023 11174596 0 0 0 12667281 0 0 0 0 
0 0 0 0 0 0 0 0 0 0 0 0 0 0 0 0 0 0 0 0 0 0 0 3 0 37049 37041 0 0 66 0 0 0 24189548 7297503 0 0 0 0 0 12666060 0 0 0 
0 0 0 0 0 0 0 0 0 0 0 0 0 0 0 0 0 0 0 0 0 0 0 3 37050 0 0 1 0 0 66 0 0 7297164 13012023 11174596 0 0 0 12667281 0 0 0 0 
0 0 0 0 0 0 0 0 0 0 0 0 0 0 0 0 0 0 0 0 0 0 0 3 0 37049 37041 0 0 66 0 0 0 24189548 7297503 0 0 0 0 0 12666060 0 0 0 
0 0 0 0 0 0 0 0 0 0 0 0 0 0 0 0 0 0 0 0 0 0 0 3 37050 0 0 1 0 0 66 0 0 7297164 13012023 11174596 0 0 0 12667281 0 0 0 0 
0 0 0 0 0 0 0 0 0 0 0 0 0 0 0 0 0 0 0 0 0 0 0 3 0 37049 37041 0 0 66 0 0 0 24189548 7297503 0 0 0 0 0 12666060 0 0 0 
0 0 0 0 0 0 0 0 0 0 0 0 0 0 0 0 0 0 0 0 0 0 0 3 37050 0 0 1 0 0 66 0 0 7297164 13012023 11174596 0 0 0 12667281 0 0 0 0 
0 0 0 0 0 0 0 0 0 0 0 0 0 0 0 0 0 0 0 0 0 0 0 3 0 37049 37041 0 0 66 0 0 0 24189548 7297503 0 0 0 0 0 12666060 0 0 0 
0 0 0 0 0 0 0 0 0 0 0 0 0 0 0 0 0 0 0 0 0 0 0 3 37050 0 0 1 0 0 66 0 0 7297164 13012023 11174596 0 0 0 12667281 0 0 0 0 
0 0 0 0 0 0 0 0 0 0 0 0 0 0 0 0 0 0 0 0 0 0 0 3 0 37049 37041 0 0 66 0 0 0 24189548 7297503 0 0 0 0 0 12666060 0 0 0 
0 0 0 0 0 0 0 0 0 0 0 0 0 0 0 0 0 0 0 0 0 0 0 3 37050 0 0 1 0 0 66 0 0 7297164 13012023 11174596 0 0 0 12667281 0 0 0 0 
0 0 0 0 0 0 0 0 0 0 0 0 0 0 0 0 0 0 0 0 0 0 0 3 0 37049 37041 0 0 66 0 0 0 24189548 7297503 0 0 0 0 0 12666060 0 0 0 
0 0 0 0 0 0 0 0 0 0 0 0 0 0 0 0 0 0 0 0 0 0 0 3 37050 0 0 1 0 0 66 0 0 7297164 13012023 11174596 0 0 0 12667281 0 0 0 0 
0 0 0 0 0 0 0 0 0 0 0 0 0 0 0 0 0 0 0 0 0 0 0 3 0 37049 37041 0 0 66 0 0 0 24189548 7297503 0 0 0 0 0 12666060 0 0 0 
0 0 0 0 0 0 0 0 0 0 0 0 0 0 0 0 0 0 0 0 0 0 0 3 37050 0 0 1 0 0 66 0 0 7297164 13012023 11174596 0 0 0 12667281 0 0 0 0 
0 0 0 0 0 0 0 0 0 0 0 0 0 0 0 0 0 0 0 0 0 0 0 3 0 37049 37041 0 0 66 0 0 0 24189548 7297503 0 0 0 0 0 12666060 0 0 0 
0 0 0 0 0 0 0 0 0 0 0 0 0 0 0 0 0 0 0 0 0 0 0 3 37050 0 0 1 0 0 66 0 0 7297164 13012023 11174596 0 0 0 12667281 0 0 0 0 
0 0 0 0 0 0 0 0 0 0 0 0 0 0 0 0 0 0 0 0 0 0 0 3 0 37049 37041 0 0 66 0 0 0 24189548 7297503 0 0 0 0 0 12666060 0 0 0 
0 0 0 0 0 0 0 0 0 0 0 0 0 0 0 0 0 0 0 0 0 0 0 3 37050 0 0 1 0 0 66 0 0 7297164 13012023 11174596 0 0 0 12667281 0 0 0 0 
0 0 0 0 0 0 0 0 0 0 0 0 0 0 0 0 0 0 0 0 0 0 0 3 0 37049 37041 0 0 66 0 0 0 24189548 7297503 0 0 0 0 0 12666060 0 0 0 
0 0 0 0 0 0 0 0 0 0 0 0 0 0 0 0 0 0 0 0 0 0 0 3 37050 0 0 1 0 0 66 0 0 7297164 13012023 11174596 0 0 0 12667281 0 0 0 0 
0 0 0 0 0 0 0 0 0 0 0 0 0 0 0 0 0 0 0 0 0 0 0 3 0 37049 37041 0 0 66 0 0 0 24189548 7297503 0 0 0 0 0 12666060 0 0 0 
0 0 0 0 0 0 0 0 0 0 0 0 0 0 0 0 0 0 0 0 0 0 0 3 37050 0 0 1 0 0 66 0 0 7297164 13012023 11174596 0 0 0 12667281 0 0 0 0 
0 0 0 0 0 0 0 0 0 0 0 0 0 0 0 0 0 0 0 0 0 0 0 3 0 37049 37041 0 0 66 0 0 0 24189548 7297503 0 0 0 0 0 12666060 0 0 0 
0 0 0 0 0 0 0 0 0 0 0 0 0 0 0 0 0 0 0 0 0 0 0 3 37050 0 0 1 0 0 66 0 0 7297164 13012023 11174596 0 0 0 12667281 0 0 0 0 
0 0 0 0 0 0 0 0 0 0 0 0 0 0 0 0 0 0 0 0 0 0 0 3 0 37049 37041 0 0 66 0 0 0 24189548 7297503 0 0 0 0 0 12666060 0 0 0 
0 0 0 0 0 0 0 0 0 0 0 0 0 0 0 0 0 0 0 0 0 0 0 3 37050 0 0 1 0 0 66 0 0 7297164 13012023 11174596 0 0 0 12667281 0 0 0 0 
0 0 0 0 0 0 0 0 0 0 0 0 0 0 0 0 0 0 0 0 0 0 0 3 0 37049 37041 0 0 66 0 0 0 24189548 7297503 0 0 0 0 0 12666060 0 0 0 
0 0 0 0 0 0 0 0 0 0 0 0 0 0 0 0 0 0 0 0 0 0 0 3 37050 0 0 1 0 0 66 0 0 7297164 13012023 11174596 0 0 0 12667281 0 0 0 0 
0 0 0 0 0 0 0 0 0 0 0 0 0 0 0 0 0 0 0 0 0 0 0 3 0 37049 37041 0 0 66 0 0 0 24189548 7297503 0 0 0 0 0 12666060 0 0 0 
0 0 0 0 0 0 0 0 0 0 0 0 0 0 0 0 0 0 0 0 0 0 0 3 37050 0 0 1 0 0 66 0 0 7297164 13012023 11174596 0 0 0 12667281 0 0 0 0 
0 0 0 0 0 0 0 0 0 0 0 0 0 0 0 0 0 0 0 0 0 0 0 3 0 37049 37041 0 0 66 0 0 0 24189548 7297503 0 0 0 0 0 12666060 0 0 0 
0 0 0 0 0 0 0 0 0 0 0 0 0 0 0 0 0 0 0 0 0 0 0 3 37050 0 0 1 0 0 66 0 0 7297164 13012023 11174596 0 0 0 12667281 0 0 0 0 
0 0 0 0 0 0 0 0 0 0 0 0 0 0 0 0 0 0 0 0 0 0 0 3 0 37049 37041 0 0 66 0 0 0 24189548 7297503 0 0 0 0 0 12666060 0 0 0 
0 0 0 0 0 0 0 0 0 0 0 0 0 0 0 0 0 0 0 0 0 0 0 3 37050 0 0 1 0 0 66 0 0 7297164 13012023 11174596 0 0 0 12667281 0 0 0 0 
0 0 0 0 0 0 0 0 0 0 0 0 0 0 0 0 0 0 0 0 0 0 0 3 0 37049 37041 0 0 66 0 0 0 24189548 7297503 0 0 0 0 0 12666060 0 0 0 
0 0 0 0 0 0 0 0 0 0 0 0 0 0 0 0 0 0 0 0 0 0 0 3 37050 0 0 1 0 0 66 0 0 7297164 13012023 11174596 0 0 0 12667281 0 0 0 0 
0 0 0 0 0 0 0 0 0 0 0 0 0 0 0 0 0 0 0 0 0 0 0 3 0 37049 37041 0 0 66 0 0 0 24189548 7297503 0 0 0 0 0 12666060 0 0 0 
0 0 0 0 0 0 0 0 0 0 0 0 0 0 0 0 0 0 0 0 0 0 0 3 37050 0 0 1 0 0 66 0 0 7297164 13012023 11174596 0 0 0 12667281 0 0 0 0 
0 0 0 0 0 0 0 0 0 0 0 0 0 0 0 0 0 0 0 0 0 0 0 3 0 37049 37041 0 0 66 0 0 0 24189548 7297503 0 0 0 0 0 12666060 0 0 0 
0 0 0 0 0 0 0 0 0 0 0 0 0 0 0 0 0 0 0 0 0 0 0 3 37050 0 0 1 0 0 66 0 0 7297164 13012023 11174596 0 0 0 12667281 0 0 0 0 
0 0 0 0 0 0 0 0 0 0 0 0 0 0 0 0 0 0 0 0 0 0 0 3 0 37049 37041 0 0 66 0 0 0 24189548 7297503 0 0 0 0 0 12666060 0 0 0 
0 0 0 0 0 0 0 0 0 0 0 0 0 0 0 0 0 0 0 0 0 0 0 3 37050 0 0 1 0 0 66 0 0 7297164 13012023 11174596 0 0 0 12667281 0 0 0 0 
0 0 0 0 0 0 0 0 0 0 0 0 0 0 0 0 0 0 0 0 0 0 0 3 0 37049 37041 0 0 66 0 0 0 24189548 7297503 0 0 0 0 0 12666060 0 0 0 
0 0 0 0 0 0 0 0 0 0 0 0 0 0 0 0 0 0 0 0 0 0 0 3 37050 0 0 1 0 0 66 0 0 7297164 13012023 11174596 0 0 0 12667281 0 0 0 0 
0 0 0 0 0 0 0 0 0 0 0 0 0 0 0 0 0 0 0 0 0 0 0 3 0 37049 37041 0 0 66 0 0 0 24189548 7297503 0 0 0 0 0 12666060 0 0 0 
0 0 0 0 0 0 0 0 0 0 0 0 0 0 0 0 0 0 0 0 0 0 0 3 37050 0 0 1 0 0 66 0 0 7297164 13012023 11174596 0 0 0 12667281 0 0 0 0 
0 0 0 0 0 0 0 0 0 0 0 0 0 0 0 0 0 0 0 0 0 0 0 3 0 37049 37041 0 0 66 0 0 0 24189548 7297503 0 0 0 0 0 12666060 0 0 0 
0 0 0 0 0 0 0 0 0 0 0 0 0 0 0 0 0 0 0 0 0 0 0 3 37050 0 0 1 0 0 66 0 0 7297164 13012023 11174596 0 0 0 12667281 0 0 0 0 
0 0 0 0 0 0 0 0 0 0 0 0 0 0 0 0 0 0 0 0 0 0 0 3 0 37049 37041 0 0 66 0 0 0 24189548 7297503 0 0 0 0 0 12666060 0 0 0 
0 0 0 0 0 0 0 0 0 0 0 0 0 0 0 0 0 0 0 0 0 0 0 3 37050 0 0 1 0 0 66 0 0 7297164 13012023 11174596 0 0 0 12667281 0 0 0 0 
0 0 0 0 0 0 0 0 0 0 0 0 0 0 0 0 0 0 0 0 0 0 0 3 0 37049 37041 0 0 66 0 0 0 24189548 7297503 0 0 0 0 0 12666060 0 0 0 
0 0 0 0 0 0 0 0 0 0 0 0 0 0 0 0 0 0 0 0 0 0 0 3 37050 0 0 1 0 0 66 0 0 7297164 13012023 11174596 0 0 0 12667281 0 0 0 0 
0 0 0 0 0 0 0 0 0 0 0 0 0 0 0 0 0 0 0 0 0 0 0 3 0 37049 37041 0 0 66 0 0 0 24189548 7297503 0 0 0 0 0 12666060 0 0 0 
0 0 0 0 0 0 0 0 0 0 0 0 0 0 0 0 0 0 0 0 0 0 0 3 37050 0 0 1 0 0 66 0 0 7297164 13012023 11174596 0 0 0 12667281 0 0 0 0 
0 0 0 0 0 0 0 0 0 0 0 0 0 0 0 0 0 0 0 0 0 0 0 3 0 37049 37041 0 0 66 0 0 0 24189548 7297503 0 0 0 0 0 12666060 0 0 0 
0 0 0 0 0 0 0 0 0 0 0 0 0 0 0 0 0 0 0 0 0 0 0 3 37050 0 0 1 0 0 66 0 0 7297164 13012023 11174596 0 0 0 12667281 0 0 0 0 
0 0 0 0 0 0 0 0 0 0 0 0 0 0 0 0 0 0 0 0 0 0 0 3 0 37049 37041 0 0 66 0 0 0 24189548 7297503 0 0 0 0 0 12666060 0 0 0 
0 0 0 0 0 0 0 0 0 0 0 0 0 0 0 0 0 0 0 0 0 0 0 3 37050 0 0 1 0 0 66 0 0 7297164 13012023 11174596 0 0 0 12667281 0 0 0 0 
0 0 0 0 0 0 0 0 0 0 0 0 0 0 0 0 0 0 0 0 0 0 0 3 0 37049 37041 0 0 66 0 0 0 24189548 7297503 0 0 0 0 0 12666060 0 0 0 
0 0 0 0 0 0 0 0 0 0 0 0 0 0 0 0 0 0 0 0 0 0 0 3 37050 0 0 1 0 0 66 0 0 7297164 13012023 11174596 0 0 0 12667281 0 0 0 0 
0 0 0 0 0 0 0 0 0 0 0 0 0 0 0 0 0 0 0 0 0 0 0 3 0 37049 37041 0 0 66 0 0 0 24189548 7297503 0 0 0 0 0 12666060 0 0 0 
0 0 0 0 0 0 0 0 0 0 0 0 0 0 0 0 0 0 0 0 0 0 0 3 37050 0 0 1 0 0 66 0 0 7297164 13012023 11174596 0 0 0 12667281 0 0 0 0 
0 0 0 0 0 0 0 0 0 0 0 0 0 0 0 0 0 0 0 0 0 0 0 3 0 37049 37041 0 0 66 0 0 0 24189548 7297503 0 0 0 0 0 12666060 0 0 0 
0 0 0 0 0 0 0 0 0 0 0 0 0 0 0 0 0 0 0 0 0 0 0 3 37050 0 0 1 0 0 66 0 0 7297164 13012023 11174596 0 0 0 12667281 0 0 0 0 
0 0 0 0 0 0 0 0 0 0 0 0 0 0 0 0 0 0 0 0 0 0 0 3 0 37049 37041 0 0 66 0 0 0 24189548 7297503 0 0 0 0 0 12666060 0 0 0 
0 0 0 0 0 0 0 0 0 0 0 0 0 0 0 0 0 0 0 0 0 0 0 3 37050 0 0 1 0 0 66 0 0 7297164 13012023 11174596 0 0 0 12667281 0 0 0 0 
0 0 0 0 0 0 0 0 0 0 0 0 0 0 0 0 0 0 0 0 0 0 0 3 0 37049 37041 0 0 66 0 0 0 24189548 7297503 0 0 0 0 0 12666060 0 0 0 
0 0 0 0 0 0 0 0 0 0 0 0 0 0 0 0 0 0 0 0 0 0 0 3 37050 0 0 1 0 0 66 0 0 7297164 13012023 11174596 0 0 0 12667281 0 0 0 0 
0 0 0 0 0 0 0 0 0 0 0 0 0 0 0 0 0 0 0 0 0 0 0 3 0 37049 37041 0 0 66 0 0 0 24189548 7297503 0 0 0 0 0 12666060 0 0 0 
0 0 0 0 0 0 0 0 0 0 0 0 0 0 0 0 0 0 0 0 0 0 0 3 37050 0 0 1 0 0 66 0 0 7297164 13012023 11174596 0 0 0 12667281 0 0 0 0 
0 0 0 0 0 0 0 0 0 0 0 0 0 0 0 0 0 0 0 0 0 0 0 3 0 37049 37041 0 0 66 0 0 0 24189548 7297503 0 0 0 0 0 12666060 0 0 0 
0 0 0 0 0 0 0 0 0 0 0 0 0 0 0 0 0 0 0 0 0 0 0 3 37050 0 0 1 0 0 66 0 0 7297164 13012023 11174596 0 0 0 12667281 0 0 0 0 
0 0 0 0 0 0 0 0 0 0 0 0 0 0 0 0 0 0 0 0 0 0 0 3 0 37049 37041 0 0 66 0 0 0 24189548 7297503 0 0 0 0 0 12666060 0 0 0 
0 0 0 0 0 0 0 0 0 0 0 0 0 0 0 0 0 0 0 0 0 0 0 3 37050 0 0 1 0 0 66 0 0 7297164 13012023 11174596 0 0 0 12667281 0 0 0 0 
0 0 0 0 0 0 0 0 0 0 0 0 0 0 0 0 0 0 0 0 0 0 0 3 0 37049 37041 0 0 66 0 0 0 24189548 7297503 0 0 0 0 0 12666060 0 0 0 
0 0 0 0 0 0 0 0 0 0 0 0 0 0 0 0 0 0 0 0 0 0 0 3 37050 0 0 1 0 0 66 0 0 7297164 13012023 11174596 0 0 0 12667281 0 0 0 0 
0 0 0 0 0 0 0 0 0 0 0 0 0 0 0 0 0 0 0 0 0 0 0 3 0 37049 37041 0 0 66 0 0 0 24189548 7297503 0 0 0 0 0 12666060 0 0 0 
0 0 0 0 0 0 0 0 0 0 0 0 0 0 0 0 0 0 0 0 0 0 0 3 37050 0 0 1 0 0 66 0 0 7297164 13012023 11174596 0 0 0 12667281 0 0 0 0 
0 0 0 0 0 0 0 0 0 0 0 0 0 0 0 0 0 0 0 0 0 0 0 3 0 37049 37041 0 0 66 0 0 0 24189548 7297503 0 0 0 0 0 12666060 0 0 0 
0 0 0 0 0 0 0 0 0 0 0 0 0 0 0 0 0 0 0 0 0 0 0 3 37050 0 0 1 0 0 66 0 0 7297164 13012023 11174596 0 0 0 12667281 0 0 0 0 
0 0 0 0 0 0 0 0 0 0 0 0 0 0 0 0 0 0 0 0 0 0 0 3 0 37049 37041 0 0 66 0 0 0 24189548 7297503 0 0 0 0 0 12666060 0 0 0 
0 0 0 0 0 0 0 0 0 0 0 0 0 0 0 0 0 0 0 0 0 0 0 3 37050 0 0 1 0 0 66 0 0 7297164 13012023 11174596 0 0 0 12667281 0 0 0 0 
0 0 0 0 0 0 0 0 0 0 0 0 0 0 0 0 0 0 0 0 0 0 0 3 0 37049 37041 0 0 66 0 0 0 24189548 7297503 0 0 0 0 0 12666060 0 0 0 
0 0 0 0 0 0 0 0 0 0 0 0 0 0 0 0 0 0 0 0 0 0 0 3 37050 0 0 1 0 0 66 0 0 7297164 13012023 11174596 0 0 0 12667281 0 0 0 0 
0 0 0 0 0 0 0 0 0 0 0 0 0 0 0 0 0 0 0 0 0 0 0 3 0 37049 37041 0 0 66 0 0 0 24189548 7297503 0 0 0 0 0 12666060 0 0 0 
0 0 0 0 0 0 0 0 0 0 0 0 0 0 0 0 0 0 0 0 0 0 0 3 37050 0 0 1 0 0 66 0 0 7297164 13012023 11174596 0 0 0 12667281 0 0 0 0 
0 0 0 0 0 0 0 0 0 0 0 0 0 0 0 0 0 0 0 0 0 0 0 3 0 37049 37041 0 0 66 0 0 0 24189548 7297503 0 0 0 0 0 12666060 0 0 0 
0 0 0 0 0 0 0 0 0 0 0 0 0 0 0 0 0 0 0 0 0 0 0 3 37050 0 0 1 0 0 66 0 0 7297164 13012023 11174596 0 0 0 12667281 0 0 0 0 
0 0 0 0 0 0 0 0 0 0 0 0 0 0 0 0 0 0 0 0 0 0 0 3 0 37049 37041 0 0 66 0 0 0 24189548 7297503 0 0 0 0 0 12666060 0 0 0 
0 0 0 0 0 0 0 0 0 0 0 0 0 0 0 0 0 0 0 0 0 0 0 3 37050 0 0 1 0 0 66 0 0 7297164 13012023 11174596 0 0 0 12667281 0 0 0 0 
0 0 0 0 0 0 0 0 0 0 0 0 0 0 0 0 0 0 0 0 0 0 0 3 0 37049 37041 0 0 66 0 0 0 24189548 7297503 0 0 0 0 0 12666060 0 0 0 
0 0 0 0 0 0 0 0 0 0 0 0 0 0 0 0 0 0 0 0 0 0 0 3 37050 0 0 1 0 0 66 0 0 7297164 13012023 11174596 0 0 0 12667281 0 0 0 0 
0 0 0 0 0 0 0 0 0 0 0 0 0 0 0 0 0 0 0 0 0 0 0 3 0 37049 37041 0 0 66 0 0 0 24189548 7297503 0 0 0 0 0 12666060 0 0 0 
0 0 0 0 0 0 0 0 0 0 0 0 0 0 0 0 0 0 0 0 0 0 0 3 37050 0 0 1 0 0 66 0 0 7297164 13012023 11174596 0 0 0 12667281 0 0 0 0 
0 0 0 0 0 0 0 0 0 0 0 0 0 0 0 0 0 0 0 0 0 0 0 3 0 37049 37041 0 0 66 0 0 0 24189548 7297503 0 0 0 0 0 12666060 0 0 0 
0 0 0 0 0 0 0 0 0 0 0 0 0 0 0 0 0 0 0 0 0 0 0 3 37050 0 0 1 0 0 66 0 0 7297164 13012023 11174596 0 0 0 12667281 0 0 0 0 
0 0 0 0 0 0 0 0 0 0 0 0 0 0 0 0 0 0 0 0 0 0 0 3 0 37049 37041 0 0 66 0 0 0 24189548 7297503 0 0 0 0 0 12666060 0 0 0 
0 0 0 0 0 0 0 0 0 0 0 0 0 0 0 0 0 0 0 0 0 0 0 3 37050 0 0 1 0 0 66 0 0 7297164 13012023 11174596 0 0 0 12667281 0 0 0 0 
0 0 0 0 0 0 0 0 0 0 0 0 0 0 0 0 0 0 0 0 0 0 0 3 0 37049 37041 0 0 66 0 0 0 24189548 7297503 0 0 0 0 0 12666060 0 0 0 
0 0 0 0 0 0 0 0 0 0 0 0 0 0 0 0 0 0 0 0 0 0 0 3 37050 0 0 1 0 0 66 0 0 7297164 13012023 11174596 0 0 0 12667281 0 0 0 0 
0 0 0 0 0 0 0 0 0 0 0 0 0 0 0 0 0 0 0 0 0 0 0 3 0 37049 37041 0 0 66 0 0 0 24189548 7297503 0 0 0 0 0 12666060 0 0 0 
0 0 0 0 0 0 0 0 0 0 0 0 0 0 0 0 0 0 0 0 0 0 0 3 37050 0 0 1 0 0 66 0 0 7297164 13012023 11174596 0 0 0 12667281 0 0 0 0 
0 0 0 0 0 0 0 0 0 0 0 0 0 0 0 0 0 0 0 0 0 0 0 3 0 37049 37041 0 0 66 0 0 0 24189548 7297503 0 0 0 0 0 12666060 0 0 0 
0 0 0 0 0 0 0 0 0 0 0 0 0 0 0 0 0 0 0 0 0 0 0 3 37050 0 0 1 0 0 66 0 0 7297164 13012023 11174596 0 0 0 12667281 0 0 0 0 
<====
0 0 0 0 0 0 0 0 0 0 0 0 0 0 0 0 0 0 0 0 0 0 0 3 0 37049 37041 0 0 66 0 0 0 24189548 7297503 0 0 0 0 0 12666060 0 0 0 
0 0 0 0 0 0 0 0 0 0 0 0 0 0 0 0 0 0 0 0 0 0 0 3 37050 0 0 1 0 0 66 0 0 7297164 13012023 11174596 0 0 0 12667281 0 0 0 0 
0 0 0 0 0 0 0 0 0 0 0 0 0 0 0 0 0 0 0 0 0 0 0 3 0 37049 37041 0 0 66 0 0 0 24189548 7297503 0 0 0 0 0 12666060 0 0 0 
0 0 0 0 0 0 0 0 0 0 0 0 0 0 0 0 0 0 0 0 0 0 0 3 37050 0 0 1 0 0 66 0 0 7297164 13012023 11174596 0 0 0 12667281 0 0 0 0 
0 0 0 0 0 0 0 0 0 0 0 0 0 0 0 0 0 0 0 0 0 0 0 3 0 37049 37041 0 0 66 0 0 0 24189548 7297503 0 0 0 0 0 12666060 0 0 0 
0 0 0 0 0 0 0 0 0 0 0 0 0 0 0 0 0 0 0 0 0 0 0 3 37050 0 0 1 0 0 66 0 0 7297164 13012023 11174596 0 0 0 12667281 0 0 0 0 
0 0 0 0 0 0 0 0 0 0 0 0 0 0 0 0 0 0 0 0 0 0 0 3 0 37049 37041 0 0 66 0 0 0 24189548 7297503 0 0 0 0 0 12666060 0 0 0 
0 0 0 0 0 0 0 0 0 0 0 0 0 0 0 0 0 0 0 0 0 0 0 3 37050 0 0 1 0 0 66 0 0 7297164 13012023 11174596 0 0 0 12667281 0 0 0 0 
