0 0 0 0 0 0 0 0 0 0 0 0 0 0 0 0 0 0 0 0 0 0 0 3 111151 0 0 2 0 0 199 0 0 22428068 42088460 34561378 0 0 0 40999806 0 0 0 0 
0 0 0 0 0 0 0 0 0 0 0 0 0 0 0 0 0 0 0 0 0 0 0 3 111151 0 0 2 0 0 199 0 0 22428068 42088460 34561378 0 0 0 40999806 0 0 0 0 
0 0 0 0 0 0 0 0 0 0 0 0 0 0 0 0 0 0 0 0 0 0 0 3 111151 0 0 2 0 0 199 0 0 22428068 42088460 34561378 0 0 0 40999806 0 0 0 0 
0 0 0 0 0 0 0 0 0 0 0 0 0 0 0 0 0 0 0 0 0 0 0 3 111151 0 0 2 0 0 199 0 0 22428068 42088460 34561378 0 0 0 40999806 0 0 0 0 
0 0 0 0 0 0 0 0 0 0 0 0 0 0 0 0 0 0 0 0 0 0 0 3 111151 0 0 2 0 0 199 0 0 22428068 42088460 34561378 0 0 0 40999806 0 0 0 0 
0 0 0 0 0 0 0 0 0 0 0 0 0 0 0 0 0 0 0 0 0 0 0 3 111151 0 0 2 0 0 199 0 0 22428068 42088460 34561378 0 0 0 40999806 0 0 0 0 
0 0 0 0 0 0 0 0 0 0 0 0 0 0 0 0 0 0 0 0 0 0 0 3 111151 0 0 2 0 0 199 0 0 22428068 42088460 34561378 0 0 0 40999806 0 0 0 0 
0 0 0 0 0 0 0 0 0 0 0 0 0 0 0 0 0 0 0 0 0 0 0 3 111151 0 0 2 0 0 199 0 0 22428068 42088460 34561378 0 0 0 40999806 0 0 0 0 
0 0 0 0 0 0 0 0 0 0 0 0 0 0 0 0 0 0 0 0 0 0 0 3 111151 0 0 2 0 0 199 0 0 22428068 42088460 34561378 0 0 0 40999806 0 0 0 0 
0 0 0 0 0 0 0 0 0 0 0 0 0 0 0 0 0 0 0 0 0 0 0 3 111151 0 0 2 0 0 199 0 0 22428068 42088460 34561378 0 0 0 40999806 0 0 0 0 
0 0 0 0 0 0 0 0 0 0 0 0 0 0 0 0 0 0 0 0 0 0 0 3 111151 0 0 2 0 0 199 0 0 22428068 42088460 34561378 0 0 0 40999806 0 0 0 0 
0 0 0 0 0 0 0 0 0 0 0 0 0 0 0 0 0 0 0 0 0 0 0 3 111151 0 0 2 0 0 199 0 0 22428068 42088460 34561378 0 0 0 40999806 0 0 0 0 
0 0 0 0 0 0 0 0 0 0 0 0 0 0 0 0 0 0 0 0 0 0 0 3 111151 0 0 2 0 0 199 0 0 22428068 42088460 34561378 0 0 0 40999806 0 0 0 0 
0 0 0 0 0 0 0 0 0 0 0 0 0 0 0 0 0 0 0 0 0 0 0 3 111151 0 0 2 0 0 199 0 0 22428068 42088460 34561378 0 0 0 40999806 0 0 0 0 
0 0 0 0 0 0 0 0 0 0 0 0 0 0 0 0 0 0 0 0 0 0 0 3 111151 0 0 2 0 0 199 0 0 22428068 42088460 34561378 0 0 0 40999806 0 0 0 0 
0 0 0 0 0 0 0 0 0 0 0 0 0 0 0 0 0 0 0 0 0 0 0 3 111151 0 0 2 0 0 199 0 0 22428068 42088460 34561378 0 0 0 40999806 0 0 0 0 
0 0 0 0 0 0 0 0 0 0 0 0 0 0 0 0 0 0 0 0 0 0 0 3 111151 0 0 2 0 0 199 0 0 22428068 42088460 34561378 0 0 0 40999806 0 0 0 0 
0 0 0 0 0 0 0 0 0 0 0 0 0 0 0 0 0 0 0 0 0 0 0 3 111151 0 0 2 0 0 199 0 0 22428068 42088460 34561378 0 0 0 40999806 0 0 0 0 
0 0 0 0 0 0 0 0 0 0 0 0 0 0 0 0 0 0 0 0 0 0 0 3 111151 0 0 2 0 0 199 0 0 22428068 42088460 34561378 0 0 0 40999806 0 0 0 0 
0 0 0 0 0 0 0 0 0 0 0 0 0 0 0 0 0 0 0 0 0 0 0 3 111151 0 0 2 0 0 199 0 0 22428068 42088460 34561378 0 0 0 40999806 0 0 0 0 
0 0 0 0 0 0 0 0 0 0 0 0 0 0 0 0 0 0 0 0 0 0 0 3 111151 0 0 2 0 0 199 0 0 22428068 42088460 34561378 0 0 0 40999806 0 0 0 0 
0 0 0 0 0 0 0 0 0 0 0 0 0 0 0 0 0 0 0 0 0 0 0 3 111151 0 0 2 0 0 199 0 0 22428068 42088460 34561378 0 0 0 40999806 0 0 0 0 
0 0 0 0 0 0 0 0 0 0 0 0 0 0 0 0 0 0 0 0 0 0 0 3 111151 0 0 2 0 0 199 0 0 22428068 42088460 34561378 0 0 0 40999806 0 0 0 0 
0 0 0 0 0 0 0 0 0 0 0 0 0 0 0 0 0 0 0 0 0 0 0 3 111151 0 0 2 0 0 199 0 0 22428068 42088460 34561378 0 0 0 40999806 0 0 0 0 
0 0 0 0 0 0 0 0 0 0 0 0 0 0 0 0 0 0 0 0 0 0 0 3 111151 0 0 2 0 0 199 0 0 22428068 42088460 34561378 0 0 0 40999806 0 0 0 0 
0 0 0 0 0 0 0 0 0 0 0 0 0 0 0 0 0 0 0 0 0 0 0 3 111151 0 0 2 0 0 199 0 0 22428068 42088460 34561378 0 0 0 40999806 0 0 0 0 
====>
0 0 0 0 0 0 0 0 0 0 0 0 0 0 0 0 0 0 0 0 0 0 0 3 0 111155 111120 0 0 200 0 0 0 76674206 22419823 0 0 0 0 0 41005767 0 0 0 
0 0 0 0 0 0 0 0 0 0 0 0 0 0 0 0 0 0 0 0 0 0 0 3 0 111155 111120 0 0 200 0 0 0 76674206 22419823 0 0 0 0 0 41005767 0 0 0 
0 0 0 0 0 0 0 0 0 0 0 0 0 0 0 0 0 0 0 0 0 0 0 3 0 111155 111120 0 0 200 0 0 0 76674206 22419823 0 0 0 0 0 41005767 0 0 0 
0 0 0 0 0 0 0 0 0 0 0 0 0 0 0 0 0 0 0 0 0 0 0 3 0 111155 111120 0 0 200 0 0 0 76674206 22419823 0 0 0 0 0 41005767 0 0 0 
0 0 0 0 0 0 0 0 0 0 0 0 0 0 0 0 0 0 0 0 0 0 0 3 0 111155 111120 0 0 200 0 0 0 76674206 22419823 0 0 0 0 0 41005767 0 0 0 
0 0 0 0 0 0 0 0 0 0 0 0 0 0 0 0 0 0 0 0 0 0 0 3 0 111155 111120 0 0 200 0 0 0 76674206 22419823 0 0 0 0 0 41005767 0 0 0 
0 0 0 0 0 0 0 0 0 0 0 0 0 0 0 0 0 0 0 0 0 0 0 3 0 111155 111120 0 0 200 0 0 0 76674206 22419823 0 0 0 0 0 41005767 0 0 0 
0 0 0 0 0 0 0 0 0 0 0 0 0 0 0 0 0 0 0 0 0 0 0 3 0 111155 111120 0 0 200 0 0 0 76674206 22419823 0 0 0 0 0 41005767 0 0 0 
0 0 0 0 0 0 0 0 0 0 0 0 0 0 0 0 0 0 0 0 0 0 0 3 0 111155 111120 0 0 200 0 0 0 76674206 22419823 0 0 0 0 0 41005767 0 0 0 
0 0 0 0 0 0 0 0 0 0 0 0 0 0 0 0 0 0 0 0 0 0 0 3 0 111155 111120 0 0 200 0 0 0 76674206 22419823 0 0 0 0 0 41005767 0 0 0 
0 0 0 0 0 0 0 0 0 0 0 0 0 0 0 0 0 0 0 0 0 0 0 3 0 111155 111120 0 0 200 0 0 0 76674206 22419823 0 0 0 0 0 41005767 0 0 0 
0 0 0 0 0 0 0 0 0 0 0 0 0 0 0 0 0 0 0 0 0 0 0 3 0 111155 111120 0 0 200 0 0 0 76674206 22419823 0 0 0 0 0 41005767 0 0 0 
0 0 0 0 0 0 0 0 0 0 0 0 0 0 0 0 0 0 0 0 0 0 0 3 0 111155 111120 0 0 200 0 0 0 76674206 22419823 0 0 0 0 0 41005767 0 0 0 
0 0 0 0 0 0 0 0 0 0 0 0 0 0 0 0 0 0 0 0 0 0 0 3 0 111155 111120 0 0 200 0 0 0 76674206 22419823 0 0 0 0 0 41005767 0 0 0 
0 0 0 0 0 0 0 0 0 0 0 0 0 0 0 0 0 0 0 0 0 0 0 3 0 111155 111120 0 0 200 0 0 0 76674206 22419823 0 0 0 0 0 41005767 0 0 0 
0 0 0 0 0 0 0 0 0 0 0 0 0 0 0 0 0 0 0 0 0 0 0 3 0 111155 111120 0 0 200 0 0 0 76674206 22419823 0 0 0 0 0 41005767 0 0 0 
0 0 0 0 0 0 0 0 0 0 0 0 0 0 0 0 0 0 0 0 0 0 0 3 0 111155 111120 0 0 200 0 0 0 76674206 22419823 0 0 0 0 0 41005767 0 0 0 
0 0 0 0 0 0 0 0 0 0 0 0 0 0 0 0 0 0 0 0 0 0 0 3 0 111155 111120 0 0 200 0 0 0 76674206 22419823 0 0 0 0 0 41005767 0 0 0 
0 0 0 0 0 0 0 0 0 0 0 0 0 0 0 0 0 0 0 0 0 0 0 3 0 111155 111120 0 0 200 0 0 0 76674206 22419823 0 0 0 0 0 41005767 0 0 0 
0 0 0 0 0 0 0 0 0 0 0 0 0 0 0 0 0 0 0 0 0 0 0 3 0 111155 111120 0 0 200 0 0 0 76674206 22419823 0 0 0 0 0 41005767 0 0 0 
0 0 0 0 0 0 0 0 0 0 0 0 0 0 0 0 0 0 0 0 0 0 0 3 0 111155 111120 0 0 200 0 0 0 76674206 22419823 0 0 0 0 0 41005767 0 0 0 
0 0 0 0 0 0 0 0 0 0 0 0 0 0 0 0 0 0 0 0 0 0 0 3 0 111155 111120 0 0 200 0 0 0 76674206 22419823 0 0 0 0 0 41005767 0 0 0 
0 0 0 0 0 0 0 0 0 0 0 0 0 0 0 0 0 0 0 0 0 0 0 3 0 111155 111120 0 0 200 0 0 0 76674206 22419823 0 0 0 0 0 41005767 0 0 0 
0 0 0 0 0 0 0 0 0 0 0 0 0 0 0 0 0 0 0 0 0 0 0 3 0 111155 111120 0 0 200 0 0 0 76674206 22419823 0 0 0 0 0 41005767 0 0 0 
0 0 0 0 0 0 0 0 0 0 0 0 0 0 0 0 0 0 0 0 0 0 0 3 0 111155 111120 0 0 200 0 0 0 76674206 22419823 0 0 0 0 0 41005767 0 0 0 
0 0 0 0 0 0 0 0 0 0 0 0 0 0 0 0 0 0 0 0 0 0 0 3 0 111155 111120 0 0 200 0 0 0 76674206 22419823 0 0 0 0 0 41005767 0 0 0 
0 0 0 0 0 0 0 0 0 0 0 0 0 0 0 0 0 0 0 0 0 0 0 3 0 111155 111120 0 0 200 0 0 0 76674206 22419823 0 0 0 0 0 41005767 0 0 0 
0 0 0 0 0 0 0 0 0 0 0 0 0 0 0 0 0 0 0 0 0 0 0 3 0 111155 111120 0 0 200 0 0 0 76674206 22419823 0 0 0 0 0 41005767 0 0 0 
0 0 0 0 0 0 0 0 0 0 0 0 0 0 0 0 0 0 0 0 0 0 0 3 0 111155 111120 0 0 200 0 0 0 76674206 22419823 0 0 0 0 0 41005767 0 0 0 
0 0 0 0 0 0 0 0 0 0 0 0 0 0 0 0 0 0 0 0 0 0 0 3 0 111155 111120 0 0 200 0 0 0 76674206 22419823 0 0 0 0 0 41005767 0 0 0 
0 0 0 0 0 0 0 0 0 0 0 0 0 0 0 0 0 0 0 0 0 0 0 3 0 111155 111120 0 0 200 0 0 0 76674206 22419823 0 0 0 0 0 41005767 0 0 0 
0 0 0 0 0 0 0 0 0 0 0 0 0 0 0 0 0 0 0 0 0 0 0 3 0 111155 111120 0 0 200 0 0 0 76674206 22419823 0 0 0 0 0 41005767 0 0 0 
0 0 0 0 0 0 0 0 0 0 0 0 0 0 0 0 0 0 0 0 0 0 0 3 0 111155 111120 0 0 200 0 0 0 76674206 22419823 0 0 0 0 0 41005767 0 0 0 
0 0 0 0 0 0 0 0 0 0 0 0 0 0 0 0 0 0 0 0 0 0 0 3 0 111155 111120 0 0 200 0 0 0 76674206 22419823 0 0 0 0 0 41005767 0 0 0 
0 0 0 0 0 0 0 0 0 0 0 0 0 0 0 0 0 0 0 0 0 0 0 3 0 111155 111120 0 0 200 0 0 0 76674206 22419823 0 0 0 0 0 41005767 0 0 0 
0 0 0 0 0 0 0 0 0 0 0 0 0 0 0 0 0 0 0 0 0 0 0 3 0 111155 111120 0 0 200 0 0 0 76674206 22419823 0 0 0 0 0 41005767 0 0 0 
0 0 0 0 0 0 0 0 0 0 0 0 0 0 0 0 0 0 0 0 0 0 0 3 0 111155 111120 0 0 200 0 0 0 76674206 22419823 0 0 0 0 0 41005767 0 0 0 
0 0 0 0 0 0 0 0 0 0 0 0 0 0 0 0 0 0 0 0 0 0 0 3 0 111155 111120 0 0 200 0 0 0 76674206 22419823 0 0 0 0 0 41005767 0 0 0 
0 0 0 0 0 0 0 0 0 0 0 0 0 0 0 0 0 0 0 0 0 0 0 3 0 111155 111120 0 0 200 0 0 0 76674206 22419823 0 0 0 0 0 41005767 0 0 0 
0 0 0 0 0 0 0 0 0 0 0 0 0 0 0 0 0 0 0 0 0 0 0 3 0 111155 111120 0 0 200 0 0 0 76674206 22419823 0 0 0 0 0 41005767 0 0 0 
0 0 0 0 0 0 0 0 0 0 0 0 0 0 0 0 0 0 0 0 0 0 0 3 0 111155 111120 0 0 200 0 0 0 76674206 22419823 0 0 0 0 0 41005767 0 0 0 
0 0 0 0 0 0 0 0 0 0 0 0 0 0 0 0 0 0 0 0 0 0 0 3 0 111155 111120 0 0 200 0 0 0 76674206 22419823 0 0 0 0 0 41005767 0 0 0 
0 0 0 0 0 0 0 0 0 0 0 0 0 0 0 0 0 0 0 0 0 0 0 3 0 111155 111120 0 0 200 0 0 0 76674206 22419823 0 0 0 0 0 41005767 0 0 0 
0 0 0 0 0 0 0 0 0 0 0 0 0 0 0 0 0 0 0 0 0 0 0 3 0 111155 111120 0 0 200 0 0 0 76674206 22419823 0 0 0 0 0 41005767 0 0 0 
0 0 0 0 0 0 0 0 0 0 0 0 0 0 0 0 0 0 0 0 0 0 0 3 0 111155 111120 0 0 200 0 0 0 76674206 22419823 0 0 0 0 0 41005767 0 0 0 
0 0 0 0 0 0 0 0 0 0 0 0 0 0 0 0 0 0 0 0 0 0 0 3 0 111155 111124 0 0 212 0 0 0 76684033 22419823 0 0 0 0 0 41005767 0 0 0 
0 0 0 0 0 0 0 0 0 0 0 0 0 0 0 0 0 0 0 0 0 0 0 3 0 111155 111124 0 0 212 0 0 0 76708403 22419826 0 0 0 0 0 41005767 0 0 0 
0 0 0 0 0 0 0 0 0 0 0 0 0 0 0 0 0 0 0 0 0 0 0 3 0 111155 111124 0 0 212 0 0 0 76708406 22419829 0 0 0 0 0 41005767 0 0 0 
0 0 0 0 0 0 0 0 0 0 0 0 0 0 0 0 0 0 0 0 0 0 0 3 0 111155 111124 0 0 212 0 0 0 76708408 22419832 0 0 0 0 0 41005767 0 0 0 
0 0 0 0 0 0 0 0 0 0 0 0 0 0 0 0 0 0 0 0 0 0 0 3 0 111155 111124 0 0 212 0 0 0 76708411 22419835 0 0 0 0 0 41005767 0 0 0 
0 0 0 0 0 0 0 0 0 0 0 0 0 0 0 0 0 0 0 0 0 0 0 3 0 111155 111124 0 0 212 0 0 0 76708415 22419838 0 0 0 0 0 41005767 0 0 0 
0 0 0 0 0 0 0 0 0 0 0 0 0 0 0 0 0 0 0 0 0 0 0 3 0 111155 111124 0 0 212 0 0 0 76708418 22419841 0 0 0 0 0 41005767 0 0 0 
0 0 0 0 0 0 0 0 0 0 0 0 0 0 0 0 0 0 0 0 0 0 0 3 0 111155 111124 0 0 212 0 0 0 76708421 22419845 0 0 0 0 0 41005767 0 0 0 
0 0 0 0 0 0 0 0 0 0 0 0 0 0 0 0 0 0 0 0 0 0 0 3 0 111155 111124 0 0 212 0 0 0 76708425 22419848 0 0 0 0 0 41005767 0 0 0 
0 0 0 0 0 0 0 0 0 0 0 0 0 0 0 0 0 0 0 0 0 0 0 3 0 111155 111124 0 0 212 0 0 0 76708428 22419851 0 0 0 0 0 41005767 0 0 0 
0 0 0 0 0 0 0 0 0 0 0 0 0 0 0 0 0 0 0 0 0 0 0 3 0 111155 111124 0 0 212 0 0 0 76708431 22419854 0 0 0 0 0 41005767 0 0 0 
0 0 0 0 0 0 0 0 0 0 0 0 0 0 0 0 0 0 0 0 0 0 0 3 0 111155 111124 0 0 212 0 0 0 76708434 22419858 0 0 0 0 0 41005767 0 0 0 
0 0 0 0 0 0 0 0 0 0 0 0 0 0 0 0 0 0 0 0 0 0 0 3 0 111155 111124 0 0 212 0 0 0 76708438 22419861 0 0 0 0 0 41005767 0 0 0 
0 0 0 0 0 0 0 0 0 0 0 0 0 0 0 0 0 0 0 0 0 0 0 3 0 111155 111124 0 0 212 0 0 0 76708441 22419864 0 0 0 0 0 41005767 0 0 0 
0 0 0 0 0 0 0 0 0 0 0 0 0 0 0 0 0 0 0 0 0 0 0 3 0 111155 111124 0 0 212 0 0 0 76708444 22419867 0 0 0 0 0 41005767 0 0 0 
0 0 0 0 0 0 0 0 0 0 0 0 0 0 0 0 0 0 0 0 0 0 0 3 0 111155 111124 0 0 212 0 0 0 76708447 22419871 0 0 0 0 0 41005767 0 0 0 
0 0 0 0 0 0 0 0 0 0 0 0 0 0 0 0 0 0 0 0 0 0 0 3 0 111155 111124 0 0 212 0 0 0 76708451 22419874 0 0 0 0 0 41005767 0 0 0 
0 0 0 0 0 0 0 0 0 0 0 0 0 0 0 0 0 0 0 0 0 0 0 3 0 111155 111124 0 0 212 0 0 0 76708454 22419877 0 0 0 0 0 41005767 0 0 0 
0 0 0 0 0 0 0 0 0 0 0 0 0 0 0 0 0 0 0 0 0 0 0 3 0 111155 111124 0 0 212 0 0 0 76708457 22419880 0 0 0 0 0 41005767 0 0 0 
0 0 0 0 0 0 0 0 0 0 0 0 0 0 0 0 0 0 0 0 0 0 0 3 0 111155 111124 0 0 212 0 0 0 76708460 22419884 0 0 0 0 0 41005767 0 0 0 
0 0 0 0 0 0 0 0 0 0 0 0 0 0 0 0 0 0 0 0 0 0 0 3 0 111155 111124 0 0 212 0 0 0 76708464 22419887 0 0 0 0 0 41005767 0 0 0 
0 0 0 0 0 0 0 0 0 0 0 0 0 0 0 0 0 0 0 0 0 0 0 3 0 111155 111124 0 0 212 0 0 0 76708467 22419890 0 0 0 0 0 41005767 0 0 0 
0 0 0 0 0 0 0 0 0 0 0 0 0 0 0 0 0 0 0 0 0 0 0 3 0 111155 111124 0 0 212 0 0 0 76708470 22419893 0 0 0 0 0 41005767 0 0 0 
0 0 0 0 0 0 0 0 0 0 0 0 0 0 0 0 0 0 0 0 0 0 0 3 0 111155 111124 0 0 212 0 0 0 76708473 22419897 0 0 0 0 0 41005767 0 0 0 
0 0 0 0 0 0 0 0 0 0 0 0 0 0 0 0 0 0 0 0 0 0 0 3 0 111155 111124 0 0 212 0 0 0 76708477 22419900 0 0 0 0 0 41005767 0 0 0 
0 0 0 0 0 0 0 0 0 0 0 0 0 0 0 0 0 0 0 0 0 0 0 3 0 111155 111124 0 0 212 0 0 0 76708480 22419903 0 0 0 0 0 41005767 0 0 0 
0 0 0 0 0 0 0 0 0 0 0 0 0 0 0 0 0 0 0 0 0 0 0 3 0 111155 111124 0 0 212 0 0 0 76708483 22419906 0 0 0 0 0 41005767 0 0 0 
0 0 0 0 0 0 0 0 0 0 0 0 0 0 0 0 0 0 0 0 0 0 0 3 0 111155 111124 0 0 212 0 0 0 76708486 22419910 0 0 0 0 0 41005767 0 0 0 
0 0 0 0 0 0 0 0 0 0 0 0 0 0 0 0 0 0 0 0 0 0 0 3 0 111155 111124 0 0 212 0 0 0 76708490 22419913 0 0 0 0 0 41005767 0 0 0 
0 0 0 0 0 0 0 0 0 0 0 0 0 0 0 0 0 0 0 0 0 0 0 3 0 111155 111124 0 0 212 0 0 0 76708493 22419916 0 0 0 0 0 41005767 0 0 0 
0 0 0 0 0 0 0 0 0 0 0 0 0 0 0 0 0 0 0 0 0 0 0 3 0 111155 111124 0 0 212 0 0 0 76708496 22419919 0 0 0 0 0 41005767 0 0 0 
0 0 0 0 0 0 0 0 0 0 0 0 0 0 0 0 0 0 0 0 0 0 0 3 0 111158 111124 0 0 212 0 0 2 76708499 22419925 0 0 0 0 0 41005770 0 0 0 
0 0 0 0 0 0 0 0 0 0 0 0 0 0 0 0 0 0 0 0 0 0 0 3 0 111159 111124 0 0 212 0 0 4 76708499 22419926 0 0 0 0 0 41005772 0 0 0 
0 0 0 0 0 0 0 0 0 0 0 0 0 0 0 0 0 0 0 0 0 0 0 3 0 111159 111124 0 0 212 0 0 4 76708499 22419926 0 0 0 0 0 41005772 0 0 0 
0 0 0 0 0 0 0 0 0 0 0 0 0 0 0 0 0 0 0 0 0 0 0 3 0 111159 111124 0 0 212 0 0 4 76708499 22419926 0 0 0 0 0 41005772 0 0 0 
0 0 0 0 0 0 0 0 0 0 0 0 0 0 0 0 0 0 0 0 0 0 0 3 0 111159 111124 0 0 212 0 0 4 76708499 22421182 0 0 0 0 0 41005772 0 0 0 
0 0 0 0 0 0 0 0 0 0 0 0 0 0 0 0 0 0 0 0 0 0 0 3 0 111159 111124 0 0 212 0 0 4 76708499 22423087 0 0 0 0 0 41005772 0 0 0 
0 0 0 0 0 0 0 0 0 0 0 0 0 0 0 0 0 0 0 0 0 0 0 3 0 111159 111124 0 0 212 0 0 4 76708499 22424810 0 0 0 0 0 41005772 0 0 0 
0 0 0 0 0 0 0 0 0 0 0 0 0 0 0 0 0 0 0 0 0 0 0 3 0 111159 111124 0 0 212 0 0 4 76708499 22424810 0 0 0 0 0 41005772 0 0 0 
0 0 0 0 0 0 0 0 0 0 0 0 0 0 0 0 0 0 0 0 0 0 0 3 0 111159 111124 0 0 212 0 0 4 76708499 22424810 0 0 0 0 0 41005772 0 0 0 
0 0 0 0 0 0 0 0 0 0 0 0 0 0 0 0 0 0 0 0 0 0 0 3 0 111159 111124 0 0 212 0 0 4 76708499 22424810 0 0 0 0 0 41005772 0 0 0 
0 0 0 0 0 0 0 0 0 0 0 0 0 0 0 0 0 0 0 0 0 0 0 3 0 111159 111124 0 0 212 0 0 4 76708499 22424810 0 0 0 0 0 41005772 0 0 0 
0 0 0 0 0 0 0 0 0 0 0 0 0 0 0 0 0 0 0 0 0 0 0 3 0 111159 111124 0 0 212 0 0 4 76708499 22424810 0 0 0 0 0 41005772 0 0 0 
0 0 0 0 0 0 0 0 0 0 0 0 0 0 0 0 0 0 0 0 0 0 0 3 0 111159 111124 0 0 212 0 0 4 76708499 22424810 0 0 0 0 0 41005772 0 0 0 
0 0 0 0 0 0 0 0 0 0 0 0 0 0 0 0 0 0 0 0 0 0 0 3 0 111159 111124 0 0 212 0 0 4 76708499 22424810 0 0 0 0 0 41005772 0 0 0 
0 0 0 0 0 0 0 0 0 0 0 0 0 0 0 0 0 0 0 0 0 0 0 3 0 111159 111124 0 0 212 0 0 4 76708499 22424810 0 0 0 0 0 41005772 0 0 0 
0 0 0 0 0 0 0 0 0 0 0 0 0 0 0 0 0 0 0 0 0 0 0 3 111155 0 0 3 0 0 211 7 0 22433055 42122750 34561382 0 0 0 40999812 0 0 0 0 
0 0 0 0 0 0 0 0 0 0 0 0 0 0 0 0 0 0 0 0 0 0 0 3 111155 0 0 3 0 0 211 7 0 22433055 42122750 34561382 0 0 0 40999812 0 0 0 0 
0 0 0 0 0 0 0 0 0 0 0 0 0 0 0 0 0 0 0 0 0 0 0 3 111155 0 0 3 0 0 211 7 0 22433055 42122750 34561382 0 0 0 40999812 0 0 0 0 
0 0 0 0 0 0 0 0 0 0 0 0 0 0 0 0 0 0 0 0 0 0 0 3 111155 0 0 3 0 0 211 7 0 22433055 42122750 34561382 0 0 0 40999812 0 0 0 0 
