0.629528
0.629693
0.629750
0.620072
0.619318
0.630652
0.620247
0.617813
0.619366
0.618066
0.621050
0.621731
0.619798
0.620099
0.630452
0.664064
0.622493
0.623247
0.617198
0.616556
0.627417
0.622504
0.618898
0.634443
0.621034
0.626252
0.630761
0.617930
0.629076
0.619010
0.627315
0.629991
0.630702
0.632983
0.629076
0.622647
0.626109
0.629767
0.624003
0.620659
0.629738
0.619136
0.619245
0.619535
0.632323
0.618467
0.623908
0.641940
0.634508
0.620339
0.640351
0.672658
0.622857
0.623151
0.633906
0.635776
0.625899
0.618946
0.619805
0.619468
0.619133
0.621060
0.625306
0.630119
0.652308
0.619894
0.631079
0.625537
0.625558
0.618174
0.619406
0.619132
0.633124
0.629717
0.619272
0.633840
0.617967
0.619910
0.629883
0.627976
0.638292
0.618376
0.622059
0.628274
0.630699
0.618148
0.633675
0.625847
0.618056
0.619248
0.618307
0.625902
0.622483
0.628148
0.622572
0.633443
0.620031
0.620239
0.618422
0.627806
