4.922004
4.917408
4.928179
4.918469
4.921355
4.916083
4.921117
4.932152
4.914884
4.918692
4.915659
4.914749
4.925407
4.922755
4.919668
4.922756
4.924968
4.918676
4.916495
4.925297
4.920314
4.916555
4.923564
4.921452
4.924381
4.918222
4.919029
4.944292
4.914531
4.923777
4.920251
4.917515
4.923130
4.920706
4.918836
4.917226
4.921628
4.917613
4.917511
4.920815
4.929193
4.920887
4.923226
4.933905
4.924567
4.920471
4.928590
4.919620
4.915263
4.924242
4.922902
4.928767
4.919969
4.925212
4.916038
4.924334
4.928948
4.927247
4.916102
4.916907
4.928852
4.923867
4.919803
4.920477
4.920378
4.926625
4.929116
4.924396
4.918300
4.919715
4.921470
4.918460
4.919025
4.925152
4.927464
4.911391
4.915495
4.925094
4.920823
4.919570
4.920128
4.918380
4.930472
4.915371
4.914808
4.914681
4.922995
4.919967
4.917752
4.927757
4.924212
4.922500
4.917604
4.928086
4.919132
4.922049
4.922186
4.925192
4.940433
4.926067
