0.311887
0.315204
0.312371
0.317912
0.319836
0.311385
0.312828
0.311526
0.316661
0.316883
0.312883
0.319784
0.312079
0.312007
0.319115
0.330596
0.317575
0.315351
0.312432
0.313418
0.311374
0.325017
0.316596
0.314899
0.313638
0.314079
0.311714
0.329736
0.317826
0.312928
0.318848
0.313078
0.322530
0.329516
0.323231
0.312994
0.320666
0.317553
0.311310
0.318775
0.321605
0.311563
0.311454
0.313767
0.312343
0.319833
0.330970
0.322916
0.312678
0.311705
0.324030
0.326257
0.312508
0.324712
0.322829
0.330246
0.310684
0.311993
0.323647
0.315486
0.317569
0.310866
0.319207
0.311596
0.318382
0.327701
0.312070
0.324063
0.312860
0.323761
0.319642
0.318336
0.313105
0.313438
0.313524
0.321518
0.314878
0.322283
0.318024
0.332274
0.312379
0.323909
0.312393
0.320282
0.313495
0.313577
0.316061
0.314663
0.318873
0.312757
0.320689
0.330995
0.323451
0.313133
0.326277
0.313788
0.312989
0.315195
0.312360
0.316124
