1.250071
1.233579
1.245391
1.241397
1.234000
1.243311
1.236472
1.299369
1.236939
1.232236
1.235117
1.240271
1.230014
1.248699
1.236107
1.232395
1.242925
1.231088
1.234788
1.242699
1.247698
1.242007
1.232519
1.297527
1.246292
1.239328
1.232357
1.291623
1.240817
1.255562
1.236660
1.241412
1.232957
1.234218
1.242633
1.233050
1.243201
1.254078
1.247203
1.246699
1.237261
1.237872
1.234849
1.234105
1.240670
1.233431
1.234199
1.234331
1.235326
1.244150
1.239080
1.232651
1.235001
1.246042
1.246819
1.231641
1.234274
1.247746
1.235538
1.233891
1.243797
1.234252
1.234279
1.244879
1.249652
1.245381
1.246326
1.234424
1.247332
1.232040
1.242669
1.234060
1.234672
1.234695
1.247592
1.234341
1.238185
1.235386
1.231827
1.234570
1.233140
1.223530
1.227691
1.239439
1.244653
1.237641
1.233604
1.237341
1.242848
1.234989
1.237345
1.233540
1.234041
1.235298
1.230195
1.234319
1.234777
1.233693
1.236300
1.230598
