2.459466
2.456684
2.466973
2.457769
2.461026
2.464097
2.460593
2.462119
2.461871
2.466503
2.532597
2.463216
2.465578
2.457492
2.463275
2.462676
2.459158
2.461115
2.462980
2.463125
2.460068
2.465131
2.466240
2.455397
2.467854
2.464318
2.468640
2.465440
2.459696
2.468772
2.462029
2.465276
2.459706
2.473270
2.463884
2.454500
2.460710
2.462714
2.457816
2.462851
2.462463
2.534176
2.461082
2.464638
2.463010
2.460125
2.469719
2.458791
2.467382
2.467460
2.460390
2.465963
2.470713
2.482434
2.461329
2.460710
2.464440
2.457881
2.463698
2.461675
2.459101
2.459596
2.520463
2.460750
2.460331
2.466188
2.460823
2.478332
2.468375
2.471754
2.458427
2.470986
2.461158
2.461019
2.457772
2.465499
2.519611
2.461952
2.466507
2.455028
2.464127
2.466645
2.457638
2.463305
2.467448
2.461864
2.472735
2.464171
2.464362
2.459311
2.463468
2.460072
2.465241
2.460302
2.460355
2.461237
2.457151
2.476100
2.457594
2.494572
