0.166988
0.169530
0.159525
0.168728
0.161438
0.163494
0.159498
0.161718
0.163174
0.166674
0.168565
0.159844
0.169103
0.163321
0.160053
0.160416
0.166042
0.158576
0.159290
0.160048
0.159299
0.168746
0.164003
0.158444
0.158787
0.163835
0.157861
0.159773
0.169059
0.158570
0.160445
0.158948
0.159912
0.164771
0.168606
0.164457
0.159290
0.158583
0.160409
0.160377
0.164860
0.165871
0.158918
0.165025
0.162849
0.160100
0.159936
0.170957
0.159879
0.165830
0.160876
0.167390
0.161034
0.159531
0.160774
0.165293
0.167933
0.161991
0.166324
0.162591
0.159517
0.158622
0.158981
0.158960
0.158468
0.159461
0.161827
0.158598
0.160260
0.159860
0.163429
0.159407
0.159504
0.164546
0.159152
0.166882
0.159026
0.158475
0.158985
0.168590
0.160036
0.160602
0.161863
0.159273
0.159476
0.159108
0.160291
0.159590
0.159708
0.163638
0.161596
0.168844
0.161740
0.160083
0.159555
0.158344
0.162901
0.159205
0.158919
0.164421
