9.809114
9.820303
9.820178
9.815485
9.831009
9.827413
9.815457
9.823035
9.813256
9.811920
9.825592
9.820532
9.813650
9.816966
9.818863
9.833808
9.813060
9.817868
9.822774
9.815718
9.872127
9.811265
9.819799
9.821710
9.837085
9.819234
9.818188
9.820554
9.819840
9.810734
9.822380
9.822818
9.835060
9.820853
9.819627
9.895253
9.826915
9.814509
9.817235
9.814921
9.825800
9.822672
9.822427
9.818757
9.828360
9.824857
9.816087
9.831673
9.815207
9.839379
9.815051
9.811715
9.821194
9.822781
9.843744
9.824324
9.813248
9.822827
9.828848
9.830714
9.835182
9.831217
9.852471
9.817421
9.821892
9.815252
9.834015
9.816083
9.819994
9.817350
9.824409
9.819475
9.818776
9.806348
9.815189
9.819251
9.824695
9.833584
9.815329
9.827444
9.818741
9.826274
9.824588
9.832207
9.835059
9.881763
9.823913
9.822801
9.820320
9.825219
9.811536
9.827452
9.818456
9.857600
9.820862
9.821395
9.829409
9.823295
9.819734
9.876560
