0.083388
0.082973
0.083637
0.083602
0.087993
0.088554
0.083856
0.084368
0.086187
0.084278
0.083954
0.083619
0.084248
0.084691
0.084802
0.088878
0.084545
0.084649
0.085103
0.084726
0.084601
0.085418
0.083016
0.083599
0.084323
0.088006
0.084760
0.084172
0.084708
0.085825
0.085759
0.088465
0.084763
0.084692
0.084914
0.086169
0.083888
0.084118
0.085057
0.086893
0.084045
0.084421
0.084723
0.084822
0.084333
0.084846
0.086453
0.084210
0.084941
0.084513
0.084008
0.084863
0.083906
0.084019
0.084667
0.083872
0.085327
0.088530
0.086797
0.084263
0.084556
0.084460
0.088895
0.084806
0.084502
0.084590
0.085648
0.083568
0.085682
0.085856
0.085715
0.086140
0.084783
0.087599
0.084434
0.083913
0.085188
0.084479
0.088562
0.088239
0.085247
0.084444
0.084282
0.083471
0.084213
0.084426
0.084508
0.088431
0.084226
0.084728
0.086215
0.084596
0.084149
0.085185
0.084492
0.084754
0.084587
0.086766
0.085025
0.086930
