0 0 0 0 0 0 0 0 0 0 0 0 0 0 0 0 0 0 0 0 0 0 0 3 0 49527 49520 0 0 128 0 0 33 38667977 10777289 0 0 0 0 0 21154571 0 0 0 
0 0 0 0 0 0 0 0 0 0 0 0 0 0 0 0 0 0 0 0 0 0 0 3 49517 0 0 4 0 0 128 33 0 10776832 21822021 16841851 0 0 0 21156570 0 0 0 0 
0 0 0 0 0 0 0 0 0 0 0 0 0 0 0 0 0 0 0 0 0 0 0 3 0 49527 49520 0 0 128 0 0 33 38667977 10777289 0 0 0 0 0 21154571 0 0 0 
0 0 0 0 0 0 0 0 0 0 0 0 0 0 0 0 0 0 0 0 0 0 0 3 49517 0 0 4 0 0 128 33 0 10776832 21822021 16841851 0 0 0 21156570 0 0 0 0 
0 0 0 0 0 0 0 0 0 0 0 0 0 0 0 0 0 0 0 0 0 0 0 3 0 49527 49520 0 0 128 0 0 33 38667977 10777289 0 0 0 0 0 21154571 0 0 0 
0 0 0 0 0 0 0 0 0 0 0 0 0 0 0 0 0 0 0 0 0 0 0 3 49517 0 0 4 0 0 128 33 0 10776832 21822021 16841851 0 0 0 21156570 0 0 0 0 
0 0 0 0 0 0 0 0 0 0 0 0 0 0 0 0 0 0 0 0 0 0 0 3 0 49527 49520 0 0 128 0 0 33 38667977 10777289 0 0 0 0 0 21154571 0 0 0 
0 0 0 0 0 0 0 0 0 0 0 0 0 0 0 0 0 0 0 0 0 0 0 3 49517 0 0 4 0 0 128 33 0 10776832 21822021 16841851 0 0 0 21156570 0 0 0 0 
0 0 0 0 0 0 0 0 0 0 0 0 0 0 0 0 0 0 0 0 0 0 0 3 0 49527 49520 0 0 128 0 0 33 38667977 10777289 0 0 0 0 0 21154571 0 0 0 
0 0 0 0 0 0 0 0 0 0 0 0 0 0 0 0 0 0 0 0 0 0 0 3 49517 0 0 4 0 0 128 33 0 10776832 21822021 16841851 0 0 0 21156570 0 0 0 0 
0 0 0 0 0 0 0 0 0 0 0 0 0 0 0 0 0 0 0 0 0 0 0 3 0 49527 49520 0 0 128 0 0 33 38667977 10777289 0 0 0 0 0 21154571 0 0 0 
0 0 0 0 0 0 0 0 0 0 0 0 0 0 0 0 0 0 0 0 0 0 0 3 49517 0 0 4 0 0 128 33 0 10776832 21822021 16841851 0 0 0 21156570 0 0 0 0 
====>
0 0 0 0 0 0 0 0 0 0 0 0 0 0 0 0 0 0 0 0 0 0 0 3 0 49527 49520 0 0 128 0 0 33 38667977 10777289 0 0 0 0 0 21154571 0 0 0 
0 0 0 0 0 0 0 0 0 0 0 0 0 0 0 0 0 0 0 0 0 0 0 3 49517 0 0 4 0 0 128 33 0 10776832 21822021 16841851 0 0 0 21156570 0 0 0 0 
0 0 0 0 0 0 0 0 0 0 0 0 0 0 0 0 0 0 0 0 0 0 0 3 0 49527 49520 0 0 128 0 0 33 38667977 10777289 0 0 0 0 0 21154571 0 0 0 
0 0 0 0 0 0 0 0 0 0 0 0 0 0 0 0 0 0 0 0 0 0 0 3 49517 0 0 4 0 0 128 33 0 10776832 21822021 16841851 0 0 0 21156570 0 0 0 0 
0 0 0 0 0 0 0 0 0 0 0 0 0 0 0 0 0 0 0 0 0 0 0 3 0 49527 49520 0 0 128 0 0 33 38667977 10777289 0 0 0 0 0 21154571 0 0 0 
0 0 0 0 0 0 0 0 0 0 0 0 0 0 0 0 0 0 0 0 0 0 0 3 49517 0 0 4 0 0 128 33 0 10776832 21822021 16841851 0 0 0 21156570 0 0 0 0 
0 0 0 0 0 0 0 0 0 0 0 0 0 0 0 0 0 0 0 0 0 0 0 3 0 49527 49520 0 0 128 0 0 33 38667977 10777289 0 0 0 0 0 21154571 0 0 0 
0 0 0 0 0 0 0 0 0 0 0 0 0 0 0 0 0 0 0 0 0 0 0 3 49517 0 0 4 0 0 128 33 0 10776832 21822021 16841851 0 0 0 21156570 0 0 0 0 
0 0 0 0 0 0 0 0 0 0 0 0 0 0 0 0 0 0 0 0 0 0 0 3 0 49527 49520 0 0 128 0 0 33 38667977 10777289 0 0 0 0 0 21154571 0 0 0 
0 0 0 0 0 0 0 0 0 0 0 0 0 0 0 0 0 0 0 0 0 0 0 3 49517 0 0 4 0 0 128 33 0 10776832 21822021 16841851 0 0 0 21156570 0 0 0 0 
0 0 0 0 0 0 0 0 0 0 0 0 0 0 0 0 0 0 0 0 0 0 0 3 0 49527 49520 0 0 128 0 0 33 38667977 10777289 0 0 0 0 0 21154571 0 0 0 
0 0 0 0 0 0 0 0 0 0 0 0 0 0 0 0 0 0 0 0 0 0 0 3 49517 0 0 4 0 0 128 33 0 10776832 21822021 16841851 0 0 0 21156570 0 0 0 0 
0 0 0 0 0 0 0 0 0 0 0 0 0 0 0 0 0 0 0 0 0 0 0 3 0 49527 49520 0 0 128 0 0 33 38667977 10777289 0 0 0 0 0 21154571 0 0 0 
0 0 0 0 0 0 0 0 0 0 0 0 0 0 0 0 0 0 0 0 0 0 0 3 49517 0 0 4 0 0 128 33 0 10776832 21822021 16841851 0 0 0 21156570 0 0 0 0 
0 0 0 0 0 0 0 0 0 0 0 0 0 0 0 0 0 0 0 0 0 0 0 3 0 49527 49520 0 0 128 0 0 33 38667977 10777289 0 0 0 0 0 21154571 0 0 0 
0 0 0 0 0 0 0 0 0 0 0 0 0 0 0 0 0 0 0 0 0 0 0 3 49517 0 0 4 0 0 128 33 0 10776832 21822021 16841851 0 0 0 21156570 0 0 0 0 
0 0 0 0 0 0 0 0 0 0 0 0 0 0 0 0 0 0 0 0 0 0 0 3 0 49527 49520 0 0 128 0 0 33 38667977 10777289 0 0 0 0 0 21154571 0 0 0 
0 0 0 0 0 0 0 0 0 0 0 0 0 0 0 0 0 0 0 0 0 0 0 3 49517 0 0 4 0 0 128 33 0 10776832 21822021 16841851 0 0 0 21156570 0 0 0 0 
0 0 0 0 0 0 0 0 0 0 0 0 0 0 0 0 0 0 0 0 0 0 0 3 0 49527 49520 0 0 128 0 0 33 38667977 10777289 0 0 0 0 0 21154571 0 0 0 
0 0 0 0 0 0 0 0 0 0 0 0 0 0 0 0 0 0 0 0 0 0 0 3 49517 0 0 4 0 0 128 33 0 10776832 21822021 16841851 0 0 0 21156570 0 0 0 0 
0 0 0 0 0 0 0 0 0 0 0 0 0 0 0 0 0 0 0 0 0 0 0 3 0 49527 49520 0 0 128 0 0 33 38667977 10777289 0 0 0 0 0 21154571 0 0 0 
0 0 0 0 0 0 0 0 0 0 0 0 0 0 0 0 0 0 0 0 0 0 0 3 49517 0 0 4 0 0 128 33 0 10776832 21822021 16841851 0 0 0 21156570 0 0 0 0 
0 0 0 0 0 0 0 0 0 0 0 0 0 0 0 0 0 0 0 0 0 0 0 3 0 49527 49520 0 0 128 0 0 33 38667977 10777289 0 0 0 0 0 21154571 0 0 0 
0 0 0 0 0 0 0 0 0 0 0 0 0 0 0 0 0 0 0 0 0 0 0 3 49517 0 0 4 0 0 128 33 0 10776832 21822021 16841851 0 0 0 21156570 0 0 0 0 
0 0 0 0 0 0 0 0 0 0 0 0 0 0 0 0 0 0 0 0 0 0 0 3 0 49527 49520 0 0 128 0 0 33 38667977 10777289 0 0 0 0 0 21154571 0 0 0 
0 0 0 0 0 0 0 0 0 0 0 0 0 0 0 0 0 0 0 0 0 0 0 3 49517 0 0 4 0 0 128 33 0 10776832 21822021 16841851 0 0 0 21156570 0 0 0 0 
0 0 0 0 0 0 0 0 0 0 0 0 0 0 0 0 0 0 0 0 0 0 0 3 0 49527 49520 0 0 128 0 0 33 38667977 10777289 0 0 0 0 0 21154571 0 0 0 
0 0 0 0 0 0 0 0 0 0 0 0 0 0 0 0 0 0 0 0 0 0 0 3 49517 0 0 4 0 0 128 33 0 10776832 21822021 16841851 0 0 0 21156570 0 0 0 0 
0 0 0 0 0 0 0 0 0 0 0 0 0 0 0 0 0 0 0 0 0 0 0 3 0 49527 49520 0 0 128 0 0 33 38667977 10777289 0 0 0 0 0 21154571 0 0 0 
0 0 0 0 0 0 0 0 0 0 0 0 0 0 0 0 0 0 0 0 0 0 0 3 49517 0 0 4 0 0 128 33 0 10776832 21822021 16841851 0 0 0 21156570 0 0 0 0 
0 0 0 0 0 0 0 0 0 0 0 0 0 0 0 0 0 0 0 0 0 0 0 3 0 49527 49520 0 0 128 0 0 33 38667977 10777289 0 0 0 0 0 21154571 0 0 0 
0 0 0 0 0 0 0 0 0 0 0 0 0 0 0 0 0 0 0 0 0 0 0 3 49517 0 0 4 0 0 128 33 0 10776832 21822021 16841851 0 0 0 21156570 0 0 0 0 
0 0 0 0 0 0 0 0 0 0 0 0 0 0 0 0 0 0 0 0 0 0 0 3 0 49527 49520 0 0 128 0 0 33 38667977 10777289 0 0 0 0 0 21154571 0 0 0 
0 0 0 0 0 0 0 0 0 0 0 0 0 0 0 0 0 0 0 0 0 0 0 3 49517 0 0 4 0 0 128 33 0 10776832 21822021 16841851 0 0 0 21156570 0 0 0 0 
0 0 0 0 0 0 0 0 0 0 0 0 0 0 0 0 0 0 0 0 0 0 0 3 0 49527 49520 0 0 128 0 0 33 38667977 10777289 0 0 0 0 0 21154571 0 0 0 
0 0 0 0 0 0 0 0 0 0 0 0 0 0 0 0 0 0 0 0 0 0 0 3 49517 0 0 4 0 0 128 33 0 10776832 21822021 16841851 0 0 0 21156570 0 0 0 0 
0 0 0 0 0 0 0 0 0 0 0 0 0 0 0 0 0 0 0 0 0 0 0 3 0 49527 49520 0 0 128 0 0 33 38667977 10777289 0 0 0 0 0 21154571 0 0 0 
0 0 0 0 0 0 0 0 0 0 0 0 0 0 0 0 0 0 0 0 0 0 0 3 49517 0 0 4 0 0 128 33 0 10776832 21822021 16841851 0 0 0 21156570 0 0 0 0 
0 0 0 0 0 0 0 0 0 0 0 0 0 0 0 0 0 0 0 0 0 0 0 3 0 49527 49520 0 0 128 0 0 33 38667977 10777289 0 0 0 0 0 21154571 0 0 0 
0 0 0 0 0 0 0 0 0 0 0 0 0 0 0 0 0 0 0 0 0 0 0 3 49517 0 0 4 0 0 128 33 0 10776832 21822021 16841851 0 0 0 21156570 0 0 0 0 
0 0 0 0 0 0 0 0 0 0 0 0 0 0 0 0 0 0 0 0 0 0 0 3 0 49527 49520 0 0 128 0 0 33 38667977 10777289 0 0 0 0 0 21154571 0 0 0 
0 0 0 0 0 0 0 0 0 0 0 0 0 0 0 0 0 0 0 0 0 0 0 3 49517 0 0 4 0 0 128 33 0 10776832 21822021 16841851 0 0 0 21156570 0 0 0 0 
0 0 0 0 0 0 0 0 0 0 0 0 0 0 0 0 0 0 0 0 0 0 0 3 0 49527 49520 0 0 128 0 0 33 38667977 10777289 0 0 0 0 0 21154571 0 0 0 
0 0 0 0 0 0 0 0 0 0 0 0 0 0 0 0 0 0 0 0 0 0 0 3 49517 0 0 4 0 0 128 33 0 10776832 21822021 16841851 0 0 0 21156570 0 0 0 0 
0 0 0 0 0 0 0 0 0 0 0 0 0 0 0 0 0 0 0 0 0 0 0 3 0 49527 49520 0 0 128 0 0 33 38667977 10777289 0 0 0 0 0 21154571 0 0 0 
0 0 0 0 0 0 0 0 0 0 0 0 0 0 0 0 0 0 0 0 0 0 0 3 49517 0 0 4 0 0 128 33 0 10776832 21822021 16841851 0 0 0 21156570 0 0 0 0 
0 0 0 0 0 0 0 0 0 0 0 0 0 0 0 0 0 0 0 0 0 0 0 3 0 49527 49520 0 0 128 0 0 33 38667977 10777289 0 0 0 0 0 21154571 0 0 0 
0 0 0 0 0 0 0 0 0 0 0 0 0 0 0 0 0 0 0 0 0 0 0 3 49517 0 0 4 0 0 128 33 0 10776832 21822021 16841851 0 0 0 21156570 0 0 0 0 
0 0 0 0 0 0 0 0 0 0 0 0 0 0 0 0 0 0 0 0 0 0 0 3 0 49527 49520 0 0 128 0 0 33 38667977 10777289 0 0 0 0 0 21154571 0 0 0 
0 0 0 0 0 0 0 0 0 0 0 0 0 0 0 0 0 0 0 0 0 0 0 3 49517 0 0 4 0 0 128 33 0 10776832 21822021 16841851 0 0 0 21156570 0 0 0 0 
0 0 0 0 0 0 0 0 0 0 0 0 0 0 0 0 0 0 0 0 0 0 0 3 0 49527 49520 0 0 128 0 0 33 38667977 10777289 0 0 0 0 0 21154571 0 0 0 
0 0 0 0 0 0 0 0 0 0 0 0 0 0 0 0 0 0 0 0 0 0 0 3 49517 0 0 4 0 0 128 33 0 10776832 21822021 16841851 0 0 0 21156570 0 0 0 0 
0 0 0 0 0 0 0 0 0 0 0 0 0 0 0 0 0 0 0 0 0 0 0 3 0 49527 49520 0 0 128 0 0 33 38667977 10777289 0 0 0 0 0 21154571 0 0 0 
0 0 0 0 0 0 0 0 0 0 0 0 0 0 0 0 0 0 0 0 0 0 0 3 49517 0 0 4 0 0 128 33 0 10776832 21822021 16841851 0 0 0 21156570 0 0 0 0 
0 0 0 0 0 0 0 0 0 0 0 0 0 0 0 0 0 0 0 0 0 0 0 3 0 49527 49520 0 0 128 0 0 33 38667977 10777289 0 0 0 0 0 21154571 0 0 0 
0 0 0 0 0 0 0 0 0 0 0 0 0 0 0 0 0 0 0 0 0 0 0 3 49517 0 0 4 0 0 128 33 0 10776832 21822021 16841851 0 0 0 21156570 0 0 0 0 
0 0 0 0 0 0 0 0 0 0 0 0 0 0 0 0 0 0 0 0 0 0 0 3 0 49527 49520 0 0 128 0 0 33 38667977 10777289 0 0 0 0 0 21154571 0 0 0 
0 0 0 0 0 0 0 0 0 0 0 0 0 0 0 0 0 0 0 0 0 0 0 3 49517 0 0 4 0 0 128 33 0 10776832 21822021 16841851 0 0 0 21156570 0 0 0 0 
0 0 0 0 0 0 0 0 0 0 0 0 0 0 0 0 0 0 0 0 0 0 0 3 0 49527 49520 0 0 128 0 0 33 38667977 10777289 0 0 0 0 0 21154571 0 0 0 
0 0 0 0 0 0 0 0 0 0 0 0 0 0 0 0 0 0 0 0 0 0 0 3 49517 0 0 4 0 0 128 33 0 10776832 21822021 16841851 0 0 0 21156570 0 0 0 0 
0 0 0 0 0 0 0 0 0 0 0 0 0 0 0 0 0 0 0 0 0 0 0 3 0 49527 49520 0 0 128 0 0 33 38667977 10777289 0 0 0 0 0 21154571 0 0 0 
0 0 0 0 0 0 0 0 0 0 0 0 0 0 0 0 0 0 0 0 0 0 0 3 49517 0 0 4 0 0 128 33 0 10776832 21822021 16841851 0 0 0 21156570 0 0 0 0 
0 0 0 0 0 0 0 0 0 0 0 0 0 0 0 0 0 0 0 0 0 0 0 3 0 49527 49520 0 0 128 0 0 33 38667977 10777289 0 0 0 0 0 21154571 0 0 0 
0 0 0 0 0 0 0 0 0 0 0 0 0 0 0 0 0 0 0 0 0 0 0 3 49517 0 0 4 0 0 128 33 0 10776832 21822021 16841851 0 0 0 21156570 0 0 0 0 
0 0 0 0 0 0 0 0 0 0 0 0 0 0 0 0 0 0 0 0 0 0 0 3 0 49527 49520 0 0 128 0 0 33 38667977 10777289 0 0 0 0 0 21154571 0 0 0 
0 0 0 0 0 0 0 0 0 0 0 0 0 0 0 0 0 0 0 0 0 0 0 3 49517 0 0 4 0 0 128 33 0 10776832 21822021 16841851 0 0 0 21156570 0 0 0 0 
0 0 0 0 0 0 0 0 0 0 0 0 0 0 0 0 0 0 0 0 0 0 0 3 0 49527 49520 0 0 128 0 0 33 38667977 10777289 0 0 0 0 0 21154571 0 0 0 
0 0 0 0 0 0 0 0 0 0 0 0 0 0 0 0 0 0 0 0 0 0 0 3 49517 0 0 4 0 0 128 33 0 10776832 21822021 16841851 0 0 0 21156570 0 0 0 0 
0 0 0 0 0 0 0 0 0 0 0 0 0 0 0 0 0 0 0 0 0 0 0 3 0 49527 49520 0 0 128 0 0 33 38667977 10777289 0 0 0 0 0 21154571 0 0 0 
0 0 0 0 0 0 0 0 0 0 0 0 0 0 0 0 0 0 0 0 0 0 0 3 49517 0 0 4 0 0 128 33 0 10776832 21822021 16841851 0 0 0 21156570 0 0 0 0 
0 0 0 0 0 0 0 0 0 0 0 0 0 0 0 0 0 0 0 0 0 0 0 3 0 49527 49520 0 0 128 0 0 33 38667977 10777289 0 0 0 0 0 21154571 0 0 0 
0 0 0 0 0 0 0 0 0 0 0 0 0 0 0 0 0 0 0 0 0 0 0 3 49517 0 0 4 0 0 128 33 0 10776832 21822021 16841851 0 0 0 21156570 0 0 0 0 
0 0 0 0 0 0 0 0 0 0 0 0 0 0 0 0 0 0 0 0 0 0 0 3 0 49527 49520 0 0 128 0 0 33 38667977 10777289 0 0 0 0 0 21154571 0 0 0 
0 0 0 0 0 0 0 0 0 0 0 0 0 0 0 0 0 0 0 0 0 0 0 3 49517 0 0 4 0 0 128 33 0 10776832 21822021 16841851 0 0 0 21156570 0 0 0 0 
0 0 0 0 0 0 0 0 0 0 0 0 0 0 0 0 0 0 0 0 0 0 0 3 0 49527 49520 0 0 128 0 0 33 38667977 10777289 0 0 0 0 0 21154571 0 0 0 
0 0 0 0 0 0 0 0 0 0 0 0 0 0 0 0 0 0 0 0 0 0 0 3 49517 0 0 4 0 0 128 33 0 10776832 21822021 16841851 0 0 0 21156570 0 0 0 0 
0 0 0 0 0 0 0 0 0 0 0 0 0 0 0 0 0 0 0 0 0 0 0 3 0 49527 49520 0 0 128 0 0 33 38667977 10777289 0 0 0 0 0 21154571 0 0 0 
0 0 0 0 0 0 0 0 0 0 0 0 0 0 0 0 0 0 0 0 0 0 0 3 49517 0 0 4 0 0 128 33 0 10776832 21822021 16841851 0 0 0 21156570 0 0 0 0 
0 0 0 0 0 0 0 0 0 0 0 0 0 0 0 0 0 0 0 0 0 0 0 3 0 49527 49520 0 0 128 0 0 33 38667977 10777289 0 0 0 0 0 21154571 0 0 0 
0 0 0 0 0 0 0 0 0 0 0 0 0 0 0 0 0 0 0 0 0 0 0 3 49517 0 0 4 0 0 128 33 0 10776832 21822021 16841851 0 0 0 21156570 0 0 0 0 
0 0 0 0 0 0 0 0 0 0 0 0 0 0 0 0 0 0 0 0 0 0 0 3 0 49527 49520 0 0 128 0 0 33 38667977 10777289 0 0 0 0 0 21154571 0 0 0 
0 0 0 0 0 0 0 0 0 0 0 0 0 0 0 0 0 0 0 0 0 0 0 3 49517 0 0 4 0 0 128 33 0 10776832 21822021 16841851 0 0 0 21156570 0 0 0 0 
0 0 0 0 0 0 0 0 0 0 0 0 0 0 0 0 0 0 0 0 0 0 0 3 0 49527 49520 0 0 128 0 0 33 38667977 10777289 0 0 0 0 0 21154571 0 0 0 
0 0 0 0 0 0 0 0 0 0 0 0 0 0 0 0 0 0 0 0 0 0 0 3 49517 0 0 4 0 0 128 33 0 10776832 21822021 16841851 0 0 0 21156570 0 0 0 0 
0 0 0 0 0 0 0 0 0 0 0 0 0 0 0 0 0 0 0 0 0 0 0 3 0 49527 49520 0 0 128 0 0 33 38667977 10777289 0 0 0 0 0 21154571 0 0 0 
0 0 0 0 0 0 0 0 0 0 0 0 0 0 0 0 0 0 0 0 0 0 0 3 49517 0 0 4 0 0 128 33 0 10776832 21822021 16841851 0 0 0 21156570 0 0 0 0 
0 0 0 0 0 0 0 0 0 0 0 0 0 0 0 0 0 0 0 0 0 0 0 3 0 49527 49520 0 0 128 0 0 33 38667977 10777289 0 0 0 0 0 21154571 0 0 0 
0 0 0 0 0 0 0 0 0 0 0 0 0 0 0 0 0 0 0 0 0 0 0 3 49517 0 0 4 0 0 128 33 0 10776832 21822021 16841851 0 0 0 21156570 0 0 0 0 
0 0 0 0 0 0 0 0 0 0 0 0 0 0 0 0 0 0 0 0 0 0 0 3 0 49527 49520 0 0 128 0 0 33 38667977 10777289 0 0 0 0 0 21154571 0 0 0 
0 0 0 0 0 0 0 0 0 0 0 0 0 0 0 0 0 0 0 0 0 0 0 3 49517 0 0 4 0 0 128 33 0 10776832 21822021 16841851 0 0 0 21156570 0 0 0 0 
0 0 0 0 0 0 0 0 0 0 0 0 0 0 0 0 0 0 0 0 0 0 0 3 0 49527 49520 0 0 128 0 0 33 38667977 10777289 0 0 0 0 0 21154571 0 0 0 
0 0 0 0 0 0 0 0 0 0 0 0 0 0 0 0 0 0 0 0 0 0 0 3 49517 0 0 4 0 0 128 33 0 10776832 21822021 16841851 0 0 0 21156570 0 0 0 0 
0 0 0 0 0 0 0 0 0 0 0 0 0 0 0 0 0 0 0 0 0 0 0 3 0 49527 49520 0 0 128 0 0 33 38667977 10777289 0 0 0 0 0 21154571 0 0 0 
0 0 0 0 0 0 0 0 0 0 0 0 0 0 0 0 0 0 0 0 0 0 0 3 49517 0 0 4 0 0 128 33 0 10776832 21822021 16841851 0 0 0 21156570 0 0 0 0 
0 0 0 0 0 0 0 0 0 0 0 0 0 0 0 0 0 0 0 0 0 0 0 3 0 49527 49520 0 0 128 0 0 33 38667977 10777289 0 0 0 0 0 21154571 0 0 0 
0 0 0 0 0 0 0 0 0 0 0 0 0 0 0 0 0 0 0 0 0 0 0 3 49517 0 0 4 0 0 128 33 0 10776832 21822021 16841851 0 0 0 21156570 0 0 0 0 
0 0 0 0 0 0 0 0 0 0 0 0 0 0 0 0 0 0 0 0 0 0 0 3 0 49527 49520 0 0 128 0 0 33 38667977 10777289 0 0 0 0 0 21154571 0 0 0 
0 0 0 0 0 0 0 0 0 0 0 0 0 0 0 0 0 0 0 0 0 0 0 3 49517 0 0 4 0 0 128 33 0 10776832 21822021 16841851 0 0 0 21156570 0 0 0 0 
0 0 0 0 0 0 0 0 0 0 0 0 0 0 0 0 0 0 0 0 0 0 0 3 0 49527 49520 0 0 128 0 0 33 38667977 10777289 0 0 0 0 0 21154571 0 0 0 
0 0 0 0 0 0 0 0 0 0 0 0 0 0 0 0 0 0 0 0 0 0 0 3 49517 0 0 4 0 0 128 33 0 10776832 21822021 16841851 0 0 0 21156570 0 0 0 0 
0 0 0 0 0 0 0 0 0 0 0 0 0 0 0 0 0 0 0 0 0 0 0 3 0 49527 49520 0 0 128 0 0 33 38667977 10777289 0 0 0 0 0 21154571 0 0 0 
0 0 0 0 0 0 0 0 0 0 0 0 0 0 0 0 0 0 0 0 0 0 0 3 49517 0 0 4 0 0 128 33 0 10776832 21822021 16841851 0 0 0 21156570 0 0 0 0 
0 0 0 0 0 0 0 0 0 0 0 0 0 0 0 0 0 0 0 0 0 0 0 3 0 49527 49520 0 0 128 0 0 33 38667977 10777289 0 0 0 0 0 21154571 0 0 0 
0 0 0 0 0 0 0 0 0 0 0 0 0 0 0 0 0 0 0 0 0 0 0 3 49517 0 0 4 0 0 128 33 0 10776832 21822021 16841851 0 0 0 21156570 0 0 0 0 
0 0 0 0 0 0 0 0 0 0 0 0 0 0 0 0 0 0 0 0 0 0 0 3 0 49527 49520 0 0 128 0 0 33 38667977 10777289 0 0 0 0 0 21154571 0 0 0 
0 0 0 0 0 0 0 0 0 0 0 0 0 0 0 0 0 0 0 0 0 0 0 3 49517 0 0 4 0 0 128 33 0 10776832 21822021 16841851 0 0 0 21156570 0 0 0 0 
0 0 0 0 0 0 0 0 0 0 0 0 0 0 0 0 0 0 0 0 0 0 0 3 0 49527 49520 0 0 128 0 0 33 38667977 10777289 0 0 0 0 0 21154571 0 0 0 
0 0 0 0 0 0 0 0 0 0 0 0 0 0 0 0 0 0 0 0 0 0 0 3 49517 0 0 4 0 0 128 33 0 10776832 21822021 16841851 0 0 0 21156570 0 0 0 0 
0 0 0 0 0 0 0 0 0 0 0 0 0 0 0 0 0 0 0 0 0 0 0 3 0 49527 49520 0 0 128 0 0 33 38667977 10777289 0 0 0 0 0 21154571 0 0 0 
0 0 0 0 0 0 0 0 0 0 0 0 0 0 0 0 0 0 0 0 0 0 0 3 49517 0 0 4 0 0 128 33 0 10776832 21822021 16841851 0 0 0 21156570 0 0 0 0 
0 0 0 0 0 0 0 0 0 0 0 0 0 0 0 0 0 0 0 0 0 0 0 3 0 49527 49520 0 0 128 0 0 33 38667977 10777289 0 0 0 0 0 21154571 0 0 0 
0 0 0 0 0 0 0 0 0 0 0 0 0 0 0 0 0 0 0 0 0 0 0 3 49517 0 0 4 0 0 128 33 0 10776832 21822021 16841851 0 0 0 21156570 0 0 0 0 
0 0 0 0 0 0 0 0 0 0 0 0 0 0 0 0 0 0 0 0 0 0 0 3 0 49527 49520 0 0 128 0 0 33 38667977 10777289 0 0 0 0 0 21154571 0 0 0 
0 0 0 0 0 0 0 0 0 0 0 0 0 0 0 0 0 0 0 0 0 0 0 3 49517 0 0 4 0 0 128 33 0 10776832 21822021 16841851 0 0 0 21156570 0 0 0 0 
0 0 0 0 0 0 0 0 0 0 0 0 0 0 0 0 0 0 0 0 0 0 0 3 0 49527 49520 0 0 128 0 0 33 38667977 10777289 0 0 0 0 0 21154571 0 0 0 
0 0 0 0 0 0 0 0 0 0 0 0 0 0 0 0 0 0 0 0 0 0 0 3 49517 0 0 4 0 0 128 33 0 10776832 21822021 16841851 0 0 0 21156570 0 0 0 0 
0 0 0 0 0 0 0 0 0 0 0 0 0 0 0 0 0 0 0 0 0 0 0 3 0 49527 49520 0 0 128 0 0 33 38667977 10777289 0 0 0 0 0 21154571 0 0 0 
0 0 0 0 0 0 0 0 0 0 0 0 0 0 0 0 0 0 0 0 0 0 0 3 49517 0 0 4 0 0 128 33 0 10776832 21822021 16841851 0 0 0 21156570 0 0 0 0 
0 0 0 0 0 0 0 0 0 0 0 0 0 0 0 0 0 0 0 0 0 0 0 3 0 49527 49520 0 0 128 0 0 33 38667977 10777289 0 0 0 0 0 21154571 0 0 0 
0 0 0 0 0 0 0 0 0 0 0 0 0 0 0 0 0 0 0 0 0 0 0 3 49517 0 0 4 0 0 128 33 0 10776832 21822021 16841851 0 0 0 21156570 0 0 0 0 
0 0 0 0 0 0 0 0 0 0 0 0 0 0 0 0 0 0 0 0 0 0 0 3 0 49527 49520 0 0 128 0 0 33 38667977 10777289 0 0 0 0 0 21154571 0 0 0 
0 0 0 0 0 0 0 0 0 0 0 0 0 0 0 0 0 0 0 0 0 0 0 3 49517 0 0 4 0 0 128 33 0 10776832 21822021 16841851 0 0 0 21156570 0 0 0 0 
0 0 0 0 0 0 0 0 0 0 0 0 0 0 0 0 0 0 0 0 0 0 0 3 0 49527 49520 0 0 128 0 0 33 38667977 10777289 0 0 0 0 0 21154571 0 0 0 
0 0 0 0 0 0 0 0 0 0 0 0 0 0 0 0 0 0 0 0 0 0 0 3 49517 0 0 4 0 0 128 33 0 10776832 21822021 16841851 0 0 0 21156570 0 0 0 0 
0 0 0 0 0 0 0 0 0 0 0 0 0 0 0 0 0 0 0 0 0 0 0 3 0 49527 49520 0 0 128 0 0 33 38667977 10777289 0 0 0 0 0 21154571 0 0 0 
0 0 0 0 0 0 0 0 0 0 0 0 0 0 0 0 0 0 0 0 0 0 0 3 49517 0 0 4 0 0 128 33 0 10776832 21822021 16841851 0 0 0 21156570 0 0 0 0 
0 0 0 0 0 0 0 0 0 0 0 0 0 0 0 0 0 0 0 0 0 0 0 3 0 49527 49520 0 0 128 0 0 33 38667977 10777289 0 0 0 0 0 21154571 0 0 0 
0 0 0 0 0 0 0 0 0 0 0 0 0 0 0 0 0 0 0 0 0 0 0 3 49517 0 0 4 0 0 128 33 0 10776832 21822021 16841851 0 0 0 21156570 0 0 0 0 
0 0 0 0 0 0 0 0 0 0 0 0 0 0 0 0 0 0 0 0 0 0 0 3 0 49527 49520 0 0 128 0 0 33 38667977 10777289 0 0 0 0 0 21154571 0 0 0 
0 0 0 0 0 0 0 0 0 0 0 0 0 0 0 0 0 0 0 0 0 0 0 3 49517 0 0 4 0 0 128 33 0 10776832 21822021 16841851 0 0 0 21156570 0 0 0 0 
0 0 0 0 0 0 0 0 0 0 0 0 0 0 0 0 0 0 0 0 0 0 0 3 0 49527 49520 0 0 128 0 0 33 38667977 10777289 0 0 0 0 0 21154571 0 0 0 
0 0 0 0 0 0 0 0 0 0 0 0 0 0 0 0 0 0 0 0 0 0 0 3 49517 0 0 4 0 0 128 33 0 10776832 21822021 16841851 0 0 0 21156570 0 0 0 0 
0 0 0 0 0 0 0 0 0 0 0 0 0 0 0 0 0 0 0 0 0 0 0 3 0 49527 49520 0 0 128 0 0 33 38667977 10777289 0 0 0 0 0 21154571 0 0 0 
0 0 0 0 0 0 0 0 0 0 0 0 0 0 0 0 0 0 0 0 0 0 0 3 49517 0 0 4 0 0 128 33 0 10776832 21822021 16841851 0 0 0 21156570 0 0 0 0 
0 0 0 0 0 0 0 0 0 0 0 0 0 0 0 0 0 0 0 0 0 0 0 3 0 49527 49524 0 0 148 0 0 33 38708970 10777293 0 0 0 0 0 21154575 0 0 0 
0 0 0 0 0 0 0 0 0 0 0 0 0 0 0 0 0 0 0 0 0 0 0 3 49521 0 0 4 0 0 148 33 0 10776836 21862761 16842116 0 0 0 21156574 0 0 0 0 
0 0 0 0 0 0 0 0 0 0 0 0 0 0 0 0 0 0 0 0 0 0 0 3 0 49527 49524 0 0 148 0 0 33 38913103 10777293 0 0 0 0 0 21154583 0 0 0 
0 0 0 0 0 0 0 0 0 0 0 0 0 0 0 0 0 0 0 0 0 0 0 3 49521 0 0 4 0 0 148 33 0 10776836 22063747 16845341 0 0 0 21156582 0 0 0 0 
0 0 0 0 0 0 0 0 0 0 0 0 0 0 0 0 0 0 0 0 0 0 0 3 0 49527 49524 0 0 148 0 0 33 39110423 10777293 0 0 0 0 0 21154583 0 0 0 
0 0 0 0 0 0 0 0 0 0 0 0 0 0 0 0 0 0 0 0 0 0 0 3 49521 0 0 4 0 0 148 33 0 10776836 22258528 16847949 0 0 0 21156582 0 0 0 0 
0 0 0 0 0 0 0 0 0 0 0 0 0 0 0 0 0 0 0 0 0 0 0 3 0 49527 49524 0 0 152 0 0 33 39267387 10777293 0 0 0 0 0 21154583 0 0 0 
0 0 0 0 0 0 0 0 0 0 0 0 0 0 0 0 0 0 0 0 0 0 0 3 49521 0 0 4 0 0 152 33 0 10776836 22412797 16850685 0 0 0 21156582 0 0 0 0 
0 0 0 0 0 0 0 0 0 0 0 0 0 0 0 0 0 0 0 0 0 0 0 3 0 49527 49524 0 0 152 0 0 33 39394996 10790807 0 0 0 0 0 21156903 0 0 0 
0 0 0 0 0 0 0 0 0 0 0 0 0 0 0 0 0 0 0 0 0 0 0 3 49521 0 0 4 0 0 152 33 0 10790349 22488644 16902428 0 0 0 21158903 0 0 0 0 
0 0 0 0 0 0 0 0 0 0 0 0 0 0 0 0 0 0 0 0 0 0 0 3 0 49527 49524 0 0 152 0 0 33 39545911 10803144 0 0 0 0 0 21159213 0 0 0 
0 0 0 0 0 0 0 0 0 0 0 0 0 0 0 0 0 0 0 0 0 0 0 3 49521 0 0 4 0 0 152 33 0 10802686 22622766 16919217 0 0 0 21161218 0 0 0 0 
0 0 0 0 0 0 0 0 0 0 0 0 0 0 0 0 0 0 0 0 0 0 0 3 0 49527 49524 0 0 152 0 0 33 39676224 10814494 0 0 0 0 0 21161533 0 0 0 
0 0 0 0 0 0 0 0 0 0 0 0 0 0 0 0 0 0 0 0 0 0 0 3 49521 0 0 4 0 0 152 33 0 10814037 22736757 16935562 0 0 0 21163538 0 0 0 0 
0 0 0 0 0 0 0 0 0 0 0 0 0 0 0 0 0 0 0 0 0 0 0 3 0 49527 49524 0 0 152 0 0 33 39736897 10847230 0 0 0 0 0 21170719 0 0 0 
0 0 0 0 0 0 0 0 0 0 0 0 0 0 0 0 0 0 0 0 0 0 0 3 49521 0 0 4 0 0 152 33 0 10846776 22753474 16979478 0 0 0 21172728 0 0 0 0 
<====
0 0 0 0 0 0 0 0 0 0 0 0 0 0 0 0 0 0 0 0 0 0 0 3 0 49531 49524 0 0 152 0 0 33 39752217 10868757 0 0 0 0 0 21173035 5 0 0 
0 0 0 0 0 0 0 0 0 0 0 0 0 0 0 0 0 0 0 0 0 0 0 3 49521 0 0 4 0 0 152 33 0 10868299 22757948 16990313 0 0 0 21175045 0 0 5 0 
0 0 0 0 0 0 0 0 0 0 0 0 0 0 0 0 0 0 0 0 0 0 0 3 0 49531 49524 0 0 152 0 0 33 39752217 10868757 0 0 0 0 0 21173035 5 0 0 
0 0 0 0 0 0 0 0 0 0 0 0 0 0 0 0 0 0 0 0 0 0 0 3 49521 0 0 4 0 0 152 33 0 10868299 22757948 16990313 0 0 0 21175045 0 0 5 0 
0 0 0 0 0 0 0 0 0 0 0 0 0 0 0 0 0 0 0 0 0 0 0 3 0 49531 49524 0 0 152 0 0 33 39752217 10868757 0 0 0 0 0 21173035 5 0 0 
0 0 0 0 0 0 0 0 0 0 0 0 0 0 0 0 0 0 0 0 0 0 0 3 49521 0 0 4 0 0 152 33 0 10868299 22757948 16990313 0 0 0 21175045 0 0 5 0 
0 0 0 0 0 0 0 0 0 0 0 0 0 0 0 0 0 0 0 0 0 0 0 3 0 49531 49524 0 0 152 0 0 33 39752217 10868757 0 0 0 0 0 21173035 5 0 0 
0 0 0 0 0 0 0 0 0 0 0 0 0 0 0 0 0 0 0 0 0 0 0 3 49521 0 0 4 0 0 152 33 0 10868299 22757948 16990313 0 0 0 21175045 0 0 5 0 
0 0 0 0 0 0 0 0 0 0 0 0 0 0 0 0 0 0 0 0 0 0 0 3 0 49531 49524 0 0 152 0 0 33 39752217 10868757 0 0 0 0 0 21173035 5 0 0 
0 0 0 0 0 0 0 0 0 0 0 0 0 0 0 0 0 0 0 0 0 0 0 3 49521 0 0 4 0 0 152 33 0 10868299 22757948 16990313 0 0 0 21175045 0 0 5 0 
0 0 0 0 0 0 0 0 0 0 0 0 0 0 0 0 0 0 0 0 0 0 0 3 0 49531 49524 0 0 152 0 0 33 39752217 10868757 0 0 0 0 0 21173035 5 0 0 
0 0 0 0 0 0 0 0 0 0 0 0 0 0 0 0 0 0 0 0 0 0 0 3 49521 0 0 4 0 0 152 33 0 10868299 22757948 16990313 0 0 0 21175045 0 0 5 0 
0 0 0 0 0 0 0 0 0 0 0 0 0 0 0 0 0 0 0 0 0 0 0 3 0 49531 49524 0 0 152 0 0 33 39752217 10868757 0 0 0 0 0 21173035 5 0 0 
0 0 0 0 0 0 0 0 0 0 0 0 0 0 0 0 0 0 0 0 0 0 0 3 49521 0 0 4 0 0 152 33 0 10868299 22757948 16990313 0 0 0 21175045 0 0 5 0 
0 0 0 0 0 0 0 0 0 0 0 0 0 0 0 0 0 0 0 0 0 0 0 3 0 49531 49524 0 0 152 0 0 33 39752217 10868757 0 0 0 0 0 21173035 5 0 0 
0 0 0 0 0 0 0 0 0 0 0 0 0 0 0 0 0 0 0 0 0 0 0 3 49521 0 0 4 0 0 152 33 0 10868299 22757948 16990313 0 0 0 21175045 0 0 5 0 
0 0 0 0 0 0 0 0 0 0 0 0 0 0 0 0 0 0 0 0 0 0 0 3 0 49531 49524 0 0 152 0 0 33 39752217 10868757 0 0 0 0 0 21173035 5 0 0 
0 0 0 0 0 0 0 0 0 0 0 0 0 0 0 0 0 0 0 0 0 0 0 3 49521 0 0 4 0 0 152 33 0 10868299 22757948 16990313 0 0 0 21175045 0 0 5 0 
0 0 0 0 0 0 0 0 0 0 0 0 0 0 0 0 0 0 0 0 0 0 0 3 0 49531 49524 0 0 152 0 0 33 39752217 10868757 0 0 0 0 0 21173035 5 0 0 
0 0 0 0 0 0 0 0 0 0 0 0 0 0 0 0 0 0 0 0 0 0 0 3 49521 0 0 4 0 0 152 33 0 10868299 22757948 16990313 0 0 0 21175045 0 0 5 0 
0 0 0 0 0 0 0 0 0 0 0 0 0 0 0 0 0 0 0 0 0 0 0 3 0 49531 49524 0 0 152 0 0 33 39752217 10868757 0 0 0 0 0 21173035 5 0 0 
0 0 0 0 0 0 0 0 0 0 0 0 0 0 0 0 0 0 0 0 0 0 0 3 49521 0 0 4 0 0 152 33 0 10868299 22757948 16990313 0 0 0 21175045 0 0 5 0 
