0 0 0 0 0 0 0 0 0 0 0 0 0 0 0 0 0 0 0 0 0 0 0 3 0 24579 24576 0 0 53 0 0 15 13920926 4371429 0 0 0 0 0 7184155 0 0 0 
0 0 0 0 0 0 0 0 0 0 0 0 0 0 0 0 0 0 0 0 0 0 0 3 24582 0 0 1 0 0 53 15 0 4371088 7358039 6561081 0 0 0 7184773 0 0 0 0 
0 0 0 0 0 0 0 0 0 0 0 0 0 0 0 0 0 0 0 0 0 0 0 3 0 24579 24576 0 0 53 0 0 15 13920926 4371429 0 0 0 0 0 7184155 0 0 0 
0 0 0 0 0 0 0 0 0 0 0 0 0 0 0 0 0 0 0 0 0 0 0 3 24582 0 0 1 0 0 53 15 0 4371088 7358039 6561081 0 0 0 7184773 0 0 0 0 
0 0 0 0 0 0 0 0 0 0 0 0 0 0 0 0 0 0 0 0 0 0 0 3 0 24579 24576 0 0 53 0 0 15 13920926 4371429 0 0 0 0 0 7184155 0 0 0 
0 0 0 0 0 0 0 0 0 0 0 0 0 0 0 0 0 0 0 0 0 0 0 3 24582 0 0 1 0 0 53 15 0 4371088 7358039 6561081 0 0 0 7184773 0 0 0 0 
0 0 0 0 0 0 0 0 0 0 0 0 0 0 0 0 0 0 0 0 0 0 0 3 0 24579 24576 0 0 53 0 0 15 13920926 4371429 0 0 0 0 0 7184155 0 0 0 
0 0 0 0 0 0 0 0 0 0 0 0 0 0 0 0 0 0 0 0 0 0 0 3 24582 0 0 1 0 0 53 15 0 4371088 7358039 6561081 0 0 0 7184773 0 0 0 0 
0 0 0 0 0 0 0 0 0 0 0 0 0 0 0 0 0 0 0 0 0 0 0 3 0 24579 24576 0 0 53 0 0 15 13920926 4371429 0 0 0 0 0 7184155 0 0 0 
0 0 0 0 0 0 0 0 0 0 0 0 0 0 0 0 0 0 0 0 0 0 0 3 24582 0 0 1 0 0 53 15 0 4371088 7358039 6561081 0 0 0 7184773 0 0 0 0 
0 0 0 0 0 0 0 0 0 0 0 0 0 0 0 0 0 0 0 0 0 0 0 3 0 24579 24576 0 0 53 0 0 15 13920926 4371429 0 0 0 0 0 7184155 0 0 0 
0 0 0 0 0 0 0 0 0 0 0 0 0 0 0 0 0 0 0 0 0 0 0 3 24582 0 0 1 0 0 53 15 0 4371088 7358039 6561081 0 0 0 7184773 0 0 0 0 
====>
0 0 0 0 0 0 0 0 0 0 0 0 0 0 0 0 0 0 0 0 0 0 0 3 0 24579 24576 0 0 53 0 0 15 13920926 4371429 0 0 0 0 0 7184155 0 0 0 
0 0 0 0 0 0 0 0 0 0 0 0 0 0 0 0 0 0 0 0 0 0 0 3 24582 0 0 1 0 0 53 15 0 4371088 7358039 6561081 0 0 0 7184773 0 0 0 0 
0 0 0 0 0 0 0 0 0 0 0 0 0 0 0 0 0 0 0 0 0 0 0 3 0 24579 24576 0 0 53 0 0 15 13920926 4371429 0 0 0 0 0 7184155 0 0 0 
0 0 0 0 0 0 0 0 0 0 0 0 0 0 0 0 0 0 0 0 0 0 0 3 24582 0 0 1 0 0 53 15 0 4371088 7358039 6561081 0 0 0 7184773 0 0 0 0 
0 0 0 0 0 0 0 0 0 0 0 0 0 0 0 0 0 0 0 0 0 0 0 3 0 24579 24576 0 0 53 0 0 15 13920926 4371429 0 0 0 0 0 7184155 0 0 0 
0 0 0 0 0 0 0 0 0 0 0 0 0 0 0 0 0 0 0 0 0 0 0 3 24582 0 0 1 0 0 53 15 0 4371088 7358039 6561081 0 0 0 7184773 0 0 0 0 
0 0 0 0 0 0 0 0 0 0 0 0 0 0 0 0 0 0 0 0 0 0 0 3 0 24579 24576 0 0 53 0 0 15 13920926 4371429 0 0 0 0 0 7184155 0 0 0 
0 0 0 0 0 0 0 0 0 0 0 0 0 0 0 0 0 0 0 0 0 0 0 3 24582 0 0 1 0 0 53 15 0 4371088 7358039 6561081 0 0 0 7184773 0 0 0 0 
0 0 0 0 0 0 0 0 0 0 0 0 0 0 0 0 0 0 0 0 0 0 0 3 0 24579 24576 0 0 53 0 0 15 13920926 4371429 0 0 0 0 0 7184155 0 0 0 
0 0 0 0 0 0 0 0 0 0 0 0 0 0 0 0 0 0 0 0 0 0 0 3 24582 0 0 1 0 0 53 15 0 4371088 7358039 6561081 0 0 0 7184773 0 0 0 0 
0 0 0 0 0 0 0 0 0 0 0 0 0 0 0 0 0 0 0 0 0 0 0 3 0 24579 24576 0 0 53 0 0 15 13920926 4371429 0 0 0 0 0 7184155 0 0 0 
0 0 0 0 0 0 0 0 0 0 0 0 0 0 0 0 0 0 0 0 0 0 0 3 24582 0 0 1 0 0 53 15 0 4371088 7358039 6561081 0 0 0 7184773 0 0 0 0 
0 0 0 0 0 0 0 0 0 0 0 0 0 0 0 0 0 0 0 0 0 0 0 3 0 24579 24576 0 0 53 0 0 15 13920926 4371429 0 0 0 0 0 7184155 0 0 0 
0 0 0 0 0 0 0 0 0 0 0 0 0 0 0 0 0 0 0 0 0 0 0 3 24582 0 0 1 0 0 53 15 0 4371088 7358039 6561081 0 0 0 7184773 0 0 0 0 
0 0 0 0 0 0 0 0 0 0 0 0 0 0 0 0 0 0 0 0 0 0 0 3 0 24579 24576 0 0 53 0 0 15 13920926 4371429 0 0 0 0 0 7184155 0 0 0 
0 0 0 0 0 0 0 0 0 0 0 0 0 0 0 0 0 0 0 0 0 0 0 3 24582 0 0 1 0 0 53 15 0 4371088 7358039 6561081 0 0 0 7184773 0 0 0 0 
0 0 0 0 0 0 0 0 0 0 0 0 0 0 0 0 0 0 0 0 0 0 0 3 0 24579 24576 0 0 53 0 0 15 13920926 4371429 0 0 0 0 0 7184155 0 0 0 
0 0 0 0 0 0 0 0 0 0 0 0 0 0 0 0 0 0 0 0 0 0 0 3 24582 0 0 1 0 0 53 15 0 4371088 7358039 6561081 0 0 0 7184773 0 0 0 0 
0 0 0 0 0 0 0 0 0 0 0 0 0 0 0 0 0 0 0 0 0 0 0 3 0 24579 24576 0 0 53 0 0 15 13920926 4371429 0 0 0 0 0 7184155 0 0 0 
0 0 0 0 0 0 0 0 0 0 0 0 0 0 0 0 0 0 0 0 0 0 0 3 24582 0 0 1 0 0 53 15 0 4371088 7358039 6561081 0 0 0 7184773 0 0 0 0 
0 0 0 0 0 0 0 0 0 0 0 0 0 0 0 0 0 0 0 0 0 0 0 3 0 24579 24576 0 0 53 0 0 15 13920926 4371429 0 0 0 0 0 7184155 0 0 0 
0 0 0 0 0 0 0 0 0 0 0 0 0 0 0 0 0 0 0 0 0 0 0 3 24582 0 0 1 0 0 53 15 0 4371088 7358039 6561081 0 0 0 7184773 0 0 0 0 
0 0 0 0 0 0 0 0 0 0 0 0 0 0 0 0 0 0 0 0 0 0 0 3 0 24579 24576 0 0 53 0 0 15 13920926 4371429 0 0 0 0 0 7184155 0 0 0 
0 0 0 0 0 0 0 0 0 0 0 0 0 0 0 0 0 0 0 0 0 0 0 3 24582 0 0 1 0 0 53 15 0 4371088 7358039 6561081 0 0 0 7184773 0 0 0 0 
0 0 0 0 0 0 0 0 0 0 0 0 0 0 0 0 0 0 0 0 0 0 0 3 0 24579 24576 0 0 53 0 0 15 13920926 4371429 0 0 0 0 0 7184155 0 0 0 
0 0 0 0 0 0 0 0 0 0 0 0 0 0 0 0 0 0 0 0 0 0 0 3 24582 0 0 1 0 0 53 15 0 4371088 7358039 6561081 0 0 0 7184773 0 0 0 0 
0 0 0 0 0 0 0 0 0 0 0 0 0 0 0 0 0 0 0 0 0 0 0 3 0 24579 24576 0 0 53 0 0 15 13920926 4371429 0 0 0 0 0 7184155 0 0 0 
0 0 0 0 0 0 0 0 0 0 0 0 0 0 0 0 0 0 0 0 0 0 0 3 24582 0 0 1 0 0 53 15 0 4371088 7358039 6561081 0 0 0 7184773 0 0 0 0 
0 0 0 0 0 0 0 0 0 0 0 0 0 0 0 0 0 0 0 0 0 0 0 3 0 24579 24576 0 0 53 0 0 15 13920926 4371429 0 0 0 0 0 7184155 0 0 0 
0 0 0 0 0 0 0 0 0 0 0 0 0 0 0 0 0 0 0 0 0 0 0 3 24582 0 0 1 0 0 53 15 0 4371088 7358039 6561081 0 0 0 7184773 0 0 0 0 
0 0 0 0 0 0 0 0 0 0 0 0 0 0 0 0 0 0 0 0 0 0 0 3 0 24579 24576 0 0 53 0 0 15 13920926 4371429 0 0 0 0 0 7184155 0 0 0 
0 0 0 0 0 0 0 0 0 0 0 0 0 0 0 0 0 0 0 0 0 0 0 3 24582 0 0 1 0 0 53 15 0 4371088 7358039 6561081 0 0 0 7184773 0 0 0 0 
0 0 0 0 0 0 0 0 0 0 0 0 0 0 0 0 0 0 0 0 0 0 0 3 0 24579 24576 0 0 53 0 0 15 13920926 4371429 0 0 0 0 0 7184155 0 0 0 
0 0 0 0 0 0 0 0 0 0 0 0 0 0 0 0 0 0 0 0 0 0 0 3 24582 0 0 1 0 0 53 15 0 4371088 7358039 6561081 0 0 0 7184773 0 0 0 0 
0 0 0 0 0 0 0 0 0 0 0 0 0 0 0 0 0 0 0 0 0 0 0 3 0 24579 24576 0 0 53 0 0 15 13920926 4371429 0 0 0 0 0 7184155 0 0 0 
0 0 0 0 0 0 0 0 0 0 0 0 0 0 0 0 0 0 0 0 0 0 0 3 24582 0 0 1 0 0 53 15 0 4371088 7358039 6561081 0 0 0 7184773 0 0 0 0 
0 0 0 0 0 0 0 0 0 0 0 0 0 0 0 0 0 0 0 0 0 0 0 3 0 24579 24576 0 0 53 0 0 15 13920926 4371429 0 0 0 0 0 7184155 0 0 0 
0 0 0 0 0 0 0 0 0 0 0 0 0 0 0 0 0 0 0 0 0 0 0 3 24582 0 0 1 0 0 53 15 0 4371088 7358039 6561081 0 0 0 7184773 0 0 0 0 
0 0 0 0 0 0 0 0 0 0 0 0 0 0 0 0 0 0 0 0 0 0 0 3 0 24579 24576 0 0 53 0 0 15 13920926 4371429 0 0 0 0 0 7184155 0 0 0 
0 0 0 0 0 0 0 0 0 0 0 0 0 0 0 0 0 0 0 0 0 0 0 3 24582 0 0 1 0 0 53 15 0 4371088 7358039 6561081 0 0 0 7184773 0 0 0 0 
0 0 0 0 0 0 0 0 0 0 0 0 0 0 0 0 0 0 0 0 0 0 0 3 0 24579 24576 0 0 53 0 0 15 13920926 4371429 0 0 0 0 0 7184155 0 0 0 
0 0 0 0 0 0 0 0 0 0 0 0 0 0 0 0 0 0 0 0 0 0 0 3 24582 0 0 1 0 0 53 15 0 4371088 7358039 6561081 0 0 0 7184773 0 0 0 0 
0 0 0 0 0 0 0 0 0 0 0 0 0 0 0 0 0 0 0 0 0 0 0 3 0 24579 24576 0 0 53 0 0 15 13920926 4371429 0 0 0 0 0 7184155 0 0 0 
0 0 0 0 0 0 0 0 0 0 0 0 0 0 0 0 0 0 0 0 0 0 0 3 24582 0 0 1 0 0 53 15 0 4371088 7358039 6561081 0 0 0 7184773 0 0 0 0 
0 0 0 0 0 0 0 0 0 0 0 0 0 0 0 0 0 0 0 0 0 0 0 3 0 24579 24576 0 0 53 0 0 15 13920926 4371429 0 0 0 0 0 7184155 0 0 0 
0 0 0 0 0 0 0 0 0 0 0 0 0 0 0 0 0 0 0 0 0 0 0 3 24582 0 0 1 0 0 53 15 0 4371088 7358039 6561081 0 0 0 7184773 0 0 0 0 
0 0 0 0 0 0 0 0 0 0 0 0 0 0 0 0 0 0 0 0 0 0 0 3 0 24579 24576 0 0 53 0 0 15 13920926 4371429 0 0 0 0 0 7184155 0 0 0 
0 0 0 0 0 0 0 0 0 0 0 0 0 0 0 0 0 0 0 0 0 0 0 3 24582 0 0 1 0 0 53 15 0 4371088 7358039 6561081 0 0 0 7184773 0 0 0 0 
0 0 0 0 0 0 0 0 0 0 0 0 0 0 0 0 0 0 0 0 0 0 0 3 0 24579 24576 0 0 53 0 0 15 13920926 4371429 0 0 0 0 0 7184155 0 0 0 
0 0 0 0 0 0 0 0 0 0 0 0 0 0 0 0 0 0 0 0 0 0 0 3 24582 0 0 1 0 0 53 15 0 4371088 7358039 6561081 0 0 0 7184773 0 0 0 0 
0 0 0 0 0 0 0 0 0 0 0 0 0 0 0 0 0 0 0 0 0 0 0 3 0 24579 24576 0 0 53 0 0 15 13920926 4371429 0 0 0 0 0 7184155 0 0 0 
0 0 0 0 0 0 0 0 0 0 0 0 0 0 0 0 0 0 0 0 0 0 0 3 24582 0 0 1 0 0 53 15 0 4371088 7358039 6561081 0 0 0 7184773 0 0 0 0 
0 0 0 0 0 0 0 0 0 0 0 0 0 0 0 0 0 0 0 0 0 0 0 3 0 24579 24576 0 0 53 0 0 15 13920926 4371429 0 0 0 0 0 7184155 0 0 0 
0 0 0 0 0 0 0 0 0 0 0 0 0 0 0 0 0 0 0 0 0 0 0 3 24582 0 0 1 0 0 53 15 0 4371088 7358039 6561081 0 0 0 7184773 0 0 0 0 
0 0 0 0 0 0 0 0 0 0 0 0 0 0 0 0 0 0 0 0 0 0 0 3 0 24579 24576 0 0 53 0 0 15 13920926 4371429 0 0 0 0 0 7184155 0 0 0 
0 0 0 0 0 0 0 0 0 0 0 0 0 0 0 0 0 0 0 0 0 0 0 3 24582 0 0 1 0 0 53 15 0 4371088 7358039 6561081 0 0 0 7184773 0 0 0 0 
0 0 0 0 0 0 0 0 0 0 0 0 0 0 0 0 0 0 0 0 0 0 0 3 0 24579 24576 0 0 53 0 0 15 13920926 4371429 0 0 0 0 0 7184155 0 0 0 
0 0 0 0 0 0 0 0 0 0 0 0 0 0 0 0 0 0 0 0 0 0 0 3 24582 0 0 1 0 0 53 15 0 4371088 7358039 6561081 0 0 0 7184773 0 0 0 0 
0 0 0 0 0 0 0 0 0 0 0 0 0 0 0 0 0 0 0 0 0 0 0 3 0 24579 24576 0 0 53 0 0 15 13920926 4371429 0 0 0 0 0 7184155 0 0 0 
0 0 0 0 0 0 0 0 0 0 0 0 0 0 0 0 0 0 0 0 0 0 0 3 24582 0 0 1 0 0 53 15 0 4371088 7358039 6561081 0 0 0 7184773 0 0 0 0 
0 0 0 0 0 0 0 0 0 0 0 0 0 0 0 0 0 0 0 0 0 0 0 3 0 24579 24576 0 0 53 0 0 15 13920926 4371429 0 0 0 0 0 7184155 0 0 0 
0 0 0 0 0 0 0 0 0 0 0 0 0 0 0 0 0 0 0 0 0 0 0 3 24582 0 0 1 0 0 53 15 0 4371088 7358039 6561081 0 0 0 7184773 0 0 0 0 
0 0 0 0 0 0 0 0 0 0 0 0 0 0 0 0 0 0 0 0 0 0 0 3 0 24579 24576 0 0 53 0 0 15 13920926 4371429 0 0 0 0 0 7184155 0 0 0 
0 0 0 0 0 0 0 0 0 0 0 0 0 0 0 0 0 0 0 0 0 0 0 3 24582 0 0 1 0 0 53 15 0 4371088 7358039 6561081 0 0 0 7184773 0 0 0 0 
0 0 0 0 0 0 0 0 0 0 0 0 0 0 0 0 0 0 0 0 0 0 0 3 0 24579 24576 0 0 53 0 0 15 13920926 4371429 0 0 0 0 0 7184155 0 0 0 
0 0 0 0 0 0 0 0 0 0 0 0 0 0 0 0 0 0 0 0 0 0 0 3 24582 0 0 1 0 0 53 15 0 4371088 7358039 6561081 0 0 0 7184773 0 0 0 0 
0 0 0 0 0 0 0 0 0 0 0 0 0 0 0 0 0 0 0 0 0 0 0 3 0 24579 24576 0 0 53 0 0 15 13920926 4371429 0 0 0 0 0 7184155 0 0 0 
0 0 0 0 0 0 0 0 0 0 0 0 0 0 0 0 0 0 0 0 0 0 0 3 24582 0 0 1 0 0 53 15 0 4371088 7358039 6561081 0 0 0 7184773 0 0 0 0 
0 0 0 0 0 0 0 0 0 0 0 0 0 0 0 0 0 0 0 0 0 0 0 3 0 24579 24576 0 0 53 0 0 15 13920926 4371429 0 0 0 0 0 7184155 0 0 0 
0 0 0 0 0 0 0 0 0 0 0 0 0 0 0 0 0 0 0 0 0 0 0 3 24582 0 0 1 0 0 53 15 0 4371088 7358039 6561081 0 0 0 7184773 0 0 0 0 
0 0 0 0 0 0 0 0 0 0 0 0 0 0 0 0 0 0 0 0 0 0 0 3 0 24579 24576 0 0 53 0 0 15 13920926 4371429 0 0 0 0 0 7184155 0 0 0 
0 0 0 0 0 0 0 0 0 0 0 0 0 0 0 0 0 0 0 0 0 0 0 3 24582 0 0 1 0 0 53 15 0 4371088 7358039 6561081 0 0 0 7184773 0 0 0 0 
0 0 0 0 0 0 0 0 0 0 0 0 0 0 0 0 0 0 0 0 0 0 0 3 0 24579 24576 0 0 53 0 0 15 13920926 4371429 0 0 0 0 0 7184155 0 0 0 
0 0 0 0 0 0 0 0 0 0 0 0 0 0 0 0 0 0 0 0 0 0 0 3 24582 0 0 1 0 0 53 15 0 4371088 7358039 6561081 0 0 0 7184773 0 0 0 0 
0 0 0 0 0 0 0 0 0 0 0 0 0 0 0 0 0 0 0 0 0 0 0 3 0 24579 24576 0 0 53 0 0 15 13920926 4371429 0 0 0 0 0 7184155 0 0 0 
0 0 0 0 0 0 0 0 0 0 0 0 0 0 0 0 0 0 0 0 0 0 0 3 24582 0 0 1 0 0 53 15 0 4371088 7358039 6561081 0 0 0 7184773 0 0 0 0 
0 0 0 0 0 0 0 0 0 0 0 0 0 0 0 0 0 0 0 0 0 0 0 3 0 24579 24576 0 0 53 0 0 15 13920926 4371429 0 0 0 0 0 7184155 0 0 0 
0 0 0 0 0 0 0 0 0 0 0 0 0 0 0 0 0 0 0 0 0 0 0 3 24582 0 0 1 0 0 53 15 0 4371088 7358039 6561081 0 0 0 7184773 0 0 0 0 
0 0 0 0 0 0 0 0 0 0 0 0 0 0 0 0 0 0 0 0 0 0 0 3 0 24579 24576 0 0 53 0 0 15 13920926 4371429 0 0 0 0 0 7184155 0 0 0 
0 0 0 0 0 0 0 0 0 0 0 0 0 0 0 0 0 0 0 0 0 0 0 3 24582 0 0 1 0 0 53 15 0 4371088 7358039 6561081 0 0 0 7184773 0 0 0 0 
0 0 0 0 0 0 0 0 0 0 0 0 0 0 0 0 0 0 0 0 0 0 0 3 0 24579 24576 0 0 53 0 0 15 13920926 4371429 0 0 0 0 0 7184155 0 0 0 
0 0 0 0 0 0 0 0 0 0 0 0 0 0 0 0 0 0 0 0 0 0 0 3 24582 0 0 1 0 0 53 15 0 4371088 7358039 6561081 0 0 0 7184773 0 0 0 0 
0 0 0 0 0 0 0 0 0 0 0 0 0 0 0 0 0 0 0 0 0 0 0 3 0 24579 24576 0 0 53 0 0 15 13920926 4371429 0 0 0 0 0 7184155 0 0 0 
0 0 0 0 0 0 0 0 0 0 0 0 0 0 0 0 0 0 0 0 0 0 0 3 24582 0 0 1 0 0 53 15 0 4371088 7358039 6561081 0 0 0 7184773 0 0 0 0 
0 0 0 0 0 0 0 0 0 0 0 0 0 0 0 0 0 0 0 0 0 0 0 3 0 24579 24576 0 0 53 0 0 15 13920926 4371429 0 0 0 0 0 7184155 0 0 0 
0 0 0 0 0 0 0 0 0 0 0 0 0 0 0 0 0 0 0 0 0 0 0 3 24582 0 0 1 0 0 53 15 0 4371088 7358039 6561081 0 0 0 7184773 0 0 0 0 
0 0 0 0 0 0 0 0 0 0 0 0 0 0 0 0 0 0 0 0 0 0 0 3 0 24579 24576 0 0 53 0 0 15 13920926 4371429 0 0 0 0 0 7184155 0 0 0 
0 0 0 0 0 0 0 0 0 0 0 0 0 0 0 0 0 0 0 0 0 0 0 3 24582 0 0 1 0 0 53 15 0 4371088 7358039 6561081 0 0 0 7184773 0 0 0 0 
0 0 0 0 0 0 0 0 0 0 0 0 0 0 0 0 0 0 0 0 0 0 0 3 0 24579 24576 0 0 53 0 0 15 13920926 4371429 0 0 0 0 0 7184155 0 0 0 
0 0 0 0 0 0 0 0 0 0 0 0 0 0 0 0 0 0 0 0 0 0 0 3 24582 0 0 1 0 0 53 15 0 4371088 7358039 6561081 0 0 0 7184773 0 0 0 0 
0 0 0 0 0 0 0 0 0 0 0 0 0 0 0 0 0 0 0 0 0 0 0 3 0 24579 24576 0 0 53 0 0 15 13920926 4371429 0 0 0 0 0 7184155 0 0 0 
0 0 0 0 0 0 0 0 0 0 0 0 0 0 0 0 0 0 0 0 0 0 0 3 24582 0 0 1 0 0 53 15 0 4371088 7358039 6561081 0 0 0 7184773 0 0 0 0 
0 0 0 0 0 0 0 0 0 0 0 0 0 0 0 0 0 0 0 0 0 0 0 3 0 24579 24576 0 0 53 0 0 15 13920926 4371429 0 0 0 0 0 7184155 0 0 0 
0 0 0 0 0 0 0 0 0 0 0 0 0 0 0 0 0 0 0 0 0 0 0 3 24582 0 0 1 0 0 53 15 0 4371088 7358039 6561081 0 0 0 7184773 0 0 0 0 
0 0 0 0 0 0 0 0 0 0 0 0 0 0 0 0 0 0 0 0 0 0 0 3 0 24579 24576 0 0 53 0 0 15 13920926 4371429 0 0 0 0 0 7184155 0 0 0 
0 0 0 0 0 0 0 0 0 0 0 0 0 0 0 0 0 0 0 0 0 0 0 3 24582 0 0 1 0 0 53 15 0 4371088 7358039 6561081 0 0 0 7184773 0 0 0 0 
0 0 0 0 0 0 0 0 0 0 0 0 0 0 0 0 0 0 0 0 0 0 0 3 0 24579 24576 0 0 53 0 0 15 13920926 4371429 0 0 0 0 0 7184155 0 0 0 
0 0 0 0 0 0 0 0 0 0 0 0 0 0 0 0 0 0 0 0 0 0 0 3 24582 0 0 1 0 0 53 15 0 4371088 7358039 6561081 0 0 0 7184773 0 0 0 0 
0 0 0 0 0 0 0 0 0 0 0 0 0 0 0 0 0 0 0 0 0 0 0 3 0 24579 24576 0 0 53 0 0 15 13920926 4371429 0 0 0 0 0 7184155 0 0 0 
0 0 0 0 0 0 0 0 0 0 0 0 0 0 0 0 0 0 0 0 0 0 0 3 24582 0 0 1 0 0 53 15 0 4371088 7358039 6561081 0 0 0 7184773 0 0 0 0 
0 0 0 0 0 0 0 0 0 0 0 0 0 0 0 0 0 0 0 0 0 0 0 3 0 24579 24576 0 0 53 0 0 15 13920926 4371429 0 0 0 0 0 7184155 0 0 0 
0 0 0 0 0 0 0 0 0 0 0 0 0 0 0 0 0 0 0 0 0 0 0 3 24582 0 0 1 0 0 53 15 0 4371088 7358039 6561081 0 0 0 7184773 0 0 0 0 
0 0 0 0 0 0 0 0 0 0 0 0 0 0 0 0 0 0 0 0 0 0 0 3 0 24579 24576 0 0 53 0 0 15 13920926 4371429 0 0 0 0 0 7184155 0 0 0 
0 0 0 0 0 0 0 0 0 0 0 0 0 0 0 0 0 0 0 0 0 0 0 3 24582 0 0 1 0 0 53 15 0 4371088 7358039 6561081 0 0 0 7184773 0 0 0 0 
0 0 0 0 0 0 0 0 0 0 0 0 0 0 0 0 0 0 0 0 0 0 0 3 0 24579 24576 0 0 53 0 0 15 13920926 4371429 0 0 0 0 0 7184155 0 0 0 
0 0 0 0 0 0 0 0 0 0 0 0 0 0 0 0 0 0 0 0 0 0 0 3 24582 0 0 1 0 0 53 15 0 4371088 7358039 6561081 0 0 0 7184773 0 0 0 0 
0 0 0 0 0 0 0 0 0 0 0 0 0 0 0 0 0 0 0 0 0 0 0 3 0 24579 24576 0 0 53 0 0 15 13920926 4371429 0 0 0 0 0 7184155 0 0 0 
0 0 0 0 0 0 0 0 0 0 0 0 0 0 0 0 0 0 0 0 0 0 0 3 24582 0 0 1 0 0 53 15 0 4371088 7358039 6561081 0 0 0 7184773 0 0 0 0 
0 0 0 0 0 0 0 0 0 0 0 0 0 0 0 0 0 0 0 0 0 0 0 3 0 24579 24576 0 0 53 0 0 15 13920926 4371429 0 0 0 0 0 7184155 0 0 0 
0 0 0 0 0 0 0 0 0 0 0 0 0 0 0 0 0 0 0 0 0 0 0 3 24582 0 0 1 0 0 53 15 0 4371088 7358039 6561081 0 0 0 7184773 0 0 0 0 
0 0 0 0 0 0 0 0 0 0 0 0 0 0 0 0 0 0 0 0 0 0 0 3 0 24579 24576 0 0 53 0 0 15 13920926 4371429 0 0 0 0 0 7184155 0 0 0 
0 0 0 0 0 0 0 0 0 0 0 0 0 0 0 0 0 0 0 0 0 0 0 3 24582 0 0 1 0 0 53 15 0 4371088 7358039 6561081 0 0 0 7184773 0 0 0 0 
0 0 0 0 0 0 0 0 0 0 0 0 0 0 0 0 0 0 0 0 0 0 0 3 0 24579 24576 0 0 53 0 0 15 13920926 4371429 0 0 0 0 0 7184155 0 0 0 
0 0 0 0 0 0 0 0 0 0 0 0 0 0 0 0 0 0 0 0 0 0 0 3 24582 0 0 1 0 0 53 15 0 4371088 7358039 6561081 0 0 0 7184773 0 0 0 0 
0 0 0 0 0 0 0 0 0 0 0 0 0 0 0 0 0 0 0 0 0 0 0 3 0 24579 24576 0 0 53 0 0 15 13920926 4371429 0 0 0 0 0 7184155 0 0 0 
0 0 0 0 0 0 0 0 0 0 0 0 0 0 0 0 0 0 0 0 0 0 0 3 24582 0 0 1 0 0 53 15 0 4371088 7358039 6561081 0 0 0 7184773 0 0 0 0 
0 0 0 0 0 0 0 0 0 0 0 0 0 0 0 0 0 0 0 0 0 0 0 3 0 24579 24576 0 0 53 0 0 15 13920926 4371429 0 0 0 0 0 7184155 0 0 0 
0 0 0 0 0 0 0 0 0 0 0 0 0 0 0 0 0 0 0 0 0 0 0 3 24582 0 0 1 0 0 53 15 0 4371088 7358039 6561081 0 0 0 7184773 0 0 0 0 
0 0 0 0 0 0 0 0 0 0 0 0 0 0 0 0 0 0 0 0 0 0 0 3 0 24579 24576 0 0 53 0 0 15 13920926 4371429 0 0 0 0 0 7184155 0 0 0 
0 0 0 0 0 0 0 0 0 0 0 0 0 0 0 0 0 0 0 0 0 0 0 3 24582 0 0 1 0 0 53 15 0 4371088 7358039 6561081 0 0 0 7184773 0 0 0 0 
0 0 0 0 0 0 0 0 0 0 0 0 0 0 0 0 0 0 0 0 0 0 0 3 0 24579 24576 0 0 53 0 0 15 13920926 4371429 0 0 0 0 0 7184155 0 0 0 
0 0 0 0 0 0 0 0 0 0 0 0 0 0 0 0 0 0 0 0 0 0 0 3 24582 0 0 1 0 0 53 15 0 4371088 7358039 6561081 0 0 0 7184773 0 0 0 0 
0 0 0 0 0 0 0 0 0 0 0 0 0 0 0 0 0 0 0 0 0 0 0 3 0 24579 24576 0 0 53 0 0 15 13920926 4371429 0 0 0 0 0 7184155 0 0 0 
0 0 0 0 0 0 0 0 0 0 0 0 0 0 0 0 0 0 0 0 0 0 0 3 24582 0 0 1 0 0 53 15 0 4371088 7358039 6561081 0 0 0 7184773 0 0 0 0 
0 0 0 0 0 0 0 0 0 0 0 0 0 0 0 0 0 0 0 0 0 0 0 3 0 24579 24576 0 0 53 0 0 15 13920926 4371429 0 0 0 0 0 7184155 0 0 0 
0 0 0 0 0 0 0 0 0 0 0 0 0 0 0 0 0 0 0 0 0 0 0 3 24582 0 0 1 0 0 53 15 0 4371088 7358039 6561081 0 0 0 7184773 0 0 0 0 
0 0 0 0 0 0 0 0 0 0 0 0 0 0 0 0 0 0 0 0 0 0 0 3 0 24579 24576 0 0 53 0 0 15 13920926 4371429 0 0 0 0 0 7184155 0 0 0 
0 0 0 0 0 0 0 0 0 0 0 0 0 0 0 0 0 0 0 0 0 0 0 3 24582 0 0 1 0 0 53 15 0 4371088 7358039 6561081 0 0 0 7184773 0 0 0 0 
0 0 0 0 0 0 0 0 0 0 0 0 0 0 0 0 0 0 0 0 0 0 0 3 0 24579 24576 0 0 53 0 0 15 13920926 4371429 0 0 0 0 0 7184155 0 0 0 
0 0 0 0 0 0 0 0 0 0 0 0 0 0 0 0 0 0 0 0 0 0 0 3 24582 0 0 1 0 0 53 15 0 4371088 7358039 6561081 0 0 0 7184773 0 0 0 0 
0 0 0 0 0 0 0 0 0 0 0 0 0 0 0 0 0 0 0 0 0 0 0 3 0 24579 24576 0 0 53 0 0 15 13920926 4371429 0 0 0 0 0 7184155 0 0 0 
0 0 0 0 0 0 0 0 0 0 0 0 0 0 0 0 0 0 0 0 0 0 0 3 24582 0 0 1 0 0 53 15 0 4371088 7358039 6561081 0 0 0 7184773 0 0 0 0 
0 0 0 0 0 0 0 0 0 0 0 0 0 0 0 0 0 0 0 0 0 0 0 3 0 24579 24576 0 0 53 0 0 15 13920926 4371429 0 0 0 0 0 7184155 0 0 0 
0 0 0 0 0 0 0 0 0 0 0 0 0 0 0 0 0 0 0 0 0 0 0 3 24582 0 0 1 0 0 53 15 0 4371088 7358039 6561081 0 0 0 7184773 0 0 0 0 
0 0 0 0 0 0 0 0 0 0 0 0 0 0 0 0 0 0 0 0 0 0 0 3 0 24579 24576 0 0 53 0 0 15 13920926 4371429 0 0 0 0 0 7184155 0 0 0 
0 0 0 0 0 0 0 0 0 0 0 0 0 0 0 0 0 0 0 0 0 0 0 3 24582 0 0 1 0 0 53 15 0 4371088 7358039 6561081 0 0 0 7184773 0 0 0 0 
0 0 0 0 0 0 0 0 0 0 0 0 0 0 0 0 0 0 0 0 0 0 0 3 0 24579 24576 0 0 53 0 0 15 13920926 4371429 0 0 0 0 0 7184155 0 0 0 
0 0 0 0 0 0 0 0 0 0 0 0 0 0 0 0 0 0 0 0 0 0 0 3 24582 0 0 1 0 0 53 15 0 4371088 7358039 6561081 0 0 0 7184773 0 0 0 0 
0 0 0 0 0 0 0 0 0 0 0 0 0 0 0 0 0 0 0 0 0 0 0 3 0 24579 24576 0 0 53 0 0 15 13920926 4371429 0 0 0 0 0 7184155 0 0 0 
0 0 0 0 0 0 0 0 0 0 0 0 0 0 0 0 0 0 0 0 0 0 0 3 24582 0 0 1 0 0 53 15 0 4371088 7358039 6561081 0 0 0 7184773 0 0 0 0 
0 0 0 0 0 0 0 0 0 0 0 0 0 0 0 0 0 0 0 0 0 0 0 3 0 24579 24576 0 0 53 0 0 15 13920926 4371429 0 0 0 0 0 7184155 0 0 0 
0 0 0 0 0 0 0 0 0 0 0 0 0 0 0 0 0 0 0 0 0 0 0 3 24582 0 0 1 0 0 53 15 0 4371088 7358039 6561081 0 0 0 7184773 0 0 0 0 
0 0 0 0 0 0 0 0 0 0 0 0 0 0 0 0 0 0 0 0 0 0 0 3 0 24579 24576 0 0 53 0 0 15 13920926 4371429 0 0 0 0 0 7184155 0 0 0 
0 0 0 0 0 0 0 0 0 0 0 0 0 0 0 0 0 0 0 0 0 0 0 3 24582 0 0 1 0 0 53 15 0 4371088 7358039 6561081 0 0 0 7184773 0 0 0 0 
0 0 0 0 0 0 0 0 0 0 0 0 0 0 0 0 0 0 0 0 0 0 0 3 0 24579 24576 0 0 53 0 0 15 13920926 4371429 0 0 0 0 0 7184155 0 0 0 
0 0 0 0 0 0 0 0 0 0 0 0 0 0 0 0 0 0 0 0 0 0 0 3 24582 0 0 1 0 0 53 15 0 4371088 7358039 6561081 0 0 0 7184773 0 0 0 0 
0 0 0 0 0 0 0 0 0 0 0 0 0 0 0 0 0 0 0 0 0 0 0 3 0 24579 24576 0 0 53 0 0 15 13920926 4371429 0 0 0 0 0 7184155 0 0 0 
0 0 0 0 0 0 0 0 0 0 0 0 0 0 0 0 0 0 0 0 0 0 0 3 24582 0 0 1 0 0 53 15 0 4371088 7358039 6561081 0 0 0 7184773 0 0 0 0 
0 0 0 0 0 0 0 0 0 0 0 0 0 0 0 0 0 0 0 0 0 0 0 3 0 24579 24576 0 0 53 0 0 15 13920926 4371429 0 0 0 0 0 7184155 0 0 0 
0 0 0 0 0 0 0 0 0 0 0 0 0 0 0 0 0 0 0 0 0 0 0 3 24582 0 0 1 0 0 53 15 0 4371088 7358039 6561081 0 0 0 7184773 0 0 0 0 
<====
0 0 0 0 0 0 0 0 0 0 0 0 0 0 0 0 0 0 0 0 0 0 0 3 0 24579 24576 0 0 53 0 0 15 13920926 4371429 0 0 0 0 0 7184155 0 0 0 
0 0 0 0 0 0 0 0 0 0 0 0 0 0 0 0 0 0 0 0 0 0 0 3 24582 0 0 1 0 0 53 15 0 4371088 7358039 6561081 0 0 0 7184773 0 0 0 0 
0 0 0 0 0 0 0 0 0 0 0 0 0 0 0 0 0 0 0 0 0 0 0 3 0 24579 24576 0 0 53 0 0 15 13920926 4371429 0 0 0 0 0 7184155 0 0 0 
0 0 0 0 0 0 0 0 0 0 0 0 0 0 0 0 0 0 0 0 0 0 0 3 24582 0 0 1 0 0 53 15 0 4371088 7358039 6561081 0 0 0 7184773 0 0 0 0 
0 0 0 0 0 0 0 0 0 0 0 0 0 0 0 0 0 0 0 0 0 0 0 3 0 24579 24576 0 0 53 0 0 15 13920926 4371429 0 0 0 0 0 7184155 0 0 0 
0 0 0 0 0 0 0 0 0 0 0 0 0 0 0 0 0 0 0 0 0 0 0 3 24582 0 0 1 0 0 53 15 0 4371088 7358039 6561081 0 0 0 7184773 0 0 0 0 
0 0 0 0 0 0 0 0 0 0 0 0 0 0 0 0 0 0 0 0 0 0 0 3 0 24579 24576 0 0 53 0 0 15 13920926 4371429 0 0 0 0 0 7184155 0 0 0 
0 0 0 0 0 0 0 0 0 0 0 0 0 0 0 0 0 0 0 0 0 0 0 3 24582 0 0 1 0 0 53 15 0 4371088 7358039 6561081 0 0 0 7184773 0 0 0 0 
0 0 0 0 0 0 0 0 0 0 0 0 0 0 0 0 0 0 0 0 0 0 0 3 0 24579 24576 0 0 53 0 0 15 13920926 4371429 0 0 0 0 0 7184155 0 0 0 
0 0 0 0 0 0 0 0 0 0 0 0 0 0 0 0 0 0 0 0 0 0 0 3 24582 0 0 1 0 0 53 15 0 4371088 7358039 6561081 0 0 0 7184773 0 0 0 0 
0 0 0 0 0 0 0 0 0 0 0 0 0 0 0 0 0 0 0 0 0 0 0 3 0 24579 24576 0 0 53 0 0 15 13920926 4371429 0 0 0 0 0 7184155 0 0 0 
0 0 0 0 0 0 0 0 0 0 0 0 0 0 0 0 0 0 0 0 0 0 0 3 24582 0 0 1 0 0 53 15 0 4371088 7358039 6561081 0 0 0 7184773 0 0 0 0 
0 0 0 0 0 0 0 0 0 0 0 0 0 0 0 0 0 0 0 0 0 0 0 3 0 24579 24576 0 0 53 0 0 15 13920926 4371429 0 0 0 0 0 7184155 0 0 0 
0 0 0 0 0 0 0 0 0 0 0 0 0 0 0 0 0 0 0 0 0 0 0 3 24582 0 0 1 0 0 53 15 0 4371088 7358039 6561081 0 0 0 7184773 0 0 0 0 
0 0 0 0 0 0 0 0 0 0 0 0 0 0 0 0 0 0 0 0 0 0 0 3 0 24579 24576 0 0 53 0 0 15 13920926 4371429 0 0 0 0 0 7184155 0 0 0 
0 0 0 0 0 0 0 0 0 0 0 0 0 0 0 0 0 0 0 0 0 0 0 3 24582 0 0 1 0 0 53 15 0 4371088 7358039 6561081 0 0 0 7184773 0 0 0 0 
0 0 0 0 0 0 0 0 0 0 0 0 0 0 0 0 0 0 0 0 0 0 0 3 0 24579 24576 0 0 53 0 0 15 13920926 4371429 0 0 0 0 0 7184155 0 0 0 
0 0 0 0 0 0 0 0 0 0 0 0 0 0 0 0 0 0 0 0 0 0 0 3 24582 0 0 1 0 0 53 15 0 4371088 7358039 6561081 0 0 0 7184773 0 0 0 0 
0 0 0 0 0 0 0 0 0 0 0 0 0 0 0 0 0 0 0 0 0 0 0 3 0 24579 24576 0 0 53 0 0 15 13920926 4371429 0 0 0 0 0 7184155 0 0 0 
0 0 0 0 0 0 0 0 0 0 0 0 0 0 0 0 0 0 0 0 0 0 0 3 24582 0 0 1 0 0 53 15 0 4371088 7358039 6561081 0 0 0 7184773 0 0 0 0 
0 0 0 0 0 0 0 0 0 0 0 0 0 0 0 0 0 0 0 0 0 0 0 3 0 24579 24576 0 0 53 0 0 15 13920926 4371429 0 0 0 0 0 7184155 0 0 0 
0 0 0 0 0 0 0 0 0 0 0 0 0 0 0 0 0 0 0 0 0 0 0 3 24582 0 0 1 0 0 53 15 0 4371088 7358039 6561081 0 0 0 7184773 0 0 0 0 
