9.830759
9.823150
9.826897
9.822923
9.877410
9.817108
9.831163
9.825389
9.830764
9.813797
9.822324
9.832145
9.815272
9.817423
9.822991
9.822974
9.835924
9.839840
9.830312
9.820225
9.824193
9.818274
9.825194
9.832002
9.823205
9.828350
9.817134
9.819604
9.828183
9.826984
9.827242
9.821226
9.822244
9.834191
9.812790
9.825436
9.823330
9.826183
9.818183
9.831086
9.828367
9.832426
9.819314
9.809548
9.818481
9.831162
9.829064
9.830924
9.821094
9.827806
9.827283
9.821980
9.833586
9.818696
9.829737
9.858185
9.827641
9.831166
9.833228
9.851270
9.826267
9.823541
9.822605
9.825082
9.821971
9.819429
9.830637
9.824866
9.816031
9.835674
9.831641
9.825866
9.816254
9.823414
9.821982
9.825352
9.816774
9.823357
9.821145
9.829610
9.815095
9.821345
9.826315
9.824797
9.825695
9.822411
9.830593
9.832078
9.833076
9.822976
9.817384
9.821756
9.835978
9.853204
9.821130
9.812403
9.823510
9.824861
9.835056
9.818681
