1.230034
1.232056
1.235114
1.235665
1.235959
1.235585
1.247839
1.235276
1.232355
1.234252
1.234968
1.241275
1.234176
1.242873
1.236206
1.234703
1.229466
1.234155
1.235723
1.243263
1.232755
1.233717
1.232329
1.236636
1.236642
1.301046
1.233930
1.246274
1.241921
1.257828
1.233953
1.242635
1.231180
1.297986
1.235009
1.228596
1.234361
1.239923
1.236756
1.235870
1.235476
1.235078
1.237123
1.230424
1.234760
1.232089
1.233447
1.237654
1.233206
1.291178
1.234264
1.246351
1.237421
1.233450
1.247488
1.235238
1.230420
1.243859
1.238958
1.238001
1.233917
1.240143
1.235059
1.235908
1.228743
1.233197
1.240418
1.265127
1.236858
1.230535
1.231521
1.235544
1.231947
1.236417
1.245084
1.236842
1.243643
1.232018
1.239962
1.235617
1.229971
1.237146
1.247430
1.233720
1.235375
1.230254
1.241850
1.236685
1.235851
1.235758
1.237085
1.234515
1.236113
1.235017
1.253147
1.236394
1.242994
1.237825
1.243393
1.233969
