4.940796
4.924938
4.920243
4.917365
4.927571
4.920513
4.925551
4.917307
4.986642
4.917066
4.918355
4.917684
4.920315
4.923175
4.917272
4.919062
4.919487
4.916884
4.933565
4.925833
4.914893
4.923161
4.919392
4.924353
4.928182
4.923818
4.919781
4.917829
4.924987
4.920557
4.921349
4.922392
4.924764
4.919032
4.919217
4.921255
4.921281
4.915568
4.920153
4.926907
4.922473
4.919635
4.919254
4.919602
4.937185
4.926057
4.919016
4.916700
4.919549
4.938089
4.925590
5.000345
4.923604
4.924051
4.916895
4.916556
4.924381
4.927097
4.919257
4.920471
4.926467
4.927631
4.927309
4.923702
4.917784
4.925169
4.917720
4.920927
4.918868
4.931425
4.924457
4.918474
4.916897
4.920177
4.917111
4.920826
4.919292
4.934627
4.916559
4.926238
4.918232
4.938937
4.938143
4.918463
4.916881
4.919322
4.922729
4.922634
4.925214
4.921947
4.932833
4.924685
4.924418
4.924819
4.916254
4.921313
4.924255
4.921892
4.916930
4.925593
