2.465088
2.460509
2.509406
2.475478
2.467761
2.463724
2.466477
2.476672
2.459315
2.469566
2.464154
2.467280
2.468951
2.465813
2.462696
2.463564
2.465570
2.459832
2.484441
2.481443
2.457848
2.464253
2.481663
2.464135
2.463795
2.466593
2.464292
2.460583
2.466020
2.471423
2.453116
2.469236
2.462392
2.461298
2.466325
2.465205
2.467040
2.462489
2.476521
2.464903
2.459849
2.518849
2.460854
2.464142
2.466528
2.464787
2.463217
2.464585
2.476930
2.471300
2.474112
2.467564
2.458893
2.463592
2.469207
2.463048
2.464177
2.463917
2.462753
2.461342
2.469698
2.462766
2.462637
2.469291
2.459640
2.479106
2.466851
2.461472
2.471215
2.467003
2.465570
2.459653
2.471295
2.464254
2.458521
2.472989
2.461693
2.460744
2.461693
2.470506
2.460917
2.461416
2.464302
2.458520
2.459637
2.477124
2.472868
2.460960
2.464792
2.531627
2.457805
2.462357
2.466810
2.457655
2.510147
2.466236
2.456665
2.463211
2.461506
2.460103
