0.158273
0.158684
0.160778
0.159644
0.158980
0.159170
0.159058
0.158630
0.159548
0.171517
0.160121
0.160055
0.159983
0.160184
0.157898
0.159855
0.158848
0.159861
0.159082
0.159454
0.159861
0.163834
0.159885
0.159228
0.159214
0.159894
0.158329
0.159459
0.163273
0.160017
0.160376
0.159846
0.160781
0.159494
0.159943
0.158369
0.160868
0.160417
0.159342
0.158900
0.159509
0.159238
0.157849
0.160003
0.158663
0.158932
0.159564
0.158840
0.160376
0.160833
0.158670
0.161026
0.163823
0.160035
0.159122
0.159226
0.164605
0.159431
0.159958
0.159985
0.159043
0.157753
0.158633
0.158458
0.159845
0.160093
0.159851
0.159455
0.159957
0.159852
0.157672
0.158948
0.159635
0.159946
0.160881
0.159025
0.158905
0.163036
0.159601
0.159755
0.167173
0.159923
0.158090
0.159996
0.162996
0.158953
0.160120
0.159606
0.159749
0.158144
0.160113
0.159660
0.159805
0.159059
0.159143
0.159742
0.158088
0.169773
0.158545
0.159848
