0.084286
0.084206
0.084059
0.084121
0.083168
0.084393
0.084142
0.084371
0.084673
0.084876
0.084310
0.084244
0.086356
0.084618
0.084882
0.083116
0.084377
0.083893
0.086586
0.083837
0.083710
0.083898
0.084874
0.084506
0.084726
0.084999
0.084839
0.083393
0.084263
0.084776
0.084513
0.084191
0.088132
0.084710
0.084871
0.086145
0.083640
0.084944
0.083546
0.084191
0.084809
0.088973
0.084004
0.085293
0.083964
0.084487
0.084831
0.084752
0.084092
0.083730
0.083683
0.083628
0.083758
0.083918
0.085753
0.085408
0.084392
0.085208
0.084077
0.084682
0.084311
0.083228
0.084145
0.084539
0.084109
0.083817
0.083554
0.085007
0.084749
0.085262
0.084940
0.084351
0.083338
0.084943
0.085017
0.084500
0.084322
0.084574
0.088648
0.084613
0.084695
0.084603
0.084288
0.083647
0.084531
0.084583
0.084640
0.084689
0.084602
0.089002
0.083751
0.083707
0.084581
0.084279
0.084532
0.083242
0.085105
0.084927
0.084375
0.084539
