0.312275
0.317436
0.312825
0.313787
0.322615
0.318392
0.324242
0.313434
0.313979
0.315125
0.313200
0.312032
0.313512
0.335716
0.313515
0.312646
0.321118
0.332248
0.314449
0.313192
0.311798
0.311488
0.312172
0.325446
0.321852
0.307978
0.312882
0.313183
0.317864
0.313341
0.327424
0.313663
0.310309
0.313471
0.312876
0.312780
0.312704
0.312306
0.312928
0.320746
0.313605
0.312423
0.323760
0.312693
0.312624
0.313455
0.311434
0.311545
0.312480
0.322485
0.313500
0.312233
0.312391
0.312031
0.323225
0.312872
0.312135
0.311281
0.313333
0.312020
0.312117
0.317610
0.328937
0.313188
0.312729
0.313494
0.318749
0.312904
0.331364
0.313773
0.312817
0.312541
0.313459
0.310734
0.313077
0.312278
0.313859
0.311911
0.318149
0.312929
0.310074
0.313386
0.312765
0.313759
0.312834
0.324180
0.314276
0.313622
0.312608
0.312783
0.321430
0.312140
0.313351
0.314893
0.309662
0.312818
0.312746
0.313006
0.312941
0.312430
