19.637054
19.627231
19.624274
19.628678
19.644944
19.619058
19.648230
19.634441
19.624247
19.603699
19.650630
19.629534
19.616158
19.613609
19.629347
19.634361
19.642397
19.615038
19.641222
19.616969
19.635292
19.617839
19.622765
19.640428
19.621867
19.616752
19.626437
19.641503
19.634361
19.723789
19.644155
19.617269
19.629147
19.677794
19.615673
19.622367
19.622784
19.610621
19.612557
19.615876
19.624586
19.624776
19.617426
19.613018
19.613916
19.620569
19.619065
19.604700
19.612115
19.627091
19.640951
19.616623
19.630214
19.647043
19.622368
19.644092
19.606370
19.618422
19.604559
19.635507
19.621812
19.612290
19.595625
19.606383
19.628829
19.606027
19.630553
19.623306
19.635364
19.608295
19.611033
19.618775
19.639842
19.608326
19.636251
19.607222
19.602998
19.704520
19.614299
19.614112
19.608807
19.619301
19.619862
19.632199
19.607402
19.617872
19.635238
19.604855
19.617281
19.628712
19.612861
19.607807
19.635540
19.639139
19.626683
19.611796
19.610423
19.595635
19.611332
19.631005
