0.618898
0.621582
0.619561
0.620138
0.617117
0.639714
0.621902
0.621192
0.616521
0.617550
0.618681
0.618834
0.658786
0.624831
0.662436
0.630209
0.625800
0.627309
0.619645
0.619847
0.620729
0.619332
0.619441
0.620609
0.619951
0.630734
0.615113
0.618028
0.623752
0.620221
0.659205
0.632491
0.619929
0.621955
0.632071
0.614562
0.618942
0.619369
0.619339
0.618855
0.617658
0.619003
0.622879
0.619849
0.616272
0.617541
0.618618
0.621157
0.617681
0.618088
0.661265
0.619929
0.620188
0.614355
0.617886
0.623531
0.619399
0.621070
0.618776
0.619031
0.620550
0.620526
0.619954
0.619383
0.618809
0.619415
0.617854
0.625188
0.620587
0.620867
0.626291
0.632621
0.622252
0.619339
0.620407
0.628664
0.619851
0.619411
0.619781
0.619412
0.631831
0.628132
0.623297
0.622209
0.618007
0.619009
0.621767
0.619282
0.619273
0.629020
0.626473
0.619355
0.619680
0.616963
0.620789
0.620332
0.617565
0.618754
0.615253
0.620513
