0.311156
0.315389
0.313458
0.327982
0.314938
0.313673
0.312862
0.310248
0.317667
0.312196
0.320226
0.312193
0.313059
0.312726
0.324523
0.310570
0.312928
0.323289
0.314235
0.312568
0.312406
0.313681
0.317426
0.313169
0.313519
0.313096
0.312367
0.316804
0.312995
0.330660
0.313904
0.312862
0.311905
0.311541
0.322904
0.315913
0.315335
0.315082
0.315197
0.323564
0.313762
0.309985
0.313472
0.312289
0.313573
0.312563
0.323998
0.313160
0.312385
0.313336
0.312856
0.312603
0.312915
0.312214
0.312516
0.313648
0.313345
0.313635
0.313201
0.320504
0.316774
0.312540
0.311808
0.312649
0.313398
0.313205
0.313456
0.312838
0.313175
0.311448
0.310777
0.311910
0.313059
0.313754
0.312143
0.312559
0.313640
0.312280
0.313033
0.311752
0.312159
0.312489
0.313253
0.312903
0.327722
0.312277
0.311953
0.311906
0.312082
0.311104
0.311084
0.317758
0.312035
0.313078
0.311948
0.313104
0.310793
0.313150
0.334322
0.313636
