19.614268
19.612516
19.623010
19.621009
19.850329
19.607271
19.842985
19.614460
19.840321
19.604001
19.608731
19.628467
19.614220
19.619366
19.616198
19.611299
19.632751
19.604752
19.617398
19.605531
19.619423
19.692535
19.634898
19.616506
19.622969
19.616903
19.631541
19.608166
19.604134
19.622527
19.605606
19.635011
19.601884
19.619939
19.627438
19.597722
19.622588
19.616829
19.616665
19.623723
19.853866
19.697692
19.856741
19.633054
19.615727
19.611822
19.628651
19.610270
19.637868
19.608481
19.625332
19.626652
19.610979
19.832206
19.598425
19.629962
19.610599
19.649189
19.626580
19.625737
19.616738
19.619492
19.607675
19.611549
19.601668
19.611836
19.622090
19.620724
19.627176
19.614280
19.607216
19.632298
19.648228
19.608126
19.621351
19.700041
19.621768
19.612737
19.618060
19.618510
19.609964
19.616824
19.633963
19.616771
19.605556
19.606145
19.625603
19.617224
19.608704
19.622643
19.715844
19.611016
19.620741
19.624486
19.647896
19.607565
19.622508
19.617616
19.623027
19.608883
