0.159861
0.159863
0.159640
0.161175
0.167558
0.169230
0.159982
0.159259
0.159409
0.159077
0.160189
0.160552
0.159112
0.159130
0.158475
0.159719
0.159792
0.158080
0.159644
0.166783
0.159875
0.159236
0.160027
0.158895
0.159156
0.159116
0.158096
0.159335
0.159114
0.158990
0.160652
0.159955
0.160376
0.159240
0.159589
0.160172
0.158533
0.160086
0.158281
0.159651
0.159717
0.166821
0.159310
0.159878
0.159910
0.157578
0.159899
0.158195
0.159656
0.158588
0.159035
0.159910
0.160508
0.159852
0.160169
0.158784
0.159336
0.160417
0.159534
0.159544
0.159728
0.160155
0.159449
0.159263
0.158051
0.159445
0.172817
0.159542
0.160018
0.159680
0.159800
0.158286
0.158915
0.167437
0.160098
0.160133
0.159684
0.160145
0.159921
0.159859
0.159467
0.159772
0.160973
0.158416
0.159324
0.158580
0.159920
0.163967
0.159571
0.159336
0.159264
0.166220
0.157258
0.159028
0.158704
0.157631
0.159821
0.157880
0.159773
0.158686
