2.457990
2.521558
2.461280
2.463418
2.463937
2.458883
2.461377
2.478554
2.465717
2.470567
2.473688
2.468209
2.458020
2.466026
2.461744
2.458173
2.459392
2.471050
2.460123
2.461536
2.481963
2.456686
2.462070
2.469856
2.454922
2.463805
2.467882
2.458776
2.458846
2.465348
2.463635
2.462137
2.471254
2.462172
2.459456
2.466928
2.461214
2.459980
2.461344
2.471304
2.460065
2.469332
2.520894
2.466072
2.461492
2.467538
2.458302
2.472515
2.463202
2.463304
2.464549
2.461585
2.541171
2.455701
2.460603
2.462412
2.455488
2.461591
2.460568
2.464870
2.460291
2.463230
2.460003
2.457997
2.464909
2.457221
2.460676
2.464752
2.463136
2.470873
2.479128
2.463954
2.460381
2.459322
2.466059
2.456453
2.462873
2.476020
2.457713
2.466910
2.512345
2.461907
2.482423
2.462721
2.462810
2.466247
2.498188
2.460413
2.455773
2.462587
2.462298
2.458289
2.459365
2.532321
2.458815
2.455712
2.468321
2.524974
2.461613
2.465437
