0.619361
0.620781
0.627179
0.619499
0.622049
0.615953
0.623789
0.622197
0.618856
0.619082
0.612788
0.611499
0.622078
0.618932
0.616506
0.620311
0.619624
0.620418
0.620831
0.615440
0.625508
0.625597
0.618637
0.616321
0.618180
0.622422
0.619537
0.620721
0.615708
0.625077
0.620020
0.619768
0.618578
0.619867
0.619749
0.619494
0.624224
0.630961
0.619453
0.619256
0.621348
0.619330
0.620135
0.619302
0.619968
0.630254
0.622396
0.619302
0.620581
0.620628
0.617837
0.619015
0.618474
0.618152
0.619456
0.615714
0.628662
0.620036
0.619189
0.616965
0.619892
0.619118
0.618287
0.617747
0.619088
0.631566
0.624173
0.620143
0.618117
0.618721
0.619747
0.619404
0.619133
0.614486
0.632946
0.621324
0.620774
0.619105
0.621130
0.619172
0.618051
0.619489
0.618433
0.616892
0.620523
0.621328
0.619104
0.624475
0.620218
0.618275
0.618661
0.623870
0.633449
0.619314
0.620517
0.618918
0.621429
0.620409
0.619969
0.619845
