1.242667
1.253623
1.235826
1.247558
1.230262
1.232046
1.235218
1.231395
1.233947
1.247552
1.234895
1.251633
1.233562
1.245238
1.234112
1.248086
1.236714
1.244782
1.231920
1.240249
1.230385
1.234798
1.235903
1.235798
1.233436
1.236510
1.236001
1.241760
1.229105
1.306220
1.239566
1.233372
1.233979
1.234102
1.232552
1.236276
1.231695
1.234929
1.234843
1.228275
1.237919
1.231495
1.233137
1.234638
1.229441
1.234814
1.235556
1.228168
1.233309
1.231143
1.240094
1.236708
1.230311
1.231563
1.235722
1.229936
1.236292
1.230532
1.239105
1.235869
1.233834
1.290193
1.233067
1.228965
1.237330
1.232165
1.234180
1.233745
1.230898
1.235717
1.236454
1.230639
1.234496
1.231324
1.234805
1.233980
1.230826
1.232298
1.235188
1.236947
1.235468
1.242141
1.233362
1.234734
1.230418
1.239020
1.233847
1.233377
1.234218
1.230773
1.237083
1.234949
1.228898
1.232695
1.236541
1.231167
1.233899
1.235879
1.237085
1.239443
