0.083791
0.084701
0.084468
0.085300
0.084381
0.084487
0.084648
0.083296
0.084899
0.084049
0.084428
0.084813
0.084762
0.084327
0.084456
0.084647
0.084680
0.085739
0.084726
0.084396
0.083723
0.084262
0.085059
0.084604
0.083613
0.083586
0.084350
0.085625
0.084672
0.084857
0.083117
0.083825
0.083659
0.084119
0.084520
0.083809
0.084113
0.084029
0.084605
0.084658
0.083798
0.084547
0.083050
0.083767
0.084602
0.084741
0.083801
0.084603
0.084174
0.084140
0.084640
0.084358
0.084760
0.083036
0.084142
0.083420
0.083577
0.084381
0.084435
0.083832
0.084175
0.085008
0.085240
0.083625
0.084674
0.083629
0.083814
0.084093
0.084984
0.085099
0.084304
0.084142
0.085566
0.084867
0.084714
0.085539
0.083390
0.084912
0.084729
0.083770
0.084763
0.084497
0.084762
0.084776
0.084946
0.084840
0.084220
0.083592
0.083945
0.084242
0.084962
0.084398
0.084511
0.084723
0.084568
0.084167
0.089289
0.084939
0.083789
0.083704
