4.916515
4.916848
4.915067
4.915865
4.920135
4.920309
4.915103
4.918317
4.923962
4.930217
4.929041
4.919417
4.918733
4.925933
4.916092
4.926341
4.931632
4.922599
4.942151
4.949800
4.931877
4.924336
4.917849
4.919302
4.928868
4.937461
4.920549
4.927120
4.919685
4.914880
4.936093
4.918952
4.923626
4.920222
4.936122
4.927029
4.918815
4.923460
4.924763
4.912668
4.925585
4.919590
4.915813
4.918706
4.941552
4.925576
4.916657
4.929560
4.917430
4.928560
4.922167
4.917195
4.917395
4.936238
4.922321
4.928184
4.920663
4.925584
4.921652
4.920761
4.927608
4.920550
4.924121
4.914805
4.923314
4.919725
4.916223
4.917931
4.924698
4.914219
4.928526
4.931561
4.945831
4.916673
4.938686
4.925917
4.927956
4.918960
4.919863
4.918077
4.918452
4.919181
4.941185
4.918399
4.920715
5.082072
4.916509
4.922430
4.919280
4.923287
4.921557
4.925936
4.929596
4.917828
4.921316
4.920496
4.915803
4.937180
4.922613
4.879757
