9.826786
9.826215
9.839108
9.821528
9.820522
9.874796
9.821046
9.835062
9.812931
9.817410
9.818721
9.833066
9.830782
9.817649
9.814672
9.823414
9.821881
9.821655
9.817101
9.848956
9.822822
9.815902
9.829623
9.828024
9.824633
9.817172
9.820165
9.822722
9.882881
9.812105
9.824786
9.811557
9.820011
9.822053
9.826720
9.816123
9.863232
9.889887
9.827481
9.815534
9.830547
9.837937
9.815652
9.822009
9.822270
9.834830
9.821517
9.821273
9.827669
9.817234
9.814546
9.818607
9.813443
9.832816
10.040637
9.824798
9.819541
9.820321
9.827281
9.823469
9.839437
9.824971
9.824585
9.815507
9.899872
9.828130
9.903310
9.816090
9.827883
9.801106
9.937938
9.814698
9.821150
9.822802
9.817943
9.821002
9.837764
9.816178
9.822172
9.835082
9.812906
9.815555
9.817349
9.839289
9.823624
9.835965
9.849932
9.834920
9.816105
9.816066
9.828325
9.820545
9.820399
9.821359
9.816590
9.827003
9.823375
9.818612
9.811747
9.835930
