0.998024
0.998230
1.1012
0.995345
1.191
1.1048
0.988100
1.700
0.990782
1.6720
0.998793
1.3645
1.1372
1.1486
0.999164
1.4527
1.628
1.44788
1.811
1.1782
0.999480
0.995910
0.993169
1.2916
0.998203
0.998007
1.10202
1.7934
1.484
1.3070
1.4022
1.17138
1.2010
0.994402
0.990079
0.999861
1.11748
0.990540
1.2574
0.996469
0.998915
1.9590
1.1936
1.10187
0.998527
1.10096
0.991506
1.2249
1.250
1.11475
1.1078
0.989548
1.4416
0.999221
0.990330
1.610
1.4287
1.39390
1.63
0.999134
1.2665
1.1692
0.998649
1.347
0.999548
1.14048
0.998742
0.995855
1.13118
1.1046
1.1589
0.997166
1.2174
1.1088
1.59125
0.990947
1.18474
0.999972
1.8398
0.998121
0.993307
0.994326
1.1230
0.997543
1.3509
1.6698
1.711
1.21
1.5823
1.2413
1.3720
1.1968
1.10618
0.987812
0.989751
0.996788
0.996681
0.998919
0.997691
1.8786
