1.99704
1.102726
1.99448
1.106559
1.107743
1.110502
1.107125
1.98206
1.105510
1.102513
1.96421
1.100309
1.93514
1.102943
1.104890
1.113917
1.103400
1.103432
1.105382
1.125143
1.90823
1.100165
1.96548
1.98306
1.103947
1.105355
1.104556
1.105859
1.102005
1.103779
1.90372
1.100205
1.105946
1.134524
1.97432
1.109462
1.104720
1.111371
1.142076
1.97753
1.106374
1.103777
1.103006
1.107559
1.104009
1.115703
1.104886
1.102586
1.113281
1.105089
1.102176
1.96883
1.105707
1.100938
1.102355
1.100624
1.104908
1.101294
1.101039
1.106922
1.117443
1.111701
1.90916
1.100185
1.99352
1.102103
1.103967
1.103859
1.122655
1.119451
1.106044
1.101244
1.151215
1.98720
1.98541
1.101204
1.103378
1.106215
1.105953
1.103317
1.103750
1.103166
1.100585
1.104616
1.97047
1.96433
1.103534
1.112212
1.97726
1.108659
1.103574
1.105320
1.105357
1.90129
1.103010
1.112864
1.110452
1.101156
1.97000
1.105583
