1.6718
0.999913
1.4923
0.990213
1.29193
0.996208
1.8220
1.3146
1.4255
1.2020
1.2276
1.7747
1.22780
1.6479
0.992110
0.991485
0.999751
0.998741
1.6695
1.22228
1.5899
1.2863
1.1722
1.3106
1.886
1.48319
1.5356
1.3402
1.3793
0.990045
0.998894
1.471
0.999448
1.4370
1.3139
1.3651
1.4097
1.24025
1.3869
1.3397
1.2827
0.998227
1.15890
1.3000
0.991367
0.998872
1.10973
1.10045
0.995630
1.1943
1.1670
0.995247
1.3723
1.6169
1.3915
1.22253
1.8342
1.1631
1.25819
0.998425
1.17042
1.1217
1.2739
1.18344
0.999798
0.996901
1.6780
1.4191
1.4453
1.4840
1.6992
1.2240
0.993724
0.998610
0.999113
0.995650
1.710
1.1014
1.929
1.4015
1.4028
1.8551
1.4672
0.995261
1.5880
1.57496
0.998628
0.998979
0.996254
0.998320
1.4284
1.4252
1.17530
1.3568
1.4070
1.1326
1.5557
1.8223
1.4232
1.8085
