0 0 0 0 0 0 0 0 0 0 0 0 0 0 0 0 0 0 0 0 0 0 0 3 0 28 28 0 0 94 0 0 74 3788603 2237843 0 0 0 0 0 409059 677 0 0 
0 0 0 0 0 0 0 0 0 0 0 0 0 0 0 0 0 0 0 0 0 0 0 3 0 28 28 0 0 94 0 0 74 3788603 2237843 0 0 0 0 0 409059 677 0 0 
0 0 0 0 0 0 0 0 0 0 0 0 0 0 0 0 0 0 0 0 0 0 0 3 0 28 28 0 0 94 0 0 74 3788603 2237843 0 0 0 0 0 409059 677 0 0 
0 0 0 0 0 0 0 0 0 0 0 0 0 0 0 0 0 0 0 0 0 0 0 3 0 28 28 0 0 94 0 0 74 3788603 2237843 0 0 0 0 0 409059 677 0 0 
0 0 0 0 0 0 0 0 0 0 0 0 0 0 0 0 0 0 0 0 0 0 0 3 0 28 28 0 0 94 0 0 74 3788603 2237843 0 0 0 0 0 409059 677 0 0 
0 0 0 0 0 0 0 0 0 0 0 0 0 0 0 0 0 0 0 0 0 0 0 3 0 28 28 0 0 94 0 0 74 3788603 2237843 0 0 0 0 0 409059 677 0 0 
0 0 0 0 0 0 0 0 0 0 0 0 0 0 0 0 0 0 0 0 0 0 0 3 0 28 28 0 0 94 0 0 74 3788603 2237843 0 0 0 0 0 409059 677 0 0 
0 0 0 0 0 0 0 0 0 0 0 0 0 0 0 0 0 0 0 0 0 0 0 3 0 28 28 0 0 94 0 0 74 3788603 2237843 0 0 0 0 0 409059 677 0 0 
0 0 0 0 0 0 0 0 0 0 0 0 0 0 0 0 0 0 0 0 0 0 0 3 0 28 28 0 0 94 0 0 74 3788603 2237843 0 0 0 0 0 409059 677 0 0 
0 0 0 0 0 0 0 0 0 0 0 0 0 0 0 0 0 0 0 0 0 0 0 3 0 28 28 0 0 94 0 0 74 3788603 2237843 0 0 0 0 0 409059 677 0 0 
0 0 0 0 0 0 0 0 0 0 0 0 0 0 0 0 0 0 0 0 0 0 0 3 0 28 28 0 0 94 0 0 74 3788603 2237843 0 0 0 0 0 409059 677 0 0 
0 0 0 0 0 0 0 0 0 0 0 0 0 0 0 0 0 0 0 0 0 0 0 3 0 28 28 0 0 94 0 0 74 3788603 2237843 0 0 0 0 0 409059 677 0 0 
0 0 0 0 0 0 0 0 0 0 0 0 0 0 0 0 0 0 0 0 0 0 0 3 0 28 28 0 0 94 0 0 74 3788603 2237843 0 0 0 0 0 409059 677 0 0 
0 0 0 0 0 0 0 0 0 0 0 0 0 0 0 0 0 0 0 0 0 0 0 3 0 28 28 0 0 94 0 0 74 3788603 2237843 0 0 0 0 0 409059 677 0 0 
0 0 0 0 0 0 0 0 0 0 0 0 0 0 0 0 0 0 0 0 0 0 0 3 0 28 28 0 0 94 0 0 74 3788603 2237843 0 0 0 0 0 409059 677 0 0 
0 0 0 0 0 0 0 0 0 0 0 0 0 0 0 0 0 0 0 0 0 0 0 3 0 28 28 0 0 94 0 0 74 3788603 2237843 0 0 0 0 0 409059 677 0 0 
0 0 0 0 0 0 0 0 0 0 0 0 0 0 0 0 0 0 0 0 0 0 0 3 0 28 28 0 0 94 0 0 74 3788603 2237843 0 0 0 0 0 409059 677 0 0 
0 0 0 0 0 0 0 0 0 0 0 0 0 0 0 0 0 0 0 0 0 0 0 3 0 28 28 0 0 94 0 0 74 3788603 2237843 0 0 0 0 0 409059 677 0 0 
0 0 0 0 0 0 0 0 0 0 0 0 0 0 0 0 0 0 0 0 0 0 0 3 0 28 28 0 0 94 0 0 74 3788603 2237843 0 0 0 0 0 409059 677 0 0 
0 0 0 0 0 0 0 0 0 0 0 0 0 0 0 0 0 0 0 0 0 0 0 3 0 28 28 0 0 94 0 0 74 3788603 2237843 0 0 0 0 0 409059 677 0 0 
0 0 0 0 0 0 0 0 0 0 0 0 0 0 0 0 0 0 0 0 0 0 0 3 0 28 28 0 0 94 0 0 74 3788603 2237843 0 0 0 0 0 409059 677 0 0 
0 0 0 0 0 0 0 0 0 0 0 0 0 0 0 0 0 0 0 0 0 0 0 3 0 28 28 0 0 94 0 0 74 3788603 2237843 0 0 0 0 0 409059 677 0 0 
0 0 0 0 0 0 0 0 0 0 0 0 0 0 0 0 0 0 0 0 0 0 0 3 0 28 28 0 0 94 0 0 74 3788603 2237843 0 0 0 0 0 409059 677 0 0 
0 0 0 0 0 0 0 0 0 0 0 0 0 0 0 0 0 0 0 0 0 0 0 3 0 28 28 0 0 94 0 0 74 3788603 2237843 0 0 0 0 0 409059 677 0 0 
0 0 0 0 0 0 0 0 0 0 0 0 0 0 0 0 0 0 0 0 0 0 0 3 0 28 28 0 0 94 0 0 74 3788603 2237843 0 0 0 0 0 409059 677 0 0 
0 0 0 0 0 0 0 0 0 0 0 0 0 0 0 0 0 0 0 0 0 0 0 3 0 28 28 0 0 94 0 0 74 3788603 2237843 0 0 0 0 0 409059 677 0 0 
0 0 0 0 0 0 0 0 0 0 0 0 0 0 0 0 0 0 0 0 0 0 0 3 0 28 28 0 0 94 0 0 74 3788603 2237843 0 0 0 0 0 409059 677 0 0 
0 0 0 0 0 0 0 0 0 0 0 0 0 0 0 0 0 0 0 0 0 0 0 3 0 28 28 0 0 94 0 0 74 3788603 2237843 0 0 0 0 0 409059 677 0 0 
0 0 0 0 0 0 0 0 0 0 0 0 0 0 0 0 0 0 0 0 0 0 0 3 0 28 28 0 0 94 0 0 74 3788603 2237843 0 0 0 0 0 409059 677 0 0 
0 0 0 0 0 0 0 0 0 0 0 0 0 0 0 0 0 0 0 0 0 0 0 3 0 28 28 0 0 94 0 0 74 3788603 2237843 0 0 0 0 0 409059 677 0 0 
0 0 0 0 0 0 0 0 0 0 0 0 0 0 0 0 0 0 0 0 0 0 0 3 0 28 28 0 0 94 0 0 74 3788603 2237843 0 0 0 0 0 409059 677 0 0 
0 0 0 0 0 0 0 0 0 0 0 0 0 0 0 0 0 0 0 0 0 0 0 3 0 28 28 0 0 94 0 0 74 3788603 2237843 0 0 0 0 0 409059 677 0 0 
0 0 0 0 0 0 0 0 0 0 0 0 0 0 0 0 0 0 0 0 0 0 0 3 0 28 28 0 0 94 0 0 74 3788603 2237843 0 0 0 0 0 409059 677 0 0 
0 0 0 0 0 0 0 0 0 0 0 0 0 0 0 0 0 0 0 0 0 0 0 3 0 28 28 0 0 94 0 0 74 3788603 2237843 0 0 0 0 0 409059 677 0 0 
0 0 0 0 0 0 0 0 0 0 0 0 0 0 0 0 0 0 0 0 0 0 0 3 0 28 28 0 0 94 0 0 74 3788603 2237843 0 0 0 0 0 409059 677 0 0 
0 0 0 0 0 0 0 0 0 0 0 0 0 0 0 0 0 0 0 0 0 0 0 3 0 28 28 0 0 94 0 0 74 3788603 2237843 0 0 0 0 0 409059 677 0 0 
0 0 0 0 0 0 0 0 0 0 0 0 0 0 0 0 0 0 0 0 0 0 0 3 0 28 28 0 0 94 0 0 74 3788603 2237843 0 0 0 0 0 409059 677 0 0 
0 0 0 0 0 0 0 0 0 0 0 0 0 0 0 0 0 0 0 0 0 0 0 3 0 28 28 0 0 94 0 0 74 3788603 2237843 0 0 0 0 0 409059 677 0 0 
0 0 0 0 0 0 0 0 0 0 0 0 0 0 0 0 0 0 0 0 0 0 0 3 0 28 28 0 0 94 0 0 74 3788603 2237843 0 0 0 0 0 409059 677 0 0 
0 0 0 0 0 0 0 0 0 0 0 0 0 0 0 0 0 0 0 0 0 0 0 3 0 28 28 0 0 94 0 0 74 3788603 2237843 0 0 0 0 0 409059 677 0 0 
0 0 0 0 0 0 0 0 0 0 0 0 0 0 0 0 0 0 0 0 0 0 0 3 0 28 28 0 0 94 0 0 74 3788603 2237843 0 0 0 0 0 409059 677 0 0 
0 0 0 0 0 0 0 0 0 0 0 0 0 0 0 0 0 0 0 0 0 0 0 3 0 28 28 0 0 94 0 0 74 3788603 2237843 0 0 0 0 0 409059 677 0 0 
0 0 0 0 0 0 0 0 0 0 0 0 0 0 0 0 0 0 0 0 0 0 0 3 0 28 28 0 0 94 0 0 74 3788603 2237843 0 0 0 0 0 409059 677 0 0 
0 0 0 0 0 0 0 0 0 0 0 0 0 0 0 0 0 0 0 0 0 0 0 3 0 28 28 0 0 94 0 0 74 3788603 2237843 0 0 0 0 0 409059 677 0 0 
0 0 0 0 0 0 0 0 0 0 0 0 0 0 0 0 0 0 0 0 0 0 0 3 0 28 28 0 0 94 0 0 74 3788603 2237843 0 0 0 0 0 409059 677 0 0 
0 0 0 0 0 0 0 0 0 0 0 0 0 0 0 0 0 0 0 0 0 0 0 3 0 28 28 0 0 94 0 0 74 3788603 2237843 0 0 0 0 0 409059 677 0 0 
0 0 0 0 0 0 0 0 0 0 0 0 0 0 0 0 0 0 0 0 0 0 0 3 0 28 28 0 0 94 0 0 74 3788603 2237843 0 0 0 0 0 409059 677 0 0 
0 0 0 0 0 0 0 0 0 0 0 0 0 0 0 0 0 0 0 0 0 0 0 3 0 28 28 0 0 94 0 0 74 3788603 2237843 0 0 0 0 0 409059 677 0 0 
0 0 0 0 0 0 0 0 0 0 0 0 0 0 0 0 0 0 0 0 0 0 0 3 0 28 28 0 0 94 0 0 74 3788603 2237843 0 0 0 0 0 409059 677 0 0 
0 0 0 0 0 0 0 0 0 0 0 0 0 0 0 0 0 0 0 0 0 0 0 3 0 28 28 0 0 94 0 0 74 3788603 2237843 0 0 0 0 0 409059 677 0 0 
0 0 0 0 0 0 0 0 0 0 0 0 0 0 0 0 0 0 0 0 0 0 0 3 0 28 28 0 0 94 0 0 74 3788603 2237843 0 0 0 0 0 409059 677 0 0 
0 0 0 0 0 0 0 0 0 0 0 0 0 0 0 0 0 0 0 0 0 0 0 3 0 28 28 0 0 94 0 0 74 3788603 2237843 0 0 0 0 0 409059 677 0 0 
0 0 0 0 0 0 0 0 0 0 0 0 0 0 0 0 0 0 0 0 0 0 0 3 0 28 28 0 0 94 0 0 74 3788603 2237843 0 0 0 0 0 409059 677 0 0 
0 0 0 0 0 0 0 0 0 0 0 0 0 0 0 0 0 0 0 0 0 0 0 3 0 28 28 0 0 94 0 0 74 3788603 2237843 0 0 0 0 0 409059 677 0 0 
0 0 0 0 0 0 0 0 0 0 0 0 0 0 0 0 0 0 0 0 0 0 0 3 0 28 28 0 0 94 0 0 74 3788603 2237843 0 0 0 0 0 409059 677 0 0 
0 0 0 0 0 0 0 0 0 0 0 0 0 0 0 0 0 0 0 0 0 0 0 3 0 28 28 0 0 94 0 0 74 3788603 2237843 0 0 0 0 0 409059 677 0 0 
0 0 0 0 0 0 0 0 0 0 0 0 0 0 0 0 0 0 0 0 0 0 0 3 0 28 28 0 0 94 0 0 74 3788603 2237843 0 0 0 0 0 409059 677 0 0 
0 0 0 0 0 0 0 0 0 0 0 0 0 0 0 0 0 0 0 0 0 0 0 3 0 28 28 0 0 94 0 0 74 3788603 2237843 0 0 0 0 0 409059 677 0 0 
0 0 0 0 0 0 0 0 0 0 0 0 0 0 0 0 0 0 0 0 0 0 0 3 0 28 28 0 0 94 0 0 74 3788603 2237843 0 0 0 0 0 409059 677 0 0 
0 0 0 0 0 0 0 0 0 0 0 0 0 0 0 0 0 0 0 0 0 0 0 3 0 28 28 0 0 94 0 0 74 3788603 2237843 0 0 0 0 0 409059 677 0 0 
0 0 0 0 0 0 0 0 0 0 0 0 0 0 0 0 0 0 0 0 0 0 0 3 0 28 28 0 0 94 0 0 74 3788603 2237843 0 0 0 0 0 409059 677 0 0 
0 0 0 0 0 0 0 0 0 0 0 0 0 0 0 0 0 0 0 0 0 0 0 3 0 28 28 0 0 94 0 0 74 3788603 2237843 0 0 0 0 0 409059 677 0 0 
0 0 0 0 0 0 0 0 0 0 0 0 0 0 0 0 0 0 0 0 0 0 0 3 0 28 28 0 0 94 0 0 74 3788603 2237843 0 0 0 0 0 409059 677 0 0 
0 0 0 0 0 0 0 0 0 0 0 0 0 0 0 0 0 0 0 0 0 0 0 3 0 28 28 0 0 94 0 0 74 3788603 2237843 0 0 0 0 0 409059 677 0 0 
0 0 0 0 0 0 0 0 0 0 0 0 0 0 0 0 0 0 0 0 0 0 0 3 0 28 28 0 0 94 0 0 74 3788603 2237843 0 0 0 0 0 409059 677 0 0 
0 0 0 0 0 0 0 0 0 0 0 0 0 0 0 0 0 0 0 0 0 0 0 3 0 28 28 0 0 94 0 0 74 3788603 2237843 0 0 0 0 0 409059 677 0 0 
0 0 0 0 0 0 0 0 0 0 0 0 0 0 0 0 0 0 0 0 0 0 0 3 0 28 28 0 0 94 0 0 74 3788603 2237843 0 0 0 0 0 409059 677 0 0 
0 0 0 0 0 0 0 0 0 0 0 0 0 0 0 0 0 0 0 0 0 0 0 3 0 28 28 0 0 94 0 0 74 3788603 2237843 0 0 0 0 0 409059 677 0 0 
0 0 0 0 0 0 0 0 0 0 0 0 0 0 0 0 0 0 0 0 0 0 0 3 0 28 36 0 0 121 0 0 74 3959386 2237868 0 0 0 0 0 409082 714 0 0 
0 0 0 0 0 0 0 0 0 0 0 0 0 0 0 0 0 0 0 0 0 0 0 3 0 28 36 0 0 121 0 0 74 4291810 2237868 0 0 0 0 0 409082 714 0 0 
0 0 0 0 0 0 0 0 0 0 0 0 0 0 0 0 0 0 0 0 0 0 0 3 0 28 36 0 0 121 0 0 74 4627046 2237868 0 0 0 0 0 409082 714 0 0 
0 0 0 0 0 0 0 0 0 0 0 0 0 0 0 0 0 0 0 0 0 0 0 3 0 28 36 0 0 121 0 0 74 4947870 2237868 0 0 0 0 0 409082 714 0 0 
0 0 0 0 0 0 0 0 0 0 0 0 0 0 0 0 0 0 0 0 0 0 0 3 0 28 36 0 0 121 0 0 74 5210109 2237868 0 0 0 0 0 409086 714 0 0 
0 0 0 0 0 0 0 0 0 0 0 0 0 0 0 0 0 0 0 0 0 0 0 3 0 28 36 0 0 123 0 0 74 5385338 2237883 0 0 0 0 0 482630 730 0 0 
0 0 0 0 0 0 0 0 0 0 0 0 0 0 0 0 0 0 0 0 0 0 0 3 0 28 36 0 0 123 0 0 74 5554427 2272535 0 0 0 0 0 604651 784 0 0 
0 0 0 0 0 0 0 0 0 0 0 0 0 0 0 0 0 0 0 0 0 0 0 3 0 28 36 0 0 123 0 0 74 5662294 2332747 0 0 0 0 0 651156 800 0 0 
0 0 0 0 0 0 0 0 0 0 0 0 0 0 0 0 0 0 0 0 0 0 0 3 0 28 36 0 0 123 0 0 74 5833474 2369080 0 0 0 0 0 792360 853 0 0 
0 0 0 0 0 0 0 0 0 0 0 0 0 0 0 0 0 0 0 0 0 0 0 3 0 28 36 0 0 123 0 0 74 5948161 2427345 0 0 0 0 0 844096 869 0 0 
0 0 0 0 0 0 0 0 0 0 0 0 0 0 0 0 0 0 0 0 0 0 0 3 0 28 36 0 0 123 0 0 74 6124666 2468412 0 0 0 0 0 979554 923 0 0 
0 0 0 0 0 0 0 0 0 0 0 0 0 0 0 0 0 0 0 0 0 0 0 3 0 28 36 0 0 123 0 0 74 6227337 2521948 0 0 0 0 0 1023993 939 0 0 
0 0 0 0 0 0 0 0 0 0 0 0 0 0 0 0 0 0 0 0 0 0 0 3 0 28 36 0 0 123 0 0 74 6398920 2558390 0 0 0 0 0 1166701 990 0 0 
0 0 0 0 0 0 0 0 0 0 0 0 0 0 0 0 0 0 0 0 0 0 0 3 0 28 36 0 0 123 0 0 74 6512839 2616536 0 0 0 0 0 1217521 1006 0 0 
0 0 0 0 0 0 0 0 0 0 0 0 0 0 0 0 0 0 0 0 0 0 0 3 0 28 36 0 0 123 0 0 74 6683361 2655698 0 0 0 0 0 1353866 1057 0 0 
0 0 0 0 0 0 0 0 0 0 0 0 0 0 0 0 0 0 0 0 0 0 0 3 0 28 36 0 0 123 0 0 74 6833419 2711131 0 0 0 0 0 1489277 1073 0 0 
0 0 0 0 0 0 0 0 0 0 0 0 0 0 0 0 0 0 0 0 0 0 0 3 0 28 36 0 0 123 0 0 74 6999761 2761654 0 0 0 0 0 1541032 1124 0 0 
0 0 0 0 0 0 0 0 0 0 0 0 0 0 0 0 0 0 0 0 0 0 0 3 0 28 36 0 0 123 0 0 74 7099527 2805721 0 0 0 0 0 1638493 1140 0 0 
0 0 0 0 0 0 0 0 0 0 0 0 0 0 0 0 0 0 0 0 0 0 0 3 0 28 36 0 0 123 0 0 74 7271196 2850851 0 0 0 0 0 1728233 1189 0 0 
0 0 0 0 0 0 0 0 0 0 0 0 0 0 0 0 0 0 0 0 0 0 0 3 0 28 36 0 0 123 0 0 74 7380795 2900321 0 0 0 0 0 1824029 1205 0 0 
0 0 0 0 0 0 0 0 0 0 0 0 0 0 0 0 0 0 0 0 0 0 0 3 0 28 36 0 0 123 0 0 74 7556163 2944380 0 0 0 0 0 1915383 1257 0 0 
0 0 0 0 0 0 0 0 0 0 0 0 0 0 0 0 0 0 0 0 0 0 0 3 0 28 36 0 0 123 0 0 74 7648723 2994931 0 0 0 0 0 1978392 1273 0 0 
0 0 0 0 0 0 0 0 0 0 0 0 0 0 0 0 0 0 0 0 0 0 0 3 0 28 36 0 0 123 0 0 74 7816725 3030339 0 0 0 0 0 2102561 1324 0 0 
0 0 0 0 0 0 0 0 0 0 0 0 0 0 0 0 0 0 0 0 0 0 0 3 0 28 36 0 0 123 0 0 74 7927599 3089523 0 0 0 0 0 2155432 1340 0 0 
0 0 0 0 0 0 0 0 0 0 0 0 0 0 0 0 0 0 0 0 0 0 0 3 0 28 36 0 0 123 0 0 74 8134940 3142723 0 0 0 0 0 2289726 1394 0 0 
0 0 0 0 0 0 0 0 0 0 0 0 0 0 0 0 0 0 0 0 0 0 0 3 0 28 36 0 0 123 0 0 74 8237262 3184128 0 0 0 0 0 2399427 1410 0 0 
0 0 0 0 0 0 0 0 0 0 0 0 0 0 0 0 0 0 0 0 0 0 0 3 0 28 36 0 0 123 0 0 74 8409434 3232202 0 0 0 0 0 2476924 1464 0 0 
0 0 0 0 0 0 0 0 0 0 0 0 0 0 0 0 0 0 0 0 0 0 0 3 0 28 36 0 0 123 0 0 74 8515116 3278721 0 0 0 0 0 2576004 1480 0 0 
0 0 0 0 0 0 0 0 0 0 0 0 0 0 0 0 0 0 0 0 0 0 0 3 0 28 36 0 0 123 0 0 74 8687001 3324769 0 0 0 0 0 2664123 1533 0 0 
0 0 0 0 0 0 0 0 0 0 0 0 0 0 0 0 0 0 0 0 0 0 0 3 0 28 36 0 0 123 0 0 74 8781502 3373323 0 0 0 0 0 2729589 1549 0 0 
0 0 0 0 0 0 0 0 0 0 0 0 0 0 0 0 0 0 0 0 0 0 0 3 0 28 36 0 0 123 0 0 74 8952409 3413326 0 0 0 0 0 2851292 1600 0 0 
0 0 0 0 0 0 0 0 0 0 0 0 0 0 0 0 0 0 0 0 0 0 0 3 0 28 36 0 0 123 0 0 74 9059188 3467917 0 0 0 0 0 2903900 1616 0 0 
0 0 0 0 0 0 0 0 0 0 0 0 0 0 0 0 0 0 0 0 0 0 0 3 0 28 36 0 0 123 0 0 74 9237664 3505480 0 0 0 0 0 3038450 1668 0 0 
0 0 0 0 0 0 0 0 0 0 0 0 0 0 0 0 0 0 0 0 0 0 0 3 0 28 36 0 0 123 0 0 74 9349947 3562511 0 0 0 0 0 3106803 1684 0 0 
0 0 0 0 0 0 0 0 0 0 0 0 0 0 0 0 0 0 0 0 0 0 0 3 0 28 36 0 0 123 0 0 74 9516736 3601571 0 0 0 0 0 3225644 1735 0 0 
0 0 0 0 0 0 0 0 0 0 0 0 0 0 0 0 0 0 0 0 0 0 0 3 0 28 36 0 0 123 0 0 74 9606923 3657116 0 0 0 0 0 3239985 1751 0 0 
0 0 0 0 0 0 0 0 0 0 0 0 0 0 0 0 0 0 0 0 0 0 0 3 0 28 36 0 0 123 0 0 74 9781428 3690068 0 0 0 0 0 3412791 1802 0 0 
0 0 0 0 0 0 0 0 0 0 0 0 0 0 0 0 0 0 0 0 0 0 0 3 0 28 36 0 0 123 0 0 74 9883019 3751709 0 0 0 0 0 3412803 1816 0 0 
0 0 0 0 0 0 0 0 0 0 0 0 0 0 0 0 0 0 0 0 0 0 0 3 0 28 36 0 0 123 0 0 74 10051934 3778736 0 0 0 0 0 3599930 1872 0 0 
0 0 0 0 0 0 0 0 0 0 0 0 0 0 0 0 0 0 0 0 0 0 0 3 0 28 36 0 0 123 0 0 74 10165663 3846295 0 0 0 0 0 3599938 1880 0 0 
0 0 0 0 0 0 0 0 0 0 0 0 0 0 0 0 0 0 0 0 0 0 0 3 0 28 36 0 0 123 0 0 74 10326587 3870524 0 0 0 0 0 3787111 1942 0 0 
0 0 0 0 0 0 0 0 0 0 0 0 0 0 0 0 0 0 0 0 0 0 0 3 0 28 36 0 0 123 0 0 74 10448423 3940803 0 0 0 0 0 3787113 1946 0 0 
0 0 0 0 0 0 0 0 0 0 0 0 0 0 0 0 0 0 0 0 0 0 0 3 0 28 36 0 0 123 0 0 74 10607274 3964179 0 0 0 0 0 3974274 2012 0 0 
0 0 0 0 0 0 0 0 0 0 0 0 0 0 0 0 0 0 0 0 0 0 0 3 0 28 36 0 0 123 0 0 74 10729663 4033928 0 0 0 0 0 3974276 2016 0 0 
0 0 0 0 0 0 0 0 0 0 0 0 0 0 0 0 0 0 0 0 0 0 0 3 0 36 36 0 0 123 0 0 74 10814798 4035530 0 0 0 0 0 4139714 2059 0 0 
0 0 0 0 0 0 0 0 0 0 0 0 0 0 0 0 0 0 0 0 0 0 0 3 0 36 36 0 0 123 0 0 74 10814798 4035530 0 0 0 0 0 4139714 2059 0 0 
0 0 0 0 0 0 0 0 0 0 0 0 0 0 0 0 0 0 0 0 0 0 0 3 0 36 36 0 0 123 0 0 74 10814798 4035530 0 0 0 0 0 4139714 2059 0 0 
0 0 0 0 0 0 0 0 0 0 0 0 0 0 0 0 0 0 0 0 0 0 0 3 0 36 36 0 0 123 0 0 74 10814798 4035530 0 0 0 0 0 4139714 2059 0 0 
0 0 0 0 0 0 0 0 0 0 0 0 0 0 0 0 0 0 0 0 0 0 0 3 0 36 36 0 0 123 0 0 74 10814798 4035530 0 0 0 0 0 4139714 2059 0 0 
