0 0 0 0 0 0 0 0 0 0 0 0 0 0 0 0 0 0 0 0 0 0 0 3 28 0 0 7 0 0 94 74 0 6025994 0 0 0 0 0 409055 0 0 669 0 
0 0 0 0 0 0 0 0 0 0 0 0 0 0 0 0 0 0 0 0 0 0 0 3 0 28 28 0 0 94 0 0 74 3788603 2237843 0 0 0 0 0 409059 677 0 0 
0 0 0 0 0 0 0 0 0 0 0 0 0 0 0 0 0 0 0 0 0 0 0 3 28 0 0 7 0 0 94 74 0 6025994 0 0 0 0 0 409055 0 0 669 0 
0 0 0 0 0 0 0 0 0 0 0 0 0 0 0 0 0 0 0 0 0 0 0 3 0 28 28 0 0 94 0 0 74 3788603 2237843 0 0 0 0 0 409059 677 0 0 
0 0 0 0 0 0 0 0 0 0 0 0 0 0 0 0 0 0 0 0 0 0 0 3 28 0 0 7 0 0 94 74 0 6025994 0 0 0 0 0 409055 0 0 669 0 
0 0 0 0 0 0 0 0 0 0 0 0 0 0 0 0 0 0 0 0 0 0 0 3 0 28 28 0 0 94 0 0 74 3788603 2237843 0 0 0 0 0 409059 677 0 0 
0 0 0 0 0 0 0 0 0 0 0 0 0 0 0 0 0 0 0 0 0 0 0 3 28 0 0 7 0 0 94 74 0 6025994 0 0 0 0 0 409055 0 0 669 0 
0 0 0 0 0 0 0 0 0 0 0 0 0 0 0 0 0 0 0 0 0 0 0 3 0 28 28 0 0 94 0 0 74 3788603 2237843 0 0 0 0 0 409059 677 0 0 
0 0 0 0 0 0 0 0 0 0 0 0 0 0 0 0 0 0 0 0 0 0 0 3 28 0 0 7 0 0 94 74 0 6025994 0 0 0 0 0 409055 0 0 669 0 
0 0 0 0 0 0 0 0 0 0 0 0 0 0 0 0 0 0 0 0 0 0 0 3 0 28 28 0 0 94 0 0 74 3788603 2237843 0 0 0 0 0 409059 677 0 0 
0 0 0 0 0 0 0 0 0 0 0 0 0 0 0 0 0 0 0 0 0 0 0 3 28 0 0 7 0 0 94 74 0 6025994 0 0 0 0 0 409055 0 0 669 0 
0 0 0 0 0 0 0 0 0 0 0 0 0 0 0 0 0 0 0 0 0 0 0 3 0 28 28 0 0 94 0 0 74 3788603 2237843 0 0 0 0 0 409059 677 0 0 
0 0 0 0 0 0 0 0 0 0 0 0 0 0 0 0 0 0 0 0 0 0 0 3 28 0 0 7 0 0 94 74 0 6025994 0 0 0 0 0 409055 0 0 669 0 
0 0 0 0 0 0 0 0 0 0 0 0 0 0 0 0 0 0 0 0 0 0 0 3 0 28 28 0 0 94 0 0 74 3788603 2237843 0 0 0 0 0 409059 677 0 0 
0 0 0 0 0 0 0 0 0 0 0 0 0 0 0 0 0 0 0 0 0 0 0 3 28 0 0 7 0 0 94 74 0 6025994 0 0 0 0 0 409055 0 0 669 0 
0 0 0 0 0 0 0 0 0 0 0 0 0 0 0 0 0 0 0 0 0 0 0 3 0 28 28 0 0 94 0 0 74 3788603 2237843 0 0 0 0 0 409059 677 0 0 
0 0 0 0 0 0 0 0 0 0 0 0 0 0 0 0 0 0 0 0 0 0 0 3 28 0 0 7 0 0 94 74 0 6025994 0 0 0 0 0 409055 0 0 669 0 
0 0 0 0 0 0 0 0 0 0 0 0 0 0 0 0 0 0 0 0 0 0 0 3 0 28 28 0 0 94 0 0 74 3788603 2237843 0 0 0 0 0 409059 677 0 0 
0 0 0 0 0 0 0 0 0 0 0 0 0 0 0 0 0 0 0 0 0 0 0 3 28 0 0 7 0 0 94 74 0 6025994 0 0 0 0 0 409055 0 0 669 0 
0 0 0 0 0 0 0 0 0 0 0 0 0 0 0 0 0 0 0 0 0 0 0 3 0 28 28 0 0 94 0 0 74 3788603 2237843 0 0 0 0 0 409059 677 0 0 
0 0 0 0 0 0 0 0 0 0 0 0 0 0 0 0 0 0 0 0 0 0 0 3 28 0 0 7 0 0 94 74 0 6025994 0 0 0 0 0 409055 0 0 669 0 
0 0 0 0 0 0 0 0 0 0 0 0 0 0 0 0 0 0 0 0 0 0 0 3 0 28 28 0 0 94 0 0 74 3788603 2237843 0 0 0 0 0 409059 677 0 0 
0 0 0 0 0 0 0 0 0 0 0 0 0 0 0 0 0 0 0 0 0 0 0 3 28 0 0 7 0 0 94 74 0 6025994 0 0 0 0 0 409055 0 0 669 0 
0 0 0 0 0 0 0 0 0 0 0 0 0 0 0 0 0 0 0 0 0 0 0 3 0 28 28 0 0 94 0 0 74 3788603 2237843 0 0 0 0 0 409059 677 0 0 
0 0 0 0 0 0 0 0 0 0 0 0 0 0 0 0 0 0 0 0 0 0 0 3 28 0 0 7 0 0 94 74 0 6025994 0 0 0 0 0 409055 0 0 669 0 
0 0 0 0 0 0 0 0 0 0 0 0 0 0 0 0 0 0 0 0 0 0 0 3 0 28 28 0 0 94 0 0 74 3788603 2237843 0 0 0 0 0 409059 677 0 0 
0 0 0 0 0 0 0 0 0 0 0 0 0 0 0 0 0 0 0 0 0 0 0 3 28 0 0 7 0 0 94 74 0 6025994 0 0 0 0 0 409055 0 0 669 0 
0 0 0 0 0 0 0 0 0 0 0 0 0 0 0 0 0 0 0 0 0 0 0 3 0 28 28 0 0 94 0 0 74 3788603 2237843 0 0 0 0 0 409059 677 0 0 
0 0 0 0 0 0 0 0 0 0 0 0 0 0 0 0 0 0 0 0 0 0 0 3 28 0 0 7 0 0 94 74 0 6025994 0 0 0 0 0 409055 0 0 669 0 
0 0 0 0 0 0 0 0 0 0 0 0 0 0 0 0 0 0 0 0 0 0 0 3 0 28 28 0 0 94 0 0 74 3788603 2237843 0 0 0 0 0 409059 677 0 0 
0 0 0 0 0 0 0 0 0 0 0 0 0 0 0 0 0 0 0 0 0 0 0 3 28 0 0 7 0 0 94 74 0 6025994 0 0 0 0 0 409055 0 0 669 0 
0 0 0 0 0 0 0 0 0 0 0 0 0 0 0 0 0 0 0 0 0 0 0 3 0 28 28 0 0 94 0 0 74 3788603 2237843 0 0 0 0 0 409059 677 0 0 
0 0 0 0 0 0 0 0 0 0 0 0 0 0 0 0 0 0 0 0 0 0 0 3 28 0 0 7 0 0 94 74 0 6025994 0 0 0 0 0 409055 0 0 669 0 
0 0 0 0 0 0 0 0 0 0 0 0 0 0 0 0 0 0 0 0 0 0 0 3 0 28 28 0 0 94 0 0 74 3788603 2237843 0 0 0 0 0 409059 677 0 0 
0 0 0 0 0 0 0 0 0 0 0 0 0 0 0 0 0 0 0 0 0 0 0 3 28 0 0 7 0 0 94 74 0 6025994 0 0 0 0 0 409055 0 0 669 0 
0 0 0 0 0 0 0 0 0 0 0 0 0 0 0 0 0 0 0 0 0 0 0 3 0 28 28 0 0 94 0 0 74 3788603 2237843 0 0 0 0 0 409059 677 0 0 
0 0 0 0 0 0 0 0 0 0 0 0 0 0 0 0 0 0 0 0 0 0 0 3 28 0 0 7 0 0 94 74 0 6025994 0 0 0 0 0 409055 0 0 669 0 
0 0 0 0 0 0 0 0 0 0 0 0 0 0 0 0 0 0 0 0 0 0 0 3 0 28 28 0 0 94 0 0 74 3788603 2237843 0 0 0 0 0 409059 677 0 0 
0 0 0 0 0 0 0 0 0 0 0 0 0 0 0 0 0 0 0 0 0 0 0 3 28 0 0 7 0 0 94 74 0 6025994 0 0 0 0 0 409055 0 0 669 0 
0 0 0 0 0 0 0 0 0 0 0 0 0 0 0 0 0 0 0 0 0 0 0 3 0 28 28 0 0 94 0 0 74 3788603 2237843 0 0 0 0 0 409059 677 0 0 
0 0 0 0 0 0 0 0 0 0 0 0 0 0 0 0 0 0 0 0 0 0 0 3 28 0 0 7 0 0 94 74 0 6025994 0 0 0 0 0 409055 0 0 669 0 
0 0 0 0 0 0 0 0 0 0 0 0 0 0 0 0 0 0 0 0 0 0 0 3 0 28 28 0 0 94 0 0 74 3788603 2237843 0 0 0 0 0 409059 677 0 0 
0 0 0 0 0 0 0 0 0 0 0 0 0 0 0 0 0 0 0 0 0 0 0 3 28 0 0 7 0 0 94 74 0 6025994 0 0 0 0 0 409055 0 0 669 0 
0 0 0 0 0 0 0 0 0 0 0 0 0 0 0 0 0 0 0 0 0 0 0 3 0 28 28 0 0 94 0 0 74 3788603 2237843 0 0 0 0 0 409059 677 0 0 
0 0 0 0 0 0 0 0 0 0 0 0 0 0 0 0 0 0 0 0 0 0 0 3 28 0 0 7 0 0 94 74 0 6025994 0 0 0 0 0 409055 0 0 669 0 
0 0 0 0 0 0 0 0 0 0 0 0 0 0 0 0 0 0 0 0 0 0 0 3 0 28 28 0 0 94 0 0 74 3788603 2237843 0 0 0 0 0 409059 677 0 0 
0 0 0 0 0 0 0 0 0 0 0 0 0 0 0 0 0 0 0 0 0 0 0 3 28 0 0 7 0 0 94 74 0 6025994 0 0 0 0 0 409055 0 0 669 0 
0 0 0 0 0 0 0 0 0 0 0 0 0 0 0 0 0 0 0 0 0 0 0 3 0 28 28 0 0 94 0 0 74 3788603 2237843 0 0 0 0 0 409059 677 0 0 
0 0 0 0 0 0 0 0 0 0 0 0 0 0 0 0 0 0 0 0 0 0 0 3 28 0 0 7 0 0 94 74 0 6025994 0 0 0 0 0 409055 0 0 669 0 
0 0 0 0 0 0 0 0 0 0 0 0 0 0 0 0 0 0 0 0 0 0 0 3 0 28 28 0 0 94 0 0 74 3788603 2237843 0 0 0 0 0 409059 677 0 0 
0 0 0 0 0 0 0 0 0 0 0 0 0 0 0 0 0 0 0 0 0 0 0 3 28 0 0 7 0 0 94 74 0 6025994 0 0 0 0 0 409055 0 0 669 0 
0 0 0 0 0 0 0 0 0 0 0 0 0 0 0 0 0 0 0 0 0 0 0 3 0 28 28 0 0 94 0 0 74 3788603 2237843 0 0 0 0 0 409059 677 0 0 
0 0 0 0 0 0 0 0 0 0 0 0 0 0 0 0 0 0 0 0 0 0 0 3 28 0 0 7 0 0 94 74 0 6025994 0 0 0 0 0 409055 0 0 669 0 
0 0 0 0 0 0 0 0 0 0 0 0 0 0 0 0 0 0 0 0 0 0 0 3 0 28 28 0 0 94 0 0 74 3788603 2237843 0 0 0 0 0 409059 677 0 0 
0 0 0 0 0 0 0 0 0 0 0 0 0 0 0 0 0 0 0 0 0 0 0 3 28 0 0 7 0 0 94 74 0 6025994 0 0 0 0 0 409055 0 0 669 0 
0 0 0 0 0 0 0 0 0 0 0 0 0 0 0 0 0 0 0 0 0 0 0 3 0 28 28 0 0 94 0 0 74 3788603 2237843 0 0 0 0 0 409059 677 0 0 
0 0 0 0 0 0 0 0 0 0 0 0 0 0 0 0 0 0 0 0 0 0 0 3 28 0 0 7 0 0 94 74 0 6025994 0 0 0 0 0 409055 0 0 669 0 
0 0 0 0 0 0 0 0 0 0 0 0 0 0 0 0 0 0 0 0 0 0 0 3 0 28 28 0 0 94 0 0 74 3788603 2237843 0 0 0 0 0 409059 677 0 0 
0 0 0 0 0 0 0 0 0 0 0 0 0 0 0 0 0 0 0 0 0 0 0 3 28 0 0 7 0 0 94 74 0 6025994 0 0 0 0 0 409055 0 0 669 0 
0 0 0 0 0 0 0 0 0 0 0 0 0 0 0 0 0 0 0 0 0 0 0 3 0 28 28 0 0 94 0 0 74 3788603 2237843 0 0 0 0 0 409059 677 0 0 
0 0 0 0 0 0 0 0 0 0 0 0 0 0 0 0 0 0 0 0 0 0 0 3 28 0 0 7 0 0 94 74 0 6025994 0 0 0 0 0 409055 0 0 669 0 
0 0 0 0 0 0 0 0 0 0 0 0 0 0 0 0 0 0 0 0 0 0 0 3 0 28 28 0 0 94 0 0 74 3788603 2237843 0 0 0 0 0 409059 677 0 0 
0 0 0 0 0 0 0 0 0 0 0 0 0 0 0 0 0 0 0 0 0 0 0 3 28 0 0 7 0 0 94 74 0 6025994 0 0 0 0 0 409055 0 0 669 0 
0 0 0 0 0 0 0 0 0 0 0 0 0 0 0 0 0 0 0 0 0 0 0 3 0 28 28 0 0 94 0 0 74 3788603 2237843 0 0 0 0 0 409059 677 0 0 
0 0 0 0 0 0 0 0 0 0 0 0 0 0 0 0 0 0 0 0 0 0 0 3 28 0 0 7 0 0 94 74 0 6025994 0 0 0 0 0 409055 0 0 669 0 
0 0 0 0 0 0 0 0 0 0 0 0 0 0 0 0 0 0 0 0 0 0 0 3 0 28 28 0 0 94 0 0 74 3788603 2237843 0 0 0 0 0 409059 677 0 0 
0 0 0 0 0 0 0 0 0 0 0 0 0 0 0 0 0 0 0 0 0 0 0 3 28 0 0 7 0 0 94 74 0 6025994 0 0 0 0 0 409055 0 0 669 0 
0 0 0 0 0 0 0 0 0 0 0 0 0 0 0 0 0 0 0 0 0 0 0 3 0 28 28 0 0 94 0 0 74 3788603 2237843 0 0 0 0 0 409059 677 0 0 
0 0 0 0 0 0 0 0 0 0 0 0 0 0 0 0 0 0 0 0 0 0 0 3 28 0 0 7 0 0 94 74 0 6025994 0 0 0 0 0 409055 0 0 669 0 
0 0 0 0 0 0 0 0 0 0 0 0 0 0 0 0 0 0 0 0 0 0 0 3 0 28 28 0 0 94 0 0 74 3788603 2237843 0 0 0 0 0 409059 677 0 0 
0 0 0 0 0 0 0 0 0 0 0 0 0 0 0 0 0 0 0 0 0 0 0 3 28 0 0 7 0 0 94 74 0 6025994 0 0 0 0 0 409055 0 0 669 0 
0 0 0 0 0 0 0 0 0 0 0 0 0 0 0 0 0 0 0 0 0 0 0 3 0 28 28 0 0 94 0 0 74 3788603 2237843 0 0 0 0 0 409059 677 0 0 
0 0 0 0 0 0 0 0 0 0 0 0 0 0 0 0 0 0 0 0 0 0 0 3 28 0 0 7 0 0 94 74 0 6025994 0 0 0 0 0 409055 0 0 669 0 
0 0 0 0 0 0 0 0 0 0 0 0 0 0 0 0 0 0 0 0 0 0 0 3 0 28 28 0 0 94 0 0 74 3788603 2237843 0 0 0 0 0 409059 677 0 0 
0 0 0 0 0 0 0 0 0 0 0 0 0 0 0 0 0 0 0 0 0 0 0 3 28 0 0 7 0 0 94 74 0 6025994 0 0 0 0 0 409055 0 0 669 0 
0 0 0 0 0 0 0 0 0 0 0 0 0 0 0 0 0 0 0 0 0 0 0 3 0 28 28 0 0 94 0 0 74 3788603 2237843 0 0 0 0 0 409059 677 0 0 
0 0 0 0 0 0 0 0 0 0 0 0 0 0 0 0 0 0 0 0 0 0 0 3 28 0 0 7 0 0 94 74 0 6025994 0 0 0 0 0 409055 0 0 669 0 
0 0 0 0 0 0 0 0 0 0 0 0 0 0 0 0 0 0 0 0 0 0 0 3 0 28 28 0 0 94 0 0 74 3788603 2237843 0 0 0 0 0 409059 677 0 0 
0 0 0 0 0 0 0 0 0 0 0 0 0 0 0 0 0 0 0 0 0 0 0 3 28 0 0 7 0 0 94 74 0 6025994 0 0 0 0 0 409055 0 0 669 0 
0 0 0 0 0 0 0 0 0 0 0 0 0 0 0 0 0 0 0 0 0 0 0 3 0 28 28 0 0 94 0 0 74 3788603 2237843 0 0 0 0 0 409059 677 0 0 
0 0 0 0 0 0 0 0 0 0 0 0 0 0 0 0 0 0 0 0 0 0 0 3 28 0 0 7 0 0 94 74 0 6025994 0 0 0 0 0 409055 0 0 669 0 
0 0 0 0 0 0 0 0 0 0 0 0 0 0 0 0 0 0 0 0 0 0 0 3 0 28 28 0 0 94 0 0 74 3788603 2237843 0 0 0 0 0 409059 677 0 0 
0 0 0 0 0 0 0 0 0 0 0 0 0 0 0 0 0 0 0 0 0 0 0 3 28 0 0 7 0 0 94 74 0 6025994 0 0 0 0 0 409055 0 0 669 0 
0 0 0 0 0 0 0 0 0 0 0 0 0 0 0 0 0 0 0 0 0 0 0 3 0 28 28 0 0 94 0 0 74 3788603 2237843 0 0 0 0 0 409059 677 0 0 
0 0 0 0 0 0 0 0 0 0 0 0 0 0 0 0 0 0 0 0 0 0 0 3 28 0 0 7 0 0 94 74 0 6025994 0 0 0 0 0 409055 0 0 669 0 
0 0 0 0 0 0 0 0 0 0 0 0 0 0 0 0 0 0 0 0 0 0 0 3 0 28 28 0 0 94 0 0 74 3788603 2237843 0 0 0 0 0 409059 677 0 0 
0 0 0 0 0 0 0 0 0 0 0 0 0 0 0 0 0 0 0 0 0 0 0 3 28 0 0 7 0 0 94 74 0 6025994 0 0 0 0 0 409055 0 0 669 0 
0 0 0 0 0 0 0 0 0 0 0 0 0 0 0 0 0 0 0 0 0 0 0 3 0 28 28 0 0 94 0 0 74 3788603 2237843 0 0 0 0 0 409059 677 0 0 
0 0 0 0 0 0 0 0 0 0 0 0 0 0 0 0 0 0 0 0 0 0 0 3 28 0 0 7 0 0 94 74 0 6025994 0 0 0 0 0 409055 0 0 669 0 
0 0 0 0 0 0 0 0 0 0 0 0 0 0 0 0 0 0 0 0 0 0 0 3 0 28 28 0 0 94 0 0 74 3788603 2237843 0 0 0 0 0 409059 677 0 0 
0 0 0 0 0 0 0 0 0 0 0 0 0 0 0 0 0 0 0 0 0 0 0 3 28 0 0 7 0 0 94 74 0 6025994 0 0 0 0 0 409055 0 0 669 0 
0 0 0 0 0 0 0 0 0 0 0 0 0 0 0 0 0 0 0 0 0 0 0 3 0 28 28 0 0 94 0 0 74 3788603 2237843 0 0 0 0 0 409059 677 0 0 
0 0 0 0 0 0 0 0 0 0 0 0 0 0 0 0 0 0 0 0 0 0 0 3 28 0 0 7 0 0 94 74 0 6025994 0 0 0 0 0 409055 0 0 669 0 
0 0 0 0 0 0 0 0 0 0 0 0 0 0 0 0 0 0 0 0 0 0 0 3 0 28 28 0 0 94 0 0 74 3788603 2237843 0 0 0 0 0 409059 677 0 0 
0 0 0 0 0 0 0 0 0 0 0 0 0 0 0 0 0 0 0 0 0 0 0 3 28 0 0 7 0 0 94 74 0 6025994 0 0 0 0 0 409055 0 0 669 0 
0 0 0 0 0 0 0 0 0 0 0 0 0 0 0 0 0 0 0 0 0 0 0 3 0 28 28 0 0 94 0 0 74 3788603 2237843 0 0 0 0 0 409059 677 0 0 
0 0 0 0 0 0 0 0 0 0 0 0 0 0 0 0 0 0 0 0 0 0 0 3 28 0 0 7 0 0 94 74 0 6025994 0 0 0 0 0 409055 0 0 669 0 
0 0 0 0 0 0 0 0 0 0 0 0 0 0 0 0 0 0 0 0 0 0 0 3 0 28 28 0 0 94 0 0 74 3788603 2237843 0 0 0 0 0 409059 677 0 0 
0 0 0 0 0 0 0 0 0 0 0 0 0 0 0 0 0 0 0 0 0 0 0 3 28 0 0 7 0 0 94 74 0 6025994 0 0 0 0 0 409055 0 0 669 0 
0 0 0 0 0 0 0 0 0 0 0 0 0 0 0 0 0 0 0 0 0 0 0 3 0 28 28 0 0 94 0 0 74 3788603 2237843 0 0 0 0 0 409059 677 0 0 
0 0 0 0 0 0 0 0 0 0 0 0 0 0 0 0 0 0 0 0 0 0 0 3 28 0 0 7 0 0 94 74 0 6025994 0 0 0 0 0 409055 0 0 669 0 
0 0 0 0 0 0 0 0 0 0 0 0 0 0 0 0 0 0 0 0 0 0 0 3 0 28 28 0 0 94 0 0 74 3788603 2237843 0 0 0 0 0 409059 677 0 0 
0 0 0 0 0 0 0 0 0 0 0 0 0 0 0 0 0 0 0 0 0 0 0 3 28 0 0 7 0 0 94 74 0 6025994 0 0 0 0 0 409055 0 0 669 0 
0 0 0 0 0 0 0 0 0 0 0 0 0 0 0 0 0 0 0 0 0 0 0 3 0 28 28 0 0 94 0 0 74 3788603 2237843 0 0 0 0 0 409059 677 0 0 
0 0 0 0 0 0 0 0 0 0 0 0 0 0 0 0 0 0 0 0 0 0 0 3 28 0 0 7 0 0 94 74 0 6025994 0 0 0 0 0 409055 0 0 669 0 
0 0 0 0 0 0 0 0 0 0 0 0 0 0 0 0 0 0 0 0 0 0 0 3 0 28 28 0 0 94 0 0 74 3788603 2237843 0 0 0 0 0 409059 677 0 0 
0 0 0 0 0 0 0 0 0 0 0 0 0 0 0 0 0 0 0 0 0 0 0 3 28 0 0 7 0 0 94 74 0 6025994 0 0 0 0 0 409055 0 0 669 0 
0 0 0 0 0 0 0 0 0 0 0 0 0 0 0 0 0 0 0 0 0 0 0 3 0 28 28 0 0 94 0 0 74 3788603 2237843 0 0 0 0 0 409059 677 0 0 
0 0 0 0 0 0 0 0 0 0 0 0 0 0 0 0 0 0 0 0 0 0 0 3 28 0 0 7 0 0 94 74 0 6025994 0 0 0 0 0 409055 0 0 669 0 
0 0 0 0 0 0 0 0 0 0 0 0 0 0 0 0 0 0 0 0 0 0 0 3 0 28 28 0 0 94 0 0 74 3788603 2237843 0 0 0 0 0 409059 677 0 0 
0 0 0 0 0 0 0 0 0 0 0 0 0 0 0 0 0 0 0 0 0 0 0 3 28 0 0 7 0 0 94 74 0 6025994 0 0 0 0 0 409055 0 0 669 0 
0 0 0 0 0 0 0 0 0 0 0 0 0 0 0 0 0 0 0 0 0 0 0 3 0 28 28 0 0 94 0 0 74 3788603 2237843 0 0 0 0 0 409059 677 0 0 
0 0 0 0 0 0 0 0 0 0 0 0 0 0 0 0 0 0 0 0 0 0 0 3 28 0 0 7 0 0 94 74 0 6025994 0 0 0 0 0 409055 0 0 669 0 
0 0 0 0 0 0 0 0 0 0 0 0 0 0 0 0 0 0 0 0 0 0 0 3 0 28 28 0 0 94 0 0 74 3788603 2237843 0 0 0 0 0 409059 677 0 0 
0 0 0 0 0 0 0 0 0 0 0 0 0 0 0 0 0 0 0 0 0 0 0 3 28 0 0 7 0 0 94 74 0 6025994 0 0 0 0 0 409055 0 0 669 0 
0 0 0 0 0 0 0 0 0 0 0 0 0 0 0 0 0 0 0 0 0 0 0 3 0 28 28 0 0 94 0 0 74 3788603 2237843 0 0 0 0 0 409059 677 0 0 
0 0 0 0 0 0 0 0 0 0 0 0 0 0 0 0 0 0 0 0 0 0 0 3 28 0 0 7 0 0 94 74 0 6025994 0 0 0 0 0 409055 0 0 669 0 
0 0 0 0 0 0 0 0 0 0 0 0 0 0 0 0 0 0 0 0 0 0 0 3 0 28 28 0 0 94 0 0 74 3788603 2237843 0 0 0 0 0 409059 677 0 0 
0 0 0 0 0 0 0 0 0 0 0 0 0 0 0 0 0 0 0 0 0 0 0 3 28 0 0 7 0 0 94 74 0 6025994 0 0 0 0 0 409055 0 0 669 0 
0 0 0 0 0 0 0 0 0 0 0 0 0 0 0 0 0 0 0 0 0 0 0 3 0 28 28 0 0 94 0 0 74 3788603 2237843 0 0 0 0 0 409059 677 0 0 
0 0 0 0 0 0 0 0 0 0 0 0 0 0 0 0 0 0 0 0 0 0 0 3 28 0 0 7 0 0 94 74 0 6025994 0 0 0 0 0 409055 0 0 669 0 
0 0 0 0 0 0 0 0 0 0 0 0 0 0 0 0 0 0 0 0 0 0 0 3 0 28 28 0 0 94 0 0 74 3788603 2237843 0 0 0 0 0 409059 677 0 0 
0 0 0 0 0 0 0 0 0 0 0 0 0 0 0 0 0 0 0 0 0 0 0 3 28 0 0 7 0 0 94 74 0 6025994 0 0 0 0 0 409055 0 0 669 0 
0 0 0 0 0 0 0 0 0 0 0 0 0 0 0 0 0 0 0 0 0 0 0 3 0 28 28 0 0 94 0 0 74 3788603 2237843 0 0 0 0 0 409059 677 0 0 
0 0 0 0 0 0 0 0 0 0 0 0 0 0 0 0 0 0 0 0 0 0 0 3 28 0 0 7 0 0 94 74 0 6025994 0 0 0 0 0 409055 0 0 669 0 
0 0 0 0 0 0 0 0 0 0 0 0 0 0 0 0 0 0 0 0 0 0 0 3 0 28 28 0 0 94 0 0 74 3788603 2237843 0 0 0 0 0 409059 677 0 0 
0 0 0 0 0 0 0 0 0 0 0 0 0 0 0 0 0 0 0 0 0 0 0 3 28 0 0 7 0 0 94 74 0 6025994 0 0 0 0 0 409055 0 0 669 0 
0 0 0 0 0 0 0 0 0 0 0 0 0 0 0 0 0 0 0 0 0 0 0 3 0 28 28 0 0 94 0 0 74 3788603 2237843 0 0 0 0 0 409059 677 0 0 
0 0 0 0 0 0 0 0 0 0 0 0 0 0 0 0 0 0 0 0 0 0 0 3 28 0 0 7 0 0 94 74 0 6025994 0 0 0 0 0 409055 0 0 669 0 
0 0 0 0 0 0 0 0 0 0 0 0 0 0 0 0 0 0 0 0 0 0 0 3 0 28 28 0 0 94 0 0 74 3788603 2237843 0 0 0 0 0 409059 677 0 0 
0 0 0 0 0 0 0 0 0 0 0 0 0 0 0 0 0 0 0 0 0 0 0 3 28 0 0 7 0 0 94 74 0 6025994 0 0 0 0 0 409055 0 0 669 0 
0 0 0 0 0 0 0 0 0 0 0 0 0 0 0 0 0 0 0 0 0 0 0 3 0 28 28 0 0 94 0 0 74 3788603 2237843 0 0 0 0 0 409059 677 0 0 
0 0 0 0 0 0 0 0 0 0 0 0 0 0 0 0 0 0 0 0 0 0 0 3 28 0 0 7 0 0 94 74 0 6025994 0 0 0 0 0 409055 0 0 669 0 
0 0 0 0 0 0 0 0 0 0 0 0 0 0 0 0 0 0 0 0 0 0 0 3 0 28 28 0 0 94 0 0 74 3788603 2237843 0 0 0 0 0 409059 677 0 0 
0 0 0 0 0 0 0 0 0 0 0 0 0 0 0 0 0 0 0 0 0 0 0 3 28 0 0 7 0 0 94 74 0 6025994 0 0 0 0 0 409055 0 0 669 0 
0 0 0 0 0 0 0 0 0 0 0 0 0 0 0 0 0 0 0 0 0 0 0 3 0 28 28 0 0 94 0 0 74 3788603 2237843 0 0 0 0 0 409059 677 0 0 
0 0 0 0 0 0 0 0 0 0 0 0 0 0 0 0 0 0 0 0 0 0 0 3 36 0 0 7 0 0 121 74 0 6196241 0 0 0 0 0 409078 0 0 706 0 
0 0 0 0 0 0 0 0 0 0 0 0 0 0 0 0 0 0 0 0 0 0 0 3 0 28 36 0 0 121 0 0 74 3959386 2237868 0 0 0 0 0 409082 714 0 0 
0 0 0 0 0 0 0 0 0 0 0 0 0 0 0 0 0 0 0 0 0 0 0 3 36 0 0 7 0 0 121 74 0 6527505 0 0 0 0 0 409078 0 0 706 0 
0 0 0 0 0 0 0 0 0 0 0 0 0 0 0 0 0 0 0 0 0 0 0 3 0 28 36 0 0 121 0 0 74 4291810 2237868 0 0 0 0 0 409082 714 0 0 
0 0 0 0 0 0 0 0 0 0 0 0 0 0 0 0 0 0 0 0 0 0 0 3 36 0 0 7 0 0 121 74 0 6861183 0 0 0 0 0 409078 0 0 706 0 
0 0 0 0 0 0 0 0 0 0 0 0 0 0 0 0 0 0 0 0 0 0 0 3 0 28 36 0 0 121 0 0 74 4627046 2237868 0 0 0 0 0 409082 714 0 0 
0 0 0 0 0 0 0 0 0 0 0 0 0 0 0 0 0 0 0 0 0 0 0 3 36 0 0 7 0 0 121 74 0 7180502 0 0 0 0 0 409078 0 0 706 0 
0 0 0 0 0 0 0 0 0 0 0 0 0 0 0 0 0 0 0 0 0 0 0 3 0 28 36 0 0 121 0 0 74 4947870 2237868 0 0 0 0 0 409082 714 0 0 
0 0 0 0 0 0 0 0 0 0 0 0 0 0 0 0 0 0 0 0 0 0 0 3 36 0 0 7 0 0 121 74 0 7442545 0 0 0 0 0 409082 0 0 706 0 
0 0 0 0 0 0 0 0 0 0 0 0 0 0 0 0 0 0 0 0 0 0 0 3 0 28 36 0 0 121 0 0 74 5210109 2237868 0 0 0 0 0 409086 714 0 0 
0 0 0 0 0 0 0 0 0 0 0 0 0 0 0 0 0 0 0 0 0 0 0 3 36 0 0 7 0 0 123 74 0 7617656 0 0 0 0 0 482308 0 0 721 0 
0 0 0 0 0 0 0 0 0 0 0 0 0 0 0 0 0 0 0 0 0 0 0 3 0 28 36 0 0 123 0 0 74 5385338 2237883 0 0 0 0 0 482630 730 0 0 
0 0 0 0 0 0 0 0 0 0 0 0 0 0 0 0 0 0 0 0 0 0 0 3 36 0 0 7 0 0 123 74 0 7820878 0 0 0 0 0 604024 0 0 775 0 
0 0 0 0 0 0 0 0 0 0 0 0 0 0 0 0 0 0 0 0 0 0 0 3 0 28 36 0 0 123 0 0 74 5554427 2272535 0 0 0 0 0 604651 784 0 0 
0 0 0 0 0 0 0 0 0 0 0 0 0 0 0 0 0 0 0 0 0 0 0 3 36 0 0 7 0 0 123 74 0 7988632 0 0 0 0 0 650349 0 0 791 0 
0 0 0 0 0 0 0 0 0 0 0 0 0 0 0 0 0 0 0 0 0 0 0 3 0 28 36 0 0 123 0 0 74 5662294 2332747 0 0 0 0 0 651156 800 0 0 
0 0 0 0 0 0 0 0 0 0 0 0 0 0 0 0 0 0 0 0 0 0 0 3 36 0 0 7 0 0 123 74 0 8195529 0 0 0 0 0 791099 0 0 843 0 
0 0 0 0 0 0 0 0 0 0 0 0 0 0 0 0 0 0 0 0 0 0 0 3 0 28 36 0 0 123 0 0 74 5833474 2369080 0 0 0 0 0 792360 853 0 0 
0 0 0 0 0 0 0 0 0 0 0 0 0 0 0 0 0 0 0 0 0 0 0 3 36 0 0 7 0 0 123 74 0 8368144 0 0 0 0 0 842635 0 0 859 0 
0 0 0 0 0 0 0 0 0 0 0 0 0 0 0 0 0 0 0 0 0 0 0 3 0 28 36 0 0 123 0 0 74 5948161 2427345 0 0 0 0 0 844096 869 0 0 
0 0 0 0 0 0 0 0 0 0 0 0 0 0 0 0 0 0 0 0 0 0 0 3 36 0 0 7 0 0 123 74 0 8585232 0 0 0 0 0 977555 0 0 913 0 
0 0 0 0 0 0 0 0 0 0 0 0 0 0 0 0 0 0 0 0 0 0 0 3 0 28 36 0 0 123 0 0 74 6124666 2468412 0 0 0 0 0 979554 923 0 0 
0 0 0 0 0 0 0 0 0 0 0 0 0 0 0 0 0 0 0 0 0 0 0 3 36 0 0 7 0 0 123 74 0 8741207 0 0 0 0 0 1021803 0 0 928 0 
0 0 0 0 0 0 0 0 0 0 0 0 0 0 0 0 0 0 0 0 0 0 0 3 0 28 36 0 0 123 0 0 74 6227337 2521948 0 0 0 0 0 1023993 939 0 0 
0 0 0 0 0 0 0 0 0 0 0 0 0 0 0 0 0 0 0 0 0 0 0 3 36 0 0 7 0 0 123 74 0 8948685 0 0 0 0 0 1164053 0 0 979 0 
0 0 0 0 0 0 0 0 0 0 0 0 0 0 0 0 0 0 0 0 0 0 0 3 0 28 36 0 0 123 0 0 74 6398920 2558390 0 0 0 0 0 1166701 990 0 0 
0 0 0 0 0 0 0 0 0 0 0 0 0 0 0 0 0 0 0 0 0 0 0 3 36 0 0 7 0 0 123 74 0 9120478 0 0 0 0 0 1214660 0 0 994 0 
0 0 0 0 0 0 0 0 0 0 0 0 0 0 0 0 0 0 0 0 0 0 0 3 0 28 36 0 0 123 0 0 74 6512839 2616536 0 0 0 0 0 1217521 1006 0 0 
0 0 0 0 0 0 0 0 0 0 0 0 0 0 0 0 0 0 0 0 0 0 0 3 36 0 0 7 0 0 123 74 0 9329642 0 0 0 0 0 1350530 0 0 1045 0 
0 0 0 0 0 0 0 0 0 0 0 0 0 0 0 0 0 0 0 0 0 0 0 3 0 28 36 0 0 123 0 0 74 6683361 2655698 0 0 0 0 0 1353866 1057 0 0 
0 0 0 0 0 0 0 0 0 0 0 0 0 0 0 0 0 0 0 0 0 0 0 3 36 0 0 7 0 0 123 74 0 9534890 0 0 0 0 0 1485234 0 0 1061 0 
0 0 0 0 0 0 0 0 0 0 0 0 0 0 0 0 0 0 0 0 0 0 0 3 0 28 36 0 0 123 0 0 74 6833419 2711131 0 0 0 0 0 1489277 1073 0 0 
0 0 0 0 0 0 0 0 0 0 0 0 0 0 0 0 0 0 0 0 0 0 0 3 36 0 0 7 0 0 123 74 0 9751199 0 0 0 0 0 1536891 0 0 1111 0 
0 0 0 0 0 0 0 0 0 0 0 0 0 0 0 0 0 0 0 0 0 0 0 3 0 28 36 0 0 123 0 0 74 6999761 2761654 0 0 0 0 0 1541032 1124 0 0 
0 0 0 0 0 0 0 0 0 0 0 0 0 0 0 0 0 0 0 0 0 0 0 3 36 0 0 7 0 0 123 74 0 9894763 0 0 0 0 0 1633925 0 0 1126 0 
0 0 0 0 0 0 0 0 0 0 0 0 0 0 0 0 0 0 0 0 0 0 0 3 0 28 36 0 0 123 0 0 74 7099527 2805721 0 0 0 0 0 1638493 1140 0 0 
0 0 0 0 0 0 0 0 0 0 0 0 0 0 0 0 0 0 0 0 0 0 0 3 36 0 0 7 0 0 123 74 0 10110916 0 0 0 0 0 1723415 0 0 1175 0 
0 0 0 0 0 0 0 0 0 0 0 0 0 0 0 0 0 0 0 0 0 0 0 3 0 28 36 0 0 123 0 0 74 7271196 2850851 0 0 0 0 0 1728233 1189 0 0 
0 0 0 0 0 0 0 0 0 0 0 0 0 0 0 0 0 0 0 0 0 0 0 3 36 0 0 7 0 0 123 74 0 10269409 0 0 0 0 0 1817874 0 0 1191 0 
0 0 0 0 0 0 0 0 0 0 0 0 0 0 0 0 0 0 0 0 0 0 0 3 0 28 36 0 0 123 0 0 74 7380795 2900321 0 0 0 0 0 1824029 1205 0 0 
0 0 0 0 0 0 0 0 0 0 0 0 0 0 0 0 0 0 0 0 0 0 0 3 36 0 0 7 0 0 123 74 0 10488517 0 0 0 0 0 1909844 0 0 1243 0 
0 0 0 0 0 0 0 0 0 0 0 0 0 0 0 0 0 0 0 0 0 0 0 3 0 28 36 0 0 123 0 0 74 7556163 2944380 0 0 0 0 0 1915383 1257 0 0 
0 0 0 0 0 0 0 0 0 0 0 0 0 0 0 0 0 0 0 0 0 0 0 3 36 0 0 7 0 0 123 74 0 10631405 0 0 0 0 0 1972514 0 0 1259 0 
0 0 0 0 0 0 0 0 0 0 0 0 0 0 0 0 0 0 0 0 0 0 0 3 0 28 36 0 0 123 0 0 74 7648723 2994931 0 0 0 0 0 1978392 1273 0 0 
0 0 0 0 0 0 0 0 0 0 0 0 0 0 0 0 0 0 0 0 0 0 0 3 36 0 0 7 0 0 123 74 0 10834256 0 0 0 0 0 2096258 0 0 1309 0 
0 0 0 0 0 0 0 0 0 0 0 0 0 0 0 0 0 0 0 0 0 0 0 3 0 28 36 0 0 123 0 0 74 7816725 3030339 0 0 0 0 0 2102561 1324 0 0 
0 0 0 0 0 0 0 0 0 0 0 0 0 0 0 0 0 0 0 0 0 0 0 3 36 0 0 7 0 0 123 74 0 11004060 0 0 0 0 0 2148878 0 0 1322 0 
0 0 0 0 0 0 0 0 0 0 0 0 0 0 0 0 0 0 0 0 0 0 0 3 0 28 36 0 0 123 0 0 74 7927599 3089523 0 0 0 0 0 2155432 1340 0 0 
0 0 0 0 0 0 0 0 0 0 0 0 0 0 0 0 0 0 0 0 0 0 0 3 36 0 0 7 0 0 123 74 0 11263897 0 0 0 0 0 2282644 0 0 1376 0 
0 0 0 0 0 0 0 0 0 0 0 0 0 0 0 0 0 0 0 0 0 0 0 3 0 28 36 0 0 123 0 0 74 8134940 3142723 0 0 0 0 0 2289726 1394 0 0 
0 0 0 0 0 0 0 0 0 0 0 0 0 0 0 0 0 0 0 0 0 0 0 3 36 0 0 7 0 0 123 74 0 11407323 0 0 0 0 0 2391821 0 0 1392 0 
0 0 0 0 0 0 0 0 0 0 0 0 0 0 0 0 0 0 0 0 0 0 0 3 0 28 36 0 0 123 0 0 74 8237262 3184128 0 0 0 0 0 2399427 1410 0 0 
0 0 0 0 0 0 0 0 0 0 0 0 0 0 0 0 0 0 0 0 0 0 0 3 36 0 0 7 0 0 123 74 0 11627005 0 0 0 0 0 2469057 0 0 1446 0 
0 0 0 0 0 0 0 0 0 0 0 0 0 0 0 0 0 0 0 0 0 0 0 3 0 28 36 0 0 123 0 0 74 8409434 3232202 0 0 0 0 0 2476924 1464 0 0 
0 0 0 0 0 0 0 0 0 0 0 0 0 0 0 0 0 0 0 0 0 0 0 3 36 0 0 7 0 0 123 74 0 11778912 0 0 0 0 0 2567707 0 0 1462 0 
0 0 0 0 0 0 0 0 0 0 0 0 0 0 0 0 0 0 0 0 0 0 0 3 0 28 36 0 0 123 0 0 74 8515116 3278721 0 0 0 0 0 2576004 1480 0 0 
0 0 0 0 0 0 0 0 0 0 0 0 0 0 0 0 0 0 0 0 0 0 0 3 36 0 0 7 0 0 123 74 0 11996186 0 0 0 0 0 2655567 0 0 1514 0 
0 0 0 0 0 0 0 0 0 0 0 0 0 0 0 0 0 0 0 0 0 0 0 3 0 28 36 0 0 123 0 0 74 8687001 3324769 0 0 0 0 0 2664123 1533 0 0 
0 0 0 0 0 0 0 0 0 0 0 0 0 0 0 0 0 0 0 0 0 0 0 3 36 0 0 7 0 0 123 74 0 12139040 0 0 0 0 0 2720750 0 0 1529 0 
0 0 0 0 0 0 0 0 0 0 0 0 0 0 0 0 0 0 0 0 0 0 0 3 0 28 36 0 0 123 0 0 74 8781502 3373323 0 0 0 0 0 2729589 1549 0 0 
0 0 0 0 0 0 0 0 0 0 0 0 0 0 0 0 0 0 0 0 0 0 0 3 36 0 0 7 0 0 123 74 0 12349322 0 0 0 0 0 2842077 0 0 1580 0 
0 0 0 0 0 0 0 0 0 0 0 0 0 0 0 0 0 0 0 0 0 0 0 3 0 28 36 0 0 123 0 0 74 8952409 3413326 0 0 0 0 0 2851292 1600 0 0 
0 0 0 0 0 0 0 0 0 0 0 0 0 0 0 0 0 0 0 0 0 0 0 3 36 0 0 7 0 0 123 74 0 12510417 0 0 0 0 0 2894469 0 0 1596 0 
0 0 0 0 0 0 0 0 0 0 0 0 0 0 0 0 0 0 0 0 0 0 0 3 0 28 36 0 0 123 0 0 74 9059188 3467917 0 0 0 0 0 2903900 1616 0 0 
0 0 0 0 0 0 0 0 0 0 0 0 0 0 0 0 0 0 0 0 0 0 0 3 36 0 0 7 0 0 123 74 0 12725894 0 0 0 0 0 3028582 0 0 1647 0 
0 0 0 0 0 0 0 0 0 0 0 0 0 0 0 0 0 0 0 0 0 0 0 3 0 28 36 0 0 123 0 0 74 9237664 3505480 0 0 0 0 0 3038450 1668 0 0 
0 0 0 0 0 0 0 0 0 0 0 0 0 0 0 0 0 0 0 0 0 0 0 3 36 0 0 7 0 0 123 74 0 12894850 0 0 0 0 0 3096681 0 0 1663 0 
0 0 0 0 0 0 0 0 0 0 0 0 0 0 0 0 0 0 0 0 0 0 0 3 0 28 36 0 0 123 0 0 74 9349947 3562511 0 0 0 0 0 3106803 1684 0 0 
0 0 0 0 0 0 0 0 0 0 0 0 0 0 0 0 0 0 0 0 0 0 0 3 36 0 0 7 0 0 123 74 0 13100003 0 0 0 0 0 3215159 0 0 1714 0 
0 0 0 0 0 0 0 0 0 0 0 0 0 0 0 0 0 0 0 0 0 0 0 3 0 28 36 0 0 123 0 0 74 9516736 3601571 0 0 0 0 0 3225644 1735 0 0 
0 0 0 0 0 0 0 0 0 0 0 0 0 0 0 0 0 0 0 0 0 0 0 3 36 0 0 7 0 0 123 74 0 13245571 0 0 0 0 0 3229451 0 0 1729 0 
0 0 0 0 0 0 0 0 0 0 0 0 0 0 0 0 0 0 0 0 0 0 0 3 0 28 36 0 0 123 0 0 74 9606923 3657116 0 0 0 0 0 3239985 1751 0 0 
0 0 0 0 0 0 0 0 0 0 0 0 0 0 0 0 0 0 0 0 0 0 0 3 36 0 0 7 0 0 123 74 0 13452370 0 0 0 0 0 3401650 0 0 1780 0 
0 0 0 0 0 0 0 0 0 0 0 0 0 0 0 0 0 0 0 0 0 0 0 3 0 28 36 0 0 123 0 0 74 9781428 3690068 0 0 0 0 0 3412791 1802 0 0 
0 0 0 0 0 0 0 0 0 0 0 0 0 0 0 0 0 0 0 0 0 0 0 3 36 0 0 7 0 0 123 74 0 13615380 0 0 0 0 0 3401662 0 0 1788 0 
0 0 0 0 0 0 0 0 0 0 0 0 0 0 0 0 0 0 0 0 0 0 0 3 0 28 36 0 0 123 0 0 74 9883019 3751709 0 0 0 0 0 3412803 1816 0 0 
0 0 0 0 0 0 0 0 0 0 0 0 0 0 0 0 0 0 0 0 0 0 0 3 36 0 0 7 0 0 123 74 0 13810834 0 0 0 0 0 3588087 0 0 1850 0 
0 0 0 0 0 0 0 0 0 0 0 0 0 0 0 0 0 0 0 0 0 0 0 3 0 28 36 0 0 123 0 0 74 10051934 3778736 0 0 0 0 0 3599930 1872 0 0 
0 0 0 0 0 0 0 0 0 0 0 0 0 0 0 0 0 0 0 0 0 0 0 3 36 0 0 7 0 0 123 74 0 13991803 0 0 0 0 0 3588095 0 0 1858 0 
0 0 0 0 0 0 0 0 0 0 0 0 0 0 0 0 0 0 0 0 0 0 0 3 0 28 36 0 0 123 0 0 74 10165663 3846295 0 0 0 0 0 3599938 1880 0 0 
0 0 0 0 0 0 0 0 0 0 0 0 0 0 0 0 0 0 0 0 0 0 0 3 36 0 0 7 0 0 123 74 0 14176256 0 0 0 0 0 3774646 0 0 1919 0 
0 0 0 0 0 0 0 0 0 0 0 0 0 0 0 0 0 0 0 0 0 0 0 3 0 28 36 0 0 123 0 0 74 10326587 3870524 0 0 0 0 0 3787111 1942 0 0 
0 0 0 0 0 0 0 0 0 0 0 0 0 0 0 0 0 0 0 0 0 0 0 3 36 0 0 7 0 0 123 74 0 14368021 0 0 0 0 0 3774648 0 0 1919 0 
0 0 0 0 0 0 0 0 0 0 0 0 0 0 0 0 0 0 0 0 0 0 0 3 0 28 36 0 0 123 0 0 74 10448423 3940803 0 0 0 0 0 3787113 1946 0 0 
0 0 0 0 0 0 0 0 0 0 0 0 0 0 0 0 0 0 0 0 0 0 0 3 36 0 0 7 0 0 123 74 0 14549764 0 0 0 0 0 3961144 0 0 1988 0 
0 0 0 0 0 0 0 0 0 0 0 0 0 0 0 0 0 0 0 0 0 0 0 3 0 28 36 0 0 123 0 0 74 10607274 3964179 0 0 0 0 0 3974274 2012 0 0 
0 0 0 0 0 0 0 0 0 0 0 0 0 0 0 0 0 0 0 0 0 0 0 3 36 0 0 7 0 0 123 74 0 14741574 0 0 0 0 0 3961146 0 0 1988 0 
0 0 0 0 0 0 0 0 0 0 0 0 0 0 0 0 0 0 0 0 0 0 0 3 0 28 36 0 0 123 0 0 74 10729663 4033928 0 0 0 0 0 3974276 2016 0 0 
0 0 0 0 0 0 0 0 0 0 0 0 0 0 0 0 0 0 0 0 0 0 0 3 36 0 0 9 0 0 123 74 0 14828033 0 0 0 0 0 4125938 0 0 2032 0 
0 0 0 0 0 0 0 0 0 0 0 0 0 0 0 0 0 0 0 0 0 0 0 3 0 36 36 0 0 123 0 0 74 10814798 4035530 0 0 0 0 0 4139714 2059 0 0 
0 0 0 0 0 0 0 0 0 0 0 0 0 0 0 0 0 0 0 0 0 0 0 3 36 0 0 9 0 0 123 74 0 14828033 0 0 0 0 0 4125938 0 0 2032 0 
0 0 0 0 0 0 0 0 0 0 0 0 0 0 0 0 0 0 0 0 0 0 0 3 0 36 36 0 0 123 0 0 74 10814798 4035530 0 0 0 0 0 4139714 2059 0 0 
0 0 0 0 0 0 0 0 0 0 0 0 0 0 0 0 0 0 0 0 0 0 0 3 36 0 0 9 0 0 123 74 0 14828033 0 0 0 0 0 4125938 0 0 2032 0 
0 0 0 0 0 0 0 0 0 0 0 0 0 0 0 0 0 0 0 0 0 0 0 3 0 36 36 0 0 123 0 0 74 10814798 4035530 0 0 0 0 0 4139714 2059 0 0 
0 0 0 0 0 0 0 0 0 0 0 0 0 0 0 0 0 0 0 0 0 0 0 3 36 0 0 9 0 0 123 74 0 14828033 0 0 0 0 0 4125938 0 0 2032 0 
0 0 0 0 0 0 0 0 0 0 0 0 0 0 0 0 0 0 0 0 0 0 0 3 0 36 36 0 0 123 0 0 74 10814798 4035530 0 0 0 0 0 4139714 2059 0 0 
0 0 0 0 0 0 0 0 0 0 0 0 0 0 0 0 0 0 0 0 0 0 0 3 36 0 0 9 0 0 123 74 0 14828033 0 0 0 0 0 4125938 0 0 2032 0 
0 0 0 0 0 0 0 0 0 0 0 0 0 0 0 0 0 0 0 0 0 0 0 3 0 36 36 0 0 123 0 0 74 10814798 4035530 0 0 0 0 0 4139714 2059 0 0 
