0 0 0 0 0 0 0 0 0 0 0 0 0 0 0 0 0 0 0 0 0 0 0 3 0 12 12 0 0 39 0 0 26 4470590 0 0 0 0 0 0 1854860 686 0 0 
0 0 0 0 0 0 0 0 0 0 0 0 0 0 0 0 0 0 0 0 0 0 0 3 12 0 0 3 0 0 39 26 0 916134 2548897 1003747 0 0 0 1856084 0 0 686 0 
0 0 0 0 0 0 0 0 0 0 0 0 0 0 0 0 0 0 0 0 0 0 0 3 0 12 12 0 0 39 0 0 26 4470590 0 0 0 0 0 0 1854860 686 0 0 
0 0 0 0 0 0 0 0 0 0 0 0 0 0 0 0 0 0 0 0 0 0 0 3 12 0 0 3 0 0 39 26 0 916134 2548897 1003747 0 0 0 1856084 0 0 686 0 
0 0 0 0 0 0 0 0 0 0 0 0 0 0 0 0 0 0 0 0 0 0 0 3 0 12 12 0 0 39 0 0 26 4470590 0 0 0 0 0 0 1854860 686 0 0 
0 0 0 0 0 0 0 0 0 0 0 0 0 0 0 0 0 0 0 0 0 0 0 3 12 0 0 3 0 0 39 26 0 916134 2548897 1003747 0 0 0 1856084 0 0 686 0 
0 0 0 0 0 0 0 0 0 0 0 0 0 0 0 0 0 0 0 0 0 0 0 3 0 12 12 0 0 39 0 0 26 4470590 0 0 0 0 0 0 1854860 686 0 0 
0 0 0 0 0 0 0 0 0 0 0 0 0 0 0 0 0 0 0 0 0 0 0 3 12 0 0 3 0 0 39 26 0 916134 2548897 1003747 0 0 0 1856084 0 0 686 0 
0 0 0 0 0 0 0 0 0 0 0 0 0 0 0 0 0 0 0 0 0 0 0 3 0 12 12 0 0 39 0 0 26 4470590 0 0 0 0 0 0 1854860 686 0 0 
0 0 0 0 0 0 0 0 0 0 0 0 0 0 0 0 0 0 0 0 0 0 0 3 12 0 0 3 0 0 39 26 0 916134 2548897 1003747 0 0 0 1856084 0 0 686 0 
0 0 0 0 0 0 0 0 0 0 0 0 0 0 0 0 0 0 0 0 0 0 0 3 0 12 12 0 0 39 0 0 26 4470590 0 0 0 0 0 0 1854860 686 0 0 
0 0 0 0 0 0 0 0 0 0 0 0 0 0 0 0 0 0 0 0 0 0 0 3 12 0 0 3 0 0 39 26 0 916134 2548897 1003747 0 0 0 1856084 0 0 686 0 
====>
0 0 0 0 0 0 0 0 0 0 0 0 0 0 0 0 0 0 0 0 0 0 0 3 0 12 12 0 0 39 0 0 26 4470590 0 0 0 0 0 0 1854860 686 0 0 
0 0 0 0 0 0 0 0 0 0 0 0 0 0 0 0 0 0 0 0 0 0 0 3 12 0 0 3 0 0 39 26 0 916134 2548897 1003747 0 0 0 1856084 0 0 686 0 
0 0 0 0 0 0 0 0 0 0 0 0 0 0 0 0 0 0 0 0 0 0 0 3 0 12 12 0 0 39 0 0 26 4470590 0 0 0 0 0 0 1854860 686 0 0 
0 0 0 0 0 0 0 0 0 0 0 0 0 0 0 0 0 0 0 0 0 0 0 3 12 0 0 3 0 0 39 26 0 916134 2548897 1003747 0 0 0 1856084 0 0 686 0 
0 0 0 0 0 0 0 0 0 0 0 0 0 0 0 0 0 0 0 0 0 0 0 3 0 12 12 0 0 39 0 0 26 4470590 0 0 0 0 0 0 1854860 686 0 0 
0 0 0 0 0 0 0 0 0 0 0 0 0 0 0 0 0 0 0 0 0 0 0 3 12 0 0 3 0 0 39 26 0 916134 2548897 1003747 0 0 0 1856084 0 0 686 0 
0 0 0 0 0 0 0 0 0 0 0 0 0 0 0 0 0 0 0 0 0 0 0 3 0 12 12 0 0 39 0 0 26 4470590 0 0 0 0 0 0 1854860 686 0 0 
0 0 0 0 0 0 0 0 0 0 0 0 0 0 0 0 0 0 0 0 0 0 0 3 12 0 0 3 0 0 39 26 0 916134 2548897 1003747 0 0 0 1856084 0 0 686 0 
0 0 0 0 0 0 0 0 0 0 0 0 0 0 0 0 0 0 0 0 0 0 0 3 0 12 12 0 0 39 0 0 26 4470590 0 0 0 0 0 0 1854860 686 0 0 
0 0 0 0 0 0 0 0 0 0 0 0 0 0 0 0 0 0 0 0 0 0 0 3 12 0 0 3 0 0 39 26 0 916134 2548897 1003747 0 0 0 1856084 0 0 686 0 
0 0 0 0 0 0 0 0 0 0 0 0 0 0 0 0 0 0 0 0 0 0 0 3 0 12 12 0 0 39 0 0 26 4470590 0 0 0 0 0 0 1854860 686 0 0 
0 0 0 0 0 0 0 0 0 0 0 0 0 0 0 0 0 0 0 0 0 0 0 3 12 0 0 3 0 0 39 26 0 916134 2548897 1003747 0 0 0 1856084 0 0 686 0 
0 0 0 0 0 0 0 0 0 0 0 0 0 0 0 0 0 0 0 0 0 0 0 3 0 12 12 0 0 39 0 0 26 4470590 0 0 0 0 0 0 1854860 686 0 0 
0 0 0 0 0 0 0 0 0 0 0 0 0 0 0 0 0 0 0 0 0 0 0 3 12 0 0 3 0 0 39 26 0 916134 2548897 1003747 0 0 0 1856084 0 0 686 0 
0 0 0 0 0 0 0 0 0 0 0 0 0 0 0 0 0 0 0 0 0 0 0 3 0 12 12 0 0 39 0 0 26 4470590 0 0 0 0 0 0 1854860 686 0 0 
0 0 0 0 0 0 0 0 0 0 0 0 0 0 0 0 0 0 0 0 0 0 0 3 12 0 0 3 0 0 39 26 0 916134 2548897 1003747 0 0 0 1856084 0 0 686 0 
0 0 0 0 0 0 0 0 0 0 0 0 0 0 0 0 0 0 0 0 0 0 0 3 0 12 12 0 0 39 0 0 26 4470590 0 0 0 0 0 0 1854860 686 0 0 
0 0 0 0 0 0 0 0 0 0 0 0 0 0 0 0 0 0 0 0 0 0 0 3 12 0 0 3 0 0 39 26 0 916134 2548897 1003747 0 0 0 1856084 0 0 686 0 
0 0 0 0 0 0 0 0 0 0 0 0 0 0 0 0 0 0 0 0 0 0 0 3 0 12 12 0 0 39 0 0 26 4470590 0 0 0 0 0 0 1854860 686 0 0 
0 0 0 0 0 0 0 0 0 0 0 0 0 0 0 0 0 0 0 0 0 0 0 3 12 0 0 3 0 0 39 26 0 916134 2548897 1003747 0 0 0 1856084 0 0 686 0 
0 0 0 0 0 0 0 0 0 0 0 0 0 0 0 0 0 0 0 0 0 0 0 3 0 12 12 0 0 39 0 0 26 4470590 0 0 0 0 0 0 1854860 686 0 0 
0 0 0 0 0 0 0 0 0 0 0 0 0 0 0 0 0 0 0 0 0 0 0 3 12 0 0 3 0 0 39 26 0 916134 2548897 1003747 0 0 0 1856084 0 0 686 0 
0 0 0 0 0 0 0 0 0 0 0 0 0 0 0 0 0 0 0 0 0 0 0 3 0 12 12 0 0 39 0 0 26 4470590 0 0 0 0 0 0 1854860 686 0 0 
0 0 0 0 0 0 0 0 0 0 0 0 0 0 0 0 0 0 0 0 0 0 0 3 12 0 0 3 0 0 39 26 0 916134 2548897 1003747 0 0 0 1856084 0 0 686 0 
0 0 0 0 0 0 0 0 0 0 0 0 0 0 0 0 0 0 0 0 0 0 0 3 0 12 12 0 0 39 0 0 26 4470590 0 0 0 0 0 0 1854860 686 0 0 
0 0 0 0 0 0 0 0 0 0 0 0 0 0 0 0 0 0 0 0 0 0 0 3 12 0 0 3 0 0 39 26 0 916134 2548897 1003747 0 0 0 1856084 0 0 686 0 
0 0 0 0 0 0 0 0 0 0 0 0 0 0 0 0 0 0 0 0 0 0 0 3 0 12 12 0 0 39 0 0 26 4470590 0 0 0 0 0 0 1854860 686 0 0 
0 0 0 0 0 0 0 0 0 0 0 0 0 0 0 0 0 0 0 0 0 0 0 3 12 0 0 3 0 0 39 26 0 916134 2548897 1003747 0 0 0 1856084 0 0 686 0 
0 0 0 0 0 0 0 0 0 0 0 0 0 0 0 0 0 0 0 0 0 0 0 3 0 12 12 0 0 39 0 0 26 4470590 0 0 0 0 0 0 1854860 686 0 0 
0 0 0 0 0 0 0 0 0 0 0 0 0 0 0 0 0 0 0 0 0 0 0 3 12 0 0 3 0 0 39 26 0 916134 2548897 1003747 0 0 0 1856084 0 0 686 0 
0 0 0 0 0 0 0 0 0 0 0 0 0 0 0 0 0 0 0 0 0 0 0 3 0 12 12 0 0 39 0 0 26 4470590 0 0 0 0 0 0 1854860 686 0 0 
0 0 0 0 0 0 0 0 0 0 0 0 0 0 0 0 0 0 0 0 0 0 0 3 12 0 0 3 0 0 39 26 0 916134 2548897 1003747 0 0 0 1856084 0 0 686 0 
0 0 0 0 0 0 0 0 0 0 0 0 0 0 0 0 0 0 0 0 0 0 0 3 0 12 12 0 0 39 0 0 26 4470590 0 0 0 0 0 0 1854860 686 0 0 
0 0 0 0 0 0 0 0 0 0 0 0 0 0 0 0 0 0 0 0 0 0 0 3 12 0 0 3 0 0 39 26 0 916134 2548897 1003747 0 0 0 1856084 0 0 686 0 
0 0 0 0 0 0 0 0 0 0 0 0 0 0 0 0 0 0 0 0 0 0 0 3 0 12 12 0 0 39 0 0 26 4470590 0 0 0 0 0 0 1854860 686 0 0 
0 0 0 0 0 0 0 0 0 0 0 0 0 0 0 0 0 0 0 0 0 0 0 3 12 0 0 3 0 0 39 26 0 916134 2548897 1003747 0 0 0 1856084 0 0 686 0 
0 0 0 0 0 0 0 0 0 0 0 0 0 0 0 0 0 0 0 0 0 0 0 3 0 12 12 0 0 39 0 0 26 4470590 0 0 0 0 0 0 1854860 686 0 0 
0 0 0 0 0 0 0 0 0 0 0 0 0 0 0 0 0 0 0 0 0 0 0 3 12 0 0 3 0 0 39 26 0 916134 2548897 1003747 0 0 0 1856084 0 0 686 0 
0 0 0 0 0 0 0 0 0 0 0 0 0 0 0 0 0 0 0 0 0 0 0 3 0 12 12 0 0 39 0 0 26 4470590 0 0 0 0 0 0 1854860 686 0 0 
0 0 0 0 0 0 0 0 0 0 0 0 0 0 0 0 0 0 0 0 0 0 0 3 12 0 0 3 0 0 39 26 0 916134 2548897 1003747 0 0 0 1856084 0 0 686 0 
0 0 0 0 0 0 0 0 0 0 0 0 0 0 0 0 0 0 0 0 0 0 0 3 0 12 12 0 0 39 0 0 26 4470590 0 0 0 0 0 0 1854860 686 0 0 
0 0 0 0 0 0 0 0 0 0 0 0 0 0 0 0 0 0 0 0 0 0 0 3 12 0 0 3 0 0 39 26 0 916134 2548897 1003747 0 0 0 1856084 0 0 686 0 
0 0 0 0 0 0 0 0 0 0 0 0 0 0 0 0 0 0 0 0 0 0 0 3 0 12 12 0 0 39 0 0 26 4470590 0 0 0 0 0 0 1854860 686 0 0 
0 0 0 0 0 0 0 0 0 0 0 0 0 0 0 0 0 0 0 0 0 0 0 3 12 0 0 3 0 0 39 26 0 916134 2548897 1003747 0 0 0 1856084 0 0 686 0 
0 0 0 0 0 0 0 0 0 0 0 0 0 0 0 0 0 0 0 0 0 0 0 3 0 12 12 0 0 39 0 0 26 4470590 0 0 0 0 0 0 1854860 686 0 0 
0 0 0 0 0 0 0 0 0 0 0 0 0 0 0 0 0 0 0 0 0 0 0 3 12 0 0 3 0 0 39 26 0 916134 2548897 1003747 0 0 0 1856084 0 0 686 0 
0 0 0 0 0 0 0 0 0 0 0 0 0 0 0 0 0 0 0 0 0 0 0 3 0 12 12 0 0 39 0 0 26 4470590 0 0 0 0 0 0 1854860 686 0 0 
0 0 0 0 0 0 0 0 0 0 0 0 0 0 0 0 0 0 0 0 0 0 0 3 12 0 0 3 0 0 39 26 0 916134 2548897 1003747 0 0 0 1856084 0 0 686 0 
0 0 0 0 0 0 0 0 0 0 0 0 0 0 0 0 0 0 0 0 0 0 0 3 0 12 12 0 0 39 0 0 26 4470590 0 0 0 0 0 0 1854860 686 0 0 
0 0 0 0 0 0 0 0 0 0 0 0 0 0 0 0 0 0 0 0 0 0 0 3 12 0 0 3 0 0 39 26 0 916134 2548897 1003747 0 0 0 1856084 0 0 686 0 
0 0 0 0 0 0 0 0 0 0 0 0 0 0 0 0 0 0 0 0 0 0 0 3 0 12 12 0 0 39 0 0 26 4470590 0 0 0 0 0 0 1854860 686 0 0 
0 0 0 0 0 0 0 0 0 0 0 0 0 0 0 0 0 0 0 0 0 0 0 3 12 0 0 3 0 0 39 26 0 916134 2548897 1003747 0 0 0 1856084 0 0 686 0 
0 0 0 0 0 0 0 0 0 0 0 0 0 0 0 0 0 0 0 0 0 0 0 3 0 12 12 0 0 39 0 0 26 4470590 0 0 0 0 0 0 1854860 686 0 0 
0 0 0 0 0 0 0 0 0 0 0 0 0 0 0 0 0 0 0 0 0 0 0 3 12 0 0 3 0 0 39 26 0 916134 2548897 1003747 0 0 0 1856084 0 0 686 0 
0 0 0 0 0 0 0 0 0 0 0 0 0 0 0 0 0 0 0 0 0 0 0 3 0 12 12 0 0 39 0 0 26 4470590 0 0 0 0 0 0 1854860 686 0 0 
0 0 0 0 0 0 0 0 0 0 0 0 0 0 0 0 0 0 0 0 0 0 0 3 12 0 0 3 0 0 39 26 0 916134 2548897 1003747 0 0 0 1856084 0 0 686 0 
0 0 0 0 0 0 0 0 0 0 0 0 0 0 0 0 0 0 0 0 0 0 0 3 0 12 12 0 0 39 0 0 26 4470590 0 0 0 0 0 0 1854860 686 0 0 
0 0 0 0 0 0 0 0 0 0 0 0 0 0 0 0 0 0 0 0 0 0 0 3 12 0 0 3 0 0 39 26 0 916134 2548897 1003747 0 0 0 1856084 0 0 686 0 
0 0 0 0 0 0 0 0 0 0 0 0 0 0 0 0 0 0 0 0 0 0 0 3 0 12 12 0 0 39 0 0 26 4470590 0 0 0 0 0 0 1854860 686 0 0 
0 0 0 0 0 0 0 0 0 0 0 0 0 0 0 0 0 0 0 0 0 0 0 3 12 0 0 3 0 0 39 26 0 916134 2548897 1003747 0 0 0 1856084 0 0 686 0 
0 0 0 0 0 0 0 0 0 0 0 0 0 0 0 0 0 0 0 0 0 0 0 3 0 12 12 0 0 39 0 0 26 4470590 0 0 0 0 0 0 1854860 686 0 0 
0 0 0 0 0 0 0 0 0 0 0 0 0 0 0 0 0 0 0 0 0 0 0 3 12 0 0 3 0 0 39 26 0 916134 2548897 1003747 0 0 0 1856084 0 0 686 0 
0 0 0 0 0 0 0 0 0 0 0 0 0 0 0 0 0 0 0 0 0 0 0 3 0 12 12 0 0 39 0 0 26 4470590 0 0 0 0 0 0 1854860 686 0 0 
0 0 0 0 0 0 0 0 0 0 0 0 0 0 0 0 0 0 0 0 0 0 0 3 12 0 0 3 0 0 39 26 0 916134 2548897 1003747 0 0 0 1856084 0 0 686 0 
0 0 0 0 0 0 0 0 0 0 0 0 0 0 0 0 0 0 0 0 0 0 0 3 0 12 12 0 0 39 0 0 26 4470590 0 0 0 0 0 0 1854860 686 0 0 
0 0 0 0 0 0 0 0 0 0 0 0 0 0 0 0 0 0 0 0 0 0 0 3 12 0 0 3 0 0 39 26 0 916134 2548897 1003747 0 0 0 1856084 0 0 686 0 
0 0 0 0 0 0 0 0 0 0 0 0 0 0 0 0 0 0 0 0 0 0 0 3 0 12 12 0 0 39 0 0 26 4470590 0 0 0 0 0 0 1854860 686 0 0 
0 0 0 0 0 0 0 0 0 0 0 0 0 0 0 0 0 0 0 0 0 0 0 3 12 0 0 3 0 0 39 26 0 916134 2548897 1003747 0 0 0 1856084 0 0 686 0 
0 0 0 0 0 0 0 0 0 0 0 0 0 0 0 0 0 0 0 0 0 0 0 3 0 12 12 0 0 39 0 0 26 4470590 0 0 0 0 0 0 1854860 686 0 0 
0 0 0 0 0 0 0 0 0 0 0 0 0 0 0 0 0 0 0 0 0 0 0 3 12 0 0 3 0 0 39 26 0 916134 2548897 1003747 0 0 0 1856084 0 0 686 0 
0 0 0 0 0 0 0 0 0 0 0 0 0 0 0 0 0 0 0 0 0 0 0 3 0 12 12 0 0 39 0 0 26 4470590 0 0 0 0 0 0 1854860 686 0 0 
0 0 0 0 0 0 0 0 0 0 0 0 0 0 0 0 0 0 0 0 0 0 0 3 12 0 0 3 0 0 39 26 0 916134 2548897 1003747 0 0 0 1856084 0 0 686 0 
0 0 0 0 0 0 0 0 0 0 0 0 0 0 0 0 0 0 0 0 0 0 0 3 0 12 12 0 0 39 0 0 26 4470590 0 0 0 0 0 0 1854860 686 0 0 
0 0 0 0 0 0 0 0 0 0 0 0 0 0 0 0 0 0 0 0 0 0 0 3 12 0 0 3 0 0 39 26 0 916134 2548897 1003747 0 0 0 1856084 0 0 686 0 
0 0 0 0 0 0 0 0 0 0 0 0 0 0 0 0 0 0 0 0 0 0 0 3 0 12 12 0 0 39 0 0 26 4470590 0 0 0 0 0 0 1854860 686 0 0 
0 0 0 0 0 0 0 0 0 0 0 0 0 0 0 0 0 0 0 0 0 0 0 3 12 0 0 3 0 0 39 26 0 916134 2548897 1003747 0 0 0 1856084 0 0 686 0 
0 0 0 0 0 0 0 0 0 0 0 0 0 0 0 0 0 0 0 0 0 0 0 3 0 12 12 0 0 39 0 0 26 4470590 0 0 0 0 0 0 1854860 686 0 0 
0 0 0 0 0 0 0 0 0 0 0 0 0 0 0 0 0 0 0 0 0 0 0 3 12 0 0 3 0 0 39 26 0 916134 2548897 1003747 0 0 0 1856084 0 0 686 0 
0 0 0 0 0 0 0 0 0 0 0 0 0 0 0 0 0 0 0 0 0 0 0 3 0 12 12 0 0 39 0 0 26 4470590 0 0 0 0 0 0 1854860 686 0 0 
0 0 0 0 0 0 0 0 0 0 0 0 0 0 0 0 0 0 0 0 0 0 0 3 12 0 0 3 0 0 39 26 0 916134 2548897 1003747 0 0 0 1856084 0 0 686 0 
0 0 0 0 0 0 0 0 0 0 0 0 0 0 0 0 0 0 0 0 0 0 0 3 0 12 12 0 0 39 0 0 26 4470590 0 0 0 0 0 0 1854860 686 0 0 
0 0 0 0 0 0 0 0 0 0 0 0 0 0 0 0 0 0 0 0 0 0 0 3 12 0 0 3 0 0 39 26 0 916134 2548897 1003747 0 0 0 1856084 0 0 686 0 
0 0 0 0 0 0 0 0 0 0 0 0 0 0 0 0 0 0 0 0 0 0 0 3 0 12 12 0 0 39 0 0 26 4470590 0 0 0 0 0 0 1854860 686 0 0 
0 0 0 0 0 0 0 0 0 0 0 0 0 0 0 0 0 0 0 0 0 0 0 3 12 0 0 3 0 0 39 26 0 916134 2548897 1003747 0 0 0 1856084 0 0 686 0 
0 0 0 0 0 0 0 0 0 0 0 0 0 0 0 0 0 0 0 0 0 0 0 3 0 12 12 0 0 39 0 0 26 4470590 0 0 0 0 0 0 1854860 686 0 0 
0 0 0 0 0 0 0 0 0 0 0 0 0 0 0 0 0 0 0 0 0 0 0 3 12 0 0 3 0 0 39 26 0 916134 2548897 1003747 0 0 0 1856084 0 0 686 0 
0 0 0 0 0 0 0 0 0 0 0 0 0 0 0 0 0 0 0 0 0 0 0 3 0 12 12 0 0 39 0 0 26 4470590 0 0 0 0 0 0 1854860 686 0 0 
0 0 0 0 0 0 0 0 0 0 0 0 0 0 0 0 0 0 0 0 0 0 0 3 12 0 0 3 0 0 39 26 0 916134 2548897 1003747 0 0 0 1856084 0 0 686 0 
0 0 0 0 0 0 0 0 0 0 0 0 0 0 0 0 0 0 0 0 0 0 0 3 0 12 12 0 0 39 0 0 26 4470590 0 0 0 0 0 0 1854860 686 0 0 
0 0 0 0 0 0 0 0 0 0 0 0 0 0 0 0 0 0 0 0 0 0 0 3 12 0 0 3 0 0 39 26 0 916134 2548897 1003747 0 0 0 1856084 0 0 686 0 
0 0 0 0 0 0 0 0 0 0 0 0 0 0 0 0 0 0 0 0 0 0 0 3 0 12 12 0 0 39 0 0 26 4470590 0 0 0 0 0 0 1854860 686 0 0 
0 0 0 0 0 0 0 0 0 0 0 0 0 0 0 0 0 0 0 0 0 0 0 3 12 0 0 3 0 0 39 26 0 916134 2548897 1003747 0 0 0 1856084 0 0 686 0 
0 0 0 0 0 0 0 0 0 0 0 0 0 0 0 0 0 0 0 0 0 0 0 3 0 12 12 0 0 39 0 0 26 4470590 0 0 0 0 0 0 1854860 686 0 0 
0 0 0 0 0 0 0 0 0 0 0 0 0 0 0 0 0 0 0 0 0 0 0 3 12 0 0 3 0 0 39 26 0 916134 2548897 1003747 0 0 0 1856084 0 0 686 0 
0 0 0 0 0 0 0 0 0 0 0 0 0 0 0 0 0 0 0 0 0 0 0 3 0 12 12 0 0 39 0 0 26 4470590 0 0 0 0 0 0 1854860 686 0 0 
0 0 0 0 0 0 0 0 0 0 0 0 0 0 0 0 0 0 0 0 0 0 0 3 12 0 0 3 0 0 39 26 0 916134 2548897 1003747 0 0 0 1856084 0 0 686 0 
0 0 0 0 0 0 0 0 0 0 0 0 0 0 0 0 0 0 0 0 0 0 0 3 0 12 12 0 0 39 0 0 26 4470590 0 0 0 0 0 0 1854860 686 0 0 
0 0 0 0 0 0 0 0 0 0 0 0 0 0 0 0 0 0 0 0 0 0 0 3 12 0 0 3 0 0 39 26 0 916134 2548897 1003747 0 0 0 1856084 0 0 686 0 
0 0 0 0 0 0 0 0 0 0 0 0 0 0 0 0 0 0 0 0 0 0 0 3 0 12 12 0 0 39 0 0 26 4470590 0 0 0 0 0 0 1854860 686 0 0 
0 0 0 0 0 0 0 0 0 0 0 0 0 0 0 0 0 0 0 0 0 0 0 3 12 0 0 3 0 0 39 26 0 916134 2548897 1003747 0 0 0 1856084 0 0 686 0 
0 0 0 0 0 0 0 0 0 0 0 0 0 0 0 0 0 0 0 0 0 0 0 3 0 12 12 0 0 39 0 0 26 4470590 0 0 0 0 0 0 1854860 686 0 0 
0 0 0 0 0 0 0 0 0 0 0 0 0 0 0 0 0 0 0 0 0 0 0 3 12 0 0 3 0 0 39 26 0 916134 2548897 1003747 0 0 0 1856084 0 0 686 0 
0 0 0 0 0 0 0 0 0 0 0 0 0 0 0 0 0 0 0 0 0 0 0 3 0 12 12 0 0 39 0 0 26 4470590 0 0 0 0 0 0 1854860 686 0 0 
0 0 0 0 0 0 0 0 0 0 0 0 0 0 0 0 0 0 0 0 0 0 0 3 12 0 0 3 0 0 39 26 0 916134 2548897 1003747 0 0 0 1856084 0 0 686 0 
0 0 0 0 0 0 0 0 0 0 0 0 0 0 0 0 0 0 0 0 0 0 0 3 0 12 12 0 0 39 0 0 26 4470590 0 0 0 0 0 0 1854860 686 0 0 
0 0 0 0 0 0 0 0 0 0 0 0 0 0 0 0 0 0 0 0 0 0 0 3 12 0 0 3 0 0 39 26 0 916134 2548897 1003747 0 0 0 1856084 0 0 686 0 
0 0 0 0 0 0 0 0 0 0 0 0 0 0 0 0 0 0 0 0 0 0 0 3 0 12 12 0 0 39 0 0 26 4470590 0 0 0 0 0 0 1854860 686 0 0 
0 0 0 0 0 0 0 0 0 0 0 0 0 0 0 0 0 0 0 0 0 0 0 3 12 0 0 3 0 0 39 26 0 916134 2548897 1003747 0 0 0 1856084 0 0 686 0 
0 0 0 0 0 0 0 0 0 0 0 0 0 0 0 0 0 0 0 0 0 0 0 3 0 12 12 0 0 39 0 0 26 4470590 0 0 0 0 0 0 1854860 686 0 0 
0 0 0 0 0 0 0 0 0 0 0 0 0 0 0 0 0 0 0 0 0 0 0 3 12 0 0 3 0 0 39 26 0 916134 2548897 1003747 0 0 0 1856084 0 0 686 0 
0 0 0 0 0 0 0 0 0 0 0 0 0 0 0 0 0 0 0 0 0 0 0 3 0 12 12 0 0 39 0 0 26 4470590 0 0 0 0 0 0 1854860 686 0 0 
0 0 0 0 0 0 0 0 0 0 0 0 0 0 0 0 0 0 0 0 0 0 0 3 12 0 0 3 0 0 39 26 0 916134 2548897 1003747 0 0 0 1856084 0 0 686 0 
0 0 0 0 0 0 0 0 0 0 0 0 0 0 0 0 0 0 0 0 0 0 0 3 0 12 12 0 0 39 0 0 26 4470590 0 0 0 0 0 0 1854860 686 0 0 
0 0 0 0 0 0 0 0 0 0 0 0 0 0 0 0 0 0 0 0 0 0 0 3 12 0 0 3 0 0 39 26 0 916134 2548897 1003747 0 0 0 1856084 0 0 686 0 
0 0 0 0 0 0 0 0 0 0 0 0 0 0 0 0 0 0 0 0 0 0 0 3 0 12 12 0 0 39 0 0 26 4470590 0 0 0 0 0 0 1854860 686 0 0 
0 0 0 0 0 0 0 0 0 0 0 0 0 0 0 0 0 0 0 0 0 0 0 3 12 0 0 3 0 0 39 26 0 916134 2548897 1003747 0 0 0 1856084 0 0 686 0 
0 0 0 0 0 0 0 0 0 0 0 0 0 0 0 0 0 0 0 0 0 0 0 3 0 12 12 0 0 39 0 0 26 4470590 0 0 0 0 0 0 1854860 686 0 0 
0 0 0 0 0 0 0 0 0 0 0 0 0 0 0 0 0 0 0 0 0 0 0 3 12 0 0 3 0 0 39 26 0 916134 2548897 1003747 0 0 0 1856084 0 0 686 0 
0 0 0 0 0 0 0 0 0 0 0 0 0 0 0 0 0 0 0 0 0 0 0 3 0 12 12 0 0 39 0 0 26 4470590 0 0 0 0 0 0 1854860 686 0 0 
0 0 0 0 0 0 0 0 0 0 0 0 0 0 0 0 0 0 0 0 0 0 0 3 12 0 0 3 0 0 39 26 0 916134 2548897 1003747 0 0 0 1856084 0 0 686 0 
0 0 0 0 0 0 0 0 0 0 0 0 0 0 0 0 0 0 0 0 0 0 0 3 0 12 12 0 0 39 0 0 26 4470590 0 0 0 0 0 0 1854860 686 0 0 
0 0 0 0 0 0 0 0 0 0 0 0 0 0 0 0 0 0 0 0 0 0 0 3 12 0 0 3 0 0 39 26 0 916134 2548897 1003747 0 0 0 1856084 0 0 686 0 
0 0 0 0 0 0 0 0 0 0 0 0 0 0 0 0 0 0 0 0 0 0 0 3 0 12 12 0 0 39 0 0 26 4470590 0 0 0 0 0 0 1854860 686 0 0 
0 0 0 0 0 0 0 0 0 0 0 0 0 0 0 0 0 0 0 0 0 0 0 3 12 0 0 3 0 0 39 26 0 916134 2548897 1003747 0 0 0 1856084 0 0 686 0 
0 0 0 0 0 0 0 0 0 0 0 0 0 0 0 0 0 0 0 0 0 0 0 3 0 12 12 0 0 39 0 0 26 4470590 0 0 0 0 0 0 1854860 686 0 0 
0 0 0 0 0 0 0 0 0 0 0 0 0 0 0 0 0 0 0 0 0 0 0 3 12 0 0 3 0 0 39 26 0 916134 2548897 1003747 0 0 0 1856084 0 0 686 0 
0 0 0 0 0 0 0 0 0 0 0 0 0 0 0 0 0 0 0 0 0 0 0 3 0 12 16 0 0 55 0 0 26 4546031 0 0 0 0 0 0 1854868 704 0 0 
0 0 0 0 0 0 0 0 0 0 0 0 0 0 0 0 0 0 0 0 0 0 0 3 16 0 0 3 0 0 55 26 0 916144 2595102 1033022 0 0 0 1856092 0 0 704 0 
0 0 0 0 0 0 0 0 0 0 0 0 0 0 0 0 0 0 0 0 0 0 0 3 0 12 16 0 0 55 0 0 26 4689740 0 0 0 0 0 0 1854869 704 0 0 
0 0 0 0 0 0 0 0 0 0 0 0 0 0 0 0 0 0 0 0 0 0 0 3 16 0 0 3 0 0 55 26 0 916144 2731722 1040175 0 0 0 1856093 0 0 704 0 
0 0 0 0 0 0 0 0 0 0 0 0 0 0 0 0 0 0 0 0 0 0 0 3 0 12 16 0 0 55 0 0 26 4830938 0 0 0 0 0 0 1854869 704 0 0 
0 0 0 0 0 0 0 0 0 0 0 0 0 0 0 0 0 0 0 0 0 0 0 3 16 0 0 3 0 0 55 26 0 916144 2872296 1040823 0 0 0 1856093 0 0 704 0 
0 0 0 0 0 0 0 0 0 0 0 0 0 0 0 0 0 0 0 0 0 0 0 3 0 12 16 0 0 55 0 0 26 4945479 0 0 0 0 0 0 1854869 704 0 0 
0 0 0 0 0 0 0 0 0 0 0 0 0 0 0 0 0 0 0 0 0 0 0 3 16 0 0 3 0 0 55 26 0 916144 2986709 1040962 0 0 0 1856093 0 0 704 0 
0 0 0 0 0 0 0 0 0 0 0 0 0 0 0 0 0 0 0 0 0 0 0 3 0 12 16 0 0 55 0 0 26 5061821 0 0 0 0 0 0 1854869 704 0 0 
0 0 0 0 0 0 0 0 0 0 0 0 0 0 0 0 0 0 0 0 0 0 0 3 16 0 0 3 0 0 55 26 0 916144 3102942 1041081 0 0 0 1856093 0 0 704 0 
0 0 0 0 0 0 0 0 0 0 0 0 0 0 0 0 0 0 0 0 0 0 0 3 0 12 16 0 0 55 0 0 26 5163676 0 0 0 0 0 0 1854869 704 0 0 
0 0 0 0 0 0 0 0 0 0 0 0 0 0 0 0 0 0 0 0 0 0 0 3 16 0 0 3 0 0 55 26 0 916144 3204776 1041112 0 0 0 1856093 0 0 704 0 
0 0 0 0 0 0 0 0 0 0 0 0 0 0 0 0 0 0 0 0 0 0 0 3 0 12 16 0 0 55 0 0 26 5229596 0 0 0 0 0 0 1854870 704 0 0 
0 0 0 0 0 0 0 0 0 0 0 0 0 0 0 0 0 0 0 0 0 0 0 3 16 0 0 3 0 0 55 26 0 916144 3270685 1041123 0 0 0 1856094 0 0 704 0 
0 0 0 0 0 0 0 0 0 0 0 0 0 0 0 0 0 0 0 0 0 0 0 3 0 12 16 0 0 55 0 0 26 5234015 0 0 0 0 0 0 1854870 708 0 0 
0 0 0 0 0 0 0 0 0 0 0 0 0 0 0 0 0 0 0 0 0 0 0 3 16 0 0 3 0 0 55 26 0 916145 3275102 1041124 0 0 0 1856094 0 0 704 0 
0 0 0 0 0 0 0 0 0 0 0 0 0 0 0 0 0 0 0 0 0 0 0 3 0 12 16 0 0 56 0 0 26 5276042 0 0 0 0 0 0 1925974 716 0 0 
0 0 0 0 0 0 0 0 0 0 0 0 0 0 0 0 0 0 0 0 0 0 0 3 16 0 0 3 0 0 56 26 0 916155 3276656 1081544 0 0 0 1927242 0 0 712 0 
0 0 0 0 0 0 0 0 0 0 0 0 0 0 0 0 0 0 0 0 0 0 0 3 0 12 16 0 0 57 0 0 26 5365480 0 0 0 0 0 0 1958509 739 0 0 
0 0 0 0 0 0 0 0 0 0 0 0 0 0 0 0 0 0 0 0 0 0 0 3 16 0 0 3 0 0 57 26 0 950423 3327041 1086461 0 0 0 1959779 0 0 739 0 
0 0 0 0 0 0 0 0 0 0 0 0 0 0 0 0 0 0 0 0 0 0 0 3 0 12 16 0 0 57 0 0 26 5420752 0 0 0 0 0 0 1965694 747 0 0 
0 0 0 0 0 0 0 0 0 0 0 0 0 0 0 0 0 0 0 0 0 0 0 3 16 0 0 3 0 0 57 26 0 958409 3372099 1088686 0 0 0 1966977 0 0 747 0 
0 0 0 0 0 0 0 0 0 0 0 0 0 0 0 0 0 0 0 0 0 0 0 3 0 12 16 0 0 57 0 0 26 5486736 0 0 0 0 0 0 2053908 772 0 0 
0 0 0 0 0 0 0 0 0 0 0 0 0 0 0 0 0 0 0 0 0 0 0 3 16 0 0 3 0 0 57 26 0 972664 3383818 1128673 0 0 0 2055208 0 0 772 0 
0 0 0 0 0 0 0 0 0 0 0 0 0 0 0 0 0 0 0 0 0 0 0 3 0 12 16 0 0 57 0 0 26 5575964 0 0 0 0 0 0 2053910 772 0 0 
0 0 0 0 0 0 0 0 0 0 0 0 0 0 0 0 0 0 0 0 0 0 0 3 16 0 0 3 0 0 57 26 0 1000553 3445165 1128673 0 0 0 2055210 0 0 772 0 
0 0 0 0 0 0 0 0 0 0 0 0 0 0 0 0 0 0 0 0 0 0 0 3 0 12 16 0 0 57 0 0 26 5635241 0 0 0 0 0 0 2119354 784 0 0 
0 0 0 0 0 0 0 0 0 0 0 0 0 0 0 0 0 0 0 0 0 0 0 3 16 0 0 3 0 0 57 26 0 1000564 3467171 1165902 0 0 0 2120683 0 0 780 0 
0 0 0 0 0 0 0 0 0 0 0 0 0 0 0 0 0 0 0 0 0 0 0 3 0 12 16 0 0 57 0 0 26 5726348 0 0 0 0 0 0 2148932 805 0 0 
0 0 0 0 0 0 0 0 0 0 0 0 0 0 0 0 0 0 0 0 0 0 0 3 16 0 0 3 0 0 57 26 0 1036323 3517637 1170792 0 0 0 2150262 0 0 805 0 
0 0 0 0 0 0 0 0 0 0 0 0 0 0 0 0 0 0 0 0 0 0 0 3 0 12 16 0 0 57 0 0 26 5777319 0 0 0 0 0 0 2148938 813 0 0 
0 0 0 0 0 0 0 0 0 0 0 0 0 0 0 0 0 0 0 0 0 0 0 3 16 0 0 3 0 0 57 26 0 1042704 3562222 1170800 0 0 0 2150268 0 0 809 0 
0 0 0 0 0 0 0 0 0 0 0 0 0 0 0 0 0 0 0 0 0 0 0 3 0 12 16 0 0 57 0 0 26 5836352 0 0 0 0 0 0 2243939 839 0 0 
0 0 0 0 0 0 0 0 0 0 0 0 0 0 0 0 0 0 0 0 0 0 0 3 16 0 0 3 0 0 57 26 0 1052952 3568828 1212930 0 0 0 2245298 0 0 839 0 
0 0 0 0 0 0 0 0 0 0 0 0 0 0 0 0 0 0 0 0 0 0 0 3 0 12 16 0 0 57 0 0 26 5927860 0 0 0 0 0 0 2243941 839 0 0 
0 0 0 0 0 0 0 0 0 0 0 0 0 0 0 0 0 0 0 0 0 0 0 3 16 0 0 3 0 0 57 26 0 1084845 3628053 1213328 0 0 0 2245300 0 0 839 0 
0 0 0 0 0 0 0 0 0 0 0 0 0 0 0 0 0 0 0 0 0 0 0 3 0 12 16 0 0 57 0 0 26 5987703 0 0 0 0 0 0 2289408 847 0 0 
0 0 0 0 0 0 0 0 0 0 0 0 0 0 0 0 0 0 0 0 0 0 0 3 16 0 0 3 0 0 57 26 0 1084852 3657280 1243907 0 0 0 2290786 0 0 847 0 
0 0 0 0 0 0 0 0 0 0 0 0 0 0 0 0 0 0 0 0 0 0 0 3 0 12 16 0 0 57 0 0 26 6057054 0 0 0 0 0 0 2338950 874 0 0 
0 0 0 0 0 0 0 0 0 0 0 0 0 0 0 0 0 0 0 0 0 0 0 3 16 0 0 3 0 0 57 26 0 1111967 3687987 1255441 0 0 0 2340335 0 0 874 0 
0 0 0 0 0 0 0 0 0 0 0 0 0 0 0 0 0 0 0 0 0 0 0 3 0 12 16 0 0 57 0 0 26 6125928 0 0 0 0 0 0 2338952 874 0 0 
0 0 0 0 0 0 0 0 0 0 0 0 0 0 0 0 0 0 0 0 0 0 0 3 16 0 0 3 0 0 57 26 0 1126987 3741427 1255857 0 0 0 2340337 0 0 874 0 
0 0 0 0 0 0 0 0 0 0 0 0 0 0 0 0 0 0 0 0 0 0 0 3 0 12 16 0 0 57 0 0 26 6177447 0 0 0 0 0 0 2427998 907 0 0 
0 0 0 0 0 0 0 0 0 0 0 0 0 0 0 0 0 0 0 0 0 0 0 3 16 0 0 3 0 0 57 26 0 1127012 3752350 1296375 0 0 0 2429391 0 0 907 0 
0 0 0 0 0 0 0 0 0 0 0 0 0 0 0 0 0 0 0 0 0 0 0 3 0 12 16 0 0 57 0 0 26 6276884 0 0 0 0 0 0 2433973 907 0 0 
0 0 0 0 0 0 0 0 0 0 0 0 0 0 0 0 0 0 0 0 0 0 0 3 16 0 0 3 0 0 57 26 0 1169135 3807151 1298896 0 0 0 2435367 0 0 907 0 
0 0 0 0 0 0 0 0 0 0 0 0 0 0 0 0 0 0 0 0 0 0 0 3 0 12 16 0 0 57 0 0 26 6323279 0 0 0 0 0 0 2449506 915 0 0 
0 0 0 0 0 0 0 0 0 0 0 0 0 0 0 0 0 0 0 0 0 0 0 3 16 0 0 3 0 0 57 26 0 1169142 3847389 1305028 0 0 0 2450922 0 0 915 0 
0 0 0 0 0 0 0 0 0 0 0 0 0 0 0 0 0 0 0 0 0 0 0 3 0 12 16 0 0 57 0 0 26 6392992 0 0 0 0 0 0 2528971 943 0 0 
0 0 0 0 0 0 0 0 0 0 0 0 0 0 0 0 0 0 0 0 0 0 0 3 16 0 0 3 0 0 57 26 0 1187526 3862307 1341424 0 0 0 2530402 0 0 943 0 
0 0 0 0 0 0 0 0 0 0 0 0 0 0 0 0 0 0 0 0 0 0 0 3 0 12 16 0 0 57 0 0 26 6472351 0 0 0 0 0 0 2528973 943 0 0 
0 0 0 0 0 0 0 0 0 0 0 0 0 0 0 0 0 0 0 0 0 0 0 3 16 0 0 3 0 0 57 26 0 1211280 3916887 1342455 0 0 0 2530404 0 0 943 0 
0 0 0 0 0 0 0 0 0 0 0 0 0 0 0 0 0 0 0 0 0 0 0 3 0 12 16 0 0 57 0 0 26 6532593 0 0 0 0 0 0 2586225 954 0 0 
0 0 0 0 0 0 0 0 0 0 0 0 0 0 0 0 0 0 0 0 0 0 0 3 16 0 0 3 0 0 57 26 0 1211290 3942447 1377088 0 0 0 2587689 0 0 951 0 
0 0 0 0 0 0 0 0 0 0 0 0 0 0 0 0 0 0 0 0 0 0 0 3 0 12 16 0 0 57 0 0 26 6614362 0 0 0 0 0 0 2623968 977 0 0 
0 0 0 0 0 0 0 0 0 0 0 0 0 0 0 0 0 0 0 0 0 0 0 3 16 0 0 3 0 0 57 26 0 1243893 3983420 1385285 0 0 0 2625438 0 0 977 0 
0 0 0 0 0 0 0 0 0 0 0 0 0 0 0 0 0 0 0 0 0 0 0 3 0 12 16 0 0 57 0 0 26 6670321 0 0 0 0 0 0 2623970 977 0 0 
0 0 0 0 0 0 0 0 0 0 0 0 0 0 0 0 0 0 0 0 0 0 0 3 16 0 0 3 0 0 57 26 0 1253423 4029376 1385759 0 0 0 2625440 0 0 977 0 
0 0 0 0 0 0 0 0 0 0 0 0 0 0 0 0 0 0 0 0 0 0 0 3 0 12 16 0 0 57 0 0 26 6720622 0 0 0 0 0 0 2715794 1011 0 0 
0 0 0 0 0 0 0 0 0 0 0 0 0 0 0 0 0 0 0 0 0 0 0 3 16 0 0 3 0 0 57 26 0 1253449 4037513 1427847 0 0 0 2717289 0 0 1011 0 
0 0 0 0 0 0 0 0 0 0 0 0 0 0 0 0 0 0 0 0 0 0 0 3 0 12 16 0 0 57 0 0 26 6819440 0 0 0 0 0 0 2718971 1011 0 0 
0 0 0 0 0 0 0 0 0 0 0 0 0 0 0 0 0 0 0 0 0 0 0 3 16 0 0 3 0 0 57 26 0 1295569 4093069 1428997 0 0 0 2720465 0 0 1011 0 
0 0 0 0 0 0 0 0 0 0 0 0 0 0 0 0 0 0 0 0 0 0 0 3 0 12 16 0 0 57 0 0 26 6864907 0 0 0 0 0 0 2736412 1019 0 0 
0 0 0 0 0 0 0 0 0 0 0 0 0 0 0 0 0 0 0 0 0 0 0 3 16 0 0 3 0 0 57 26 0 1295576 4132555 1434964 0 0 0 2737912 0 0 1019 0 
0 0 0 0 0 0 0 0 0 0 0 0 0 0 0 0 0 0 0 0 0 0 0 3 0 12 16 0 0 57 0 0 26 6934701 0 0 0 0 0 0 2813975 1046 0 0 
0 0 0 0 0 0 0 0 0 0 0 0 0 0 0 0 0 0 0 0 0 0 0 3 16 0 0 3 0 0 57 26 0 1314439 4146990 1471403 0 0 0 2815499 0 0 1046 0 
0 0 0 0 0 0 0 0 0 0 0 0 0 0 0 0 0 0 0 0 0 0 0 3 0 12 16 0 0 57 0 0 26 7012667 0 0 0 0 0 0 2813977 1046 0 0 
0 0 0 0 0 0 0 0 0 0 0 0 0 0 0 0 0 0 0 0 0 0 0 3 16 0 0 3 0 0 57 26 0 1337711 4200779 1472312 0 0 0 2815501 0 0 1046 0 
0 0 0 0 0 0 0 0 0 0 0 0 0 0 0 0 0 0 0 0 0 0 0 3 0 12 16 0 0 57 0 0 26 7075713 0 0 0 0 0 0 2866702 1054 0 0 
0 0 0 0 0 0 0 0 0 0 0 0 0 0 0 0 0 0 0 0 0 0 0 3 16 0 0 3 0 0 57 26 0 1337718 4227604 1508480 0 0 0 2868272 0 0 1054 0 
0 0 0 0 0 0 0 0 0 0 0 0 0 0 0 0 0 0 0 0 0 0 0 3 0 12 16 0 0 57 0 0 26 7150736 0 0 0 0 0 0 2908969 1083 0 0 
0 0 0 0 0 0 0 0 0 0 0 0 0 0 0 0 0 0 0 0 0 0 0 3 16 0 0 3 0 0 57 26 0 1368018 4265904 1514905 0 0 0 2910537 0 0 1083 0 
0 0 0 0 0 0 0 0 0 0 0 0 0 0 0 0 0 0 0 0 0 0 0 3 0 12 16 0 0 57 0 0 26 7210437 0 0 0 0 0 0 2908971 1083 0 0 
0 0 0 0 0 0 0 0 0 0 0 0 0 0 0 0 0 0 0 0 0 0 0 3 16 0 0 3 0 0 57 26 0 1379853 4313181 1515494 0 0 0 2910539 0 0 1083 0 
0 0 0 0 0 0 0 0 0 0 0 0 0 0 0 0 0 0 0 0 0 0 0 3 0 12 16 0 0 57 0 0 26 7262136 0 0 0 0 0 0 3003353 1120 0 0 
0 0 0 0 0 0 0 0 0 0 0 0 0 0 0 0 0 0 0 0 0 0 0 3 16 0 0 3 0 0 57 26 0 1379878 4322670 1557635 0 0 0 3004971 0 0 1120 0 
0 0 0 0 0 0 0 0 0 0 0 0 0 0 0 0 0 0 0 0 0 0 0 3 0 12 16 0 0 57 0 0 26 7363477 0 0 0 0 0 0 3003952 1120 0 0 
0 0 0 0 0 0 0 0 0 0 0 0 0 0 0 0 0 0 0 0 0 0 0 3 16 0 0 3 0 0 57 26 0 1421999 4380940 1558591 0 0 0 3005569 0 0 1120 0 
0 0 0 0 0 0 0 0 0 0 0 0 0 0 0 0 0 0 0 0 0 0 0 3 0 12 16 0 0 57 0 0 26 7428710 0 0 0 0 0 0 3050702 1128 0 0 
0 0 0 0 0 0 0 0 0 0 0 0 0 0 0 0 0 0 0 0 0 0 0 3 16 0 0 3 0 0 57 26 0 1422006 4417708 1587000 0 0 0 3052373 0 0 1128 0 
0 0 0 0 0 0 0 0 0 0 0 0 0 0 0 0 0 0 0 0 0 0 0 3 0 12 16 0 0 57 0 0 26 7498417 0 0 0 0 0 0 3098935 1155 0 0 
0 0 0 0 0 0 0 0 0 0 0 0 0 0 0 0 0 0 0 0 0 0 0 3 16 0 0 3 0 0 57 26 0 1447946 4446888 1601569 0 0 0 3100609 0 0 1155 0 
0 0 0 0 0 0 0 0 0 0 0 0 0 0 0 0 0 0 0 0 0 0 0 3 0 12 16 0 0 57 0 0 26 7566786 0 0 0 0 0 0 3098937 1155 0 0 
0 0 0 0 0 0 0 0 0 0 0 0 0 0 0 0 0 0 0 0 0 0 0 3 16 0 0 3 0 0 57 26 0 1464142 4498577 1602054 0 0 0 3100611 0 0 1155 0 
0 0 0 0 0 0 0 0 0 0 0 0 0 0 0 0 0 0 0 0 0 0 0 3 0 12 16 0 0 57 0 0 26 7618248 0 0 0 0 0 0 3181775 1167 0 0 
0 0 0 0 0 0 0 0 0 0 0 0 0 0 0 0 0 0 0 0 0 0 0 3 16 0 0 3 0 0 57 26 0 1464153 4512764 1639259 0 0 0 3183474 0 0 1163 0 
0 0 0 0 0 0 0 0 0 0 0 0 0 0 0 0 0 0 0 0 0 0 0 3 0 12 16 0 0 57 0 0 26 7716582 0 0 0 0 0 0 3193947 1191 0 0 
0 0 0 0 0 0 0 0 0 0 0 0 0 0 0 0 0 0 0 0 0 0 0 3 16 0 0 3 0 0 57 26 0 1504721 4564879 1644922 0 0 0 3195645 0 0 1191 0 
0 0 0 0 0 0 0 0 0 0 0 0 0 0 0 0 0 0 0 0 0 0 0 3 0 12 16 0 0 57 0 0 26 7762652 0 0 0 0 0 0 3197733 1199 0 0 
0 0 0 0 0 0 0 0 0 0 0 0 0 0 0 0 0 0 0 0 0 0 0 3 16 0 0 3 0 0 57 26 0 1506295 4607815 1646478 0 0 0 3199435 0 0 1199 0 
0 0 0 0 0 0 0 0 0 0 0 0 0 0 0 0 0 0 0 0 0 0 0 3 0 12 16 0 0 57 0 0 26 7827647 0 0 0 0 0 0 3288951 1225 0 0 
0 0 0 0 0 0 0 0 0 0 0 0 0 0 0 0 0 0 0 0 0 0 0 3 16 0 0 3 0 0 57 26 0 1519931 4618153 1687444 0 0 0 3290679 0 0 1225 0 
0 0 0 0 0 0 0 0 0 0 0 0 0 0 0 0 0 0 0 0 0 0 0 3 0 12 16 0 0 57 0 0 26 7913532 0 0 0 0 0 0 3288953 1225 0 0 
0 0 0 0 0 0 0 0 0 0 0 0 0 0 0 0 0 0 0 0 0 0 0 3 16 0 0 3 0 0 57 26 0 1548433 4674657 1688325 0 0 0 3290681 0 0 1225 0 
0 0 0 0 0 0 0 0 0 0 0 0 0 0 0 0 0 0 0 0 0 0 0 3 0 12 16 0 0 57 0 0 26 7972405 0 0 0 0 0 0 3337495 1233 0 0 
0 0 0 0 0 0 0 0 0 0 0 0 0 0 0 0 0 0 0 0 0 0 0 3 16 0 0 3 0 0 57 26 0 1548441 4702869 1718931 0 0 0 3339257 0 0 1233 0 
0 0 0 0 0 0 0 0 0 0 0 0 0 0 0 0 0 0 0 0 0 0 0 3 0 12 16 0 0 57 0 0 26 8045173 0 0 0 0 0 0 3383955 1260 0 0 
0 0 0 0 0 0 0 0 0 0 0 0 0 0 0 0 0 0 0 0 0 0 0 3 16 0 0 3 0 0 57 26 0 1577158 4734694 1731139 0 0 0 3385717 0 0 1260 0 
0 0 0 0 0 0 0 0 0 0 0 0 0 0 0 0 0 0 0 0 0 0 0 3 0 12 16 0 0 57 0 0 26 8109268 0 0 0 0 0 0 3383957 1260 0 0 
0 0 0 0 0 0 0 0 0 0 0 0 0 0 0 0 0 0 0 0 0 0 0 3 16 0 0 3 0 0 57 26 0 1590581 4785032 1731475 0 0 0 3385719 0 0 1260 0 
0 0 0 0 0 0 0 0 0 0 0 0 0 0 0 0 0 0 0 0 0 0 0 3 0 12 16 0 0 57 0 0 26 8160515 0 0 0 0 0 0 3469795 1294 0 0 
0 0 0 0 0 0 0 0 0 0 0 0 0 0 0 0 0 0 0 0 0 0 0 3 16 0 0 3 0 0 57 26 0 1590601 4797931 1769756 0 0 0 3471599 0 0 1294 0 
0 0 0 0 0 0 0 0 0 0 0 0 0 0 0 0 0 0 0 0 0 0 0 3 0 12 16 0 0 57 0 0 26 8260615 0 0 0 0 0 0 3478953 1294 0 0 
0 0 0 0 0 0 0 0 0 0 0 0 0 0 0 0 0 0 0 0 0 0 0 3 16 0 0 3 0 0 57 26 0 1632723 4851148 1774523 0 0 0 3480756 0 0 1294 0 
0 0 0 0 0 0 0 0 0 0 0 0 0 0 0 0 0 0 0 0 0 0 0 3 0 12 16 0 0 57 0 0 26 8305118 0 0 0 0 0 0 3487700 1302 0 0 
0 0 0 0 0 0 0 0 0 0 0 0 0 0 0 0 0 0 0 0 0 0 0 3 16 0 0 3 0 0 57 26 0 1632730 4892973 1777187 0 0 0 3489511 0 0 1302 0 
0 0 0 0 0 0 0 0 0 0 0 0 0 0 0 0 0 0 0 0 0 0 0 3 0 12 16 0 0 57 0 0 26 8370547 0 0 0 0 0 0 3573950 1328 0 0 
0 0 0 0 0 0 0 0 0 0 0 0 0 0 0 0 0 0 0 0 0 0 0 3 16 0 0 3 0 0 57 26 0 1647341 4903897 1817063 0 0 0 3575792 0 0 1328 0 
0 0 0 0 0 0 0 0 0 0 0 0 0 0 0 0 0 0 0 0 0 0 0 3 0 12 16 0 0 57 0 0 26 8457286 0 0 0 0 0 0 3573952 1328 0 0 
0 0 0 0 0 0 0 0 0 0 0 0 0 0 0 0 0 0 0 0 0 0 0 3 16 0 0 3 0 0 57 26 0 1674868 4963060 1817122 0 0 0 3575794 0 0 1328 0 
0 0 0 0 0 0 0 0 0 0 0 0 0 0 0 0 0 0 0 0 0 0 0 3 0 12 16 0 0 57 0 0 26 8518983 0 0 0 0 0 0 3630576 1339 0 0 
0 0 0 0 0 0 0 0 0 0 0 0 0 0 0 0 0 0 0 0 0 0 0 3 16 0 0 3 0 0 57 26 0 1674879 4988024 1853810 0 0 0 3632449 0 0 1336 0 
0 0 0 0 0 0 0 0 0 0 0 0 0 0 0 0 0 0 0 0 0 0 0 3 0 12 16 0 0 57 0 0 26 8596160 0 0 0 0 0 0 3668958 1364 0 0 
0 0 0 0 0 0 0 0 0 0 0 0 0 0 0 0 0 0 0 0 0 0 0 3 16 0 0 3 0 0 57 26 0 1706515 5027380 1860008 0 0 0 3670833 0 0 1364 0 
0 0 0 0 0 0 0 0 0 0 0 0 0 0 0 0 0 0 0 0 0 0 0 3 0 12 16 0 0 57 0 0 26 8654520 0 0 0 0 0 0 3668960 1364 0 0 
0 0 0 0 0 0 0 0 0 0 0 0 0 0 0 0 0 0 0 0 0 0 0 3 16 0 0 3 0 0 57 26 0 1717014 5074921 1860329 0 0 0 3670835 0 0 1364 0 
0 0 0 0 0 0 0 0 0 0 0 0 0 0 0 0 0 0 0 0 0 0 0 3 0 16 16 0 0 57 0 0 26 8699986 0 0 0 0 0 0 3752446 1388 0 0 
0 0 0 0 0 0 0 0 0 0 0 0 0 0 0 0 0 0 0 0 0 0 0 3 16 0 0 4 0 0 57 26 0 1717037 5083087 1897586 0 0 0 3754358 0 0 1388 0 
<====
0 0 0 0 0 0 0 0 0 0 0 0 0 0 0 0 0 0 0 0 0 0 0 3 0 16 16 0 0 57 0 0 26 8699986 0 0 0 0 0 0 3752446 1388 0 0 
0 0 0 0 0 0 0 0 0 0 0 0 0 0 0 0 0 0 0 0 0 0 0 3 16 0 0 4 0 0 57 26 0 1717037 5083087 1897586 0 0 0 3754358 0 0 1388 0 
0 0 0 0 0 0 0 0 0 0 0 0 0 0 0 0 0 0 0 0 0 0 0 3 0 16 16 0 0 57 0 0 26 8699986 0 0 0 0 0 0 3752446 1388 0 0 
0 0 0 0 0 0 0 0 0 0 0 0 0 0 0 0 0 0 0 0 0 0 0 3 16 0 0 4 0 0 57 26 0 1717037 5083087 1897586 0 0 0 3754358 0 0 1388 0 
0 0 0 0 0 0 0 0 0 0 0 0 0 0 0 0 0 0 0 0 0 0 0 3 0 16 16 0 0 57 0 0 26 8699986 0 0 0 0 0 0 3752446 1388 0 0 
0 0 0 0 0 0 0 0 0 0 0 0 0 0 0 0 0 0 0 0 0 0 0 3 16 0 0 4 0 0 57 26 0 1717037 5083087 1897586 0 0 0 3754358 0 0 1388 0 
0 0 0 0 0 0 0 0 0 0 0 0 0 0 0 0 0 0 0 0 0 0 0 3 0 16 16 0 0 57 0 0 26 8699986 0 0 0 0 0 0 3752446 1388 0 0 
0 0 0 0 0 0 0 0 0 0 0 0 0 0 0 0 0 0 0 0 0 0 0 3 16 0 0 4 0 0 57 26 0 1717037 5083087 1897586 0 0 0 3754358 0 0 1388 0 
0 0 0 0 0 0 0 0 0 0 0 0 0 0 0 0 0 0 0 0 0 0 0 3 0 16 16 0 0 57 0 0 26 8699986 0 0 0 0 0 0 3752446 1388 0 0 
0 0 0 0 0 0 0 0 0 0 0 0 0 0 0 0 0 0 0 0 0 0 0 3 16 0 0 4 0 0 57 26 0 1717037 5083087 1897586 0 0 0 3754358 0 0 1388 0 
0 0 0 0 0 0 0 0 0 0 0 0 0 0 0 0 0 0 0 0 0 0 0 3 0 16 16 0 0 57 0 0 26 8699986 0 0 0 0 0 0 3752446 1388 0 0 
0 0 0 0 0 0 0 0 0 0 0 0 0 0 0 0 0 0 0 0 0 0 0 3 16 0 0 4 0 0 57 26 0 1717037 5083087 1897586 0 0 0 3754358 0 0 1388 0 
