0 0 0 0 0 0 0 0 0 0 0 0 0 0 0 0 0 0 0 0 0 0 0 3 36 0 0 9 0 0 123 74 0 14828033 0 0 0 0 0 4125938 0 0 2032 0 
0 0 0 0 0 0 0 0 0 0 0 0 0 0 0 0 0 0 0 0 0 0 0 3 36 0 0 9 0 0 123 74 0 14828033 0 0 0 0 0 4125938 0 0 2032 0 
0 0 0 0 0 0 0 0 0 0 0 0 0 0 0 0 0 0 0 0 0 0 0 3 36 0 0 9 0 0 123 74 0 14828033 0 0 0 0 0 4125938 0 0 2032 0 
0 0 0 0 0 0 0 0 0 0 0 0 0 0 0 0 0 0 0 0 0 0 0 3 36 0 0 9 0 0 123 74 0 14828033 0 0 0 0 0 4125938 0 0 2032 0 
0 0 0 0 0 0 0 0 0 0 0 0 0 0 0 0 0 0 0 0 0 0 0 3 36 0 0 9 0 0 123 74 0 14828033 0 0 0 0 0 4125938 0 0 2032 0 
0 0 0 0 0 0 0 0 0 0 0 0 0 0 0 0 0 0 0 0 0 0 0 3 36 0 0 9 0 0 123 74 0 14828033 0 0 0 0 0 4125938 0 0 2032 0 
0 0 0 0 0 0 0 0 0 0 0 0 0 0 0 0 0 0 0 0 0 0 0 3 36 0 0 9 0 0 123 74 0 14828033 0 0 0 0 0 4125938 0 0 2032 0 
0 0 0 0 0 0 0 0 0 0 0 0 0 0 0 0 0 0 0 0 0 0 0 3 36 0 0 9 0 0 123 74 0 14828033 0 0 0 0 0 4125938 0 0 2032 0 
0 0 0 0 0 0 0 0 0 0 0 0 0 0 0 0 0 0 0 0 0 0 0 3 36 0 0 9 0 0 123 74 0 14828033 0 0 0 0 0 4125938 0 0 2032 0 
0 0 0 0 0 0 0 0 0 0 0 0 0 0 0 0 0 0 0 0 0 0 0 3 36 0 0 9 0 0 123 74 0 14828033 0 0 0 0 0 4125938 0 0 2032 0 
0 0 0 0 0 0 0 0 0 0 0 0 0 0 0 0 0 0 0 0 0 0 0 3 36 0 0 9 0 0 123 74 0 14828033 0 0 0 0 0 4125938 0 0 2032 0 
0 0 0 0 0 0 0 0 0 0 0 0 0 0 0 0 0 0 0 0 0 0 0 3 36 0 0 9 0 0 123 74 0 14828033 0 0 0 0 0 4125938 0 0 2032 0 
0 0 0 0 0 0 0 0 0 0 0 0 0 0 0 0 0 0 0 0 0 0 0 3 36 0 0 9 0 0 123 74 0 14828033 0 0 0 0 0 4125938 0 0 2032 0 
0 0 0 0 0 0 0 0 0 0 0 0 0 0 0 0 0 0 0 0 0 0 0 3 36 0 0 9 0 0 123 74 0 14828033 0 0 0 0 0 4125938 0 0 2032 0 
0 0 0 0 0 0 0 0 0 0 0 0 0 0 0 0 0 0 0 0 0 0 0 3 36 0 0 9 0 0 123 74 0 14828033 0 0 0 0 0 4125938 0 0 2032 0 
0 0 0 0 0 0 0 0 0 0 0 0 0 0 0 0 0 0 0 0 0 0 0 3 36 0 0 9 0 0 123 74 0 14828033 0 0 0 0 0 4125938 0 0 2032 0 
0 0 0 0 0 0 0 0 0 0 0 0 0 0 0 0 0 0 0 0 0 0 0 3 36 0 0 9 0 0 123 74 0 14828033 0 0 0 0 0 4125938 0 0 2032 0 
0 0 0 0 0 0 0 0 0 0 0 0 0 0 0 0 0 0 0 0 0 0 0 3 36 0 0 9 0 0 123 74 0 14828033 0 0 0 0 0 4125938 0 0 2032 0 
0 0 0 0 0 0 0 0 0 0 0 0 0 0 0 0 0 0 0 0 0 0 0 3 36 0 0 9 0 0 123 74 0 14828033 0 0 0 0 0 4125938 0 0 2032 0 
0 0 0 0 0 0 0 0 0 0 0 0 0 0 0 0 0 0 0 0 0 0 0 3 36 0 0 9 0 0 123 74 0 14828033 0 0 0 0 0 4125938 0 0 2032 0 
0 0 0 0 0 0 0 0 0 0 0 0 0 0 0 0 0 0 0 0 0 0 0 3 36 0 0 9 0 0 123 74 0 14828033 0 0 0 0 0 4125938 0 0 2032 0 
0 0 0 0 0 0 0 0 0 0 0 0 0 0 0 0 0 0 0 0 0 0 0 3 36 0 0 9 0 0 123 74 0 14828033 0 0 0 0 0 4125938 0 0 2032 0 
0 0 0 0 0 0 0 0 0 0 0 0 0 0 0 0 0 0 0 0 0 0 0 3 36 0 0 9 0 0 123 74 0 14828033 0 0 0 0 0 4125938 0 0 2032 0 
0 0 0 0 0 0 0 0 0 0 0 0 0 0 0 0 0 0 0 0 0 0 0 3 36 0 0 9 0 0 123 74 0 14828033 0 0 0 0 0 4125938 0 0 2032 0 
0 0 0 0 0 0 0 0 0 0 0 0 0 0 0 0 0 0 0 0 0 0 0 3 36 0 0 9 0 0 123 74 0 14828033 0 0 0 0 0 4125938 0 0 2032 0 
0 0 0 0 0 0 0 0 0 0 0 0 0 0 0 0 0 0 0 0 0 0 0 3 36 0 0 9 0 0 123 74 0 14828033 0 0 0 0 0 4125938 0 0 2032 0 
0 0 0 0 0 0 0 0 0 0 0 0 0 0 0 0 0 0 0 0 0 0 0 3 36 0 0 9 0 0 123 74 0 14828033 0 0 0 0 0 4125938 0 0 2032 0 
0 0 0 0 0 0 0 0 0 0 0 0 0 0 0 0 0 0 0 0 0 0 0 3 36 0 0 9 0 0 123 74 0 14828033 0 0 0 0 0 4125938 0 0 2032 0 
0 0 0 0 0 0 0 0 0 0 0 0 0 0 0 0 0 0 0 0 0 0 0 3 36 0 0 9 0 0 123 74 0 14828033 0 0 0 0 0 4125938 0 0 2032 0 
0 0 0 0 0 0 0 0 0 0 0 0 0 0 0 0 0 0 0 0 0 0 0 3 36 0 0 9 0 0 123 74 0 14828033 0 0 0 0 0 4125938 0 0 2032 0 
0 0 0 0 0 0 0 0 0 0 0 0 0 0 0 0 0 0 0 0 0 0 0 3 36 0 0 9 0 0 123 74 0 14828033 0 0 0 0 0 4125938 0 0 2032 0 
0 0 0 0 0 0 0 0 0 0 0 0 0 0 0 0 0 0 0 0 0 0 0 3 36 0 0 9 0 0 123 74 0 14828033 0 0 0 0 0 4125938 0 0 2032 0 
0 0 0 0 0 0 0 0 0 0 0 0 0 0 0 0 0 0 0 0 0 0 0 3 36 0 0 9 0 0 123 74 0 14828033 0 0 0 0 0 4125938 0 0 2032 0 
0 0 0 0 0 0 0 0 0 0 0 0 0 0 0 0 0 0 0 0 0 0 0 3 36 0 0 9 0 0 123 74 0 14828033 0 0 0 0 0 4125938 0 0 2032 0 
0 0 0 0 0 0 0 0 0 0 0 0 0 0 0 0 0 0 0 0 0 0 0 3 36 0 0 9 0 0 123 74 0 14828033 0 0 0 0 0 4125938 0 0 2032 0 
0 0 0 0 0 0 0 0 0 0 0 0 0 0 0 0 0 0 0 0 0 0 0 3 36 0 0 9 0 0 123 74 0 14828033 0 0 0 0 0 4125938 0 0 2032 0 
0 0 0 0 0 0 0 0 0 0 0 0 0 0 0 0 0 0 0 0 0 0 0 3 36 0 0 9 0 0 123 74 0 14828033 0 0 0 0 0 4125938 0 0 2032 0 
0 0 0 0 0 0 0 0 0 0 0 0 0 0 0 0 0 0 0 0 0 0 0 3 36 0 0 9 0 0 123 74 0 14828033 0 0 0 0 0 4125938 0 0 2032 0 
0 0 0 0 0 0 0 0 0 0 0 0 0 0 0 0 0 0 0 0 0 0 0 3 36 0 0 9 0 0 123 74 0 14828033 0 0 0 0 0 4125938 0 0 2032 0 
0 0 0 0 0 0 0 0 0 0 0 0 0 0 0 0 0 0 0 0 0 0 0 3 36 0 0 9 0 0 123 74 0 14828033 0 0 0 0 0 4125938 0 0 2032 0 
0 0 0 0 0 0 0 0 0 0 0 0 0 0 0 0 0 0 0 0 0 0 0 3 36 0 0 9 0 0 123 74 0 14828033 0 0 0 0 0 4125938 0 0 2032 0 
0 0 0 0 0 0 0 0 0 0 0 0 0 0 0 0 0 0 0 0 0 0 0 3 36 0 0 9 0 0 123 74 0 14828033 0 0 0 0 0 4125938 0 0 2032 0 
0 0 0 0 0 0 0 0 0 0 0 0 0 0 0 0 0 0 0 0 0 0 0 3 36 0 0 9 0 0 123 74 0 14828033 0 0 0 0 0 4125938 0 0 2032 0 
0 0 0 0 0 0 0 0 0 0 0 0 0 0 0 0 0 0 0 0 0 0 0 3 36 0 0 9 0 0 123 74 0 14828033 0 0 0 0 0 4125938 0 0 2032 0 
0 0 0 0 0 0 0 0 0 0 0 0 0 0 0 0 0 0 0 0 0 0 0 3 36 0 0 9 0 0 123 74 0 14828033 0 0 0 0 0 4125938 0 0 2032 0 
0 0 0 0 0 0 0 0 0 0 0 0 0 0 0 0 0 0 0 0 0 0 0 3 36 0 0 9 0 0 123 74 0 14828033 0 0 0 0 0 4125938 0 0 2032 0 
0 0 0 0 0 0 0 0 0 0 0 0 0 0 0 0 0 0 0 0 0 0 0 3 36 0 0 9 0 0 123 74 0 14828033 0 0 0 0 0 4125938 0 0 2032 0 
0 0 0 0 0 0 0 0 0 0 0 0 0 0 0 0 0 0 0 0 0 0 0 3 36 0 0 9 0 0 123 74 0 14828033 0 0 0 0 0 4125938 0 0 2032 0 
0 0 0 0 0 0 0 0 0 0 0 0 0 0 0 0 0 0 0 0 0 0 0 3 36 0 0 9 0 0 123 74 0 14828033 0 0 0 0 0 4125938 0 0 2032 0 
0 0 0 0 0 0 0 0 0 0 0 0 0 0 0 0 0 0 0 0 0 0 0 3 36 0 0 9 0 0 123 74 0 14828033 0 0 0 0 0 4125938 0 0 2032 0 
0 0 0 0 0 0 0 0 0 0 0 0 0 0 0 0 0 0 0 0 0 0 0 3 36 0 0 9 0 0 123 74 0 14828033 0 0 0 0 0 4125938 0 0 2032 0 
0 0 0 0 0 0 0 0 0 0 0 0 0 0 0 0 0 0 0 0 0 0 0 3 36 0 0 9 0 0 123 74 0 14828033 0 0 0 0 0 4125938 0 0 2032 0 
0 0 0 0 0 0 0 0 0 0 0 0 0 0 0 0 0 0 0 0 0 0 0 3 36 0 0 9 0 0 123 74 0 14828033 0 0 0 0 0 4125938 0 0 2032 0 
0 0 0 0 0 0 0 0 0 0 0 0 0 0 0 0 0 0 0 0 0 0 0 3 36 0 0 9 0 0 123 74 0 14828033 0 0 0 0 0 4125938 0 0 2032 0 
0 0 0 0 0 0 0 0 0 0 0 0 0 0 0 0 0 0 0 0 0 0 0 3 36 0 0 9 0 0 123 74 0 14828033 0 0 0 0 0 4125938 0 0 2032 0 
0 0 0 0 0 0 0 0 0 0 0 0 0 0 0 0 0 0 0 0 0 0 0 3 36 0 0 9 0 0 123 74 0 14828033 0 0 0 0 0 4125938 0 0 2032 0 
0 0 0 0 0 0 0 0 0 0 0 0 0 0 0 0 0 0 0 0 0 0 0 3 36 0 0 9 0 0 123 74 0 14828033 0 0 0 0 0 4125938 0 0 2032 0 
0 0 0 0 0 0 0 0 0 0 0 0 0 0 0 0 0 0 0 0 0 0 0 3 36 0 0 9 0 0 123 74 0 14828033 0 0 0 0 0 4125938 0 0 2032 0 
0 0 0 0 0 0 0 0 0 0 0 0 0 0 0 0 0 0 0 0 0 0 0 3 36 0 0 9 0 0 123 74 0 14828033 0 0 0 0 0 4125938 0 0 2032 0 
0 0 0 0 0 0 0 0 0 0 0 0 0 0 0 0 0 0 0 0 0 0 0 3 36 0 0 9 0 0 123 74 0 14828033 0 0 0 0 0 4125938 0 0 2032 0 
0 0 0 0 0 0 0 0 0 0 0 0 0 0 0 0 0 0 0 0 0 0 0 3 36 0 0 9 0 0 123 74 0 14828033 0 0 0 0 0 4125938 0 0 2032 0 
0 0 0 0 0 0 0 0 0 0 0 0 0 0 0 0 0 0 0 0 0 0 0 3 36 0 0 9 0 0 123 74 0 14828033 0 0 0 0 0 4125938 0 0 2032 0 
0 0 0 0 0 0 0 0 0 0 0 0 0 0 0 0 0 0 0 0 0 0 0 3 36 0 0 9 0 0 123 74 0 14828033 0 0 0 0 0 4125938 0 0 2032 0 
0 0 0 0 0 0 0 0 0 0 0 0 0 0 0 0 0 0 0 0 0 0 0 3 36 0 0 9 0 0 123 74 0 14828033 0 0 0 0 0 4125938 0 0 2032 0 
0 0 0 0 0 0 0 0 0 0 0 0 0 0 0 0 0 0 0 0 0 0 0 3 36 0 0 9 0 0 123 74 0 14828033 0 0 0 0 0 4125938 0 0 2032 0 
0 0 0 0 0 0 0 0 0 0 0 0 0 0 0 0 0 0 0 0 0 0 0 3 36 0 0 9 0 0 123 74 0 14828033 0 0 0 0 0 4125938 0 0 2032 0 
0 0 0 0 0 0 0 0 0 0 0 0 0 0 0 0 0 0 0 0 0 0 0 3 36 0 0 9 0 0 123 74 0 14828033 0 0 0 0 0 4125938 0 0 2032 0 
0 0 0 0 0 0 0 0 0 0 0 0 0 0 0 0 0 0 0 0 0 0 0 3 36 0 0 9 0 0 123 74 0 14828033 0 0 0 0 0 4125938 0 0 2032 0 
0 0 0 0 0 0 0 0 0 0 0 0 0 0 0 0 0 0 0 0 0 0 0 3 36 0 0 9 0 0 123 74 0 14828033 0 0 0 0 0 4125938 0 0 2032 0 
0 0 0 0 0 0 0 0 0 0 0 0 0 0 0 0 0 0 0 0 0 0 0 3 48 0 0 9 0 0 172 74 0 14989254 0 0 0 0 0 4125968 0 0 2088 0 
0 0 0 0 0 0 0 0 0 0 0 0 0 0 0 0 0 0 0 0 0 0 0 3 48 0 0 9 0 0 172 74 0 15428736 0 0 0 0 0 4125971 0 0 2088 0 
0 0 0 0 0 0 0 0 0 0 0 0 0 0 0 0 0 0 0 0 0 0 0 3 48 0 0 9 0 0 172 74 0 15884841 0 0 0 0 0 4125971 0 0 2088 0 
0 0 0 0 0 0 0 0 0 0 0 0 0 0 0 0 0 0 0 0 0 0 0 3 48 0 0 9 0 0 172 74 0 16224934 0 0 0 0 0 4125971 0 0 2088 0 
0 0 0 0 0 0 0 0 0 0 0 0 0 0 0 0 0 0 0 0 0 0 0 3 48 0 0 9 0 0 172 74 0 16553579 0 0 0 0 0 4125971 0 0 2088 0 
0 0 0 0 0 0 0 0 0 0 0 0 0 0 0 0 0 0 0 0 0 0 0 3 48 0 0 9 0 0 172 74 0 16812391 0 0 0 0 0 4125971 0 0 2088 0 
0 0 0 0 0 0 0 0 0 0 0 0 0 0 0 0 0 0 0 0 0 0 0 3 48 0 0 9 0 0 172 74 0 17009842 0 0 0 0 0 4125971 0 0 2088 0 
0 0 0 0 0 0 0 0 0 0 0 0 0 0 0 0 0 0 0 0 0 0 0 3 48 0 0 9 0 0 172 74 0 17098907 0 0 0 0 0 4125976 0 0 2088 0 
0 0 0 0 0 0 0 0 0 0 0 0 0 0 0 0 0 0 0 0 0 0 0 3 48 0 0 9 0 0 175 74 0 17237443 0 0 0 0 0 4313412 0 0 2111 0 
0 0 0 0 0 0 0 0 0 0 0 0 0 0 0 0 0 0 0 0 0 0 0 3 48 0 0 9 0 0 178 74 0 17487145 0 0 0 0 0 4423355 0 0 2190 0 
0 0 0 0 0 0 0 0 0 0 0 0 0 0 0 0 0 0 0 0 0 0 0 3 48 0 0 9 0 0 178 74 0 17696863 0 0 0 0 0 4423359 0 0 2190 0 
0 0 0 0 0 0 0 0 0 0 0 0 0 0 0 0 0 0 0 0 0 0 0 3 48 0 0 9 0 0 178 74 0 17863055 0 0 0 0 0 4701102 0 0 2291 0 
0 0 0 0 0 0 0 0 0 0 0 0 0 0 0 0 0 0 0 0 0 0 0 3 48 0 0 9 0 0 178 74 0 18153162 0 0 0 0 0 4701102 0 0 2291 0 
0 0 0 0 0 0 0 0 0 0 0 0 0 0 0 0 0 0 0 0 0 0 0 3 48 0 0 9 0 0 178 74 0 18326793 0 0 0 0 0 4867816 0 0 2315 0 
0 0 0 0 0 0 0 0 0 0 0 0 0 0 0 0 0 0 0 0 0 0 0 3 48 0 0 9 0 0 178 74 0 18576423 0 0 0 0 0 4977943 0 0 2391 0 
0 0 0 0 0 0 0 0 0 0 0 0 0 0 0 0 0 0 0 0 0 0 0 3 48 0 0 9 0 0 178 74 0 18777367 0 0 0 0 0 4977947 0 0 2391 0 
0 0 0 0 0 0 0 0 0 0 0 0 0 0 0 0 0 0 0 0 0 0 0 3 48 0 0 9 0 0 178 74 0 18928082 0 0 0 0 0 5254843 0 0 2493 0 
0 0 0 0 0 0 0 0 0 0 0 0 0 0 0 0 0 0 0 0 0 0 0 3 48 0 0 9 0 0 178 74 0 19214746 0 0 0 0 0 5254843 0 0 2493 0 
0 0 0 0 0 0 0 0 0 0 0 0 0 0 0 0 0 0 0 0 0 0 0 3 48 0 0 9 0 0 178 74 0 19381328 0 0 0 0 0 5354588 0 0 2516 0 
0 0 0 0 0 0 0 0 0 0 0 0 0 0 0 0 0 0 0 0 0 0 0 3 48 0 0 9 0 0 178 74 0 19585200 0 0 0 0 0 5531596 0 0 2595 0 
0 0 0 0 0 0 0 0 0 0 0 0 0 0 0 0 0 0 0 0 0 0 0 3 48 0 0 9 0 0 178 74 0 19826246 0 0 0 0 0 5531600 0 0 2595 0 
0 0 0 0 0 0 0 0 0 0 0 0 0 0 0 0 0 0 0 0 0 0 0 3 48 0 0 9 0 0 178 74 0 19990264 0 0 0 0 0 5759118 0 0 2618 0 
0 0 0 0 0 0 0 0 0 0 0 0 0 0 0 0 0 0 0 0 0 0 0 3 48 0 0 9 0 0 178 74 0 20250046 0 0 0 0 0 5808332 0 0 2692 0 
0 0 0 0 0 0 0 0 0 0 0 0 0 0 0 0 0 0 0 0 0 0 0 3 48 0 0 9 0 0 178 74 0 20426186 0 0 0 0 0 5808336 0 0 2692 0 
0 0 0 0 0 0 0 0 0 0 0 0 0 0 0 0 0 0 0 0 0 0 0 3 48 0 0 9 0 0 178 74 0 20603191 0 0 0 0 0 6085084 0 0 2794 0 
0 0 0 0 0 0 0 0 0 0 0 0 0 0 0 0 0 0 0 0 0 0 0 3 48 0 0 9 0 0 178 74 0 20871900 0 0 0 0 0 6085088 0 0 2794 0 
0 0 0 0 0 0 0 0 0 0 0 0 0 0 0 0 0 0 0 0 0 0 0 3 48 0 0 9 0 0 178 74 0 21034814 0 0 0 0 0 6218964 0 0 2817 0 
0 0 0 0 0 0 0 0 0 0 0 0 0 0 0 0 0 0 0 0 0 0 0 3 48 0 0 9 0 0 178 74 0 21266493 0 0 0 0 0 6361981 0 0 2896 0 
0 0 0 0 0 0 0 0 0 0 0 0 0 0 0 0 0 0 0 0 0 0 0 3 48 0 0 9 0 0 178 74 0 21473882 0 0 0 0 0 6361985 0 0 2896 0 
0 0 0 0 0 0 0 0 0 0 0 0 0 0 0 0 0 0 0 0 0 0 0 3 48 0 0 9 0 0 178 74 0 21631792 0 0 0 0 0 6597666 0 0 2919 0 
0 0 0 0 0 0 0 0 0 0 0 0 0 0 0 0 0 0 0 0 0 0 0 3 48 0 0 9 0 0 178 74 0 21893454 0 0 0 0 0 6638716 0 0 2999 0 
0 0 0 0 0 0 0 0 0 0 0 0 0 0 0 0 0 0 0 0 0 0 0 3 48 0 0 9 0 0 178 74 0 22064495 0 0 0 0 0 6638735 0 0 3010 0 
0 0 0 0 0 0 0 0 0 0 0 0 0 0 0 0 0 0 0 0 0 0 0 3 48 0 0 9 0 0 178 74 0 22243361 0 0 0 0 0 6915521 0 0 3101 0 
0 0 0 0 0 0 0 0 0 0 0 0 0 0 0 0 0 0 0 0 0 0 0 3 48 0 0 9 0 0 178 74 0 22504408 0 0 0 0 0 6915525 0 0 3101 0 
0 0 0 0 0 0 0 0 0 0 0 0 0 0 0 0 0 0 0 0 0 0 0 3 48 0 0 9 0 0 178 74 0 22668939 0 0 0 0 0 7042749 0 0 3124 0 
0 0 0 0 0 0 0 0 0 0 0 0 0 0 0 0 0 0 0 0 0 0 0 3 48 0 0 9 0 0 178 74 0 22891628 0 0 0 0 0 7192291 0 0 3203 0 
0 0 0 0 0 0 0 0 0 0 0 0 0 0 0 0 0 0 0 0 0 0 0 3 48 0 0 9 0 0 178 74 0 23108330 0 0 0 0 0 7192295 0 0 3203 0 
0 0 0 0 0 0 0 0 0 0 0 0 0 0 0 0 0 0 0 0 0 0 0 3 48 0 0 9 0 0 178 74 0 23270227 0 0 0 0 0 7429775 0 0 3225 0 
0 0 0 0 0 0 0 0 0 0 0 0 0 0 0 0 0 0 0 0 0 0 0 3 48 0 0 9 0 0 178 74 0 23542425 0 0 0 0 0 7469074 0 0 3306 0 
0 0 0 0 0 0 0 0 0 0 0 0 0 0 0 0 0 0 0 0 0 0 0 3 48 0 0 9 0 0 178 74 0 23747772 0 0 0 0 0 7571032 0 0 3330 0 
0 0 0 0 0 0 0 0 0 0 0 0 0 0 0 0 0 0 0 0 0 0 0 3 48 0 0 9 0 0 178 74 0 23959668 0 0 0 0 0 7745872 0 0 3409 0 
0 0 0 0 0 0 0 0 0 0 0 0 0 0 0 0 0 0 0 0 0 0 0 3 48 0 0 9 0 0 178 74 0 24186050 0 0 0 0 0 7745876 0 0 3409 0 
0 0 0 0 0 0 0 0 0 0 0 0 0 0 0 0 0 0 0 0 0 0 0 3 48 0 0 9 0 0 178 74 0 24349065 0 0 0 0 0 7957619 0 0 3433 0 
0 0 0 0 0 0 0 0 0 0 0 0 0 0 0 0 0 0 0 0 0 0 0 3 48 0 0 9 0 0 178 74 0 24600715 0 0 0 0 0 8022646 0 0 3514 0 
0 0 0 0 0 0 0 0 0 0 0 0 0 0 0 0 0 0 0 0 0 0 0 3 48 0 0 9 0 0 178 74 0 24783205 0 0 0 0 0 8022650 0 0 3514 0 
0 0 0 0 0 0 0 0 0 0 0 0 0 0 0 0 0 0 0 0 0 0 0 3 48 0 0 9 0 0 178 74 0 24947778 0 0 0 0 0 8299396 0 0 3619 0 
0 0 0 0 0 0 0 0 0 0 0 0 0 0 0 0 0 0 0 0 0 0 0 3 48 0 0 9 0 0 178 74 0 25225942 0 0 0 0 0 8299396 0 0 3619 0 
0 0 0 0 0 0 0 0 0 0 0 0 0 0 0 0 0 0 0 0 0 0 0 3 48 0 0 9 0 0 178 74 0 25388256 0 0 0 0 0 8406606 0 0 3643 0 
0 0 0 0 0 0 0 0 0 0 0 0 0 0 0 0 0 0 0 0 0 0 0 3 48 0 0 9 0 0 178 74 0 25603265 0 0 0 0 0 8576080 0 0 3722 0 
0 0 0 0 0 0 0 0 0 0 0 0 0 0 0 0 0 0 0 0 0 0 0 3 48 0 0 9 0 0 178 74 0 25825200 0 0 0 0 0 8576084 0 0 3722 0 
0 0 0 0 0 0 0 0 0 0 0 0 0 0 0 0 0 0 0 0 0 0 0 3 48 0 0 9 0 0 178 74 0 25989535 0 0 0 0 0 8794121 0 0 3745 0 
0 0 0 0 0 0 0 0 0 0 0 0 0 0 0 0 0 0 0 0 0 0 0 3 48 0 0 9 0 0 178 74 0 26243820 0 0 0 0 0 8852882 0 0 3824 0 
0 0 0 0 0 0 0 0 0 0 0 0 0 0 0 0 0 0 0 0 0 0 0 3 48 0 0 9 0 0 178 74 0 26425126 0 0 0 0 0 8852886 0 0 3824 0 
0 0 0 0 0 0 0 0 0 0 0 0 0 0 0 0 0 0 0 0 0 0 0 3 48 0 0 9 0 0 178 74 0 26589616 0 0 0 0 0 9129774 0 0 3929 0 
0 0 0 0 0 0 0 0 0 0 0 0 0 0 0 0 0 0 0 0 0 0 0 3 48 0 0 9 0 0 178 74 0 26872900 0 0 0 0 0 9129774 0 0 3929 0 
0 0 0 0 0 0 0 0 0 0 0 0 0 0 0 0 0 0 0 0 0 0 0 3 48 0 0 9 0 0 178 74 0 27040428 0 0 0 0 0 9269622 0 0 3953 0 
0 0 0 0 0 0 0 0 0 0 0 0 0 0 0 0 0 0 0 0 0 0 0 3 48 0 0 9 0 0 178 74 0 27264084 0 0 0 0 0 9406562 0 0 4032 0 
0 0 0 0 0 0 0 0 0 0 0 0 0 0 0 0 0 0 0 0 0 0 0 3 48 0 0 9 0 0 178 74 0 27473955 0 0 0 0 0 9406566 0 0 4032 0 
0 0 0 0 0 0 0 0 0 0 0 0 0 0 0 0 0 0 0 0 0 0 0 3 48 0 0 9 0 0 178 74 0 27634882 0 0 0 0 0 9643425 0 0 4055 0 
0 0 0 0 0 0 0 0 0 0 0 0 0 0 0 0 0 0 0 0 0 0 0 3 48 0 0 12 0 0 178 74 0 27638400 0 0 0 0 0 9650328 0 0 4101 0 
0 0 0 0 0 0 0 0 0 0 0 0 0 0 0 0 0 0 0 0 0 0 0 3 48 0 0 12 0 0 178 74 0 27638400 0 0 0 0 0 9650328 0 0 4101 0 
0 0 0 0 0 0 0 0 0 0 0 0 0 0 0 0 0 0 0 0 0 0 0 3 48 0 0 12 0 0 178 74 0 27638400 0 0 0 0 0 9650328 0 0 4101 0 
0 0 0 0 0 0 0 0 0 0 0 0 0 0 0 0 0 0 0 0 0 0 0 3 48 0 0 12 0 0 178 74 0 27638400 0 0 0 0 0 9650328 0 0 4101 0 
0 0 0 0 0 0 0 0 0 0 0 0 0 0 0 0 0 0 0 0 0 0 0 3 48 0 0 12 0 0 178 74 0 27638400 0 0 0 0 0 9650328 0 0 4101 0 
0 0 0 0 0 0 0 0 0 0 0 0 0 0 0 0 0 0 0 0 0 0 0 3 48 0 0 12 0 0 178 74 0 27638400 0 0 0 0 0 9650328 0 0 4101 0 
