0 0 0 0 0 0 0 0 0 0 0 0 0 0 0 0 0 0 0 0 0 0 0 3 0 16 16 0 0 59 0 0 33 5959129 0 0 0 0 0 0 408805 677 0 0 
0 0 0 0 0 0 0 0 0 0 0 0 0 0 0 0 0 0 0 0 0 0 0 3 16 0 0 4 0 0 59 33 0 2229004 1288254 2428805 0 0 0 409098 0 0 677 0 
0 0 0 0 0 0 0 0 0 0 0 0 0 0 0 0 0 0 0 0 0 0 0 3 0 16 16 0 0 59 0 0 33 5959129 0 0 0 0 0 0 408805 677 0 0 
0 0 0 0 0 0 0 0 0 0 0 0 0 0 0 0 0 0 0 0 0 0 0 3 16 0 0 4 0 0 59 33 0 2229004 1288254 2428805 0 0 0 409098 0 0 677 0 
0 0 0 0 0 0 0 0 0 0 0 0 0 0 0 0 0 0 0 0 0 0 0 3 0 16 16 0 0 59 0 0 33 5959129 0 0 0 0 0 0 408805 677 0 0 
0 0 0 0 0 0 0 0 0 0 0 0 0 0 0 0 0 0 0 0 0 0 0 3 16 0 0 4 0 0 59 33 0 2229004 1288254 2428805 0 0 0 409098 0 0 677 0 
0 0 0 0 0 0 0 0 0 0 0 0 0 0 0 0 0 0 0 0 0 0 0 3 0 16 16 0 0 59 0 0 33 5959129 0 0 0 0 0 0 408805 677 0 0 
0 0 0 0 0 0 0 0 0 0 0 0 0 0 0 0 0 0 0 0 0 0 0 3 16 0 0 4 0 0 59 33 0 2229004 1288254 2428805 0 0 0 409098 0 0 677 0 
0 0 0 0 0 0 0 0 0 0 0 0 0 0 0 0 0 0 0 0 0 0 0 3 0 16 16 0 0 59 0 0 33 5959129 0 0 0 0 0 0 408805 677 0 0 
0 0 0 0 0 0 0 0 0 0 0 0 0 0 0 0 0 0 0 0 0 0 0 3 16 0 0 4 0 0 59 33 0 2229004 1288254 2428805 0 0 0 409098 0 0 677 0 
====>
0 0 0 0 0 0 0 0 0 0 0 0 0 0 0 0 0 0 0 0 0 0 0 3 0 16 16 0 0 59 0 0 33 5959129 0 0 0 0 0 0 408805 677 0 0 
0 0 0 0 0 0 0 0 0 0 0 0 0 0 0 0 0 0 0 0 0 0 0 3 16 0 0 4 0 0 59 33 0 2229004 1288254 2428805 0 0 0 409098 0 0 677 0 
0 0 0 0 0 0 0 0 0 0 0 0 0 0 0 0 0 0 0 0 0 0 0 3 0 16 16 0 0 59 0 0 33 5959129 0 0 0 0 0 0 408805 677 0 0 
0 0 0 0 0 0 0 0 0 0 0 0 0 0 0 0 0 0 0 0 0 0 0 3 16 0 0 4 0 0 59 33 0 2229004 1288254 2428805 0 0 0 409098 0 0 677 0 
0 0 0 0 0 0 0 0 0 0 0 0 0 0 0 0 0 0 0 0 0 0 0 3 0 16 16 0 0 59 0 0 33 5959129 0 0 0 0 0 0 408805 677 0 0 
0 0 0 0 0 0 0 0 0 0 0 0 0 0 0 0 0 0 0 0 0 0 0 3 16 0 0 4 0 0 59 33 0 2229004 1288254 2428805 0 0 0 409098 0 0 677 0 
0 0 0 0 0 0 0 0 0 0 0 0 0 0 0 0 0 0 0 0 0 0 0 3 0 16 16 0 0 59 0 0 33 5959129 0 0 0 0 0 0 408805 677 0 0 
0 0 0 0 0 0 0 0 0 0 0 0 0 0 0 0 0 0 0 0 0 0 0 3 16 0 0 4 0 0 59 33 0 2229004 1288254 2428805 0 0 0 409098 0 0 677 0 
0 0 0 0 0 0 0 0 0 0 0 0 0 0 0 0 0 0 0 0 0 0 0 3 0 16 16 0 0 59 0 0 33 5959129 0 0 0 0 0 0 408805 677 0 0 
0 0 0 0 0 0 0 0 0 0 0 0 0 0 0 0 0 0 0 0 0 0 0 3 16 0 0 4 0 0 59 33 0 2229004 1288254 2428805 0 0 0 409098 0 0 677 0 
0 0 0 0 0 0 0 0 0 0 0 0 0 0 0 0 0 0 0 0 0 0 0 3 0 16 16 0 0 59 0 0 33 5959129 0 0 0 0 0 0 408805 677 0 0 
0 0 0 0 0 0 0 0 0 0 0 0 0 0 0 0 0 0 0 0 0 0 0 3 16 0 0 4 0 0 59 33 0 2229004 1288254 2428805 0 0 0 409098 0 0 677 0 
0 0 0 0 0 0 0 0 0 0 0 0 0 0 0 0 0 0 0 0 0 0 0 3 0 16 16 0 0 59 0 0 33 5959129 0 0 0 0 0 0 408805 677 0 0 
0 0 0 0 0 0 0 0 0 0 0 0 0 0 0 0 0 0 0 0 0 0 0 3 16 0 0 4 0 0 59 33 0 2229004 1288254 2428805 0 0 0 409098 0 0 677 0 
0 0 0 0 0 0 0 0 0 0 0 0 0 0 0 0 0 0 0 0 0 0 0 3 0 16 16 0 0 59 0 0 33 5959129 0 0 0 0 0 0 408805 677 0 0 
0 0 0 0 0 0 0 0 0 0 0 0 0 0 0 0 0 0 0 0 0 0 0 3 16 0 0 4 0 0 59 33 0 2229004 1288254 2428805 0 0 0 409098 0 0 677 0 
0 0 0 0 0 0 0 0 0 0 0 0 0 0 0 0 0 0 0 0 0 0 0 3 0 16 16 0 0 59 0 0 33 5959129 0 0 0 0 0 0 408805 677 0 0 
0 0 0 0 0 0 0 0 0 0 0 0 0 0 0 0 0 0 0 0 0 0 0 3 16 0 0 4 0 0 59 33 0 2229004 1288254 2428805 0 0 0 409098 0 0 677 0 
0 0 0 0 0 0 0 0 0 0 0 0 0 0 0 0 0 0 0 0 0 0 0 3 0 16 16 0 0 59 0 0 33 5959129 0 0 0 0 0 0 408805 677 0 0 
0 0 0 0 0 0 0 0 0 0 0 0 0 0 0 0 0 0 0 0 0 0 0 3 16 0 0 4 0 0 59 33 0 2229004 1288254 2428805 0 0 0 409098 0 0 677 0 
0 0 0 0 0 0 0 0 0 0 0 0 0 0 0 0 0 0 0 0 0 0 0 3 0 16 16 0 0 59 0 0 33 5959129 0 0 0 0 0 0 408805 677 0 0 
0 0 0 0 0 0 0 0 0 0 0 0 0 0 0 0 0 0 0 0 0 0 0 3 16 0 0 4 0 0 59 33 0 2229004 1288254 2428805 0 0 0 409098 0 0 677 0 
0 0 0 0 0 0 0 0 0 0 0 0 0 0 0 0 0 0 0 0 0 0 0 3 0 16 16 0 0 59 0 0 33 5959129 0 0 0 0 0 0 408805 677 0 0 
0 0 0 0 0 0 0 0 0 0 0 0 0 0 0 0 0 0 0 0 0 0 0 3 16 0 0 4 0 0 59 33 0 2229004 1288254 2428805 0 0 0 409098 0 0 677 0 
0 0 0 0 0 0 0 0 0 0 0 0 0 0 0 0 0 0 0 0 0 0 0 3 0 16 16 0 0 59 0 0 33 5959129 0 0 0 0 0 0 408805 677 0 0 
0 0 0 0 0 0 0 0 0 0 0 0 0 0 0 0 0 0 0 0 0 0 0 3 16 0 0 4 0 0 59 33 0 2229004 1288254 2428805 0 0 0 409098 0 0 677 0 
0 0 0 0 0 0 0 0 0 0 0 0 0 0 0 0 0 0 0 0 0 0 0 3 0 16 16 0 0 59 0 0 33 5959129 0 0 0 0 0 0 408805 677 0 0 
0 0 0 0 0 0 0 0 0 0 0 0 0 0 0 0 0 0 0 0 0 0 0 3 16 0 0 4 0 0 59 33 0 2229004 1288254 2428805 0 0 0 409098 0 0 677 0 
0 0 0 0 0 0 0 0 0 0 0 0 0 0 0 0 0 0 0 0 0 0 0 3 0 16 16 0 0 59 0 0 33 5959129 0 0 0 0 0 0 408805 677 0 0 
0 0 0 0 0 0 0 0 0 0 0 0 0 0 0 0 0 0 0 0 0 0 0 3 16 0 0 4 0 0 59 33 0 2229004 1288254 2428805 0 0 0 409098 0 0 677 0 
0 0 0 0 0 0 0 0 0 0 0 0 0 0 0 0 0 0 0 0 0 0 0 3 0 16 16 0 0 59 0 0 33 5959129 0 0 0 0 0 0 408805 677 0 0 
0 0 0 0 0 0 0 0 0 0 0 0 0 0 0 0 0 0 0 0 0 0 0 3 16 0 0 4 0 0 59 33 0 2229004 1288254 2428805 0 0 0 409098 0 0 677 0 
0 0 0 0 0 0 0 0 0 0 0 0 0 0 0 0 0 0 0 0 0 0 0 3 0 16 16 0 0 59 0 0 33 5959129 0 0 0 0 0 0 408805 677 0 0 
0 0 0 0 0 0 0 0 0 0 0 0 0 0 0 0 0 0 0 0 0 0 0 3 16 0 0 4 0 0 59 33 0 2229004 1288254 2428805 0 0 0 409098 0 0 677 0 
0 0 0 0 0 0 0 0 0 0 0 0 0 0 0 0 0 0 0 0 0 0 0 3 0 16 16 0 0 59 0 0 33 5959129 0 0 0 0 0 0 408805 677 0 0 
0 0 0 0 0 0 0 0 0 0 0 0 0 0 0 0 0 0 0 0 0 0 0 3 16 0 0 4 0 0 59 33 0 2229004 1288254 2428805 0 0 0 409098 0 0 677 0 
0 0 0 0 0 0 0 0 0 0 0 0 0 0 0 0 0 0 0 0 0 0 0 3 0 16 16 0 0 59 0 0 33 5959129 0 0 0 0 0 0 408805 677 0 0 
0 0 0 0 0 0 0 0 0 0 0 0 0 0 0 0 0 0 0 0 0 0 0 3 16 0 0 4 0 0 59 33 0 2229004 1288254 2428805 0 0 0 409098 0 0 677 0 
0 0 0 0 0 0 0 0 0 0 0 0 0 0 0 0 0 0 0 0 0 0 0 3 0 16 16 0 0 59 0 0 33 5959129 0 0 0 0 0 0 408805 677 0 0 
0 0 0 0 0 0 0 0 0 0 0 0 0 0 0 0 0 0 0 0 0 0 0 3 16 0 0 4 0 0 59 33 0 2229004 1288254 2428805 0 0 0 409098 0 0 677 0 
0 0 0 0 0 0 0 0 0 0 0 0 0 0 0 0 0 0 0 0 0 0 0 3 0 16 16 0 0 59 0 0 33 5959129 0 0 0 0 0 0 408805 677 0 0 
0 0 0 0 0 0 0 0 0 0 0 0 0 0 0 0 0 0 0 0 0 0 0 3 16 0 0 4 0 0 59 33 0 2229004 1288254 2428805 0 0 0 409098 0 0 677 0 
0 0 0 0 0 0 0 0 0 0 0 0 0 0 0 0 0 0 0 0 0 0 0 3 0 16 16 0 0 59 0 0 33 5959129 0 0 0 0 0 0 408805 677 0 0 
0 0 0 0 0 0 0 0 0 0 0 0 0 0 0 0 0 0 0 0 0 0 0 3 16 0 0 4 0 0 59 33 0 2229004 1288254 2428805 0 0 0 409098 0 0 677 0 
0 0 0 0 0 0 0 0 0 0 0 0 0 0 0 0 0 0 0 0 0 0 0 3 0 16 16 0 0 59 0 0 33 5959129 0 0 0 0 0 0 408805 677 0 0 
0 0 0 0 0 0 0 0 0 0 0 0 0 0 0 0 0 0 0 0 0 0 0 3 16 0 0 4 0 0 59 33 0 2229004 1288254 2428805 0 0 0 409098 0 0 677 0 
0 0 0 0 0 0 0 0 0 0 0 0 0 0 0 0 0 0 0 0 0 0 0 3 0 16 16 0 0 59 0 0 33 5959129 0 0 0 0 0 0 408805 677 0 0 
0 0 0 0 0 0 0 0 0 0 0 0 0 0 0 0 0 0 0 0 0 0 0 3 16 0 0 4 0 0 59 33 0 2229004 1288254 2428805 0 0 0 409098 0 0 677 0 
0 0 0 0 0 0 0 0 0 0 0 0 0 0 0 0 0 0 0 0 0 0 0 3 0 16 16 0 0 59 0 0 33 5959129 0 0 0 0 0 0 408805 677 0 0 
0 0 0 0 0 0 0 0 0 0 0 0 0 0 0 0 0 0 0 0 0 0 0 3 16 0 0 4 0 0 59 33 0 2229004 1288254 2428805 0 0 0 409098 0 0 677 0 
0 0 0 0 0 0 0 0 0 0 0 0 0 0 0 0 0 0 0 0 0 0 0 3 0 16 16 0 0 59 0 0 33 5959129 0 0 0 0 0 0 408805 677 0 0 
0 0 0 0 0 0 0 0 0 0 0 0 0 0 0 0 0 0 0 0 0 0 0 3 16 0 0 4 0 0 59 33 0 2229004 1288254 2428805 0 0 0 409098 0 0 677 0 
0 0 0 0 0 0 0 0 0 0 0 0 0 0 0 0 0 0 0 0 0 0 0 3 0 16 16 0 0 59 0 0 33 5959129 0 0 0 0 0 0 408805 677 0 0 
0 0 0 0 0 0 0 0 0 0 0 0 0 0 0 0 0 0 0 0 0 0 0 3 16 0 0 4 0 0 59 33 0 2229004 1288254 2428805 0 0 0 409098 0 0 677 0 
0 0 0 0 0 0 0 0 0 0 0 0 0 0 0 0 0 0 0 0 0 0 0 3 0 16 16 0 0 59 0 0 33 5959129 0 0 0 0 0 0 408805 677 0 0 
0 0 0 0 0 0 0 0 0 0 0 0 0 0 0 0 0 0 0 0 0 0 0 3 16 0 0 4 0 0 59 33 0 2229004 1288254 2428805 0 0 0 409098 0 0 677 0 
0 0 0 0 0 0 0 0 0 0 0 0 0 0 0 0 0 0 0 0 0 0 0 3 0 16 16 0 0 59 0 0 33 5959129 0 0 0 0 0 0 408805 677 0 0 
0 0 0 0 0 0 0 0 0 0 0 0 0 0 0 0 0 0 0 0 0 0 0 3 16 0 0 4 0 0 59 33 0 2229004 1288254 2428805 0 0 0 409098 0 0 677 0 
0 0 0 0 0 0 0 0 0 0 0 0 0 0 0 0 0 0 0 0 0 0 0 3 0 16 16 0 0 59 0 0 33 5959129 0 0 0 0 0 0 408805 677 0 0 
0 0 0 0 0 0 0 0 0 0 0 0 0 0 0 0 0 0 0 0 0 0 0 3 16 0 0 4 0 0 59 33 0 2229004 1288254 2428805 0 0 0 409098 0 0 677 0 
0 0 0 0 0 0 0 0 0 0 0 0 0 0 0 0 0 0 0 0 0 0 0 3 0 16 16 0 0 59 0 0 33 5959129 0 0 0 0 0 0 408805 677 0 0 
0 0 0 0 0 0 0 0 0 0 0 0 0 0 0 0 0 0 0 0 0 0 0 3 16 0 0 4 0 0 59 33 0 2229004 1288254 2428805 0 0 0 409098 0 0 677 0 
0 0 0 0 0 0 0 0 0 0 0 0 0 0 0 0 0 0 0 0 0 0 0 3 0 16 16 0 0 59 0 0 33 5959129 0 0 0 0 0 0 408805 677 0 0 
0 0 0 0 0 0 0 0 0 0 0 0 0 0 0 0 0 0 0 0 0 0 0 3 16 0 0 4 0 0 59 33 0 2229004 1288254 2428805 0 0 0 409098 0 0 677 0 
0 0 0 0 0 0 0 0 0 0 0 0 0 0 0 0 0 0 0 0 0 0 0 3 0 16 16 0 0 59 0 0 33 5959129 0 0 0 0 0 0 408805 677 0 0 
0 0 0 0 0 0 0 0 0 0 0 0 0 0 0 0 0 0 0 0 0 0 0 3 16 0 0 4 0 0 59 33 0 2229004 1288254 2428805 0 0 0 409098 0 0 677 0 
0 0 0 0 0 0 0 0 0 0 0 0 0 0 0 0 0 0 0 0 0 0 0 3 0 16 16 0 0 59 0 0 33 5959129 0 0 0 0 0 0 408805 677 0 0 
0 0 0 0 0 0 0 0 0 0 0 0 0 0 0 0 0 0 0 0 0 0 0 3 16 0 0 4 0 0 59 33 0 2229004 1288254 2428805 0 0 0 409098 0 0 677 0 
0 0 0 0 0 0 0 0 0 0 0 0 0 0 0 0 0 0 0 0 0 0 0 3 0 16 16 0 0 59 0 0 33 5959129 0 0 0 0 0 0 408805 677 0 0 
0 0 0 0 0 0 0 0 0 0 0 0 0 0 0 0 0 0 0 0 0 0 0 3 16 0 0 4 0 0 59 33 0 2229004 1288254 2428805 0 0 0 409098 0 0 677 0 
0 0 0 0 0 0 0 0 0 0 0 0 0 0 0 0 0 0 0 0 0 0 0 3 0 16 16 0 0 59 0 0 33 5959129 0 0 0 0 0 0 408805 677 0 0 
0 0 0 0 0 0 0 0 0 0 0 0 0 0 0 0 0 0 0 0 0 0 0 3 16 0 0 4 0 0 59 33 0 2229004 1288254 2428805 0 0 0 409098 0 0 677 0 
0 0 0 0 0 0 0 0 0 0 0 0 0 0 0 0 0 0 0 0 0 0 0 3 0 16 16 0 0 59 0 0 33 5959129 0 0 0 0 0 0 408805 677 0 0 
0 0 0 0 0 0 0 0 0 0 0 0 0 0 0 0 0 0 0 0 0 0 0 3 16 0 0 4 0 0 59 33 0 2229004 1288254 2428805 0 0 0 409098 0 0 677 0 
0 0 0 0 0 0 0 0 0 0 0 0 0 0 0 0 0 0 0 0 0 0 0 3 0 16 16 0 0 59 0 0 33 5959129 0 0 0 0 0 0 408805 677 0 0 
0 0 0 0 0 0 0 0 0 0 0 0 0 0 0 0 0 0 0 0 0 0 0 3 16 0 0 4 0 0 59 33 0 2229004 1288254 2428805 0 0 0 409098 0 0 677 0 
0 0 0 0 0 0 0 0 0 0 0 0 0 0 0 0 0 0 0 0 0 0 0 3 0 16 16 0 0 59 0 0 33 5959129 0 0 0 0 0 0 408805 677 0 0 
0 0 0 0 0 0 0 0 0 0 0 0 0 0 0 0 0 0 0 0 0 0 0 3 16 0 0 4 0 0 59 33 0 2229004 1288254 2428805 0 0 0 409098 0 0 677 0 
0 0 0 0 0 0 0 0 0 0 0 0 0 0 0 0 0 0 0 0 0 0 0 3 0 16 16 0 0 59 0 0 33 5959129 0 0 0 0 0 0 408805 677 0 0 
0 0 0 0 0 0 0 0 0 0 0 0 0 0 0 0 0 0 0 0 0 0 0 3 16 0 0 4 0 0 59 33 0 2229004 1288254 2428805 0 0 0 409098 0 0 677 0 
0 0 0 0 0 0 0 0 0 0 0 0 0 0 0 0 0 0 0 0 0 0 0 3 0 16 16 0 0 59 0 0 33 5959129 0 0 0 0 0 0 408805 677 0 0 
0 0 0 0 0 0 0 0 0 0 0 0 0 0 0 0 0 0 0 0 0 0 0 3 16 0 0 4 0 0 59 33 0 2229004 1288254 2428805 0 0 0 409098 0 0 677 0 
0 0 0 0 0 0 0 0 0 0 0 0 0 0 0 0 0 0 0 0 0 0 0 3 0 16 16 0 0 59 0 0 33 5959129 0 0 0 0 0 0 408805 677 0 0 
0 0 0 0 0 0 0 0 0 0 0 0 0 0 0 0 0 0 0 0 0 0 0 3 16 0 0 4 0 0 59 33 0 2229004 1288254 2428805 0 0 0 409098 0 0 677 0 
0 0 0 0 0 0 0 0 0 0 0 0 0 0 0 0 0 0 0 0 0 0 0 3 0 16 16 0 0 59 0 0 33 5959129 0 0 0 0 0 0 408805 677 0 0 
0 0 0 0 0 0 0 0 0 0 0 0 0 0 0 0 0 0 0 0 0 0 0 3 16 0 0 4 0 0 59 33 0 2229004 1288254 2428805 0 0 0 409098 0 0 677 0 
0 0 0 0 0 0 0 0 0 0 0 0 0 0 0 0 0 0 0 0 0 0 0 3 0 16 16 0 0 59 0 0 33 5959129 0 0 0 0 0 0 408805 677 0 0 
0 0 0 0 0 0 0 0 0 0 0 0 0 0 0 0 0 0 0 0 0 0 0 3 16 0 0 4 0 0 59 33 0 2229004 1288254 2428805 0 0 0 409098 0 0 677 0 
0 0 0 0 0 0 0 0 0 0 0 0 0 0 0 0 0 0 0 0 0 0 0 3 0 16 16 0 0 59 0 0 33 5959129 0 0 0 0 0 0 408805 677 0 0 
0 0 0 0 0 0 0 0 0 0 0 0 0 0 0 0 0 0 0 0 0 0 0 3 16 0 0 4 0 0 59 33 0 2229004 1288254 2428805 0 0 0 409098 0 0 677 0 
0 0 0 0 0 0 0 0 0 0 0 0 0 0 0 0 0 0 0 0 0 0 0 3 0 16 16 0 0 59 0 0 33 5959129 0 0 0 0 0 0 408805 677 0 0 
0 0 0 0 0 0 0 0 0 0 0 0 0 0 0 0 0 0 0 0 0 0 0 3 16 0 0 4 0 0 59 33 0 2229004 1288254 2428805 0 0 0 409098 0 0 677 0 
0 0 0 0 0 0 0 0 0 0 0 0 0 0 0 0 0 0 0 0 0 0 0 3 0 16 16 0 0 59 0 0 33 5959129 0 0 0 0 0 0 408805 677 0 0 
0 0 0 0 0 0 0 0 0 0 0 0 0 0 0 0 0 0 0 0 0 0 0 3 16 0 0 4 0 0 59 33 0 2229004 1288254 2428805 0 0 0 409098 0 0 677 0 
0 0 0 0 0 0 0 0 0 0 0 0 0 0 0 0 0 0 0 0 0 0 0 3 0 16 16 0 0 59 0 0 33 5959129 0 0 0 0 0 0 408805 677 0 0 
0 0 0 0 0 0 0 0 0 0 0 0 0 0 0 0 0 0 0 0 0 0 0 3 16 0 0 4 0 0 59 33 0 2229004 1288254 2428805 0 0 0 409098 0 0 677 0 
0 0 0 0 0 0 0 0 0 0 0 0 0 0 0 0 0 0 0 0 0 0 0 3 0 16 16 0 0 59 0 0 33 5959129 0 0 0 0 0 0 408805 677 0 0 
0 0 0 0 0 0 0 0 0 0 0 0 0 0 0 0 0 0 0 0 0 0 0 3 16 0 0 4 0 0 59 33 0 2229004 1288254 2428805 0 0 0 409098 0 0 677 0 
0 0 0 0 0 0 0 0 0 0 0 0 0 0 0 0 0 0 0 0 0 0 0 3 0 16 16 0 0 59 0 0 33 5959129 0 0 0 0 0 0 408805 677 0 0 
0 0 0 0 0 0 0 0 0 0 0 0 0 0 0 0 0 0 0 0 0 0 0 3 16 0 0 4 0 0 59 33 0 2229004 1288254 2428805 0 0 0 409098 0 0 677 0 
0 0 0 0 0 0 0 0 0 0 0 0 0 0 0 0 0 0 0 0 0 0 0 3 0 16 16 0 0 59 0 0 33 5959129 0 0 0 0 0 0 408805 677 0 0 
0 0 0 0 0 0 0 0 0 0 0 0 0 0 0 0 0 0 0 0 0 0 0 3 16 0 0 4 0 0 59 33 0 2229004 1288254 2428805 0 0 0 409098 0 0 677 0 
0 0 0 0 0 0 0 0 0 0 0 0 0 0 0 0 0 0 0 0 0 0 0 3 0 16 16 0 0 59 0 0 33 5959129 0 0 0 0 0 0 408805 677 0 0 
0 0 0 0 0 0 0 0 0 0 0 0 0 0 0 0 0 0 0 0 0 0 0 3 16 0 0 4 0 0 59 33 0 2229004 1288254 2428805 0 0 0 409098 0 0 677 0 
0 0 0 0 0 0 0 0 0 0 0 0 0 0 0 0 0 0 0 0 0 0 0 3 0 16 16 0 0 59 0 0 33 5959129 0 0 0 0 0 0 408805 677 0 0 
0 0 0 0 0 0 0 0 0 0 0 0 0 0 0 0 0 0 0 0 0 0 0 3 16 0 0 4 0 0 59 33 0 2229004 1288254 2428805 0 0 0 409098 0 0 677 0 
0 0 0 0 0 0 0 0 0 0 0 0 0 0 0 0 0 0 0 0 0 0 0 3 0 16 16 0 0 59 0 0 33 5959129 0 0 0 0 0 0 408805 677 0 0 
0 0 0 0 0 0 0 0 0 0 0 0 0 0 0 0 0 0 0 0 0 0 0 3 16 0 0 4 0 0 59 33 0 2229004 1288254 2428805 0 0 0 409098 0 0 677 0 
0 0 0 0 0 0 0 0 0 0 0 0 0 0 0 0 0 0 0 0 0 0 0 3 0 16 16 0 0 59 0 0 33 5959129 0 0 0 0 0 0 408805 677 0 0 
0 0 0 0 0 0 0 0 0 0 0 0 0 0 0 0 0 0 0 0 0 0 0 3 16 0 0 4 0 0 59 33 0 2229004 1288254 2428805 0 0 0 409098 0 0 677 0 
0 0 0 0 0 0 0 0 0 0 0 0 0 0 0 0 0 0 0 0 0 0 0 3 0 16 16 0 0 59 0 0 33 5959129 0 0 0 0 0 0 408805 677 0 0 
0 0 0 0 0 0 0 0 0 0 0 0 0 0 0 0 0 0 0 0 0 0 0 3 16 0 0 4 0 0 59 33 0 2229004 1288254 2428805 0 0 0 409098 0 0 677 0 
0 0 0 0 0 0 0 0 0 0 0 0 0 0 0 0 0 0 0 0 0 0 0 3 0 16 16 0 0 59 0 0 33 5959129 0 0 0 0 0 0 408805 677 0 0 
0 0 0 0 0 0 0 0 0 0 0 0 0 0 0 0 0 0 0 0 0 0 0 3 16 0 0 4 0 0 59 33 0 2229004 1288254 2428805 0 0 0 409098 0 0 677 0 
0 0 0 0 0 0 0 0 0 0 0 0 0 0 0 0 0 0 0 0 0 0 0 3 0 16 16 0 0 59 0 0 33 5959129 0 0 0 0 0 0 408805 677 0 0 
0 0 0 0 0 0 0 0 0 0 0 0 0 0 0 0 0 0 0 0 0 0 0 3 16 0 0 4 0 0 59 33 0 2229004 1288254 2428805 0 0 0 409098 0 0 677 0 
0 0 0 0 0 0 0 0 0 0 0 0 0 0 0 0 0 0 0 0 0 0 0 3 0 16 16 0 0 59 0 0 33 5959129 0 0 0 0 0 0 408805 677 0 0 
0 0 0 0 0 0 0 0 0 0 0 0 0 0 0 0 0 0 0 0 0 0 0 3 16 0 0 4 0 0 59 33 0 2229004 1288254 2428805 0 0 0 409098 0 0 677 0 
0 0 0 0 0 0 0 0 0 0 0 0 0 0 0 0 0 0 0 0 0 0 0 3 0 16 16 0 0 59 0 0 33 5959129 0 0 0 0 0 0 408805 677 0 0 
0 0 0 0 0 0 0 0 0 0 0 0 0 0 0 0 0 0 0 0 0 0 0 3 16 0 0 4 0 0 59 33 0 2229004 1288254 2428805 0 0 0 409098 0 0 677 0 
0 0 0 0 0 0 0 0 0 0 0 0 0 0 0 0 0 0 0 0 0 0 0 3 0 16 16 0 0 59 0 0 33 5959129 0 0 0 0 0 0 408805 677 0 0 
0 0 0 0 0 0 0 0 0 0 0 0 0 0 0 0 0 0 0 0 0 0 0 3 16 0 0 4 0 0 59 33 0 2229004 1288254 2428805 0 0 0 409098 0 0 677 0 
0 0 0 0 0 0 0 0 0 0 0 0 0 0 0 0 0 0 0 0 0 0 0 3 0 16 16 0 0 59 0 0 33 5959129 0 0 0 0 0 0 408805 677 0 0 
0 0 0 0 0 0 0 0 0 0 0 0 0 0 0 0 0 0 0 0 0 0 0 3 16 0 0 4 0 0 59 33 0 2229004 1288254 2428805 0 0 0 409098 0 0 677 0 
0 0 0 0 0 0 0 0 0 0 0 0 0 0 0 0 0 0 0 0 0 0 0 3 0 16 16 0 0 59 0 0 33 5959129 0 0 0 0 0 0 408805 677 0 0 
0 0 0 0 0 0 0 0 0 0 0 0 0 0 0 0 0 0 0 0 0 0 0 3 16 0 0 4 0 0 59 33 0 2229004 1288254 2428805 0 0 0 409098 0 0 677 0 
0 0 0 0 0 0 0 0 0 0 0 0 0 0 0 0 0 0 0 0 0 0 0 3 0 16 20 0 0 71 0 0 33 6055443 0 0 0 0 0 0 408816 696 0 0 
0 0 0 0 0 0 0 0 0 0 0 0 0 0 0 0 0 0 0 0 0 0 0 3 20 0 0 4 0 0 71 33 0 2229017 1352963 2460445 0 0 0 409109 0 0 696 0 
0 0 0 0 0 0 0 0 0 0 0 0 0 0 0 0 0 0 0 0 0 0 0 3 0 16 20 0 0 71 0 0 33 6221033 0 0 0 0 0 0 408816 696 0 0 
0 0 0 0 0 0 0 0 0 0 0 0 0 0 0 0 0 0 0 0 0 0 0 3 20 0 0 4 0 0 71 33 0 2229017 1511053 2468026 0 0 0 409109 0 0 696 0 
0 0 0 0 0 0 0 0 0 0 0 0 0 0 0 0 0 0 0 0 0 0 0 3 0 16 20 0 0 71 0 0 33 6389857 0 0 0 0 0 0 408816 696 0 0 
0 0 0 0 0 0 0 0 0 0 0 0 0 0 0 0 0 0 0 0 0 0 0 3 20 0 0 4 0 0 71 33 0 2229017 1678947 2469003 0 0 0 409109 0 0 696 0 
0 0 0 0 0 0 0 0 0 0 0 0 0 0 0 0 0 0 0 0 0 0 0 3 0 16 20 0 0 71 0 0 33 6547308 0 0 0 0 0 0 408816 696 0 0 
0 0 0 0 0 0 0 0 0 0 0 0 0 0 0 0 0 0 0 0 0 0 0 3 20 0 0 4 0 0 71 33 0 2229017 1835775 2469679 0 0 0 409109 0 0 696 0 
0 0 0 0 0 0 0 0 0 0 0 0 0 0 0 0 0 0 0 0 0 0 0 3 0 16 20 0 0 71 0 0 33 6678142 0 0 0 0 0 0 408818 696 0 0 
0 0 0 0 0 0 0 0 0 0 0 0 0 0 0 0 0 0 0 0 0 0 0 3 20 0 0 4 0 0 71 33 0 2229017 1966326 2469985 0 0 0 409111 0 0 696 0 
0 0 0 0 0 0 0 0 0 0 0 0 0 0 0 0 0 0 0 0 0 0 0 3 0 16 20 0 0 72 0 0 33 6761521 0 0 0 0 0 0 457662 704 0 0 
0 0 0 0 0 0 0 0 0 0 0 0 0 0 0 0 0 0 0 0 0 0 0 3 20 0 0 4 0 0 72 33 0 2229024 2025138 2494492 0 0 0 457995 0 0 704 0 
0 0 0 0 0 0 0 0 0 0 0 0 0 0 0 0 0 0 0 0 0 0 0 3 0 16 20 0 0 72 0 0 33 6867645 0 0 0 0 0 0 507360 731 0 0 
0 0 0 0 0 0 0 0 0 0 0 0 0 0 0 0 0 0 0 0 0 0 0 3 20 0 0 4 0 0 72 33 0 2251710 2081727 2521419 0 0 0 507738 0 0 731 0 
0 0 0 0 0 0 0 0 0 0 0 0 0 0 0 0 0 0 0 0 0 0 0 3 0 16 20 0 0 72 0 0 33 6947628 0 0 0 0 0 0 544583 739 0 0 
0 0 0 0 0 0 0 0 0 0 0 0 0 0 0 0 0 0 0 0 0 0 0 3 20 0 0 4 0 0 72 33 0 2275890 2119704 2539255 0 0 0 544989 0 0 739 0 
0 0 0 0 0 0 0 0 0 0 0 0 0 0 0 0 0 0 0 0 0 0 0 3 0 16 20 0 0 72 0 0 33 7056724 0 0 0 0 0 0 601821 766 0 0 
0 0 0 0 0 0 0 0 0 0 0 0 0 0 0 0 0 0 0 0 0 0 0 3 20 0 0 4 0 0 72 33 0 2299059 2176081 2568713 0 0 0 602284 0 0 766 0 
0 0 0 0 0 0 0 0 0 0 0 0 0 0 0 0 0 0 0 0 0 0 0 3 0 16 20 0 0 72 0 0 33 7137146 0 0 0 0 0 0 642058 774 0 0 
0 0 0 0 0 0 0 0 0 0 0 0 0 0 0 0 0 0 0 0 0 0 0 3 20 0 0 4 0 0 72 33 0 2322630 2214017 2587577 0 0 0 642554 0 0 774 0 
0 0 0 0 0 0 0 0 0 0 0 0 0 0 0 0 0 0 0 0 0 0 0 3 0 16 20 0 0 72 0 0 33 7252002 0 0 0 0 0 0 696028 800 0 0 
0 0 0 0 0 0 0 0 0 0 0 0 0 0 0 0 0 0 0 0 0 0 0 3 20 0 0 4 0 0 72 33 0 2350516 2272578 2615960 0 0 0 696565 0 0 800 0 
0 0 0 0 0 0 0 0 0 0 0 0 0 0 0 0 0 0 0 0 0 0 0 3 0 16 20 0 0 72 0 0 33 7322948 0 0 0 0 0 0 730029 808 0 0 
0 0 0 0 0 0 0 0 0 0 0 0 0 0 0 0 0 0 0 0 0 0 0 3 20 0 0 4 0 0 72 33 0 2369371 2308319 2632283 0 0 0 730603 0 0 808 0 
0 0 0 0 0 0 0 0 0 0 0 0 0 0 0 0 0 0 0 0 0 0 0 3 0 16 20 0 0 72 0 0 33 7432139 0 0 0 0 0 0 790242 832 0 0 
0 0 0 0 0 0 0 0 0 0 0 0 0 0 0 0 0 0 0 0 0 0 0 3 20 0 0 4 0 0 72 33 0 2394151 2361553 2663404 0 0 0 790847 0 0 832 0 
0 0 0 0 0 0 0 0 0 0 0 0 0 0 0 0 0 0 0 0 0 0 0 3 0 16 20 0 0 72 0 0 33 7512556 0 0 0 0 0 0 828883 840 0 0 
0 0 0 0 0 0 0 0 0 0 0 0 0 0 0 0 0 0 0 0 0 0 0 3 20 0 0 4 0 0 72 33 0 2416113 2402621 2680762 0 0 0 829517 0 0 840 0 
0 0 0 0 0 0 0 0 0 0 0 0 0 0 0 0 0 0 0 0 0 0 0 3 0 16 20 0 0 72 0 0 33 7622526 0 0 0 0 0 0 884441 866 0 0 
0 0 0 0 0 0 0 0 0 0 0 0 0 0 0 0 0 0 0 0 0 0 0 3 20 0 0 4 0 0 72 33 0 2441761 2457428 2710234 0 0 0 885119 0 0 866 0 
0 0 0 0 0 0 0 0 0 0 0 0 0 0 0 0 0 0 0 0 0 0 0 3 0 16 20 0 0 72 0 0 33 7721266 0 0 0 0 0 0 962042 874 0 0 
0 0 0 0 0 0 0 0 0 0 0 0 0 0 0 0 0 0 0 0 0 0 0 3 20 0 0 4 0 0 72 33 0 2462856 2496923 2748320 0 0 0 962795 0 0 874 0 
0 0 0 0 0 0 0 0 0 0 0 0 0 0 0 0 0 0 0 0 0 0 0 3 0 16 20 0 0 72 0 0 33 7832015 0 0 0 0 0 0 978633 901 0 0 
0 0 0 0 0 0 0 0 0 0 0 0 0 0 0 0 0 0 0 0 0 0 0 3 20 0 0 4 0 0 72 33 0 2496570 2564913 2757367 0 0 0 979396 0 0 901 0 
0 0 0 0 0 0 0 0 0 0 0 0 0 0 0 0 0 0 0 0 0 0 0 3 0 16 20 0 0 72 0 0 33 7899640 0 0 0 0 0 0 1041122 909 0 0 
0 0 0 0 0 0 0 0 0 0 0 0 0 0 0 0 0 0 0 0 0 0 0 3 20 0 0 4 0 0 72 33 0 2509593 2591221 2785602 0 0 0 1041942 0 0 909 0 
0 0 0 0 0 0 0 0 0 0 0 0 0 0 0 0 0 0 0 0 0 0 0 3 0 16 20 0 0 72 0 0 33 8011655 0 0 0 0 0 0 1072852 935 0 0 
0 0 0 0 0 0 0 0 0 0 0 0 0 0 0 0 0 0 0 0 0 0 0 3 20 0 0 4 0 0 72 33 0 2540959 2653117 2804316 0 0 0 1073670 0 0 935 0 
0 0 0 0 0 0 0 0 0 0 0 0 0 0 0 0 0 0 0 0 0 0 0 3 0 16 20 0 0 72 0 0 33 8088191 0 0 0 0 0 0 1137685 943 0 0 
0 0 0 0 0 0 0 0 0 0 0 0 0 0 0 0 0 0 0 0 0 0 0 3 20 0 0 4 0 0 72 33 0 2556333 2685524 2833032 0 0 0 1138577 0 0 943 0 
0 0 0 0 0 0 0 0 0 0 0 0 0 0 0 0 0 0 0 0 0 0 0 3 0 16 20 0 0 72 0 0 33 8201380 0 0 0 0 0 0 1167035 971 0 0 
0 0 0 0 0 0 0 0 0 0 0 0 0 0 0 0 0 0 0 0 0 0 0 3 20 0 0 4 0 0 72 33 0 2586714 2750026 2851302 0 0 0 1167934 0 0 971 0 
0 0 0 0 0 0 0 0 0 0 0 0 0 0 0 0 0 0 0 0 0 0 0 3 0 16 20 0 0 72 0 0 33 8267253 0 0 0 0 0 0 1211087 979 0 0 
0 0 0 0 0 0 0 0 0 0 0 0 0 0 0 0 0 0 0 0 0 0 0 3 20 0 0 4 0 0 72 33 0 2603073 2779825 2870981 0 0 0 1212034 0 0 979 0 
0 0 0 0 0 0 0 0 0 0 0 0 0 0 0 0 0 0 0 0 0 0 0 3 0 16 20 0 0 72 0 0 33 8376054 0 0 0 0 0 0 1261231 1003 0 0 
0 0 0 0 0 0 0 0 0 0 0 0 0 0 0 0 0 0 0 0 0 0 0 3 20 0 0 4 0 0 72 33 0 2625836 2838684 2898032 0 0 0 1262224 0 0 1003 0 
0 0 0 0 0 0 0 0 0 0 0 0 0 0 0 0 0 0 0 0 0 0 0 3 0 16 20 0 0 72 0 0 33 8453889 0 0 0 0 0 0 1300266 1011 0 0 
0 0 0 0 0 0 0 0 0 0 0 0 0 0 0 0 0 0 0 0 0 0 0 3 20 0 0 4 0 0 72 33 0 2649809 2874130 2916389 0 0 0 1301304 0 0 1011 0 
0 0 0 0 0 0 0 0 0 0 0 0 0 0 0 0 0 0 0 0 0 0 0 3 0 16 20 0 0 72 0 0 33 8587130 0 0 0 0 0 0 1355417 1038 0 0 
0 0 0 0 0 0 0 0 0 0 0 0 0 0 0 0 0 0 0 0 0 0 0 3 20 0 0 4 0 0 72 33 0 2685004 2943354 2945171 0 0 0 1356488 0 0 1038 0 
0 0 0 0 0 0 0 0 0 0 0 0 0 0 0 0 0 0 0 0 0 0 0 3 0 16 20 0 0 72 0 0 33 8656195 0 0 0 0 0 0 1425312 1046 0 0 
0 0 0 0 0 0 0 0 0 0 0 0 0 0 0 0 0 0 0 0 0 0 0 3 20 0 0 4 0 0 72 33 0 2696549 2968431 2977498 0 0 0 1426452 0 0 1046 0 
0 0 0 0 0 0 0 0 0 0 0 0 0 0 0 0 0 0 0 0 0 0 0 3 0 16 20 0 0 72 0 0 33 8769966 0 0 0 0 0 0 1449612 1072 0 0 
0 0 0 0 0 0 0 0 0 0 0 0 0 0 0 0 0 0 0 0 0 0 0 3 20 0 0 4 0 0 72 33 0 2725684 3038129 2992382 0 0 0 1450765 0 0 1072 0 
0 0 0 0 0 0 0 0 0 0 0 0 0 0 0 0 0 0 0 0 0 0 0 3 0 16 20 0 0 72 0 0 33 8840833 0 0 0 0 0 0 1511443 1080 0 0 
0 0 0 0 0 0 0 0 0 0 0 0 0 0 0 0 0 0 0 0 0 0 0 3 20 0 0 4 0 0 72 33 0 2743289 3062732 3020928 0 0 0 1512652 0 0 1080 0 
0 0 0 0 0 0 0 0 0 0 0 0 0 0 0 0 0 0 0 0 0 0 0 3 0 16 20 0 0 72 0 0 33 8953627 0 0 0 0 0 0 1543803 1107 0 0 
0 0 0 0 0 0 0 0 0 0 0 0 0 0 0 0 0 0 0 0 0 0 0 3 20 0 0 4 0 0 72 33 0 2774790 3125706 3039201 0 0 0 1545035 0 0 1107 0 
0 0 0 0 0 0 0 0 0 0 0 0 0 0 0 0 0 0 0 0 0 0 0 3 0 16 20 0 0 72 0 0 33 9021029 0 0 0 0 0 0 1588899 1115 0 0 
0 0 0 0 0 0 0 0 0 0 0 0 0 0 0 0 0 0 0 0 0 0 0 3 20 0 0 4 0 0 72 33 0 2790030 3157033 3059985 0 0 0 1590181 0 0 1115 0 
0 0 0 0 0 0 0 0 0 0 0 0 0 0 0 0 0 0 0 0 0 0 0 3 0 16 20 0 0 72 0 0 33 9133551 0 0 0 0 0 0 1638000 1143 0 0 
0 0 0 0 0 0 0 0 0 0 0 0 0 0 0 0 0 0 0 0 0 0 0 3 20 0 0 4 0 0 72 33 0 2817388 3215851 3086272 0 0 0 1639312 0 0 1143 0 
0 0 0 0 0 0 0 0 0 0 0 0 0 0 0 0 0 0 0 0 0 0 0 3 0 16 20 0 0 72 0 0 33 9206907 0 0 0 0 0 0 1677001 1151 0 0 
0 0 0 0 0 0 0 0 0 0 0 0 0 0 0 0 0 0 0 0 0 0 0 3 20 0 0 4 0 0 72 33 0 2836771 3251329 3104733 0 0 0 1678350 0 0 1151 0 
0 0 0 0 0 0 0 0 0 0 0 0 0 0 0 0 0 0 0 0 0 0 0 3 0 16 20 0 0 72 0 0 33 9317971 0 0 0 0 0 0 1732188 1179 0 0 
0 0 0 0 0 0 0 0 0 0 0 0 0 0 0 0 0 0 0 0 0 0 0 3 20 0 0 4 0 0 72 33 0 2858621 3311693 3133525 0 0 0 1733582 0 0 1179 0 
0 0 0 0 0 0 0 0 0 0 0 0 0 0 0 0 0 0 0 0 0 0 0 3 0 16 20 0 0 72 0 0 33 9399233 0 0 0 0 0 0 1779639 1187 0 0 
0 0 0 0 0 0 0 0 0 0 0 0 0 0 0 0 0 0 0 0 0 0 0 3 20 0 0 4 0 0 72 33 0 2883514 3345625 3155907 0 0 0 1781099 0 0 1187 0 
0 0 0 0 0 0 0 0 0 0 0 0 0 0 0 0 0 0 0 0 0 0 0 3 0 16 20 0 0 72 0 0 33 9507934 0 0 0 0 0 0 1826380 1210 0 0 
0 0 0 0 0 0 0 0 0 0 0 0 0 0 0 0 0 0 0 0 0 0 0 3 20 0 0 4 0 0 72 33 0 2911065 3402215 3180423 0 0 0 1827855 0 0 1210 0 
0 0 0 0 0 0 0 0 0 0 0 0 0 0 0 0 0 0 0 0 0 0 0 3 0 16 20 0 0 72 0 0 33 9574723 0 0 0 0 0 0 1847678 1218 0 0 
0 0 0 0 0 0 0 0 0 0 0 0 0 0 0 0 0 0 0 0 0 0 0 3 20 0 0 4 0 0 72 33 0 2930252 3439926 3190301 0 0 0 1849183 0 0 1218 0 
0 0 0 0 0 0 0 0 0 0 0 0 0 0 0 0 0 0 0 0 0 0 0 3 0 16 20 0 0 72 0 0 33 9683231 0 0 0 0 0 0 1920575 1245 0 0 
0 0 0 0 0 0 0 0 0 0 0 0 0 0 0 0 0 0 0 0 0 0 0 3 20 0 0 4 0 0 72 33 0 2954892 3486672 3227359 0 0 0 1922137 0 0 1245 0 
0 0 0 0 0 0 0 0 0 0 0 0 0 0 0 0 0 0 0 0 0 0 0 3 0 16 20 0 0 72 0 0 33 9759190 0 0 0 0 0 0 1933513 1253 0 0 
0 0 0 0 0 0 0 0 0 0 0 0 0 0 0 0 0 0 0 0 0 0 0 3 20 0 0 4 0 0 72 33 0 2976996 3534223 3233651 0 0 0 1935087 0 0 1253 0 
0 0 0 0 0 0 0 0 0 0 0 0 0 0 0 0 0 0 0 0 0 0 0 3 0 16 20 0 0 72 0 0 33 9862126 0 0 0 0 0 0 2014753 1280 0 0 
0 0 0 0 0 0 0 0 0 0 0 0 0 0 0 0 0 0 0 0 0 0 0 3 20 0 0 4 0 0 72 33 0 2995393 3577988 3274349 0 0 0 2016399 0 0 1280 0 
0 0 0 0 0 0 0 0 0 0 0 0 0 0 0 0 0 0 0 0 0 0 0 3 0 16 20 0 0 72 0 0 33 9944845 0 0 0 0 0 0 2022345 1288 0 0 
0 0 0 0 0 0 0 0 0 0 0 0 0 0 0 0 0 0 0 0 0 0 0 3 20 0 0 4 0 0 72 33 0 3023737 3628524 3278183 0 0 0 2024001 0 0 1288 0 
0 0 0 0 0 0 0 0 0 0 0 0 0 0 0 0 0 0 0 0 0 0 0 3 0 16 20 0 0 72 0 0 33 10043570 0 0 0 0 0 0 2108962 1317 0 0 
0 0 0 0 0 0 0 0 0 0 0 0 0 0 0 0 0 0 0 0 0 0 0 3 20 0 0 4 0 0 72 33 0 3039880 3667874 3321270 0 0 0 2110677 0 0 1317 0 
0 0 0 0 0 0 0 0 0 0 0 0 0 0 0 0 0 0 0 0 0 0 0 3 0 16 20 0 0 72 0 0 33 10132561 0 0 0 0 0 0 2115463 1325 0 0 
0 0 0 0 0 0 0 0 0 0 0 0 0 0 0 0 0 0 0 0 0 0 0 3 20 0 0 4 0 0 72 33 0 3070479 3722822 3324707 0 0 0 2117193 0 0 1325 0 
0 0 0 0 0 0 0 0 0 0 0 0 0 0 0 0 0 0 0 0 0 0 0 3 0 16 20 0 0 72 0 0 33 10229872 0 0 0 0 0 0 2203154 1351 0 0 
0 0 0 0 0 0 0 0 0 0 0 0 0 0 0 0 0 0 0 0 0 0 0 3 20 0 0 4 0 0 72 33 0 3086768 3760110 3368352 0 0 0 2204965 0 0 1350 0 
0 0 0 0 0 0 0 0 0 0 0 0 0 0 0 0 0 0 0 0 0 0 0 3 0 16 20 0 0 72 0 0 33 10318349 0 0 0 0 0 0 2204601 1359 0 0 
0 0 0 0 0 0 0 0 0 0 0 0 0 0 0 0 0 0 0 0 0 0 0 3 20 0 0 4 0 0 72 33 0 3117223 3817126 3369360 0 0 0 2206414 0 0 1358 0 
0 0 0 0 0 0 0 0 0 0 0 0 0 0 0 0 0 0 0 0 0 0 0 3 0 20 20 0 0 72 0 0 33 10359038 0 0 0 0 0 0 2286402 1373 0 0 
0 0 0 0 0 0 0 0 0 0 0 0 0 0 0 0 0 0 0 0 0 0 0 3 20 0 0 5 0 0 72 33 0 3117237 3817134 3409939 0 0 0 2288285 0 0 1372 0 
<====
0 0 0 0 0 0 0 0 0 0 0 0 0 0 0 0 0 0 0 0 0 0 0 3 0 20 20 0 0 72 0 0 33 10359038 0 0 0 0 0 0 2286402 1373 0 0 
0 0 0 0 0 0 0 0 0 0 0 0 0 0 0 0 0 0 0 0 0 0 0 3 20 0 0 5 0 0 72 33 0 3117237 3817134 3409939 0 0 0 2288285 0 0 1372 0 
0 0 0 0 0 0 0 0 0 0 0 0 0 0 0 0 0 0 0 0 0 0 0 3 0 20 20 0 0 72 0 0 33 10359038 0 0 0 0 0 0 2286402 1373 0 0 
0 0 0 0 0 0 0 0 0 0 0 0 0 0 0 0 0 0 0 0 0 0 0 3 20 0 0 5 0 0 72 33 0 3117237 3817134 3409939 0 0 0 2288285 0 0 1372 0 
0 0 0 0 0 0 0 0 0 0 0 0 0 0 0 0 0 0 0 0 0 0 0 3 0 20 20 0 0 72 0 0 33 10359038 0 0 0 0 0 0 2286402 1373 0 0 
0 0 0 0 0 0 0 0 0 0 0 0 0 0 0 0 0 0 0 0 0 0 0 3 20 0 0 5 0 0 72 33 0 3117237 3817134 3409939 0 0 0 2288285 0 0 1372 0 
0 0 0 0 0 0 0 0 0 0 0 0 0 0 0 0 0 0 0 0 0 0 0 3 0 20 20 0 0 72 0 0 33 10359038 0 0 0 0 0 0 2286402 1373 0 0 
0 0 0 0 0 0 0 0 0 0 0 0 0 0 0 0 0 0 0 0 0 0 0 3 20 0 0 5 0 0 72 33 0 3117237 3817134 3409939 0 0 0 2288285 0 0 1372 0 
