0 0 0 0 0 0 0 0 0 0 0 0 0 0 0 0 0 0 0 0 0 0 0 3 24 0 0 6 0 0 71 74 0 152176 0 0 0 0 0 36 0 0 0 0 
0 0 0 0 0 0 0 0 0 0 0 0 0 0 0 0 0 0 0 0 0 0 0 3 24 0 0 6 0 0 71 74 0 152176 0 0 0 0 0 36 0 0 0 0 
0 0 0 0 0 0 0 0 0 0 0 0 0 0 0 0 0 0 0 0 0 0 0 3 24 0 0 6 0 0 71 74 0 152176 0 0 0 0 0 36 0 0 0 0 
0 0 0 0 0 0 0 0 0 0 0 0 0 0 0 0 0 0 0 0 0 0 0 3 24 0 0 6 0 0 71 74 0 152176 0 0 0 0 0 36 0 0 0 0 
0 0 0 0 0 0 0 0 0 0 0 0 0 0 0 0 0 0 0 0 0 0 0 3 24 0 0 6 0 0 71 74 0 152176 0 0 0 0 0 36 0 0 0 0 
0 0 0 0 0 0 0 0 0 0 0 0 0 0 0 0 0 0 0 0 0 0 0 3 24 0 0 6 0 0 71 74 0 152176 0 0 0 0 0 36 0 0 0 0 
0 0 0 0 0 0 0 0 0 0 0 0 0 0 0 0 0 0 0 0 0 0 0 3 24 0 0 6 0 0 71 74 0 152176 0 0 0 0 0 36 0 0 0 0 
0 0 0 0 0 0 0 0 0 0 0 0 0 0 0 0 0 0 0 0 0 0 0 3 24 0 0 6 0 0 71 74 0 152176 0 0 0 0 0 36 0 0 0 0 
0 0 0 0 0 0 0 0 0 0 0 0 0 0 0 0 0 0 0 0 0 0 0 3 24 0 0 6 0 0 71 74 0 152176 0 0 0 0 0 36 0 0 0 0 
0 0 0 0 0 0 0 0 0 0 0 0 0 0 0 0 0 0 0 0 0 0 0 3 24 0 0 6 0 0 71 74 0 152176 0 0 0 0 0 36 0 0 0 0 
0 0 0 0 0 0 0 0 0 0 0 0 0 0 0 0 0 0 0 0 0 0 0 3 24 0 0 6 0 0 71 74 0 152176 0 0 0 0 0 36 0 0 0 0 
0 0 0 0 0 0 0 0 0 0 0 0 0 0 0 0 0 0 0 0 0 0 0 3 24 0 0 6 0 0 71 74 0 152176 0 0 0 0 0 36 0 0 0 0 
0 0 0 0 0 0 0 0 0 0 0 0 0 0 0 0 0 0 0 0 0 0 0 3 24 0 0 6 0 0 71 74 0 152176 0 0 0 0 0 36 0 0 0 0 
0 0 0 0 0 0 0 0 0 0 0 0 0 0 0 0 0 0 0 0 0 0 0 3 24 0 0 6 0 0 71 74 0 152176 0 0 0 0 0 36 0 0 0 0 
0 0 0 0 0 0 0 0 0 0 0 0 0 0 0 0 0 0 0 0 0 0 0 3 24 0 0 6 0 0 71 74 0 152176 0 0 0 0 0 36 0 0 0 0 
0 0 0 0 0 0 0 0 0 0 0 0 0 0 0 0 0 0 0 0 0 0 0 3 24 0 0 6 0 0 71 74 0 152176 0 0 0 0 0 36 0 0 0 0 
0 0 0 0 0 0 0 0 0 0 0 0 0 0 0 0 0 0 0 0 0 0 0 3 24 0 0 6 0 0 71 74 0 152176 0 0 0 0 0 36 0 0 0 0 
0 0 0 0 0 0 0 0 0 0 0 0 0 0 0 0 0 0 0 0 0 0 0 3 24 0 0 6 0 0 71 74 0 152176 0 0 0 0 0 36 0 0 0 0 
0 0 0 0 0 0 0 0 0 0 0 0 0 0 0 0 0 0 0 0 0 0 0 3 24 0 0 6 0 0 71 74 0 152176 0 0 0 0 0 36 0 0 0 0 
0 0 0 0 0 0 0 0 0 0 0 0 0 0 0 0 0 0 0 0 0 0 0 3 24 0 0 6 0 0 71 74 0 152176 0 0 0 0 0 36 0 0 0 0 
0 0 0 0 0 0 0 0 0 0 0 0 0 0 0 0 0 0 0 0 0 0 0 3 24 0 0 6 0 0 71 74 0 152176 0 0 0 0 0 36 0 0 0 0 
0 0 0 0 0 0 0 0 0 0 0 0 0 0 0 0 0 0 0 0 0 0 0 3 24 0 0 6 0 0 71 74 0 152176 0 0 0 0 0 36 0 0 0 0 
0 0 0 0 0 0 0 0 0 0 0 0 0 0 0 0 0 0 0 0 0 0 0 3 24 0 0 6 0 0 71 74 0 152176 0 0 0 0 0 36 0 0 0 0 
0 0 0 0 0 0 0 0 0 0 0 0 0 0 0 0 0 0 0 0 0 0 0 3 24 0 0 6 0 0 71 74 0 152176 0 0 0 0 0 36 0 0 0 0 
0 0 0 0 0 0 0 0 0 0 0 0 0 0 0 0 0 0 0 0 0 0 0 3 24 0 0 6 0 0 71 74 0 152176 0 0 0 0 0 36 0 0 0 0 
0 0 0 0 0 0 0 0 0 0 0 0 0 0 0 0 0 0 0 0 0 0 0 3 24 0 0 6 0 0 71 74 0 152176 0 0 0 0 0 36 0 0 0 0 
0 0 0 0 0 0 0 0 0 0 0 0 0 0 0 0 0 0 0 0 0 0 0 3 24 0 0 6 0 0 71 74 0 152176 0 0 0 0 0 36 0 0 0 0 
0 0 0 0 0 0 0 0 0 0 0 0 0 0 0 0 0 0 0 0 0 0 0 3 24 0 0 6 0 0 71 74 0 152176 0 0 0 0 0 36 0 0 0 0 
0 0 0 0 0 0 0 0 0 0 0 0 0 0 0 0 0 0 0 0 0 0 0 3 24 0 0 6 0 0 71 74 0 152176 0 0 0 0 0 36 0 0 0 0 
0 0 0 0 0 0 0 0 0 0 0 0 0 0 0 0 0 0 0 0 0 0 0 3 24 0 0 6 0 0 71 74 0 152176 0 0 0 0 0 36 0 0 0 0 
0 0 0 0 0 0 0 0 0 0 0 0 0 0 0 0 0 0 0 0 0 0 0 3 24 0 0 6 0 0 71 74 0 152176 0 0 0 0 0 36 0 0 0 0 
0 0 0 0 0 0 0 0 0 0 0 0 0 0 0 0 0 0 0 0 0 0 0 3 24 0 0 6 0 0 71 74 0 152176 0 0 0 0 0 36 0 0 0 0 
0 0 0 0 0 0 0 0 0 0 0 0 0 0 0 0 0 0 0 0 0 0 0 3 24 0 0 6 0 0 71 74 0 152176 0 0 0 0 0 36 0 0 0 0 
0 0 0 0 0 0 0 0 0 0 0 0 0 0 0 0 0 0 0 0 0 0 0 3 24 0 0 6 0 0 71 74 0 152176 0 0 0 0 0 36 0 0 0 0 
0 0 0 0 0 0 0 0 0 0 0 0 0 0 0 0 0 0 0 0 0 0 0 3 24 0 0 6 0 0 71 74 0 152176 0 0 0 0 0 36 0 0 0 0 
0 0 0 0 0 0 0 0 0 0 0 0 0 0 0 0 0 0 0 0 0 0 0 3 24 0 0 6 0 0 71 74 0 152176 0 0 0 0 0 36 0 0 0 0 
0 0 0 0 0 0 0 0 0 0 0 0 0 0 0 0 0 0 0 0 0 0 0 3 24 0 0 6 0 0 71 74 0 152176 0 0 0 0 0 36 0 0 0 0 
0 0 0 0 0 0 0 0 0 0 0 0 0 0 0 0 0 0 0 0 0 0 0 3 24 0 0 6 0 0 71 74 0 152176 0 0 0 0 0 36 0 0 0 0 
0 0 0 0 0 0 0 0 0 0 0 0 0 0 0 0 0 0 0 0 0 0 0 3 24 0 0 6 0 0 71 74 0 152176 0 0 0 0 0 36 0 0 0 0 
0 0 0 0 0 0 0 0 0 0 0 0 0 0 0 0 0 0 0 0 0 0 0 3 24 0 0 6 0 0 71 74 0 152176 0 0 0 0 0 36 0 0 0 0 
0 0 0 0 0 0 0 0 0 0 0 0 0 0 0 0 0 0 0 0 0 0 0 3 24 0 0 6 0 0 71 74 0 152176 0 0 0 0 0 36 0 0 0 0 
0 0 0 0 0 0 0 0 0 0 0 0 0 0 0 0 0 0 0 0 0 0 0 3 24 0 0 6 0 0 71 74 0 152176 0 0 0 0 0 36 0 0 0 0 
0 0 0 0 0 0 0 0 0 0 0 0 0 0 0 0 0 0 0 0 0 0 0 3 24 0 0 6 0 0 71 74 0 152176 0 0 0 0 0 36 0 0 0 0 
0 0 0 0 0 0 0 0 0 0 0 0 0 0 0 0 0 0 0 0 0 0 0 3 24 0 0 6 0 0 71 74 0 152176 0 0 0 0 0 36 0 0 0 0 
0 0 0 0 0 0 0 0 0 0 0 0 0 0 0 0 0 0 0 0 0 0 0 3 24 0 0 6 0 0 71 74 0 152176 0 0 0 0 0 36 0 0 0 0 
0 0 0 0 0 0 0 0 0 0 0 0 0 0 0 0 0 0 0 0 0 0 0 3 24 0 0 6 0 0 71 74 0 152176 0 0 0 0 0 36 0 0 0 0 
0 0 0 0 0 0 0 0 0 0 0 0 0 0 0 0 0 0 0 0 0 0 0 3 24 0 0 6 0 0 71 74 0 152176 0 0 0 0 0 36 0 0 0 0 
0 0 0 0 0 0 0 0 0 0 0 0 0 0 0 0 0 0 0 0 0 0 0 3 24 0 0 6 0 0 71 74 0 152176 0 0 0 0 0 36 0 0 0 0 
0 0 0 0 0 0 0 0 0 0 0 0 0 0 0 0 0 0 0 0 0 0 0 3 24 0 0 6 0 0 71 74 0 152176 0 0 0 0 0 36 0 0 0 0 
0 0 0 0 0 0 0 0 0 0 0 0 0 0 0 0 0 0 0 0 0 0 0 3 24 0 0 6 0 0 71 74 0 152176 0 0 0 0 0 36 0 0 0 0 
0 0 0 0 0 0 0 0 0 0 0 0 0 0 0 0 0 0 0 0 0 0 0 3 24 0 0 6 0 0 71 74 0 152176 0 0 0 0 0 36 0 0 0 0 
0 0 0 0 0 0 0 0 0 0 0 0 0 0 0 0 0 0 0 0 0 0 0 3 24 0 0 6 0 0 71 74 0 152176 0 0 0 0 0 36 0 0 0 0 
0 0 0 0 0 0 0 0 0 0 0 0 0 0 0 0 0 0 0 0 0 0 0 3 24 0 0 6 0 0 71 74 0 152176 0 0 0 0 0 36 0 0 0 0 
0 0 0 0 0 0 0 0 0 0 0 0 0 0 0 0 0 0 0 0 0 0 0 3 24 0 0 6 0 0 71 74 0 152176 0 0 0 0 0 36 0 0 0 0 
0 0 0 0 0 0 0 0 0 0 0 0 0 0 0 0 0 0 0 0 0 0 0 3 24 0 0 6 0 0 71 74 0 152176 0 0 0 0 0 36 0 0 0 0 
0 0 0 0 0 0 0 0 0 0 0 0 0 0 0 0 0 0 0 0 0 0 0 3 24 0 0 6 0 0 71 74 0 152176 0 0 0 0 0 36 0 0 0 0 
0 0 0 0 0 0 0 0 0 0 0 0 0 0 0 0 0 0 0 0 0 0 0 3 24 0 0 6 0 0 71 74 0 152176 0 0 0 0 0 36 0 0 0 0 
0 0 0 0 0 0 0 0 0 0 0 0 0 0 0 0 0 0 0 0 0 0 0 3 24 0 0 6 0 0 71 74 0 152176 0 0 0 0 0 36 0 0 0 0 
0 0 0 0 0 0 0 0 0 0 0 0 0 0 0 0 0 0 0 0 0 0 0 3 24 0 0 6 0 0 71 74 0 152176 0 0 0 0 0 36 0 0 0 0 
0 0 0 0 0 0 0 0 0 0 0 0 0 0 0 0 0 0 0 0 0 0 0 3 24 0 0 6 0 0 71 74 0 152176 0 0 0 0 0 36 0 0 0 0 
0 0 0 0 0 0 0 0 0 0 0 0 0 0 0 0 0 0 0 0 0 0 0 3 24 0 0 6 0 0 71 74 0 152176 0 0 0 0 0 36 0 0 0 0 
0 0 0 0 0 0 0 0 0 0 0 0 0 0 0 0 0 0 0 0 0 0 0 3 24 0 0 6 0 0 71 74 0 152176 0 0 0 0 0 36 0 0 0 0 
0 0 0 0 0 0 0 0 0 0 0 0 0 0 0 0 0 0 0 0 0 0 0 3 24 0 0 6 0 0 71 74 0 152176 0 0 0 0 0 36 0 0 0 0 
0 0 0 0 0 0 0 0 0 0 0 0 0 0 0 0 0 0 0 0 0 0 0 3 24 0 0 6 0 0 71 74 0 152176 0 0 0 0 0 36 0 0 0 0 
0 0 0 0 0 0 0 0 0 0 0 0 0 0 0 0 0 0 0 0 0 0 0 3 24 0 0 6 0 0 71 74 0 152176 0 0 0 0 0 36 0 0 0 0 
0 0 0 0 0 0 0 0 0 0 0 0 0 0 0 0 0 0 0 0 0 0 0 3 24 0 0 6 0 0 71 74 0 152176 0 0 0 0 0 36 0 0 0 0 
0 0 0 0 0 0 0 0 0 0 0 0 0 0 0 0 0 0 0 0 0 0 0 3 24 0 0 6 0 0 71 74 0 152176 0 0 0 0 0 36 0 0 0 0 
0 0 0 0 0 0 0 0 0 0 0 0 0 0 0 0 0 0 0 0 0 0 0 3 24 0 0 6 0 0 71 74 0 152176 0 0 0 0 0 36 0 0 0 0 
0 0 0 0 0 0 0 0 0 0 0 0 0 0 0 0 0 0 0 0 0 0 0 3 24 0 0 6 0 0 71 74 0 152176 0 0 0 0 0 36 0 0 0 0 
0 0 0 0 0 0 0 0 0 0 0 0 0 0 0 0 0 0 0 0 0 0 0 3 24 0 0 6 0 0 71 74 0 152176 0 0 0 0 0 36 0 0 0 0 
0 0 0 0 0 0 0 0 0 0 0 0 0 0 0 0 0 0 0 0 0 0 0 3 24 0 0 6 0 0 71 74 0 152176 0 0 0 0 0 36 0 0 0 0 
0 0 0 0 0 0 0 0 0 0 0 0 0 0 0 0 0 0 0 0 0 0 0 3 24 0 0 6 0 0 71 74 0 152176 0 0 0 0 0 36 0 0 0 0 
0 0 0 0 0 0 0 0 0 0 0 0 0 0 0 0 0 0 0 0 0 0 0 3 24 0 0 6 0 0 71 74 0 152176 0 0 0 0 0 36 0 0 0 0 
0 0 0 0 0 0 0 0 0 0 0 0 0 0 0 0 0 0 0 0 0 0 0 3 24 0 0 6 0 0 71 74 0 152176 0 0 0 0 0 36 0 0 0 0 
0 0 0 0 0 0 0 0 0 0 0 0 0 0 0 0 0 0 0 0 0 0 0 3 24 0 0 6 0 0 71 74 0 152176 0 0 0 0 0 36 0 0 0 0 
0 0 0 0 0 0 0 0 0 0 0 0 0 0 0 0 0 0 0 0 0 0 0 3 28 0 0 6 0 0 93 74 0 224092 0 0 0 0 0 45 0 0 20 0 
0 0 0 0 0 0 0 0 0 0 0 0 0 0 0 0 0 0 0 0 0 0 0 3 28 0 0 6 0 0 93 74 0 428665 0 0 0 0 0 47 0 0 20 0 
0 0 0 0 0 0 0 0 0 0 0 0 0 0 0 0 0 0 0 0 0 0 0 3 28 0 0 6 0 0 93 74 0 617778 0 0 0 0 0 47 0 0 20 0 
0 0 0 0 0 0 0 0 0 0 0 0 0 0 0 0 0 0 0 0 0 0 0 3 28 0 0 6 0 0 93 74 0 754331 0 0 0 0 0 47 0 0 20 0 
0 0 0 0 0 0 0 0 0 0 0 0 0 0 0 0 0 0 0 0 0 0 0 3 28 0 0 6 0 0 93 74 0 870746 0 0 0 0 0 47 0 0 20 0 
0 0 0 0 0 0 0 0 0 0 0 0 0 0 0 0 0 0 0 0 0 0 0 3 28 0 0 6 0 0 93 74 0 941127 0 0 0 0 0 47 0 0 20 0 
0 0 0 0 0 0 0 0 0 0 0 0 0 0 0 0 0 0 0 0 0 0 0 3 28 0 0 6 0 0 93 74 0 1013456 0 0 0 0 0 47 0 0 20 0 
0 0 0 0 0 0 0 0 0 0 0 0 0 0 0 0 0 0 0 0 0 0 0 3 28 0 0 6 0 0 94 74 0 1099220 0 0 0 0 0 11156 0 0 28 0 
0 0 0 0 0 0 0 0 0 0 0 0 0 0 0 0 0 0 0 0 0 0 0 3 28 0 0 6 0 0 94 74 0 1251286 0 0 0 0 0 20783 0 0 54 0 
0 0 0 0 0 0 0 0 0 0 0 0 0 0 0 0 0 0 0 0 0 0 0 3 28 0 0 6 0 0 94 74 0 1341590 0 0 0 0 0 20783 0 0 54 0 
0 0 0 0 0 0 0 0 0 0 0 0 0 0 0 0 0 0 0 0 0 0 0 3 28 0 0 6 0 0 94 74 0 1480917 0 0 0 0 0 41353 0 0 87 0 
0 0 0 0 0 0 0 0 0 0 0 0 0 0 0 0 0 0 0 0 0 0 0 3 28 0 0 6 0 0 94 74 0 1572798 0 0 0 0 0 41353 0 0 87 0 
0 0 0 0 0 0 0 0 0 0 0 0 0 0 0 0 0 0 0 0 0 0 0 3 28 0 0 6 0 0 94 74 0 1709242 0 0 0 0 0 59691 0 0 119 0 
0 0 0 0 0 0 0 0 0 0 0 0 0 0 0 0 0 0 0 0 0 0 0 3 28 0 0 6 0 0 94 74 0 1802581 0 0 0 0 0 61914 0 0 119 0 
0 0 0 0 0 0 0 0 0 0 0 0 0 0 0 0 0 0 0 0 0 0 0 3 28 0 0 6 0 0 94 74 0 1896654 0 0 0 0 0 80160 0 0 127 0 
0 0 0 0 0 0 0 0 0 0 0 0 0 0 0 0 0 0 0 0 0 0 0 3 28 0 0 6 0 0 94 74 0 2029743 0 0 0 0 0 82470 0 0 151 0 
0 0 0 0 0 0 0 0 0 0 0 0 0 0 0 0 0 0 0 0 0 0 0 3 28 0 0 6 0 0 94 74 0 2113471 0 0 0 0 0 82470 0 0 151 0 
0 0 0 0 0 0 0 0 0 0 0 0 0 0 0 0 0 0 0 0 0 0 0 3 28 0 0 6 0 0 94 74 0 2259200 0 0 0 0 0 103028 0 0 184 0 
0 0 0 0 0 0 0 0 0 0 0 0 0 0 0 0 0 0 0 0 0 0 0 3 28 0 0 6 0 0 94 74 0 2349327 0 0 0 0 0 103028 0 0 184 0 
0 0 0 0 0 0 0 0 0 0 0 0 0 0 0 0 0 0 0 0 0 0 0 3 28 0 0 6 0 0 94 74 0 2490632 0 0 0 0 0 123584 0 0 218 0 
0 0 0 0 0 0 0 0 0 0 0 0 0 0 0 0 0 0 0 0 0 0 0 3 28 0 0 6 0 0 94 74 0 2572622 0 0 0 0 0 123584 0 0 218 0 
0 0 0 0 0 0 0 0 0 0 0 0 0 0 0 0 0 0 0 0 0 0 0 3 28 0 0 6 0 0 94 74 0 2709539 0 0 0 0 0 141829 0 0 225 0 
0 0 0 0 0 0 0 0 0 0 0 0 0 0 0 0 0 0 0 0 0 0 0 3 28 0 0 6 0 0 94 74 0 2809637 0 0 0 0 0 144141 0 0 250 0 
0 0 0 0 0 0 0 0 0 0 0 0 0 0 0 0 0 0 0 0 0 0 0 3 28 0 0 6 0 0 94 74 0 2897504 0 0 0 0 0 162236 0 0 258 0 
0 0 0 0 0 0 0 0 0 0 0 0 0 0 0 0 0 0 0 0 0 0 0 3 28 0 0 6 0 0 94 74 0 3036023 0 0 0 0 0 164694 0 0 283 0 
0 0 0 0 0 0 0 0 0 0 0 0 0 0 0 0 0 0 0 0 0 0 0 3 28 0 0 6 0 0 94 74 0 3121732 0 0 0 0 0 164694 0 0 283 0 
0 0 0 0 0 0 0 0 0 0 0 0 0 0 0 0 0 0 0 0 0 0 0 3 28 0 0 6 0 0 94 74 0 3261488 0 0 0 0 0 185249 0 0 317 0 
0 0 0 0 0 0 0 0 0 0 0 0 0 0 0 0 0 0 0 0 0 0 0 3 28 0 0 6 0 0 94 74 0 3354525 0 0 0 0 0 185249 0 0 317 0 
0 0 0 0 0 0 0 0 0 0 0 0 0 0 0 0 0 0 0 0 0 0 0 3 28 0 0 6 0 0 94 74 0 3489973 0 0 0 0 0 205803 0 0 351 0 
0 0 0 0 0 0 0 0 0 0 0 0 0 0 0 0 0 0 0 0 0 0 0 3 28 0 0 6 0 0 94 74 0 3582321 0 0 0 0 0 205803 0 0 351 0 
0 0 0 0 0 0 0 0 0 0 0 0 0 0 0 0 0 0 0 0 0 0 0 3 28 0 0 6 0 0 94 74 0 3676987 0 0 0 0 0 224045 0 0 359 0 
0 0 0 0 0 0 0 0 0 0 0 0 0 0 0 0 0 0 0 0 0 0 0 3 28 0 0 6 0 0 94 74 0 3807273 0 0 0 0 0 226356 0 0 385 0 
0 0 0 0 0 0 0 0 0 0 0 0 0 0 0 0 0 0 0 0 0 0 0 3 28 0 0 6 0 0 94 74 0 3891225 0 0 0 0 0 226356 0 0 385 0 
0 0 0 0 0 0 0 0 0 0 0 0 0 0 0 0 0 0 0 0 0 0 0 3 28 0 0 6 0 0 94 74 0 4037140 0 0 0 0 0 246907 0 0 419 0 
0 0 0 0 0 0 0 0 0 0 0 0 0 0 0 0 0 0 0 0 0 0 0 3 28 0 0 6 0 0 94 74 0 4126272 0 0 0 0 0 246907 0 0 419 0 
0 0 0 0 0 0 0 0 0 0 0 0 0 0 0 0 0 0 0 0 0 0 0 3 28 0 0 6 0 0 94 74 0 4268275 0 0 0 0 0 267464 0 0 451 0 
0 0 0 0 0 0 0 0 0 0 0 0 0 0 0 0 0 0 0 0 0 0 0 3 28 0 0 6 0 0 94 74 0 4356112 0 0 0 0 0 267464 0 0 451 0 
0 0 0 0 0 0 0 0 0 0 0 0 0 0 0 0 0 0 0 0 0 0 0 3 28 0 0 6 0 0 94 74 0 4485893 0 0 0 0 0 285705 0 0 459 0 
0 0 0 0 0 0 0 0 0 0 0 0 0 0 0 0 0 0 0 0 0 0 0 3 28 0 0 6 0 0 94 74 0 4585404 0 0 0 0 0 288012 0 0 484 0 
0 0 0 0 0 0 0 0 0 0 0 0 0 0 0 0 0 0 0 0 0 0 0 3 28 0 0 6 0 0 94 74 0 4670313 0 0 0 0 0 303535 0 0 490 0 
0 0 0 0 0 0 0 0 0 0 0 0 0 0 0 0 0 0 0 0 0 0 0 3 28 0 0 6 0 0 94 74 0 4811733 0 0 0 0 0 308570 0 0 515 0 
0 0 0 0 0 0 0 0 0 0 0 0 0 0 0 0 0 0 0 0 0 0 0 3 28 0 0 6 0 0 94 74 0 4900854 0 0 0 0 0 308570 0 0 515 0 
0 0 0 0 0 0 0 0 0 0 0 0 0 0 0 0 0 0 0 0 0 0 0 3 28 0 0 6 0 0 94 74 0 5043693 0 0 0 0 0 329125 0 0 549 0 
0 0 0 0 0 0 0 0 0 0 0 0 0 0 0 0 0 0 0 0 0 0 0 3 28 0 0 6 0 0 94 74 0 5135436 0 0 0 0 0 329125 0 0 549 0 
0 0 0 0 0 0 0 0 0 0 0 0 0 0 0 0 0 0 0 0 0 0 0 3 28 0 0 6 0 0 94 74 0 5279246 0 0 0 0 0 349686 0 0 581 0 
0 0 0 0 0 0 0 0 0 0 0 0 0 0 0 0 0 0 0 0 0 0 0 3 28 0 0 6 0 0 94 74 0 5364309 0 0 0 0 0 349686 0 0 581 0 
0 0 0 0 0 0 0 0 0 0 0 0 0 0 0 0 0 0 0 0 0 0 0 3 28 0 0 6 0 0 94 74 0 5476475 0 0 0 0 0 367931 0 0 589 0 
0 0 0 0 0 0 0 0 0 0 0 0 0 0 0 0 0 0 0 0 0 0 0 3 28 0 0 6 0 0 94 74 0 5594165 0 0 0 0 0 370242 0 0 612 0 
0 0 0 0 0 0 0 0 0 0 0 0 0 0 0 0 0 0 0 0 0 0 0 3 28 0 0 6 0 0 94 74 0 5674348 0 0 0 0 0 374653 0 0 620 0 
0 0 0 0 0 0 0 0 0 0 0 0 0 0 0 0 0 0 0 0 0 0 0 3 28 0 0 6 0 0 94 74 0 5819533 0 0 0 0 0 390801 0 0 646 0 
0 0 0 0 0 0 0 0 0 0 0 0 0 0 0 0 0 0 0 0 0 0 0 3 28 0 0 6 0 0 94 74 0 5909836 0 0 0 0 0 390801 0 0 646 0 
0 0 0 0 0 0 0 0 0 0 0 0 0 0 0 0 0 0 0 0 0 0 0 3 28 0 0 7 0 0 94 74 0 6025994 0 0 0 0 0 409055 0 0 669 0 
0 0 0 0 0 0 0 0 0 0 0 0 0 0 0 0 0 0 0 0 0 0 0 3 28 0 0 7 0 0 94 74 0 6025994 0 0 0 0 0 409055 0 0 669 0 
0 0 0 0 0 0 0 0 0 0 0 0 0 0 0 0 0 0 0 0 0 0 0 3 28 0 0 7 0 0 94 74 0 6025994 0 0 0 0 0 409055 0 0 669 0 
0 0 0 0 0 0 0 0 0 0 0 0 0 0 0 0 0 0 0 0 0 0 0 3 28 0 0 7 0 0 94 74 0 6025994 0 0 0 0 0 409055 0 0 669 0 
0 0 0 0 0 0 0 0 0 0 0 0 0 0 0 0 0 0 0 0 0 0 0 3 28 0 0 7 0 0 94 74 0 6025994 0 0 0 0 0 409055 0 0 669 0 
0 0 0 0 0 0 0 0 0 0 0 0 0 0 0 0 0 0 0 0 0 0 0 3 28 0 0 7 0 0 94 74 0 6025994 0 0 0 0 0 409055 0 0 669 0 
0 0 0 0 0 0 0 0 0 0 0 0 0 0 0 0 0 0 0 0 0 0 0 3 28 0 0 7 0 0 94 74 0 6025994 0 0 0 0 0 409055 0 0 669 0 
0 0 0 0 0 0 0 0 0 0 0 0 0 0 0 0 0 0 0 0 0 0 0 3 28 0 0 7 0 0 94 74 0 6025994 0 0 0 0 0 409055 0 0 669 0 
