0 0 0 0 0 0 0 0 0 0 0 0 0 0 0 0 0 0 0 0 0 0 0 3 28 0 0 7 0 0 94 74 0 6025994 0 0 0 0 0 409055 0 0 669 0 
0 0 0 0 0 0 0 0 0 0 0 0 0 0 0 0 0 0 0 0 0 0 0 3 28 0 0 7 0 0 94 74 0 6025994 0 0 0 0 0 409055 0 0 669 0 
0 0 0 0 0 0 0 0 0 0 0 0 0 0 0 0 0 0 0 0 0 0 0 3 28 0 0 7 0 0 94 74 0 6025994 0 0 0 0 0 409055 0 0 669 0 
0 0 0 0 0 0 0 0 0 0 0 0 0 0 0 0 0 0 0 0 0 0 0 3 28 0 0 7 0 0 94 74 0 6025994 0 0 0 0 0 409055 0 0 669 0 
0 0 0 0 0 0 0 0 0 0 0 0 0 0 0 0 0 0 0 0 0 0 0 3 28 0 0 7 0 0 94 74 0 6025994 0 0 0 0 0 409055 0 0 669 0 
0 0 0 0 0 0 0 0 0 0 0 0 0 0 0 0 0 0 0 0 0 0 0 3 28 0 0 7 0 0 94 74 0 6025994 0 0 0 0 0 409055 0 0 669 0 
0 0 0 0 0 0 0 0 0 0 0 0 0 0 0 0 0 0 0 0 0 0 0 3 28 0 0 7 0 0 94 74 0 6025994 0 0 0 0 0 409055 0 0 669 0 
0 0 0 0 0 0 0 0 0 0 0 0 0 0 0 0 0 0 0 0 0 0 0 3 28 0 0 7 0 0 94 74 0 6025994 0 0 0 0 0 409055 0 0 669 0 
0 0 0 0 0 0 0 0 0 0 0 0 0 0 0 0 0 0 0 0 0 0 0 3 28 0 0 7 0 0 94 74 0 6025994 0 0 0 0 0 409055 0 0 669 0 
0 0 0 0 0 0 0 0 0 0 0 0 0 0 0 0 0 0 0 0 0 0 0 3 28 0 0 7 0 0 94 74 0 6025994 0 0 0 0 0 409055 0 0 669 0 
0 0 0 0 0 0 0 0 0 0 0 0 0 0 0 0 0 0 0 0 0 0 0 3 28 0 0 7 0 0 94 74 0 6025994 0 0 0 0 0 409055 0 0 669 0 
0 0 0 0 0 0 0 0 0 0 0 0 0 0 0 0 0 0 0 0 0 0 0 3 28 0 0 7 0 0 94 74 0 6025994 0 0 0 0 0 409055 0 0 669 0 
0 0 0 0 0 0 0 0 0 0 0 0 0 0 0 0 0 0 0 0 0 0 0 3 28 0 0 7 0 0 94 74 0 6025994 0 0 0 0 0 409055 0 0 669 0 
0 0 0 0 0 0 0 0 0 0 0 0 0 0 0 0 0 0 0 0 0 0 0 3 28 0 0 7 0 0 94 74 0 6025994 0 0 0 0 0 409055 0 0 669 0 
0 0 0 0 0 0 0 0 0 0 0 0 0 0 0 0 0 0 0 0 0 0 0 3 28 0 0 7 0 0 94 74 0 6025994 0 0 0 0 0 409055 0 0 669 0 
0 0 0 0 0 0 0 0 0 0 0 0 0 0 0 0 0 0 0 0 0 0 0 3 28 0 0 7 0 0 94 74 0 6025994 0 0 0 0 0 409055 0 0 669 0 
0 0 0 0 0 0 0 0 0 0 0 0 0 0 0 0 0 0 0 0 0 0 0 3 28 0 0 7 0 0 94 74 0 6025994 0 0 0 0 0 409055 0 0 669 0 
0 0 0 0 0 0 0 0 0 0 0 0 0 0 0 0 0 0 0 0 0 0 0 3 28 0 0 7 0 0 94 74 0 6025994 0 0 0 0 0 409055 0 0 669 0 
0 0 0 0 0 0 0 0 0 0 0 0 0 0 0 0 0 0 0 0 0 0 0 3 28 0 0 7 0 0 94 74 0 6025994 0 0 0 0 0 409055 0 0 669 0 
0 0 0 0 0 0 0 0 0 0 0 0 0 0 0 0 0 0 0 0 0 0 0 3 28 0 0 7 0 0 94 74 0 6025994 0 0 0 0 0 409055 0 0 669 0 
0 0 0 0 0 0 0 0 0 0 0 0 0 0 0 0 0 0 0 0 0 0 0 3 28 0 0 7 0 0 94 74 0 6025994 0 0 0 0 0 409055 0 0 669 0 
0 0 0 0 0 0 0 0 0 0 0 0 0 0 0 0 0 0 0 0 0 0 0 3 28 0 0 7 0 0 94 74 0 6025994 0 0 0 0 0 409055 0 0 669 0 
0 0 0 0 0 0 0 0 0 0 0 0 0 0 0 0 0 0 0 0 0 0 0 3 28 0 0 7 0 0 94 74 0 6025994 0 0 0 0 0 409055 0 0 669 0 
0 0 0 0 0 0 0 0 0 0 0 0 0 0 0 0 0 0 0 0 0 0 0 3 28 0 0 7 0 0 94 74 0 6025994 0 0 0 0 0 409055 0 0 669 0 
0 0 0 0 0 0 0 0 0 0 0 0 0 0 0 0 0 0 0 0 0 0 0 3 28 0 0 7 0 0 94 74 0 6025994 0 0 0 0 0 409055 0 0 669 0 
0 0 0 0 0 0 0 0 0 0 0 0 0 0 0 0 0 0 0 0 0 0 0 3 28 0 0 7 0 0 94 74 0 6025994 0 0 0 0 0 409055 0 0 669 0 
0 0 0 0 0 0 0 0 0 0 0 0 0 0 0 0 0 0 0 0 0 0 0 3 28 0 0 7 0 0 94 74 0 6025994 0 0 0 0 0 409055 0 0 669 0 
0 0 0 0 0 0 0 0 0 0 0 0 0 0 0 0 0 0 0 0 0 0 0 3 28 0 0 7 0 0 94 74 0 6025994 0 0 0 0 0 409055 0 0 669 0 
0 0 0 0 0 0 0 0 0 0 0 0 0 0 0 0 0 0 0 0 0 0 0 3 28 0 0 7 0 0 94 74 0 6025994 0 0 0 0 0 409055 0 0 669 0 
0 0 0 0 0 0 0 0 0 0 0 0 0 0 0 0 0 0 0 0 0 0 0 3 28 0 0 7 0 0 94 74 0 6025994 0 0 0 0 0 409055 0 0 669 0 
0 0 0 0 0 0 0 0 0 0 0 0 0 0 0 0 0 0 0 0 0 0 0 3 28 0 0 7 0 0 94 74 0 6025994 0 0 0 0 0 409055 0 0 669 0 
0 0 0 0 0 0 0 0 0 0 0 0 0 0 0 0 0 0 0 0 0 0 0 3 28 0 0 7 0 0 94 74 0 6025994 0 0 0 0 0 409055 0 0 669 0 
0 0 0 0 0 0 0 0 0 0 0 0 0 0 0 0 0 0 0 0 0 0 0 3 28 0 0 7 0 0 94 74 0 6025994 0 0 0 0 0 409055 0 0 669 0 
0 0 0 0 0 0 0 0 0 0 0 0 0 0 0 0 0 0 0 0 0 0 0 3 28 0 0 7 0 0 94 74 0 6025994 0 0 0 0 0 409055 0 0 669 0 
0 0 0 0 0 0 0 0 0 0 0 0 0 0 0 0 0 0 0 0 0 0 0 3 28 0 0 7 0 0 94 74 0 6025994 0 0 0 0 0 409055 0 0 669 0 
0 0 0 0 0 0 0 0 0 0 0 0 0 0 0 0 0 0 0 0 0 0 0 3 28 0 0 7 0 0 94 74 0 6025994 0 0 0 0 0 409055 0 0 669 0 
0 0 0 0 0 0 0 0 0 0 0 0 0 0 0 0 0 0 0 0 0 0 0 3 28 0 0 7 0 0 94 74 0 6025994 0 0 0 0 0 409055 0 0 669 0 
0 0 0 0 0 0 0 0 0 0 0 0 0 0 0 0 0 0 0 0 0 0 0 3 28 0 0 7 0 0 94 74 0 6025994 0 0 0 0 0 409055 0 0 669 0 
0 0 0 0 0 0 0 0 0 0 0 0 0 0 0 0 0 0 0 0 0 0 0 3 28 0 0 7 0 0 94 74 0 6025994 0 0 0 0 0 409055 0 0 669 0 
0 0 0 0 0 0 0 0 0 0 0 0 0 0 0 0 0 0 0 0 0 0 0 3 28 0 0 7 0 0 94 74 0 6025994 0 0 0 0 0 409055 0 0 669 0 
0 0 0 0 0 0 0 0 0 0 0 0 0 0 0 0 0 0 0 0 0 0 0 3 28 0 0 7 0 0 94 74 0 6025994 0 0 0 0 0 409055 0 0 669 0 
0 0 0 0 0 0 0 0 0 0 0 0 0 0 0 0 0 0 0 0 0 0 0 3 28 0 0 7 0 0 94 74 0 6025994 0 0 0 0 0 409055 0 0 669 0 
0 0 0 0 0 0 0 0 0 0 0 0 0 0 0 0 0 0 0 0 0 0 0 3 28 0 0 7 0 0 94 74 0 6025994 0 0 0 0 0 409055 0 0 669 0 
0 0 0 0 0 0 0 0 0 0 0 0 0 0 0 0 0 0 0 0 0 0 0 3 28 0 0 7 0 0 94 74 0 6025994 0 0 0 0 0 409055 0 0 669 0 
0 0 0 0 0 0 0 0 0 0 0 0 0 0 0 0 0 0 0 0 0 0 0 3 28 0 0 7 0 0 94 74 0 6025994 0 0 0 0 0 409055 0 0 669 0 
0 0 0 0 0 0 0 0 0 0 0 0 0 0 0 0 0 0 0 0 0 0 0 3 28 0 0 7 0 0 94 74 0 6025994 0 0 0 0 0 409055 0 0 669 0 
0 0 0 0 0 0 0 0 0 0 0 0 0 0 0 0 0 0 0 0 0 0 0 3 28 0 0 7 0 0 94 74 0 6025994 0 0 0 0 0 409055 0 0 669 0 
0 0 0 0 0 0 0 0 0 0 0 0 0 0 0 0 0 0 0 0 0 0 0 3 28 0 0 7 0 0 94 74 0 6025994 0 0 0 0 0 409055 0 0 669 0 
0 0 0 0 0 0 0 0 0 0 0 0 0 0 0 0 0 0 0 0 0 0 0 3 28 0 0 7 0 0 94 74 0 6025994 0 0 0 0 0 409055 0 0 669 0 
0 0 0 0 0 0 0 0 0 0 0 0 0 0 0 0 0 0 0 0 0 0 0 3 28 0 0 7 0 0 94 74 0 6025994 0 0 0 0 0 409055 0 0 669 0 
0 0 0 0 0 0 0 0 0 0 0 0 0 0 0 0 0 0 0 0 0 0 0 3 28 0 0 7 0 0 94 74 0 6025994 0 0 0 0 0 409055 0 0 669 0 
0 0 0 0 0 0 0 0 0 0 0 0 0 0 0 0 0 0 0 0 0 0 0 3 28 0 0 7 0 0 94 74 0 6025994 0 0 0 0 0 409055 0 0 669 0 
0 0 0 0 0 0 0 0 0 0 0 0 0 0 0 0 0 0 0 0 0 0 0 3 28 0 0 7 0 0 94 74 0 6025994 0 0 0 0 0 409055 0 0 669 0 
0 0 0 0 0 0 0 0 0 0 0 0 0 0 0 0 0 0 0 0 0 0 0 3 28 0 0 7 0 0 94 74 0 6025994 0 0 0 0 0 409055 0 0 669 0 
0 0 0 0 0 0 0 0 0 0 0 0 0 0 0 0 0 0 0 0 0 0 0 3 28 0 0 7 0 0 94 74 0 6025994 0 0 0 0 0 409055 0 0 669 0 
0 0 0 0 0 0 0 0 0 0 0 0 0 0 0 0 0 0 0 0 0 0 0 3 28 0 0 7 0 0 94 74 0 6025994 0 0 0 0 0 409055 0 0 669 0 
0 0 0 0 0 0 0 0 0 0 0 0 0 0 0 0 0 0 0 0 0 0 0 3 28 0 0 7 0 0 94 74 0 6025994 0 0 0 0 0 409055 0 0 669 0 
0 0 0 0 0 0 0 0 0 0 0 0 0 0 0 0 0 0 0 0 0 0 0 3 28 0 0 7 0 0 94 74 0 6025994 0 0 0 0 0 409055 0 0 669 0 
0 0 0 0 0 0 0 0 0 0 0 0 0 0 0 0 0 0 0 0 0 0 0 3 28 0 0 7 0 0 94 74 0 6025994 0 0 0 0 0 409055 0 0 669 0 
0 0 0 0 0 0 0 0 0 0 0 0 0 0 0 0 0 0 0 0 0 0 0 3 28 0 0 7 0 0 94 74 0 6025994 0 0 0 0 0 409055 0 0 669 0 
0 0 0 0 0 0 0 0 0 0 0 0 0 0 0 0 0 0 0 0 0 0 0 3 28 0 0 7 0 0 94 74 0 6025994 0 0 0 0 0 409055 0 0 669 0 
0 0 0 0 0 0 0 0 0 0 0 0 0 0 0 0 0 0 0 0 0 0 0 3 28 0 0 7 0 0 94 74 0 6025994 0 0 0 0 0 409055 0 0 669 0 
0 0 0 0 0 0 0 0 0 0 0 0 0 0 0 0 0 0 0 0 0 0 0 3 28 0 0 7 0 0 94 74 0 6025994 0 0 0 0 0 409055 0 0 669 0 
0 0 0 0 0 0 0 0 0 0 0 0 0 0 0 0 0 0 0 0 0 0 0 3 28 0 0 7 0 0 94 74 0 6025994 0 0 0 0 0 409055 0 0 669 0 
0 0 0 0 0 0 0 0 0 0 0 0 0 0 0 0 0 0 0 0 0 0 0 3 28 0 0 7 0 0 94 74 0 6025994 0 0 0 0 0 409055 0 0 669 0 
0 0 0 0 0 0 0 0 0 0 0 0 0 0 0 0 0 0 0 0 0 0 0 3 28 0 0 7 0 0 94 74 0 6025994 0 0 0 0 0 409055 0 0 669 0 
0 0 0 0 0 0 0 0 0 0 0 0 0 0 0 0 0 0 0 0 0 0 0 3 28 0 0 7 0 0 94 74 0 6025994 0 0 0 0 0 409055 0 0 669 0 
0 0 0 0 0 0 0 0 0 0 0 0 0 0 0 0 0 0 0 0 0 0 0 3 28 0 0 7 0 0 94 74 0 6025994 0 0 0 0 0 409055 0 0 669 0 
0 0 0 0 0 0 0 0 0 0 0 0 0 0 0 0 0 0 0 0 0 0 0 3 36 0 0 7 0 0 121 74 0 6196241 0 0 0 0 0 409078 0 0 706 0 
0 0 0 0 0 0 0 0 0 0 0 0 0 0 0 0 0 0 0 0 0 0 0 3 36 0 0 7 0 0 121 74 0 6527505 0 0 0 0 0 409078 0 0 706 0 
0 0 0 0 0 0 0 0 0 0 0 0 0 0 0 0 0 0 0 0 0 0 0 3 36 0 0 7 0 0 121 74 0 6861183 0 0 0 0 0 409078 0 0 706 0 
0 0 0 0 0 0 0 0 0 0 0 0 0 0 0 0 0 0 0 0 0 0 0 3 36 0 0 7 0 0 121 74 0 7180502 0 0 0 0 0 409078 0 0 706 0 
0 0 0 0 0 0 0 0 0 0 0 0 0 0 0 0 0 0 0 0 0 0 0 3 36 0 0 7 0 0 121 74 0 7442545 0 0 0 0 0 409082 0 0 706 0 
0 0 0 0 0 0 0 0 0 0 0 0 0 0 0 0 0 0 0 0 0 0 0 3 36 0 0 7 0 0 123 74 0 7617656 0 0 0 0 0 482308 0 0 721 0 
0 0 0 0 0 0 0 0 0 0 0 0 0 0 0 0 0 0 0 0 0 0 0 3 36 0 0 7 0 0 123 74 0 7820878 0 0 0 0 0 604024 0 0 775 0 
0 0 0 0 0 0 0 0 0 0 0 0 0 0 0 0 0 0 0 0 0 0 0 3 36 0 0 7 0 0 123 74 0 7988632 0 0 0 0 0 650349 0 0 791 0 
0 0 0 0 0 0 0 0 0 0 0 0 0 0 0 0 0 0 0 0 0 0 0 3 36 0 0 7 0 0 123 74 0 8195529 0 0 0 0 0 791099 0 0 843 0 
0 0 0 0 0 0 0 0 0 0 0 0 0 0 0 0 0 0 0 0 0 0 0 3 36 0 0 7 0 0 123 74 0 8368144 0 0 0 0 0 842635 0 0 859 0 
0 0 0 0 0 0 0 0 0 0 0 0 0 0 0 0 0 0 0 0 0 0 0 3 36 0 0 7 0 0 123 74 0 8585232 0 0 0 0 0 977555 0 0 913 0 
0 0 0 0 0 0 0 0 0 0 0 0 0 0 0 0 0 0 0 0 0 0 0 3 36 0 0 7 0 0 123 74 0 8741207 0 0 0 0 0 1021803 0 0 928 0 
0 0 0 0 0 0 0 0 0 0 0 0 0 0 0 0 0 0 0 0 0 0 0 3 36 0 0 7 0 0 123 74 0 8948685 0 0 0 0 0 1164053 0 0 979 0 
0 0 0 0 0 0 0 0 0 0 0 0 0 0 0 0 0 0 0 0 0 0 0 3 36 0 0 7 0 0 123 74 0 9120478 0 0 0 0 0 1214660 0 0 994 0 
0 0 0 0 0 0 0 0 0 0 0 0 0 0 0 0 0 0 0 0 0 0 0 3 36 0 0 7 0 0 123 74 0 9329642 0 0 0 0 0 1350530 0 0 1045 0 
0 0 0 0 0 0 0 0 0 0 0 0 0 0 0 0 0 0 0 0 0 0 0 3 36 0 0 7 0 0 123 74 0 9534890 0 0 0 0 0 1485234 0 0 1061 0 
0 0 0 0 0 0 0 0 0 0 0 0 0 0 0 0 0 0 0 0 0 0 0 3 36 0 0 7 0 0 123 74 0 9751199 0 0 0 0 0 1536891 0 0 1111 0 
0 0 0 0 0 0 0 0 0 0 0 0 0 0 0 0 0 0 0 0 0 0 0 3 36 0 0 7 0 0 123 74 0 9894763 0 0 0 0 0 1633925 0 0 1126 0 
0 0 0 0 0 0 0 0 0 0 0 0 0 0 0 0 0 0 0 0 0 0 0 3 36 0 0 7 0 0 123 74 0 10110916 0 0 0 0 0 1723415 0 0 1175 0 
0 0 0 0 0 0 0 0 0 0 0 0 0 0 0 0 0 0 0 0 0 0 0 3 36 0 0 7 0 0 123 74 0 10269409 0 0 0 0 0 1817874 0 0 1191 0 
0 0 0 0 0 0 0 0 0 0 0 0 0 0 0 0 0 0 0 0 0 0 0 3 36 0 0 7 0 0 123 74 0 10488517 0 0 0 0 0 1909844 0 0 1243 0 
0 0 0 0 0 0 0 0 0 0 0 0 0 0 0 0 0 0 0 0 0 0 0 3 36 0 0 7 0 0 123 74 0 10631405 0 0 0 0 0 1972514 0 0 1259 0 
0 0 0 0 0 0 0 0 0 0 0 0 0 0 0 0 0 0 0 0 0 0 0 3 36 0 0 7 0 0 123 74 0 10834256 0 0 0 0 0 2096258 0 0 1309 0 
0 0 0 0 0 0 0 0 0 0 0 0 0 0 0 0 0 0 0 0 0 0 0 3 36 0 0 7 0 0 123 74 0 11004060 0 0 0 0 0 2148878 0 0 1322 0 
0 0 0 0 0 0 0 0 0 0 0 0 0 0 0 0 0 0 0 0 0 0 0 3 36 0 0 7 0 0 123 74 0 11263897 0 0 0 0 0 2282644 0 0 1376 0 
0 0 0 0 0 0 0 0 0 0 0 0 0 0 0 0 0 0 0 0 0 0 0 3 36 0 0 7 0 0 123 74 0 11407323 0 0 0 0 0 2391821 0 0 1392 0 
0 0 0 0 0 0 0 0 0 0 0 0 0 0 0 0 0 0 0 0 0 0 0 3 36 0 0 7 0 0 123 74 0 11627005 0 0 0 0 0 2469057 0 0 1446 0 
0 0 0 0 0 0 0 0 0 0 0 0 0 0 0 0 0 0 0 0 0 0 0 3 36 0 0 7 0 0 123 74 0 11778912 0 0 0 0 0 2567707 0 0 1462 0 
0 0 0 0 0 0 0 0 0 0 0 0 0 0 0 0 0 0 0 0 0 0 0 3 36 0 0 7 0 0 123 74 0 11996186 0 0 0 0 0 2655567 0 0 1514 0 
0 0 0 0 0 0 0 0 0 0 0 0 0 0 0 0 0 0 0 0 0 0 0 3 36 0 0 7 0 0 123 74 0 12139040 0 0 0 0 0 2720750 0 0 1529 0 
0 0 0 0 0 0 0 0 0 0 0 0 0 0 0 0 0 0 0 0 0 0 0 3 36 0 0 7 0 0 123 74 0 12349322 0 0 0 0 0 2842077 0 0 1580 0 
0 0 0 0 0 0 0 0 0 0 0 0 0 0 0 0 0 0 0 0 0 0 0 3 36 0 0 7 0 0 123 74 0 12510417 0 0 0 0 0 2894469 0 0 1596 0 
0 0 0 0 0 0 0 0 0 0 0 0 0 0 0 0 0 0 0 0 0 0 0 3 36 0 0 7 0 0 123 74 0 12725894 0 0 0 0 0 3028582 0 0 1647 0 
0 0 0 0 0 0 0 0 0 0 0 0 0 0 0 0 0 0 0 0 0 0 0 3 36 0 0 7 0 0 123 74 0 12894850 0 0 0 0 0 3096681 0 0 1663 0 
0 0 0 0 0 0 0 0 0 0 0 0 0 0 0 0 0 0 0 0 0 0 0 3 36 0 0 7 0 0 123 74 0 13100003 0 0 0 0 0 3215159 0 0 1714 0 
0 0 0 0 0 0 0 0 0 0 0 0 0 0 0 0 0 0 0 0 0 0 0 3 36 0 0 7 0 0 123 74 0 13245571 0 0 0 0 0 3229451 0 0 1729 0 
0 0 0 0 0 0 0 0 0 0 0 0 0 0 0 0 0 0 0 0 0 0 0 3 36 0 0 7 0 0 123 74 0 13452370 0 0 0 0 0 3401650 0 0 1780 0 
0 0 0 0 0 0 0 0 0 0 0 0 0 0 0 0 0 0 0 0 0 0 0 3 36 0 0 7 0 0 123 74 0 13615380 0 0 0 0 0 3401662 0 0 1788 0 
0 0 0 0 0 0 0 0 0 0 0 0 0 0 0 0 0 0 0 0 0 0 0 3 36 0 0 7 0 0 123 74 0 13810834 0 0 0 0 0 3588087 0 0 1850 0 
0 0 0 0 0 0 0 0 0 0 0 0 0 0 0 0 0 0 0 0 0 0 0 3 36 0 0 7 0 0 123 74 0 13991803 0 0 0 0 0 3588095 0 0 1858 0 
0 0 0 0 0 0 0 0 0 0 0 0 0 0 0 0 0 0 0 0 0 0 0 3 36 0 0 7 0 0 123 74 0 14176256 0 0 0 0 0 3774646 0 0 1919 0 
0 0 0 0 0 0 0 0 0 0 0 0 0 0 0 0 0 0 0 0 0 0 0 3 36 0 0 7 0 0 123 74 0 14368021 0 0 0 0 0 3774648 0 0 1919 0 
0 0 0 0 0 0 0 0 0 0 0 0 0 0 0 0 0 0 0 0 0 0 0 3 36 0 0 7 0 0 123 74 0 14549764 0 0 0 0 0 3961144 0 0 1988 0 
0 0 0 0 0 0 0 0 0 0 0 0 0 0 0 0 0 0 0 0 0 0 0 3 36 0 0 7 0 0 123 74 0 14741574 0 0 0 0 0 3961146 0 0 1988 0 
0 0 0 0 0 0 0 0 0 0 0 0 0 0 0 0 0 0 0 0 0 0 0 3 36 0 0 9 0 0 123 74 0 14828033 0 0 0 0 0 4125938 0 0 2032 0 
0 0 0 0 0 0 0 0 0 0 0 0 0 0 0 0 0 0 0 0 0 0 0 3 36 0 0 9 0 0 123 74 0 14828033 0 0 0 0 0 4125938 0 0 2032 0 
0 0 0 0 0 0 0 0 0 0 0 0 0 0 0 0 0 0 0 0 0 0 0 3 36 0 0 9 0 0 123 74 0 14828033 0 0 0 0 0 4125938 0 0 2032 0 
0 0 0 0 0 0 0 0 0 0 0 0 0 0 0 0 0 0 0 0 0 0 0 3 36 0 0 9 0 0 123 74 0 14828033 0 0 0 0 0 4125938 0 0 2032 0 
0 0 0 0 0 0 0 0 0 0 0 0 0 0 0 0 0 0 0 0 0 0 0 3 36 0 0 9 0 0 123 74 0 14828033 0 0 0 0 0 4125938 0 0 2032 0 
