0 0 0 0 0 0 0 0 0 0 0 0 0 0 0 0 0 0 0 0 0 0 0 3 0 20 20 0 0 72 0 0 33 10359038 0 0 0 0 0 0 2286402 1373 0 0 
0 0 0 0 0 0 0 0 0 0 0 0 0 0 0 0 0 0 0 0 0 0 0 3 20 0 0 5 0 0 72 33 0 3117237 3817134 3409939 0 0 0 2288285 0 0 1372 0 
0 0 0 0 0 0 0 0 0 0 0 0 0 0 0 0 0 0 0 0 0 0 0 3 0 20 20 0 0 72 0 0 33 10359038 0 0 0 0 0 0 2286402 1373 0 0 
0 0 0 0 0 0 0 0 0 0 0 0 0 0 0 0 0 0 0 0 0 0 0 3 20 0 0 5 0 0 72 33 0 3117237 3817134 3409939 0 0 0 2288285 0 0 1372 0 
0 0 0 0 0 0 0 0 0 0 0 0 0 0 0 0 0 0 0 0 0 0 0 3 0 20 20 0 0 72 0 0 33 10359038 0 0 0 0 0 0 2286402 1373 0 0 
0 0 0 0 0 0 0 0 0 0 0 0 0 0 0 0 0 0 0 0 0 0 0 3 20 0 0 5 0 0 72 33 0 3117237 3817134 3409939 0 0 0 2288285 0 0 1372 0 
0 0 0 0 0 0 0 0 0 0 0 0 0 0 0 0 0 0 0 0 0 0 0 3 0 20 20 0 0 72 0 0 33 10359038 0 0 0 0 0 0 2286402 1373 0 0 
0 0 0 0 0 0 0 0 0 0 0 0 0 0 0 0 0 0 0 0 0 0 0 3 20 0 0 5 0 0 72 33 0 3117237 3817134 3409939 0 0 0 2288285 0 0 1372 0 
0 0 0 0 0 0 0 0 0 0 0 0 0 0 0 0 0 0 0 0 0 0 0 3 0 20 20 0 0 72 0 0 33 10359038 0 0 0 0 0 0 2286402 1373 0 0 
0 0 0 0 0 0 0 0 0 0 0 0 0 0 0 0 0 0 0 0 0 0 0 3 20 0 0 5 0 0 72 33 0 3117237 3817134 3409939 0 0 0 2288285 0 0 1372 0 
0 0 0 0 0 0 0 0 0 0 0 0 0 0 0 0 0 0 0 0 0 0 0 3 0 20 20 0 0 72 0 0 33 10359038 0 0 0 0 0 0 2286402 1373 0 0 
0 0 0 0 0 0 0 0 0 0 0 0 0 0 0 0 0 0 0 0 0 0 0 3 20 0 0 5 0 0 72 33 0 3117237 3817134 3409939 0 0 0 2288285 0 0 1372 0 
====>
0 0 0 0 0 0 0 0 0 0 0 0 0 0 0 0 0 0 0 0 0 0 0 3 0 20 20 0 0 72 0 0 33 10359038 0 0 0 0 0 0 2286402 1373 0 0 
0 0 0 0 0 0 0 0 0 0 0 0 0 0 0 0 0 0 0 0 0 0 0 3 20 0 0 5 0 0 72 33 0 3117237 3817134 3409939 0 0 0 2288285 0 0 1372 0 
0 0 0 0 0 0 0 0 0 0 0 0 0 0 0 0 0 0 0 0 0 0 0 3 0 20 20 0 0 72 0 0 33 10359038 0 0 0 0 0 0 2286402 1373 0 0 
0 0 0 0 0 0 0 0 0 0 0 0 0 0 0 0 0 0 0 0 0 0 0 3 20 0 0 5 0 0 72 33 0 3117237 3817134 3409939 0 0 0 2288285 0 0 1372 0 
0 0 0 0 0 0 0 0 0 0 0 0 0 0 0 0 0 0 0 0 0 0 0 3 0 20 20 0 0 72 0 0 33 10359038 0 0 0 0 0 0 2286402 1373 0 0 
0 0 0 0 0 0 0 0 0 0 0 0 0 0 0 0 0 0 0 0 0 0 0 3 20 0 0 5 0 0 72 33 0 3117237 3817134 3409939 0 0 0 2288285 0 0 1372 0 
0 0 0 0 0 0 0 0 0 0 0 0 0 0 0 0 0 0 0 0 0 0 0 3 0 20 20 0 0 72 0 0 33 10359038 0 0 0 0 0 0 2286402 1373 0 0 
0 0 0 0 0 0 0 0 0 0 0 0 0 0 0 0 0 0 0 0 0 0 0 3 20 0 0 5 0 0 72 33 0 3117237 3817134 3409939 0 0 0 2288285 0 0 1372 0 
0 0 0 0 0 0 0 0 0 0 0 0 0 0 0 0 0 0 0 0 0 0 0 3 0 20 20 0 0 72 0 0 33 10359038 0 0 0 0 0 0 2286402 1373 0 0 
0 0 0 0 0 0 0 0 0 0 0 0 0 0 0 0 0 0 0 0 0 0 0 3 20 0 0 5 0 0 72 33 0 3117237 3817134 3409939 0 0 0 2288285 0 0 1372 0 
0 0 0 0 0 0 0 0 0 0 0 0 0 0 0 0 0 0 0 0 0 0 0 3 0 20 20 0 0 72 0 0 33 10359038 0 0 0 0 0 0 2286402 1373 0 0 
0 0 0 0 0 0 0 0 0 0 0 0 0 0 0 0 0 0 0 0 0 0 0 3 20 0 0 5 0 0 72 33 0 3117237 3817134 3409939 0 0 0 2288285 0 0 1372 0 
0 0 0 0 0 0 0 0 0 0 0 0 0 0 0 0 0 0 0 0 0 0 0 3 0 20 20 0 0 72 0 0 33 10359038 0 0 0 0 0 0 2286402 1373 0 0 
0 0 0 0 0 0 0 0 0 0 0 0 0 0 0 0 0 0 0 0 0 0 0 3 20 0 0 5 0 0 72 33 0 3117237 3817134 3409939 0 0 0 2288285 0 0 1372 0 
0 0 0 0 0 0 0 0 0 0 0 0 0 0 0 0 0 0 0 0 0 0 0 3 0 20 20 0 0 72 0 0 33 10359038 0 0 0 0 0 0 2286402 1373 0 0 
0 0 0 0 0 0 0 0 0 0 0 0 0 0 0 0 0 0 0 0 0 0 0 3 20 0 0 5 0 0 72 33 0 3117237 3817134 3409939 0 0 0 2288285 0 0 1372 0 
0 0 0 0 0 0 0 0 0 0 0 0 0 0 0 0 0 0 0 0 0 0 0 3 0 20 20 0 0 72 0 0 33 10359038 0 0 0 0 0 0 2286402 1373 0 0 
0 0 0 0 0 0 0 0 0 0 0 0 0 0 0 0 0 0 0 0 0 0 0 3 20 0 0 5 0 0 72 33 0 3117237 3817134 3409939 0 0 0 2288285 0 0 1372 0 
0 0 0 0 0 0 0 0 0 0 0 0 0 0 0 0 0 0 0 0 0 0 0 3 0 20 20 0 0 72 0 0 33 10359038 0 0 0 0 0 0 2286402 1373 0 0 
0 0 0 0 0 0 0 0 0 0 0 0 0 0 0 0 0 0 0 0 0 0 0 3 20 0 0 5 0 0 72 33 0 3117237 3817134 3409939 0 0 0 2288285 0 0 1372 0 
0 0 0 0 0 0 0 0 0 0 0 0 0 0 0 0 0 0 0 0 0 0 0 3 0 20 20 0 0 72 0 0 33 10359038 0 0 0 0 0 0 2286402 1373 0 0 
0 0 0 0 0 0 0 0 0 0 0 0 0 0 0 0 0 0 0 0 0 0 0 3 20 0 0 5 0 0 72 33 0 3117237 3817134 3409939 0 0 0 2288285 0 0 1372 0 
0 0 0 0 0 0 0 0 0 0 0 0 0 0 0 0 0 0 0 0 0 0 0 3 0 20 20 0 0 72 0 0 33 10359038 0 0 0 0 0 0 2286402 1373 0 0 
0 0 0 0 0 0 0 0 0 0 0 0 0 0 0 0 0 0 0 0 0 0 0 3 20 0 0 5 0 0 72 33 0 3117237 3817134 3409939 0 0 0 2288285 0 0 1372 0 
0 0 0 0 0 0 0 0 0 0 0 0 0 0 0 0 0 0 0 0 0 0 0 3 0 20 20 0 0 72 0 0 33 10359038 0 0 0 0 0 0 2286402 1373 0 0 
0 0 0 0 0 0 0 0 0 0 0 0 0 0 0 0 0 0 0 0 0 0 0 3 20 0 0 5 0 0 72 33 0 3117237 3817134 3409939 0 0 0 2288285 0 0 1372 0 
0 0 0 0 0 0 0 0 0 0 0 0 0 0 0 0 0 0 0 0 0 0 0 3 0 20 20 0 0 72 0 0 33 10359038 0 0 0 0 0 0 2286402 1373 0 0 
0 0 0 0 0 0 0 0 0 0 0 0 0 0 0 0 0 0 0 0 0 0 0 3 20 0 0 5 0 0 72 33 0 3117237 3817134 3409939 0 0 0 2288285 0 0 1372 0 
0 0 0 0 0 0 0 0 0 0 0 0 0 0 0 0 0 0 0 0 0 0 0 3 0 20 20 0 0 72 0 0 33 10359038 0 0 0 0 0 0 2286402 1373 0 0 
0 0 0 0 0 0 0 0 0 0 0 0 0 0 0 0 0 0 0 0 0 0 0 3 20 0 0 5 0 0 72 33 0 3117237 3817134 3409939 0 0 0 2288285 0 0 1372 0 
0 0 0 0 0 0 0 0 0 0 0 0 0 0 0 0 0 0 0 0 0 0 0 3 0 20 20 0 0 72 0 0 33 10359038 0 0 0 0 0 0 2286402 1373 0 0 
0 0 0 0 0 0 0 0 0 0 0 0 0 0 0 0 0 0 0 0 0 0 0 3 20 0 0 5 0 0 72 33 0 3117237 3817134 3409939 0 0 0 2288285 0 0 1372 0 
0 0 0 0 0 0 0 0 0 0 0 0 0 0 0 0 0 0 0 0 0 0 0 3 0 20 20 0 0 72 0 0 33 10359038 0 0 0 0 0 0 2286402 1373 0 0 
0 0 0 0 0 0 0 0 0 0 0 0 0 0 0 0 0 0 0 0 0 0 0 3 20 0 0 5 0 0 72 33 0 3117237 3817134 3409939 0 0 0 2288285 0 0 1372 0 
0 0 0 0 0 0 0 0 0 0 0 0 0 0 0 0 0 0 0 0 0 0 0 3 0 20 20 0 0 72 0 0 33 10359038 0 0 0 0 0 0 2286402 1373 0 0 
0 0 0 0 0 0 0 0 0 0 0 0 0 0 0 0 0 0 0 0 0 0 0 3 20 0 0 5 0 0 72 33 0 3117237 3817134 3409939 0 0 0 2288285 0 0 1372 0 
0 0 0 0 0 0 0 0 0 0 0 0 0 0 0 0 0 0 0 0 0 0 0 3 0 20 20 0 0 72 0 0 33 10359038 0 0 0 0 0 0 2286402 1373 0 0 
0 0 0 0 0 0 0 0 0 0 0 0 0 0 0 0 0 0 0 0 0 0 0 3 20 0 0 5 0 0 72 33 0 3117237 3817134 3409939 0 0 0 2288285 0 0 1372 0 
0 0 0 0 0 0 0 0 0 0 0 0 0 0 0 0 0 0 0 0 0 0 0 3 0 20 20 0 0 72 0 0 33 10359038 0 0 0 0 0 0 2286402 1373 0 0 
0 0 0 0 0 0 0 0 0 0 0 0 0 0 0 0 0 0 0 0 0 0 0 3 20 0 0 5 0 0 72 33 0 3117237 3817134 3409939 0 0 0 2288285 0 0 1372 0 
0 0 0 0 0 0 0 0 0 0 0 0 0 0 0 0 0 0 0 0 0 0 0 3 0 20 20 0 0 72 0 0 33 10359038 0 0 0 0 0 0 2286402 1373 0 0 
0 0 0 0 0 0 0 0 0 0 0 0 0 0 0 0 0 0 0 0 0 0 0 3 20 0 0 5 0 0 72 33 0 3117237 3817134 3409939 0 0 0 2288285 0 0 1372 0 
0 0 0 0 0 0 0 0 0 0 0 0 0 0 0 0 0 0 0 0 0 0 0 3 0 20 20 0 0 72 0 0 33 10359038 0 0 0 0 0 0 2286402 1373 0 0 
0 0 0 0 0 0 0 0 0 0 0 0 0 0 0 0 0 0 0 0 0 0 0 3 20 0 0 5 0 0 72 33 0 3117237 3817134 3409939 0 0 0 2288285 0 0 1372 0 
0 0 0 0 0 0 0 0 0 0 0 0 0 0 0 0 0 0 0 0 0 0 0 3 0 20 20 0 0 72 0 0 33 10359038 0 0 0 0 0 0 2286402 1373 0 0 
0 0 0 0 0 0 0 0 0 0 0 0 0 0 0 0 0 0 0 0 0 0 0 3 20 0 0 5 0 0 72 33 0 3117237 3817134 3409939 0 0 0 2288285 0 0 1372 0 
0 0 0 0 0 0 0 0 0 0 0 0 0 0 0 0 0 0 0 0 0 0 0 3 0 20 20 0 0 72 0 0 33 10359038 0 0 0 0 0 0 2286402 1373 0 0 
0 0 0 0 0 0 0 0 0 0 0 0 0 0 0 0 0 0 0 0 0 0 0 3 20 0 0 5 0 0 72 33 0 3117237 3817134 3409939 0 0 0 2288285 0 0 1372 0 
0 0 0 0 0 0 0 0 0 0 0 0 0 0 0 0 0 0 0 0 0 0 0 3 0 20 20 0 0 72 0 0 33 10359038 0 0 0 0 0 0 2286402 1373 0 0 
0 0 0 0 0 0 0 0 0 0 0 0 0 0 0 0 0 0 0 0 0 0 0 3 20 0 0 5 0 0 72 33 0 3117237 3817134 3409939 0 0 0 2288285 0 0 1372 0 
0 0 0 0 0 0 0 0 0 0 0 0 0 0 0 0 0 0 0 0 0 0 0 3 0 20 20 0 0 72 0 0 33 10359038 0 0 0 0 0 0 2286402 1373 0 0 
0 0 0 0 0 0 0 0 0 0 0 0 0 0 0 0 0 0 0 0 0 0 0 3 20 0 0 5 0 0 72 33 0 3117237 3817134 3409939 0 0 0 2288285 0 0 1372 0 
0 0 0 0 0 0 0 0 0 0 0 0 0 0 0 0 0 0 0 0 0 0 0 3 0 20 20 0 0 72 0 0 33 10359038 0 0 0 0 0 0 2286402 1373 0 0 
0 0 0 0 0 0 0 0 0 0 0 0 0 0 0 0 0 0 0 0 0 0 0 3 20 0 0 5 0 0 72 33 0 3117237 3817134 3409939 0 0 0 2288285 0 0 1372 0 
0 0 0 0 0 0 0 0 0 0 0 0 0 0 0 0 0 0 0 0 0 0 0 3 0 20 20 0 0 72 0 0 33 10359038 0 0 0 0 0 0 2286402 1373 0 0 
0 0 0 0 0 0 0 0 0 0 0 0 0 0 0 0 0 0 0 0 0 0 0 3 20 0 0 5 0 0 72 33 0 3117237 3817134 3409939 0 0 0 2288285 0 0 1372 0 
0 0 0 0 0 0 0 0 0 0 0 0 0 0 0 0 0 0 0 0 0 0 0 3 0 20 20 0 0 72 0 0 33 10359038 0 0 0 0 0 0 2286402 1373 0 0 
0 0 0 0 0 0 0 0 0 0 0 0 0 0 0 0 0 0 0 0 0 0 0 3 20 0 0 5 0 0 72 33 0 3117237 3817134 3409939 0 0 0 2288285 0 0 1372 0 
0 0 0 0 0 0 0 0 0 0 0 0 0 0 0 0 0 0 0 0 0 0 0 3 0 20 20 0 0 72 0 0 33 10359038 0 0 0 0 0 0 2286402 1373 0 0 
0 0 0 0 0 0 0 0 0 0 0 0 0 0 0 0 0 0 0 0 0 0 0 3 20 0 0 5 0 0 72 33 0 3117237 3817134 3409939 0 0 0 2288285 0 0 1372 0 
0 0 0 0 0 0 0 0 0 0 0 0 0 0 0 0 0 0 0 0 0 0 0 3 0 20 20 0 0 72 0 0 33 10359038 0 0 0 0 0 0 2286402 1373 0 0 
0 0 0 0 0 0 0 0 0 0 0 0 0 0 0 0 0 0 0 0 0 0 0 3 20 0 0 5 0 0 72 33 0 3117237 3817134 3409939 0 0 0 2288285 0 0 1372 0 
0 0 0 0 0 0 0 0 0 0 0 0 0 0 0 0 0 0 0 0 0 0 0 3 0 20 20 0 0 72 0 0 33 10359038 0 0 0 0 0 0 2286402 1373 0 0 
0 0 0 0 0 0 0 0 0 0 0 0 0 0 0 0 0 0 0 0 0 0 0 3 20 0 0 5 0 0 72 33 0 3117237 3817134 3409939 0 0 0 2288285 0 0 1372 0 
0 0 0 0 0 0 0 0 0 0 0 0 0 0 0 0 0 0 0 0 0 0 0 3 0 20 20 0 0 72 0 0 33 10359038 0 0 0 0 0 0 2286402 1373 0 0 
0 0 0 0 0 0 0 0 0 0 0 0 0 0 0 0 0 0 0 0 0 0 0 3 20 0 0 5 0 0 72 33 0 3117237 3817134 3409939 0 0 0 2288285 0 0 1372 0 
0 0 0 0 0 0 0 0 0 0 0 0 0 0 0 0 0 0 0 0 0 0 0 3 0 20 20 0 0 72 0 0 33 10359038 0 0 0 0 0 0 2286402 1373 0 0 
0 0 0 0 0 0 0 0 0 0 0 0 0 0 0 0 0 0 0 0 0 0 0 3 20 0 0 5 0 0 72 33 0 3117237 3817134 3409939 0 0 0 2288285 0 0 1372 0 
0 0 0 0 0 0 0 0 0 0 0 0 0 0 0 0 0 0 0 0 0 0 0 3 0 20 20 0 0 72 0 0 33 10359038 0 0 0 0 0 0 2286402 1373 0 0 
0 0 0 0 0 0 0 0 0 0 0 0 0 0 0 0 0 0 0 0 0 0 0 3 20 0 0 5 0 0 72 33 0 3117237 3817134 3409939 0 0 0 2288285 0 0 1372 0 
0 0 0 0 0 0 0 0 0 0 0 0 0 0 0 0 0 0 0 0 0 0 0 3 0 20 20 0 0 72 0 0 33 10359038 0 0 0 0 0 0 2286402 1373 0 0 
0 0 0 0 0 0 0 0 0 0 0 0 0 0 0 0 0 0 0 0 0 0 0 3 20 0 0 5 0 0 72 33 0 3117237 3817134 3409939 0 0 0 2288285 0 0 1372 0 
0 0 0 0 0 0 0 0 0 0 0 0 0 0 0 0 0 0 0 0 0 0 0 3 0 20 20 0 0 72 0 0 33 10359038 0 0 0 0 0 0 2286402 1373 0 0 
0 0 0 0 0 0 0 0 0 0 0 0 0 0 0 0 0 0 0 0 0 0 0 3 20 0 0 5 0 0 72 33 0 3117237 3817134 3409939 0 0 0 2288285 0 0 1372 0 
0 0 0 0 0 0 0 0 0 0 0 0 0 0 0 0 0 0 0 0 0 0 0 3 0 20 20 0 0 72 0 0 33 10359038 0 0 0 0 0 0 2286402 1373 0 0 
0 0 0 0 0 0 0 0 0 0 0 0 0 0 0 0 0 0 0 0 0 0 0 3 20 0 0 5 0 0 72 33 0 3117237 3817134 3409939 0 0 0 2288285 0 0 1372 0 
0 0 0 0 0 0 0 0 0 0 0 0 0 0 0 0 0 0 0 0 0 0 0 3 0 20 20 0 0 72 0 0 33 10359038 0 0 0 0 0 0 2286402 1373 0 0 
0 0 0 0 0 0 0 0 0 0 0 0 0 0 0 0 0 0 0 0 0 0 0 3 20 0 0 5 0 0 72 33 0 3117237 3817134 3409939 0 0 0 2288285 0 0 1372 0 
0 0 0 0 0 0 0 0 0 0 0 0 0 0 0 0 0 0 0 0 0 0 0 3 0 20 20 0 0 72 0 0 33 10359038 0 0 0 0 0 0 2286402 1373 0 0 
0 0 0 0 0 0 0 0 0 0 0 0 0 0 0 0 0 0 0 0 0 0 0 3 20 0 0 5 0 0 72 33 0 3117237 3817134 3409939 0 0 0 2288285 0 0 1372 0 
0 0 0 0 0 0 0 0 0 0 0 0 0 0 0 0 0 0 0 0 0 0 0 3 0 20 20 0 0 72 0 0 33 10359038 0 0 0 0 0 0 2286402 1373 0 0 
0 0 0 0 0 0 0 0 0 0 0 0 0 0 0 0 0 0 0 0 0 0 0 3 20 0 0 5 0 0 72 33 0 3117237 3817134 3409939 0 0 0 2288285 0 0 1372 0 
0 0 0 0 0 0 0 0 0 0 0 0 0 0 0 0 0 0 0 0 0 0 0 3 0 20 20 0 0 72 0 0 33 10359038 0 0 0 0 0 0 2286402 1373 0 0 
0 0 0 0 0 0 0 0 0 0 0 0 0 0 0 0 0 0 0 0 0 0 0 3 20 0 0 5 0 0 72 33 0 3117237 3817134 3409939 0 0 0 2288285 0 0 1372 0 
0 0 0 0 0 0 0 0 0 0 0 0 0 0 0 0 0 0 0 0 0 0 0 3 0 20 20 0 0 72 0 0 33 10359038 0 0 0 0 0 0 2286402 1373 0 0 
0 0 0 0 0 0 0 0 0 0 0 0 0 0 0 0 0 0 0 0 0 0 0 3 20 0 0 5 0 0 72 33 0 3117237 3817134 3409939 0 0 0 2288285 0 0 1372 0 
0 0 0 0 0 0 0 0 0 0 0 0 0 0 0 0 0 0 0 0 0 0 0 3 0 20 20 0 0 72 0 0 33 10359038 0 0 0 0 0 0 2286402 1373 0 0 
0 0 0 0 0 0 0 0 0 0 0 0 0 0 0 0 0 0 0 0 0 0 0 3 20 0 0 5 0 0 72 33 0 3117237 3817134 3409939 0 0 0 2288285 0 0 1372 0 
0 0 0 0 0 0 0 0 0 0 0 0 0 0 0 0 0 0 0 0 0 0 0 3 0 20 20 0 0 72 0 0 33 10359038 0 0 0 0 0 0 2286402 1373 0 0 
0 0 0 0 0 0 0 0 0 0 0 0 0 0 0 0 0 0 0 0 0 0 0 3 20 0 0 5 0 0 72 33 0 3117237 3817134 3409939 0 0 0 2288285 0 0 1372 0 
0 0 0 0 0 0 0 0 0 0 0 0 0 0 0 0 0 0 0 0 0 0 0 3 0 20 20 0 0 72 0 0 33 10359038 0 0 0 0 0 0 2286402 1373 0 0 
0 0 0 0 0 0 0 0 0 0 0 0 0 0 0 0 0 0 0 0 0 0 0 3 20 0 0 5 0 0 72 33 0 3117237 3817134 3409939 0 0 0 2288285 0 0 1372 0 
0 0 0 0 0 0 0 0 0 0 0 0 0 0 0 0 0 0 0 0 0 0 0 3 0 20 20 0 0 72 0 0 33 10359038 0 0 0 0 0 0 2286402 1373 0 0 
0 0 0 0 0 0 0 0 0 0 0 0 0 0 0 0 0 0 0 0 0 0 0 3 20 0 0 5 0 0 72 33 0 3117237 3817134 3409939 0 0 0 2288285 0 0 1372 0 
0 0 0 0 0 0 0 0 0 0 0 0 0 0 0 0 0 0 0 0 0 0 0 3 0 20 20 0 0 72 0 0 33 10359038 0 0 0 0 0 0 2286402 1373 0 0 
0 0 0 0 0 0 0 0 0 0 0 0 0 0 0 0 0 0 0 0 0 0 0 3 20 0 0 5 0 0 72 33 0 3117237 3817134 3409939 0 0 0 2288285 0 0 1372 0 
0 0 0 0 0 0 0 0 0 0 0 0 0 0 0 0 0 0 0 0 0 0 0 3 0 20 20 0 0 72 0 0 33 10359038 0 0 0 0 0 0 2286402 1373 0 0 
0 0 0 0 0 0 0 0 0 0 0 0 0 0 0 0 0 0 0 0 0 0 0 3 20 0 0 5 0 0 72 33 0 3117237 3817134 3409939 0 0 0 2288285 0 0 1372 0 
0 0 0 0 0 0 0 0 0 0 0 0 0 0 0 0 0 0 0 0 0 0 0 3 0 20 20 0 0 72 0 0 33 10359038 0 0 0 0 0 0 2286402 1373 0 0 
0 0 0 0 0 0 0 0 0 0 0 0 0 0 0 0 0 0 0 0 0 0 0 3 20 0 0 5 0 0 72 33 0 3117237 3817134 3409939 0 0 0 2288285 0 0 1372 0 
0 0 0 0 0 0 0 0 0 0 0 0 0 0 0 0 0 0 0 0 0 0 0 3 0 20 20 0 0 72 0 0 33 10359038 0 0 0 0 0 0 2286402 1373 0 0 
0 0 0 0 0 0 0 0 0 0 0 0 0 0 0 0 0 0 0 0 0 0 0 3 20 0 0 5 0 0 72 33 0 3117237 3817134 3409939 0 0 0 2288285 0 0 1372 0 
0 0 0 0 0 0 0 0 0 0 0 0 0 0 0 0 0 0 0 0 0 0 0 3 0 20 20 0 0 72 0 0 33 10359038 0 0 0 0 0 0 2286402 1373 0 0 
0 0 0 0 0 0 0 0 0 0 0 0 0 0 0 0 0 0 0 0 0 0 0 3 20 0 0 5 0 0 72 33 0 3117237 3817134 3409939 0 0 0 2288285 0 0 1372 0 
0 0 0 0 0 0 0 0 0 0 0 0 0 0 0 0 0 0 0 0 0 0 0 3 0 20 20 0 0 72 0 0 33 10359038 0 0 0 0 0 0 2286402 1373 0 0 
0 0 0 0 0 0 0 0 0 0 0 0 0 0 0 0 0 0 0 0 0 0 0 3 20 0 0 5 0 0 72 33 0 3117237 3817134 3409939 0 0 0 2288285 0 0 1372 0 
0 0 0 0 0 0 0 0 0 0 0 0 0 0 0 0 0 0 0 0 0 0 0 3 0 20 20 0 0 72 0 0 33 10359038 0 0 0 0 0 0 2286402 1373 0 0 
0 0 0 0 0 0 0 0 0 0 0 0 0 0 0 0 0 0 0 0 0 0 0 3 20 0 0 5 0 0 72 33 0 3117237 3817134 3409939 0 0 0 2288285 0 0 1372 0 
0 0 0 0 0 0 0 0 0 0 0 0 0 0 0 0 0 0 0 0 0 0 0 3 0 20 20 0 0 72 0 0 33 10359038 0 0 0 0 0 0 2286402 1373 0 0 
0 0 0 0 0 0 0 0 0 0 0 0 0 0 0 0 0 0 0 0 0 0 0 3 20 0 0 5 0 0 72 33 0 3117237 3817134 3409939 0 0 0 2288285 0 0 1372 0 
0 0 0 0 0 0 0 0 0 0 0 0 0 0 0 0 0 0 0 0 0 0 0 3 0 20 20 0 0 72 0 0 33 10359038 0 0 0 0 0 0 2286402 1373 0 0 
0 0 0 0 0 0 0 0 0 0 0 0 0 0 0 0 0 0 0 0 0 0 0 3 20 0 0 5 0 0 72 33 0 3117237 3817134 3409939 0 0 0 2288285 0 0 1372 0 
0 0 0 0 0 0 0 0 0 0 0 0 0 0 0 0 0 0 0 0 0 0 0 3 0 20 20 0 0 72 0 0 33 10359038 0 0 0 0 0 0 2286402 1373 0 0 
0 0 0 0 0 0 0 0 0 0 0 0 0 0 0 0 0 0 0 0 0 0 0 3 20 0 0 5 0 0 72 33 0 3117237 3817134 3409939 0 0 0 2288285 0 0 1372 0 
0 0 0 0 0 0 0 0 0 0 0 0 0 0 0 0 0 0 0 0 0 0 0 3 0 20 20 0 0 72 0 0 33 10359038 0 0 0 0 0 0 2286402 1373 0 0 
0 0 0 0 0 0 0 0 0 0 0 0 0 0 0 0 0 0 0 0 0 0 0 3 20 0 0 5 0 0 72 33 0 3117237 3817134 3409939 0 0 0 2288285 0 0 1372 0 
0 0 0 0 0 0 0 0 0 0 0 0 0 0 0 0 0 0 0 0 0 0 0 3 0 20 20 0 0 72 0 0 33 10359038 0 0 0 0 0 0 2286402 1373 0 0 
0 0 0 0 0 0 0 0 0 0 0 0 0 0 0 0 0 0 0 0 0 0 0 3 20 0 0 5 0 0 72 33 0 3117237 3817134 3409939 0 0 0 2288285 0 0 1372 0 
0 0 0 0 0 0 0 0 0 0 0 0 0 0 0 0 0 0 0 0 0 0 0 3 0 20 20 0 0 72 0 0 33 10359038 0 0 0 0 0 0 2286402 1373 0 0 
0 0 0 0 0 0 0 0 0 0 0 0 0 0 0 0 0 0 0 0 0 0 0 3 20 0 0 5 0 0 72 33 0 3117237 3817134 3409939 0 0 0 2288285 0 0 1372 0 
0 0 0 0 0 0 0 0 0 0 0 0 0 0 0 0 0 0 0 0 0 0 0 3 0 20 20 0 0 72 0 0 33 10359038 0 0 0 0 0 0 2286402 1373 0 0 
0 0 0 0 0 0 0 0 0 0 0 0 0 0 0 0 0 0 0 0 0 0 0 3 20 0 0 5 0 0 72 33 0 3117237 3817134 3409939 0 0 0 2288285 0 0 1372 0 
0 0 0 0 0 0 0 0 0 0 0 0 0 0 0 0 0 0 0 0 0 0 0 3 0 20 20 0 0 72 0 0 33 10359038 0 0 0 0 0 0 2286402 1373 0 0 
0 0 0 0 0 0 0 0 0 0 0 0 0 0 0 0 0 0 0 0 0 0 0 3 20 0 0 5 0 0 72 33 0 3117237 3817134 3409939 0 0 0 2288285 0 0 1372 0 
0 0 0 0 0 0 0 0 0 0 0 0 0 0 0 0 0 0 0 0 0 0 0 3 0 20 20 0 0 72 0 0 33 10359038 0 0 0 0 0 0 2286402 1373 0 0 
0 0 0 0 0 0 0 0 0 0 0 0 0 0 0 0 0 0 0 0 0 0 0 3 20 0 0 5 0 0 72 33 0 3117237 3817134 3409939 0 0 0 2288285 0 0 1372 0 
0 0 0 0 0 0 0 0 0 0 0 0 0 0 0 0 0 0 0 0 0 0 0 3 0 20 24 0 0 90 0 0 33 10415343 0 0 0 0 0 0 2286413 1393 0 0 
0 0 0 0 0 0 0 0 0 0 0 0 0 0 0 0 0 0 0 0 0 0 0 3 24 0 0 5 0 0 90 33 0 3117248 3859438 3423962 0 0 0 2288296 0 0 1392 0 
0 0 0 0 0 0 0 0 0 0 0 0 0 0 0 0 0 0 0 0 0 0 0 3 0 20 24 0 0 90 0 0 33 10555480 0 0 0 0 0 0 2286414 1393 0 0 
0 0 0 0 0 0 0 0 0 0 0 0 0 0 0 0 0 0 0 0 0 0 0 3 24 0 0 5 0 0 90 33 0 3117248 3999054 3424527 0 0 0 2288297 0 0 1392 0 
0 0 0 0 0 0 0 0 0 0 0 0 0 0 0 0 0 0 0 0 0 0 0 3 0 20 24 0 0 90 0 0 33 10694749 0 0 0 0 0 0 2286414 1393 0 0 
0 0 0 0 0 0 0 0 0 0 0 0 0 0 0 0 0 0 0 0 0 0 0 3 24 0 0 5 0 0 90 33 0 3117248 4138240 3424634 0 0 0 2288297 0 0 1392 0 
0 0 0 0 0 0 0 0 0 0 0 0 0 0 0 0 0 0 0 0 0 0 0 3 0 20 24 0 0 90 0 0 33 10810818 0 0 0 0 0 0 2286414 1393 0 0 
0 0 0 0 0 0 0 0 0 0 0 0 0 0 0 0 0 0 0 0 0 0 0 3 24 0 0 5 0 0 90 33 0 3117248 4254293 3424656 0 0 0 2288297 0 0 1392 0 
0 0 0 0 0 0 0 0 0 0 0 0 0 0 0 0 0 0 0 0 0 0 0 3 0 20 24 0 0 90 0 0 33 10926020 0 0 0 0 0 0 2286414 1393 0 0 
0 0 0 0 0 0 0 0 0 0 0 0 0 0 0 0 0 0 0 0 0 0 0 3 24 0 0 5 0 0 90 33 0 3117248 4369485 3424679 0 0 0 2288297 0 0 1392 0 
0 0 0 0 0 0 0 0 0 0 0 0 0 0 0 0 0 0 0 0 0 0 0 3 0 20 24 0 0 90 0 0 33 11009925 0 0 0 0 0 0 2286414 1393 0 0 
0 0 0 0 0 0 0 0 0 0 0 0 0 0 0 0 0 0 0 0 0 0 0 3 24 0 0 5 0 0 90 33 0 3117248 4453393 3424682 0 0 0 2288297 0 0 1392 0 
0 0 0 0 0 0 0 0 0 0 0 0 0 0 0 0 0 0 0 0 0 0 0 3 0 20 24 0 0 90 0 0 33 11074221 0 0 0 0 0 0 2286414 1397 0 0 
0 0 0 0 0 0 0 0 0 0 0 0 0 0 0 0 0 0 0 0 0 0 0 3 24 0 0 5 0 0 90 33 0 3117249 4517686 3424684 0 0 0 2288297 0 0 1392 0 
0 0 0 0 0 0 0 0 0 0 0 0 0 0 0 0 0 0 0 0 0 0 0 3 0 20 24 0 0 90 0 0 33 11074221 0 0 0 0 0 0 2286416 1397 0 0 
0 0 0 0 0 0 0 0 0 0 0 0 0 0 0 0 0 0 0 0 0 0 0 3 24 0 0 5 0 0 90 33 0 3117249 4517686 3424684 0 0 0 2288299 0 0 1392 0 
0 0 0 0 0 0 0 0 0 0 0 0 0 0 0 0 0 0 0 0 0 0 0 3 0 20 24 0 0 91 0 0 33 11089483 0 0 0 0 0 0 2373409 1405 0 0 
0 0 0 0 0 0 0 0 0 0 0 0 0 0 0 0 0 0 0 0 0 0 0 3 24 0 0 5 0 0 91 33 0 3117260 4517862 3439739 0 0 0 2375314 0 0 1400 0 
0 0 0 0 0 0 0 0 0 0 0 0 0 0 0 0 0 0 0 0 0 0 0 3 0 20 24 0 0 92 0 0 33 11154504 0 0 0 0 0 0 2417096 1430 0 0 
0 0 0 0 0 0 0 0 0 0 0 0 0 0 0 0 0 0 0 0 0 0 0 3 24 0 0 5 0 0 92 33 0 3133863 4564499 3441616 0 0 0 2419002 0 0 1429 0 
0 0 0 0 0 0 0 0 0 0 0 0 0 0 0 0 0 0 0 0 0 0 0 3 0 20 24 0 0 92 0 0 33 11228957 0 0 0 0 0 0 2417103 1434 0 0 
0 0 0 0 0 0 0 0 0 0 0 0 0 0 0 0 0 0 0 0 0 0 0 3 24 0 0 5 0 0 92 33 0 3133865 4638949 3441619 0 0 0 2419009 0 0 1433 0 
0 0 0 0 0 0 0 0 0 0 0 0 0 0 0 0 0 0 0 0 0 0 0 3 0 20 24 0 0 92 0 0 33 11260507 0 0 0 0 0 0 2538144 1466 0 0 
0 0 0 0 0 0 0 0 0 0 0 0 0 0 0 0 0 0 0 0 0 0 0 3 24 0 0 5 0 0 92 33 0 3140159 4647599 3458215 0 0 0 2540071 0 0 1465 0 
0 0 0 0 0 0 0 0 0 0 0 0 0 0 0 0 0 0 0 0 0 0 0 3 0 20 24 0 0 92 0 0 33 11349733 0 0 0 0 0 0 2538146 1466 0 0 
0 0 0 0 0 0 0 0 0 0 0 0 0 0 0 0 0 0 0 0 0 0 0 3 24 0 0 5 0 0 92 33 0 3150453 4726537 3458215 0 0 0 2540073 0 0 1465 0 
0 0 0 0 0 0 0 0 0 0 0 0 0 0 0 0 0 0 0 0 0 0 0 3 0 20 24 0 0 92 0 0 33 11397502 0 0 0 0 0 0 2617869 1478 0 0 
0 0 0 0 0 0 0 0 0 0 0 0 0 0 0 0 0 0 0 0 0 0 0 3 24 0 0 5 0 0 92 33 0 3150465 4759583 3472900 0 0 0 2619819 0 0 1473 0 
0 0 0 0 0 0 0 0 0 0 0 0 0 0 0 0 0 0 0 0 0 0 0 3 0 20 24 0 0 92 0 0 33 11462238 0 0 0 0 0 0 2658731 1501 0 0 
0 0 0 0 0 0 0 0 0 0 0 0 0 0 0 0 0 0 0 0 0 0 0 3 24 0 0 5 0 0 92 33 0 3167047 4805861 3474777 0 0 0 2660680 0 0 1500 0 
0 0 0 0 0 0 0 0 0 0 0 0 0 0 0 0 0 0 0 0 0 0 0 3 0 20 24 0 0 92 0 0 33 11534707 0 0 0 0 0 0 2658734 1501 0 0 
0 0 0 0 0 0 0 0 0 0 0 0 0 0 0 0 0 0 0 0 0 0 0 3 24 0 0 5 0 0 92 33 0 3167047 4878330 3474777 0 0 0 2660683 0 0 1500 0 
0 0 0 0 0 0 0 0 0 0 0 0 0 0 0 0 0 0 0 0 0 0 0 3 0 20 24 0 0 92 0 0 33 11560723 0 0 0 0 0 0 2779296 1537 0 0 
0 0 0 0 0 0 0 0 0 0 0 0 0 0 0 0 0 0 0 0 0 0 0 3 24 0 0 5 0 0 92 33 0 3171080 4883714 3491353 0 0 0 2781261 0 0 1536 0 
0 0 0 0 0 0 0 0 0 0 0 0 0 0 0 0 0 0 0 0 0 0 0 3 0 20 24 0 0 92 0 0 33 11646942 0 0 0 0 0 0 2779296 1537 0 0 
0 0 0 0 0 0 0 0 0 0 0 0 0 0 0 0 0 0 0 0 0 0 0 3 24 0 0 5 0 0 92 33 0 3183640 4956842 3491892 0 0 0 2781261 0 0 1536 0 
0 0 0 0 0 0 0 0 0 0 0 0 0 0 0 0 0 0 0 0 0 0 0 3 0 20 24 0 0 92 0 0 33 11705646 0 0 0 0 0 0 2825733 1549 0 0 
0 0 0 0 0 0 0 0 0 0 0 0 0 0 0 0 0 0 0 0 0 0 0 3 24 0 0 5 0 0 92 33 0 3183651 5000798 3506616 0 0 0 2827716 0 0 1544 0 
0 0 0 0 0 0 0 0 0 0 0 0 0 0 0 0 0 0 0 0 0 0 0 3 0 20 24 0 0 92 0 0 33 11752464 0 0 0 0 0 0 2899867 1572 0 0 
0 0 0 0 0 0 0 0 0 0 0 0 0 0 0 0 0 0 0 0 0 0 0 3 24 0 0 5 0 0 92 33 0 3197507 5031855 3508522 0 0 0 2901846 0 0 1571 0 
0 0 0 0 0 0 0 0 0 0 0 0 0 0 0 0 0 0 0 0 0 0 0 3 0 20 24 0 0 92 0 0 33 11830552 0 0 0 0 0 0 2899869 1572 0 0 
0 0 0 0 0 0 0 0 0 0 0 0 0 0 0 0 0 0 0 0 0 0 0 3 24 0 0 5 0 0 92 33 0 3200234 5106722 3509021 0 0 0 2901848 0 0 1571 0 
0 0 0 0 0 0 0 0 0 0 0 0 0 0 0 0 0 0 0 0 0 0 0 3 0 20 24 0 0 92 0 0 33 11860000 0 0 0 0 0 0 3004380 1584 0 0 
0 0 0 0 0 0 0 0 0 0 0 0 0 0 0 0 0 0 0 0 0 0 0 3 24 0 0 5 0 0 92 33 0 3200245 5121408 3523763 0 0 0 3006380 0 0 1579 0 
0 0 0 0 0 0 0 0 0 0 0 0 0 0 0 0 0 0 0 0 0 0 0 3 0 20 24 0 0 92 0 0 33 11936171 0 0 0 0 0 0 3020429 1606 0 0 
0 0 0 0 0 0 0 0 0 0 0 0 0 0 0 0 0 0 0 0 0 0 0 3 24 0 0 5 0 0 92 33 0 3216822 5178415 3526357 0 0 0 3022427 0 0 1605 0 
0 0 0 0 0 0 0 0 0 0 0 0 0 0 0 0 0 0 0 0 0 0 0 3 0 20 24 0 0 92 0 0 33 12001012 0 0 0 0 0 0 3023637 1614 0 0 
0 0 0 0 0 0 0 0 0 0 0 0 0 0 0 0 0 0 0 0 0 0 0 3 24 0 0 5 0 0 92 33 0 3216830 5242015 3527586 0 0 0 3025640 0 0 1613 0 
0 0 0 0 0 0 0 0 0 0 0 0 0 0 0 0 0 0 0 0 0 0 0 3 0 20 24 0 0 92 0 0 33 12036748 0 0 0 0 0 0 3140988 1638 0 0 
0 0 0 0 0 0 0 0 0 0 0 0 0 0 0 0 0 0 0 0 0 0 0 3 24 0 0 5 0 0 92 33 0 3224213 5254755 3543185 0 0 0 3143008 0 0 1637 0 
0 0 0 0 0 0 0 0 0 0 0 0 0 0 0 0 0 0 0 0 0 0 0 3 0 20 24 0 0 92 0 0 33 12121196 0 0 0 0 0 0 3140990 1638 0 0 
0 0 0 0 0 0 0 0 0 0 0 0 0 0 0 0 0 0 0 0 0 0 0 3 24 0 0 5 0 0 92 33 0 3233413 5329010 3544180 0 0 0 3143010 0 0 1637 0 
0 0 0 0 0 0 0 0 0 0 0 0 0 0 0 0 0 0 0 0 0 0 0 3 0 20 24 0 0 92 0 0 33 12169540 0 0 0 0 0 0 3204542 1650 0 0 
0 0 0 0 0 0 0 0 0 0 0 0 0 0 0 0 0 0 0 0 0 0 0 3 24 0 0 5 0 0 92 33 0 3233424 5362626 3558891 0 0 0 3206568 0 0 1645 0 
0 0 0 0 0 0 0 0 0 0 0 0 0 0 0 0 0 0 0 0 0 0 0 3 0 20 24 0 0 92 0 0 33 12225485 0 0 0 0 0 0 3261569 1673 0 0 
0 0 0 0 0 0 0 0 0 0 0 0 0 0 0 0 0 0 0 0 0 0 0 3 24 0 0 5 0 0 92 33 0 3250001 5399545 3561343 0 0 0 3263594 0 0 1672 0 
0 0 0 0 0 0 0 0 0 0 0 0 0 0 0 0 0 0 0 0 0 0 0 3 0 20 24 0 0 92 0 0 33 12297179 0 0 0 0 0 0 3261571 1673 0 0 
0 0 0 0 0 0 0 0 0 0 0 0 0 0 0 0 0 0 0 0 0 0 0 3 24 0 0 5 0 0 92 33 0 3250001 5470824 3561759 0 0 0 3263596 0 0 1672 0 
0 0 0 0 0 0 0 0 0 0 0 0 0 0 0 0 0 0 0 0 0 0 0 3 0 20 24 0 0 92 0 0 33 12325059 0 0 0 0 0 0 3369372 1709 0 0 
0 0 0 0 0 0 0 0 0 0 0 0 0 0 0 0 0 0 0 0 0 0 0 3 24 0 0 5 0 0 92 33 0 3250024 5483242 3577174 0 0 0 3371434 0 0 1708 0 
0 0 0 0 0 0 0 0 0 0 0 0 0 0 0 0 0 0 0 0 0 0 0 3 0 20 24 0 0 92 0 0 33 12403375 0 0 0 0 0 0 3382120 1709 0 0 
0 0 0 0 0 0 0 0 0 0 0 0 0 0 0 0 0 0 0 0 0 0 0 3 24 0 0 5 0 0 92 33 0 3266594 5542999 3579171 0 0 0 3384180 0 0 1708 0 
0 0 0 0 0 0 0 0 0 0 0 0 0 0 0 0 0 0 0 0 0 0 0 3 0 20 24 0 0 92 0 0 33 12466585 0 0 0 0 0 0 3388757 1717 0 0 
0 0 0 0 0 0 0 0 0 0 0 0 0 0 0 0 0 0 0 0 0 0 0 3 24 0 0 5 0 0 92 33 0 3266600 5603839 3581530 0 0 0 3390829 0 0 1716 0 
0 0 0 0 0 0 0 0 0 0 0 0 0 0 0 0 0 0 0 0 0 0 0 3 0 20 24 0 0 92 0 0 33 12501113 0 0 0 0 0 0 3502680 1743 0 0 
0 0 0 0 0 0 0 0 0 0 0 0 0 0 0 0 0 0 0 0 0 0 0 3 24 0 0 5 0 0 92 33 0 3274204 5616281 3595993 0 0 0 3504765 0 0 1742 0 
0 0 0 0 0 0 0 0 0 0 0 0 0 0 0 0 0 0 0 0 0 0 0 3 0 20 24 0 0 92 0 0 33 12583967 0 0 0 0 0 0 3502682 1743 0 0 
0 0 0 0 0 0 0 0 0 0 0 0 0 0 0 0 0 0 0 0 0 0 0 3 24 0 0 5 0 0 92 33 0 3283189 5689366 3596781 0 0 0 3504767 0 0 1742 0 
0 0 0 0 0 0 0 0 0 0 0 0 0 0 0 0 0 0 0 0 0 0 0 3 0 20 24 0 0 92 0 0 33 12633773 0 0 0 0 0 0 3563051 1755 0 0 
0 0 0 0 0 0 0 0 0 0 0 0 0 0 0 0 0 0 0 0 0 0 0 3 24 0 0 5 0 0 92 33 0 3283200 5724447 3611476 0 0 0 3565151 0 0 1750 0 
0 0 0 0 0 0 0 0 0 0 0 0 0 0 0 0 0 0 0 0 0 0 0 3 0 20 24 0 0 92 0 0 33 12686468 0 0 0 0 0 0 3623250 1774 0 0 
0 0 0 0 0 0 0 0 0 0 0 0 0 0 0 0 0 0 0 0 0 0 0 3 24 0 0 5 0 0 92 33 0 3299780 5758294 3613748 0 0 0 3625349 0 0 1773 0 
0 0 0 0 0 0 0 0 0 0 0 0 0 0 0 0 0 0 0 0 0 0 0 3 0 20 24 0 0 92 0 0 33 12760857 0 0 0 0 0 0 3623252 1774 0 0 
0 0 0 0 0 0 0 0 0 0 0 0 0 0 0 0 0 0 0 0 0 0 0 3 24 0 0 5 0 0 92 33 0 3299780 5832151 3614283 0 0 0 3625351 0 0 1773 0 
0 0 0 0 0 0 0 0 0 0 0 0 0 0 0 0 0 0 0 0 0 0 0 3 0 20 24 0 0 92 0 0 33 12790436 0 0 0 0 0 0 3734130 1810 0 0 
0 0 0 0 0 0 0 0 0 0 0 0 0 0 0 0 0 0 0 0 0 0 0 3 24 0 0 5 0 0 92 33 0 3299804 5845066 3630904 0 0 0 3736246 0 0 1809 0 
0 0 0 0 0 0 0 0 0 0 0 0 0 0 0 0 0 0 0 0 0 0 0 3 0 20 24 0 0 92 0 0 33 12871441 0 0 0 0 0 0 3743815 1810 0 0 
0 0 0 0 0 0 0 0 0 0 0 0 0 0 0 0 0 0 0 0 0 0 0 3 24 0 0 5 0 0 92 33 0 3316372 5908698 3631718 0 0 0 3745930 0 0 1809 0 
0 0 0 0 0 0 0 0 0 0 0 0 0 0 0 0 0 0 0 0 0 0 0 3 0 20 24 0 0 92 0 0 33 12943295 0 0 0 0 0 0 3791438 1822 0 0 
0 0 0 0 0 0 0 0 0 0 0 0 0 0 0 0 0 0 0 0 0 0 0 3 24 0 0 5 0 0 92 33 0 3316383 5965661 3646581 0 0 0 3793571 0 0 1817 0 
0 0 0 0 0 0 0 0 0 0 0 0 0 0 0 0 0 0 0 0 0 0 0 3 0 20 24 0 0 92 0 0 33 12991634 0 0 0 0 0 0 3864385 1845 0 0 
0 0 0 0 0 0 0 0 0 0 0 0 0 0 0 0 0 0 0 0 0 0 0 3 24 0 0 5 0 0 92 33 0 3332313 5995699 3648955 0 0 0 3866513 0 0 1844 0 
0 0 0 0 0 0 0 0 0 0 0 0 0 0 0 0 0 0 0 0 0 0 0 3 0 20 24 0 0 92 0 0 33 13066063 0 0 0 0 0 0 3864387 1845 0 0 
0 0 0 0 0 0 0 0 0 0 0 0 0 0 0 0 0 0 0 0 0 0 0 3 24 0 0 5 0 0 92 33 0 3332964 6068796 3649637 0 0 0 3866515 0 0 1844 0 
0 0 0 0 0 0 0 0 0 0 0 0 0 0 0 0 0 0 0 0 0 0 0 3 0 20 24 0 0 92 0 0 33 13098267 0 0 0 0 0 0 3963562 1857 0 0 
0 0 0 0 0 0 0 0 0 0 0 0 0 0 0 0 0 0 0 0 0 0 0 3 24 0 0 5 0 0 92 33 0 3332976 6086272 3664336 0 0 0 3965713 0 0 1852 0 
0 0 0 0 0 0 0 0 0 0 0 0 0 0 0 0 0 0 0 0 0 0 0 3 0 20 24 0 0 92 0 0 33 13168855 0 0 0 0 0 0 3984961 1880 0 0 
0 0 0 0 0 0 0 0 0 0 0 0 0 0 0 0 0 0 0 0 0 0 0 3 24 0 0 5 0 0 92 33 0 3349558 6137697 3666917 0 0 0 3987113 0 0 1879 0 
0 0 0 0 0 0 0 0 0 0 0 0 0 0 0 0 0 0 0 0 0 0 0 3 0 20 24 0 0 92 0 0 33 13237986 0 0 0 0 0 0 3984964 1880 0 0 
0 0 0 0 0 0 0 0 0 0 0 0 0 0 0 0 0 0 0 0 0 0 0 3 24 0 0 5 0 0 92 33 0 3349558 6206551 3667195 0 0 0 3987116 0 0 1879 0 
0 0 0 0 0 0 0 0 0 0 0 0 0 0 0 0 0 0 0 0 0 0 0 3 0 20 24 0 0 92 0 0 33 13268634 0 0 0 0 0 0 4105521 1916 0 0 
0 0 0 0 0 0 0 0 0 0 0 0 0 0 0 0 0 0 0 0 0 0 0 3 24 0 0 5 0 0 92 33 0 3355634 6214481 3683826 0 0 0 4107695 0 0 1915 0 
0 0 0 0 0 0 0 0 0 0 0 0 0 0 0 0 0 0 0 0 0 0 0 3 0 20 24 0 0 92 0 0 33 13353951 0 0 0 0 0 0 4105523 1916 0 0 
0 0 0 0 0 0 0 0 0 0 0 0 0 0 0 0 0 0 0 0 0 0 0 3 24 0 0 5 0 0 92 33 0 3366151 6288318 3684794 0 0 0 4107697 0 0 1915 0 
0 0 0 0 0 0 0 0 0 0 0 0 0 0 0 0 0 0 0 0 0 0 0 3 0 20 24 0 0 92 0 0 33 13407844 0 0 0 0 0 0 4155543 1928 0 0 
0 0 0 0 0 0 0 0 0 0 0 0 0 0 0 0 0 0 0 0 0 0 0 3 24 0 0 5 0 0 92 33 0 3366163 6327491 3699477 0 0 0 4157755 0 0 1923 0 
0 0 0 0 0 0 0 0 0 0 0 0 0 0 0 0 0 0 0 0 0 0 0 3 0 20 24 0 0 92 0 0 33 13456643 0 0 0 0 0 0 4226076 1948 0 0 
0 0 0 0 0 0 0 0 0 0 0 0 0 0 0 0 0 0 0 0 0 0 0 3 24 0 0 5 0 0 92 33 0 3382200 6357910 3701825 0 0 0 4228291 0 0 1947 0 
0 0 0 0 0 0 0 0 0 0 0 0 0 0 0 0 0 0 0 0 0 0 0 3 0 20 24 0 0 92 0 0 33 13530852 0 0 0 0 0 0 4226078 1948 0 0 
0 0 0 0 0 0 0 0 0 0 0 0 0 0 0 0 0 0 0 0 0 0 0 3 24 0 0 5 0 0 92 33 0 3382743 6431182 3702222 0 0 0 4228293 0 0 1947 0 
0 0 0 0 0 0 0 0 0 0 0 0 0 0 0 0 0 0 0 0 0 0 0 3 0 20 24 0 0 92 0 0 33 13562494 0 0 0 0 0 0 4327873 1960 0 0 
0 0 0 0 0 0 0 0 0 0 0 0 0 0 0 0 0 0 0 0 0 0 0 3 24 0 0 5 0 0 92 33 0 3382754 6448101 3716918 0 0 0 4330122 0 0 1955 0 
0 0 0 0 0 0 0 0 0 0 0 0 0 0 0 0 0 0 0 0 0 0 0 3 0 20 24 0 0 92 0 0 33 13635456 0 0 0 0 0 0 4346630 1983 0 0 
0 0 0 0 0 0 0 0 0 0 0 0 0 0 0 0 0 0 0 0 0 0 0 3 24 0 0 5 0 0 92 33 0 3399338 6501824 3719575 0 0 0 4348878 0 0 1982 0 
0 0 0 0 0 0 0 0 0 0 0 0 0 0 0 0 0 0 0 0 0 0 0 3 0 20 24 0 0 92 0 0 33 13702525 0 0 0 0 0 0 4346638 1991 0 0 
0 0 0 0 0 0 0 0 0 0 0 0 0 0 0 0 0 0 0 0 0 0 0 3 24 0 0 5 0 0 92 33 0 3399344 6568706 3719756 0 0 0 4348886 0 0 1986 0 
0 0 0 0 0 0 0 0 0 0 0 0 0 0 0 0 0 0 0 0 0 0 0 3 0 20 24 0 0 92 0 0 33 13734604 0 0 0 0 0 0 4467189 2020 0 0 
0 0 0 0 0 0 0 0 0 0 0 0 0 0 0 0 0 0 0 0 0 0 0 3 24 0 0 5 0 0 92 33 0 3405966 6577470 3736447 0 0 0 4469466 0 0 2019 0 
0 0 0 0 0 0 0 0 0 0 0 0 0 0 0 0 0 0 0 0 0 0 0 3 0 20 24 0 0 92 0 0 33 13820045 0 0 0 0 0 0 4467191 2020 0 0 
0 0 0 0 0 0 0 0 0 0 0 0 0 0 0 0 0 0 0 0 0 0 0 3 24 0 0 5 0 0 92 33 0 3415931 6652835 3736563 0 0 0 4469468 0 0 2019 0 
0 0 0 0 0 0 0 0 0 0 0 0 0 0 0 0 0 0 0 0 0 0 0 3 0 20 24 0 0 92 0 0 33 13871246 0 0 0 0 0 0 4533734 2032 0 0 
0 0 0 0 0 0 0 0 0 0 0 0 0 0 0 0 0 0 0 0 0 0 0 3 24 0 0 5 0 0 92 33 0 3415942 6689313 3751257 0 0 0 4536031 0 0 2027 0 
0 0 0 0 0 0 0 0 0 0 0 0 0 0 0 0 0 0 0 0 0 0 0 3 0 20 24 0 0 92 0 0 33 13925884 0 0 0 0 0 0 4587755 2052 0 0 
0 0 0 0 0 0 0 0 0 0 0 0 0 0 0 0 0 0 0 0 0 0 0 3 24 0 0 5 0 0 92 33 0 3432518 6724864 3753777 0 0 0 4590051 0 0 2051 0 
0 0 0 0 0 0 0 0 0 0 0 0 0 0 0 0 0 0 0 0 0 0 0 3 0 20 24 0 0 92 0 0 33 13998764 0 0 0 0 0 0 4587757 2052 0 0 
0 0 0 0 0 0 0 0 0 0 0 0 0 0 0 0 0 0 0 0 0 0 0 3 24 0 0 5 0 0 92 33 0 3432518 6797361 3754161 0 0 0 4590053 0 0 2051 0 
0 0 0 0 0 0 0 0 0 0 0 0 0 0 0 0 0 0 0 0 0 0 0 3 0 24 24 0 0 92 0 0 33 14026073 0 0 0 0 0 0 4693796 2076 0 0 
0 0 0 0 0 0 0 0 0 0 0 0 0 0 0 0 0 0 0 0 0 0 0 3 24 0 0 6 0 0 92 33 0 3432543 6809927 3768876 0 0 0 4696119 0 0 2075 0 
<====
0 0 0 0 0 0 0 0 0 0 0 0 0 0 0 0 0 0 0 0 0 0 0 3 0 24 24 0 0 92 0 0 33 14026073 0 0 0 0 0 0 4693796 2076 0 0 
0 0 0 0 0 0 0 0 0 0 0 0 0 0 0 0 0 0 0 0 0 0 0 3 24 0 0 6 0 0 92 33 0 3432543 6809927 3768876 0 0 0 4696119 0 0 2075 0 
0 0 0 0 0 0 0 0 0 0 0 0 0 0 0 0 0 0 0 0 0 0 0 3 0 24 24 0 0 92 0 0 33 14026073 0 0 0 0 0 0 4693796 2076 0 0 
0 0 0 0 0 0 0 0 0 0 0 0 0 0 0 0 0 0 0 0 0 0 0 3 24 0 0 6 0 0 92 33 0 3432543 6809927 3768876 0 0 0 4696119 0 0 2075 0 
0 0 0 0 0 0 0 0 0 0 0 0 0 0 0 0 0 0 0 0 0 0 0 3 0 24 24 0 0 92 0 0 33 14026073 0 0 0 0 0 0 4693796 2076 0 0 
0 0 0 0 0 0 0 0 0 0 0 0 0 0 0 0 0 0 0 0 0 0 0 3 24 0 0 6 0 0 92 33 0 3432543 6809927 3768876 0 0 0 4696119 0 0 2075 0 
0 0 0 0 0 0 0 0 0 0 0 0 0 0 0 0 0 0 0 0 0 0 0 3 0 24 24 0 0 92 0 0 33 14026073 0 0 0 0 0 0 4693796 2076 0 0 
0 0 0 0 0 0 0 0 0 0 0 0 0 0 0 0 0 0 0 0 0 0 0 3 24 0 0 6 0 0 92 33 0 3432543 6809927 3768876 0 0 0 4696119 0 0 2075 0 
0 0 0 0 0 0 0 0 0 0 0 0 0 0 0 0 0 0 0 0 0 0 0 3 0 24 24 0 0 92 0 0 33 14026073 0 0 0 0 0 0 4693796 2076 0 0 
0 0 0 0 0 0 0 0 0 0 0 0 0 0 0 0 0 0 0 0 0 0 0 3 24 0 0 6 0 0 92 33 0 3432543 6809927 3768876 0 0 0 4696119 0 0 2075 0 
0 0 0 0 0 0 0 0 0 0 0 0 0 0 0 0 0 0 0 0 0 0 0 3 0 24 24 0 0 92 0 0 33 14026073 0 0 0 0 0 0 4693796 2076 0 0 
0 0 0 0 0 0 0 0 0 0 0 0 0 0 0 0 0 0 0 0 0 0 0 3 24 0 0 6 0 0 92 33 0 3432543 6809927 3768876 0 0 0 4696119 0 0 2075 0 
