0 0 0 0 0 0 0 0 0 0 0 0 0 0 0 0 0 0 0 0 0 0 0 3 0 36 36 0 0 123 0 0 74 10814798 4035530 0 0 0 0 0 4139714 2059 0 0 
0 0 0 0 0 0 0 0 0 0 0 0 0 0 0 0 0 0 0 0 0 0 0 3 0 36 36 0 0 123 0 0 74 10814798 4035530 0 0 0 0 0 4139714 2059 0 0 
0 0 0 0 0 0 0 0 0 0 0 0 0 0 0 0 0 0 0 0 0 0 0 3 0 36 36 0 0 123 0 0 74 10814798 4035530 0 0 0 0 0 4139714 2059 0 0 
0 0 0 0 0 0 0 0 0 0 0 0 0 0 0 0 0 0 0 0 0 0 0 3 0 36 36 0 0 123 0 0 74 10814798 4035530 0 0 0 0 0 4139714 2059 0 0 
0 0 0 0 0 0 0 0 0 0 0 0 0 0 0 0 0 0 0 0 0 0 0 3 0 36 36 0 0 123 0 0 74 10814798 4035530 0 0 0 0 0 4139714 2059 0 0 
0 0 0 0 0 0 0 0 0 0 0 0 0 0 0 0 0 0 0 0 0 0 0 3 0 36 36 0 0 123 0 0 74 10814798 4035530 0 0 0 0 0 4139714 2059 0 0 
0 0 0 0 0 0 0 0 0 0 0 0 0 0 0 0 0 0 0 0 0 0 0 3 0 36 36 0 0 123 0 0 74 10814798 4035530 0 0 0 0 0 4139714 2059 0 0 
0 0 0 0 0 0 0 0 0 0 0 0 0 0 0 0 0 0 0 0 0 0 0 3 0 36 36 0 0 123 0 0 74 10814798 4035530 0 0 0 0 0 4139714 2059 0 0 
0 0 0 0 0 0 0 0 0 0 0 0 0 0 0 0 0 0 0 0 0 0 0 3 0 36 36 0 0 123 0 0 74 10814798 4035530 0 0 0 0 0 4139714 2059 0 0 
0 0 0 0 0 0 0 0 0 0 0 0 0 0 0 0 0 0 0 0 0 0 0 3 0 36 36 0 0 123 0 0 74 10814798 4035530 0 0 0 0 0 4139714 2059 0 0 
0 0 0 0 0 0 0 0 0 0 0 0 0 0 0 0 0 0 0 0 0 0 0 3 0 36 36 0 0 123 0 0 74 10814798 4035530 0 0 0 0 0 4139714 2059 0 0 
0 0 0 0 0 0 0 0 0 0 0 0 0 0 0 0 0 0 0 0 0 0 0 3 0 36 36 0 0 123 0 0 74 10814798 4035530 0 0 0 0 0 4139714 2059 0 0 
0 0 0 0 0 0 0 0 0 0 0 0 0 0 0 0 0 0 0 0 0 0 0 3 0 36 36 0 0 123 0 0 74 10814798 4035530 0 0 0 0 0 4139714 2059 0 0 
0 0 0 0 0 0 0 0 0 0 0 0 0 0 0 0 0 0 0 0 0 0 0 3 0 36 36 0 0 123 0 0 74 10814798 4035530 0 0 0 0 0 4139714 2059 0 0 
0 0 0 0 0 0 0 0 0 0 0 0 0 0 0 0 0 0 0 0 0 0 0 3 0 36 36 0 0 123 0 0 74 10814798 4035530 0 0 0 0 0 4139714 2059 0 0 
0 0 0 0 0 0 0 0 0 0 0 0 0 0 0 0 0 0 0 0 0 0 0 3 0 36 36 0 0 123 0 0 74 10814798 4035530 0 0 0 0 0 4139714 2059 0 0 
0 0 0 0 0 0 0 0 0 0 0 0 0 0 0 0 0 0 0 0 0 0 0 3 0 36 36 0 0 123 0 0 74 10814798 4035530 0 0 0 0 0 4139714 2059 0 0 
0 0 0 0 0 0 0 0 0 0 0 0 0 0 0 0 0 0 0 0 0 0 0 3 0 36 36 0 0 123 0 0 74 10814798 4035530 0 0 0 0 0 4139714 2059 0 0 
0 0 0 0 0 0 0 0 0 0 0 0 0 0 0 0 0 0 0 0 0 0 0 3 0 36 36 0 0 123 0 0 74 10814798 4035530 0 0 0 0 0 4139714 2059 0 0 
0 0 0 0 0 0 0 0 0 0 0 0 0 0 0 0 0 0 0 0 0 0 0 3 0 36 36 0 0 123 0 0 74 10814798 4035530 0 0 0 0 0 4139714 2059 0 0 
0 0 0 0 0 0 0 0 0 0 0 0 0 0 0 0 0 0 0 0 0 0 0 3 0 36 36 0 0 123 0 0 74 10814798 4035530 0 0 0 0 0 4139714 2059 0 0 
0 0 0 0 0 0 0 0 0 0 0 0 0 0 0 0 0 0 0 0 0 0 0 3 0 36 36 0 0 123 0 0 74 10814798 4035530 0 0 0 0 0 4139714 2059 0 0 
0 0 0 0 0 0 0 0 0 0 0 0 0 0 0 0 0 0 0 0 0 0 0 3 0 36 36 0 0 123 0 0 74 10814798 4035530 0 0 0 0 0 4139714 2059 0 0 
0 0 0 0 0 0 0 0 0 0 0 0 0 0 0 0 0 0 0 0 0 0 0 3 0 36 36 0 0 123 0 0 74 10814798 4035530 0 0 0 0 0 4139714 2059 0 0 
0 0 0 0 0 0 0 0 0 0 0 0 0 0 0 0 0 0 0 0 0 0 0 3 0 36 36 0 0 123 0 0 74 10814798 4035530 0 0 0 0 0 4139714 2059 0 0 
0 0 0 0 0 0 0 0 0 0 0 0 0 0 0 0 0 0 0 0 0 0 0 3 0 36 36 0 0 123 0 0 74 10814798 4035530 0 0 0 0 0 4139714 2059 0 0 
0 0 0 0 0 0 0 0 0 0 0 0 0 0 0 0 0 0 0 0 0 0 0 3 0 36 36 0 0 123 0 0 74 10814798 4035530 0 0 0 0 0 4139714 2059 0 0 
0 0 0 0 0 0 0 0 0 0 0 0 0 0 0 0 0 0 0 0 0 0 0 3 0 36 36 0 0 123 0 0 74 10814798 4035530 0 0 0 0 0 4139714 2059 0 0 
0 0 0 0 0 0 0 0 0 0 0 0 0 0 0 0 0 0 0 0 0 0 0 3 0 36 36 0 0 123 0 0 74 10814798 4035530 0 0 0 0 0 4139714 2059 0 0 
0 0 0 0 0 0 0 0 0 0 0 0 0 0 0 0 0 0 0 0 0 0 0 3 0 36 36 0 0 123 0 0 74 10814798 4035530 0 0 0 0 0 4139714 2059 0 0 
0 0 0 0 0 0 0 0 0 0 0 0 0 0 0 0 0 0 0 0 0 0 0 3 0 36 36 0 0 123 0 0 74 10814798 4035530 0 0 0 0 0 4139714 2059 0 0 
0 0 0 0 0 0 0 0 0 0 0 0 0 0 0 0 0 0 0 0 0 0 0 3 0 36 36 0 0 123 0 0 74 10814798 4035530 0 0 0 0 0 4139714 2059 0 0 
0 0 0 0 0 0 0 0 0 0 0 0 0 0 0 0 0 0 0 0 0 0 0 3 0 36 36 0 0 123 0 0 74 10814798 4035530 0 0 0 0 0 4139714 2059 0 0 
0 0 0 0 0 0 0 0 0 0 0 0 0 0 0 0 0 0 0 0 0 0 0 3 0 36 36 0 0 123 0 0 74 10814798 4035530 0 0 0 0 0 4139714 2059 0 0 
0 0 0 0 0 0 0 0 0 0 0 0 0 0 0 0 0 0 0 0 0 0 0 3 0 36 36 0 0 123 0 0 74 10814798 4035530 0 0 0 0 0 4139714 2059 0 0 
0 0 0 0 0 0 0 0 0 0 0 0 0 0 0 0 0 0 0 0 0 0 0 3 0 36 36 0 0 123 0 0 74 10814798 4035530 0 0 0 0 0 4139714 2059 0 0 
0 0 0 0 0 0 0 0 0 0 0 0 0 0 0 0 0 0 0 0 0 0 0 3 0 36 36 0 0 123 0 0 74 10814798 4035530 0 0 0 0 0 4139714 2059 0 0 
0 0 0 0 0 0 0 0 0 0 0 0 0 0 0 0 0 0 0 0 0 0 0 3 0 36 36 0 0 123 0 0 74 10814798 4035530 0 0 0 0 0 4139714 2059 0 0 
0 0 0 0 0 0 0 0 0 0 0 0 0 0 0 0 0 0 0 0 0 0 0 3 0 36 36 0 0 123 0 0 74 10814798 4035530 0 0 0 0 0 4139714 2059 0 0 
0 0 0 0 0 0 0 0 0 0 0 0 0 0 0 0 0 0 0 0 0 0 0 3 0 36 36 0 0 123 0 0 74 10814798 4035530 0 0 0 0 0 4139714 2059 0 0 
0 0 0 0 0 0 0 0 0 0 0 0 0 0 0 0 0 0 0 0 0 0 0 3 0 36 36 0 0 123 0 0 74 10814798 4035530 0 0 0 0 0 4139714 2059 0 0 
0 0 0 0 0 0 0 0 0 0 0 0 0 0 0 0 0 0 0 0 0 0 0 3 0 36 36 0 0 123 0 0 74 10814798 4035530 0 0 0 0 0 4139714 2059 0 0 
0 0 0 0 0 0 0 0 0 0 0 0 0 0 0 0 0 0 0 0 0 0 0 3 0 36 36 0 0 123 0 0 74 10814798 4035530 0 0 0 0 0 4139714 2059 0 0 
0 0 0 0 0 0 0 0 0 0 0 0 0 0 0 0 0 0 0 0 0 0 0 3 0 36 36 0 0 123 0 0 74 10814798 4035530 0 0 0 0 0 4139714 2059 0 0 
0 0 0 0 0 0 0 0 0 0 0 0 0 0 0 0 0 0 0 0 0 0 0 3 0 36 36 0 0 123 0 0 74 10814798 4035530 0 0 0 0 0 4139714 2059 0 0 
0 0 0 0 0 0 0 0 0 0 0 0 0 0 0 0 0 0 0 0 0 0 0 3 0 36 36 0 0 123 0 0 74 10814798 4035530 0 0 0 0 0 4139714 2059 0 0 
0 0 0 0 0 0 0 0 0 0 0 0 0 0 0 0 0 0 0 0 0 0 0 3 0 36 36 0 0 123 0 0 74 10814798 4035530 0 0 0 0 0 4139714 2059 0 0 
0 0 0 0 0 0 0 0 0 0 0 0 0 0 0 0 0 0 0 0 0 0 0 3 0 36 36 0 0 123 0 0 74 10814798 4035530 0 0 0 0 0 4139714 2059 0 0 
0 0 0 0 0 0 0 0 0 0 0 0 0 0 0 0 0 0 0 0 0 0 0 3 0 36 36 0 0 123 0 0 74 10814798 4035530 0 0 0 0 0 4139714 2059 0 0 
0 0 0 0 0 0 0 0 0 0 0 0 0 0 0 0 0 0 0 0 0 0 0 3 0 36 36 0 0 123 0 0 74 10814798 4035530 0 0 0 0 0 4139714 2059 0 0 
0 0 0 0 0 0 0 0 0 0 0 0 0 0 0 0 0 0 0 0 0 0 0 3 0 36 36 0 0 123 0 0 74 10814798 4035530 0 0 0 0 0 4139714 2059 0 0 
0 0 0 0 0 0 0 0 0 0 0 0 0 0 0 0 0 0 0 0 0 0 0 3 0 36 36 0 0 123 0 0 74 10814798 4035530 0 0 0 0 0 4139714 2059 0 0 
0 0 0 0 0 0 0 0 0 0 0 0 0 0 0 0 0 0 0 0 0 0 0 3 0 36 36 0 0 123 0 0 74 10814798 4035530 0 0 0 0 0 4139714 2059 0 0 
0 0 0 0 0 0 0 0 0 0 0 0 0 0 0 0 0 0 0 0 0 0 0 3 0 36 36 0 0 123 0 0 74 10814798 4035530 0 0 0 0 0 4139714 2059 0 0 
0 0 0 0 0 0 0 0 0 0 0 0 0 0 0 0 0 0 0 0 0 0 0 3 0 36 36 0 0 123 0 0 74 10814798 4035530 0 0 0 0 0 4139714 2059 0 0 
0 0 0 0 0 0 0 0 0 0 0 0 0 0 0 0 0 0 0 0 0 0 0 3 0 36 36 0 0 123 0 0 74 10814798 4035530 0 0 0 0 0 4139714 2059 0 0 
0 0 0 0 0 0 0 0 0 0 0 0 0 0 0 0 0 0 0 0 0 0 0 3 0 36 36 0 0 123 0 0 74 10814798 4035530 0 0 0 0 0 4139714 2059 0 0 
0 0 0 0 0 0 0 0 0 0 0 0 0 0 0 0 0 0 0 0 0 0 0 3 0 36 36 0 0 123 0 0 74 10814798 4035530 0 0 0 0 0 4139714 2059 0 0 
0 0 0 0 0 0 0 0 0 0 0 0 0 0 0 0 0 0 0 0 0 0 0 3 0 36 36 0 0 123 0 0 74 10814798 4035530 0 0 0 0 0 4139714 2059 0 0 
0 0 0 0 0 0 0 0 0 0 0 0 0 0 0 0 0 0 0 0 0 0 0 3 0 36 36 0 0 123 0 0 74 10814798 4035530 0 0 0 0 0 4139714 2059 0 0 
0 0 0 0 0 0 0 0 0 0 0 0 0 0 0 0 0 0 0 0 0 0 0 3 0 36 36 0 0 123 0 0 74 10814798 4035530 0 0 0 0 0 4139714 2059 0 0 
0 0 0 0 0 0 0 0 0 0 0 0 0 0 0 0 0 0 0 0 0 0 0 3 0 36 36 0 0 123 0 0 74 10814798 4035530 0 0 0 0 0 4139714 2059 0 0 
0 0 0 0 0 0 0 0 0 0 0 0 0 0 0 0 0 0 0 0 0 0 0 3 0 36 36 0 0 123 0 0 74 10814798 4035530 0 0 0 0 0 4139714 2059 0 0 
0 0 0 0 0 0 0 0 0 0 0 0 0 0 0 0 0 0 0 0 0 0 0 3 0 36 36 0 0 123 0 0 74 10814798 4035530 0 0 0 0 0 4139714 2059 0 0 
0 0 0 0 0 0 0 0 0 0 0 0 0 0 0 0 0 0 0 0 0 0 0 3 0 36 36 0 0 123 0 0 74 10814798 4035530 0 0 0 0 0 4139714 2059 0 0 
0 0 0 0 0 0 0 0 0 0 0 0 0 0 0 0 0 0 0 0 0 0 0 3 0 36 36 0 0 123 0 0 74 10814798 4035530 0 0 0 0 0 4139714 2059 0 0 
0 0 0 0 0 0 0 0 0 0 0 0 0 0 0 0 0 0 0 0 0 0 0 3 0 36 36 0 0 123 0 0 74 10814798 4035530 0 0 0 0 0 4139714 2059 0 0 
0 0 0 0 0 0 0 0 0 0 0 0 0 0 0 0 0 0 0 0 0 0 0 3 0 36 36 0 0 123 0 0 74 10814798 4035530 0 0 0 0 0 4139714 2059 0 0 
0 0 0 0 0 0 0 0 0 0 0 0 0 0 0 0 0 0 0 0 0 0 0 3 0 36 36 0 0 123 0 0 74 10814798 4035530 0 0 0 0 0 4139714 2059 0 0 
0 0 0 0 0 0 0 0 0 0 0 0 0 0 0 0 0 0 0 0 0 0 0 3 0 36 48 0 0 172 0 0 74 10976492 4035564 0 0 0 0 0 4139744 2115 0 0 
0 0 0 0 0 0 0 0 0 0 0 0 0 0 0 0 0 0 0 0 0 0 0 3 0 36 48 0 0 172 0 0 74 11417138 4035564 0 0 0 0 0 4139747 2115 0 0 
0 0 0 0 0 0 0 0 0 0 0 0 0 0 0 0 0 0 0 0 0 0 0 3 0 36 48 0 0 172 0 0 74 11872758 4035564 0 0 0 0 0 4139747 2115 0 0 
0 0 0 0 0 0 0 0 0 0 0 0 0 0 0 0 0 0 0 0 0 0 0 3 0 36 48 0 0 172 0 0 74 12212724 4035564 0 0 0 0 0 4139747 2115 0 0 
0 0 0 0 0 0 0 0 0 0 0 0 0 0 0 0 0 0 0 0 0 0 0 3 0 36 48 0 0 172 0 0 74 12541284 4035564 0 0 0 0 0 4139747 2115 0 0 
0 0 0 0 0 0 0 0 0 0 0 0 0 0 0 0 0 0 0 0 0 0 0 3 0 36 48 0 0 172 0 0 74 12800048 4035564 0 0 0 0 0 4139747 2115 0 0 
0 0 0 0 0 0 0 0 0 0 0 0 0 0 0 0 0 0 0 0 0 0 0 3 0 36 48 0 0 172 0 0 74 12997504 4035564 0 0 0 0 0 4139747 2115 0 0 
0 0 0 0 0 0 0 0 0 0 0 0 0 0 0 0 0 0 0 0 0 0 0 3 0 36 48 0 0 172 0 0 74 13086564 4035566 0 0 0 0 0 4139752 2123 0 0 
0 0 0 0 0 0 0 0 0 0 0 0 0 0 0 0 0 0 0 0 0 0 0 3 0 36 48 0 0 175 0 0 74 13225019 4035590 0 0 0 0 0 4328033 2143 0 0 
0 0 0 0 0 0 0 0 0 0 0 0 0 0 0 0 0 0 0 0 0 0 0 3 0 36 48 0 0 178 0 0 74 13405771 4105163 0 0 0 0 0 4438219 2219 0 0 
0 0 0 0 0 0 0 0 0 0 0 0 0 0 0 0 0 0 0 0 0 0 0 3 0 36 48 0 0 178 0 0 74 13551961 4168931 0 0 0 0 0 4438223 2223 0 0 
0 0 0 0 0 0 0 0 0 0 0 0 0 0 0 0 0 0 0 0 0 0 0 3 0 36 48 0 0 178 0 0 74 13705421 4181742 0 0 0 0 0 4717096 2320 0 0 
0 0 0 0 0 0 0 0 0 0 0 0 0 0 0 0 0 0 0 0 0 0 0 3 0 36 48 0 0 178 0 0 74 13900647 4277413 0 0 0 0 0 4717096 2320 0 0 
0 0 0 0 0 0 0 0 0 0 0 0 0 0 0 0 0 0 0 0 0 0 0 3 0 36 48 0 0 178 0 0 74 14049194 4302472 0 0 0 0 0 4884639 2348 0 0 
0 0 0 0 0 0 0 0 0 0 0 0 0 0 0 0 0 0 0 0 0 0 0 3 0 36 48 0 0 178 0 0 74 14228610 4373430 0 0 0 0 0 4995036 2423 0 0 
0 0 0 0 0 0 0 0 0 0 0 0 0 0 0 0 0 0 0 0 0 0 0 3 0 36 48 0 0 178 0 0 74 14370651 4432633 0 0 0 0 0 4995040 2427 0 0 
0 0 0 0 0 0 0 0 0 0 0 0 0 0 0 0 0 0 0 0 0 0 0 3 0 36 48 0 0 178 0 0 74 14516480 4437507 0 0 0 0 0 5273012 2528 0 0 
0 0 0 0 0 0 0 0 0 0 0 0 0 0 0 0 0 0 0 0 0 0 0 3 0 36 48 0 0 178 0 0 74 14706878 4534809 0 0 0 0 0 5273012 2528 0 0 
0 0 0 0 0 0 0 0 0 0 0 0 0 0 0 0 0 0 0 0 0 0 0 3 0 36 48 0 0 178 0 0 74 14839495 4568816 0 0 0 0 0 5373420 2556 0 0 
0 0 0 0 0 0 0 0 0 0 0 0 0 0 0 0 0 0 0 0 0 0 0 3 0 36 48 0 0 178 0 0 74 14999406 4613187 0 0 0 0 0 5550900 2631 0 0 
0 0 0 0 0 0 0 0 0 0 0 0 0 0 0 0 0 0 0 0 0 0 0 3 0 36 48 0 0 178 0 0 74 15170034 4683982 0 0 0 0 0 5550904 2635 0 0 
0 0 0 0 0 0 0 0 0 0 0 0 0 0 0 0 0 0 0 0 0 0 0 3 0 36 48 0 0 178 0 0 74 15316030 4701974 0 0 0 0 0 5779440 2664 0 0 
0 0 0 0 0 0 0 0 0 0 0 0 0 0 0 0 0 0 0 0 0 0 0 3 0 36 48 0 0 178 0 0 74 15493753 4785008 0 0 0 0 0 5828805 2732 0 0 
0 0 0 0 0 0 0 0 0 0 0 0 0 0 0 0 0 0 0 0 0 0 0 3 0 36 48 0 0 178 0 0 74 15619891 4835087 0 0 0 0 0 5828809 2736 0 0 
0 0 0 0 0 0 0 0 0 0 0 0 0 0 0 0 0 0 0 0 0 0 0 3 0 36 48 0 0 178 0 0 74 15777356 4854759 0 0 0 0 0 6106667 2835 0 0 
0 0 0 0 0 0 0 0 0 0 0 0 0 0 0 0 0 0 0 0 0 0 0 3 0 36 48 0 0 178 0 0 74 15964270 4937353 0 0 0 0 0 6106671 2839 0 0 
0 0 0 0 0 0 0 0 0 0 0 0 0 0 0 0 0 0 0 0 0 0 0 3 0 36 48 0 0 178 0 0 74 16096182 4968347 0 0 0 0 0 6241187 2863 0 0 
0 0 0 0 0 0 0 0 0 0 0 0 0 0 0 0 0 0 0 0 0 0 0 3 0 36 48 0 0 178 0 0 74 16270453 5026485 0 0 0 0 0 6384606 2939 0 0 
0 0 0 0 0 0 0 0 0 0 0 0 0 0 0 0 0 0 0 0 0 0 0 3 0 36 48 0 0 178 0 0 74 16417391 5087222 0 0 0 0 0 6384610 2943 0 0 
0 0 0 0 0 0 0 0 0 0 0 0 0 0 0 0 0 0 0 0 0 0 0 3 0 36 48 0 0 178 0 0 74 16560942 5101534 0 0 0 0 0 6621347 2972 0 0 
0 0 0 0 0 0 0 0 0 0 0 0 0 0 0 0 0 0 0 0 0 0 0 3 0 36 48 0 0 178 0 0 74 16737729 5187320 0 0 0 0 0 6662492 3043 0 0 
0 0 0 0 0 0 0 0 0 0 0 0 0 0 0 0 0 0 0 0 0 0 0 3 0 36 48 0 0 178 0 0 74 16861417 5234708 0 0 0 0 0 6662511 3059 0 0 
0 0 0 0 0 0 0 0 0 0 0 0 0 0 0 0 0 0 0 0 0 0 0 3 0 36 48 0 0 178 0 0 74 17020502 5254921 0 0 0 0 0 6940358 3148 0 0 
0 0 0 0 0 0 0 0 0 0 0 0 0 0 0 0 0 0 0 0 0 0 0 3 0 36 48 0 0 178 0 0 74 17201556 5335601 0 0 0 0 0 6940362 3152 0 0 
0 0 0 0 0 0 0 0 0 0 0 0 0 0 0 0 0 0 0 0 0 0 0 3 0 36 48 0 0 178 0 0 74 17333767 5367919 0 0 0 0 0 7068322 3176 0 0 
0 0 0 0 0 0 0 0 0 0 0 0 0 0 0 0 0 0 0 0 0 0 0 3 0 36 48 0 0 178 0 0 74 17502769 5422114 0 0 0 0 0 7218250 3251 0 0 
0 0 0 0 0 0 0 0 0 0 0 0 0 0 0 0 0 0 0 0 0 0 0 3 0 36 48 0 0 178 0 0 74 17656595 5485211 0 0 0 0 0 7218254 3255 0 0 
0 0 0 0 0 0 0 0 0 0 0 0 0 0 0 0 0 0 0 0 0 0 0 3 0 36 48 0 0 178 0 0 74 17802586 5501102 0 0 0 0 0 7456742 3284 0 0 
0 0 0 0 0 0 0 0 0 0 0 0 0 0 0 0 0 0 0 0 0 0 0 3 0 36 48 0 0 178 0 0 74 17986667 5590302 0 0 0 0 0 7496152 3357 0 0 
0 0 0 0 0 0 0 0 0 0 0 0 0 0 0 0 0 0 0 0 0 0 0 3 0 36 48 0 0 178 0 0 74 18148054 5634271 0 0 0 0 0 7598747 3385 0 0 
0 0 0 0 0 0 0 0 0 0 0 0 0 0 0 0 0 0 0 0 0 0 0 3 0 36 48 0 0 178 0 0 74 18315449 5679401 0 0 0 0 0 7774012 3460 0 0 
0 0 0 0 0 0 0 0 0 0 0 0 0 0 0 0 0 0 0 0 0 0 0 3 0 36 48 0 0 178 0 0 74 18474115 5747395 0 0 0 0 0 7774016 3464 0 0 
0 0 0 0 0 0 0 0 0 0 0 0 0 0 0 0 0 0 0 0 0 0 0 3 0 36 48 0 0 178 0 0 74 18617055 5767433 0 0 0 0 0 7986742 3492 0 0 
0 0 0 0 0 0 0 0 0 0 0 0 0 0 0 0 0 0 0 0 0 0 0 3 0 36 48 0 0 178 0 0 74 18791980 5845100 0 0 0 0 0 8051920 3565 0 0 
0 0 0 0 0 0 0 0 0 0 0 0 0 0 0 0 0 0 0 0 0 0 0 3 0 36 48 0 0 178 0 0 74 18921313 5898319 0 0 0 0 0 8051924 3569 0 0 
0 0 0 0 0 0 0 0 0 0 0 0 0 0 0 0 0 0 0 0 0 0 0 3 0 36 48 0 0 178 0 0 74 19073118 5911113 0 0 0 0 0 8329801 3671 0 0 
0 0 0 0 0 0 0 0 0 0 0 0 0 0 0 0 0 0 0 0 0 0 0 3 0 36 48 0 0 178 0 0 74 19263016 6000011 0 0 0 0 0 8329801 3671 0 0 
0 0 0 0 0 0 0 0 0 0 0 0 0 0 0 0 0 0 0 0 0 0 0 3 0 36 48 0 0 178 0 0 74 19391537 6033805 0 0 0 0 0 8437759 3699 0 0 
0 0 0 0 0 0 0 0 0 0 0 0 0 0 0 0 0 0 0 0 0 0 0 3 0 36 48 0 0 178 0 0 74 19559291 6081678 0 0 0 0 0 8607705 3774 0 0 
0 0 0 0 0 0 0 0 0 0 0 0 0 0 0 0 0 0 0 0 0 0 0 3 0 36 48 0 0 178 0 0 74 19715854 6147342 0 0 0 0 0 8607709 3778 0 0 
0 0 0 0 0 0 0 0 0 0 0 0 0 0 0 0 0 0 0 0 0 0 0 3 0 36 48 0 0 178 0 0 74 19860512 6166996 0 0 0 0 0 8826729 3806 0 0 
0 0 0 0 0 0 0 0 0 0 0 0 0 0 0 0 0 0 0 0 0 0 0 3 0 36 48 0 0 178 0 0 74 20036003 6246465 0 0 0 0 0 8885645 3877 0 0 
0 0 0 0 0 0 0 0 0 0 0 0 0 0 0 0 0 0 0 0 0 0 0 3 0 36 48 0 0 178 0 0 74 20165648 6298178 0 0 0 0 0 8885649 3881 0 0 
0 0 0 0 0 0 0 0 0 0 0 0 0 0 0 0 0 0 0 0 0 0 0 3 0 36 48 0 0 178 0 0 74 20315825 6312585 0 0 0 0 0 9163474 3982 0 0 
0 0 0 0 0 0 0 0 0 0 0 0 0 0 0 0 0 0 0 0 0 0 0 3 0 36 48 0 0 178 0 0 74 20508470 6404148 0 0 0 0 0 9163474 3982 0 0 
0 0 0 0 0 0 0 0 0 0 0 0 0 0 0 0 0 0 0 0 0 0 0 3 0 36 48 0 0 178 0 0 74 20646797 6433350 0 0 0 0 0 9304069 4010 0 0 
0 0 0 0 0 0 0 0 0 0 0 0 0 0 0 0 0 0 0 0 0 0 0 3 0 36 48 0 0 178 0 0 74 20814776 6489721 0 0 0 0 0 9441380 4086 0 0 
0 0 0 0 0 0 0 0 0 0 0 0 0 0 0 0 0 0 0 0 0 0 0 3 0 36 48 0 0 178 0 0 74 20963444 6551203 0 0 0 0 0 9441384 4090 0 0 
0 0 0 0 0 0 0 0 0 0 0 0 0 0 0 0 0 0 0 0 0 0 0 3 0 36 48 0 0 178 0 0 74 21109019 6566533 0 0 0 0 0 9679202 4119 0 0 
0 0 0 0 0 0 0 0 0 0 0 0 0 0 0 0 0 0 0 0 0 0 0 3 0 48 48 0 0 178 0 0 74 21112496 6566571 0 0 0 0 0 9686107 4157 0 0 
0 0 0 0 0 0 0 0 0 0 0 0 0 0 0 0 0 0 0 0 0 0 0 3 0 48 48 0 0 178 0 0 74 21112496 6566571 0 0 0 0 0 9686107 4157 0 0 
0 0 0 0 0 0 0 0 0 0 0 0 0 0 0 0 0 0 0 0 0 0 0 3 0 48 48 0 0 178 0 0 74 21112496 6566571 0 0 0 0 0 9686107 4157 0 0 
0 0 0 0 0 0 0 0 0 0 0 0 0 0 0 0 0 0 0 0 0 0 0 3 0 48 48 0 0 178 0 0 74 21112496 6566571 0 0 0 0 0 9686107 4157 0 0 
0 0 0 0 0 0 0 0 0 0 0 0 0 0 0 0 0 0 0 0 0 0 0 3 0 48 48 0 0 178 0 0 74 21112496 6566571 0 0 0 0 0 9686107 4157 0 0 
0 0 0 0 0 0 0 0 0 0 0 0 0 0 0 0 0 0 0 0 0 0 0 3 0 48 48 0 0 178 0 0 74 21112496 6566571 0 0 0 0 0 9686107 4157 0 0 
