0 0 0 0 0 0 0 0 0 0 0 0 0 0 0 0 0 0 0 0 0 0 0 3 0 8 8 0 0 39 0 0 0 7166272 3106153 0 0 0 0 0 2286455 1370 0 0 
0 0 0 0 0 0 0 0 0 0 0 0 0 0 0 0 0 0 0 0 0 0 0 3 8 0 0 2 0 0 39 0 0 3106149 3742527 3410296 0 0 0 2288220 0 0 1371 0 
0 0 0 0 0 0 0 0 0 0 0 0 0 0 0 0 0 0 0 0 0 0 0 3 0 8 8 0 0 39 0 0 0 7166272 3106153 0 0 0 0 0 2286455 1370 0 0 
0 0 0 0 0 0 0 0 0 0 0 0 0 0 0 0 0 0 0 0 0 0 0 3 8 0 0 2 0 0 39 0 0 3106149 3742527 3410296 0 0 0 2288220 0 0 1371 0 
0 0 0 0 0 0 0 0 0 0 0 0 0 0 0 0 0 0 0 0 0 0 0 3 0 8 8 0 0 39 0 0 0 7166272 3106153 0 0 0 0 0 2286455 1370 0 0 
0 0 0 0 0 0 0 0 0 0 0 0 0 0 0 0 0 0 0 0 0 0 0 3 8 0 0 2 0 0 39 0 0 3106149 3742527 3410296 0 0 0 2288220 0 0 1371 0 
0 0 0 0 0 0 0 0 0 0 0 0 0 0 0 0 0 0 0 0 0 0 0 3 0 8 8 0 0 39 0 0 0 7166272 3106153 0 0 0 0 0 2286455 1370 0 0 
0 0 0 0 0 0 0 0 0 0 0 0 0 0 0 0 0 0 0 0 0 0 0 3 8 0 0 2 0 0 39 0 0 3106149 3742527 3410296 0 0 0 2288220 0 0 1371 0 
====>
0 0 0 0 0 0 0 0 0 0 0 0 0 0 0 0 0 0 0 0 0 0 0 3 0 8 8 0 0 39 0 0 0 7166272 3106153 0 0 0 0 0 2286455 1370 0 0 
0 0 0 0 0 0 0 0 0 0 0 0 0 0 0 0 0 0 0 0 0 0 0 3 8 0 0 2 0 0 39 0 0 3106149 3742527 3410296 0 0 0 2288220 0 0 1371 0 
0 0 0 0 0 0 0 0 0 0 0 0 0 0 0 0 0 0 0 0 0 0 0 3 0 8 8 0 0 39 0 0 0 7166272 3106153 0 0 0 0 0 2286455 1370 0 0 
0 0 0 0 0 0 0 0 0 0 0 0 0 0 0 0 0 0 0 0 0 0 0 3 8 0 0 2 0 0 39 0 0 3106149 3742527 3410296 0 0 0 2288220 0 0 1371 0 
0 0 0 0 0 0 0 0 0 0 0 0 0 0 0 0 0 0 0 0 0 0 0 3 0 8 8 0 0 39 0 0 0 7166272 3106153 0 0 0 0 0 2286455 1370 0 0 
0 0 0 0 0 0 0 0 0 0 0 0 0 0 0 0 0 0 0 0 0 0 0 3 8 0 0 2 0 0 39 0 0 3106149 3742527 3410296 0 0 0 2288220 0 0 1371 0 
0 0 0 0 0 0 0 0 0 0 0 0 0 0 0 0 0 0 0 0 0 0 0 3 0 8 8 0 0 39 0 0 0 7166272 3106153 0 0 0 0 0 2286455 1370 0 0 
0 0 0 0 0 0 0 0 0 0 0 0 0 0 0 0 0 0 0 0 0 0 0 3 8 0 0 2 0 0 39 0 0 3106149 3742527 3410296 0 0 0 2288220 0 0 1371 0 
0 0 0 0 0 0 0 0 0 0 0 0 0 0 0 0 0 0 0 0 0 0 0 3 0 8 8 0 0 39 0 0 0 7166272 3106153 0 0 0 0 0 2286455 1370 0 0 
0 0 0 0 0 0 0 0 0 0 0 0 0 0 0 0 0 0 0 0 0 0 0 3 8 0 0 2 0 0 39 0 0 3106149 3742527 3410296 0 0 0 2288220 0 0 1371 0 
0 0 0 0 0 0 0 0 0 0 0 0 0 0 0 0 0 0 0 0 0 0 0 3 0 8 8 0 0 39 0 0 0 7166272 3106153 0 0 0 0 0 2286455 1370 0 0 
0 0 0 0 0 0 0 0 0 0 0 0 0 0 0 0 0 0 0 0 0 0 0 3 8 0 0 2 0 0 39 0 0 3106149 3742527 3410296 0 0 0 2288220 0 0 1371 0 
0 0 0 0 0 0 0 0 0 0 0 0 0 0 0 0 0 0 0 0 0 0 0 3 0 8 8 0 0 39 0 0 0 7166272 3106153 0 0 0 0 0 2286455 1370 0 0 
0 0 0 0 0 0 0 0 0 0 0 0 0 0 0 0 0 0 0 0 0 0 0 3 8 0 0 2 0 0 39 0 0 3106149 3742527 3410296 0 0 0 2288220 0 0 1371 0 
0 0 0 0 0 0 0 0 0 0 0 0 0 0 0 0 0 0 0 0 0 0 0 3 0 8 8 0 0 39 0 0 0 7166272 3106153 0 0 0 0 0 2286455 1370 0 0 
0 0 0 0 0 0 0 0 0 0 0 0 0 0 0 0 0 0 0 0 0 0 0 3 8 0 0 2 0 0 39 0 0 3106149 3742527 3410296 0 0 0 2288220 0 0 1371 0 
0 0 0 0 0 0 0 0 0 0 0 0 0 0 0 0 0 0 0 0 0 0 0 3 0 8 8 0 0 39 0 0 0 7166272 3106153 0 0 0 0 0 2286455 1370 0 0 
0 0 0 0 0 0 0 0 0 0 0 0 0 0 0 0 0 0 0 0 0 0 0 3 8 0 0 2 0 0 39 0 0 3106149 3742527 3410296 0 0 0 2288220 0 0 1371 0 
0 0 0 0 0 0 0 0 0 0 0 0 0 0 0 0 0 0 0 0 0 0 0 3 0 8 8 0 0 39 0 0 0 7166272 3106153 0 0 0 0 0 2286455 1370 0 0 
0 0 0 0 0 0 0 0 0 0 0 0 0 0 0 0 0 0 0 0 0 0 0 3 8 0 0 2 0 0 39 0 0 3106149 3742527 3410296 0 0 0 2288220 0 0 1371 0 
0 0 0 0 0 0 0 0 0 0 0 0 0 0 0 0 0 0 0 0 0 0 0 3 0 8 8 0 0 39 0 0 0 7166272 3106153 0 0 0 0 0 2286455 1370 0 0 
0 0 0 0 0 0 0 0 0 0 0 0 0 0 0 0 0 0 0 0 0 0 0 3 8 0 0 2 0 0 39 0 0 3106149 3742527 3410296 0 0 0 2288220 0 0 1371 0 
0 0 0 0 0 0 0 0 0 0 0 0 0 0 0 0 0 0 0 0 0 0 0 3 0 8 8 0 0 39 0 0 0 7166272 3106153 0 0 0 0 0 2286455 1370 0 0 
0 0 0 0 0 0 0 0 0 0 0 0 0 0 0 0 0 0 0 0 0 0 0 3 8 0 0 2 0 0 39 0 0 3106149 3742527 3410296 0 0 0 2288220 0 0 1371 0 
0 0 0 0 0 0 0 0 0 0 0 0 0 0 0 0 0 0 0 0 0 0 0 3 0 8 8 0 0 39 0 0 0 7166272 3106153 0 0 0 0 0 2286455 1370 0 0 
0 0 0 0 0 0 0 0 0 0 0 0 0 0 0 0 0 0 0 0 0 0 0 3 8 0 0 2 0 0 39 0 0 3106149 3742527 3410296 0 0 0 2288220 0 0 1371 0 
0 0 0 0 0 0 0 0 0 0 0 0 0 0 0 0 0 0 0 0 0 0 0 3 0 8 8 0 0 39 0 0 0 7166272 3106153 0 0 0 0 0 2286455 1370 0 0 
0 0 0 0 0 0 0 0 0 0 0 0 0 0 0 0 0 0 0 0 0 0 0 3 8 0 0 2 0 0 39 0 0 3106149 3742527 3410296 0 0 0 2288220 0 0 1371 0 
0 0 0 0 0 0 0 0 0 0 0 0 0 0 0 0 0 0 0 0 0 0 0 3 0 8 8 0 0 39 0 0 0 7166272 3106153 0 0 0 0 0 2286455 1370 0 0 
0 0 0 0 0 0 0 0 0 0 0 0 0 0 0 0 0 0 0 0 0 0 0 3 8 0 0 2 0 0 39 0 0 3106149 3742527 3410296 0 0 0 2288220 0 0 1371 0 
0 0 0 0 0 0 0 0 0 0 0 0 0 0 0 0 0 0 0 0 0 0 0 3 0 8 8 0 0 39 0 0 0 7166272 3106153 0 0 0 0 0 2286455 1370 0 0 
0 0 0 0 0 0 0 0 0 0 0 0 0 0 0 0 0 0 0 0 0 0 0 3 8 0 0 2 0 0 39 0 0 3106149 3742527 3410296 0 0 0 2288220 0 0 1371 0 
0 0 0 0 0 0 0 0 0 0 0 0 0 0 0 0 0 0 0 0 0 0 0 3 0 8 8 0 0 39 0 0 0 7166272 3106153 0 0 0 0 0 2286455 1370 0 0 
0 0 0 0 0 0 0 0 0 0 0 0 0 0 0 0 0 0 0 0 0 0 0 3 8 0 0 2 0 0 39 0 0 3106149 3742527 3410296 0 0 0 2288220 0 0 1371 0 
0 0 0 0 0 0 0 0 0 0 0 0 0 0 0 0 0 0 0 0 0 0 0 3 0 8 8 0 0 39 0 0 0 7166272 3106153 0 0 0 0 0 2286455 1370 0 0 
0 0 0 0 0 0 0 0 0 0 0 0 0 0 0 0 0 0 0 0 0 0 0 3 8 0 0 2 0 0 39 0 0 3106149 3742527 3410296 0 0 0 2288220 0 0 1371 0 
0 0 0 0 0 0 0 0 0 0 0 0 0 0 0 0 0 0 0 0 0 0 0 3 0 8 8 0 0 39 0 0 0 7166272 3106153 0 0 0 0 0 2286455 1370 0 0 
0 0 0 0 0 0 0 0 0 0 0 0 0 0 0 0 0 0 0 0 0 0 0 3 8 0 0 2 0 0 39 0 0 3106149 3742527 3410296 0 0 0 2288220 0 0 1371 0 
0 0 0 0 0 0 0 0 0 0 0 0 0 0 0 0 0 0 0 0 0 0 0 3 0 8 8 0 0 39 0 0 0 7166272 3106153 0 0 0 0 0 2286455 1370 0 0 
0 0 0 0 0 0 0 0 0 0 0 0 0 0 0 0 0 0 0 0 0 0 0 3 8 0 0 2 0 0 39 0 0 3106149 3742527 3410296 0 0 0 2288220 0 0 1371 0 
0 0 0 0 0 0 0 0 0 0 0 0 0 0 0 0 0 0 0 0 0 0 0 3 0 8 8 0 0 39 0 0 0 7166272 3106153 0 0 0 0 0 2286455 1370 0 0 
0 0 0 0 0 0 0 0 0 0 0 0 0 0 0 0 0 0 0 0 0 0 0 3 8 0 0 2 0 0 39 0 0 3106149 3742527 3410296 0 0 0 2288220 0 0 1371 0 
0 0 0 0 0 0 0 0 0 0 0 0 0 0 0 0 0 0 0 0 0 0 0 3 0 8 8 0 0 39 0 0 0 7166272 3106153 0 0 0 0 0 2286455 1370 0 0 
0 0 0 0 0 0 0 0 0 0 0 0 0 0 0 0 0 0 0 0 0 0 0 3 8 0 0 2 0 0 39 0 0 3106149 3742527 3410296 0 0 0 2288220 0 0 1371 0 
0 0 0 0 0 0 0 0 0 0 0 0 0 0 0 0 0 0 0 0 0 0 0 3 0 8 8 0 0 39 0 0 0 7166272 3106153 0 0 0 0 0 2286455 1370 0 0 
0 0 0 0 0 0 0 0 0 0 0 0 0 0 0 0 0 0 0 0 0 0 0 3 8 0 0 2 0 0 39 0 0 3106149 3742527 3410296 0 0 0 2288220 0 0 1371 0 
0 0 0 0 0 0 0 0 0 0 0 0 0 0 0 0 0 0 0 0 0 0 0 3 0 8 8 0 0 39 0 0 0 7166272 3106153 0 0 0 0 0 2286455 1370 0 0 
0 0 0 0 0 0 0 0 0 0 0 0 0 0 0 0 0 0 0 0 0 0 0 3 8 0 0 2 0 0 39 0 0 3106149 3742527 3410296 0 0 0 2288220 0 0 1371 0 
0 0 0 0 0 0 0 0 0 0 0 0 0 0 0 0 0 0 0 0 0 0 0 3 0 8 8 0 0 39 0 0 0 7166272 3106153 0 0 0 0 0 2286455 1370 0 0 
0 0 0 0 0 0 0 0 0 0 0 0 0 0 0 0 0 0 0 0 0 0 0 3 8 0 0 2 0 0 39 0 0 3106149 3742527 3410296 0 0 0 2288220 0 0 1371 0 
0 0 0 0 0 0 0 0 0 0 0 0 0 0 0 0 0 0 0 0 0 0 0 3 0 8 8 0 0 39 0 0 0 7166272 3106153 0 0 0 0 0 2286455 1370 0 0 
0 0 0 0 0 0 0 0 0 0 0 0 0 0 0 0 0 0 0 0 0 0 0 3 8 0 0 2 0 0 39 0 0 3106149 3742527 3410296 0 0 0 2288220 0 0 1371 0 
0 0 0 0 0 0 0 0 0 0 0 0 0 0 0 0 0 0 0 0 0 0 0 3 0 8 8 0 0 39 0 0 0 7166272 3106153 0 0 0 0 0 2286455 1370 0 0 
0 0 0 0 0 0 0 0 0 0 0 0 0 0 0 0 0 0 0 0 0 0 0 3 8 0 0 2 0 0 39 0 0 3106149 3742527 3410296 0 0 0 2288220 0 0 1371 0 
0 0 0 0 0 0 0 0 0 0 0 0 0 0 0 0 0 0 0 0 0 0 0 3 0 8 8 0 0 39 0 0 0 7166272 3106153 0 0 0 0 0 2286455 1370 0 0 
0 0 0 0 0 0 0 0 0 0 0 0 0 0 0 0 0 0 0 0 0 0 0 3 8 0 0 2 0 0 39 0 0 3106149 3742527 3410296 0 0 0 2288220 0 0 1371 0 
0 0 0 0 0 0 0 0 0 0 0 0 0 0 0 0 0 0 0 0 0 0 0 3 0 8 8 0 0 39 0 0 0 7166272 3106153 0 0 0 0 0 2286455 1370 0 0 
0 0 0 0 0 0 0 0 0 0 0 0 0 0 0 0 0 0 0 0 0 0 0 3 8 0 0 2 0 0 39 0 0 3106149 3742527 3410296 0 0 0 2288220 0 0 1371 0 
0 0 0 0 0 0 0 0 0 0 0 0 0 0 0 0 0 0 0 0 0 0 0 3 0 8 8 0 0 39 0 0 0 7166272 3106153 0 0 0 0 0 2286455 1370 0 0 
0 0 0 0 0 0 0 0 0 0 0 0 0 0 0 0 0 0 0 0 0 0 0 3 8 0 0 2 0 0 39 0 0 3106149 3742527 3410296 0 0 0 2288220 0 0 1371 0 
0 0 0 0 0 0 0 0 0 0 0 0 0 0 0 0 0 0 0 0 0 0 0 3 0 8 8 0 0 39 0 0 0 7166272 3106153 0 0 0 0 0 2286455 1370 0 0 
0 0 0 0 0 0 0 0 0 0 0 0 0 0 0 0 0 0 0 0 0 0 0 3 8 0 0 2 0 0 39 0 0 3106149 3742527 3410296 0 0 0 2288220 0 0 1371 0 
0 0 0 0 0 0 0 0 0 0 0 0 0 0 0 0 0 0 0 0 0 0 0 3 0 8 8 0 0 39 0 0 0 7166272 3106153 0 0 0 0 0 2286455 1370 0 0 
0 0 0 0 0 0 0 0 0 0 0 0 0 0 0 0 0 0 0 0 0 0 0 3 8 0 0 2 0 0 39 0 0 3106149 3742527 3410296 0 0 0 2288220 0 0 1371 0 
0 0 0 0 0 0 0 0 0 0 0 0 0 0 0 0 0 0 0 0 0 0 0 3 0 8 8 0 0 39 0 0 0 7166272 3106153 0 0 0 0 0 2286455 1370 0 0 
0 0 0 0 0 0 0 0 0 0 0 0 0 0 0 0 0 0 0 0 0 0 0 3 8 0 0 2 0 0 39 0 0 3106149 3742527 3410296 0 0 0 2288220 0 0 1371 0 
0 0 0 0 0 0 0 0 0 0 0 0 0 0 0 0 0 0 0 0 0 0 0 3 0 8 8 0 0 39 0 0 0 7166272 3106153 0 0 0 0 0 2286455 1370 0 0 
0 0 0 0 0 0 0 0 0 0 0 0 0 0 0 0 0 0 0 0 0 0 0 3 8 0 0 2 0 0 39 0 0 3106149 3742527 3410296 0 0 0 2288220 0 0 1371 0 
0 0 0 0 0 0 0 0 0 0 0 0 0 0 0 0 0 0 0 0 0 0 0 3 0 8 8 0 0 39 0 0 0 7166272 3106153 0 0 0 0 0 2286455 1370 0 0 
0 0 0 0 0 0 0 0 0 0 0 0 0 0 0 0 0 0 0 0 0 0 0 3 8 0 0 2 0 0 39 0 0 3106149 3742527 3410296 0 0 0 2288220 0 0 1371 0 
0 0 0 0 0 0 0 0 0 0 0 0 0 0 0 0 0 0 0 0 0 0 0 3 0 8 8 0 0 39 0 0 0 7166272 3106153 0 0 0 0 0 2286455 1370 0 0 
0 0 0 0 0 0 0 0 0 0 0 0 0 0 0 0 0 0 0 0 0 0 0 3 8 0 0 2 0 0 39 0 0 3106149 3742527 3410296 0 0 0 2288220 0 0 1371 0 
0 0 0 0 0 0 0 0 0 0 0 0 0 0 0 0 0 0 0 0 0 0 0 3 0 8 8 0 0 39 0 0 0 7166272 3106153 0 0 0 0 0 2286455 1370 0 0 
0 0 0 0 0 0 0 0 0 0 0 0 0 0 0 0 0 0 0 0 0 0 0 3 8 0 0 2 0 0 39 0 0 3106149 3742527 3410296 0 0 0 2288220 0 0 1371 0 
0 0 0 0 0 0 0 0 0 0 0 0 0 0 0 0 0 0 0 0 0 0 0 3 0 8 8 0 0 39 0 0 0 7166272 3106153 0 0 0 0 0 2286455 1370 0 0 
0 0 0 0 0 0 0 0 0 0 0 0 0 0 0 0 0 0 0 0 0 0 0 3 8 0 0 2 0 0 39 0 0 3106149 3742527 3410296 0 0 0 2288220 0 0 1371 0 
0 0 0 0 0 0 0 0 0 0 0 0 0 0 0 0 0 0 0 0 0 0 0 3 0 8 8 0 0 39 0 0 0 7166272 3106153 0 0 0 0 0 2286455 1370 0 0 
0 0 0 0 0 0 0 0 0 0 0 0 0 0 0 0 0 0 0 0 0 0 0 3 8 0 0 2 0 0 39 0 0 3106149 3742527 3410296 0 0 0 2288220 0 0 1371 0 
0 0 0 0 0 0 0 0 0 0 0 0 0 0 0 0 0 0 0 0 0 0 0 3 0 8 8 0 0 39 0 0 0 7166272 3106153 0 0 0 0 0 2286455 1370 0 0 
0 0 0 0 0 0 0 0 0 0 0 0 0 0 0 0 0 0 0 0 0 0 0 3 8 0 0 2 0 0 39 0 0 3106149 3742527 3410296 0 0 0 2288220 0 0 1371 0 
0 0 0 0 0 0 0 0 0 0 0 0 0 0 0 0 0 0 0 0 0 0 0 3 0 8 8 0 0 39 0 0 0 7166272 3106153 0 0 0 0 0 2286455 1370 0 0 
0 0 0 0 0 0 0 0 0 0 0 0 0 0 0 0 0 0 0 0 0 0 0 3 8 0 0 2 0 0 39 0 0 3106149 3742527 3410296 0 0 0 2288220 0 0 1371 0 
0 0 0 0 0 0 0 0 0 0 0 0 0 0 0 0 0 0 0 0 0 0 0 3 0 8 8 0 0 39 0 0 0 7166272 3106153 0 0 0 0 0 2286455 1370 0 0 
0 0 0 0 0 0 0 0 0 0 0 0 0 0 0 0 0 0 0 0 0 0 0 3 8 0 0 2 0 0 39 0 0 3106149 3742527 3410296 0 0 0 2288220 0 0 1371 0 
0 0 0 0 0 0 0 0 0 0 0 0 0 0 0 0 0 0 0 0 0 0 0 3 0 8 8 0 0 39 0 0 0 7166272 3106153 0 0 0 0 0 2286455 1370 0 0 
0 0 0 0 0 0 0 0 0 0 0 0 0 0 0 0 0 0 0 0 0 0 0 3 8 0 0 2 0 0 39 0 0 3106149 3742527 3410296 0 0 0 2288220 0 0 1371 0 
0 0 0 0 0 0 0 0 0 0 0 0 0 0 0 0 0 0 0 0 0 0 0 3 0 8 8 0 0 39 0 0 0 7166272 3106153 0 0 0 0 0 2286455 1370 0 0 
0 0 0 0 0 0 0 0 0 0 0 0 0 0 0 0 0 0 0 0 0 0 0 3 8 0 0 2 0 0 39 0 0 3106149 3742527 3410296 0 0 0 2288220 0 0 1371 0 
0 0 0 0 0 0 0 0 0 0 0 0 0 0 0 0 0 0 0 0 0 0 0 3 0 8 8 0 0 39 0 0 0 7166272 3106153 0 0 0 0 0 2286455 1370 0 0 
0 0 0 0 0 0 0 0 0 0 0 0 0 0 0 0 0 0 0 0 0 0 0 3 8 0 0 2 0 0 39 0 0 3106149 3742527 3410296 0 0 0 2288220 0 0 1371 0 
0 0 0 0 0 0 0 0 0 0 0 0 0 0 0 0 0 0 0 0 0 0 0 3 0 8 8 0 0 39 0 0 0 7166272 3106153 0 0 0 0 0 2286455 1370 0 0 
0 0 0 0 0 0 0 0 0 0 0 0 0 0 0 0 0 0 0 0 0 0 0 3 8 0 0 2 0 0 39 0 0 3106149 3742527 3410296 0 0 0 2288220 0 0 1371 0 
0 0 0 0 0 0 0 0 0 0 0 0 0 0 0 0 0 0 0 0 0 0 0 3 0 8 8 0 0 39 0 0 0 7166272 3106153 0 0 0 0 0 2286455 1370 0 0 
0 0 0 0 0 0 0 0 0 0 0 0 0 0 0 0 0 0 0 0 0 0 0 3 8 0 0 2 0 0 39 0 0 3106149 3742527 3410296 0 0 0 2288220 0 0 1371 0 
0 0 0 0 0 0 0 0 0 0 0 0 0 0 0 0 0 0 0 0 0 0 0 3 0 8 8 0 0 39 0 0 0 7166272 3106153 0 0 0 0 0 2286455 1370 0 0 
0 0 0 0 0 0 0 0 0 0 0 0 0 0 0 0 0 0 0 0 0 0 0 3 8 0 0 2 0 0 39 0 0 3106149 3742527 3410296 0 0 0 2288220 0 0 1371 0 
0 0 0 0 0 0 0 0 0 0 0 0 0 0 0 0 0 0 0 0 0 0 0 3 0 8 8 0 0 39 0 0 0 7166272 3106153 0 0 0 0 0 2286455 1370 0 0 
0 0 0 0 0 0 0 0 0 0 0 0 0 0 0 0 0 0 0 0 0 0 0 3 8 0 0 2 0 0 39 0 0 3106149 3742527 3410296 0 0 0 2288220 0 0 1371 0 
0 0 0 0 0 0 0 0 0 0 0 0 0 0 0 0 0 0 0 0 0 0 0 3 0 8 8 0 0 39 0 0 0 7166272 3106153 0 0 0 0 0 2286455 1370 0 0 
0 0 0 0 0 0 0 0 0 0 0 0 0 0 0 0 0 0 0 0 0 0 0 3 8 0 0 2 0 0 39 0 0 3106149 3742527 3410296 0 0 0 2288220 0 0 1371 0 
0 0 0 0 0 0 0 0 0 0 0 0 0 0 0 0 0 0 0 0 0 0 0 3 0 8 8 0 0 39 0 0 0 7166272 3106153 0 0 0 0 0 2286455 1370 0 0 
0 0 0 0 0 0 0 0 0 0 0 0 0 0 0 0 0 0 0 0 0 0 0 3 8 0 0 2 0 0 39 0 0 3106149 3742527 3410296 0 0 0 2288220 0 0 1371 0 
0 0 0 0 0 0 0 0 0 0 0 0 0 0 0 0 0 0 0 0 0 0 0 3 0 8 8 0 0 39 0 0 0 7166272 3106153 0 0 0 0 0 2286455 1370 0 0 
0 0 0 0 0 0 0 0 0 0 0 0 0 0 0 0 0 0 0 0 0 0 0 3 8 0 0 2 0 0 39 0 0 3106149 3742527 3410296 0 0 0 2288220 0 0 1371 0 
0 0 0 0 0 0 0 0 0 0 0 0 0 0 0 0 0 0 0 0 0 0 0 3 0 8 8 0 0 39 0 0 0 7166272 3106153 0 0 0 0 0 2286455 1370 0 0 
0 0 0 0 0 0 0 0 0 0 0 0 0 0 0 0 0 0 0 0 0 0 0 3 8 0 0 2 0 0 39 0 0 3106149 3742527 3410296 0 0 0 2288220 0 0 1371 0 
0 0 0 0 0 0 0 0 0 0 0 0 0 0 0 0 0 0 0 0 0 0 0 3 0 8 8 0 0 39 0 0 0 7166272 3106153 0 0 0 0 0 2286455 1370 0 0 
0 0 0 0 0 0 0 0 0 0 0 0 0 0 0 0 0 0 0 0 0 0 0 3 8 0 0 2 0 0 39 0 0 3106149 3742527 3410296 0 0 0 2288220 0 0 1371 0 
0 0 0 0 0 0 0 0 0 0 0 0 0 0 0 0 0 0 0 0 0 0 0 3 0 8 8 0 0 39 0 0 0 7166272 3106153 0 0 0 0 0 2286455 1370 0 0 
0 0 0 0 0 0 0 0 0 0 0 0 0 0 0 0 0 0 0 0 0 0 0 3 8 0 0 2 0 0 39 0 0 3106149 3742527 3410296 0 0 0 2288220 0 0 1371 0 
0 0 0 0 0 0 0 0 0 0 0 0 0 0 0 0 0 0 0 0 0 0 0 3 0 8 8 0 0 39 0 0 0 7166272 3106153 0 0 0 0 0 2286455 1370 0 0 
0 0 0 0 0 0 0 0 0 0 0 0 0 0 0 0 0 0 0 0 0 0 0 3 8 0 0 2 0 0 39 0 0 3106149 3742527 3410296 0 0 0 2288220 0 0 1371 0 
0 0 0 0 0 0 0 0 0 0 0 0 0 0 0 0 0 0 0 0 0 0 0 3 0 8 8 0 0 39 0 0 0 7166272 3106153 0 0 0 0 0 2286455 1370 0 0 
0 0 0 0 0 0 0 0 0 0 0 0 0 0 0 0 0 0 0 0 0 0 0 3 8 0 0 2 0 0 39 0 0 3106149 3742527 3410296 0 0 0 2288220 0 0 1371 0 
0 0 0 0 0 0 0 0 0 0 0 0 0 0 0 0 0 0 0 0 0 0 0 3 0 8 8 0 0 39 0 0 0 7166272 3106153 0 0 0 0 0 2286455 1370 0 0 
0 0 0 0 0 0 0 0 0 0 0 0 0 0 0 0 0 0 0 0 0 0 0 3 8 0 0 2 0 0 39 0 0 3106149 3742527 3410296 0 0 0 2288220 0 0 1371 0 
0 0 0 0 0 0 0 0 0 0 0 0 0 0 0 0 0 0 0 0 0 0 0 3 0 8 8 0 0 39 0 0 0 7166272 3106153 0 0 0 0 0 2286455 1370 0 0 
0 0 0 0 0 0 0 0 0 0 0 0 0 0 0 0 0 0 0 0 0 0 0 3 8 0 0 2 0 0 39 0 0 3106149 3742527 3410296 0 0 0 2288220 0 0 1371 0 
0 0 0 0 0 0 0 0 0 0 0 0 0 0 0 0 0 0 0 0 0 0 0 3 0 8 8 0 0 39 0 0 0 7166272 3106153 0 0 0 0 0 2286455 1370 0 0 
0 0 0 0 0 0 0 0 0 0 0 0 0 0 0 0 0 0 0 0 0 0 0 3 8 0 0 2 0 0 39 0 0 3106149 3742527 3410296 0 0 0 2288220 0 0 1371 0 
0 0 0 0 0 0 0 0 0 0 0 0 0 0 0 0 0 0 0 0 0 0 0 3 0 8 8 0 0 39 0 0 0 7166272 3106153 0 0 0 0 0 2286455 1370 0 0 
0 0 0 0 0 0 0 0 0 0 0 0 0 0 0 0 0 0 0 0 0 0 0 3 8 0 0 2 0 0 39 0 0 3106149 3742527 3410296 0 0 0 2288220 0 0 1371 0 
0 0 0 0 0 0 0 0 0 0 0 0 0 0 0 0 0 0 0 0 0 0 0 3 0 8 8 0 0 39 0 0 0 7166272 3106153 0 0 0 0 0 2286455 1370 0 0 
0 0 0 0 0 0 0 0 0 0 0 0 0 0 0 0 0 0 0 0 0 0 0 3 8 0 0 2 0 0 39 0 0 3106149 3742527 3410296 0 0 0 2288220 0 0 1371 0 
0 0 0 0 0 0 0 0 0 0 0 0 0 0 0 0 0 0 0 0 0 0 0 3 0 8 8 0 0 39 0 0 0 7166272 3106153 0 0 0 0 0 2286455 1370 0 0 
0 0 0 0 0 0 0 0 0 0 0 0 0 0 0 0 0 0 0 0 0 0 0 3 8 0 0 2 0 0 39 0 0 3106149 3742527 3410296 0 0 0 2288220 0 0 1371 0 
0 0 0 0 0 0 0 0 0 0 0 0 0 0 0 0 0 0 0 0 0 0 0 3 0 8 8 0 0 39 0 0 0 7166272 3106153 0 0 0 0 0 2286455 1370 0 0 
0 0 0 0 0 0 0 0 0 0 0 0 0 0 0 0 0 0 0 0 0 0 0 3 8 0 0 2 0 0 39 0 0 3106149 3742527 3410296 0 0 0 2288220 0 0 1371 0 
0 0 0 0 0 0 0 0 0 0 0 0 0 0 0 0 0 0 0 0 0 0 0 3 0 8 12 0 0 56 0 0 0 7264252 3106168 0 0 0 0 0 2286468 1391 0 0 
0 0 0 0 0 0 0 0 0 0 0 0 0 0 0 0 0 0 0 0 0 0 0 3 12 0 0 2 0 0 56 0 0 3106164 3826135 3424691 0 0 0 2288233 0 0 1392 0 
0 0 0 0 0 0 0 0 0 0 0 0 0 0 0 0 0 0 0 0 0 0 0 3 0 8 12 0 0 56 0 0 0 7419708 3106168 0 0 0 0 0 2286469 1391 0 0 
0 0 0 0 0 0 0 0 0 0 0 0 0 0 0 0 0 0 0 0 0 0 0 3 12 0 0 2 0 0 56 0 0 3106164 3981421 3424898 0 0 0 2288234 0 0 1392 0 
0 0 0 0 0 0 0 0 0 0 0 0 0 0 0 0 0 0 0 0 0 0 0 3 0 8 12 0 0 56 0 0 0 7549301 3106168 0 0 0 0 0 2286469 1391 0 0 
0 0 0 0 0 0 0 0 0 0 0 0 0 0 0 0 0 0 0 0 0 0 0 3 12 0 0 2 0 0 56 0 0 3106164 4110946 3424994 0 0 0 2288234 0 0 1392 0 
0 0 0 0 0 0 0 0 0 0 0 0 0 0 0 0 0 0 0 0 0 0 0 3 0 8 12 0 0 56 0 0 0 7665248 3106168 0 0 0 0 0 2286469 1391 0 0 
0 0 0 0 0 0 0 0 0 0 0 0 0 0 0 0 0 0 0 0 0 0 0 3 12 0 0 2 0 0 56 0 0 3106164 4226877 3425019 0 0 0 2288234 0 0 1392 0 
0 0 0 0 0 0 0 0 0 0 0 0 0 0 0 0 0 0 0 0 0 0 0 3 0 8 12 0 0 56 0 0 0 7782568 3106168 0 0 0 0 0 2286469 1391 0 0 
0 0 0 0 0 0 0 0 0 0 0 0 0 0 0 0 0 0 0 0 0 0 0 3 12 0 0 2 0 0 56 0 0 3106164 4344197 3425027 0 0 0 2288234 0 0 1392 0 
0 0 0 0 0 0 0 0 0 0 0 0 0 0 0 0 0 0 0 0 0 0 0 3 0 8 12 0 0 56 0 0 0 7847987 3106168 0 0 0 0 0 2286469 1391 0 0 
0 0 0 0 0 0 0 0 0 0 0 0 0 0 0 0 0 0 0 0 0 0 0 3 12 0 0 2 0 0 56 0 0 3106164 4409614 3425029 0 0 0 2288234 0 0 1392 0 
0 0 0 0 0 0 0 0 0 0 0 0 0 0 0 0 0 0 0 0 0 0 0 3 0 8 12 0 0 56 0 0 0 7881452 3106169 0 0 0 0 0 2286471 1395 0 0 
0 0 0 0 0 0 0 0 0 0 0 0 0 0 0 0 0 0 0 0 0 0 0 3 12 0 0 2 0 0 56 0 0 3106165 4443078 3425030 0 0 0 2288236 0 0 1392 0 
0 0 0 0 0 0 0 0 0 0 0 0 0 0 0 0 0 0 0 0 0 0 0 3 0 8 12 0 0 57 0 0 0 7881797 3106174 0 0 0 0 0 2286474 1399 0 0 
0 0 0 0 0 0 0 0 0 0 0 0 0 0 0 0 0 0 0 0 0 0 0 3 12 0 0 2 0 0 57 0 0 3106170 4443250 3425203 0 0 0 2288239 0 0 1396 0 
0 0 0 0 0 0 0 0 0 0 0 0 0 0 0 0 0 0 0 0 0 0 0 3 0 8 12 0 0 58 0 0 0 7902864 3110562 0 0 0 0 0 2417157 1426 0 0 
0 0 0 0 0 0 0 0 0 0 0 0 0 0 0 0 0 0 0 0 0 0 0 3 12 0 0 2 0 0 58 0 0 3110558 4447545 3441963 0 0 0 2418938 0 0 1427 0 
0 0 0 0 0 0 0 0 0 0 0 0 0 0 0 0 0 0 0 0 0 0 0 3 0 8 12 0 0 58 0 0 0 7983702 3122782 0 0 0 0 0 2417159 1426 0 0 
0 0 0 0 0 0 0 0 0 0 0 0 0 0 0 0 0 0 0 0 0 0 0 3 12 0 0 2 0 0 58 0 0 3122778 4528394 3441963 0 0 0 2418940 0 0 1427 0 
0 0 0 0 0 0 0 0 0 0 0 0 0 0 0 0 0 0 0 0 0 0 0 3 0 8 12 0 0 58 0 0 0 8034381 3122794 0 0 0 0 0 2493760 1438 0 0 
0 0 0 0 0 0 0 0 0 0 0 0 0 0 0 0 0 0 0 0 0 0 0 3 12 0 0 2 0 0 58 0 0 3122790 4564346 3456693 0 0 0 2495557 0 0 1435 0 
0 0 0 0 0 0 0 0 0 0 0 0 0 0 0 0 0 0 0 0 0 0 0 3 0 8 12 0 0 58 0 0 0 8079335 3139375 0 0 0 0 0 2538214 1462 0 0 
0 0 0 0 0 0 0 0 0 0 0 0 0 0 0 0 0 0 0 0 0 0 0 3 12 0 0 2 0 0 58 0 0 3139371 4607421 3458574 0 0 0 2540007 0 0 1463 0 
0 0 0 0 0 0 0 0 0 0 0 0 0 0 0 0 0 0 0 0 0 0 0 3 0 8 12 0 0 58 0 0 0 8153421 3139375 0 0 0 0 0 2538216 1462 0 0 
0 0 0 0 0 0 0 0 0 0 0 0 0 0 0 0 0 0 0 0 0 0 0 3 12 0 0 2 0 0 58 0 0 3139371 4681507 3458575 0 0 0 2540009 0 0 1463 0 
0 0 0 0 0 0 0 0 0 0 0 0 0 0 0 0 0 0 0 0 0 0 0 3 0 8 12 0 0 58 0 0 0 8177830 3143982 0 0 0 0 0 2658796 1497 0 0 
0 0 0 0 0 0 0 0 0 0 0 0 0 0 0 0 0 0 0 0 0 0 0 3 12 0 0 2 0 0 58 0 0 3143978 4689319 3475156 0 0 0 2660603 0 0 1498 0 
0 0 0 0 0 0 0 0 0 0 0 0 0 0 0 0 0 0 0 0 0 0 0 3 0 8 12 0 0 58 0 0 0 8250394 3155968 0 0 0 0 0 2658796 1497 0 0 
0 0 0 0 0 0 0 0 0 0 0 0 0 0 0 0 0 0 0 0 0 0 0 3 12 0 0 2 0 0 58 0 0 3155964 4761044 3475999 0 0 0 2660603 0 0 1498 0 
0 0 0 0 0 0 0 0 0 0 0 0 0 0 0 0 0 0 0 0 0 0 0 3 0 8 12 0 0 58 0 0 0 8309697 3155979 0 0 0 0 0 2698364 1509 0 0 
0 0 0 0 0 0 0 0 0 0 0 0 0 0 0 0 0 0 0 0 0 0 0 3 12 0 0 2 0 0 58 0 0 3155975 4805587 3490750 0 0 0 2700187 0 0 1506 0 
0 0 0 0 0 0 0 0 0 0 0 0 0 0 0 0 0 0 0 0 0 0 0 3 0 8 12 0 0 58 0 0 0 8340569 3169693 0 0 0 0 0 2779363 1530 0 0 
0 0 0 0 0 0 0 0 0 0 0 0 0 0 0 0 0 0 0 0 0 0 0 3 12 0 0 2 0 0 58 0 0 3169690 4834164 3493044 0 0 0 2781183 0 0 1531 0 
0 0 0 0 0 0 0 0 0 0 0 0 0 0 0 0 0 0 0 0 0 0 0 3 0 8 12 0 0 58 0 0 0 8413220 3172557 0 0 0 0 0 2779365 1530 0 0 
0 0 0 0 0 0 0 0 0 0 0 0 0 0 0 0 0 0 0 0 0 0 0 3 12 0 0 2 0 0 58 0 0 3172553 4906037 3493826 0 0 0 2781185 0 0 1531 0 
0 0 0 0 0 0 0 0 0 0 0 0 0 0 0 0 0 0 0 0 0 0 0 3 0 8 12 0 0 58 0 0 0 8448215 3172569 0 0 0 0 0 2871054 1542 0 0 
0 0 0 0 0 0 0 0 0 0 0 0 0 0 0 0 0 0 0 0 0 0 0 3 12 0 0 2 0 0 58 0 0 3172565 4926192 3508655 0 0 0 2872894 0 0 1539 0 
0 0 0 0 0 0 0 0 0 0 0 0 0 0 0 0 0 0 0 0 0 0 0 3 0 8 12 0 0 58 0 0 0 8497651 3189149 0 0 0 0 0 2899931 1564 0 0 
0 0 0 0 0 0 0 0 0 0 0 0 0 0 0 0 0 0 0 0 0 0 0 3 12 0 0 2 0 0 58 0 0 3189145 4972872 3511411 0 0 0 2901773 0 0 1565 0 
0 0 0 0 0 0 0 0 0 0 0 0 0 0 0 0 0 0 0 0 0 0 0 3 0 8 12 0 0 58 0 0 0 8564584 3189149 0 0 0 0 0 2899933 1564 0 0 
0 0 0 0 0 0 0 0 0 0 0 0 0 0 0 0 0 0 0 0 0 0 0 3 12 0 0 2 0 0 58 0 0 3189145 5039351 3511867 0 0 0 2901775 0 0 1565 0 
0 0 0 0 0 0 0 0 0 0 0 0 0 0 0 0 0 0 0 0 0 0 0 3 0 8 12 0 0 58 0 0 0 8588874 3189379 0 0 0 0 0 3020506 1598 0 0 
0 0 0 0 0 0 0 0 0 0 0 0 0 0 0 0 0 0 0 0 0 0 0 3 12 0 0 2 0 0 58 0 0 3189376 5047053 3528442 0 0 0 3022363 0 0 1599 0 
0 0 0 0 0 0 0 0 0 0 0 0 0 0 0 0 0 0 0 0 0 0 0 3 0 8 12 0 0 58 0 0 0 8654366 3205739 0 0 0 0 0 3020506 1598 0 0 
0 0 0 0 0 0 0 0 0 0 0 0 0 0 0 0 0 0 0 0 0 0 0 3 12 0 0 2 0 0 58 0 0 3205735 5111131 3529865 0 0 0 3022363 0 0 1599 0 
0 0 0 0 0 0 0 0 0 0 0 0 0 0 0 0 0 0 0 0 0 0 0 3 0 8 12 0 0 58 0 0 0 8712780 3205746 0 0 0 0 0 3026540 1606 0 0 
0 0 0 0 0 0 0 0 0 0 0 0 0 0 0 0 0 0 0 0 0 0 0 3 12 0 0 2 0 0 58 0 0 3205742 5167407 3532000 0 0 0 3028403 0 0 1607 0 
0 0 0 0 0 0 0 0 0 0 0 0 0 0 0 0 0 0 0 0 0 0 0 3 0 8 12 0 0 58 0 0 0 8738795 3212909 0 0 0 0 0 3141070 1632 0 0 
0 0 0 0 0 0 0 0 0 0 0 0 0 0 0 0 0 0 0 0 0 0 0 3 12 0 0 2 0 0 58 0 0 3212905 5178804 3546608 0 0 0 3142945 0 0 1633 0 
0 0 0 0 0 0 0 0 0 0 0 0 0 0 0 0 0 0 0 0 0 0 0 3 0 8 12 0 0 58 0 0 0 8815295 3222329 0 0 0 0 0 3141072 1632 0 0 
0 0 0 0 0 0 0 0 0 0 0 0 0 0 0 0 0 0 0 0 0 0 0 3 12 0 0 2 0 0 58 0 0 3222325 5254847 3547067 0 0 0 3142947 0 0 1633 0 
0 0 0 0 0 0 0 0 0 0 0 0 0 0 0 0 0 0 0 0 0 0 0 3 0 8 12 0 0 58 0 0 0 8863176 3222340 0 0 0 0 0 3211790 1644 0 0 
0 0 0 0 0 0 0 0 0 0 0 0 0 0 0 0 0 0 0 0 0 0 0 3 12 0 0 2 0 0 58 0 0 3222336 5288018 3561775 0 0 0 3213682 0 0 1641 0 
0 0 0 0 0 0 0 0 0 0 0 0 0 0 0 0 0 0 0 0 0 0 0 3 0 8 12 0 0 58 0 0 0 8901862 3238919 0 0 0 0 0 3261642 1665 0 0 
0 0 0 0 0 0 0 0 0 0 0 0 0 0 0 0 0 0 0 0 0 0 0 3 12 0 0 2 0 0 58 0 0 3238915 5324256 3564219 0 0 0 3263537 0 0 1666 0 
0 0 0 0 0 0 0 0 0 0 0 0 0 0 0 0 0 0 0 0 0 0 0 3 0 8 12 0 0 58 0 0 0 8974220 3238919 0 0 0 0 0 3261644 1665 0 0 
0 0 0 0 0 0 0 0 0 0 0 0 0 0 0 0 0 0 0 0 0 0 0 3 12 0 0 2 0 0 58 0 0 3238915 5395987 3564853 0 0 0 3263539 0 0 1666 0 
0 0 0 0 0 0 0 0 0 0 0 0 0 0 0 0 0 0 0 0 0 0 0 3 0 8 12 0 0 58 0 0 0 9001630 3238945 0 0 0 0 0 3367803 1698 0 0 
0 0 0 0 0 0 0 0 0 0 0 0 0 0 0 0 0 0 0 0 0 0 0 3 12 0 0 2 0 0 58 0 0 3238941 5408638 3579596 0 0 0 3369711 0 0 1699 0 
0 0 0 0 0 0 0 0 0 0 0 0 0 0 0 0 0 0 0 0 0 0 0 3 0 8 12 0 0 58 0 0 0 9063542 3255514 0 0 0 0 0 3382213 1698 0 0 
0 0 0 0 0 0 0 0 0 0 0 0 0 0 0 0 0 0 0 0 0 0 0 3 12 0 0 2 0 0 58 0 0 3255510 5467858 3582289 0 0 0 3384121 0 0 1699 0 
0 0 0 0 0 0 0 0 0 0 0 0 0 0 0 0 0 0 0 0 0 0 0 3 0 8 12 0 0 58 0 0 0 9127345 3255523 0 0 0 0 0 3388540 1706 0 0 
0 0 0 0 0 0 0 0 0 0 0 0 0 0 0 0 0 0 0 0 0 0 0 3 12 0 0 2 0 0 58 0 0 3255519 5529237 3584704 0 0 0 3390457 0 0 1707 0 
0 0 0 0 0 0 0 0 0 0 0 0 0 0 0 0 0 0 0 0 0 0 0 3 0 8 12 0 0 58 0 0 0 9154082 3263077 0 0 0 0 0 3502772 1732 0 0 
0 0 0 0 0 0 0 0 0 0 0 0 0 0 0 0 0 0 0 0 0 0 0 3 12 0 0 2 0 0 58 0 0 3263073 5541433 3599238 0 0 0 3504698 0 0 1733 0 
0 0 0 0 0 0 0 0 0 0 0 0 0 0 0 0 0 0 0 0 0 0 0 3 0 8 12 0 0 58 0 0 0 9225945 3272111 0 0 0 0 0 3502774 1732 0 0 
0 0 0 0 0 0 0 0 0 0 0 0 0 0 0 0 0 0 0 0 0 0 0 3 12 0 0 2 0 0 58 0 0 3272107 5612147 3600388 0 0 0 3504700 0 0 1733 0 
0 0 0 0 0 0 0 0 0 0 0 0 0 0 0 0 0 0 0 0 0 0 0 3 0 8 12 0 0 58 0 0 0 9278370 3272122 0 0 0 0 0 3552478 1744 0 0 
0 0 0 0 0 0 0 0 0 0 0 0 0 0 0 0 0 0 0 0 0 0 0 3 12 0 0 2 0 0 58 0 0 3272118 5649844 3615113 0 0 0 3554415 0 0 1741 0 
0 0 0 0 0 0 0 0 0 0 0 0 0 0 0 0 0 0 0 0 0 0 0 3 0 8 12 0 0 58 0 0 0 9311871 3288214 0 0 0 0 0 3623337 1766 0 0 
0 0 0 0 0 0 0 0 0 0 0 0 0 0 0 0 0 0 0 0 0 0 0 3 12 0 0 2 0 0 58 0 0 3288210 5680985 3617471 0 0 0 3625271 0 0 1767 0 
0 0 0 0 0 0 0 0 0 0 0 0 0 0 0 0 0 0 0 0 0 0 0 3 0 8 12 0 0 58 0 0 0 9385717 3288701 0 0 0 0 0 3623339 1766 0 0 
0 0 0 0 0 0 0 0 0 0 0 0 0 0 0 0 0 0 0 0 0 0 0 3 12 0 0 2 0 0 58 0 0 3288697 5754361 3617945 0 0 0 3625273 0 0 1767 0 
0 0 0 0 0 0 0 0 0 0 0 0 0 0 0 0 0 0 0 0 0 0 0 3 0 8 12 0 0 58 0 0 0 9416565 3288712 0 0 0 0 0 3727033 1778 0 0 
0 0 0 0 0 0 0 0 0 0 0 0 0 0 0 0 0 0 0 0 0 0 0 3 12 0 0 2 0 0 58 0 0 3288708 5770451 3632689 0 0 0 3728999 0 0 1775 0 
0 0 0 0 0 0 0 0 0 0 0 0 0 0 0 0 0 0 0 0 0 0 0 3 0 8 12 0 0 58 0 0 0 9478978 3305293 0 0 0 0 0 3743903 1803 0 0 
0 0 0 0 0 0 0 0 0 0 0 0 0 0 0 0 0 0 0 0 0 0 0 3 12 0 0 2 0 0 58 0 0 3305288 5830125 3635430 0 0 0 3745869 0 0 1804 0 
0 0 0 0 0 0 0 0 0 0 0 0 0 0 0 0 0 0 0 0 0 0 0 3 0 8 12 0 0 58 0 0 0 9542355 3305300 0 0 0 0 0 3750534 1811 0 0 
0 0 0 0 0 0 0 0 0 0 0 0 0 0 0 0 0 0 0 0 0 0 0 3 12 0 0 2 0 0 58 0 0 3305295 5891056 3637870 0 0 0 3752507 0 0 1812 0 
0 0 0 0 0 0 0 0 0 0 0 0 0 0 0 0 0 0 0 0 0 0 0 3 0 8 12 0 0 58 0 0 0 9571116 3312801 0 0 0 0 0 3864462 1836 0 0 
0 0 0 0 0 0 0 0 0 0 0 0 0 0 0 0 0 0 0 0 0 0 0 3 12 0 0 2 0 0 58 0 0 3312797 5905347 3652326 0 0 0 3866450 0 0 1837 0 
0 0 0 0 0 0 0 0 0 0 0 0 0 0 0 0 0 0 0 0 0 0 0 3 0 8 12 0 0 58 0 0 0 9645226 3321887 0 0 0 0 0 3864464 1836 0 0 
0 0 0 0 0 0 0 0 0 0 0 0 0 0 0 0 0 0 0 0 0 0 0 3 12 0 0 2 0 0 58 0 0 3321882 5978615 3653170 0 0 0 3866452 0 0 1837 0 
0 0 0 0 0 0 0 0 0 0 0 0 0 0 0 0 0 0 0 0 0 0 0 3 0 8 12 0 0 58 0 0 0 9693199 3321898 0 0 0 0 0 3930443 1848 0 0 
0 0 0 0 0 0 0 0 0 0 0 0 0 0 0 0 0 0 0 0 0 0 0 3 12 0 0 2 0 0 58 0 0 3321893 6011663 3668089 0 0 0 3932444 0 0 1845 0 
0 0 0 0 0 0 0 0 0 0 0 0 0 0 0 0 0 0 0 0 0 0 0 3 0 8 12 0 0 58 0 0 0 9730680 3338478 0 0 0 0 0 3985030 1873 0 0 
0 0 0 0 0 0 0 0 0 0 0 0 0 0 0 0 0 0 0 0 0 0 0 3 12 0 0 2 0 0 58 0 0 3338472 6046722 3670515 0 0 0 3987030 0 0 1874 0 
0 0 0 0 0 0 0 0 0 0 0 0 0 0 0 0 0 0 0 0 0 0 0 3 0 8 12 0 0 58 0 0 0 9803362 3338478 0 0 0 0 0 3985032 1873 0 0 
0 0 0 0 0 0 0 0 0 0 0 0 0 0 0 0 0 0 0 0 0 0 0 3 12 0 0 2 0 0 58 0 0 3338472 6119043 3670882 0 0 0 3987032 0 0 1874 0 
0 0 0 0 0 0 0 0 0 0 0 0 0 0 0 0 0 0 0 0 0 0 0 3 0 8 12 0 0 58 0 0 0 9831295 3338489 0 0 0 0 0 4090257 1885 0 0 
0 0 0 0 0 0 0 0 0 0 0 0 0 0 0 0 0 0 0 0 0 0 0 3 12 0 0 2 0 0 58 0 0 3338483 6132268 3685579 0 0 0 4092280 0 0 1882 0 
0 0 0 0 0 0 0 0 0 0 0 0 0 0 0 0 0 0 0 0 0 0 0 3 0 8 12 0 0 58 0 0 0 9890994 3355070 0 0 0 0 0 4105598 1909 0 0 
0 0 0 0 0 0 0 0 0 0 0 0 0 0 0 0 0 0 0 0 0 0 0 3 12 0 0 2 0 0 58 0 0 3355064 6189270 3688273 0 0 0 4107625 0 0 1910 0 
0 0 0 0 0 0 0 0 0 0 0 0 0 0 0 0 0 0 0 0 0 0 0 3 0 8 12 0 0 58 0 0 0 9954776 3355077 0 0 0 0 0 4105744 1917 0 0 
0 0 0 0 0 0 0 0 0 0 0 0 0 0 0 0 0 0 0 0 0 0 0 3 12 0 0 2 0 0 58 0 0 3355071 6252874 3688448 0 0 0 4107775 0 0 1918 0 
0 0 0 0 0 0 0 0 0 0 0 0 0 0 0 0 0 0 0 0 0 0 0 3 0 8 12 0 0 58 0 0 0 9983055 3361972 0 0 0 0 0 4226159 1941 0 0 
0 0 0 0 0 0 0 0 0 0 0 0 0 0 0 0 0 0 0 0 0 0 0 3 12 0 0 2 0 0 58 0 0 3361966 6264527 3705067 0 0 0 4228219 0 0 1942 0 
0 0 0 0 0 0 0 0 0 0 0 0 0 0 0 0 0 0 0 0 0 0 0 3 0 8 12 0 0 58 0 0 0 10057443 3371658 0 0 0 0 0 4226161 1941 0 0 
0 0 0 0 0 0 0 0 0 0 0 0 0 0 0 0 0 0 0 0 0 0 0 3 12 0 0 2 0 0 58 0 0 3371652 6337965 3706021 0 0 0 4228221 0 0 1942 0 
0 0 0 0 0 0 0 0 0 0 0 0 0 0 0 0 0 0 0 0 0 0 0 3 0 8 12 0 0 58 0 0 0 10107952 3371669 0 0 0 0 0 4278248 1953 0 0 
0 0 0 0 0 0 0 0 0 0 0 0 0 0 0 0 0 0 0 0 0 0 0 3 12 0 0 2 0 0 58 0 0 3371663 6373484 3720997 0 0 0 4280336 0 0 1950 0 
0 0 0 0 0 0 0 0 0 0 0 0 0 0 0 0 0 0 0 0 0 0 0 3 0 8 12 0 0 58 0 0 0 10142055 3387933 0 0 0 0 0 4346723 1976 0 0 
0 0 0 0 0 0 0 0 0 0 0 0 0 0 0 0 0 0 0 0 0 0 0 3 12 0 0 2 0 0 58 0 0 3387928 6405275 3723303 0 0 0 4348810 0 0 1977 0 
0 0 0 0 0 0 0 0 0 0 0 0 0 0 0 0 0 0 0 0 0 0 0 3 0 8 12 0 0 58 0 0 0 10215835 3388251 0 0 0 0 0 4346725 1976 0 0 
0 0 0 0 0 0 0 0 0 0 0 0 0 0 0 0 0 0 0 0 0 0 0 3 12 0 0 2 0 0 58 0 0 3388245 6478451 3723909 0 0 0 4348812 0 0 1977 0 
0 0 0 0 0 0 0 0 0 0 0 0 0 0 0 0 0 0 0 0 0 0 0 3 0 8 12 0 0 58 0 0 0 10246191 3388262 0 0 0 0 0 4445934 1988 0 0 
0 0 0 0 0 0 0 0 0 0 0 0 0 0 0 0 0 0 0 0 0 0 0 3 12 0 0 2 0 0 58 0 0 3388256 6494095 3738607 0 0 0 4448034 0 0 1985 0 
0 0 0 0 0 0 0 0 0 0 0 0 0 0 0 0 0 0 0 0 0 0 0 3 0 8 12 0 0 58 0 0 0 10298082 3404841 0 0 0 0 0 4467292 2008 0 0 
0 0 0 0 0 0 0 0 0 0 0 0 0 0 0 0 0 0 0 0 0 0 0 3 12 0 0 2 0 0 58 0 0 3404835 6543352 3741243 0 0 0 4469389 0 0 2009 0 
0 0 0 0 0 0 0 0 0 0 0 0 0 0 0 0 0 0 0 0 0 0 0 3 0 8 12 0 0 58 0 0 0 10366890 3404841 0 0 0 0 0 4467294 2008 0 0 
0 0 0 0 0 0 0 0 0 0 0 0 0 0 0 0 0 0 0 0 0 0 0 3 12 0 0 2 0 0 58 0 0 3404835 6611897 3741510 0 0 0 4469391 0 0 2009 0 
0 0 0 0 0 0 0 0 0 0 0 0 0 0 0 0 0 0 0 0 0 0 0 3 0 8 12 0 0 58 0 0 0 10391212 3409463 0 0 0 0 0 4587856 2042 0 0 
0 0 0 0 0 0 0 0 0 0 0 0 0 0 0 0 0 0 0 0 0 0 0 3 12 0 0 2 0 0 58 0 0 3409457 6619626 3758097 0 0 0 4589978 0 0 2043 0 
0 0 0 0 0 0 0 0 0 0 0 0 0 0 0 0 0 0 0 0 0 0 0 3 0 8 12 0 0 58 0 0 0 10464486 3421429 0 0 0 0 0 4587856 2042 0 0 
0 0 0 0 0 0 0 0 0 0 0 0 0 0 0 0 0 0 0 0 0 0 0 3 12 0 0 2 0 0 58 0 0 3421423 6692048 3758952 0 0 0 4589978 0 0 2043 0 
0 0 0 0 0 0 0 0 0 0 0 0 0 0 0 0 0 0 0 0 0 0 0 3 0 8 12 0 0 58 0 0 0 10522681 3421441 0 0 0 0 0 4636950 2054 0 0 
0 0 0 0 0 0 0 0 0 0 0 0 0 0 0 0 0 0 0 0 0 0 0 3 12 0 0 2 0 0 58 0 0 3421435 6735309 3773874 0 0 0 4639091 0 0 2051 0 
0 0 0 0 0 0 0 0 0 0 0 0 0 0 0 0 0 0 0 0 0 0 0 3 0 12 12 0 0 58 0 0 0 10522695 3421451 0 0 0 0 0 4693907 2065 0 0 
0 0 0 0 0 0 0 0 0 0 0 0 0 0 0 0 0 0 0 0 0 0 0 3 12 0 0 3 0 0 58 0 0 3421445 6735315 3773882 0 0 0 4696043 0 0 2066 0 
<====
0 0 0 0 0 0 0 0 0 0 0 0 0 0 0 0 0 0 0 0 0 0 0 3 0 12 12 0 0 58 0 0 0 10522695 3421451 0 0 0 0 0 4693907 2065 0 0 
0 0 0 0 0 0 0 0 0 0 0 0 0 0 0 0 0 0 0 0 0 0 0 3 12 0 0 3 0 0 58 0 0 3421445 6735315 3773882 0 0 0 4696043 0 0 2066 0 
0 0 0 0 0 0 0 0 0 0 0 0 0 0 0 0 0 0 0 0 0 0 0 3 0 12 12 0 0 58 0 0 0 10522695 3421451 0 0 0 0 0 4693907 2065 0 0 
0 0 0 0 0 0 0 0 0 0 0 0 0 0 0 0 0 0 0 0 0 0 0 3 12 0 0 3 0 0 58 0 0 3421445 6735315 3773882 0 0 0 4696043 0 0 2066 0 
0 0 0 0 0 0 0 0 0 0 0 0 0 0 0 0 0 0 0 0 0 0 0 3 0 12 12 0 0 58 0 0 0 10522695 3421451 0 0 0 0 0 4693907 2065 0 0 
0 0 0 0 0 0 0 0 0 0 0 0 0 0 0 0 0 0 0 0 0 0 0 3 12 0 0 3 0 0 58 0 0 3421445 6735315 3773882 0 0 0 4696043 0 0 2066 0 
0 0 0 0 0 0 0 0 0 0 0 0 0 0 0 0 0 0 0 0 0 0 0 3 0 12 12 0 0 58 0 0 0 10522695 3421451 0 0 0 0 0 4693907 2065 0 0 
0 0 0 0 0 0 0 0 0 0 0 0 0 0 0 0 0 0 0 0 0 0 0 3 12 0 0 3 0 0 58 0 0 3421445 6735315 3773882 0 0 0 4696043 0 0 2066 0 
0 0 0 0 0 0 0 0 0 0 0 0 0 0 0 0 0 0 0 0 0 0 0 3 0 12 12 0 0 58 0 0 0 10522695 3421451 0 0 0 0 0 4693907 2065 0 0 
0 0 0 0 0 0 0 0 0 0 0 0 0 0 0 0 0 0 0 0 0 0 0 3 12 0 0 3 0 0 58 0 0 3421445 6735315 3773882 0 0 0 4696043 0 0 2066 0 
0 0 0 0 0 0 0 0 0 0 0 0 0 0 0 0 0 0 0 0 0 0 0 3 0 12 12 0 0 58 0 0 0 10522695 3421451 0 0 0 0 0 4693907 2065 0 0 
0 0 0 0 0 0 0 0 0 0 0 0 0 0 0 0 0 0 0 0 0 0 0 3 12 0 0 3 0 0 58 0 0 3421445 6735315 3773882 0 0 0 4696043 0 0 2066 0 
0 0 0 0 0 0 0 0 0 0 0 0 0 0 0 0 0 0 0 0 0 0 0 3 0 12 12 0 0 58 0 0 0 10522695 3421451 0 0 0 0 0 4693907 2065 0 0 
0 0 0 0 0 0 0 0 0 0 0 0 0 0 0 0 0 0 0 0 0 0 0 3 12 0 0 3 0 0 58 0 0 3421445 6735315 3773882 0 0 0 4696043 0 0 2066 0 
0 0 0 0 0 0 0 0 0 0 0 0 0 0 0 0 0 0 0 0 0 0 0 3 0 12 12 0 0 58 0 0 0 10522695 3421451 0 0 0 0 0 4693907 2065 0 0 
0 0 0 0 0 0 0 0 0 0 0 0 0 0 0 0 0 0 0 0 0 0 0 3 12 0 0 3 0 0 58 0 0 3421445 6735315 3773882 0 0 0 4696043 0 0 2066 0 
0 0 0 0 0 0 0 0 0 0 0 0 0 0 0 0 0 0 0 0 0 0 0 3 0 12 12 0 0 58 0 0 0 10522695 3421451 0 0 0 0 0 4693907 2065 0 0 
0 0 0 0 0 0 0 0 0 0 0 0 0 0 0 0 0 0 0 0 0 0 0 3 12 0 0 3 0 0 58 0 0 3421445 6735315 3773882 0 0 0 4696043 0 0 2066 0 
0 0 0 0 0 0 0 0 0 0 0 0 0 0 0 0 0 0 0 0 0 0 0 3 0 12 12 0 0 58 0 0 0 10522695 3421451 0 0 0 0 0 4693907 2065 0 0 
0 0 0 0 0 0 0 0 0 0 0 0 0 0 0 0 0 0 0 0 0 0 0 3 12 0 0 3 0 0 58 0 0 3421445 6735315 3773882 0 0 0 4696043 0 0 2066 0 
0 0 0 0 0 0 0 0 0 0 0 0 0 0 0 0 0 0 0 0 0 0 0 3 0 12 12 0 0 58 0 0 0 10522695 3421451 0 0 0 0 0 4693907 2065 0 0 
0 0 0 0 0 0 0 0 0 0 0 0 0 0 0 0 0 0 0 0 0 0 0 3 12 0 0 3 0 0 58 0 0 3421445 6735315 3773882 0 0 0 4696043 0 0 2066 0 
0 0 0 0 0 0 0 0 0 0 0 0 0 0 0 0 0 0 0 0 0 0 0 3 0 12 12 0 0 58 0 0 0 10522695 3421451 0 0 0 0 0 4693907 2065 0 0 
0 0 0 0 0 0 0 0 0 0 0 0 0 0 0 0 0 0 0 0 0 0 0 3 12 0 0 3 0 0 58 0 0 3421445 6735315 3773882 0 0 0 4696043 0 0 2066 0 
0 0 0 0 0 0 0 0 0 0 0 0 0 0 0 0 0 0 0 0 0 0 0 3 0 12 12 0 0 58 0 0 0 10522695 3421451 0 0 0 0 0 4693907 2065 0 0 
0 0 0 0 0 0 0 0 0 0 0 0 0 0 0 0 0 0 0 0 0 0 0 3 12 0 0 3 0 0 58 0 0 3421445 6735315 3773882 0 0 0 4696043 0 0 2066 0 
0 0 0 0 0 0 0 0 0 0 0 0 0 0 0 0 0 0 0 0 0 0 0 3 0 12 12 0 0 58 0 0 0 10522695 3421451 0 0 0 0 0 4693907 2065 0 0 
0 0 0 0 0 0 0 0 0 0 0 0 0 0 0 0 0 0 0 0 0 0 0 3 12 0 0 3 0 0 58 0 0 3421445 6735315 3773882 0 0 0 4696043 0 0 2066 0 
0 0 0 0 0 0 0 0 0 0 0 0 0 0 0 0 0 0 0 0 0 0 0 3 0 12 12 0 0 58 0 0 0 10522695 3421451 0 0 0 0 0 4693907 2065 0 0 
0 0 0 0 0 0 0 0 0 0 0 0 0 0 0 0 0 0 0 0 0 0 0 3 12 0 0 3 0 0 58 0 0 3421445 6735315 3773882 0 0 0 4696043 0 0 2066 0 
