0 0 0 0 0 0 0 0 0 0 0 0 0 0 0 0 0 0 0 0 0 0 0 3 0 4 4 0 0 22 0 0 0 3655808 2217915 0 0 0 0 0 408700 671 0 0 
0 0 0 0 0 0 0 0 0 0 0 0 0 0 0 0 0 0 0 0 0 0 0 3 4 0 0 1 0 0 22 0 0 2217916 1213669 2430344 0 0 0 409094 0 0 671 0 
0 0 0 0 0 0 0 0 0 0 0 0 0 0 0 0 0 0 0 0 0 0 0 3 0 4 4 0 0 22 0 0 0 3655808 2217915 0 0 0 0 0 408700 671 0 0 
0 0 0 0 0 0 0 0 0 0 0 0 0 0 0 0 0 0 0 0 0 0 0 3 4 0 0 1 0 0 22 0 0 2217916 1213669 2430344 0 0 0 409094 0 0 671 0 
0 0 0 0 0 0 0 0 0 0 0 0 0 0 0 0 0 0 0 0 0 0 0 3 0 4 4 0 0 22 0 0 0 3655808 2217915 0 0 0 0 0 408700 671 0 0 
0 0 0 0 0 0 0 0 0 0 0 0 0 0 0 0 0 0 0 0 0 0 0 3 4 0 0 1 0 0 22 0 0 2217916 1213669 2430344 0 0 0 409094 0 0 671 0 
0 0 0 0 0 0 0 0 0 0 0 0 0 0 0 0 0 0 0 0 0 0 0 3 0 4 4 0 0 22 0 0 0 3655808 2217915 0 0 0 0 0 408700 671 0 0 
0 0 0 0 0 0 0 0 0 0 0 0 0 0 0 0 0 0 0 0 0 0 0 3 4 0 0 1 0 0 22 0 0 2217916 1213669 2430344 0 0 0 409094 0 0 671 0 
0 0 0 0 0 0 0 0 0 0 0 0 0 0 0 0 0 0 0 0 0 0 0 3 0 4 4 0 0 22 0 0 0 3655808 2217915 0 0 0 0 0 408700 671 0 0 
0 0 0 0 0 0 0 0 0 0 0 0 0 0 0 0 0 0 0 0 0 0 0 3 4 0 0 1 0 0 22 0 0 2217916 1213669 2430344 0 0 0 409094 0 0 671 0 
====>
0 0 0 0 0 0 0 0 0 0 0 0 0 0 0 0 0 0 0 0 0 0 0 3 0 4 4 0 0 22 0 0 0 3655808 2217915 0 0 0 0 0 408700 671 0 0 
0 0 0 0 0 0 0 0 0 0 0 0 0 0 0 0 0 0 0 0 0 0 0 3 4 0 0 1 0 0 22 0 0 2217916 1213669 2430344 0 0 0 409094 0 0 671 0 
0 0 0 0 0 0 0 0 0 0 0 0 0 0 0 0 0 0 0 0 0 0 0 3 0 4 4 0 0 22 0 0 0 3655808 2217915 0 0 0 0 0 408700 671 0 0 
0 0 0 0 0 0 0 0 0 0 0 0 0 0 0 0 0 0 0 0 0 0 0 3 4 0 0 1 0 0 22 0 0 2217916 1213669 2430344 0 0 0 409094 0 0 671 0 
0 0 0 0 0 0 0 0 0 0 0 0 0 0 0 0 0 0 0 0 0 0 0 3 0 4 4 0 0 22 0 0 0 3655808 2217915 0 0 0 0 0 408700 671 0 0 
0 0 0 0 0 0 0 0 0 0 0 0 0 0 0 0 0 0 0 0 0 0 0 3 4 0 0 1 0 0 22 0 0 2217916 1213669 2430344 0 0 0 409094 0 0 671 0 
0 0 0 0 0 0 0 0 0 0 0 0 0 0 0 0 0 0 0 0 0 0 0 3 0 4 4 0 0 22 0 0 0 3655808 2217915 0 0 0 0 0 408700 671 0 0 
0 0 0 0 0 0 0 0 0 0 0 0 0 0 0 0 0 0 0 0 0 0 0 3 4 0 0 1 0 0 22 0 0 2217916 1213669 2430344 0 0 0 409094 0 0 671 0 
0 0 0 0 0 0 0 0 0 0 0 0 0 0 0 0 0 0 0 0 0 0 0 3 0 4 4 0 0 22 0 0 0 3655808 2217915 0 0 0 0 0 408700 671 0 0 
0 0 0 0 0 0 0 0 0 0 0 0 0 0 0 0 0 0 0 0 0 0 0 3 4 0 0 1 0 0 22 0 0 2217916 1213669 2430344 0 0 0 409094 0 0 671 0 
0 0 0 0 0 0 0 0 0 0 0 0 0 0 0 0 0 0 0 0 0 0 0 3 0 4 4 0 0 22 0 0 0 3655808 2217915 0 0 0 0 0 408700 671 0 0 
0 0 0 0 0 0 0 0 0 0 0 0 0 0 0 0 0 0 0 0 0 0 0 3 4 0 0 1 0 0 22 0 0 2217916 1213669 2430344 0 0 0 409094 0 0 671 0 
0 0 0 0 0 0 0 0 0 0 0 0 0 0 0 0 0 0 0 0 0 0 0 3 0 4 4 0 0 22 0 0 0 3655808 2217915 0 0 0 0 0 408700 671 0 0 
0 0 0 0 0 0 0 0 0 0 0 0 0 0 0 0 0 0 0 0 0 0 0 3 4 0 0 1 0 0 22 0 0 2217916 1213669 2430344 0 0 0 409094 0 0 671 0 
0 0 0 0 0 0 0 0 0 0 0 0 0 0 0 0 0 0 0 0 0 0 0 3 0 4 4 0 0 22 0 0 0 3655808 2217915 0 0 0 0 0 408700 671 0 0 
0 0 0 0 0 0 0 0 0 0 0 0 0 0 0 0 0 0 0 0 0 0 0 3 4 0 0 1 0 0 22 0 0 2217916 1213669 2430344 0 0 0 409094 0 0 671 0 
0 0 0 0 0 0 0 0 0 0 0 0 0 0 0 0 0 0 0 0 0 0 0 3 0 4 4 0 0 22 0 0 0 3655808 2217915 0 0 0 0 0 408700 671 0 0 
0 0 0 0 0 0 0 0 0 0 0 0 0 0 0 0 0 0 0 0 0 0 0 3 4 0 0 1 0 0 22 0 0 2217916 1213669 2430344 0 0 0 409094 0 0 671 0 
0 0 0 0 0 0 0 0 0 0 0 0 0 0 0 0 0 0 0 0 0 0 0 3 0 4 4 0 0 22 0 0 0 3655808 2217915 0 0 0 0 0 408700 671 0 0 
0 0 0 0 0 0 0 0 0 0 0 0 0 0 0 0 0 0 0 0 0 0 0 3 4 0 0 1 0 0 22 0 0 2217916 1213669 2430344 0 0 0 409094 0 0 671 0 
0 0 0 0 0 0 0 0 0 0 0 0 0 0 0 0 0 0 0 0 0 0 0 3 0 4 4 0 0 22 0 0 0 3655808 2217915 0 0 0 0 0 408700 671 0 0 
0 0 0 0 0 0 0 0 0 0 0 0 0 0 0 0 0 0 0 0 0 0 0 3 4 0 0 1 0 0 22 0 0 2217916 1213669 2430344 0 0 0 409094 0 0 671 0 
0 0 0 0 0 0 0 0 0 0 0 0 0 0 0 0 0 0 0 0 0 0 0 3 0 4 4 0 0 22 0 0 0 3655808 2217915 0 0 0 0 0 408700 671 0 0 
0 0 0 0 0 0 0 0 0 0 0 0 0 0 0 0 0 0 0 0 0 0 0 3 4 0 0 1 0 0 22 0 0 2217916 1213669 2430344 0 0 0 409094 0 0 671 0 
0 0 0 0 0 0 0 0 0 0 0 0 0 0 0 0 0 0 0 0 0 0 0 3 0 4 4 0 0 22 0 0 0 3655808 2217915 0 0 0 0 0 408700 671 0 0 
0 0 0 0 0 0 0 0 0 0 0 0 0 0 0 0 0 0 0 0 0 0 0 3 4 0 0 1 0 0 22 0 0 2217916 1213669 2430344 0 0 0 409094 0 0 671 0 
0 0 0 0 0 0 0 0 0 0 0 0 0 0 0 0 0 0 0 0 0 0 0 3 0 4 4 0 0 22 0 0 0 3655808 2217915 0 0 0 0 0 408700 671 0 0 
0 0 0 0 0 0 0 0 0 0 0 0 0 0 0 0 0 0 0 0 0 0 0 3 4 0 0 1 0 0 22 0 0 2217916 1213669 2430344 0 0 0 409094 0 0 671 0 
0 0 0 0 0 0 0 0 0 0 0 0 0 0 0 0 0 0 0 0 0 0 0 3 0 4 4 0 0 22 0 0 0 3655808 2217915 0 0 0 0 0 408700 671 0 0 
0 0 0 0 0 0 0 0 0 0 0 0 0 0 0 0 0 0 0 0 0 0 0 3 4 0 0 1 0 0 22 0 0 2217916 1213669 2430344 0 0 0 409094 0 0 671 0 
0 0 0 0 0 0 0 0 0 0 0 0 0 0 0 0 0 0 0 0 0 0 0 3 0 4 4 0 0 22 0 0 0 3655808 2217915 0 0 0 0 0 408700 671 0 0 
0 0 0 0 0 0 0 0 0 0 0 0 0 0 0 0 0 0 0 0 0 0 0 3 4 0 0 1 0 0 22 0 0 2217916 1213669 2430344 0 0 0 409094 0 0 671 0 
0 0 0 0 0 0 0 0 0 0 0 0 0 0 0 0 0 0 0 0 0 0 0 3 0 4 4 0 0 22 0 0 0 3655808 2217915 0 0 0 0 0 408700 671 0 0 
0 0 0 0 0 0 0 0 0 0 0 0 0 0 0 0 0 0 0 0 0 0 0 3 4 0 0 1 0 0 22 0 0 2217916 1213669 2430344 0 0 0 409094 0 0 671 0 
0 0 0 0 0 0 0 0 0 0 0 0 0 0 0 0 0 0 0 0 0 0 0 3 0 4 4 0 0 22 0 0 0 3655808 2217915 0 0 0 0 0 408700 671 0 0 
0 0 0 0 0 0 0 0 0 0 0 0 0 0 0 0 0 0 0 0 0 0 0 3 4 0 0 1 0 0 22 0 0 2217916 1213669 2430344 0 0 0 409094 0 0 671 0 
0 0 0 0 0 0 0 0 0 0 0 0 0 0 0 0 0 0 0 0 0 0 0 3 0 4 4 0 0 22 0 0 0 3655808 2217915 0 0 0 0 0 408700 671 0 0 
0 0 0 0 0 0 0 0 0 0 0 0 0 0 0 0 0 0 0 0 0 0 0 3 4 0 0 1 0 0 22 0 0 2217916 1213669 2430344 0 0 0 409094 0 0 671 0 
0 0 0 0 0 0 0 0 0 0 0 0 0 0 0 0 0 0 0 0 0 0 0 3 0 4 4 0 0 22 0 0 0 3655808 2217915 0 0 0 0 0 408700 671 0 0 
0 0 0 0 0 0 0 0 0 0 0 0 0 0 0 0 0 0 0 0 0 0 0 3 4 0 0 1 0 0 22 0 0 2217916 1213669 2430344 0 0 0 409094 0 0 671 0 
0 0 0 0 0 0 0 0 0 0 0 0 0 0 0 0 0 0 0 0 0 0 0 3 0 4 4 0 0 22 0 0 0 3655808 2217915 0 0 0 0 0 408700 671 0 0 
0 0 0 0 0 0 0 0 0 0 0 0 0 0 0 0 0 0 0 0 0 0 0 3 4 0 0 1 0 0 22 0 0 2217916 1213669 2430344 0 0 0 409094 0 0 671 0 
0 0 0 0 0 0 0 0 0 0 0 0 0 0 0 0 0 0 0 0 0 0 0 3 0 4 4 0 0 22 0 0 0 3655808 2217915 0 0 0 0 0 408700 671 0 0 
0 0 0 0 0 0 0 0 0 0 0 0 0 0 0 0 0 0 0 0 0 0 0 3 4 0 0 1 0 0 22 0 0 2217916 1213669 2430344 0 0 0 409094 0 0 671 0 
0 0 0 0 0 0 0 0 0 0 0 0 0 0 0 0 0 0 0 0 0 0 0 3 0 4 4 0 0 22 0 0 0 3655808 2217915 0 0 0 0 0 408700 671 0 0 
0 0 0 0 0 0 0 0 0 0 0 0 0 0 0 0 0 0 0 0 0 0 0 3 4 0 0 1 0 0 22 0 0 2217916 1213669 2430344 0 0 0 409094 0 0 671 0 
0 0 0 0 0 0 0 0 0 0 0 0 0 0 0 0 0 0 0 0 0 0 0 3 0 4 4 0 0 22 0 0 0 3655808 2217915 0 0 0 0 0 408700 671 0 0 
0 0 0 0 0 0 0 0 0 0 0 0 0 0 0 0 0 0 0 0 0 0 0 3 4 0 0 1 0 0 22 0 0 2217916 1213669 2430344 0 0 0 409094 0 0 671 0 
0 0 0 0 0 0 0 0 0 0 0 0 0 0 0 0 0 0 0 0 0 0 0 3 0 4 4 0 0 22 0 0 0 3655808 2217915 0 0 0 0 0 408700 671 0 0 
0 0 0 0 0 0 0 0 0 0 0 0 0 0 0 0 0 0 0 0 0 0 0 3 4 0 0 1 0 0 22 0 0 2217916 1213669 2430344 0 0 0 409094 0 0 671 0 
0 0 0 0 0 0 0 0 0 0 0 0 0 0 0 0 0 0 0 0 0 0 0 3 0 4 4 0 0 22 0 0 0 3655808 2217915 0 0 0 0 0 408700 671 0 0 
0 0 0 0 0 0 0 0 0 0 0 0 0 0 0 0 0 0 0 0 0 0 0 3 4 0 0 1 0 0 22 0 0 2217916 1213669 2430344 0 0 0 409094 0 0 671 0 
0 0 0 0 0 0 0 0 0 0 0 0 0 0 0 0 0 0 0 0 0 0 0 3 0 4 4 0 0 22 0 0 0 3655808 2217915 0 0 0 0 0 408700 671 0 0 
0 0 0 0 0 0 0 0 0 0 0 0 0 0 0 0 0 0 0 0 0 0 0 3 4 0 0 1 0 0 22 0 0 2217916 1213669 2430344 0 0 0 409094 0 0 671 0 
0 0 0 0 0 0 0 0 0 0 0 0 0 0 0 0 0 0 0 0 0 0 0 3 0 4 4 0 0 22 0 0 0 3655808 2217915 0 0 0 0 0 408700 671 0 0 
0 0 0 0 0 0 0 0 0 0 0 0 0 0 0 0 0 0 0 0 0 0 0 3 4 0 0 1 0 0 22 0 0 2217916 1213669 2430344 0 0 0 409094 0 0 671 0 
0 0 0 0 0 0 0 0 0 0 0 0 0 0 0 0 0 0 0 0 0 0 0 3 0 4 4 0 0 22 0 0 0 3655808 2217915 0 0 0 0 0 408700 671 0 0 
0 0 0 0 0 0 0 0 0 0 0 0 0 0 0 0 0 0 0 0 0 0 0 3 4 0 0 1 0 0 22 0 0 2217916 1213669 2430344 0 0 0 409094 0 0 671 0 
0 0 0 0 0 0 0 0 0 0 0 0 0 0 0 0 0 0 0 0 0 0 0 3 0 4 4 0 0 22 0 0 0 3655808 2217915 0 0 0 0 0 408700 671 0 0 
0 0 0 0 0 0 0 0 0 0 0 0 0 0 0 0 0 0 0 0 0 0 0 3 4 0 0 1 0 0 22 0 0 2217916 1213669 2430344 0 0 0 409094 0 0 671 0 
0 0 0 0 0 0 0 0 0 0 0 0 0 0 0 0 0 0 0 0 0 0 0 3 0 4 4 0 0 22 0 0 0 3655808 2217915 0 0 0 0 0 408700 671 0 0 
0 0 0 0 0 0 0 0 0 0 0 0 0 0 0 0 0 0 0 0 0 0 0 3 4 0 0 1 0 0 22 0 0 2217916 1213669 2430344 0 0 0 409094 0 0 671 0 
0 0 0 0 0 0 0 0 0 0 0 0 0 0 0 0 0 0 0 0 0 0 0 3 0 4 4 0 0 22 0 0 0 3655808 2217915 0 0 0 0 0 408700 671 0 0 
0 0 0 0 0 0 0 0 0 0 0 0 0 0 0 0 0 0 0 0 0 0 0 3 4 0 0 1 0 0 22 0 0 2217916 1213669 2430344 0 0 0 409094 0 0 671 0 
0 0 0 0 0 0 0 0 0 0 0 0 0 0 0 0 0 0 0 0 0 0 0 3 0 4 4 0 0 22 0 0 0 3655808 2217915 0 0 0 0 0 408700 671 0 0 
0 0 0 0 0 0 0 0 0 0 0 0 0 0 0 0 0 0 0 0 0 0 0 3 4 0 0 1 0 0 22 0 0 2217916 1213669 2430344 0 0 0 409094 0 0 671 0 
0 0 0 0 0 0 0 0 0 0 0 0 0 0 0 0 0 0 0 0 0 0 0 3 0 4 4 0 0 22 0 0 0 3655808 2217915 0 0 0 0 0 408700 671 0 0 
0 0 0 0 0 0 0 0 0 0 0 0 0 0 0 0 0 0 0 0 0 0 0 3 4 0 0 1 0 0 22 0 0 2217916 1213669 2430344 0 0 0 409094 0 0 671 0 
0 0 0 0 0 0 0 0 0 0 0 0 0 0 0 0 0 0 0 0 0 0 0 3 0 4 4 0 0 22 0 0 0 3655808 2217915 0 0 0 0 0 408700 671 0 0 
0 0 0 0 0 0 0 0 0 0 0 0 0 0 0 0 0 0 0 0 0 0 0 3 4 0 0 1 0 0 22 0 0 2217916 1213669 2430344 0 0 0 409094 0 0 671 0 
0 0 0 0 0 0 0 0 0 0 0 0 0 0 0 0 0 0 0 0 0 0 0 3 0 4 4 0 0 22 0 0 0 3655808 2217915 0 0 0 0 0 408700 671 0 0 
0 0 0 0 0 0 0 0 0 0 0 0 0 0 0 0 0 0 0 0 0 0 0 3 4 0 0 1 0 0 22 0 0 2217916 1213669 2430344 0 0 0 409094 0 0 671 0 
0 0 0 0 0 0 0 0 0 0 0 0 0 0 0 0 0 0 0 0 0 0 0 3 0 4 4 0 0 22 0 0 0 3655808 2217915 0 0 0 0 0 408700 671 0 0 
0 0 0 0 0 0 0 0 0 0 0 0 0 0 0 0 0 0 0 0 0 0 0 3 4 0 0 1 0 0 22 0 0 2217916 1213669 2430344 0 0 0 409094 0 0 671 0 
0 0 0 0 0 0 0 0 0 0 0 0 0 0 0 0 0 0 0 0 0 0 0 3 0 4 4 0 0 22 0 0 0 3655808 2217915 0 0 0 0 0 408700 671 0 0 
0 0 0 0 0 0 0 0 0 0 0 0 0 0 0 0 0 0 0 0 0 0 0 3 4 0 0 1 0 0 22 0 0 2217916 1213669 2430344 0 0 0 409094 0 0 671 0 
0 0 0 0 0 0 0 0 0 0 0 0 0 0 0 0 0 0 0 0 0 0 0 3 0 4 4 0 0 22 0 0 0 3655808 2217915 0 0 0 0 0 408700 671 0 0 
0 0 0 0 0 0 0 0 0 0 0 0 0 0 0 0 0 0 0 0 0 0 0 3 4 0 0 1 0 0 22 0 0 2217916 1213669 2430344 0 0 0 409094 0 0 671 0 
0 0 0 0 0 0 0 0 0 0 0 0 0 0 0 0 0 0 0 0 0 0 0 3 0 4 4 0 0 22 0 0 0 3655808 2217915 0 0 0 0 0 408700 671 0 0 
0 0 0 0 0 0 0 0 0 0 0 0 0 0 0 0 0 0 0 0 0 0 0 3 4 0 0 1 0 0 22 0 0 2217916 1213669 2430344 0 0 0 409094 0 0 671 0 
0 0 0 0 0 0 0 0 0 0 0 0 0 0 0 0 0 0 0 0 0 0 0 3 0 4 4 0 0 22 0 0 0 3655808 2217915 0 0 0 0 0 408700 671 0 0 
0 0 0 0 0 0 0 0 0 0 0 0 0 0 0 0 0 0 0 0 0 0 0 3 4 0 0 1 0 0 22 0 0 2217916 1213669 2430344 0 0 0 409094 0 0 671 0 
0 0 0 0 0 0 0 0 0 0 0 0 0 0 0 0 0 0 0 0 0 0 0 3 0 4 4 0 0 22 0 0 0 3655808 2217915 0 0 0 0 0 408700 671 0 0 
0 0 0 0 0 0 0 0 0 0 0 0 0 0 0 0 0 0 0 0 0 0 0 3 4 0 0 1 0 0 22 0 0 2217916 1213669 2430344 0 0 0 409094 0 0 671 0 
0 0 0 0 0 0 0 0 0 0 0 0 0 0 0 0 0 0 0 0 0 0 0 3 0 4 4 0 0 22 0 0 0 3655808 2217915 0 0 0 0 0 408700 671 0 0 
0 0 0 0 0 0 0 0 0 0 0 0 0 0 0 0 0 0 0 0 0 0 0 3 4 0 0 1 0 0 22 0 0 2217916 1213669 2430344 0 0 0 409094 0 0 671 0 
0 0 0 0 0 0 0 0 0 0 0 0 0 0 0 0 0 0 0 0 0 0 0 3 0 4 4 0 0 22 0 0 0 3655808 2217915 0 0 0 0 0 408700 671 0 0 
0 0 0 0 0 0 0 0 0 0 0 0 0 0 0 0 0 0 0 0 0 0 0 3 4 0 0 1 0 0 22 0 0 2217916 1213669 2430344 0 0 0 409094 0 0 671 0 
0 0 0 0 0 0 0 0 0 0 0 0 0 0 0 0 0 0 0 0 0 0 0 3 0 4 4 0 0 22 0 0 0 3655808 2217915 0 0 0 0 0 408700 671 0 0 
0 0 0 0 0 0 0 0 0 0 0 0 0 0 0 0 0 0 0 0 0 0 0 3 4 0 0 1 0 0 22 0 0 2217916 1213669 2430344 0 0 0 409094 0 0 671 0 
0 0 0 0 0 0 0 0 0 0 0 0 0 0 0 0 0 0 0 0 0 0 0 3 0 4 4 0 0 22 0 0 0 3655808 2217915 0 0 0 0 0 408700 671 0 0 
0 0 0 0 0 0 0 0 0 0 0 0 0 0 0 0 0 0 0 0 0 0 0 3 4 0 0 1 0 0 22 0 0 2217916 1213669 2430344 0 0 0 409094 0 0 671 0 
0 0 0 0 0 0 0 0 0 0 0 0 0 0 0 0 0 0 0 0 0 0 0 3 0 4 4 0 0 22 0 0 0 3655808 2217915 0 0 0 0 0 408700 671 0 0 
0 0 0 0 0 0 0 0 0 0 0 0 0 0 0 0 0 0 0 0 0 0 0 3 4 0 0 1 0 0 22 0 0 2217916 1213669 2430344 0 0 0 409094 0 0 671 0 
0 0 0 0 0 0 0 0 0 0 0 0 0 0 0 0 0 0 0 0 0 0 0 3 0 4 4 0 0 22 0 0 0 3655808 2217915 0 0 0 0 0 408700 671 0 0 
0 0 0 0 0 0 0 0 0 0 0 0 0 0 0 0 0 0 0 0 0 0 0 3 4 0 0 1 0 0 22 0 0 2217916 1213669 2430344 0 0 0 409094 0 0 671 0 
0 0 0 0 0 0 0 0 0 0 0 0 0 0 0 0 0 0 0 0 0 0 0 3 0 4 4 0 0 22 0 0 0 3655808 2217915 0 0 0 0 0 408700 671 0 0 
0 0 0 0 0 0 0 0 0 0 0 0 0 0 0 0 0 0 0 0 0 0 0 3 4 0 0 1 0 0 22 0 0 2217916 1213669 2430344 0 0 0 409094 0 0 671 0 
0 0 0 0 0 0 0 0 0 0 0 0 0 0 0 0 0 0 0 0 0 0 0 3 0 4 4 0 0 22 0 0 0 3655808 2217915 0 0 0 0 0 408700 671 0 0 
0 0 0 0 0 0 0 0 0 0 0 0 0 0 0 0 0 0 0 0 0 0 0 3 4 0 0 1 0 0 22 0 0 2217916 1213669 2430344 0 0 0 409094 0 0 671 0 
0 0 0 0 0 0 0 0 0 0 0 0 0 0 0 0 0 0 0 0 0 0 0 3 0 4 4 0 0 22 0 0 0 3655808 2217915 0 0 0 0 0 408700 671 0 0 
0 0 0 0 0 0 0 0 0 0 0 0 0 0 0 0 0 0 0 0 0 0 0 3 4 0 0 1 0 0 22 0 0 2217916 1213669 2430344 0 0 0 409094 0 0 671 0 
0 0 0 0 0 0 0 0 0 0 0 0 0 0 0 0 0 0 0 0 0 0 0 3 0 4 4 0 0 22 0 0 0 3655808 2217915 0 0 0 0 0 408700 671 0 0 
0 0 0 0 0 0 0 0 0 0 0 0 0 0 0 0 0 0 0 0 0 0 0 3 4 0 0 1 0 0 22 0 0 2217916 1213669 2430344 0 0 0 409094 0 0 671 0 
0 0 0 0 0 0 0 0 0 0 0 0 0 0 0 0 0 0 0 0 0 0 0 3 0 4 4 0 0 22 0 0 0 3655808 2217915 0 0 0 0 0 408700 671 0 0 
0 0 0 0 0 0 0 0 0 0 0 0 0 0 0 0 0 0 0 0 0 0 0 3 4 0 0 1 0 0 22 0 0 2217916 1213669 2430344 0 0 0 409094 0 0 671 0 
0 0 0 0 0 0 0 0 0 0 0 0 0 0 0 0 0 0 0 0 0 0 0 3 0 4 4 0 0 22 0 0 0 3655808 2217915 0 0 0 0 0 408700 671 0 0 
0 0 0 0 0 0 0 0 0 0 0 0 0 0 0 0 0 0 0 0 0 0 0 3 4 0 0 1 0 0 22 0 0 2217916 1213669 2430344 0 0 0 409094 0 0 671 0 
0 0 0 0 0 0 0 0 0 0 0 0 0 0 0 0 0 0 0 0 0 0 0 3 0 4 4 0 0 22 0 0 0 3655808 2217915 0 0 0 0 0 408700 671 0 0 
0 0 0 0 0 0 0 0 0 0 0 0 0 0 0 0 0 0 0 0 0 0 0 3 4 0 0 1 0 0 22 0 0 2217916 1213669 2430344 0 0 0 409094 0 0 671 0 
0 0 0 0 0 0 0 0 0 0 0 0 0 0 0 0 0 0 0 0 0 0 0 3 0 4 4 0 0 22 0 0 0 3655808 2217915 0 0 0 0 0 408700 671 0 0 
0 0 0 0 0 0 0 0 0 0 0 0 0 0 0 0 0 0 0 0 0 0 0 3 4 0 0 1 0 0 22 0 0 2217916 1213669 2430344 0 0 0 409094 0 0 671 0 
0 0 0 0 0 0 0 0 0 0 0 0 0 0 0 0 0 0 0 0 0 0 0 3 0 4 4 0 0 22 0 0 0 3655808 2217915 0 0 0 0 0 408700 671 0 0 
0 0 0 0 0 0 0 0 0 0 0 0 0 0 0 0 0 0 0 0 0 0 0 3 4 0 0 1 0 0 22 0 0 2217916 1213669 2430344 0 0 0 409094 0 0 671 0 
0 0 0 0 0 0 0 0 0 0 0 0 0 0 0 0 0 0 0 0 0 0 0 3 0 4 4 0 0 22 0 0 0 3655808 2217915 0 0 0 0 0 408700 671 0 0 
0 0 0 0 0 0 0 0 0 0 0 0 0 0 0 0 0 0 0 0 0 0 0 3 4 0 0 1 0 0 22 0 0 2217916 1213669 2430344 0 0 0 409094 0 0 671 0 
0 0 0 0 0 0 0 0 0 0 0 0 0 0 0 0 0 0 0 0 0 0 0 3 0 4 4 0 0 22 0 0 0 3655808 2217915 0 0 0 0 0 408700 671 0 0 
0 0 0 0 0 0 0 0 0 0 0 0 0 0 0 0 0 0 0 0 0 0 0 3 4 0 0 1 0 0 22 0 0 2217916 1213669 2430344 0 0 0 409094 0 0 671 0 
0 0 0 0 0 0 0 0 0 0 0 0 0 0 0 0 0 0 0 0 0 0 0 3 0 4 4 0 0 22 0 0 0 3655808 2217915 0 0 0 0 0 408700 671 0 0 
0 0 0 0 0 0 0 0 0 0 0 0 0 0 0 0 0 0 0 0 0 0 0 3 4 0 0 1 0 0 22 0 0 2217916 1213669 2430344 0 0 0 409094 0 0 671 0 
0 0 0 0 0 0 0 0 0 0 0 0 0 0 0 0 0 0 0 0 0 0 0 3 0 4 4 0 0 22 0 0 0 3655808 2217915 0 0 0 0 0 408700 671 0 0 
0 0 0 0 0 0 0 0 0 0 0 0 0 0 0 0 0 0 0 0 0 0 0 3 4 0 0 1 0 0 22 0 0 2217916 1213669 2430344 0 0 0 409094 0 0 671 0 
0 0 0 0 0 0 0 0 0 0 0 0 0 0 0 0 0 0 0 0 0 0 0 3 0 4 4 0 0 22 0 0 0 3655808 2217915 0 0 0 0 0 408700 671 0 0 
0 0 0 0 0 0 0 0 0 0 0 0 0 0 0 0 0 0 0 0 0 0 0 3 4 0 0 1 0 0 22 0 0 2217916 1213669 2430344 0 0 0 409094 0 0 671 0 
0 0 0 0 0 0 0 0 0 0 0 0 0 0 0 0 0 0 0 0 0 0 0 3 0 4 4 0 0 22 0 0 0 3655808 2217915 0 0 0 0 0 408700 671 0 0 
0 0 0 0 0 0 0 0 0 0 0 0 0 0 0 0 0 0 0 0 0 0 0 3 4 0 0 1 0 0 22 0 0 2217916 1213669 2430344 0 0 0 409094 0 0 671 0 
0 0 0 0 0 0 0 0 0 0 0 0 0 0 0 0 0 0 0 0 0 0 0 3 0 4 8 0 0 38 0 0 0 3812229 2217933 0 0 0 0 0 408711 692 0 0 
0 0 0 0 0 0 0 0 0 0 0 0 0 0 0 0 0 0 0 0 0 0 0 3 8 0 0 1 0 0 38 0 0 2217934 1332964 2467567 0 0 0 409105 0 0 692 0 
0 0 0 0 0 0 0 0 0 0 0 0 0 0 0 0 0 0 0 0 0 0 0 3 0 4 8 0 0 38 0 0 0 4016357 2217933 0 0 0 0 0 408711 692 0 0 
0 0 0 0 0 0 0 0 0 0 0 0 0 0 0 0 0 0 0 0 0 0 0 3 8 0 0 1 0 0 38 0 0 2217934 1534621 2470146 0 0 0 409105 0 0 692 0 
0 0 0 0 0 0 0 0 0 0 0 0 0 0 0 0 0 0 0 0 0 0 0 3 0 4 8 0 0 38 0 0 0 4217819 2217933 0 0 0 0 0 408711 692 0 0 
0 0 0 0 0 0 0 0 0 0 0 0 0 0 0 0 0 0 0 0 0 0 0 3 8 0 0 1 0 0 38 0 0 2217934 1735235 2471080 0 0 0 409105 0 0 692 0 
0 0 0 0 0 0 0 0 0 0 0 0 0 0 0 0 0 0 0 0 0 0 0 3 0 4 8 0 0 38 0 0 0 4367540 2217933 0 0 0 0 0 408711 692 0 0 
0 0 0 0 0 0 0 0 0 0 0 0 0 0 0 0 0 0 0 0 0 0 0 3 8 0 0 1 0 0 38 0 0 2217934 1884539 2471528 0 0 0 409105 0 0 692 0 
0 0 0 0 0 0 0 0 0 0 0 0 0 0 0 0 0 0 0 0 0 0 0 3 0 4 8 0 0 39 0 0 0 4452572 2217940 0 0 0 0 0 447305 700 0 0 
0 0 0 0 0 0 0 0 0 0 0 0 0 0 0 0 0 0 0 0 0 0 0 3 8 0 0 1 0 0 39 0 0 2217941 1950545 2490526 0 0 0 447762 0 0 700 0 
0 0 0 0 0 0 0 0 0 0 0 0 0 0 0 0 0 0 0 0 0 0 0 3 0 4 8 0 0 39 0 0 0 4545452 2246562 0 0 0 0 0 507241 726 0 0 
0 0 0 0 0 0 0 0 0 0 0 0 0 0 0 0 0 0 0 0 0 0 0 3 8 0 0 1 0 0 39 0 0 2246564 2011012 2522870 0 0 0 507734 0 0 726 0 
0 0 0 0 0 0 0 0 0 0 0 0 0 0 0 0 0 0 0 0 0 0 0 3 0 4 8 0 0 39 0 0 0 4606799 2264810 0 0 0 0 0 571536 734 0 0 
0 0 0 0 0 0 0 0 0 0 0 0 0 0 0 0 0 0 0 0 0 0 0 3 8 0 0 1 0 0 39 0 0 2264811 2045110 2550056 0 0 0 572083 0 0 734 0 
0 0 0 0 0 0 0 0 0 0 0 0 0 0 0 0 0 0 0 0 0 0 0 3 0 4 8 0 0 39 0 0 0 4697400 2298569 0 0 0 0 0 601702 760 0 0 
0 0 0 0 0 0 0 0 0 0 0 0 0 0 0 0 0 0 0 0 0 0 0 3 8 0 0 1 0 0 39 0 0 2298569 2115871 2569872 0 0 0 602271 0 0 761 0 
0 0 0 0 0 0 0 0 0 0 0 0 0 0 0 0 0 0 0 0 0 0 0 3 0 4 8 0 0 39 0 0 0 4762379 2311568 0 0 0 0 0 685207 797 0 0 
0 0 0 0 0 0 0 0 0 0 0 0 0 0 0 0 0 0 0 0 0 0 0 3 8 0 0 1 0 0 39 0 0 2311567 2139434 2611173 0 0 0 685830 0 0 798 0 
0 0 0 0 0 0 0 0 0 0 0 0 0 0 0 0 0 0 0 0 0 0 0 3 0 4 8 0 0 39 0 0 0 4844204 2352413 0 0 0 0 0 695923 797 0 0 
0 0 0 0 0 0 0 0 0 0 0 0 0 0 0 0 0 0 0 0 0 0 0 3 8 0 0 1 0 0 39 0 0 2352412 2215875 2616553 0 0 0 696549 0 0 798 0 
0 0 0 0 0 0 0 0 0 0 0 0 0 0 0 0 0 0 0 0 0 0 0 3 0 4 8 0 0 39 0 0 0 4912530 2360385 0 0 0 0 0 790128 832 0 0 
0 0 0 0 0 0 0 0 0 0 0 0 0 0 0 0 0 0 0 0 0 0 0 3 8 0 0 1 0 0 39 0 0 2360385 2237458 2663162 0 0 0 790804 0 0 833 0 
0 0 0 0 0 0 0 0 0 0 0 0 0 0 0 0 0 0 0 0 0 0 0 3 0 4 8 0 0 39 0 0 0 4990142 2405028 0 0 0 0 0 790128 832 0 0 
0 0 0 0 0 0 0 0 0 0 0 0 0 0 0 0 0 0 0 0 0 0 0 3 8 0 0 1 0 0 39 0 0 2405027 2315078 2663162 0 0 0 790804 0 0 833 0 
0 0 0 0 0 0 0 0 0 0 0 0 0 0 0 0 0 0 0 0 0 0 0 3 0 4 8 0 0 39 0 0 0 5059617 2410362 0 0 0 0 0 884334 865 0 0 
0 0 0 0 0 0 0 0 0 0 0 0 0 0 0 0 0 0 0 0 0 0 0 3 8 0 0 1 0 0 39 0 0 2410361 2337801 2709806 0 0 0 885071 0 0 866 0 
0 0 0 0 0 0 0 0 0 0 0 0 0 0 0 0 0 0 0 0 0 0 0 3 0 4 8 0 0 39 0 0 0 5133727 2451768 0 0 0 0 0 884334 865 0 0 
0 0 0 0 0 0 0 0 0 0 0 0 0 0 0 0 0 0 0 0 0 0 0 3 8 0 0 1 0 0 39 0 0 2451767 2411904 2709821 0 0 0 885071 0 0 866 0 
0 0 0 0 0 0 0 0 0 0 0 0 0 0 0 0 0 0 0 0 0 0 0 3 0 4 8 0 0 39 0 0 0 5205247 2458335 0 0 0 0 0 978534 899 0 0 
0 0 0 0 0 0 0 0 0 0 0 0 0 0 0 0 0 0 0 0 0 0 0 3 8 0 0 1 0 0 39 0 0 2458336 2436603 2756555 0 0 0 979355 0 0 900 0 
0 0 0 0 0 0 0 0 0 0 0 0 0 0 0 0 0 0 0 0 0 0 0 3 0 4 8 0 0 39 0 0 0 5274241 2498507 0 0 0 0 0 978536 899 0 0 
0 0 0 0 0 0 0 0 0 0 0 0 0 0 0 0 0 0 0 0 0 0 0 3 8 0 0 1 0 0 39 0 0 2498506 2504882 2757277 0 0 0 979357 0 0 900 0 
0 0 0 0 0 0 0 0 0 0 0 0 0 0 0 0 0 0 0 0 0 0 0 3 0 4 8 0 0 39 0 0 0 5345861 2504394 0 0 0 0 0 1072731 932 0 0 
0 0 0 0 0 0 0 0 0 0 0 0 0 0 0 0 0 0 0 0 0 0 0 3 8 0 0 1 0 0 39 0 0 2504393 2529636 2804078 0 0 0 1073629 0 0 933 0 
0 0 0 0 0 0 0 0 0 0 0 0 0 0 0 0 0 0 0 0 0 0 0 3 0 4 8 0 0 39 0 0 0 5420563 2545249 0 0 0 0 0 1072731 932 0 0 
0 0 0 0 0 0 0 0 0 0 0 0 0 0 0 0 0 0 0 0 0 0 0 3 8 0 0 1 0 0 39 0 0 2545248 2604133 2804287 0 0 0 1073629 0 0 933 0 
0 0 0 0 0 0 0 0 0 0 0 0 0 0 0 0 0 0 0 0 0 0 0 3 0 4 8 0 0 39 0 0 0 5493930 2552739 0 0 0 0 0 1166934 966 0 0 
0 0 0 0 0 0 0 0 0 0 0 0 0 0 0 0 0 0 0 0 0 0 0 3 8 0 0 1 0 0 39 0 0 2552739 2630700 2851021 0 0 0 1167908 0 0 967 0 
0 0 0 0 0 0 0 0 0 0 0 0 0 0 0 0 0 0 0 0 0 0 0 3 0 4 8 0 0 39 0 0 0 5557592 2591987 0 0 0 0 0 1166934 966 0 0 
0 0 0 0 0 0 0 0 0 0 0 0 0 0 0 0 0 0 0 0 0 0 0 3 8 0 0 1 0 0 39 0 0 2591986 2694073 2851314 0 0 0 1167908 0 0 967 0 
0 0 0 0 0 0 0 0 0 0 0 0 0 0 0 0 0 0 0 0 0 0 0 3 0 4 8 0 0 39 0 0 0 5628012 2597439 0 0 0 0 0 1261136 1002 0 0 
0 0 0 0 0 0 0 0 0 0 0 0 0 0 0 0 0 0 0 0 0 0 0 3 8 0 0 1 0 0 39 0 0 2597438 2717652 2898068 0 0 0 1262187 0 0 1003 0 
0 0 0 0 0 0 0 0 0 0 0 0 0 0 0 0 0 0 0 0 0 0 0 3 0 4 8 0 0 39 0 0 0 5696620 2636129 0 0 0 0 0 1261136 1002 0 0 
0 0 0 0 0 0 0 0 0 0 0 0 0 0 0 0 0 0 0 0 0 0 0 3 8 0 0 1 0 0 39 0 0 2636129 2785893 2898437 0 0 0 1262187 0 0 1003 0 
0 0 0 0 0 0 0 0 0 0 0 0 0 0 0 0 0 0 0 0 0 0 0 3 0 4 8 0 0 39 0 0 0 5765091 2643228 0 0 0 0 0 1355354 1038 0 0 
0 0 0 0 0 0 0 0 0 0 0 0 0 0 0 0 0 0 0 0 0 0 0 3 8 0 0 1 0 0 39 0 0 2643228 2807406 2945274 0 0 0 1356454 0 0 1039 0 
0 0 0 0 0 0 0 0 0 0 0 0 0 0 0 0 0 0 0 0 0 0 0 3 0 4 8 0 0 39 0 0 0 5836475 2683476 0 0 0 0 0 1355354 1038 0 0 
0 0 0 0 0 0 0 0 0 0 0 0 0 0 0 0 0 0 0 0 0 0 0 3 8 0 0 1 0 0 39 0 0 2683475 2878419 2945655 0 0 0 1356454 0 0 1039 0 
0 0 0 0 0 0 0 0 0 0 0 0 0 0 0 0 0 0 0 0 0 0 0 3 0 4 8 0 0 39 0 0 0 5904044 2688123 0 0 0 0 0 1449571 1074 0 0 
0 0 0 0 0 0 0 0 0 0 0 0 0 0 0 0 0 0 0 0 0 0 0 3 8 0 0 1 0 0 39 0 0 2688122 2899025 2992481 0 0 0 1450722 0 0 1075 0 
0 0 0 0 0 0 0 0 0 0 0 0 0 0 0 0 0 0 0 0 0 0 0 3 0 4 8 0 0 39 0 0 0 5981228 2732211 0 0 0 0 0 1449571 1074 0 0 
0 0 0 0 0 0 0 0 0 0 0 0 0 0 0 0 0 0 0 0 0 0 0 3 8 0 0 1 0 0 39 0 0 2732209 2976153 2992539 0 0 0 1450722 0 0 1075 0 
0 0 0 0 0 0 0 0 0 0 0 0 0 0 0 0 0 0 0 0 0 0 0 3 0 4 8 0 0 39 0 0 0 6052375 2737680 0 0 0 0 0 1543765 1108 0 0 
0 0 0 0 0 0 0 0 0 0 0 0 0 0 0 0 0 0 0 0 0 0 0 3 8 0 0 1 0 0 39 0 0 2737678 3000457 3039299 0 0 0 1544988 0 0 1109 0 
0 0 0 0 0 0 0 0 0 0 0 0 0 0 0 0 0 0 0 0 0 0 0 3 0 4 8 0 0 39 0 0 0 6119717 2778951 0 0 0 0 0 1543765 1108 0 0 
0 0 0 0 0 0 0 0 0 0 0 0 0 0 0 0 0 0 0 0 0 0 0 3 8 0 0 1 0 0 39 0 0 2778949 3067477 3039629 0 0 0 1544988 0 0 1109 0 
0 0 0 0 0 0 0 0 0 0 0 0 0 0 0 0 0 0 0 0 0 0 0 3 0 4 8 0 0 39 0 0 0 6188650 2782286 0 0 0 0 0 1637961 1139 0 0 
0 0 0 0 0 0 0 0 0 0 0 0 0 0 0 0 0 0 0 0 0 0 0 3 8 0 0 1 0 0 39 0 0 2782284 3089634 3086254 0 0 0 1639272 0 0 1140 0 
0 0 0 0 0 0 0 0 0 0 0 0 0 0 0 0 0 0 0 0 0 0 0 3 0 4 8 0 0 39 0 0 0 6263844 2822577 0 0 0 0 0 1637961 1139 0 0 
0 0 0 0 0 0 0 0 0 0 0 0 0 0 0 0 0 0 0 0 0 0 0 3 8 0 0 1 0 0 39 0 0 2822575 3164599 3086486 0 0 0 1639272 0 0 1140 0 
0 0 0 0 0 0 0 0 0 0 0 0 0 0 0 0 0 0 0 0 0 0 0 3 0 4 8 0 0 39 0 0 0 6332831 2831071 0 0 0 0 0 1732167 1176 0 0 
0 0 0 0 0 0 0 0 0 0 0 0 0 0 0 0 0 0 0 0 0 0 0 3 8 0 0 1 0 0 39 0 0 2831069 3186743 3133228 0 0 0 1733541 0 0 1177 0 
0 0 0 0 0 0 0 0 0 0 0 0 0 0 0 0 0 0 0 0 0 0 0 3 0 4 8 0 0 39 0 0 0 6400066 2872429 0 0 0 0 0 1732167 1176 0 0 
0 0 0 0 0 0 0 0 0 0 0 0 0 0 0 0 0 0 0 0 0 0 0 3 8 0 0 1 0 0 39 0 0 2872427 3253734 3133480 0 0 0 1733541 0 0 1177 0 
0 0 0 0 0 0 0 0 0 0 0 0 0 0 0 0 0 0 0 0 0 0 0 3 0 4 8 0 0 39 0 0 0 6468440 2874590 0 0 0 0 0 1826371 1210 0 0 
0 0 0 0 0 0 0 0 0 0 0 0 0 0 0 0 0 0 0 0 0 0 0 3 8 0 0 1 0 0 39 0 0 2874589 3275236 3180257 0 0 0 1827818 0 0 1211 0 
0 0 0 0 0 0 0 0 0 0 0 0 0 0 0 0 0 0 0 0 0 0 0 3 0 4 8 0 0 39 0 0 0 6543169 2913563 0 0 0 0 0 1826371 1210 0 0 
0 0 0 0 0 0 0 0 0 0 0 0 0 0 0 0 0 0 0 0 0 0 0 3 8 0 0 1 0 0 39 0 0 2913562 3349758 3180469 0 0 0 1827818 0 0 1211 0 
0 0 0 0 0 0 0 0 0 0 0 0 0 0 0 0 0 0 0 0 0 0 0 3 0 4 8 0 0 39 0 0 0 6611048 2921677 0 0 0 0 0 1920585 1243 0 0 
0 0 0 0 0 0 0 0 0 0 0 0 0 0 0 0 0 0 0 0 0 0 0 3 8 0 0 1 0 0 39 0 0 2921675 3370623 3227358 0 0 0 1922091 0 0 1244 0 
0 0 0 0 0 0 0 0 0 0 0 0 0 0 0 0 0 0 0 0 0 0 0 3 0 4 8 0 0 39 0 0 0 6680223 2961998 0 0 0 0 0 1920585 1243 0 0 
0 0 0 0 0 0 0 0 0 0 0 0 0 0 0 0 0 0 0 0 0 0 0 3 8 0 0 1 0 0 39 0 0 2961996 3439586 3227573 0 0 0 1922091 0 0 1244 0 
0 0 0 0 0 0 0 0 0 0 0 0 0 0 0 0 0 0 0 0 0 0 0 3 0 4 8 0 0 39 0 0 0 6746002 2965927 0 0 0 0 0 2012381 1278 0 0 
0 0 0 0 0 0 0 0 0 0 0 0 0 0 0 0 0 0 0 0 0 0 0 3 8 0 0 1 0 0 39 0 0 2965924 3459629 3273190 0 0 0 2013951 0 0 1279 0 
0 0 0 0 0 0 0 0 0 0 0 0 0 0 0 0 0 0 0 0 0 0 0 3 0 4 8 0 0 39 0 0 0 6821155 3000243 0 0 0 0 0 2014784 1278 0 0 
0 0 0 0 0 0 0 0 0 0 0 0 0 0 0 0 0 0 0 0 0 0 0 3 8 0 0 1 0 0 39 0 0 3000240 3533244 3274731 0 0 0 2016354 0 0 1279 0 
0 0 0 0 0 0 0 0 0 0 0 0 0 0 0 0 0 0 0 0 0 0 0 3 0 4 8 0 0 39 0 0 0 6885258 3012667 0 0 0 0 0 2102050 1311 0 0 
0 0 0 0 0 0 0 0 0 0 0 0 0 0 0 0 0 0 0 0 0 0 0 3 8 0 0 1 0 0 39 0 0 3012664 3553928 3318037 0 0 0 2103683 0 0 1312 0 
0 0 0 0 0 0 0 0 0 0 0 0 0 0 0 0 0 0 0 0 0 0 0 3 0 4 8 0 0 39 0 0 0 6960169 3048876 0 0 0 0 0 2108996 1311 0 0 
0 0 0 0 0 0 0 0 0 0 0 0 0 0 0 0 0 0 0 0 0 0 0 3 8 0 0 1 0 0 39 0 0 3048873 3625096 3321780 0 0 0 2110629 0 0 1312 0 
0 0 0 0 0 0 0 0 0 0 0 0 0 0 0 0 0 0 0 0 0 0 0 3 0 4 8 0 0 39 0 0 0 7018388 3059393 0 0 0 0 0 2184144 1319 0 0 
0 0 0 0 0 0 0 0 0 0 0 0 0 0 0 0 0 0 0 0 0 0 0 3 8 0 0 1 0 0 39 0 0 3059389 3648218 3356795 0 0 0 2185841 0 0 1320 0 
0 0 0 0 0 0 0 0 0 0 0 0 0 0 0 0 0 0 0 0 0 0 0 3 0 4 8 0 0 39 0 0 0 7102572 3087890 0 0 0 0 0 2203202 1346 0 0 
0 0 0 0 0 0 0 0 0 0 0 0 0 0 0 0 0 0 0 0 0 0 0 3 8 0 0 1 0 0 39 0 0 3087887 3720363 3368806 0 0 0 2204906 0 0 1347 0 
0 0 0 0 0 0 0 0 0 0 0 0 0 0 0 0 0 0 0 0 0 0 0 3 0 4 8 0 0 39 0 0 0 7165755 3106136 0 0 0 0 0 2285244 1355 0 0 
0 0 0 0 0 0 0 0 0 0 0 0 0 0 0 0 0 0 0 0 0 0 0 3 8 0 0 1 0 0 39 0 0 3106132 3742518 3409788 0 0 0 2287011 0 0 1355 0 
<====
0 0 0 0 0 0 0 0 0 0 0 0 0 0 0 0 0 0 0 0 0 0 0 3 0 8 8 0 0 39 0 0 0 7166272 3106153 0 0 0 0 0 2286455 1370 0 0 
0 0 0 0 0 0 0 0 0 0 0 0 0 0 0 0 0 0 0 0 0 0 0 3 8 0 0 2 0 0 39 0 0 3106149 3742527 3410296 0 0 0 2288220 0 0 1371 0 
0 0 0 0 0 0 0 0 0 0 0 0 0 0 0 0 0 0 0 0 0 0 0 3 0 8 8 0 0 39 0 0 0 7166272 3106153 0 0 0 0 0 2286455 1370 0 0 
0 0 0 0 0 0 0 0 0 0 0 0 0 0 0 0 0 0 0 0 0 0 0 3 8 0 0 2 0 0 39 0 0 3106149 3742527 3410296 0 0 0 2288220 0 0 1371 0 
0 0 0 0 0 0 0 0 0 0 0 0 0 0 0 0 0 0 0 0 0 0 0 3 0 8 8 0 0 39 0 0 0 7166272 3106153 0 0 0 0 0 2286455 1370 0 0 
0 0 0 0 0 0 0 0 0 0 0 0 0 0 0 0 0 0 0 0 0 0 0 3 8 0 0 2 0 0 39 0 0 3106149 3742527 3410296 0 0 0 2288220 0 0 1371 0 
0 0 0 0 0 0 0 0 0 0 0 0 0 0 0 0 0 0 0 0 0 0 0 3 0 8 8 0 0 39 0 0 0 7166272 3106153 0 0 0 0 0 2286455 1370 0 0 
0 0 0 0 0 0 0 0 0 0 0 0 0 0 0 0 0 0 0 0 0 0 0 3 8 0 0 2 0 0 39 0 0 3106149 3742527 3410296 0 0 0 2288220 0 0 1371 0 
0 0 0 0 0 0 0 0 0 0 0 0 0 0 0 0 0 0 0 0 0 0 0 3 0 8 8 0 0 39 0 0 0 7166272 3106153 0 0 0 0 0 2286455 1370 0 0 
0 0 0 0 0 0 0 0 0 0 0 0 0 0 0 0 0 0 0 0 0 0 0 3 8 0 0 2 0 0 39 0 0 3106149 3742527 3410296 0 0 0 2288220 0 0 1371 0 
0 0 0 0 0 0 0 0 0 0 0 0 0 0 0 0 0 0 0 0 0 0 0 3 0 8 8 0 0 39 0 0 0 7166272 3106153 0 0 0 0 0 2286455 1370 0 0 
0 0 0 0 0 0 0 0 0 0 0 0 0 0 0 0 0 0 0 0 0 0 0 3 8 0 0 2 0 0 39 0 0 3106149 3742527 3410296 0 0 0 2288220 0 0 1371 0 
