0 0 0 0 0 0 0 0 0 0 0 0 0 0 0 0 0 0 0 0 0 0 0 3 12 0 0 3 0 0 57 0 0 4016002 6249810 4424646 0 0 0 4126064 0 0 2049 0 
0 0 0 0 0 0 0 0 0 0 0 0 0 0 0 0 0 0 0 0 0 0 0 3 12 0 0 3 0 0 57 0 0 4016002 6249810 4424646 0 0 0 4126064 0 0 2049 0 
0 0 0 0 0 0 0 0 0 0 0 0 0 0 0 0 0 0 0 0 0 0 0 3 12 0 0 3 0 0 57 0 0 4016002 6249810 4424646 0 0 0 4126064 0 0 2049 0 
0 0 0 0 0 0 0 0 0 0 0 0 0 0 0 0 0 0 0 0 0 0 0 3 12 0 0 3 0 0 57 0 0 4016002 6249810 4424646 0 0 0 4126064 0 0 2049 0 
====>
0 0 0 0 0 0 0 0 0 0 0 0 0 0 0 0 0 0 0 0 0 0 0 3 0 12 12 0 0 57 0 0 0 10678168 4015461 0 0 0 0 0 4139735 2069 0 0 
0 0 0 0 0 0 0 0 0 0 0 0 0 0 0 0 0 0 0 0 0 0 0 3 0 12 12 0 0 57 0 0 0 10678168 4015461 0 0 0 0 0 4139735 2069 0 0 
0 0 0 0 0 0 0 0 0 0 0 0 0 0 0 0 0 0 0 0 0 0 0 3 0 12 12 0 0 57 0 0 0 10678168 4015461 0 0 0 0 0 4139735 2069 0 0 
0 0 0 0 0 0 0 0 0 0 0 0 0 0 0 0 0 0 0 0 0 0 0 3 0 12 12 0 0 57 0 0 0 10678168 4015461 0 0 0 0 0 4139735 2069 0 0 
0 0 0 0 0 0 0 0 0 0 0 0 0 0 0 0 0 0 0 0 0 0 0 3 0 12 12 0 0 57 0 0 0 10678168 4015461 0 0 0 0 0 4139735 2069 0 0 
0 0 0 0 0 0 0 0 0 0 0 0 0 0 0 0 0 0 0 0 0 0 0 3 0 12 12 0 0 57 0 0 0 10678168 4015461 0 0 0 0 0 4139735 2069 0 0 
0 0 0 0 0 0 0 0 0 0 0 0 0 0 0 0 0 0 0 0 0 0 0 3 0 12 12 0 0 57 0 0 0 10678168 4015461 0 0 0 0 0 4139735 2069 0 0 
0 0 0 0 0 0 0 0 0 0 0 0 0 0 0 0 0 0 0 0 0 0 0 3 0 12 12 0 0 57 0 0 0 10678168 4015461 0 0 0 0 0 4139735 2069 0 0 
0 0 0 0 0 0 0 0 0 0 0 0 0 0 0 0 0 0 0 0 0 0 0 3 0 12 12 0 0 57 0 0 0 10678168 4015461 0 0 0 0 0 4139735 2069 0 0 
0 0 0 0 0 0 0 0 0 0 0 0 0 0 0 0 0 0 0 0 0 0 0 3 0 12 12 0 0 57 0 0 0 10678168 4015461 0 0 0 0 0 4139735 2069 0 0 
0 0 0 0 0 0 0 0 0 0 0 0 0 0 0 0 0 0 0 0 0 0 0 3 0 12 12 0 0 57 0 0 0 10678168 4015461 0 0 0 0 0 4139735 2069 0 0 
0 0 0 0 0 0 0 0 0 0 0 0 0 0 0 0 0 0 0 0 0 0 0 3 0 12 12 0 0 57 0 0 0 10678168 4015461 0 0 0 0 0 4139735 2069 0 0 
0 0 0 0 0 0 0 0 0 0 0 0 0 0 0 0 0 0 0 0 0 0 0 3 0 12 12 0 0 57 0 0 0 10678168 4015461 0 0 0 0 0 4139735 2069 0 0 
0 0 0 0 0 0 0 0 0 0 0 0 0 0 0 0 0 0 0 0 0 0 0 3 0 12 12 0 0 57 0 0 0 10678168 4015461 0 0 0 0 0 4139735 2069 0 0 
0 0 0 0 0 0 0 0 0 0 0 0 0 0 0 0 0 0 0 0 0 0 0 3 0 12 12 0 0 57 0 0 0 10678168 4015461 0 0 0 0 0 4139735 2069 0 0 
0 0 0 0 0 0 0 0 0 0 0 0 0 0 0 0 0 0 0 0 0 0 0 3 0 12 12 0 0 57 0 0 0 10678168 4015461 0 0 0 0 0 4139735 2069 0 0 
0 0 0 0 0 0 0 0 0 0 0 0 0 0 0 0 0 0 0 0 0 0 0 3 0 12 12 0 0 57 0 0 0 10678168 4015461 0 0 0 0 0 4139735 2069 0 0 
0 0 0 0 0 0 0 0 0 0 0 0 0 0 0 0 0 0 0 0 0 0 0 3 0 12 12 0 0 57 0 0 0 10678168 4015461 0 0 0 0 0 4139735 2069 0 0 
0 0 0 0 0 0 0 0 0 0 0 0 0 0 0 0 0 0 0 0 0 0 0 3 0 12 12 0 0 57 0 0 0 10678168 4015461 0 0 0 0 0 4139735 2069 0 0 
0 0 0 0 0 0 0 0 0 0 0 0 0 0 0 0 0 0 0 0 0 0 0 3 0 12 12 0 0 57 0 0 0 10678168 4015461 0 0 0 0 0 4139735 2069 0 0 
0 0 0 0 0 0 0 0 0 0 0 0 0 0 0 0 0 0 0 0 0 0 0 3 0 12 12 0 0 57 0 0 0 10678168 4015461 0 0 0 0 0 4139735 2069 0 0 
0 0 0 0 0 0 0 0 0 0 0 0 0 0 0 0 0 0 0 0 0 0 0 3 0 12 12 0 0 57 0 0 0 10678168 4015461 0 0 0 0 0 4139735 2069 0 0 
0 0 0 0 0 0 0 0 0 0 0 0 0 0 0 0 0 0 0 0 0 0 0 3 0 12 12 0 0 57 0 0 0 10678168 4015461 0 0 0 0 0 4139735 2069 0 0 
0 0 0 0 0 0 0 0 0 0 0 0 0 0 0 0 0 0 0 0 0 0 0 3 0 12 12 0 0 57 0 0 0 10678168 4015461 0 0 0 0 0 4139735 2069 0 0 
0 0 0 0 0 0 0 0 0 0 0 0 0 0 0 0 0 0 0 0 0 0 0 3 0 12 12 0 0 57 0 0 0 10678168 4015461 0 0 0 0 0 4139735 2069 0 0 
0 0 0 0 0 0 0 0 0 0 0 0 0 0 0 0 0 0 0 0 0 0 0 3 0 12 12 0 0 57 0 0 0 10678168 4015461 0 0 0 0 0 4139735 2069 0 0 
0 0 0 0 0 0 0 0 0 0 0 0 0 0 0 0 0 0 0 0 0 0 0 3 0 12 12 0 0 57 0 0 0 10678168 4015461 0 0 0 0 0 4139735 2069 0 0 
0 0 0 0 0 0 0 0 0 0 0 0 0 0 0 0 0 0 0 0 0 0 0 3 0 12 12 0 0 57 0 0 0 10678168 4015461 0 0 0 0 0 4139735 2069 0 0 
0 0 0 0 0 0 0 0 0 0 0 0 0 0 0 0 0 0 0 0 0 0 0 3 0 12 12 0 0 57 0 0 0 10678168 4015461 0 0 0 0 0 4139735 2069 0 0 
0 0 0 0 0 0 0 0 0 0 0 0 0 0 0 0 0 0 0 0 0 0 0 3 0 12 12 0 0 57 0 0 0 10678168 4015461 0 0 0 0 0 4139735 2069 0 0 
0 0 0 0 0 0 0 0 0 0 0 0 0 0 0 0 0 0 0 0 0 0 0 3 0 12 12 0 0 57 0 0 0 10678168 4015461 0 0 0 0 0 4139735 2069 0 0 
0 0 0 0 0 0 0 0 0 0 0 0 0 0 0 0 0 0 0 0 0 0 0 3 0 12 12 0 0 57 0 0 0 10678168 4015461 0 0 0 0 0 4139735 2069 0 0 
0 0 0 0 0 0 0 0 0 0 0 0 0 0 0 0 0 0 0 0 0 0 0 3 0 12 12 0 0 57 0 0 0 10678168 4015461 0 0 0 0 0 4139735 2069 0 0 
0 0 0 0 0 0 0 0 0 0 0 0 0 0 0 0 0 0 0 0 0 0 0 3 0 12 12 0 0 57 0 0 0 10678168 4015461 0 0 0 0 0 4139735 2069 0 0 
0 0 0 0 0 0 0 0 0 0 0 0 0 0 0 0 0 0 0 0 0 0 0 3 0 12 12 0 0 57 0 0 0 10678168 4015461 0 0 0 0 0 4139735 2069 0 0 
0 0 0 0 0 0 0 0 0 0 0 0 0 0 0 0 0 0 0 0 0 0 0 3 0 12 12 0 0 57 0 0 0 10678168 4015461 0 0 0 0 0 4139735 2069 0 0 
0 0 0 0 0 0 0 0 0 0 0 0 0 0 0 0 0 0 0 0 0 0 0 3 0 12 12 0 0 57 0 0 0 10678168 4015461 0 0 0 0 0 4139735 2069 0 0 
0 0 0 0 0 0 0 0 0 0 0 0 0 0 0 0 0 0 0 0 0 0 0 3 0 12 12 0 0 57 0 0 0 10678168 4015461 0 0 0 0 0 4139735 2069 0 0 
0 0 0 0 0 0 0 0 0 0 0 0 0 0 0 0 0 0 0 0 0 0 0 3 0 12 12 0 0 57 0 0 0 10678168 4015461 0 0 0 0 0 4139735 2069 0 0 
0 0 0 0 0 0 0 0 0 0 0 0 0 0 0 0 0 0 0 0 0 0 0 3 0 12 12 0 0 57 0 0 0 10678168 4015461 0 0 0 0 0 4139735 2069 0 0 
0 0 0 0 0 0 0 0 0 0 0 0 0 0 0 0 0 0 0 0 0 0 0 3 0 12 12 0 0 57 0 0 0 10678168 4015461 0 0 0 0 0 4139735 2069 0 0 
0 0 0 0 0 0 0 0 0 0 0 0 0 0 0 0 0 0 0 0 0 0 0 3 0 12 12 0 0 57 0 0 0 10678168 4015461 0 0 0 0 0 4139735 2069 0 0 
0 0 0 0 0 0 0 0 0 0 0 0 0 0 0 0 0 0 0 0 0 0 0 3 0 12 12 0 0 57 0 0 0 10678168 4015461 0 0 0 0 0 4139735 2069 0 0 
0 0 0 0 0 0 0 0 0 0 0 0 0 0 0 0 0 0 0 0 0 0 0 3 0 12 12 0 0 57 0 0 0 10678168 4015461 0 0 0 0 0 4139735 2069 0 0 
0 0 0 0 0 0 0 0 0 0 0 0 0 0 0 0 0 0 0 0 0 0 0 3 0 12 12 0 0 57 0 0 0 10678168 4015461 0 0 0 0 0 4139735 2069 0 0 
0 0 0 0 0 0 0 0 0 0 0 0 0 0 0 0 0 0 0 0 0 0 0 3 0 12 12 0 0 57 0 0 0 10678168 4015461 0 0 0 0 0 4139735 2069 0 0 
0 0 0 0 0 0 0 0 0 0 0 0 0 0 0 0 0 0 0 0 0 0 0 3 0 12 12 0 0 57 0 0 0 10678168 4015461 0 0 0 0 0 4139735 2069 0 0 
0 0 0 0 0 0 0 0 0 0 0 0 0 0 0 0 0 0 0 0 0 0 0 3 0 12 12 0 0 57 0 0 0 10678168 4015461 0 0 0 0 0 4139735 2069 0 0 
0 0 0 0 0 0 0 0 0 0 0 0 0 0 0 0 0 0 0 0 0 0 0 3 0 12 12 0 0 57 0 0 0 10678168 4015461 0 0 0 0 0 4139735 2069 0 0 
0 0 0 0 0 0 0 0 0 0 0 0 0 0 0 0 0 0 0 0 0 0 0 3 0 12 12 0 0 57 0 0 0 10678168 4015461 0 0 0 0 0 4139735 2069 0 0 
0 0 0 0 0 0 0 0 0 0 0 0 0 0 0 0 0 0 0 0 0 0 0 3 0 12 12 0 0 57 0 0 0 10678168 4015461 0 0 0 0 0 4139735 2069 0 0 
0 0 0 0 0 0 0 0 0 0 0 0 0 0 0 0 0 0 0 0 0 0 0 3 0 12 12 0 0 57 0 0 0 10678168 4015461 0 0 0 0 0 4139735 2069 0 0 
0 0 0 0 0 0 0 0 0 0 0 0 0 0 0 0 0 0 0 0 0 0 0 3 0 12 12 0 0 57 0 0 0 10678168 4015461 0 0 0 0 0 4139735 2069 0 0 
0 0 0 0 0 0 0 0 0 0 0 0 0 0 0 0 0 0 0 0 0 0 0 3 0 12 12 0 0 57 0 0 0 10678168 4015461 0 0 0 0 0 4139735 2069 0 0 
0 0 0 0 0 0 0 0 0 0 0 0 0 0 0 0 0 0 0 0 0 0 0 3 0 12 12 0 0 57 0 0 0 10678168 4015461 0 0 0 0 0 4139735 2069 0 0 
0 0 0 0 0 0 0 0 0 0 0 0 0 0 0 0 0 0 0 0 0 0 0 3 0 12 12 0 0 57 0 0 0 10678168 4015461 0 0 0 0 0 4139735 2069 0 0 
0 0 0 0 0 0 0 0 0 0 0 0 0 0 0 0 0 0 0 0 0 0 0 3 0 12 12 0 0 57 0 0 0 10678168 4015461 0 0 0 0 0 4139735 2069 0 0 
0 0 0 0 0 0 0 0 0 0 0 0 0 0 0 0 0 0 0 0 0 0 0 3 0 12 12 0 0 57 0 0 0 10678168 4015461 0 0 0 0 0 4139735 2069 0 0 
0 0 0 0 0 0 0 0 0 0 0 0 0 0 0 0 0 0 0 0 0 0 0 3 0 12 12 0 0 57 0 0 0 10678168 4015461 0 0 0 0 0 4139735 2069 0 0 
0 0 0 0 0 0 0 0 0 0 0 0 0 0 0 0 0 0 0 0 0 0 0 3 0 12 12 0 0 57 0 0 0 10678168 4015461 0 0 0 0 0 4139735 2069 0 0 
0 0 0 0 0 0 0 0 0 0 0 0 0 0 0 0 0 0 0 0 0 0 0 3 0 12 12 0 0 57 0 0 0 10678168 4015461 0 0 0 0 0 4139735 2069 0 0 
0 0 0 0 0 0 0 0 0 0 0 0 0 0 0 0 0 0 0 0 0 0 0 3 0 12 12 0 0 57 0 0 0 10678168 4015461 0 0 0 0 0 4139735 2069 0 0 
0 0 0 0 0 0 0 0 0 0 0 0 0 0 0 0 0 0 0 0 0 0 0 3 0 12 12 0 0 57 0 0 0 10678168 4015461 0 0 0 0 0 4139735 2069 0 0 
0 0 0 0 0 0 0 0 0 0 0 0 0 0 0 0 0 0 0 0 0 0 0 3 0 12 12 0 0 57 0 0 0 10678168 4015461 0 0 0 0 0 4139735 2069 0 0 
0 0 0 0 0 0 0 0 0 0 0 0 0 0 0 0 0 0 0 0 0 0 0 3 0 12 24 0 0 104 0 0 0 10972528 4015505 0 0 0 0 0 4139770 2131 0 0 
0 0 0 0 0 0 0 0 0 0 0 0 0 0 0 0 0 0 0 0 0 0 0 3 0 12 24 0 0 104 0 0 0 11460998 4015505 0 0 0 0 0 4139773 2131 0 0 
0 0 0 0 0 0 0 0 0 0 0 0 0 0 0 0 0 0 0 0 0 0 0 3 0 12 24 0 0 104 0 0 0 11874480 4015505 0 0 0 0 0 4139773 2131 0 0 
0 0 0 0 0 0 0 0 0 0 0 0 0 0 0 0 0 0 0 0 0 0 0 3 0 12 24 0 0 104 0 0 0 12221677 4015505 0 0 0 0 0 4139773 2131 0 0 
0 0 0 0 0 0 0 0 0 0 0 0 0 0 0 0 0 0 0 0 0 0 0 3 0 12 24 0 0 104 0 0 0 12532184 4015505 0 0 0 0 0 4139773 2131 0 0 
0 0 0 0 0 0 0 0 0 0 0 0 0 0 0 0 0 0 0 0 0 0 0 3 0 12 24 0 0 104 0 0 0 12750650 4015505 0 0 0 0 0 4139773 2131 0 0 
0 0 0 0 0 0 0 0 0 0 0 0 0 0 0 0 0 0 0 0 0 0 0 3 0 12 24 0 0 104 0 0 0 12907930 4015507 0 0 0 0 0 4139778 2139 0 0 
0 0 0 0 0 0 0 0 0 0 0 0 0 0 0 0 0 0 0 0 0 0 0 3 0 12 24 0 0 107 0 0 0 12992234 4015519 0 0 0 0 0 4139786 2151 0 0 
0 0 0 0 0 0 0 0 0 0 0 0 0 0 0 0 0 0 0 0 0 0 0 3 0 12 24 0 0 110 0 0 0 13146677 4019773 0 0 0 0 0 4438284 2237 0 0 
0 0 0 0 0 0 0 0 0 0 0 0 0 0 0 0 0 0 0 0 0 0 0 3 0 12 24 0 0 110 0 0 0 13348075 4120910 0 0 0 0 0 4438284 2237 0 0 
0 0 0 0 0 0 0 0 0 0 0 0 0 0 0 0 0 0 0 0 0 0 0 3 0 12 24 0 0 110 0 0 0 13497154 4149195 0 0 0 0 0 4598813 2265 0 0 
0 0 0 0 0 0 0 0 0 0 0 0 0 0 0 0 0 0 0 0 0 0 0 3 0 12 24 0 0 110 0 0 0 13671484 4216141 0 0 0 0 0 4717213 2342 0 0 
0 0 0 0 0 0 0 0 0 0 0 0 0 0 0 0 0 0 0 0 0 0 0 3 0 12 24 0 0 110 0 0 0 13819769 4277847 0 0 0 0 0 4717217 2346 0 0 
0 0 0 0 0 0 0 0 0 0 0 0 0 0 0 0 0 0 0 0 0 0 0 3 0 12 24 0 0 110 0 0 0 13969922 4285575 0 0 0 0 0 4995142 2443 0 0 
0 0 0 0 0 0 0 0 0 0 0 0 0 0 0 0 0 0 0 0 0 0 0 3 0 12 24 0 0 110 0 0 0 14158070 4379654 0 0 0 0 0 4995142 2443 0 0 
0 0 0 0 0 0 0 0 0 0 0 0 0 0 0 0 0 0 0 0 0 0 0 3 0 12 24 0 0 110 0 0 0 14285207 4415533 0 0 0 0 0 5080943 2467 0 0 
0 0 0 0 0 0 0 0 0 0 0 0 0 0 0 0 0 0 0 0 0 0 0 3 0 12 24 0 0 110 0 0 0 14451873 4457902 0 0 0 0 0 5273038 2546 0 0 
0 0 0 0 0 0 0 0 0 0 0 0 0 0 0 0 0 0 0 0 0 0 0 3 0 12 24 0 0 110 0 0 0 14613988 4525066 0 0 0 0 0 5273042 2550 0 0 
0 0 0 0 0 0 0 0 0 0 0 0 0 0 0 0 0 0 0 0 0 0 0 3 0 12 24 0 0 110 0 0 0 14756257 4548729 0 0 0 0 0 5472376 2578 0 0 
0 0 0 0 0 0 0 0 0 0 0 0 0 0 0 0 0 0 0 0 0 0 0 3 0 12 24 0 0 110 0 0 0 14924587 4619890 0 0 0 0 0 5550912 2649 0 0 
0 0 0 0 0 0 0 0 0 0 0 0 0 0 0 0 0 0 0 0 0 0 0 3 0 12 24 0 0 110 0 0 0 15054828 4672506 0 0 0 0 0 5550916 2653 0 0 
0 0 0 0 0 0 0 0 0 0 0 0 0 0 0 0 0 0 0 0 0 0 0 3 0 12 24 0 0 110 0 0 0 15202188 4681945 0 0 0 0 0 5814815 2750 0 0 
0 0 0 0 0 0 0 0 0 0 0 0 0 0 0 0 0 0 0 0 0 0 0 3 0 12 24 0 0 110 0 0 0 15377104 4770680 0 0 0 0 0 5828802 2750 0 0 
0 0 0 0 0 0 0 0 0 0 0 0 0 0 0 0 0 0 0 0 0 0 0 3 0 12 24 0 0 110 0 0 0 15490888 4815066 0 0 0 0 0 5828813 2766 0 0 
0 0 0 0 0 0 0 0 0 0 0 0 0 0 0 0 0 0 0 0 0 0 0 3 0 12 24 0 0 110 0 0 0 15645263 4832990 0 0 0 0 0 6106691 2855 0 0 
0 0 0 0 0 0 0 0 0 0 0 0 0 0 0 0 0 0 0 0 0 0 0 3 0 12 24 0 0 110 0 0 0 15834423 4918613 0 0 0 0 0 6106695 2859 0 0 
0 0 0 0 0 0 0 0 0 0 0 0 0 0 0 0 0 0 0 0 0 0 0 3 0 12 24 0 0 110 0 0 0 15972159 4948270 0 0 0 0 0 6254418 2883 0 0 
0 0 0 0 0 0 0 0 0 0 0 0 0 0 0 0 0 0 0 0 0 0 0 3 0 12 24 0 0 110 0 0 0 16138018 5006177 0 0 0 0 0 6384639 2952 0 0 
0 0 0 0 0 0 0 0 0 0 0 0 0 0 0 0 0 0 0 0 0 0 0 3 0 12 24 0 0 110 0 0 0 16286414 5066453 0 0 0 0 0 6384643 2956 0 0 
0 0 0 0 0 0 0 0 0 0 0 0 0 0 0 0 0 0 0 0 0 0 0 3 0 12 24 0 0 110 0 0 0 16429618 5081451 0 0 0 0 0 6618822 2985 0 0 
0 0 0 0 0 0 0 0 0 0 0 0 0 0 0 0 0 0 0 0 0 0 0 3 0 12 24 0 0 110 0 0 0 16608496 5166916 0 0 0 0 0 6662507 3054 0 0 
0 0 0 0 0 0 0 0 0 0 0 0 0 0 0 0 0 0 0 0 0 0 0 3 0 12 24 0 0 110 0 0 0 16731647 5214623 0 0 0 0 0 6662525 3066 0 0 
0 0 0 0 0 0 0 0 0 0 0 0 0 0 0 0 0 0 0 0 0 0 0 3 0 12 24 0 0 110 0 0 0 16889121 5234150 0 0 0 0 0 6940394 3159 0 0 
0 0 0 0 0 0 0 0 0 0 0 0 0 0 0 0 0 0 0 0 0 0 0 3 0 12 24 0 0 110 0 0 0 17067507 5313328 0 0 0 0 0 6940398 3163 0 0 
0 0 0 0 0 0 0 0 0 0 0 0 0 0 0 0 0 0 0 0 0 0 0 3 0 12 24 0 0 110 0 0 0 17193386 5347837 0 0 0 0 0 7045752 3187 0 0 
0 0 0 0 0 0 0 0 0 0 0 0 0 0 0 0 0 0 0 0 0 0 0 3 0 12 24 0 0 110 0 0 0 17362171 5395544 0 0 0 0 0 7218277 3262 0 0 
0 0 0 0 0 0 0 0 0 0 0 0 0 0 0 0 0 0 0 0 0 0 0 3 0 12 24 0 0 110 0 0 0 17520882 5462376 0 0 0 0 0 7218281 3266 0 0 
0 0 0 0 0 0 0 0 0 0 0 0 0 0 0 0 0 0 0 0 0 0 0 3 0 12 24 0 0 110 0 0 0 17666612 5481028 0 0 0 0 0 7442543 3294 0 0 
0 0 0 0 0 0 0 0 0 0 0 0 0 0 0 0 0 0 0 0 0 0 0 3 0 12 24 0 0 110 0 0 0 17849029 5564647 0 0 0 0 0 7496169 3368 0 0 
0 0 0 0 0 0 0 0 0 0 0 0 0 0 0 0 0 0 0 0 0 0 0 3 0 12 24 0 0 110 0 0 0 17973326 5614179 0 0 0 0 0 7496180 3384 0 0 
0 0 0 0 0 0 0 0 0 0 0 0 0 0 0 0 0 0 0 0 0 0 0 3 0 12 24 0 0 110 0 0 0 18133799 5634869 0 0 0 0 0 7774069 3472 0 0 
0 0 0 0 0 0 0 0 0 0 0 0 0 0 0 0 0 0 0 0 0 0 0 3 0 12 24 0 0 110 0 0 0 18317237 5716172 0 0 0 0 0 7774073 3476 0 0 
0 0 0 0 0 0 0 0 0 0 0 0 0 0 0 0 0 0 0 0 0 0 0 3 0 12 24 0 0 110 0 0 0 18448984 5747376 0 0 0 0 0 7907357 3500 0 0 
0 0 0 0 0 0 0 0 0 0 0 0 0 0 0 0 0 0 0 0 0 0 0 3 0 12 24 0 0 110 0 0 0 18618298 5802366 0 0 0 0 0 8051975 3573 0 0 
0 0 0 0 0 0 0 0 0 0 0 0 0 0 0 0 0 0 0 0 0 0 0 3 0 12 24 0 0 110 0 0 0 18768494 5864604 0 0 0 0 0 8051979 3577 0 0 
0 0 0 0 0 0 0 0 0 0 0 0 0 0 0 0 0 0 0 0 0 0 0 3 0 12 24 0 0 110 0 0 0 18912020 5880559 0 0 0 0 0 8283969 3606 0 0 
0 0 0 0 0 0 0 0 0 0 0 0 0 0 0 0 0 0 0 0 0 0 0 3 0 12 24 0 0 110 0 0 0 19088238 5964208 0 0 0 0 0 8329850 3676 0 0 
0 0 0 0 0 0 0 0 0 0 0 0 0 0 0 0 0 0 0 0 0 0 0 3 0 12 24 0 0 110 0 0 0 19211074 6011827 0 0 0 0 0 8329854 3680 0 0 
0 0 0 0 0 0 0 0 0 0 0 0 0 0 0 0 0 0 0 0 0 0 0 3 0 12 24 0 0 110 0 0 0 19367858 6030008 0 0 0 0 0 8607762 3777 0 0 
0 0 0 0 0 0 0 0 0 0 0 0 0 0 0 0 0 0 0 0 0 0 0 3 0 12 24 0 0 110 0 0 0 19555828 6115005 0 0 0 0 0 8607766 3781 0 0 
0 0 0 0 0 0 0 0 0 0 0 0 0 0 0 0 0 0 0 0 0 0 0 3 0 12 24 0 0 110 0 0 0 19680623 6146940 0 0 0 0 0 8721346 3805 0 0 
0 0 0 0 0 0 0 0 0 0 0 0 0 0 0 0 0 0 0 0 0 0 0 3 0 12 24 0 0 110 0 0 0 19847192 6196130 0 0 0 0 0 8885685 3882 0 0 
0 0 0 0 0 0 0 0 0 0 0 0 0 0 0 0 0 0 0 0 0 0 0 3 0 12 24 0 0 110 0 0 0 20005049 6261722 0 0 0 0 0 8885689 3886 0 0 
0 0 0 0 0 0 0 0 0 0 0 0 0 0 0 0 0 0 0 0 0 0 0 3 0 12 24 0 0 110 0 0 0 20146014 6280133 0 0 0 0 0 9102674 3914 0 0 
0 0 0 0 0 0 0 0 0 0 0 0 0 0 0 0 0 0 0 0 0 0 0 3 0 12 24 0 0 110 0 0 0 20313984 6355873 0 0 0 0 0 9163604 3985 0 0 
0 0 0 0 0 0 0 0 0 0 0 0 0 0 0 0 0 0 0 0 0 0 0 3 0 12 24 0 0 110 0 0 0 20444556 6408446 0 0 0 0 0 9163608 3989 0 0 
0 0 0 0 0 0 0 0 0 0 0 0 0 0 0 0 0 0 0 0 0 0 0 3 0 12 24 0 0 110 0 0 0 20592616 6416761 0 0 0 0 0 9441498 4088 0 0 
0 0 0 0 0 0 0 0 0 0 0 0 0 0 0 0 0 0 0 0 0 0 0 3 0 12 24 0 0 110 0 0 0 20781784 6510915 0 0 0 0 0 9441498 4088 0 0 
0 0 0 0 0 0 0 0 0 0 0 0 0 0 0 0 0 0 0 0 0 0 0 3 0 12 24 0 0 110 0 0 0 20917322 6546498 0 0 0 0 0 9546151 4116 0 0 
0 0 0 0 0 0 0 0 0 0 0 0 0 0 0 0 0 0 0 0 0 0 0 3 0 24 24 0 0 110 0 0 0 20987409 6546544 0 0 0 0 0 9686228 4159 0 0 
0 0 0 0 0 0 0 0 0 0 0 0 0 0 0 0 0 0 0 0 0 0 0 3 24 0 0 6 0 0 110 0 0 6547995 13730792 7252270 0 0 0 9650619 0 0 4118 0 
0 0 0 0 0 0 0 0 0 0 0 0 0 0 0 0 0 0 0 0 0 0 0 3 24 0 0 6 0 0 110 0 0 6547995 13730792 7252270 0 0 0 9650619 0 0 4118 0 
0 0 0 0 0 0 0 0 0 0 0 0 0 0 0 0 0 0 0 0 0 0 0 3 24 0 0 6 0 0 110 0 0 6547995 13730792 7252270 0 0 0 9650619 0 0 4118 0 
0 0 0 0 0 0 0 0 0 0 0 0 0 0 0 0 0 0 0 0 0 0 0 3 24 0 0 6 0 0 110 0 0 6547995 13730792 7252270 0 0 0 9650619 0 0 4118 0 
0 0 0 0 0 0 0 0 0 0 0 0 0 0 0 0 0 0 0 0 0 0 0 3 24 0 0 6 0 0 110 0 0 6547995 13730792 7252270 0 0 0 9650619 0 0 4118 0 
0 0 0 0 0 0 0 0 0 0 0 0 0 0 0 0 0 0 0 0 0 0 0 3 24 0 0 6 0 0 110 0 0 6547995 13730792 7252270 0 0 0 9650619 0 0 4118 0 
0 0 0 0 0 0 0 0 0 0 0 0 0 0 0 0 0 0 0 0 0 0 0 3 24 0 0 6 0 0 110 0 0 6547995 13730792 7252270 0 0 0 9650619 0 0 4118 0 
0 0 0 0 0 0 0 0 0 0 0 0 0 0 0 0 0 0 0 0 0 0 0 3 24 0 0 6 0 0 110 0 0 6547995 13730792 7252270 0 0 0 9650619 0 0 4118 0 
0 0 0 0 0 0 0 0 0 0 0 0 0 0 0 0 0 0 0 0 0 0 0 3 24 0 0 6 0 0 110 0 0 6547995 13730792 7252270 0 0 0 9650619 0 0 4118 0 
0 0 0 0 0 0 0 0 0 0 0 0 0 0 0 0 0 0 0 0 0 0 0 3 24 0 0 6 0 0 110 0 0 6547995 13730792 7252270 0 0 0 9650619 0 0 4118 0 
0 0 0 0 0 0 0 0 0 0 0 0 0 0 0 0 0 0 0 0 0 0 0 3 24 0 0 6 0 0 110 0 0 6547995 13730792 7252270 0 0 0 9650619 0 0 4118 0 
0 0 0 0 0 0 0 0 0 0 0 0 0 0 0 0 0 0 0 0 0 0 0 3 24 0 0 6 0 0 110 0 0 6547995 13730792 7252270 0 0 0 9650619 0 0 4118 0 
0 0 0 0 0 0 0 0 0 0 0 0 0 0 0 0 0 0 0 0 0 0 0 3 24 0 0 6 0 0 110 0 0 6547995 13730792 7252270 0 0 0 9650619 0 0 4118 0 
0 0 0 0 0 0 0 0 0 0 0 0 0 0 0 0 0 0 0 0 0 0 0 3 24 0 0 6 0 0 110 0 0 6547995 13730792 7252270 0 0 0 9650619 0 0 4118 0 
0 0 0 0 0 0 0 0 0 0 0 0 0 0 0 0 0 0 0 0 0 0 0 3 24 0 0 6 0 0 110 0 0 6547995 13730792 7252270 0 0 0 9650619 0 0 4118 0 
