0 0 0 0 0 0 0 0 0 0 0 0 0 0 0 0 0 0 0 0 0 0 0 3 4 0 0 1 0 0 22 0 0 2217903 1213640 2442716 0 0 0 408977 0 0 662 0 
0 0 0 0 0 0 0 0 0 0 0 0 0 0 0 0 0 0 0 0 0 0 0 3 4 0 0 1 0 0 22 0 0 2217903 1213640 2442716 0 0 0 408977 0 0 662 0 
0 0 0 0 0 0 0 0 0 0 0 0 0 0 0 0 0 0 0 0 0 0 0 3 4 0 0 1 0 0 22 0 0 2217903 1213640 2442716 0 0 0 408977 0 0 662 0 
0 0 0 0 0 0 0 0 0 0 0 0 0 0 0 0 0 0 0 0 0 0 0 3 4 0 0 1 0 0 22 0 0 2217903 1213640 2442716 0 0 0 408977 0 0 662 0 
0 0 0 0 0 0 0 0 0 0 0 0 0 0 0 0 0 0 0 0 0 0 0 3 4 0 0 1 0 0 22 0 0 2217903 1213640 2442716 0 0 0 408977 0 0 662 0 
====>
0 0 0 0 0 0 0 0 0 0 0 0 0 0 0 0 0 0 0 0 0 0 0 3 0 4 4 0 0 22 0 0 0 3656526 2217919 0 0 0 0 0 409003 671 0 0 
0 0 0 0 0 0 0 0 0 0 0 0 0 0 0 0 0 0 0 0 0 0 0 3 0 4 4 0 0 22 0 0 0 3656526 2217919 0 0 0 0 0 409003 671 0 0 
0 0 0 0 0 0 0 0 0 0 0 0 0 0 0 0 0 0 0 0 0 0 0 3 0 4 4 0 0 22 0 0 0 3656526 2217919 0 0 0 0 0 409003 671 0 0 
0 0 0 0 0 0 0 0 0 0 0 0 0 0 0 0 0 0 0 0 0 0 0 3 0 4 4 0 0 22 0 0 0 3656526 2217919 0 0 0 0 0 409003 671 0 0 
0 0 0 0 0 0 0 0 0 0 0 0 0 0 0 0 0 0 0 0 0 0 0 3 0 4 4 0 0 22 0 0 0 3656526 2217919 0 0 0 0 0 409003 671 0 0 
0 0 0 0 0 0 0 0 0 0 0 0 0 0 0 0 0 0 0 0 0 0 0 3 0 4 4 0 0 22 0 0 0 3656526 2217919 0 0 0 0 0 409003 671 0 0 
0 0 0 0 0 0 0 0 0 0 0 0 0 0 0 0 0 0 0 0 0 0 0 3 0 4 4 0 0 22 0 0 0 3656526 2217919 0 0 0 0 0 409003 671 0 0 
0 0 0 0 0 0 0 0 0 0 0 0 0 0 0 0 0 0 0 0 0 0 0 3 0 4 4 0 0 22 0 0 0 3656526 2217919 0 0 0 0 0 409003 671 0 0 
0 0 0 0 0 0 0 0 0 0 0 0 0 0 0 0 0 0 0 0 0 0 0 3 0 4 4 0 0 22 0 0 0 3656526 2217919 0 0 0 0 0 409003 671 0 0 
0 0 0 0 0 0 0 0 0 0 0 0 0 0 0 0 0 0 0 0 0 0 0 3 0 4 4 0 0 22 0 0 0 3656526 2217919 0 0 0 0 0 409003 671 0 0 
0 0 0 0 0 0 0 0 0 0 0 0 0 0 0 0 0 0 0 0 0 0 0 3 0 4 4 0 0 22 0 0 0 3656526 2217919 0 0 0 0 0 409003 671 0 0 
0 0 0 0 0 0 0 0 0 0 0 0 0 0 0 0 0 0 0 0 0 0 0 3 0 4 4 0 0 22 0 0 0 3656526 2217919 0 0 0 0 0 409003 671 0 0 
0 0 0 0 0 0 0 0 0 0 0 0 0 0 0 0 0 0 0 0 0 0 0 3 0 4 4 0 0 22 0 0 0 3656526 2217919 0 0 0 0 0 409003 671 0 0 
0 0 0 0 0 0 0 0 0 0 0 0 0 0 0 0 0 0 0 0 0 0 0 3 0 4 4 0 0 22 0 0 0 3656526 2217919 0 0 0 0 0 409003 671 0 0 
0 0 0 0 0 0 0 0 0 0 0 0 0 0 0 0 0 0 0 0 0 0 0 3 0 4 4 0 0 22 0 0 0 3656526 2217919 0 0 0 0 0 409003 671 0 0 
0 0 0 0 0 0 0 0 0 0 0 0 0 0 0 0 0 0 0 0 0 0 0 3 0 4 4 0 0 22 0 0 0 3656526 2217919 0 0 0 0 0 409003 671 0 0 
0 0 0 0 0 0 0 0 0 0 0 0 0 0 0 0 0 0 0 0 0 0 0 3 0 4 4 0 0 22 0 0 0 3656526 2217919 0 0 0 0 0 409003 671 0 0 
0 0 0 0 0 0 0 0 0 0 0 0 0 0 0 0 0 0 0 0 0 0 0 3 0 4 4 0 0 22 0 0 0 3656526 2217919 0 0 0 0 0 409003 671 0 0 
0 0 0 0 0 0 0 0 0 0 0 0 0 0 0 0 0 0 0 0 0 0 0 3 0 4 4 0 0 22 0 0 0 3656526 2217919 0 0 0 0 0 409003 671 0 0 
0 0 0 0 0 0 0 0 0 0 0 0 0 0 0 0 0 0 0 0 0 0 0 3 0 4 4 0 0 22 0 0 0 3656526 2217919 0 0 0 0 0 409003 671 0 0 
0 0 0 0 0 0 0 0 0 0 0 0 0 0 0 0 0 0 0 0 0 0 0 3 0 4 4 0 0 22 0 0 0 3656526 2217919 0 0 0 0 0 409003 671 0 0 
0 0 0 0 0 0 0 0 0 0 0 0 0 0 0 0 0 0 0 0 0 0 0 3 0 4 4 0 0 22 0 0 0 3656526 2217919 0 0 0 0 0 409003 671 0 0 
0 0 0 0 0 0 0 0 0 0 0 0 0 0 0 0 0 0 0 0 0 0 0 3 0 4 4 0 0 22 0 0 0 3656526 2217919 0 0 0 0 0 409003 671 0 0 
0 0 0 0 0 0 0 0 0 0 0 0 0 0 0 0 0 0 0 0 0 0 0 3 0 4 4 0 0 22 0 0 0 3656526 2217919 0 0 0 0 0 409003 671 0 0 
0 0 0 0 0 0 0 0 0 0 0 0 0 0 0 0 0 0 0 0 0 0 0 3 0 4 4 0 0 22 0 0 0 3656526 2217919 0 0 0 0 0 409003 671 0 0 
0 0 0 0 0 0 0 0 0 0 0 0 0 0 0 0 0 0 0 0 0 0 0 3 0 4 4 0 0 22 0 0 0 3656526 2217919 0 0 0 0 0 409003 671 0 0 
0 0 0 0 0 0 0 0 0 0 0 0 0 0 0 0 0 0 0 0 0 0 0 3 0 4 4 0 0 22 0 0 0 3656526 2217919 0 0 0 0 0 409003 671 0 0 
0 0 0 0 0 0 0 0 0 0 0 0 0 0 0 0 0 0 0 0 0 0 0 3 0 4 4 0 0 22 0 0 0 3656526 2217919 0 0 0 0 0 409003 671 0 0 
0 0 0 0 0 0 0 0 0 0 0 0 0 0 0 0 0 0 0 0 0 0 0 3 0 4 4 0 0 22 0 0 0 3656526 2217919 0 0 0 0 0 409003 671 0 0 
0 0 0 0 0 0 0 0 0 0 0 0 0 0 0 0 0 0 0 0 0 0 0 3 0 4 4 0 0 22 0 0 0 3656526 2217919 0 0 0 0 0 409003 671 0 0 
0 0 0 0 0 0 0 0 0 0 0 0 0 0 0 0 0 0 0 0 0 0 0 3 0 4 4 0 0 22 0 0 0 3656526 2217919 0 0 0 0 0 409003 671 0 0 
0 0 0 0 0 0 0 0 0 0 0 0 0 0 0 0 0 0 0 0 0 0 0 3 0 4 4 0 0 22 0 0 0 3656526 2217919 0 0 0 0 0 409003 671 0 0 
0 0 0 0 0 0 0 0 0 0 0 0 0 0 0 0 0 0 0 0 0 0 0 3 0 4 4 0 0 22 0 0 0 3656526 2217919 0 0 0 0 0 409003 671 0 0 
0 0 0 0 0 0 0 0 0 0 0 0 0 0 0 0 0 0 0 0 0 0 0 3 0 4 4 0 0 22 0 0 0 3656526 2217919 0 0 0 0 0 409003 671 0 0 
0 0 0 0 0 0 0 0 0 0 0 0 0 0 0 0 0 0 0 0 0 0 0 3 0 4 4 0 0 22 0 0 0 3656526 2217919 0 0 0 0 0 409003 671 0 0 
0 0 0 0 0 0 0 0 0 0 0 0 0 0 0 0 0 0 0 0 0 0 0 3 0 4 4 0 0 22 0 0 0 3656526 2217919 0 0 0 0 0 409003 671 0 0 
0 0 0 0 0 0 0 0 0 0 0 0 0 0 0 0 0 0 0 0 0 0 0 3 0 4 4 0 0 22 0 0 0 3656526 2217919 0 0 0 0 0 409003 671 0 0 
0 0 0 0 0 0 0 0 0 0 0 0 0 0 0 0 0 0 0 0 0 0 0 3 0 4 4 0 0 22 0 0 0 3656526 2217919 0 0 0 0 0 409003 671 0 0 
0 0 0 0 0 0 0 0 0 0 0 0 0 0 0 0 0 0 0 0 0 0 0 3 0 4 4 0 0 22 0 0 0 3656526 2217919 0 0 0 0 0 409003 671 0 0 
0 0 0 0 0 0 0 0 0 0 0 0 0 0 0 0 0 0 0 0 0 0 0 3 0 4 4 0 0 22 0 0 0 3656526 2217919 0 0 0 0 0 409003 671 0 0 
0 0 0 0 0 0 0 0 0 0 0 0 0 0 0 0 0 0 0 0 0 0 0 3 0 4 4 0 0 22 0 0 0 3656526 2217919 0 0 0 0 0 409003 671 0 0 
0 0 0 0 0 0 0 0 0 0 0 0 0 0 0 0 0 0 0 0 0 0 0 3 0 4 4 0 0 22 0 0 0 3656526 2217919 0 0 0 0 0 409003 671 0 0 
0 0 0 0 0 0 0 0 0 0 0 0 0 0 0 0 0 0 0 0 0 0 0 3 0 4 4 0 0 22 0 0 0 3656526 2217919 0 0 0 0 0 409003 671 0 0 
0 0 0 0 0 0 0 0 0 0 0 0 0 0 0 0 0 0 0 0 0 0 0 3 0 4 4 0 0 22 0 0 0 3656526 2217919 0 0 0 0 0 409003 671 0 0 
0 0 0 0 0 0 0 0 0 0 0 0 0 0 0 0 0 0 0 0 0 0 0 3 0 4 4 0 0 22 0 0 0 3656526 2217919 0 0 0 0 0 409003 671 0 0 
0 0 0 0 0 0 0 0 0 0 0 0 0 0 0 0 0 0 0 0 0 0 0 3 0 4 4 0 0 22 0 0 0 3656526 2217919 0 0 0 0 0 409003 671 0 0 
0 0 0 0 0 0 0 0 0 0 0 0 0 0 0 0 0 0 0 0 0 0 0 3 0 4 4 0 0 22 0 0 0 3656526 2217919 0 0 0 0 0 409003 671 0 0 
0 0 0 0 0 0 0 0 0 0 0 0 0 0 0 0 0 0 0 0 0 0 0 3 0 4 4 0 0 22 0 0 0 3656526 2217919 0 0 0 0 0 409003 671 0 0 
0 0 0 0 0 0 0 0 0 0 0 0 0 0 0 0 0 0 0 0 0 0 0 3 0 4 4 0 0 22 0 0 0 3656526 2217919 0 0 0 0 0 409003 671 0 0 
0 0 0 0 0 0 0 0 0 0 0 0 0 0 0 0 0 0 0 0 0 0 0 3 0 4 4 0 0 22 0 0 0 3656526 2217919 0 0 0 0 0 409003 671 0 0 
0 0 0 0 0 0 0 0 0 0 0 0 0 0 0 0 0 0 0 0 0 0 0 3 0 4 4 0 0 22 0 0 0 3656526 2217919 0 0 0 0 0 409003 671 0 0 
0 0 0 0 0 0 0 0 0 0 0 0 0 0 0 0 0 0 0 0 0 0 0 3 0 4 4 0 0 22 0 0 0 3656526 2217919 0 0 0 0 0 409003 671 0 0 
0 0 0 0 0 0 0 0 0 0 0 0 0 0 0 0 0 0 0 0 0 0 0 3 0 4 4 0 0 22 0 0 0 3656526 2217919 0 0 0 0 0 409003 671 0 0 
0 0 0 0 0 0 0 0 0 0 0 0 0 0 0 0 0 0 0 0 0 0 0 3 0 4 4 0 0 22 0 0 0 3656526 2217919 0 0 0 0 0 409003 671 0 0 
0 0 0 0 0 0 0 0 0 0 0 0 0 0 0 0 0 0 0 0 0 0 0 3 0 4 4 0 0 22 0 0 0 3656526 2217919 0 0 0 0 0 409003 671 0 0 
0 0 0 0 0 0 0 0 0 0 0 0 0 0 0 0 0 0 0 0 0 0 0 3 0 4 4 0 0 22 0 0 0 3656526 2217919 0 0 0 0 0 409003 671 0 0 
0 0 0 0 0 0 0 0 0 0 0 0 0 0 0 0 0 0 0 0 0 0 0 3 0 4 4 0 0 22 0 0 0 3656526 2217919 0 0 0 0 0 409003 671 0 0 
0 0 0 0 0 0 0 0 0 0 0 0 0 0 0 0 0 0 0 0 0 0 0 3 0 4 4 0 0 22 0 0 0 3656526 2217919 0 0 0 0 0 409003 671 0 0 
0 0 0 0 0 0 0 0 0 0 0 0 0 0 0 0 0 0 0 0 0 0 0 3 0 4 4 0 0 22 0 0 0 3656526 2217919 0 0 0 0 0 409003 671 0 0 
0 0 0 0 0 0 0 0 0 0 0 0 0 0 0 0 0 0 0 0 0 0 0 3 0 4 4 0 0 22 0 0 0 3656526 2217919 0 0 0 0 0 409003 671 0 0 
0 0 0 0 0 0 0 0 0 0 0 0 0 0 0 0 0 0 0 0 0 0 0 3 0 4 4 0 0 22 0 0 0 3656526 2217919 0 0 0 0 0 409003 671 0 0 
0 0 0 0 0 0 0 0 0 0 0 0 0 0 0 0 0 0 0 0 0 0 0 3 0 4 4 0 0 22 0 0 0 3656526 2217919 0 0 0 0 0 409003 671 0 0 
0 0 0 0 0 0 0 0 0 0 0 0 0 0 0 0 0 0 0 0 0 0 0 3 0 4 4 0 0 22 0 0 0 3656526 2217919 0 0 0 0 0 409003 671 0 0 
0 0 0 0 0 0 0 0 0 0 0 0 0 0 0 0 0 0 0 0 0 0 0 3 0 4 12 0 0 55 0 0 0 3940156 2217950 0 0 0 0 0 409024 712 0 0 
0 0 0 0 0 0 0 0 0 0 0 0 0 0 0 0 0 0 0 0 0 0 0 3 0 4 12 0 0 55 0 0 0 4346555 2217950 0 0 0 0 0 409028 712 0 0 
0 0 0 0 0 0 0 0 0 0 0 0 0 0 0 0 0 0 0 0 0 0 0 3 0 4 12 0 0 55 0 0 0 4757526 2217950 0 0 0 0 0 409028 712 0 0 
0 0 0 0 0 0 0 0 0 0 0 0 0 0 0 0 0 0 0 0 0 0 0 3 0 4 12 0 0 55 0 0 0 5059906 2217950 0 0 0 0 0 409028 712 0 0 
0 0 0 0 0 0 0 0 0 0 0 0 0 0 0 0 0 0 0 0 0 0 0 3 0 4 12 0 0 57 0 0 0 5239931 2217964 0 0 0 0 0 457844 728 0 0 
0 0 0 0 0 0 0 0 0 0 0 0 0 0 0 0 0 0 0 0 0 0 0 3 0 4 12 0 0 57 0 0 0 5425752 2260281 0 0 0 0 0 604598 782 0 0 
0 0 0 0 0 0 0 0 0 0 0 0 0 0 0 0 0 0 0 0 0 0 0 3 0 4 12 0 0 57 0 0 0 5546763 2312824 0 0 0 0 0 698720 798 0 0 
0 0 0 0 0 0 0 0 0 0 0 0 0 0 0 0 0 0 0 0 0 0 0 3 0 4 12 0 0 57 0 0 0 5730666 2365785 0 0 0 0 0 792302 852 0 0 
0 0 0 0 0 0 0 0 0 0 0 0 0 0 0 0 0 0 0 0 0 0 0 3 0 4 12 0 0 57 0 0 0 5860455 2407418 0 0 0 0 0 945920 868 0 0 
0 0 0 0 0 0 0 0 0 0 0 0 0 0 0 0 0 0 0 0 0 0 0 3 0 4 12 0 0 57 0 0 0 6031939 2472185 0 0 0 0 0 979480 922 0 0 
0 0 0 0 0 0 0 0 0 0 0 0 0 0 0 0 0 0 0 0 0 0 0 3 0 4 12 0 0 57 0 0 0 6165065 2502040 0 0 0 0 0 1165611 991 0 0 
0 0 0 0 0 0 0 0 0 0 0 0 0 0 0 0 0 0 0 0 0 0 0 3 0 4 12 0 0 57 0 0 0 6328472 2580285 0 0 0 0 0 1166630 991 0 0 
0 0 0 0 0 0 0 0 0 0 0 0 0 0 0 0 0 0 0 0 0 0 0 3 0 4 12 0 0 57 0 0 0 6458703 2601204 0 0 0 0 0 1353792 1058 0 0 
0 0 0 0 0 0 0 0 0 0 0 0 0 0 0 0 0 0 0 0 0 0 0 3 0 4 12 0 0 57 0 0 0 6617698 2680492 0 0 0 0 0 1353792 1058 0 0 
0 0 0 0 0 0 0 0 0 0 0 0 0 0 0 0 0 0 0 0 0 0 0 3 0 4 12 0 0 57 0 0 0 6750277 2699150 0 0 0 0 0 1540984 1128 0 0 
0 0 0 0 0 0 0 0 0 0 0 0 0 0 0 0 0 0 0 0 0 0 0 3 0 4 12 0 0 57 0 0 0 6902080 2770341 0 0 0 0 0 1540984 1128 0 0 
0 0 0 0 0 0 0 0 0 0 0 0 0 0 0 0 0 0 0 0 0 0 0 3 0 4 12 0 0 57 0 0 0 7029296 2792399 0 0 0 0 0 1728151 1197 0 0 
0 0 0 0 0 0 0 0 0 0 0 0 0 0 0 0 0 0 0 0 0 0 0 3 0 4 12 0 0 57 0 0 0 7189925 2870090 0 0 0 0 0 1728151 1197 0 0 
0 0 0 0 0 0 0 0 0 0 0 0 0 0 0 0 0 0 0 0 0 0 0 3 0 4 12 0 0 57 0 0 0 7324809 2891191 0 0 0 0 0 1915316 1267 0 0 
0 0 0 0 0 0 0 0 0 0 0 0 0 0 0 0 0 0 0 0 0 0 0 3 0 4 12 0 0 57 0 0 0 7467711 2959503 0 0 0 0 0 1915316 1267 0 0 
0 0 0 0 0 0 0 0 0 0 0 0 0 0 0 0 0 0 0 0 0 0 0 3 0 4 12 0 0 57 0 0 0 7593687 2980453 0 0 0 0 0 2102485 1335 0 0 
0 0 0 0 0 0 0 0 0 0 0 0 0 0 0 0 0 0 0 0 0 0 0 3 0 4 12 0 0 57 0 0 0 7744188 3047580 0 0 0 0 0 2102485 1335 0 0 
0 0 0 0 0 0 0 0 0 0 0 0 0 0 0 0 0 0 0 0 0 0 0 3 0 4 12 0 0 57 0 0 0 7870634 3072857 0 0 0 0 0 2289686 1405 0 0 
0 0 0 0 0 0 0 0 0 0 0 0 0 0 0 0 0 0 0 0 0 0 0 3 0 4 12 0 0 57 0 0 0 8024284 3139147 0 0 0 0 0 2289686 1405 0 0 
0 0 0 0 0 0 0 0 0 0 0 0 0 0 0 0 0 0 0 0 0 0 0 3 0 4 12 0 0 57 0 0 0 8146268 3164881 0 0 0 0 0 2476902 1474 0 0 
0 0 0 0 0 0 0 0 0 0 0 0 0 0 0 0 0 0 0 0 0 0 0 3 0 4 12 0 0 57 0 0 0 8311865 3241401 0 0 0 0 0 2476902 1474 0 0 
0 0 0 0 0 0 0 0 0 0 0 0 0 0 0 0 0 0 0 0 0 0 0 3 0 4 12 0 0 57 0 0 0 8442659 3264459 0 0 0 0 0 2664063 1542 0 0 
0 0 0 0 0 0 0 0 0 0 0 0 0 0 0 0 0 0 0 0 0 0 0 3 0 4 12 0 0 57 0 0 0 8594949 3333835 0 0 0 0 0 2664063 1542 0 0 
0 0 0 0 0 0 0 0 0 0 0 0 0 0 0 0 0 0 0 0 0 0 0 3 0 4 12 0 0 57 0 0 0 8716913 3355631 0 0 0 0 0 2851267 1608 0 0 
0 0 0 0 0 0 0 0 0 0 0 0 0 0 0 0 0 0 0 0 0 0 0 3 0 4 12 0 0 57 0 0 0 8875572 3426720 0 0 0 0 0 2851267 1608 0 0 
0 0 0 0 0 0 0 0 0 0 0 0 0 0 0 0 0 0 0 0 0 0 0 3 0 4 12 0 0 57 0 0 0 9005240 3452836 0 0 0 0 0 3038433 1678 0 0 
0 0 0 0 0 0 0 0 0 0 0 0 0 0 0 0 0 0 0 0 0 0 0 3 0 4 12 0 0 57 0 0 0 9158318 3520795 0 0 0 0 0 3038433 1678 0 0 
0 0 0 0 0 0 0 0 0 0 0 0 0 0 0 0 0 0 0 0 0 0 0 3 0 4 12 0 0 57 0 0 0 9274993 3542590 0 0 0 0 0 3225625 1748 0 0 
0 0 0 0 0 0 0 0 0 0 0 0 0 0 0 0 0 0 0 0 0 0 0 3 0 4 12 0 0 57 0 0 0 9434080 3610436 0 0 0 0 0 3225625 1748 0 0 
0 0 0 0 0 0 0 0 0 0 0 0 0 0 0 0 0 0 0 0 0 0 0 3 0 4 12 0 0 57 0 0 0 9559879 3637804 0 0 0 0 0 3412768 1816 0 0 
0 0 0 0 0 0 0 0 0 0 0 0 0 0 0 0 0 0 0 0 0 0 0 3 0 4 12 0 0 57 0 0 0 9714245 3702511 0 0 0 0 0 3412768 1816 0 0 
0 0 0 0 0 0 0 0 0 0 0 0 0 0 0 0 0 0 0 0 0 0 0 3 0 4 12 0 0 57 0 0 0 9828746 3731658 0 0 0 0 0 3577573 1837 0 0 
0 0 0 0 0 0 0 0 0 0 0 0 0 0 0 0 0 0 0 0 0 0 0 3 0 4 12 0 0 57 0 0 0 9985798 3787810 0 0 0 0 0 3599957 1886 0 0 
0 0 0 0 0 0 0 0 0 0 0 0 0 0 0 0 0 0 0 0 0 0 0 3 0 4 12 0 0 57 0 0 0 10105876 3826245 0 0 0 0 0 3758000 1902 0 0 
0 0 0 0 0 0 0 0 0 0 0 0 0 0 0 0 0 0 0 0 0 0 0 3 0 4 12 0 0 57 0 0 0 10265843 3880586 0 0 0 0 0 3787132 1953 0 0 
0 0 0 0 0 0 0 0 0 0 0 0 0 0 0 0 0 0 0 0 0 0 0 3 0 4 12 0 0 57 0 0 0 10369389 3920842 0 0 0 0 0 3912018 1969 0 0 
0 0 0 0 0 0 0 0 0 0 0 0 0 0 0 0 0 0 0 0 0 0 0 3 0 4 12 0 0 57 0 0 0 10543976 3970248 0 0 0 0 0 3974302 2022 0 0 
0 0 0 0 0 0 0 0 0 0 0 0 0 0 0 0 0 0 0 0 0 0 0 3 0 4 12 0 0 57 0 0 0 10660768 4015429 0 0 0 0 0 4117842 2038 0 0 
0 0 0 0 0 0 0 0 0 0 0 0 0 0 0 0 0 0 0 0 0 0 0 3 12 0 0 3 0 0 57 0 0 4016002 6249810 4424646 0 0 0 4126064 0 0 2049 0 
0 0 0 0 0 0 0 0 0 0 0 0 0 0 0 0 0 0 0 0 0 0 0 3 12 0 0 3 0 0 57 0 0 4016002 6249810 4424646 0 0 0 4126064 0 0 2049 0 
0 0 0 0 0 0 0 0 0 0 0 0 0 0 0 0 0 0 0 0 0 0 0 3 12 0 0 3 0 0 57 0 0 4016002 6249810 4424646 0 0 0 4126064 0 0 2049 0 
0 0 0 0 0 0 0 0 0 0 0 0 0 0 0 0 0 0 0 0 0 0 0 3 12 0 0 3 0 0 57 0 0 4016002 6249810 4424646 0 0 0 4126064 0 0 2049 0 
0 0 0 0 0 0 0 0 0 0 0 0 0 0 0 0 0 0 0 0 0 0 0 3 12 0 0 3 0 0 57 0 0 4016002 6249810 4424646 0 0 0 4126064 0 0 2049 0 
0 0 0 0 0 0 0 0 0 0 0 0 0 0 0 0 0 0 0 0 0 0 0 3 12 0 0 3 0 0 57 0 0 4016002 6249810 4424646 0 0 0 4126064 0 0 2049 0 
