0 0 0 0 0 0 0 0 0 0 0 0 0 0 0 0 0 0 0 0 0 0 0 3 0 4 4 0 0 18 0 0 0 3512648 909970 0 0 0 0 0 1854929 698 0 0 
0 0 0 0 0 0 0 0 0 0 0 0 0 0 0 0 0 0 0 0 0 0 0 3 4 0 0 1 0 0 18 0 0 909967 2508546 1002124 0 0 0 1856091 0 0 698 0 
0 0 0 0 0 0 0 0 0 0 0 0 0 0 0 0 0 0 0 0 0 0 0 3 0 4 4 0 0 18 0 0 0 3512648 909970 0 0 0 0 0 1854929 698 0 0 
0 0 0 0 0 0 0 0 0 0 0 0 0 0 0 0 0 0 0 0 0 0 0 3 4 0 0 1 0 0 18 0 0 909967 2508546 1002124 0 0 0 1856091 0 0 698 0 
0 0 0 0 0 0 0 0 0 0 0 0 0 0 0 0 0 0 0 0 0 0 0 3 0 4 4 0 0 18 0 0 0 3512648 909970 0 0 0 0 0 1854929 698 0 0 
0 0 0 0 0 0 0 0 0 0 0 0 0 0 0 0 0 0 0 0 0 0 0 3 4 0 0 1 0 0 18 0 0 909967 2508546 1002124 0 0 0 1856091 0 0 698 0 
0 0 0 0 0 0 0 0 0 0 0 0 0 0 0 0 0 0 0 0 0 0 0 3 0 4 4 0 0 18 0 0 0 3512648 909970 0 0 0 0 0 1854929 698 0 0 
0 0 0 0 0 0 0 0 0 0 0 0 0 0 0 0 0 0 0 0 0 0 0 3 4 0 0 1 0 0 18 0 0 909967 2508546 1002124 0 0 0 1856091 0 0 698 0 
====>
0 0 0 0 0 0 0 0 0 0 0 0 0 0 0 0 0 0 0 0 0 0 0 3 0 4 4 0 0 18 0 0 0 3512648 909970 0 0 0 0 0 1854929 698 0 0 
0 0 0 0 0 0 0 0 0 0 0 0 0 0 0 0 0 0 0 0 0 0 0 3 4 0 0 1 0 0 18 0 0 909967 2508546 1002124 0 0 0 1856091 0 0 698 0 
0 0 0 0 0 0 0 0 0 0 0 0 0 0 0 0 0 0 0 0 0 0 0 3 0 4 4 0 0 18 0 0 0 3512648 909970 0 0 0 0 0 1854929 698 0 0 
0 0 0 0 0 0 0 0 0 0 0 0 0 0 0 0 0 0 0 0 0 0 0 3 4 0 0 1 0 0 18 0 0 909967 2508546 1002124 0 0 0 1856091 0 0 698 0 
0 0 0 0 0 0 0 0 0 0 0 0 0 0 0 0 0 0 0 0 0 0 0 3 0 4 4 0 0 18 0 0 0 3512648 909970 0 0 0 0 0 1854929 698 0 0 
0 0 0 0 0 0 0 0 0 0 0 0 0 0 0 0 0 0 0 0 0 0 0 3 4 0 0 1 0 0 18 0 0 909967 2508546 1002124 0 0 0 1856091 0 0 698 0 
0 0 0 0 0 0 0 0 0 0 0 0 0 0 0 0 0 0 0 0 0 0 0 3 0 4 4 0 0 18 0 0 0 3512648 909970 0 0 0 0 0 1854929 698 0 0 
0 0 0 0 0 0 0 0 0 0 0 0 0 0 0 0 0 0 0 0 0 0 0 3 4 0 0 1 0 0 18 0 0 909967 2508546 1002124 0 0 0 1856091 0 0 698 0 
0 0 0 0 0 0 0 0 0 0 0 0 0 0 0 0 0 0 0 0 0 0 0 3 0 4 4 0 0 18 0 0 0 3512648 909970 0 0 0 0 0 1854929 698 0 0 
0 0 0 0 0 0 0 0 0 0 0 0 0 0 0 0 0 0 0 0 0 0 0 3 4 0 0 1 0 0 18 0 0 909967 2508546 1002124 0 0 0 1856091 0 0 698 0 
0 0 0 0 0 0 0 0 0 0 0 0 0 0 0 0 0 0 0 0 0 0 0 3 0 4 4 0 0 18 0 0 0 3512648 909970 0 0 0 0 0 1854929 698 0 0 
0 0 0 0 0 0 0 0 0 0 0 0 0 0 0 0 0 0 0 0 0 0 0 3 4 0 0 1 0 0 18 0 0 909967 2508546 1002124 0 0 0 1856091 0 0 698 0 
0 0 0 0 0 0 0 0 0 0 0 0 0 0 0 0 0 0 0 0 0 0 0 3 0 4 4 0 0 18 0 0 0 3512648 909970 0 0 0 0 0 1854929 698 0 0 
0 0 0 0 0 0 0 0 0 0 0 0 0 0 0 0 0 0 0 0 0 0 0 3 4 0 0 1 0 0 18 0 0 909967 2508546 1002124 0 0 0 1856091 0 0 698 0 
0 0 0 0 0 0 0 0 0 0 0 0 0 0 0 0 0 0 0 0 0 0 0 3 0 4 4 0 0 18 0 0 0 3512648 909970 0 0 0 0 0 1854929 698 0 0 
0 0 0 0 0 0 0 0 0 0 0 0 0 0 0 0 0 0 0 0 0 0 0 3 4 0 0 1 0 0 18 0 0 909967 2508546 1002124 0 0 0 1856091 0 0 698 0 
0 0 0 0 0 0 0 0 0 0 0 0 0 0 0 0 0 0 0 0 0 0 0 3 0 4 4 0 0 18 0 0 0 3512648 909970 0 0 0 0 0 1854929 698 0 0 
0 0 0 0 0 0 0 0 0 0 0 0 0 0 0 0 0 0 0 0 0 0 0 3 4 0 0 1 0 0 18 0 0 909967 2508546 1002124 0 0 0 1856091 0 0 698 0 
0 0 0 0 0 0 0 0 0 0 0 0 0 0 0 0 0 0 0 0 0 0 0 3 0 4 4 0 0 18 0 0 0 3512648 909970 0 0 0 0 0 1854929 698 0 0 
0 0 0 0 0 0 0 0 0 0 0 0 0 0 0 0 0 0 0 0 0 0 0 3 4 0 0 1 0 0 18 0 0 909967 2508546 1002124 0 0 0 1856091 0 0 698 0 
0 0 0 0 0 0 0 0 0 0 0 0 0 0 0 0 0 0 0 0 0 0 0 3 0 4 4 0 0 18 0 0 0 3512648 909970 0 0 0 0 0 1854929 698 0 0 
0 0 0 0 0 0 0 0 0 0 0 0 0 0 0 0 0 0 0 0 0 0 0 3 4 0 0 1 0 0 18 0 0 909967 2508546 1002124 0 0 0 1856091 0 0 698 0 
0 0 0 0 0 0 0 0 0 0 0 0 0 0 0 0 0 0 0 0 0 0 0 3 0 4 4 0 0 18 0 0 0 3512648 909970 0 0 0 0 0 1854929 698 0 0 
0 0 0 0 0 0 0 0 0 0 0 0 0 0 0 0 0 0 0 0 0 0 0 3 4 0 0 1 0 0 18 0 0 909967 2508546 1002124 0 0 0 1856091 0 0 698 0 
0 0 0 0 0 0 0 0 0 0 0 0 0 0 0 0 0 0 0 0 0 0 0 3 0 4 4 0 0 18 0 0 0 3512648 909970 0 0 0 0 0 1854929 698 0 0 
0 0 0 0 0 0 0 0 0 0 0 0 0 0 0 0 0 0 0 0 0 0 0 3 4 0 0 1 0 0 18 0 0 909967 2508546 1002124 0 0 0 1856091 0 0 698 0 
0 0 0 0 0 0 0 0 0 0 0 0 0 0 0 0 0 0 0 0 0 0 0 3 0 4 4 0 0 18 0 0 0 3512648 909970 0 0 0 0 0 1854929 698 0 0 
0 0 0 0 0 0 0 0 0 0 0 0 0 0 0 0 0 0 0 0 0 0 0 3 4 0 0 1 0 0 18 0 0 909967 2508546 1002124 0 0 0 1856091 0 0 698 0 
0 0 0 0 0 0 0 0 0 0 0 0 0 0 0 0 0 0 0 0 0 0 0 3 0 4 4 0 0 18 0 0 0 3512648 909970 0 0 0 0 0 1854929 698 0 0 
0 0 0 0 0 0 0 0 0 0 0 0 0 0 0 0 0 0 0 0 0 0 0 3 4 0 0 1 0 0 18 0 0 909967 2508546 1002124 0 0 0 1856091 0 0 698 0 
0 0 0 0 0 0 0 0 0 0 0 0 0 0 0 0 0 0 0 0 0 0 0 3 0 4 4 0 0 18 0 0 0 3512648 909970 0 0 0 0 0 1854929 698 0 0 
0 0 0 0 0 0 0 0 0 0 0 0 0 0 0 0 0 0 0 0 0 0 0 3 4 0 0 1 0 0 18 0 0 909967 2508546 1002124 0 0 0 1856091 0 0 698 0 
0 0 0 0 0 0 0 0 0 0 0 0 0 0 0 0 0 0 0 0 0 0 0 3 0 4 4 0 0 18 0 0 0 3512648 909970 0 0 0 0 0 1854929 698 0 0 
0 0 0 0 0 0 0 0 0 0 0 0 0 0 0 0 0 0 0 0 0 0 0 3 4 0 0 1 0 0 18 0 0 909967 2508546 1002124 0 0 0 1856091 0 0 698 0 
0 0 0 0 0 0 0 0 0 0 0 0 0 0 0 0 0 0 0 0 0 0 0 3 0 4 4 0 0 18 0 0 0 3512648 909970 0 0 0 0 0 1854929 698 0 0 
0 0 0 0 0 0 0 0 0 0 0 0 0 0 0 0 0 0 0 0 0 0 0 3 4 0 0 1 0 0 18 0 0 909967 2508546 1002124 0 0 0 1856091 0 0 698 0 
0 0 0 0 0 0 0 0 0 0 0 0 0 0 0 0 0 0 0 0 0 0 0 3 0 4 4 0 0 18 0 0 0 3512648 909970 0 0 0 0 0 1854929 698 0 0 
0 0 0 0 0 0 0 0 0 0 0 0 0 0 0 0 0 0 0 0 0 0 0 3 4 0 0 1 0 0 18 0 0 909967 2508546 1002124 0 0 0 1856091 0 0 698 0 
0 0 0 0 0 0 0 0 0 0 0 0 0 0 0 0 0 0 0 0 0 0 0 3 0 4 4 0 0 18 0 0 0 3512648 909970 0 0 0 0 0 1854929 698 0 0 
0 0 0 0 0 0 0 0 0 0 0 0 0 0 0 0 0 0 0 0 0 0 0 3 4 0 0 1 0 0 18 0 0 909967 2508546 1002124 0 0 0 1856091 0 0 698 0 
0 0 0 0 0 0 0 0 0 0 0 0 0 0 0 0 0 0 0 0 0 0 0 3 0 4 4 0 0 18 0 0 0 3512648 909970 0 0 0 0 0 1854929 698 0 0 
0 0 0 0 0 0 0 0 0 0 0 0 0 0 0 0 0 0 0 0 0 0 0 3 4 0 0 1 0 0 18 0 0 909967 2508546 1002124 0 0 0 1856091 0 0 698 0 
0 0 0 0 0 0 0 0 0 0 0 0 0 0 0 0 0 0 0 0 0 0 0 3 0 4 4 0 0 18 0 0 0 3512648 909970 0 0 0 0 0 1854929 698 0 0 
0 0 0 0 0 0 0 0 0 0 0 0 0 0 0 0 0 0 0 0 0 0 0 3 4 0 0 1 0 0 18 0 0 909967 2508546 1002124 0 0 0 1856091 0 0 698 0 
0 0 0 0 0 0 0 0 0 0 0 0 0 0 0 0 0 0 0 0 0 0 0 3 0 4 4 0 0 18 0 0 0 3512648 909970 0 0 0 0 0 1854929 698 0 0 
0 0 0 0 0 0 0 0 0 0 0 0 0 0 0 0 0 0 0 0 0 0 0 3 4 0 0 1 0 0 18 0 0 909967 2508546 1002124 0 0 0 1856091 0 0 698 0 
0 0 0 0 0 0 0 0 0 0 0 0 0 0 0 0 0 0 0 0 0 0 0 3 0 4 4 0 0 18 0 0 0 3512648 909970 0 0 0 0 0 1854929 698 0 0 
0 0 0 0 0 0 0 0 0 0 0 0 0 0 0 0 0 0 0 0 0 0 0 3 4 0 0 1 0 0 18 0 0 909967 2508546 1002124 0 0 0 1856091 0 0 698 0 
0 0 0 0 0 0 0 0 0 0 0 0 0 0 0 0 0 0 0 0 0 0 0 3 0 4 4 0 0 18 0 0 0 3512648 909970 0 0 0 0 0 1854929 698 0 0 
0 0 0 0 0 0 0 0 0 0 0 0 0 0 0 0 0 0 0 0 0 0 0 3 4 0 0 1 0 0 18 0 0 909967 2508546 1002124 0 0 0 1856091 0 0 698 0 
0 0 0 0 0 0 0 0 0 0 0 0 0 0 0 0 0 0 0 0 0 0 0 3 0 4 4 0 0 18 0 0 0 3512648 909970 0 0 0 0 0 1854929 698 0 0 
0 0 0 0 0 0 0 0 0 0 0 0 0 0 0 0 0 0 0 0 0 0 0 3 4 0 0 1 0 0 18 0 0 909967 2508546 1002124 0 0 0 1856091 0 0 698 0 
0 0 0 0 0 0 0 0 0 0 0 0 0 0 0 0 0 0 0 0 0 0 0 3 0 4 4 0 0 18 0 0 0 3512648 909970 0 0 0 0 0 1854929 698 0 0 
0 0 0 0 0 0 0 0 0 0 0 0 0 0 0 0 0 0 0 0 0 0 0 3 4 0 0 1 0 0 18 0 0 909967 2508546 1002124 0 0 0 1856091 0 0 698 0 
0 0 0 0 0 0 0 0 0 0 0 0 0 0 0 0 0 0 0 0 0 0 0 3 0 4 4 0 0 18 0 0 0 3512648 909970 0 0 0 0 0 1854929 698 0 0 
0 0 0 0 0 0 0 0 0 0 0 0 0 0 0 0 0 0 0 0 0 0 0 3 4 0 0 1 0 0 18 0 0 909967 2508546 1002124 0 0 0 1856091 0 0 698 0 
0 0 0 0 0 0 0 0 0 0 0 0 0 0 0 0 0 0 0 0 0 0 0 3 0 4 4 0 0 18 0 0 0 3512648 909970 0 0 0 0 0 1854929 698 0 0 
0 0 0 0 0 0 0 0 0 0 0 0 0 0 0 0 0 0 0 0 0 0 0 3 4 0 0 1 0 0 18 0 0 909967 2508546 1002124 0 0 0 1856091 0 0 698 0 
0 0 0 0 0 0 0 0 0 0 0 0 0 0 0 0 0 0 0 0 0 0 0 3 0 4 4 0 0 18 0 0 0 3512648 909970 0 0 0 0 0 1854929 698 0 0 
0 0 0 0 0 0 0 0 0 0 0 0 0 0 0 0 0 0 0 0 0 0 0 3 4 0 0 1 0 0 18 0 0 909967 2508546 1002124 0 0 0 1856091 0 0 698 0 
0 0 0 0 0 0 0 0 0 0 0 0 0 0 0 0 0 0 0 0 0 0 0 3 0 4 4 0 0 18 0 0 0 3512648 909970 0 0 0 0 0 1854929 698 0 0 
0 0 0 0 0 0 0 0 0 0 0 0 0 0 0 0 0 0 0 0 0 0 0 3 4 0 0 1 0 0 18 0 0 909967 2508546 1002124 0 0 0 1856091 0 0 698 0 
0 0 0 0 0 0 0 0 0 0 0 0 0 0 0 0 0 0 0 0 0 0 0 3 0 4 4 0 0 18 0 0 0 3512648 909970 0 0 0 0 0 1854929 698 0 0 
0 0 0 0 0 0 0 0 0 0 0 0 0 0 0 0 0 0 0 0 0 0 0 3 4 0 0 1 0 0 18 0 0 909967 2508546 1002124 0 0 0 1856091 0 0 698 0 
0 0 0 0 0 0 0 0 0 0 0 0 0 0 0 0 0 0 0 0 0 0 0 3 0 4 4 0 0 18 0 0 0 3512648 909970 0 0 0 0 0 1854929 698 0 0 
0 0 0 0 0 0 0 0 0 0 0 0 0 0 0 0 0 0 0 0 0 0 0 3 4 0 0 1 0 0 18 0 0 909967 2508546 1002124 0 0 0 1856091 0 0 698 0 
0 0 0 0 0 0 0 0 0 0 0 0 0 0 0 0 0 0 0 0 0 0 0 3 0 4 4 0 0 18 0 0 0 3512648 909970 0 0 0 0 0 1854929 698 0 0 
0 0 0 0 0 0 0 0 0 0 0 0 0 0 0 0 0 0 0 0 0 0 0 3 4 0 0 1 0 0 18 0 0 909967 2508546 1002124 0 0 0 1856091 0 0 698 0 
0 0 0 0 0 0 0 0 0 0 0 0 0 0 0 0 0 0 0 0 0 0 0 3 0 4 4 0 0 18 0 0 0 3512648 909970 0 0 0 0 0 1854929 698 0 0 
0 0 0 0 0 0 0 0 0 0 0 0 0 0 0 0 0 0 0 0 0 0 0 3 4 0 0 1 0 0 18 0 0 909967 2508546 1002124 0 0 0 1856091 0 0 698 0 
0 0 0 0 0 0 0 0 0 0 0 0 0 0 0 0 0 0 0 0 0 0 0 3 0 4 4 0 0 18 0 0 0 3512648 909970 0 0 0 0 0 1854929 698 0 0 
0 0 0 0 0 0 0 0 0 0 0 0 0 0 0 0 0 0 0 0 0 0 0 3 4 0 0 1 0 0 18 0 0 909967 2508546 1002124 0 0 0 1856091 0 0 698 0 
0 0 0 0 0 0 0 0 0 0 0 0 0 0 0 0 0 0 0 0 0 0 0 3 0 4 4 0 0 18 0 0 0 3512648 909970 0 0 0 0 0 1854929 698 0 0 
0 0 0 0 0 0 0 0 0 0 0 0 0 0 0 0 0 0 0 0 0 0 0 3 4 0 0 1 0 0 18 0 0 909967 2508546 1002124 0 0 0 1856091 0 0 698 0 
0 0 0 0 0 0 0 0 0 0 0 0 0 0 0 0 0 0 0 0 0 0 0 3 0 4 4 0 0 18 0 0 0 3512648 909970 0 0 0 0 0 1854929 698 0 0 
0 0 0 0 0 0 0 0 0 0 0 0 0 0 0 0 0 0 0 0 0 0 0 3 4 0 0 1 0 0 18 0 0 909967 2508546 1002124 0 0 0 1856091 0 0 698 0 
0 0 0 0 0 0 0 0 0 0 0 0 0 0 0 0 0 0 0 0 0 0 0 3 0 4 4 0 0 18 0 0 0 3512648 909970 0 0 0 0 0 1854929 698 0 0 
0 0 0 0 0 0 0 0 0 0 0 0 0 0 0 0 0 0 0 0 0 0 0 3 4 0 0 1 0 0 18 0 0 909967 2508546 1002124 0 0 0 1856091 0 0 698 0 
0 0 0 0 0 0 0 0 0 0 0 0 0 0 0 0 0 0 0 0 0 0 0 3 0 4 4 0 0 18 0 0 0 3512648 909970 0 0 0 0 0 1854929 698 0 0 
0 0 0 0 0 0 0 0 0 0 0 0 0 0 0 0 0 0 0 0 0 0 0 3 4 0 0 1 0 0 18 0 0 909967 2508546 1002124 0 0 0 1856091 0 0 698 0 
0 0 0 0 0 0 0 0 0 0 0 0 0 0 0 0 0 0 0 0 0 0 0 3 0 4 4 0 0 18 0 0 0 3512648 909970 0 0 0 0 0 1854929 698 0 0 
0 0 0 0 0 0 0 0 0 0 0 0 0 0 0 0 0 0 0 0 0 0 0 3 4 0 0 1 0 0 18 0 0 909967 2508546 1002124 0 0 0 1856091 0 0 698 0 
0 0 0 0 0 0 0 0 0 0 0 0 0 0 0 0 0 0 0 0 0 0 0 3 0 4 4 0 0 18 0 0 0 3512648 909970 0 0 0 0 0 1854929 698 0 0 
0 0 0 0 0 0 0 0 0 0 0 0 0 0 0 0 0 0 0 0 0 0 0 3 4 0 0 1 0 0 18 0 0 909967 2508546 1002124 0 0 0 1856091 0 0 698 0 
0 0 0 0 0 0 0 0 0 0 0 0 0 0 0 0 0 0 0 0 0 0 0 3 0 4 4 0 0 18 0 0 0 3512648 909970 0 0 0 0 0 1854929 698 0 0 
0 0 0 0 0 0 0 0 0 0 0 0 0 0 0 0 0 0 0 0 0 0 0 3 4 0 0 1 0 0 18 0 0 909967 2508546 1002124 0 0 0 1856091 0 0 698 0 
0 0 0 0 0 0 0 0 0 0 0 0 0 0 0 0 0 0 0 0 0 0 0 3 0 4 4 0 0 18 0 0 0 3512648 909970 0 0 0 0 0 1854929 698 0 0 
0 0 0 0 0 0 0 0 0 0 0 0 0 0 0 0 0 0 0 0 0 0 0 3 4 0 0 1 0 0 18 0 0 909967 2508546 1002124 0 0 0 1856091 0 0 698 0 
0 0 0 0 0 0 0 0 0 0 0 0 0 0 0 0 0 0 0 0 0 0 0 3 0 4 4 0 0 18 0 0 0 3512648 909970 0 0 0 0 0 1854929 698 0 0 
0 0 0 0 0 0 0 0 0 0 0 0 0 0 0 0 0 0 0 0 0 0 0 3 4 0 0 1 0 0 18 0 0 909967 2508546 1002124 0 0 0 1856091 0 0 698 0 
0 0 0 0 0 0 0 0 0 0 0 0 0 0 0 0 0 0 0 0 0 0 0 3 0 4 4 0 0 18 0 0 0 3512648 909970 0 0 0 0 0 1854929 698 0 0 
0 0 0 0 0 0 0 0 0 0 0 0 0 0 0 0 0 0 0 0 0 0 0 3 4 0 0 1 0 0 18 0 0 909967 2508546 1002124 0 0 0 1856091 0 0 698 0 
0 0 0 0 0 0 0 0 0 0 0 0 0 0 0 0 0 0 0 0 0 0 0 3 0 4 4 0 0 18 0 0 0 3512648 909970 0 0 0 0 0 1854929 698 0 0 
0 0 0 0 0 0 0 0 0 0 0 0 0 0 0 0 0 0 0 0 0 0 0 3 4 0 0 1 0 0 18 0 0 909967 2508546 1002124 0 0 0 1856091 0 0 698 0 
0 0 0 0 0 0 0 0 0 0 0 0 0 0 0 0 0 0 0 0 0 0 0 3 0 4 4 0 0 18 0 0 0 3512648 909970 0 0 0 0 0 1854929 698 0 0 
0 0 0 0 0 0 0 0 0 0 0 0 0 0 0 0 0 0 0 0 0 0 0 3 4 0 0 1 0 0 18 0 0 909967 2508546 1002124 0 0 0 1856091 0 0 698 0 
0 0 0 0 0 0 0 0 0 0 0 0 0 0 0 0 0 0 0 0 0 0 0 3 0 4 4 0 0 18 0 0 0 3512648 909970 0 0 0 0 0 1854929 698 0 0 
0 0 0 0 0 0 0 0 0 0 0 0 0 0 0 0 0 0 0 0 0 0 0 3 4 0 0 1 0 0 18 0 0 909967 2508546 1002124 0 0 0 1856091 0 0 698 0 
0 0 0 0 0 0 0 0 0 0 0 0 0 0 0 0 0 0 0 0 0 0 0 3 0 4 4 0 0 18 0 0 0 3512648 909970 0 0 0 0 0 1854929 698 0 0 
0 0 0 0 0 0 0 0 0 0 0 0 0 0 0 0 0 0 0 0 0 0 0 3 4 0 0 1 0 0 18 0 0 909967 2508546 1002124 0 0 0 1856091 0 0 698 0 
0 0 0 0 0 0 0 0 0 0 0 0 0 0 0 0 0 0 0 0 0 0 0 3 0 4 4 0 0 18 0 0 0 3512648 909970 0 0 0 0 0 1854929 698 0 0 
0 0 0 0 0 0 0 0 0 0 0 0 0 0 0 0 0 0 0 0 0 0 0 3 4 0 0 1 0 0 18 0 0 909967 2508546 1002124 0 0 0 1856091 0 0 698 0 
0 0 0 0 0 0 0 0 0 0 0 0 0 0 0 0 0 0 0 0 0 0 0 3 0 4 4 0 0 18 0 0 0 3512648 909970 0 0 0 0 0 1854929 698 0 0 
0 0 0 0 0 0 0 0 0 0 0 0 0 0 0 0 0 0 0 0 0 0 0 3 4 0 0 1 0 0 18 0 0 909967 2508546 1002124 0 0 0 1856091 0 0 698 0 
0 0 0 0 0 0 0 0 0 0 0 0 0 0 0 0 0 0 0 0 0 0 0 3 0 4 4 0 0 18 0 0 0 3512648 909970 0 0 0 0 0 1854929 698 0 0 
0 0 0 0 0 0 0 0 0 0 0 0 0 0 0 0 0 0 0 0 0 0 0 3 4 0 0 1 0 0 18 0 0 909967 2508546 1002124 0 0 0 1856091 0 0 698 0 
0 0 0 0 0 0 0 0 0 0 0 0 0 0 0 0 0 0 0 0 0 0 0 3 0 4 4 0 0 18 0 0 0 3512648 909970 0 0 0 0 0 1854929 698 0 0 
0 0 0 0 0 0 0 0 0 0 0 0 0 0 0 0 0 0 0 0 0 0 0 3 4 0 0 1 0 0 18 0 0 909967 2508546 1002124 0 0 0 1856091 0 0 698 0 
0 0 0 0 0 0 0 0 0 0 0 0 0 0 0 0 0 0 0 0 0 0 0 3 0 4 4 0 0 18 0 0 0 3512648 909970 0 0 0 0 0 1854929 698 0 0 
0 0 0 0 0 0 0 0 0 0 0 0 0 0 0 0 0 0 0 0 0 0 0 3 4 0 0 1 0 0 18 0 0 909967 2508546 1002124 0 0 0 1856091 0 0 698 0 
0 0 0 0 0 0 0 0 0 0 0 0 0 0 0 0 0 0 0 0 0 0 0 3 0 4 4 0 0 18 0 0 0 3512648 909970 0 0 0 0 0 1854929 698 0 0 
0 0 0 0 0 0 0 0 0 0 0 0 0 0 0 0 0 0 0 0 0 0 0 3 4 0 0 1 0 0 18 0 0 909967 2508546 1002124 0 0 0 1856091 0 0 698 0 
0 0 0 0 0 0 0 0 0 0 0 0 0 0 0 0 0 0 0 0 0 0 0 3 0 4 4 0 0 18 0 0 0 3512648 909970 0 0 0 0 0 1854929 698 0 0 
0 0 0 0 0 0 0 0 0 0 0 0 0 0 0 0 0 0 0 0 0 0 0 3 4 0 0 1 0 0 18 0 0 909967 2508546 1002124 0 0 0 1856091 0 0 698 0 
0 0 0 0 0 0 0 0 0 0 0 0 0 0 0 0 0 0 0 0 0 0 0 3 0 4 4 0 0 18 0 0 0 3512648 909970 0 0 0 0 0 1854929 698 0 0 
0 0 0 0 0 0 0 0 0 0 0 0 0 0 0 0 0 0 0 0 0 0 0 3 4 0 0 1 0 0 18 0 0 909967 2508546 1002124 0 0 0 1856091 0 0 698 0 
0 0 0 0 0 0 0 0 0 0 0 0 0 0 0 0 0 0 0 0 0 0 0 3 0 4 4 0 0 18 0 0 0 3512648 909970 0 0 0 0 0 1854929 698 0 0 
0 0 0 0 0 0 0 0 0 0 0 0 0 0 0 0 0 0 0 0 0 0 0 3 4 0 0 1 0 0 18 0 0 909967 2508546 1002124 0 0 0 1856091 0 0 698 0 
0 0 0 0 0 0 0 0 0 0 0 0 0 0 0 0 0 0 0 0 0 0 0 3 0 4 4 0 0 18 0 0 0 3512648 909970 0 0 0 0 0 1854929 698 0 0 
0 0 0 0 0 0 0 0 0 0 0 0 0 0 0 0 0 0 0 0 0 0 0 3 4 0 0 1 0 0 18 0 0 909967 2508546 1002124 0 0 0 1856091 0 0 698 0 
0 0 0 0 0 0 0 0 0 0 0 0 0 0 0 0 0 0 0 0 0 0 0 3 0 4 4 0 0 18 0 0 0 3512648 909970 0 0 0 0 0 1854929 698 0 0 
0 0 0 0 0 0 0 0 0 0 0 0 0 0 0 0 0 0 0 0 0 0 0 3 4 0 0 1 0 0 18 0 0 909967 2508546 1002124 0 0 0 1856091 0 0 698 0 
0 0 0 0 0 0 0 0 0 0 0 0 0 0 0 0 0 0 0 0 0 0 0 3 0 4 4 0 0 18 0 0 0 3512648 909970 0 0 0 0 0 1854929 698 0 0 
0 0 0 0 0 0 0 0 0 0 0 0 0 0 0 0 0 0 0 0 0 0 0 3 4 0 0 1 0 0 18 0 0 909967 2508546 1002124 0 0 0 1856091 0 0 698 0 
0 0 0 0 0 0 0 0 0 0 0 0 0 0 0 0 0 0 0 0 0 0 0 3 0 4 4 0 0 18 0 0 0 3512648 909970 0 0 0 0 0 1854929 698 0 0 
0 0 0 0 0 0 0 0 0 0 0 0 0 0 0 0 0 0 0 0 0 0 0 3 4 0 0 1 0 0 18 0 0 909967 2508546 1002124 0 0 0 1856091 0 0 698 0 
0 0 0 0 0 0 0 0 0 0 0 0 0 0 0 0 0 0 0 0 0 0 0 3 0 4 4 0 0 18 0 0 0 3512648 909970 0 0 0 0 0 1854929 698 0 0 
0 0 0 0 0 0 0 0 0 0 0 0 0 0 0 0 0 0 0 0 0 0 0 3 4 0 0 1 0 0 18 0 0 909967 2508546 1002124 0 0 0 1856091 0 0 698 0 
0 0 0 0 0 0 0 0 0 0 0 0 0 0 0 0 0 0 0 0 0 0 0 3 0 4 8 0 0 33 0 0 0 3629311 909986 0 0 0 0 0 1854942 718 0 0 
0 0 0 0 0 0 0 0 0 0 0 0 0 0 0 0 0 0 0 0 0 0 0 3 8 0 0 1 0 0 33 0 0 909983 2590644 1036737 0 0 0 1856104 0 0 718 0 
0 0 0 0 0 0 0 0 0 0 0 0 0 0 0 0 0 0 0 0 0 0 0 3 0 4 8 0 0 33 0 0 0 3787913 909986 0 0 0 0 0 1854943 718 0 0 
0 0 0 0 0 0 0 0 0 0 0 0 0 0 0 0 0 0 0 0 0 0 0 3 8 0 0 1 0 0 33 0 0 909983 2747277 1038754 0 0 0 1856105 0 0 718 0 
0 0 0 0 0 0 0 0 0 0 0 0 0 0 0 0 0 0 0 0 0 0 0 3 0 4 8 0 0 33 0 0 0 3920678 909986 0 0 0 0 0 1854943 718 0 0 
0 0 0 0 0 0 0 0 0 0 0 0 0 0 0 0 0 0 0 0 0 0 0 3 8 0 0 1 0 0 33 0 0 909983 2879570 1039265 0 0 0 1856105 0 0 718 0 
0 0 0 0 0 0 0 0 0 0 0 0 0 0 0 0 0 0 0 0 0 0 0 3 0 4 8 0 0 33 0 0 0 4035364 909986 0 0 0 0 0 1854943 718 0 0 
0 0 0 0 0 0 0 0 0 0 0 0 0 0 0 0 0 0 0 0 0 0 0 3 8 0 0 1 0 0 33 0 0 909983 2994157 1039382 0 0 0 1856105 0 0 718 0 
0 0 0 0 0 0 0 0 0 0 0 0 0 0 0 0 0 0 0 0 0 0 0 3 0 4 8 0 0 33 0 0 0 4155402 909986 0 0 0 0 0 1854943 718 0 0 
0 0 0 0 0 0 0 0 0 0 0 0 0 0 0 0 0 0 0 0 0 0 0 3 8 0 0 1 0 0 33 0 0 909983 3114129 1039462 0 0 0 1856105 0 0 718 0 
0 0 0 0 0 0 0 0 0 0 0 0 0 0 0 0 0 0 0 0 0 0 0 3 0 4 8 0 0 33 0 0 0 4233875 909986 0 0 0 0 0 1854943 718 0 0 
0 0 0 0 0 0 0 0 0 0 0 0 0 0 0 0 0 0 0 0 0 0 0 3 8 0 0 1 0 0 33 0 0 909983 3192583 1039482 0 0 0 1856105 0 0 718 0 
0 0 0 0 0 0 0 0 0 0 0 0 0 0 0 0 0 0 0 0 0 0 0 3 0 4 8 0 0 33 0 0 0 4276051 909987 0 0 0 0 0 1854944 722 0 0 
0 0 0 0 0 0 0 0 0 0 0 0 0 0 0 0 0 0 0 0 0 0 0 3 8 0 0 1 0 0 33 0 0 909984 3234755 1039486 0 0 0 1856106 0 0 718 0 
0 0 0 0 0 0 0 0 0 0 0 0 0 0 0 0 0 0 0 0 0 0 0 3 0 4 8 0 0 34 0 0 0 4281951 909994 0 0 0 0 0 1863367 726 0 0 
0 0 0 0 0 0 0 0 0 0 0 0 0 0 0 0 0 0 0 0 0 0 0 3 8 0 0 1 0 0 34 0 0 909991 3236306 1043827 0 0 0 1864544 0 0 726 0 
0 0 0 0 0 0 0 0 0 0 0 0 0 0 0 0 0 0 0 0 0 0 0 3 0 4 8 0 0 35 0 0 0 4331143 921410 0 0 0 0 0 1958588 753 0 0 
0 0 0 0 0 0 0 0 0 0 0 0 0 0 0 0 0 0 0 0 0 0 0 3 8 0 0 1 0 0 35 0 0 921408 3244470 1084789 0 0 0 1959788 0 0 753 0 
0 0 0 0 0 0 0 0 0 0 0 0 0 0 0 0 0 0 0 0 0 0 0 3 0 4 8 0 0 35 0 0 0 4394772 952245 0 0 0 0 0 1958590 753 0 0 
0 0 0 0 0 0 0 0 0 0 0 0 0 0 0 0 0 0 0 0 0 0 0 3 8 0 0 1 0 0 35 0 0 952242 3308112 1084789 0 0 0 1959790 0 0 753 0 
0 0 0 0 0 0 0 0 0 0 0 0 0 0 0 0 0 0 0 0 0 0 0 3 0 4 8 0 0 35 0 0 0 4455789 952257 0 0 0 0 0 2021878 765 0 0 
0 0 0 0 0 0 0 0 0 0 0 0 0 0 0 0 0 0 0 0 0 0 0 3 8 0 0 1 0 0 35 0 0 952254 3331757 1122120 0 0 0 2023111 0 0 761 0 
0 0 0 0 0 0 0 0 0 0 0 0 0 0 0 0 0 0 0 0 0 0 0 3 0 4 8 0 0 35 0 0 0 4507651 985820 0 0 0 0 0 2053988 787 0 0 
0 0 0 0 0 0 0 0 0 0 0 0 0 0 0 0 0 0 0 0 0 0 0 3 8 0 0 1 0 0 35 0 0 985817 3378738 1126996 0 0 0 2055224 0 0 787 0 
0 0 0 0 0 0 0 0 0 0 0 0 0 0 0 0 0 0 0 0 0 0 0 3 0 4 8 0 0 35 0 0 0 4555742 994395 0 0 0 0 0 2053993 791 0 0 
0 0 0 0 0 0 0 0 0 0 0 0 0 0 0 0 0 0 0 0 0 0 0 3 8 0 0 1 0 0 35 0 0 994392 3426826 1126999 0 0 0 2055229 0 0 791 0 
0 0 0 0 0 0 0 0 0 0 0 0 0 0 0 0 0 0 0 0 0 0 0 3 0 4 8 0 0 35 0 0 0 4605193 1005449 0 0 0 0 0 2149013 820 0 0 
0 0 0 0 0 0 0 0 0 0 0 0 0 0 0 0 0 0 0 0 0 0 0 3 8 0 0 1 0 0 35 0 0 1005447 3434031 1169188 0 0 0 2150274 0 0 820 0 
0 0 0 0 0 0 0 0 0 0 0 0 0 0 0 0 0 0 0 0 0 0 0 3 0 4 8 0 0 35 0 0 0 4663331 1036534 0 0 0 0 0 2149015 820 0 0 
0 0 0 0 0 0 0 0 0 0 0 0 0 0 0 0 0 0 0 0 0 0 0 3 8 0 0 1 0 0 35 0 0 1036532 3491294 1170062 0 0 0 2150276 0 0 820 0 
0 0 0 0 0 0 0 0 0 0 0 0 0 0 0 0 0 0 0 0 0 0 0 3 0 4 8 0 0 35 0 0 0 4718683 1036541 0 0 0 0 0 2192054 828 0 0 
0 0 0 0 0 0 0 0 0 0 0 0 0 0 0 0 0 0 0 0 0 0 0 3 8 0 0 1 0 0 35 0 0 1036539 3521885 1194805 0 0 0 2193349 0 0 828 0 
0 0 0 0 0 0 0 0 0 0 0 0 0 0 0 0 0 0 0 0 0 0 0 3 0 4 8 0 0 35 0 0 0 4764345 1063454 0 0 0 0 0 2244014 854 0 0 
0 0 0 0 0 0 0 0 0 0 0 0 0 0 0 0 0 0 0 0 0 0 0 3 8 0 0 1 0 0 35 0 0 1063453 3549462 1212885 0 0 0 2245311 0 0 854 0 
0 0 0 0 0 0 0 0 0 0 0 0 0 0 0 0 0 0 0 0 0 0 0 3 0 4 8 0 0 35 0 0 0 4816421 1078676 0 0 0 0 0 2244016 854 0 0 
0 0 0 0 0 0 0 0 0 0 0 0 0 0 0 0 0 0 0 0 0 0 0 3 8 0 0 1 0 0 35 0 0 1078674 3600768 1213655 0 0 0 2245313 0 0 854 0 
0 0 0 0 0 0 0 0 0 0 0 0 0 0 0 0 0 0 0 0 0 0 0 3 0 4 8 0 0 35 0 0 0 4869967 1078687 0 0 0 0 0 2320693 866 0 0 
0 0 0 0 0 0 0 0 0 0 0 0 0 0 0 0 0 0 0 0 0 0 0 3 8 0 0 1 0 0 35 0 0 1078685 3616935 1250990 0 0 0 2322031 0 0 862 0 
0 0 0 0 0 0 0 0 0 0 0 0 0 0 0 0 0 0 0 0 0 0 0 3 0 4 8 0 0 35 0 0 0 4923735 1116546 0 0 0 0 0 2339011 888 0 0 
0 0 0 0 0 0 0 0 0 0 0 0 0 0 0 0 0 0 0 0 0 0 0 3 8 0 0 1 0 0 35 0 0 1116544 3664814 1256877 0 0 0 2340351 0 0 888 0 
0 0 0 0 0 0 0 0 0 0 0 0 0 0 0 0 0 0 0 0 0 0 0 3 0 4 8 0 0 35 0 0 0 4968477 1120822 0 0 0 0 0 2339013 888 0 0 
0 0 0 0 0 0 0 0 0 0 0 0 0 0 0 0 0 0 0 0 0 0 0 3 8 0 0 1 0 0 35 0 0 1120820 3709111 1257322 0 0 0 2340353 0 0 888 0 
0 0 0 0 0 0 0 0 0 0 0 0 0 0 0 0 0 0 0 0 0 0 0 3 0 4 8 0 0 35 0 0 0 5016916 1126611 0 0 0 0 0 2434030 920 0 0 
0 0 0 0 0 0 0 0 0 0 0 0 0 0 0 0 0 0 0 0 0 0 0 3 8 0 0 1 0 0 35 0 0 1126610 3715408 1299409 0 0 0 2435386 0 0 920 0 
0 0 0 0 0 0 0 0 0 0 0 0 0 0 0 0 0 0 0 0 0 0 0 3 0 4 8 0 0 35 0 0 0 5071193 1162967 0 0 0 0 0 2434030 920 0 0 
0 0 0 0 0 0 0 0 0 0 0 0 0 0 0 0 0 0 0 0 0 0 0 3 8 0 0 1 0 0 35 0 0 1162965 3767778 1301320 0 0 0 2435386 0 0 920 0 
0 0 0 0 0 0 0 0 0 0 0 0 0 0 0 0 0 0 0 0 0 0 0 3 0 4 8 0 0 35 0 0 0 5116394 1162974 0 0 0 0 0 2450290 928 0 0 
0 0 0 0 0 0 0 0 0 0 0 0 0 0 0 0 0 0 0 0 0 0 0 3 8 0 0 1 0 0 35 0 0 1162972 3807040 1307252 0 0 0 2451674 0 0 928 0 
0 0 0 0 0 0 0 0 0 0 0 0 0 0 0 0 0 0 0 0 0 0 0 3 0 4 8 0 0 35 0 0 0 5165832 1180161 0 0 0 0 0 2529024 956 0 0 
0 0 0 0 0 0 0 0 0 0 0 0 0 0 0 0 0 0 0 0 0 0 0 3 8 0 0 1 0 0 35 0 0 1180161 3820050 1343656 0 0 0 2530426 0 0 956 0 
0 0 0 0 0 0 0 0 0 0 0 0 0 0 0 0 0 0 0 0 0 0 0 3 0 4 8 0 0 35 0 0 0 5224465 1205114 0 0 0 0 0 2529026 956 0 0 
0 0 0 0 0 0 0 0 0 0 0 0 0 0 0 0 0 0 0 0 0 0 0 3 8 0 0 1 0 0 35 0 0 1205112 3878375 1343966 0 0 0 2530428 0 0 956 0 
0 0 0 0 0 0 0 0 0 0 0 0 0 0 0 0 0 0 0 0 0 0 0 3 0 4 8 0 0 35 0 0 0 5285446 1205125 0 0 0 0 0 2588004 968 0 0 
0 0 0 0 0 0 0 0 0 0 0 0 0 0 0 0 0 0 0 0 0 0 0 3 8 0 0 1 0 0 35 0 0 1205123 3902096 1381206 0 0 0 2589457 0 0 964 0 
0 0 0 0 0 0 0 0 0 0 0 0 0 0 0 0 0 0 0 0 0 0 0 3 0 4 8 0 0 35 0 0 0 5332447 1238025 0 0 0 0 0 2624017 987 0 0 
0 0 0 0 0 0 0 0 0 0 0 0 0 0 0 0 0 0 0 0 0 0 0 3 8 0 0 1 0 0 35 0 0 1238023 3943272 1387031 0 0 0 2625471 0 0 987 0 
0 0 0 0 0 0 0 0 0 0 0 0 0 0 0 0 0 0 0 0 0 0 0 3 0 4 8 0 0 35 0 0 0 5377837 1247260 0 0 0 0 0 2624019 987 0 0 
0 0 0 0 0 0 0 0 0 0 0 0 0 0 0 0 0 0 0 0 0 0 0 3 8 0 0 1 0 0 35 0 0 1247258 3988083 1387610 0 0 0 2625473 0 0 987 0 
0 0 0 0 0 0 0 0 0 0 0 0 0 0 0 0 0 0 0 0 0 0 0 3 0 4 8 0 0 35 0 0 0 5428971 1247282 0 0 0 0 0 2714866 1020 0 0 
0 0 0 0 0 0 0 0 0 0 0 0 0 0 0 0 0 0 0 0 0 0 0 3 8 0 0 1 0 0 35 0 0 1247280 3997161 1429615 0 0 0 2716348 0 0 1020 0 
0 0 0 0 0 0 0 0 0 0 0 0 0 0 0 0 0 0 0 0 0 0 0 3 0 4 8 0 0 35 0 0 0 5485538 1289404 0 0 0 0 0 2719024 1020 0 0 
0 0 0 0 0 0 0 0 0 0 0 0 0 0 0 0 0 0 0 0 0 0 0 3 8 0 0 1 0 0 35 0 0 1289401 4052548 1430795 0 0 0 2720507 0 0 1020 0 
0 0 0 0 0 0 0 0 0 0 0 0 0 0 0 0 0 0 0 0 0 0 0 3 0 4 8 0 0 35 0 0 0 5531934 1289411 0 0 0 0 0 2736083 1028 0 0 
0 0 0 0 0 0 0 0 0 0 0 0 0 0 0 0 0 0 0 0 0 0 0 3 8 0 0 1 0 0 35 0 0 1289408 4092204 1437527 0 0 0 2737587 0 0 1028 0 
0 0 0 0 0 0 0 0 0 0 0 0 0 0 0 0 0 0 0 0 0 0 0 3 0 4 8 0 0 35 0 0 0 5581815 1306033 0 0 0 0 0 2814021 1055 0 0 
0 0 0 0 0 0 0 0 0 0 0 0 0 0 0 0 0 0 0 0 0 0 0 3 8 0 0 1 0 0 35 0 0 1306030 4106045 1473528 0 0 0 2815548 0 0 1055 0 
0 0 0 0 0 0 0 0 0 0 0 0 0 0 0 0 0 0 0 0 0 0 0 3 0 4 8 0 0 35 0 0 0 5635223 1331548 0 0 0 0 0 2814023 1055 0 0 
0 0 0 0 0 0 0 0 0 0 0 0 0 0 0 0 0 0 0 0 0 0 0 3 8 0 0 1 0 0 35 0 0 1331545 4158255 1474729 0 0 0 2815550 0 0 1055 0 
0 0 0 0 0 0 0 0 0 0 0 0 0 0 0 0 0 0 0 0 0 0 0 3 0 4 8 0 0 35 0 0 0 5693420 1331556 0 0 0 0 0 2861463 1063 0 0 
0 0 0 0 0 0 0 0 0 0 0 0 0 0 0 0 0 0 0 0 0 0 0 3 8 0 0 1 0 0 35 0 0 1331553 4187256 1503888 0 0 0 2863020 0 0 1063 0 
0 0 0 0 0 0 0 0 0 0 0 0 0 0 0 0 0 0 0 0 0 0 0 3 0 4 8 0 0 35 0 0 0 5739705 1360804 0 0 0 0 0 2909019 1089 0 0 
0 0 0 0 0 0 0 0 0 0 0 0 0 0 0 0 0 0 0 0 0 0 0 3 8 0 0 1 0 0 35 0 0 1360802 4219787 1517609 0 0 0 2910583 0 0 1089 0 
0 0 0 0 0 0 0 0 0 0 0 0 0 0 0 0 0 0 0 0 0 0 0 3 0 4 8 0 0 35 0 0 0 5789987 1373694 0 0 0 0 0 2909021 1089 0 0 
0 0 0 0 0 0 0 0 0 0 0 0 0 0 0 0 0 0 0 0 0 0 0 3 8 0 0 1 0 0 35 0 0 1373691 4269683 1517998 0 0 0 2910585 0 0 1089 0 
0 0 0 0 0 0 0 0 0 0 0 0 0 0 0 0 0 0 0 0 0 0 0 3 0 4 8 0 0 35 0 0 0 5841955 1373713 0 0 0 0 0 2996761 1123 0 0 
0 0 0 0 0 0 0 0 0 0 0 0 0 0 0 0 0 0 0 0 0 0 0 3 8 0 0 1 0 0 35 0 0 1373710 4282319 1557277 0 0 0 2998355 0 0 1123 0 
0 0 0 0 0 0 0 0 0 0 0 0 0 0 0 0 0 0 0 0 0 0 0 3 0 4 8 0 0 35 0 0 0 5901991 1415836 0 0 0 0 0 3004028 1123 0 0 
0 0 0 0 0 0 0 0 0 0 0 0 0 0 0 0 0 0 0 0 0 0 0 3 8 0 0 1 0 0 35 0 0 1415833 4338440 1561197 0 0 0 3005621 0 0 1123 0 
0 0 0 0 0 0 0 0 0 0 0 0 0 0 0 0 0 0 0 0 0 0 0 3 0 4 8 0 0 35 0 0 0 5948227 1415843 0 0 0 0 0 3021234 1131 0 0 
0 0 0 0 0 0 0 0 0 0 0 0 0 0 0 0 0 0 0 0 0 0 0 3 8 0 0 1 0 0 35 0 0 1415840 4377358 1568498 0 0 0 3022851 0 0 1131 0 
0 0 0 0 0 0 0 0 0 0 0 0 0 0 0 0 0 0 0 0 0 0 0 3 0 4 8 0 0 35 0 0 0 5998673 1435107 0 0 0 0 0 3099013 1159 0 0 
0 0 0 0 0 0 0 0 0 0 0 0 0 0 0 0 0 0 0 0 0 0 0 3 8 0 0 1 0 0 35 0 0 1435106 4392385 1603888 0 0 0 3100656 0 0 1159 0 
0 0 0 0 0 0 0 0 0 0 0 0 0 0 0 0 0 0 0 0 0 0 0 3 0 4 8 0 0 35 0 0 0 6054467 1457979 0 0 0 0 0 3099015 1159 0 0 
0 0 0 0 0 0 0 0 0 0 0 0 0 0 0 0 0 0 0 0 0 0 0 3 8 0 0 1 0 0 35 0 0 1457975 4447280 1604788 0 0 0 3100658 0 0 1159 0 
0 0 0 0 0 0 0 0 0 0 0 0 0 0 0 0 0 0 0 0 0 0 0 3 0 4 8 0 0 35 0 0 0 6117146 1457990 0 0 0 0 0 3154850 1171 0 0 
0 0 0 0 0 0 0 0 0 0 0 0 0 0 0 0 0 0 0 0 0 0 0 3 8 0 0 1 0 0 35 0 0 1457986 4472415 1642268 0 0 0 3156511 0 0 1167 0 
0 0 0 0 0 0 0 0 0 0 0 0 0 0 0 0 0 0 0 0 0 0 0 3 0 4 8 0 0 35 0 0 0 6162013 1490142 0 0 0 0 0 3194032 1191 0 0 
0 0 0 0 0 0 0 0 0 0 0 0 0 0 0 0 0 0 0 0 0 0 0 3 8 0 0 1 0 0 35 0 0 1490139 4511478 1648074 0 0 0 3195695 0 0 1191 0 
0 0 0 0 0 0 0 0 0 0 0 0 0 0 0 0 0 0 0 0 0 0 0 3 0 4 8 0 0 35 0 0 0 6209115 1500122 0 0 0 0 0 3194034 1191 0 0 
0 0 0 0 0 0 0 0 0 0 0 0 0 0 0 0 0 0 0 0 0 0 0 3 8 0 0 1 0 0 35 0 0 1500118 4558244 1648411 0 0 0 3195697 0 0 1191 0 
0 0 0 0 0 0 0 0 0 0 0 0 0 0 0 0 0 0 0 0 0 0 0 3 0 4 8 0 0 35 0 0 0 6258473 1500147 0 0 0 0 0 3282752 1225 0 0 
0 0 0 0 0 0 0 0 0 0 0 0 0 0 0 0 0 0 0 0 0 0 0 3 8 0 0 1 0 0 35 0 0 1500143 4567475 1688503 0 0 0 3284451 0 0 1225 0 
0 0 0 0 0 0 0 0 0 0 0 0 0 0 0 0 0 0 0 0 0 0 0 3 0 4 8 0 0 35 0 0 0 6315276 1542269 0 0 0 0 0 3289040 1225 0 0 
0 0 0 0 0 0 0 0 0 0 0 0 0 0 0 0 0 0 0 0 0 0 0 3 8 0 0 1 0 0 35 0 0 1542264 4621196 1691588 0 0 0 3290740 0 0 1225 0 
0 0 0 0 0 0 0 0 0 0 0 0 0 0 0 0 0 0 0 0 0 0 0 3 0 4 8 0 0 35 0 0 0 6360630 1542276 0 0 0 0 0 3299230 1233 0 0 
0 0 0 0 0 0 0 0 0 0 0 0 0 0 0 0 0 0 0 0 0 0 0 3 8 0 0 1 0 0 35 0 0 1542271 4662519 1695604 0 0 0 3300936 0 0 1233 0 
0 0 0 0 0 0 0 0 0 0 0 0 0 0 0 0 0 0 0 0 0 0 0 3 0 4 8 0 0 35 0 0 0 6413097 1559757 0 0 0 0 0 3384035 1259 0 0 
0 0 0 0 0 0 0 0 0 0 0 0 0 0 0 0 0 0 0 0 0 0 0 3 8 0 0 1 0 0 35 0 0 1559754 4676382 1734172 0 0 0 3385769 0 0 1259 0 
0 0 0 0 0 0 0 0 0 0 0 0 0 0 0 0 0 0 0 0 0 0 0 3 0 4 8 0 0 35 0 0 0 6468128 1584413 0 0 0 0 0 3384037 1259 0 0 
0 0 0 0 0 0 0 0 0 0 0 0 0 0 0 0 0 0 0 0 0 0 0 3 8 0 0 1 0 0 35 0 0 1584408 4730610 1734978 0 0 0 3385771 0 0 1259 0 
0 0 0 0 0 0 0 0 0 0 0 0 0 0 0 0 0 0 0 0 0 0 0 3 0 4 8 0 0 35 0 0 0 6525953 1584420 0 0 0 0 0 3433160 1267 0 0 
0 0 0 0 0 0 0 0 0 0 0 0 0 0 0 0 0 0 0 0 0 0 0 3 8 0 0 1 0 0 35 0 0 1584415 4757570 1765795 0 0 0 3434935 0 0 1267 0 
0 0 0 0 0 0 0 0 0 0 0 0 0 0 0 0 0 0 0 0 0 0 0 3 0 4 8 0 0 35 0 0 0 6573194 1613951 0 0 0 0 0 3479026 1294 0 0 
0 0 0 0 0 0 0 0 0 0 0 0 0 0 0 0 0 0 0 0 0 0 0 3 8 0 0 1 0 0 35 0 0 1613946 4792390 1778205 0 0 0 3480807 0 0 1294 0 
0 0 0 0 0 0 0 0 0 0 0 0 0 0 0 0 0 0 0 0 0 0 0 3 0 4 8 0 0 35 0 0 0 6621561 1626560 0 0 0 0 0 3479028 1294 0 0 
0 0 0 0 0 0 0 0 0 0 0 0 0 0 0 0 0 0 0 0 0 0 0 3 8 0 0 1 0 0 35 0 0 1626555 4840419 1778543 0 0 0 3480809 0 0 1294 0 
0 0 0 0 0 0 0 0 0 0 0 0 0 0 0 0 0 0 0 0 0 0 0 3 0 4 8 0 0 35 0 0 0 6671026 1626571 0 0 0 0 0 3560902 1306 0 0 
0 0 0 0 0 0 0 0 0 0 0 0 0 0 0 0 0 0 0 0 0 0 0 3 8 0 0 1 0 0 35 0 0 1626566 4852627 1815773 0 0 0 3562719 0 0 1302 0 
0 0 0 0 0 0 0 0 0 0 0 0 0 0 0 0 0 0 0 0 0 0 0 3 0 4 8 0 0 35 0 0 0 6726964 1667969 0 0 0 0 0 3574035 1330 0 0 
0 0 0 0 0 0 0 0 0 0 0 0 0 0 0 0 0 0 0 0 0 0 0 3 8 0 0 1 0 0 35 0 0 1667965 4902673 1821668 0 0 0 3575854 0 0 1330 0 
0 0 0 0 0 0 0 0 0 0 0 0 0 0 0 0 0 0 0 0 0 0 0 3 0 4 8 0 0 35 0 0 0 6772246 1668709 0 0 0 0 0 3574040 1334 0 0 
0 0 0 0 0 0 0 0 0 0 0 0 0 0 0 0 0 0 0 0 0 0 0 3 8 0 0 1 0 0 35 0 0 1668704 4947678 1821946 0 0 0 3575859 0 0 1334 0 
0 0 0 0 0 0 0 0 0 0 0 0 0 0 0 0 0 0 0 0 0 0 0 3 0 4 8 0 0 35 0 0 0 6823012 1680555 0 0 0 0 0 3669038 1365 0 0 
0 0 0 0 0 0 0 0 0 0 0 0 0 0 0 0 0 0 0 0 0 0 0 3 8 0 0 1 0 0 35 0 0 1680550 4956126 1864229 0 0 0 3670893 0 0 1365 0 
0 0 0 0 0 0 0 0 0 0 0 0 0 0 0 0 0 0 0 0 0 0 0 3 0 4 8 0 0 35 0 0 0 6880192 1710855 0 0 0 0 0 3669040 1365 0 0 
0 0 0 0 0 0 0 0 0 0 0 0 0 0 0 0 0 0 0 0 0 0 0 3 8 0 0 1 0 0 35 0 0 1710850 5012546 1864996 0 0 0 3670895 0 0 1365 0 
0 0 0 0 0 0 0 0 0 0 0 0 0 0 0 0 0 0 0 0 0 0 0 3 0 4 8 0 0 35 0 0 0 6939300 1710863 0 0 0 0 0 3716627 1373 0 0 
0 0 0 0 0 0 0 0 0 0 0 0 0 0 0 0 0 0 0 0 0 0 0 3 8 0 0 1 0 0 35 0 0 1710858 5042733 1893877 0 0 0 3718509 0 0 1373 0 
0 0 0 0 0 0 0 0 0 0 0 0 0 0 0 0 0 0 0 0 0 0 0 3 0 8 8 0 0 35 0 0 0 6947913 1710882 0 0 0 0 0 3752528 1389 0 0 
0 0 0 0 0 0 0 0 0 0 0 0 0 0 0 0 0 0 0 0 0 0 0 3 8 0 0 2 0 0 35 0 0 1710877 5042739 1902481 0 0 0 3754415 0 0 1389 0 
<====
0 0 0 0 0 0 0 0 0 0 0 0 0 0 0 0 0 0 0 0 0 0 0 3 0 8 8 0 0 35 0 0 0 6947913 1710882 0 0 0 0 0 3752528 1389 0 0 
0 0 0 0 0 0 0 0 0 0 0 0 0 0 0 0 0 0 0 0 0 0 0 3 8 0 0 2 0 0 35 0 0 1710877 5042739 1902481 0 0 0 3754415 0 0 1389 0 
0 0 0 0 0 0 0 0 0 0 0 0 0 0 0 0 0 0 0 0 0 0 0 3 0 8 8 0 0 35 0 0 0 6947913 1710882 0 0 0 0 0 3752528 1389 0 0 
0 0 0 0 0 0 0 0 0 0 0 0 0 0 0 0 0 0 0 0 0 0 0 3 8 0 0 2 0 0 35 0 0 1710877 5042739 1902481 0 0 0 3754415 0 0 1389 0 
0 0 0 0 0 0 0 0 0 0 0 0 0 0 0 0 0 0 0 0 0 0 0 3 0 8 8 0 0 35 0 0 0 6947913 1710882 0 0 0 0 0 3752528 1389 0 0 
0 0 0 0 0 0 0 0 0 0 0 0 0 0 0 0 0 0 0 0 0 0 0 3 8 0 0 2 0 0 35 0 0 1710877 5042739 1902481 0 0 0 3754415 0 0 1389 0 
0 0 0 0 0 0 0 0 0 0 0 0 0 0 0 0 0 0 0 0 0 0 0 3 0 8 8 0 0 35 0 0 0 6947913 1710882 0 0 0 0 0 3752528 1389 0 0 
0 0 0 0 0 0 0 0 0 0 0 0 0 0 0 0 0 0 0 0 0 0 0 3 8 0 0 2 0 0 35 0 0 1710877 5042739 1902481 0 0 0 3754415 0 0 1389 0 
0 0 0 0 0 0 0 0 0 0 0 0 0 0 0 0 0 0 0 0 0 0 0 3 0 8 8 0 0 35 0 0 0 6947913 1710882 0 0 0 0 0 3752528 1389 0 0 
0 0 0 0 0 0 0 0 0 0 0 0 0 0 0 0 0 0 0 0 0 0 0 3 8 0 0 2 0 0 35 0 0 1710877 5042739 1902481 0 0 0 3754415 0 0 1389 0 
0 0 0 0 0 0 0 0 0 0 0 0 0 0 0 0 0 0 0 0 0 0 0 3 0 8 8 0 0 35 0 0 0 6947913 1710882 0 0 0 0 0 3752528 1389 0 0 
0 0 0 0 0 0 0 0 0 0 0 0 0 0 0 0 0 0 0 0 0 0 0 3 8 0 0 2 0 0 35 0 0 1710877 5042739 1902481 0 0 0 3754415 0 0 1389 0 
0 0 0 0 0 0 0 0 0 0 0 0 0 0 0 0 0 0 0 0 0 0 0 3 0 8 8 0 0 35 0 0 0 6947913 1710882 0 0 0 0 0 3752528 1389 0 0 
0 0 0 0 0 0 0 0 0 0 0 0 0 0 0 0 0 0 0 0 0 0 0 3 8 0 0 2 0 0 35 0 0 1710877 5042739 1902481 0 0 0 3754415 0 0 1389 0 
0 0 0 0 0 0 0 0 0 0 0 0 0 0 0 0 0 0 0 0 0 0 0 3 0 8 8 0 0 35 0 0 0 6947913 1710882 0 0 0 0 0 3752528 1389 0 0 
0 0 0 0 0 0 0 0 0 0 0 0 0 0 0 0 0 0 0 0 0 0 0 3 8 0 0 2 0 0 35 0 0 1710877 5042739 1902481 0 0 0 3754415 0 0 1389 0 
0 0 0 0 0 0 0 0 0 0 0 0 0 0 0 0 0 0 0 0 0 0 0 3 0 8 8 0 0 35 0 0 0 6947913 1710882 0 0 0 0 0 3752528 1389 0 0 
0 0 0 0 0 0 0 0 0 0 0 0 0 0 0 0 0 0 0 0 0 0 0 3 8 0 0 2 0 0 35 0 0 1710877 5042739 1902481 0 0 0 3754415 0 0 1389 0 
0 0 0 0 0 0 0 0 0 0 0 0 0 0 0 0 0 0 0 0 0 0 0 3 0 8 8 0 0 35 0 0 0 6947913 1710882 0 0 0 0 0 3752528 1389 0 0 
0 0 0 0 0 0 0 0 0 0 0 0 0 0 0 0 0 0 0 0 0 0 0 3 8 0 0 2 0 0 35 0 0 1710877 5042739 1902481 0 0 0 3754415 0 0 1389 0 
0 0 0 0 0 0 0 0 0 0 0 0 0 0 0 0 0 0 0 0 0 0 0 3 0 8 8 0 0 35 0 0 0 6947913 1710882 0 0 0 0 0 3752528 1389 0 0 
0 0 0 0 0 0 0 0 0 0 0 0 0 0 0 0 0 0 0 0 0 0 0 3 8 0 0 2 0 0 35 0 0 1710877 5042739 1902481 0 0 0 3754415 0 0 1389 0 
0 0 0 0 0 0 0 0 0 0 0 0 0 0 0 0 0 0 0 0 0 0 0 3 0 8 8 0 0 35 0 0 0 6947913 1710882 0 0 0 0 0 3752528 1389 0 0 
0 0 0 0 0 0 0 0 0 0 0 0 0 0 0 0 0 0 0 0 0 0 0 3 8 0 0 2 0 0 35 0 0 1710877 5042739 1902481 0 0 0 3754415 0 0 1389 0 
0 0 0 0 0 0 0 0 0 0 0 0 0 0 0 0 0 0 0 0 0 0 0 3 0 8 8 0 0 35 0 0 0 6947913 1710882 0 0 0 0 0 3752528 1389 0 0 
0 0 0 0 0 0 0 0 0 0 0 0 0 0 0 0 0 0 0 0 0 0 0 3 8 0 0 2 0 0 35 0 0 1710877 5042739 1902481 0 0 0 3754415 0 0 1389 0 
0 0 0 0 0 0 0 0 0 0 0 0 0 0 0 0 0 0 0 0 0 0 0 3 0 8 8 0 0 35 0 0 0 6947913 1710882 0 0 0 0 0 3752528 1389 0 0 
0 0 0 0 0 0 0 0 0 0 0 0 0 0 0 0 0 0 0 0 0 0 0 3 8 0 0 2 0 0 35 0 0 1710877 5042739 1902481 0 0 0 3754415 0 0 1389 0 
0 0 0 0 0 0 0 0 0 0 0 0 0 0 0 0 0 0 0 0 0 0 0 3 0 8 8 0 0 35 0 0 0 6947913 1710882 0 0 0 0 0 3752528 1389 0 0 
0 0 0 0 0 0 0 0 0 0 0 0 0 0 0 0 0 0 0 0 0 0 0 3 8 0 0 2 0 0 35 0 0 1710877 5042739 1902481 0 0 0 3754415 0 0 1389 0 
