0 0 0 0 0 0 0 0 0 0 0 0 0 0 0 0 0 0 0 0 0 0 0 3 121081 0 0 22 0 0 406 52 0 115277666 0 0 0 0 0 47947012 0 0 2094 0 
0 0 0 0 0 0 0 0 0 0 0 0 0 0 0 0 0 0 0 0 0 0 0 3 121081 0 0 22 0 0 406 52 0 115277666 0 0 0 0 0 47947012 0 0 2094 0 
0 0 0 0 0 0 0 0 0 0 0 0 0 0 0 0 0 0 0 0 0 0 0 3 121081 0 0 22 0 0 406 52 0 115277666 0 0 0 0 0 47947012 0 0 2094 0 
0 0 0 0 0 0 0 0 0 0 0 0 0 0 0 0 0 0 0 0 0 0 0 3 121081 0 0 22 0 0 406 52 0 115277666 0 0 0 0 0 47947012 0 0 2094 0 
0 0 0 0 0 0 0 0 0 0 0 0 0 0 0 0 0 0 0 0 0 0 0 3 121081 0 0 22 0 0 406 52 0 115277666 0 0 0 0 0 47947012 0 0 2094 0 
0 0 0 0 0 0 0 0 0 0 0 0 0 0 0 0 0 0 0 0 0 0 0 3 121081 0 0 22 0 0 406 52 0 115277666 0 0 0 0 0 47947012 0 0 2094 0 
0 0 0 0 0 0 0 0 0 0 0 0 0 0 0 0 0 0 0 0 0 0 0 3 121097 0 0 22 0 0 427 52 0 115508497 0 0 0 0 0 47953982 0 0 2094 0 
0 0 0 0 0 0 0 0 0 0 0 0 0 0 0 0 0 0 0 0 0 0 0 3 121113 0 0 22 0 0 427 52 0 115527786 0 0 0 0 0 47964981 0 0 2094 0 
0 0 0 0 0 0 0 0 0 0 0 0 0 0 0 0 0 0 0 0 0 0 0 3 121129 0 0 22 0 0 427 52 0 115617888 0 0 0 0 0 47981470 0 0 2094 0 
0 0 0 0 0 0 0 0 0 0 0 0 0 0 0 0 0 0 0 0 0 0 0 3 121129 0 0 22 0 0 427 52 0 115809924 0 0 0 0 0 48002423 0 0 2094 0 
0 0 0 0 0 0 0 0 0 0 0 0 0 0 0 0 0 0 0 0 0 0 0 3 121153 0 0 22 0 0 427 52 0 115893247 0 0 0 0 0 48068102 0 0 2094 0 
0 0 0 0 0 0 0 0 0 0 0 0 0 0 0 0 0 0 0 0 0 0 0 3 121161 0 0 22 0 0 427 52 0 115919009 0 0 0 0 0 48083871 0 0 2094 0 
0 0 0 0 0 0 0 0 0 0 0 0 0 0 0 0 0 0 0 0 0 0 0 3 121169 0 0 22 0 0 427 52 0 116049802 0 0 0 0 0 48103916 0 0 2094 0 
0 0 0 0 0 0 0 0 0 0 0 0 0 0 0 0 0 0 0 0 0 0 0 3 121177 0 0 22 0 0 427 52 0 116225328 0 0 0 0 0 48207941 0 0 2094 0 
0 0 0 0 0 0 0 0 0 0 0 0 0 0 0 0 0 0 0 0 0 0 0 3 121185 0 0 22 0 0 427 52 0 116433508 0 0 0 0 0 48293082 0 0 2094 0 
0 0 0 0 0 0 0 0 0 0 0 0 0 0 0 0 0 0 0 0 0 0 0 3 121193 0 0 22 0 0 427 52 0 116591325 0 0 0 0 0 48347838 0 0 2094 0 
0 0 0 0 0 0 0 0 0 0 0 0 0 0 0 0 0 0 0 0 0 0 0 3 121193 0 0 22 0 0 427 52 0 116732471 0 0 0 0 0 48410851 0 0 2094 0 
0 0 0 0 0 0 0 0 0 0 0 0 0 0 0 0 0 0 0 0 0 0 0 3 121209 0 0 22 0 0 427 52 0 116806757 0 0 0 0 0 48433312 0 0 2094 0 
0 0 0 0 0 0 0 0 0 0 0 0 0 0 0 0 0 0 0 0 0 0 0 3 121217 0 0 22 0 0 427 52 0 116936924 0 0 0 0 0 48500033 0 0 2094 0 
0 0 0 0 0 0 0 0 0 0 0 0 0 0 0 0 0 0 0 0 0 0 0 3 121225 0 0 22 0 0 427 52 0 117102203 0 0 0 0 0 48562370 0 0 2094 0 
0 0 0 0 0 0 0 0 0 0 0 0 0 0 0 0 0 0 0 0 0 0 0 3 121225 0 0 22 0 0 427 52 0 117257469 0 0 0 0 0 48616676 0 0 2094 0 
0 0 0 0 0 0 0 0 0 0 0 0 0 0 0 0 0 0 0 0 0 0 0 3 121249 0 0 22 0 0 427 52 0 117284295 0 0 0 0 0 48629474 0 0 2094 0 
0 0 0 0 0 0 0 0 0 0 0 0 0 0 0 0 0 0 0 0 0 0 0 3 121249 0 0 22 0 0 427 52 0 117431846 0 0 0 0 0 48702348 0 0 2094 0 
0 0 0 0 0 0 0 0 0 0 0 0 0 0 0 0 0 0 0 0 0 0 0 3 121257 0 0 22 0 0 427 52 0 117596387 0 0 0 0 0 48768321 0 0 2094 0 
0 0 0 0 0 0 0 0 0 0 0 0 0 0 0 0 0 0 0 0 0 0 0 3 121265 0 0 22 0 0 427 52 0 117740122 0 0 0 0 0 48813340 0 0 2094 0 
0 0 0 0 0 0 0 0 0 0 0 0 0 0 0 0 0 0 0 0 0 0 0 3 121281 0 0 22 0 0 427 52 0 117792092 0 0 0 0 0 48843256 0 0 2094 0 
0 0 0 0 0 0 0 0 0 0 0 0 0 0 0 0 0 0 0 0 0 0 0 3 121281 0 0 22 0 0 427 52 0 117926648 0 0 0 0 0 48903246 0 0 2094 0 
0 0 0 0 0 0 0 0 0 0 0 0 0 0 0 0 0 0 0 0 0 0 0 3 121289 0 0 22 0 0 427 52 0 118091780 0 0 0 0 0 48970915 0 0 2094 0 
0 0 0 0 0 0 0 0 0 0 0 0 0 0 0 0 0 0 0 0 0 0 0 3 121297 0 0 22 0 0 427 52 0 118220044 0 0 0 0 0 49010578 0 0 2094 0 
0 0 0 0 0 0 0 0 0 0 0 0 0 0 0 0 0 0 0 0 0 0 0 3 121313 0 0 22 0 0 427 52 0 118301898 0 0 0 0 0 49055793 0 0 2094 0 
0 0 0 0 0 0 0 0 0 0 0 0 0 0 0 0 0 0 0 0 0 0 0 3 121321 0 0 22 0 0 427 52 0 118461333 0 0 0 0 0 49107784 0 0 2094 0 
0 0 0 0 0 0 0 0 0 0 0 0 0 0 0 0 0 0 0 0 0 0 0 3 121321 0 0 22 0 0 427 52 0 118599267 0 0 0 0 0 49176739 0 0 2094 0 
0 0 0 0 0 0 0 0 0 0 0 0 0 0 0 0 0 0 0 0 0 0 0 3 121337 0 0 22 0 0 427 52 0 118691329 0 0 0 0 0 49201083 0 0 2094 0 
0 0 0 0 0 0 0 0 0 0 0 0 0 0 0 0 0 0 0 0 0 0 0 3 121345 0 0 22 0 0 427 52 0 118815288 0 0 0 0 0 49264716 0 0 2094 0 
0 0 0 0 0 0 0 0 0 0 0 0 0 0 0 0 0 0 0 0 0 0 0 3 121353 0 0 22 0 0 427 52 0 118984932 0 0 0 0 0 49329136 0 0 2094 0 
0 0 0 0 0 0 0 0 0 0 0 0 0 0 0 0 0 0 0 0 0 0 0 3 121361 0 0 22 0 0 427 52 0 119140050 0 0 0 0 0 49380224 0 0 2094 0 
0 0 0 0 0 0 0 0 0 0 0 0 0 0 0 0 0 0 0 0 0 0 0 3 121377 0 0 22 0 0 427 52 0 119187955 0 0 0 0 0 49408094 0 0 2094 0 
0 0 0 0 0 0 0 0 0 0 0 0 0 0 0 0 0 0 0 0 0 0 0 3 121377 0 0 22 0 0 427 52 0 119331220 0 0 0 0 0 49473731 0 0 2094 0 
0 0 0 0 0 0 0 0 0 0 0 0 0 0 0 0 0 0 0 0 0 0 0 3 121385 0 0 22 0 0 427 52 0 119497817 0 0 0 0 0 49542239 0 0 2094 0 
0 0 0 0 0 0 0 0 0 0 0 0 0 0 0 0 0 0 0 0 0 0 0 3 121393 0 0 22 0 0 427 52 0 119625081 0 0 0 0 0 49582296 0 0 2094 0 
0 0 0 0 0 0 0 0 0 0 0 0 0 0 0 0 0 0 0 0 0 0 0 3 121409 0 0 22 0 0 427 52 0 119677939 0 0 0 0 0 49611809 0 0 2094 0 
0 0 0 0 0 0 0 0 0 0 0 0 0 0 0 0 0 0 0 0 0 0 0 3 121409 0 0 22 0 0 427 52 0 119828581 0 0 0 0 0 49674862 0 0 2094 0 
0 0 0 0 0 0 0 0 0 0 0 0 0 0 0 0 0 0 0 0 0 0 0 3 121417 0 0 22 0 0 427 52 0 119985822 0 0 0 0 0 49743906 0 0 2094 0 
0 0 0 0 0 0 0 0 0 0 0 0 0 0 0 0 0 0 0 0 0 0 0 3 121425 0 0 22 0 0 427 52 0 120104280 0 0 0 0 0 49780909 0 0 2094 0 
0 0 0 0 0 0 0 0 0 0 0 0 0 0 0 0 0 0 0 0 0 0 0 3 121441 0 0 22 0 0 427 52 0 120166028 0 0 0 0 0 49816516 0 0 2094 0 
0 0 0 0 0 0 0 0 0 0 0 0 0 0 0 0 0 0 0 0 0 0 0 3 121441 0 0 22 0 0 427 52 0 120313519 0 0 0 0 0 49875818 0 0 2094 0 
0 0 0 0 0 0 0 0 0 0 0 0 0 0 0 0 0 0 0 0 0 0 0 3 121449 0 0 22 0 0 427 52 0 120465988 0 0 0 0 0 49943707 0 0 2094 0 
0 0 0 0 0 0 0 0 0 0 0 0 0 0 0 0 0 0 0 0 0 0 0 3 121457 0 0 22 0 0 427 52 0 120586741 0 0 0 0 0 49981281 0 0 2094 0 
0 0 0 0 0 0 0 0 0 0 0 0 0 0 0 0 0 0 0 0 0 0 0 3 121473 0 0 22 0 0 427 52 0 120682857 0 0 0 0 0 50034291 0 0 2094 0 
0 0 0 0 0 0 0 0 0 0 0 0 0 0 0 0 0 0 0 0 0 0 0 3 121481 0 0 22 0 0 427 52 0 120843462 0 0 0 0 0 50087941 0 0 2094 0 
0 0 0 0 0 0 0 0 0 0 0 0 0 0 0 0 0 0 0 0 0 0 0 3 121481 0 0 22 0 0 427 52 0 120982565 0 0 0 0 0 50153008 0 0 2094 0 
0 0 0 0 0 0 0 0 0 0 0 0 0 0 0 0 0 0 0 0 0 0 0 3 121489 0 0 22 0 0 427 52 0 121065706 0 0 0 0 0 50179002 0 0 2094 0 
0 0 0 0 0 0 0 0 0 0 0 0 0 0 0 0 0 0 0 0 0 0 0 3 121505 0 0 22 0 0 427 52 0 121180317 0 0 0 0 0 50239147 0 0 2094 0 
0 0 0 0 0 0 0 0 0 0 0 0 0 0 0 0 0 0 0 0 0 0 0 3 121513 0 0 22 0 0 427 52 0 121337636 0 0 0 0 0 50295059 0 0 2094 0 
0 0 0 0 0 0 0 0 0 0 0 0 0 0 0 0 0 0 0 0 0 0 0 3 121513 0 0 22 0 0 427 52 0 121492413 0 0 0 0 0 50356396 0 0 2094 0 
0 0 0 0 0 0 0 0 0 0 0 0 0 0 0 0 0 0 0 0 0 0 0 3 121537 0 0 22 0 0 427 52 0 121544903 0 0 0 0 0 50374938 0 0 2094 0 
0 0 0 0 0 0 0 0 0 0 0 0 0 0 0 0 0 0 0 0 0 0 0 3 121537 0 0 22 0 0 427 52 0 121686240 0 0 0 0 0 50445437 0 0 2094 0 
0 0 0 0 0 0 0 0 0 0 0 0 0 0 0 0 0 0 0 0 0 0 0 3 121545 0 0 22 0 0 427 52 0 121860006 0 0 0 0 0 50513718 0 0 2094 0 
0 0 0 0 0 0 0 0 0 0 0 0 0 0 0 0 0 0 0 0 0 0 0 3 121553 0 0 22 0 0 427 52 0 121995410 0 0 0 0 0 50556082 0 0 2094 0 
0 0 0 0 0 0 0 0 0 0 0 0 0 0 0 0 0 0 0 0 0 0 0 3 121569 0 0 22 0 0 427 52 0 122051703 0 0 0 0 0 50588618 0 0 2094 0 
0 0 0 0 0 0 0 0 0 0 0 0 0 0 0 0 0 0 0 0 0 0 0 3 121569 0 0 22 0 0 427 52 0 122207930 0 0 0 0 0 50649186 0 0 2094 0 
0 0 0 0 0 0 0 0 0 0 0 0 0 0 0 0 0 0 0 0 0 0 0 3 121577 0 0 22 0 0 427 52 0 122355344 0 0 0 0 0 50716696 0 0 2094 0 
0 0 0 0 0 0 0 0 0 0 0 0 0 0 0 0 0 0 0 0 0 0 0 3 121585 0 0 22 0 0 427 52 0 122471665 0 0 0 0 0 50751075 0 0 2094 0 
0 0 0 0 0 0 0 0 0 0 0 0 0 0 0 0 0 0 0 0 0 0 0 3 121601 0 0 22 0 0 427 52 0 122574845 0 0 0 0 0 50805492 0 0 2094 0 
0 0 0 0 0 0 0 0 0 0 0 0 0 0 0 0 0 0 0 0 0 0 0 3 121609 0 0 22 0 0 427 52 0 122740947 0 0 0 0 0 50864609 0 0 2094 0 
0 0 0 0 0 0 0 0 0 0 0 0 0 0 0 0 0 0 0 0 0 0 0 3 121609 0 0 22 0 0 427 52 0 122893329 0 0 0 0 0 50926868 0 0 2094 0 
0 0 0 0 0 0 0 0 0 0 0 0 0 0 0 0 0 0 0 0 0 0 0 3 121625 0 0 22 0 0 427 52 0 122947975 0 0 0 0 0 50945936 0 0 2094 0 
0 0 0 0 0 0 0 0 0 0 0 0 0 0 0 0 0 0 0 0 0 0 0 3 121633 0 0 22 0 0 427 52 0 123086674 0 0 0 0 0 51015463 0 0 2094 0 
0 0 0 0 0 0 0 0 0 0 0 0 0 0 0 0 0 0 0 0 0 0 0 3 121641 0 0 22 0 0 427 52 0 123256188 0 0 0 0 0 51082015 0 0 2094 0 
0 0 0 0 0 0 0 0 0 0 0 0 0 0 0 0 0 0 0 0 0 0 0 3 121649 0 0 22 0 0 427 52 0 123402939 0 0 0 0 0 51129031 0 0 2094 0 
0 0 0 0 0 0 0 0 0 0 0 0 0 0 0 0 0 0 0 0 0 0 0 3 121665 0 0 22 0 0 427 52 0 123452136 0 0 0 0 0 51156123 0 0 2094 0 
0 0 0 0 0 0 0 0 0 0 0 0 0 0 0 0 0 0 0 0 0 0 0 3 121665 0 0 22 0 0 427 52 0 123596862 0 0 0 0 0 51218760 0 0 2094 0 
0 0 0 0 0 0 0 0 0 0 0 0 0 0 0 0 0 0 0 0 0 0 0 3 121673 0 0 22 0 0 427 52 0 123756228 0 0 0 0 0 51286904 0 0 2094 0 
0 0 0 0 0 0 0 0 0 0 0 0 0 0 0 0 0 0 0 0 0 0 0 3 121681 0 0 22 0 0 427 52 0 123882946 0 0 0 0 0 51327708 0 0 2094 0 
0 0 0 0 0 0 0 0 0 0 0 0 0 0 0 0 0 0 0 0 0 0 0 3 121697 0 0 22 0 0 427 52 0 123954214 0 0 0 0 0 51368040 0 0 2094 0 
0 0 0 0 0 0 0 0 0 0 0 0 0 0 0 0 0 0 0 0 0 0 0 3 121697 0 0 22 0 0 427 52 0 124097258 0 0 0 0 0 51421733 0 0 2094 0 
0 0 0 0 0 0 0 0 0 0 0 0 0 0 0 0 0 0 0 0 0 0 0 3 121705 0 0 22 0 0 427 52 0 124247747 0 0 0 0 0 51489677 0 0 2094 0 
0 0 0 0 0 0 0 0 0 0 0 0 0 0 0 0 0 0 0 0 0 0 0 3 121713 0 0 22 0 0 427 52 0 124365692 0 0 0 0 0 51526542 0 0 2094 0 
0 0 0 0 0 0 0 0 0 0 0 0 0 0 0 0 0 0 0 0 0 0 0 3 121729 0 0 22 0 0 427 52 0 124458242 0 0 0 0 0 51578585 0 0 2094 0 
0 0 0 0 0 0 0 0 0 0 0 0 0 0 0 0 0 0 0 0 0 0 0 3 121737 0 0 22 0 0 427 52 0 124614540 0 0 0 0 0 51630401 0 0 2094 0 
0 0 0 0 0 0 0 0 0 0 0 0 0 0 0 0 0 0 0 0 0 0 0 3 121737 0 0 22 0 0 427 52 0 124756376 0 0 0 0 0 51697999 0 0 2094 0 
0 0 0 0 0 0 0 0 0 0 0 0 0 0 0 0 0 0 0 0 0 0 0 3 121753 0 0 22 0 0 427 52 0 124840725 0 0 0 0 0 51721809 0 0 2094 0 
0 0 0 0 0 0 0 0 0 0 0 0 0 0 0 0 0 0 0 0 0 0 0 3 121761 0 0 22 0 0 427 52 0 124966756 0 0 0 0 0 51786473 0 0 2094 0 
0 0 0 0 0 0 0 0 0 0 0 0 0 0 0 0 0 0 0 0 0 0 0 3 121769 0 0 22 0 0 427 52 0 125134443 0 0 0 0 0 51849633 0 0 2094 0 
0 0 0 0 0 0 0 0 0 0 0 0 0 0 0 0 0 0 0 0 0 0 0 3 121769 0 0 22 0 0 427 52 0 125284972 0 0 0 0 0 51903216 0 0 2094 0 
0 0 0 0 0 0 0 0 0 0 0 0 0 0 0 0 0 0 0 0 0 0 0 3 121793 0 0 22 0 0 427 52 0 125334060 0 0 0 0 0 51924078 0 0 2094 0 
0 0 0 0 0 0 0 0 0 0 0 0 0 0 0 0 0 0 0 0 0 0 0 3 121793 0 0 22 0 0 427 52 0 125472983 0 0 0 0 0 51990311 0 0 2094 0 
0 0 0 0 0 0 0 0 0 0 0 0 0 0 0 0 0 0 0 0 0 0 0 3 121801 0 0 22 0 0 427 52 0 125645211 0 0 0 0 0 52059232 0 0 2094 0 
0 0 0 0 0 0 0 0 0 0 0 0 0 0 0 0 0 0 0 0 0 0 0 3 121809 0 0 22 0 0 427 52 0 125776744 0 0 0 0 0 52101164 0 0 2094 0 
0 0 0 0 0 0 0 0 0 0 0 0 0 0 0 0 0 0 0 0 0 0 0 3 121809 0 0 22 0 0 427 52 0 125785068 0 0 0 0 0 52106082 0 0 2094 0 
0 0 0 0 0 0 0 0 0 0 0 0 0 0 0 0 0 0 0 0 0 0 0 3 121809 0 0 22 0 0 427 52 0 125785068 0 0 0 0 0 52106082 0 0 2094 0 
0 0 0 0 0 0 0 0 0 0 0 0 0 0 0 0 0 0 0 0 0 0 0 3 121809 0 0 22 0 0 427 52 0 125785068 0 0 0 0 0 52106082 0 0 2094 0 
0 0 0 0 0 0 0 0 0 0 0 0 0 0 0 0 0 0 0 0 0 0 0 3 121809 0 0 22 0 0 427 52 0 125785068 0 0 0 0 0 52106082 0 0 2094 0 
0 0 0 0 0 0 0 0 0 0 0 0 0 0 0 0 0 0 0 0 0 0 0 3 121809 0 0 22 0 0 427 52 0 125785068 0 0 0 0 0 52106082 0 0 2094 0 
0 0 0 0 0 0 0 0 0 0 0 0 0 0 0 0 0 0 0 0 0 0 0 3 121809 0 0 22 0 0 427 52 0 125785068 0 0 0 0 0 52106082 0 0 2094 0 
