0 0 0 0 0 0 0 0 0 0 0 0 0 0 0 0 0 0 0 0 0 0 0 3 0 40110 40103 0 0 127 0 0 15 33060347 0 0 0 0 0 0 13526782 712 0 0 
0 0 0 0 0 0 0 0 0 0 0 0 0 0 0 0 0 0 0 0 0 0 0 3 40109 0 0 7 0 0 127 15 0 7247618 14771126 11040120 0 0 0 13528384 0 0 712 0 
0 0 0 0 0 0 0 0 0 0 0 0 0 0 0 0 0 0 0 0 0 0 0 3 0 40110 40103 0 0 127 0 0 15 33060347 0 0 0 0 0 0 13526782 712 0 0 
0 0 0 0 0 0 0 0 0 0 0 0 0 0 0 0 0 0 0 0 0 0 0 3 40109 0 0 7 0 0 127 15 0 7247618 14771126 11040120 0 0 0 13528384 0 0 712 0 
0 0 0 0 0 0 0 0 0 0 0 0 0 0 0 0 0 0 0 0 0 0 0 3 0 40110 40103 0 0 127 0 0 15 33060347 0 0 0 0 0 0 13526782 712 0 0 
0 0 0 0 0 0 0 0 0 0 0 0 0 0 0 0 0 0 0 0 0 0 0 3 40109 0 0 7 0 0 127 15 0 7247618 14771126 11040120 0 0 0 13528384 0 0 712 0 
====>
0 0 0 0 0 0 0 0 0 0 0 0 0 0 0 0 0 0 0 0 0 0 0 3 0 40110 40103 0 0 127 0 0 15 33060347 0 0 0 0 0 0 13526782 712 0 0 
0 0 0 0 0 0 0 0 0 0 0 0 0 0 0 0 0 0 0 0 0 0 0 3 40109 0 0 7 0 0 127 15 0 7247618 14771126 11040120 0 0 0 13528384 0 0 712 0 
0 0 0 0 0 0 0 0 0 0 0 0 0 0 0 0 0 0 0 0 0 0 0 3 0 40110 40103 0 0 127 0 0 15 33060347 0 0 0 0 0 0 13526782 712 0 0 
0 0 0 0 0 0 0 0 0 0 0 0 0 0 0 0 0 0 0 0 0 0 0 3 40109 0 0 7 0 0 127 15 0 7247618 14771126 11040120 0 0 0 13528384 0 0 712 0 
0 0 0 0 0 0 0 0 0 0 0 0 0 0 0 0 0 0 0 0 0 0 0 3 0 40110 40103 0 0 127 0 0 15 33060347 0 0 0 0 0 0 13526782 712 0 0 
0 0 0 0 0 0 0 0 0 0 0 0 0 0 0 0 0 0 0 0 0 0 0 3 40109 0 0 7 0 0 127 15 0 7247618 14771126 11040120 0 0 0 13528384 0 0 712 0 
0 0 0 0 0 0 0 0 0 0 0 0 0 0 0 0 0 0 0 0 0 0 0 3 0 40110 40103 0 0 127 0 0 15 33060347 0 0 0 0 0 0 13526782 712 0 0 
0 0 0 0 0 0 0 0 0 0 0 0 0 0 0 0 0 0 0 0 0 0 0 3 40109 0 0 7 0 0 127 15 0 7247618 14771126 11040120 0 0 0 13528384 0 0 712 0 
0 0 0 0 0 0 0 0 0 0 0 0 0 0 0 0 0 0 0 0 0 0 0 3 0 40110 40103 0 0 127 0 0 15 33060347 0 0 0 0 0 0 13526782 712 0 0 
0 0 0 0 0 0 0 0 0 0 0 0 0 0 0 0 0 0 0 0 0 0 0 3 40109 0 0 7 0 0 127 15 0 7247618 14771126 11040120 0 0 0 13528384 0 0 712 0 
0 0 0 0 0 0 0 0 0 0 0 0 0 0 0 0 0 0 0 0 0 0 0 3 0 40110 40103 0 0 127 0 0 15 33060347 0 0 0 0 0 0 13526782 712 0 0 
0 0 0 0 0 0 0 0 0 0 0 0 0 0 0 0 0 0 0 0 0 0 0 3 40109 0 0 7 0 0 127 15 0 7247618 14771126 11040120 0 0 0 13528384 0 0 712 0 
0 0 0 0 0 0 0 0 0 0 0 0 0 0 0 0 0 0 0 0 0 0 0 3 0 40110 40103 0 0 127 0 0 15 33060347 0 0 0 0 0 0 13526782 712 0 0 
0 0 0 0 0 0 0 0 0 0 0 0 0 0 0 0 0 0 0 0 0 0 0 3 40109 0 0 7 0 0 127 15 0 7247618 14771126 11040120 0 0 0 13528384 0 0 712 0 
0 0 0 0 0 0 0 0 0 0 0 0 0 0 0 0 0 0 0 0 0 0 0 3 0 40110 40103 0 0 127 0 0 15 33060347 0 0 0 0 0 0 13526782 712 0 0 
0 0 0 0 0 0 0 0 0 0 0 0 0 0 0 0 0 0 0 0 0 0 0 3 40109 0 0 7 0 0 127 15 0 7247618 14771126 11040120 0 0 0 13528384 0 0 712 0 
0 0 0 0 0 0 0 0 0 0 0 0 0 0 0 0 0 0 0 0 0 0 0 3 0 40110 40103 0 0 127 0 0 15 33060347 0 0 0 0 0 0 13526782 712 0 0 
0 0 0 0 0 0 0 0 0 0 0 0 0 0 0 0 0 0 0 0 0 0 0 3 40109 0 0 7 0 0 127 15 0 7247618 14771126 11040120 0 0 0 13528384 0 0 712 0 
0 0 0 0 0 0 0 0 0 0 0 0 0 0 0 0 0 0 0 0 0 0 0 3 0 40110 40103 0 0 127 0 0 15 33060347 0 0 0 0 0 0 13526782 712 0 0 
0 0 0 0 0 0 0 0 0 0 0 0 0 0 0 0 0 0 0 0 0 0 0 3 40109 0 0 7 0 0 127 15 0 7247618 14771126 11040120 0 0 0 13528384 0 0 712 0 
0 0 0 0 0 0 0 0 0 0 0 0 0 0 0 0 0 0 0 0 0 0 0 3 0 40110 40103 0 0 127 0 0 15 33060347 0 0 0 0 0 0 13526782 712 0 0 
0 0 0 0 0 0 0 0 0 0 0 0 0 0 0 0 0 0 0 0 0 0 0 3 40109 0 0 7 0 0 127 15 0 7247618 14771126 11040120 0 0 0 13528384 0 0 712 0 
0 0 0 0 0 0 0 0 0 0 0 0 0 0 0 0 0 0 0 0 0 0 0 3 0 40110 40103 0 0 127 0 0 15 33060347 0 0 0 0 0 0 13526782 712 0 0 
0 0 0 0 0 0 0 0 0 0 0 0 0 0 0 0 0 0 0 0 0 0 0 3 40109 0 0 7 0 0 127 15 0 7247618 14771126 11040120 0 0 0 13528384 0 0 712 0 
0 0 0 0 0 0 0 0 0 0 0 0 0 0 0 0 0 0 0 0 0 0 0 3 0 40110 40103 0 0 127 0 0 15 33060347 0 0 0 0 0 0 13526782 712 0 0 
0 0 0 0 0 0 0 0 0 0 0 0 0 0 0 0 0 0 0 0 0 0 0 3 40109 0 0 7 0 0 127 15 0 7247618 14771126 11040120 0 0 0 13528384 0 0 712 0 
0 0 0 0 0 0 0 0 0 0 0 0 0 0 0 0 0 0 0 0 0 0 0 3 0 40110 40103 0 0 127 0 0 15 33060347 0 0 0 0 0 0 13526782 712 0 0 
0 0 0 0 0 0 0 0 0 0 0 0 0 0 0 0 0 0 0 0 0 0 0 3 40109 0 0 7 0 0 127 15 0 7247618 14771126 11040120 0 0 0 13528384 0 0 712 0 
0 0 0 0 0 0 0 0 0 0 0 0 0 0 0 0 0 0 0 0 0 0 0 3 0 40110 40103 0 0 127 0 0 15 33060347 0 0 0 0 0 0 13526782 712 0 0 
0 0 0 0 0 0 0 0 0 0 0 0 0 0 0 0 0 0 0 0 0 0 0 3 40109 0 0 7 0 0 127 15 0 7247618 14771126 11040120 0 0 0 13528384 0 0 712 0 
0 0 0 0 0 0 0 0 0 0 0 0 0 0 0 0 0 0 0 0 0 0 0 3 0 40110 40103 0 0 127 0 0 15 33060347 0 0 0 0 0 0 13526782 712 0 0 
0 0 0 0 0 0 0 0 0 0 0 0 0 0 0 0 0 0 0 0 0 0 0 3 40109 0 0 7 0 0 127 15 0 7247618 14771126 11040120 0 0 0 13528384 0 0 712 0 
0 0 0 0 0 0 0 0 0 0 0 0 0 0 0 0 0 0 0 0 0 0 0 3 0 40110 40103 0 0 127 0 0 15 33060347 0 0 0 0 0 0 13526782 712 0 0 
0 0 0 0 0 0 0 0 0 0 0 0 0 0 0 0 0 0 0 0 0 0 0 3 40109 0 0 7 0 0 127 15 0 7247618 14771126 11040120 0 0 0 13528384 0 0 712 0 
0 0 0 0 0 0 0 0 0 0 0 0 0 0 0 0 0 0 0 0 0 0 0 3 0 40110 40103 0 0 127 0 0 15 33060347 0 0 0 0 0 0 13526782 712 0 0 
0 0 0 0 0 0 0 0 0 0 0 0 0 0 0 0 0 0 0 0 0 0 0 3 40109 0 0 7 0 0 127 15 0 7247618 14771126 11040120 0 0 0 13528384 0 0 712 0 
0 0 0 0 0 0 0 0 0 0 0 0 0 0 0 0 0 0 0 0 0 0 0 3 0 40110 40103 0 0 127 0 0 15 33060347 0 0 0 0 0 0 13526782 712 0 0 
0 0 0 0 0 0 0 0 0 0 0 0 0 0 0 0 0 0 0 0 0 0 0 3 40109 0 0 7 0 0 127 15 0 7247618 14771126 11040120 0 0 0 13528384 0 0 712 0 
0 0 0 0 0 0 0 0 0 0 0 0 0 0 0 0 0 0 0 0 0 0 0 3 0 40110 40103 0 0 127 0 0 15 33060347 0 0 0 0 0 0 13526782 712 0 0 
0 0 0 0 0 0 0 0 0 0 0 0 0 0 0 0 0 0 0 0 0 0 0 3 40109 0 0 7 0 0 127 15 0 7247618 14771126 11040120 0 0 0 13528384 0 0 712 0 
0 0 0 0 0 0 0 0 0 0 0 0 0 0 0 0 0 0 0 0 0 0 0 3 0 40110 40103 0 0 127 0 0 15 33060347 0 0 0 0 0 0 13526782 712 0 0 
0 0 0 0 0 0 0 0 0 0 0 0 0 0 0 0 0 0 0 0 0 0 0 3 40109 0 0 7 0 0 127 15 0 7247618 14771126 11040120 0 0 0 13528384 0 0 712 0 
0 0 0 0 0 0 0 0 0 0 0 0 0 0 0 0 0 0 0 0 0 0 0 3 0 40110 40103 0 0 127 0 0 15 33060347 0 0 0 0 0 0 13526782 712 0 0 
0 0 0 0 0 0 0 0 0 0 0 0 0 0 0 0 0 0 0 0 0 0 0 3 40109 0 0 7 0 0 127 15 0 7247618 14771126 11040120 0 0 0 13528384 0 0 712 0 
0 0 0 0 0 0 0 0 0 0 0 0 0 0 0 0 0 0 0 0 0 0 0 3 0 40110 40103 0 0 127 0 0 15 33060347 0 0 0 0 0 0 13526782 712 0 0 
0 0 0 0 0 0 0 0 0 0 0 0 0 0 0 0 0 0 0 0 0 0 0 3 40109 0 0 7 0 0 127 15 0 7247618 14771126 11040120 0 0 0 13528384 0 0 712 0 
0 0 0 0 0 0 0 0 0 0 0 0 0 0 0 0 0 0 0 0 0 0 0 3 0 40110 40103 0 0 127 0 0 15 33060347 0 0 0 0 0 0 13526782 712 0 0 
0 0 0 0 0 0 0 0 0 0 0 0 0 0 0 0 0 0 0 0 0 0 0 3 40109 0 0 7 0 0 127 15 0 7247618 14771126 11040120 0 0 0 13528384 0 0 712 0 
0 0 0 0 0 0 0 0 0 0 0 0 0 0 0 0 0 0 0 0 0 0 0 3 0 40110 40103 0 0 127 0 0 15 33060347 0 0 0 0 0 0 13526782 712 0 0 
0 0 0 0 0 0 0 0 0 0 0 0 0 0 0 0 0 0 0 0 0 0 0 3 40109 0 0 7 0 0 127 15 0 7247618 14771126 11040120 0 0 0 13528384 0 0 712 0 
0 0 0 0 0 0 0 0 0 0 0 0 0 0 0 0 0 0 0 0 0 0 0 3 0 40110 40103 0 0 127 0 0 15 33060347 0 0 0 0 0 0 13526782 712 0 0 
0 0 0 0 0 0 0 0 0 0 0 0 0 0 0 0 0 0 0 0 0 0 0 3 40109 0 0 7 0 0 127 15 0 7247618 14771126 11040120 0 0 0 13528384 0 0 712 0 
0 0 0 0 0 0 0 0 0 0 0 0 0 0 0 0 0 0 0 0 0 0 0 3 0 40110 40103 0 0 127 0 0 15 33060347 0 0 0 0 0 0 13526782 712 0 0 
0 0 0 0 0 0 0 0 0 0 0 0 0 0 0 0 0 0 0 0 0 0 0 3 40109 0 0 7 0 0 127 15 0 7247618 14771126 11040120 0 0 0 13528384 0 0 712 0 
0 0 0 0 0 0 0 0 0 0 0 0 0 0 0 0 0 0 0 0 0 0 0 3 0 40110 40103 0 0 127 0 0 15 33060347 0 0 0 0 0 0 13526782 712 0 0 
0 0 0 0 0 0 0 0 0 0 0 0 0 0 0 0 0 0 0 0 0 0 0 3 40109 0 0 7 0 0 127 15 0 7247618 14771126 11040120 0 0 0 13528384 0 0 712 0 
0 0 0 0 0 0 0 0 0 0 0 0 0 0 0 0 0 0 0 0 0 0 0 3 0 40110 40103 0 0 127 0 0 15 33060347 0 0 0 0 0 0 13526782 712 0 0 
0 0 0 0 0 0 0 0 0 0 0 0 0 0 0 0 0 0 0 0 0 0 0 3 40109 0 0 7 0 0 127 15 0 7247618 14771126 11040120 0 0 0 13528384 0 0 712 0 
0 0 0 0 0 0 0 0 0 0 0 0 0 0 0 0 0 0 0 0 0 0 0 3 0 40110 40103 0 0 127 0 0 15 33060347 0 0 0 0 0 0 13526782 712 0 0 
0 0 0 0 0 0 0 0 0 0 0 0 0 0 0 0 0 0 0 0 0 0 0 3 40109 0 0 7 0 0 127 15 0 7247618 14771126 11040120 0 0 0 13528384 0 0 712 0 
0 0 0 0 0 0 0 0 0 0 0 0 0 0 0 0 0 0 0 0 0 0 0 3 0 40110 40103 0 0 127 0 0 15 33060347 0 0 0 0 0 0 13526782 712 0 0 
0 0 0 0 0 0 0 0 0 0 0 0 0 0 0 0 0 0 0 0 0 0 0 3 40109 0 0 7 0 0 127 15 0 7247618 14771126 11040120 0 0 0 13528384 0 0 712 0 
0 0 0 0 0 0 0 0 0 0 0 0 0 0 0 0 0 0 0 0 0 0 0 3 0 40110 40103 0 0 127 0 0 15 33060347 0 0 0 0 0 0 13526782 712 0 0 
0 0 0 0 0 0 0 0 0 0 0 0 0 0 0 0 0 0 0 0 0 0 0 3 40109 0 0 7 0 0 127 15 0 7247618 14771126 11040120 0 0 0 13528384 0 0 712 0 
0 0 0 0 0 0 0 0 0 0 0 0 0 0 0 0 0 0 0 0 0 0 0 3 0 40110 40103 0 0 127 0 0 15 33060347 0 0 0 0 0 0 13526782 712 0 0 
0 0 0 0 0 0 0 0 0 0 0 0 0 0 0 0 0 0 0 0 0 0 0 3 40109 0 0 7 0 0 127 15 0 7247618 14771126 11040120 0 0 0 13528384 0 0 712 0 
0 0 0 0 0 0 0 0 0 0 0 0 0 0 0 0 0 0 0 0 0 0 0 3 0 40110 40103 0 0 127 0 0 15 33060347 0 0 0 0 0 0 13526782 712 0 0 
0 0 0 0 0 0 0 0 0 0 0 0 0 0 0 0 0 0 0 0 0 0 0 3 40109 0 0 7 0 0 127 15 0 7247618 14771126 11040120 0 0 0 13528384 0 0 712 0 
0 0 0 0 0 0 0 0 0 0 0 0 0 0 0 0 0 0 0 0 0 0 0 3 0 40110 40103 0 0 127 0 0 15 33060347 0 0 0 0 0 0 13526782 712 0 0 
0 0 0 0 0 0 0 0 0 0 0 0 0 0 0 0 0 0 0 0 0 0 0 3 40109 0 0 7 0 0 127 15 0 7247618 14771126 11040120 0 0 0 13528384 0 0 712 0 
0 0 0 0 0 0 0 0 0 0 0 0 0 0 0 0 0 0 0 0 0 0 0 3 0 40110 40103 0 0 127 0 0 15 33060347 0 0 0 0 0 0 13526782 712 0 0 
0 0 0 0 0 0 0 0 0 0 0 0 0 0 0 0 0 0 0 0 0 0 0 3 40109 0 0 7 0 0 127 15 0 7247618 14771126 11040120 0 0 0 13528384 0 0 712 0 
0 0 0 0 0 0 0 0 0 0 0 0 0 0 0 0 0 0 0 0 0 0 0 3 0 40110 40103 0 0 127 0 0 15 33060347 0 0 0 0 0 0 13526782 712 0 0 
0 0 0 0 0 0 0 0 0 0 0 0 0 0 0 0 0 0 0 0 0 0 0 3 40109 0 0 7 0 0 127 15 0 7247618 14771126 11040120 0 0 0 13528384 0 0 712 0 
0 0 0 0 0 0 0 0 0 0 0 0 0 0 0 0 0 0 0 0 0 0 0 3 0 40110 40103 0 0 127 0 0 15 33060347 0 0 0 0 0 0 13526782 712 0 0 
0 0 0 0 0 0 0 0 0 0 0 0 0 0 0 0 0 0 0 0 0 0 0 3 40109 0 0 7 0 0 127 15 0 7247618 14771126 11040120 0 0 0 13528384 0 0 712 0 
0 0 0 0 0 0 0 0 0 0 0 0 0 0 0 0 0 0 0 0 0 0 0 3 0 40110 40103 0 0 127 0 0 15 33060347 0 0 0 0 0 0 13526782 712 0 0 
0 0 0 0 0 0 0 0 0 0 0 0 0 0 0 0 0 0 0 0 0 0 0 3 40109 0 0 7 0 0 127 15 0 7247618 14771126 11040120 0 0 0 13528384 0 0 712 0 
0 0 0 0 0 0 0 0 0 0 0 0 0 0 0 0 0 0 0 0 0 0 0 3 0 40110 40103 0 0 127 0 0 15 33060347 0 0 0 0 0 0 13526782 712 0 0 
0 0 0 0 0 0 0 0 0 0 0 0 0 0 0 0 0 0 0 0 0 0 0 3 40109 0 0 7 0 0 127 15 0 7247618 14771126 11040120 0 0 0 13528384 0 0 712 0 
0 0 0 0 0 0 0 0 0 0 0 0 0 0 0 0 0 0 0 0 0 0 0 3 0 40110 40103 0 0 127 0 0 15 33060347 0 0 0 0 0 0 13526782 712 0 0 
0 0 0 0 0 0 0 0 0 0 0 0 0 0 0 0 0 0 0 0 0 0 0 3 40109 0 0 7 0 0 127 15 0 7247618 14771126 11040120 0 0 0 13528384 0 0 712 0 
0 0 0 0 0 0 0 0 0 0 0 0 0 0 0 0 0 0 0 0 0 0 0 3 0 40110 40103 0 0 127 0 0 15 33060347 0 0 0 0 0 0 13526782 712 0 0 
0 0 0 0 0 0 0 0 0 0 0 0 0 0 0 0 0 0 0 0 0 0 0 3 40109 0 0 7 0 0 127 15 0 7247618 14771126 11040120 0 0 0 13528384 0 0 712 0 
0 0 0 0 0 0 0 0 0 0 0 0 0 0 0 0 0 0 0 0 0 0 0 3 0 40110 40103 0 0 127 0 0 15 33060347 0 0 0 0 0 0 13526782 712 0 0 
0 0 0 0 0 0 0 0 0 0 0 0 0 0 0 0 0 0 0 0 0 0 0 3 40109 0 0 7 0 0 127 15 0 7247618 14771126 11040120 0 0 0 13528384 0 0 712 0 
0 0 0 0 0 0 0 0 0 0 0 0 0 0 0 0 0 0 0 0 0 0 0 3 0 40110 40103 0 0 127 0 0 15 33060347 0 0 0 0 0 0 13526782 712 0 0 
0 0 0 0 0 0 0 0 0 0 0 0 0 0 0 0 0 0 0 0 0 0 0 3 40109 0 0 7 0 0 127 15 0 7247618 14771126 11040120 0 0 0 13528384 0 0 712 0 
0 0 0 0 0 0 0 0 0 0 0 0 0 0 0 0 0 0 0 0 0 0 0 3 0 40110 40103 0 0 127 0 0 15 33060347 0 0 0 0 0 0 13526782 712 0 0 
0 0 0 0 0 0 0 0 0 0 0 0 0 0 0 0 0 0 0 0 0 0 0 3 40109 0 0 7 0 0 127 15 0 7247618 14771126 11040120 0 0 0 13528384 0 0 712 0 
0 0 0 0 0 0 0 0 0 0 0 0 0 0 0 0 0 0 0 0 0 0 0 3 0 40110 40103 0 0 127 0 0 15 33060347 0 0 0 0 0 0 13526782 712 0 0 
0 0 0 0 0 0 0 0 0 0 0 0 0 0 0 0 0 0 0 0 0 0 0 3 40109 0 0 7 0 0 127 15 0 7247618 14771126 11040120 0 0 0 13528384 0 0 712 0 
0 0 0 0 0 0 0 0 0 0 0 0 0 0 0 0 0 0 0 0 0 0 0 3 0 40110 40103 0 0 127 0 0 15 33060347 0 0 0 0 0 0 13526782 712 0 0 
0 0 0 0 0 0 0 0 0 0 0 0 0 0 0 0 0 0 0 0 0 0 0 3 40109 0 0 7 0 0 127 15 0 7247618 14771126 11040120 0 0 0 13528384 0 0 712 0 
0 0 0 0 0 0 0 0 0 0 0 0 0 0 0 0 0 0 0 0 0 0 0 3 0 40110 40103 0 0 127 0 0 15 33060347 0 0 0 0 0 0 13526782 712 0 0 
0 0 0 0 0 0 0 0 0 0 0 0 0 0 0 0 0 0 0 0 0 0 0 3 40109 0 0 7 0 0 127 15 0 7247618 14771126 11040120 0 0 0 13528384 0 0 712 0 
0 0 0 0 0 0 0 0 0 0 0 0 0 0 0 0 0 0 0 0 0 0 0 3 0 40110 40103 0 0 127 0 0 15 33060347 0 0 0 0 0 0 13526782 712 0 0 
0 0 0 0 0 0 0 0 0 0 0 0 0 0 0 0 0 0 0 0 0 0 0 3 40109 0 0 7 0 0 127 15 0 7247618 14771126 11040120 0 0 0 13528384 0 0 712 0 
0 0 0 0 0 0 0 0 0 0 0 0 0 0 0 0 0 0 0 0 0 0 0 3 0 40110 40103 0 0 127 0 0 15 33060347 0 0 0 0 0 0 13526782 712 0 0 
0 0 0 0 0 0 0 0 0 0 0 0 0 0 0 0 0 0 0 0 0 0 0 3 40109 0 0 7 0 0 127 15 0 7247618 14771126 11040120 0 0 0 13528384 0 0 712 0 
0 0 0 0 0 0 0 0 0 0 0 0 0 0 0 0 0 0 0 0 0 0 0 3 0 40110 40103 0 0 127 0 0 15 33060347 0 0 0 0 0 0 13526782 712 0 0 
0 0 0 0 0 0 0 0 0 0 0 0 0 0 0 0 0 0 0 0 0 0 0 3 40109 0 0 7 0 0 127 15 0 7247618 14771126 11040120 0 0 0 13528384 0 0 712 0 
0 0 0 0 0 0 0 0 0 0 0 0 0 0 0 0 0 0 0 0 0 0 0 3 0 40110 40103 0 0 127 0 0 15 33060347 0 0 0 0 0 0 13526782 712 0 0 
0 0 0 0 0 0 0 0 0 0 0 0 0 0 0 0 0 0 0 0 0 0 0 3 40109 0 0 7 0 0 127 15 0 7247618 14771126 11040120 0 0 0 13528384 0 0 712 0 
0 0 0 0 0 0 0 0 0 0 0 0 0 0 0 0 0 0 0 0 0 0 0 3 0 40110 40103 0 0 127 0 0 15 33060347 0 0 0 0 0 0 13526782 712 0 0 
0 0 0 0 0 0 0 0 0 0 0 0 0 0 0 0 0 0 0 0 0 0 0 3 40109 0 0 7 0 0 127 15 0 7247618 14771126 11040120 0 0 0 13528384 0 0 712 0 
0 0 0 0 0 0 0 0 0 0 0 0 0 0 0 0 0 0 0 0 0 0 0 3 0 40110 40103 0 0 127 0 0 15 33060347 0 0 0 0 0 0 13526782 712 0 0 
0 0 0 0 0 0 0 0 0 0 0 0 0 0 0 0 0 0 0 0 0 0 0 3 40109 0 0 7 0 0 127 15 0 7247618 14771126 11040120 0 0 0 13528384 0 0 712 0 
0 0 0 0 0 0 0 0 0 0 0 0 0 0 0 0 0 0 0 0 0 0 0 3 0 40110 40103 0 0 127 0 0 15 33060347 0 0 0 0 0 0 13526782 712 0 0 
0 0 0 0 0 0 0 0 0 0 0 0 0 0 0 0 0 0 0 0 0 0 0 3 40109 0 0 7 0 0 127 15 0 7247618 14771126 11040120 0 0 0 13528384 0 0 712 0 
0 0 0 0 0 0 0 0 0 0 0 0 0 0 0 0 0 0 0 0 0 0 0 3 0 40110 40103 0 0 127 0 0 15 33060347 0 0 0 0 0 0 13526782 712 0 0 
0 0 0 0 0 0 0 0 0 0 0 0 0 0 0 0 0 0 0 0 0 0 0 3 40109 0 0 7 0 0 127 15 0 7247618 14771126 11040120 0 0 0 13528384 0 0 712 0 
0 0 0 0 0 0 0 0 0 0 0 0 0 0 0 0 0 0 0 0 0 0 0 3 0 40110 40103 0 0 127 0 0 15 33060347 0 0 0 0 0 0 13526782 712 0 0 
0 0 0 0 0 0 0 0 0 0 0 0 0 0 0 0 0 0 0 0 0 0 0 3 40109 0 0 7 0 0 127 15 0 7247618 14771126 11040120 0 0 0 13528384 0 0 712 0 
0 0 0 0 0 0 0 0 0 0 0 0 0 0 0 0 0 0 0 0 0 0 0 3 0 40110 40103 0 0 127 0 0 15 33060347 0 0 0 0 0 0 13526782 712 0 0 
0 0 0 0 0 0 0 0 0 0 0 0 0 0 0 0 0 0 0 0 0 0 0 3 40109 0 0 7 0 0 127 15 0 7247618 14771126 11040120 0 0 0 13528384 0 0 712 0 
0 0 0 0 0 0 0 0 0 0 0 0 0 0 0 0 0 0 0 0 0 0 0 3 0 40110 40103 0 0 127 0 0 15 33060347 0 0 0 0 0 0 13526782 712 0 0 
0 0 0 0 0 0 0 0 0 0 0 0 0 0 0 0 0 0 0 0 0 0 0 3 40109 0 0 7 0 0 127 15 0 7247618 14771126 11040120 0 0 0 13528384 0 0 712 0 
0 0 0 0 0 0 0 0 0 0 0 0 0 0 0 0 0 0 0 0 0 0 0 3 0 40110 40103 0 0 127 0 0 15 33060347 0 0 0 0 0 0 13526782 712 0 0 
0 0 0 0 0 0 0 0 0 0 0 0 0 0 0 0 0 0 0 0 0 0 0 3 40109 0 0 7 0 0 127 15 0 7247618 14771126 11040120 0 0 0 13528384 0 0 712 0 
0 0 0 0 0 0 0 0 0 0 0 0 0 0 0 0 0 0 0 0 0 0 0 3 0 40110 40103 0 0 127 0 0 15 33060347 0 0 0 0 0 0 13526782 712 0 0 
0 0 0 0 0 0 0 0 0 0 0 0 0 0 0 0 0 0 0 0 0 0 0 3 40109 0 0 7 0 0 127 15 0 7247618 14771126 11040120 0 0 0 13528384 0 0 712 0 
0 0 0 0 0 0 0 0 0 0 0 0 0 0 0 0 0 0 0 0 0 0 0 3 0 40110 40103 0 0 127 0 0 15 33060347 0 0 0 0 0 0 13526782 712 0 0 
0 0 0 0 0 0 0 0 0 0 0 0 0 0 0 0 0 0 0 0 0 0 0 3 40109 0 0 7 0 0 127 15 0 7247618 14771126 11040120 0 0 0 13528384 0 0 712 0 
0 0 0 0 0 0 0 0 0 0 0 0 0 0 0 0 0 0 0 0 0 0 0 3 0 40110 40103 0 0 127 0 0 15 33060347 0 0 0 0 0 0 13526782 712 0 0 
0 0 0 0 0 0 0 0 0 0 0 0 0 0 0 0 0 0 0 0 0 0 0 3 40109 0 0 7 0 0 127 15 0 7247618 14771126 11040120 0 0 0 13528384 0 0 712 0 
0 0 0 0 0 0 0 0 0 0 0 0 0 0 0 0 0 0 0 0 0 0 0 3 0 40110 40103 0 0 127 0 0 15 33060347 0 0 0 0 0 0 13526782 712 0 0 
0 0 0 0 0 0 0 0 0 0 0 0 0 0 0 0 0 0 0 0 0 0 0 3 40109 0 0 7 0 0 127 15 0 7247618 14771126 11040120 0 0 0 13528384 0 0 712 0 
0 0 0 0 0 0 0 0 0 0 0 0 0 0 0 0 0 0 0 0 0 0 0 3 0 40110 40103 0 0 127 0 0 15 33060347 0 0 0 0 0 0 13526782 712 0 0 
0 0 0 0 0 0 0 0 0 0 0 0 0 0 0 0 0 0 0 0 0 0 0 3 40109 0 0 7 0 0 127 15 0 7247618 14771126 11040120 0 0 0 13528384 0 0 712 0 
0 0 0 0 0 0 0 0 0 0 0 0 0 0 0 0 0 0 0 0 0 0 0 3 0 40110 40103 0 0 127 0 0 15 33060347 0 0 0 0 0 0 13526782 712 0 0 
0 0 0 0 0 0 0 0 0 0 0 0 0 0 0 0 0 0 0 0 0 0 0 3 40109 0 0 7 0 0 127 15 0 7247618 14771126 11040120 0 0 0 13528384 0 0 712 0 
0 0 0 0 0 0 0 0 0 0 0 0 0 0 0 0 0 0 0 0 0 0 0 3 0 40110 40103 0 0 127 0 0 15 33060347 0 0 0 0 0 0 13526782 712 0 0 
0 0 0 0 0 0 0 0 0 0 0 0 0 0 0 0 0 0 0 0 0 0 0 3 40109 0 0 7 0 0 127 15 0 7247618 14771126 11040120 0 0 0 13528384 0 0 712 0 
0 0 0 0 0 0 0 0 0 0 0 0 0 0 0 0 0 0 0 0 0 0 0 3 0 40110 40103 0 0 127 0 0 15 33060347 0 0 0 0 0 0 13526782 712 0 0 
0 0 0 0 0 0 0 0 0 0 0 0 0 0 0 0 0 0 0 0 0 0 0 3 40109 0 0 7 0 0 127 15 0 7247618 14771126 11040120 0 0 0 13528384 0 0 712 0 
0 0 0 0 0 0 0 0 0 0 0 0 0 0 0 0 0 0 0 0 0 0 0 3 0 40110 40103 0 0 127 0 0 15 33060347 0 0 0 0 0 0 13526782 712 0 0 
0 0 0 0 0 0 0 0 0 0 0 0 0 0 0 0 0 0 0 0 0 0 0 3 40109 0 0 7 0 0 127 15 0 7247618 14771126 11040120 0 0 0 13528384 0 0 712 0 
0 0 0 0 0 0 0 0 0 0 0 0 0 0 0 0 0 0 0 0 0 0 0 3 0 40110 40103 0 0 127 0 0 15 33060347 0 0 0 0 0 0 13526782 712 0 0 
0 0 0 0 0 0 0 0 0 0 0 0 0 0 0 0 0 0 0 0 0 0 0 3 40109 0 0 7 0 0 127 15 0 7247618 14771126 11040120 0 0 0 13528384 0 0 712 0 
0 0 0 0 0 0 0 0 0 0 0 0 0 0 0 0 0 0 0 0 0 0 0 3 0 40110 40103 0 0 127 0 0 15 33060347 0 0 0 0 0 0 13526782 712 0 0 
0 0 0 0 0 0 0 0 0 0 0 0 0 0 0 0 0 0 0 0 0 0 0 3 40109 0 0 7 0 0 127 15 0 7247618 14771126 11040120 0 0 0 13528384 0 0 712 0 
0 0 0 0 0 0 0 0 0 0 0 0 0 0 0 0 0 0 0 0 0 0 0 3 0 40110 40103 0 0 127 0 0 15 33060347 0 0 0 0 0 0 13526782 712 0 0 
0 0 0 0 0 0 0 0 0 0 0 0 0 0 0 0 0 0 0 0 0 0 0 3 40109 0 0 7 0 0 127 15 0 7247618 14771126 11040120 0 0 0 13528384 0 0 712 0 
0 0 0 0 0 0 0 0 0 0 0 0 0 0 0 0 0 0 0 0 0 0 0 3 0 40110 40103 0 0 127 0 0 15 33060347 0 0 0 0 0 0 13526782 712 0 0 
0 0 0 0 0 0 0 0 0 0 0 0 0 0 0 0 0 0 0 0 0 0 0 3 40109 0 0 7 0 0 127 15 0 7247618 14771126 11040120 0 0 0 13528384 0 0 712 0 
0 0 0 0 0 0 0 0 0 0 0 0 0 0 0 0 0 0 0 0 0 0 0 3 0 40110 40103 0 0 127 0 0 15 33060347 0 0 0 0 0 0 13526782 712 0 0 
0 0 0 0 0 0 0 0 0 0 0 0 0 0 0 0 0 0 0 0 0 0 0 3 40109 0 0 7 0 0 127 15 0 7247618 14771126 11040120 0 0 0 13528384 0 0 712 0 
0 0 0 0 0 0 0 0 0 0 0 0 0 0 0 0 0 0 0 0 0 0 0 3 0 40110 40103 0 0 127 0 0 15 33060347 0 0 0 0 0 0 13526782 712 0 0 
0 0 0 0 0 0 0 0 0 0 0 0 0 0 0 0 0 0 0 0 0 0 0 3 40109 0 0 7 0 0 127 15 0 7247618 14771126 11040120 0 0 0 13528384 0 0 712 0 
0 0 0 0 0 0 0 0 0 0 0 0 0 0 0 0 0 0 0 0 0 0 0 3 0 40110 40103 0 0 127 0 0 15 33060347 0 0 0 0 0 0 13526782 712 0 0 
0 0 0 0 0 0 0 0 0 0 0 0 0 0 0 0 0 0 0 0 0 0 0 3 40109 0 0 7 0 0 127 15 0 7247618 14771126 11040120 0 0 0 13528384 0 0 712 0 
0 0 0 0 0 0 0 0 0 0 0 0 0 0 0 0 0 0 0 0 0 0 0 3 0 40110 40103 0 0 127 0 0 15 33060347 0 0 0 0 0 0 13526782 712 0 0 
0 0 0 0 0 0 0 0 0 0 0 0 0 0 0 0 0 0 0 0 0 0 0 3 40109 0 0 7 0 0 127 15 0 7247618 14771126 11040120 0 0 0 13528384 0 0 712 0 
0 0 0 0 0 0 0 0 0 0 0 0 0 0 0 0 0 0 0 0 0 0 0 3 0 40110 40103 0 0 127 0 0 15 33060347 0 0 0 0 0 0 13526782 712 0 0 
0 0 0 0 0 0 0 0 0 0 0 0 0 0 0 0 0 0 0 0 0 0 0 3 40109 0 0 7 0 0 127 15 0 7247618 14771126 11040120 0 0 0 13528384 0 0 712 0 
0 0 0 0 0 0 0 0 0 0 0 0 0 0 0 0 0 0 0 0 0 0 0 3 0 40110 40103 0 0 127 0 0 15 33060347 0 0 0 0 0 0 13526782 712 0 0 
0 0 0 0 0 0 0 0 0 0 0 0 0 0 0 0 0 0 0 0 0 0 0 3 40109 0 0 7 0 0 127 15 0 7247618 14771126 11040120 0 0 0 13528384 0 0 712 0 
0 0 0 0 0 0 0 0 0 0 0 0 0 0 0 0 0 0 0 0 0 0 0 3 0 40110 40103 0 0 127 0 0 15 33060347 0 0 0 0 0 0 13526782 712 0 0 
0 0 0 0 0 0 0 0 0 0 0 0 0 0 0 0 0 0 0 0 0 0 0 3 40109 0 0 7 0 0 127 15 0 7247618 14771126 11040120 0 0 0 13528384 0 0 712 0 
0 0 0 0 0 0 0 0 0 0 0 0 0 0 0 0 0 0 0 0 0 0 0 3 0 40110 40103 0 0 127 0 0 15 33060347 0 0 0 0 0 0 13526782 712 0 0 
0 0 0 0 0 0 0 0 0 0 0 0 0 0 0 0 0 0 0 0 0 0 0 3 40109 0 0 7 0 0 127 15 0 7247618 14771126 11040120 0 0 0 13528384 0 0 712 0 
0 0 0 0 0 0 0 0 0 0 0 0 0 0 0 0 0 0 0 0 0 0 0 3 0 40110 40103 0 0 127 0 0 15 33060347 0 0 0 0 0 0 13526782 712 0 0 
0 0 0 0 0 0 0 0 0 0 0 0 0 0 0 0 0 0 0 0 0 0 0 3 40109 0 0 7 0 0 127 15 0 7247618 14771126 11040120 0 0 0 13528384 0 0 712 0 
0 0 0 0 0 0 0 0 0 0 0 0 0 0 0 0 0 0 0 0 0 0 0 3 0 40110 40103 0 0 127 0 0 15 33060347 0 0 0 0 0 0 13526782 712 0 0 
0 0 0 0 0 0 0 0 0 0 0 0 0 0 0 0 0 0 0 0 0 0 0 3 40109 0 0 7 0 0 127 15 0 7247618 14771126 11040120 0 0 0 13528384 0 0 712 0 
0 0 0 0 0 0 0 0 0 0 0 0 0 0 0 0 0 0 0 0 0 0 0 3 0 40110 40103 0 0 127 0 0 15 33060347 0 0 0 0 0 0 13526782 712 0 0 
0 0 0 0 0 0 0 0 0 0 0 0 0 0 0 0 0 0 0 0 0 0 0 3 40109 0 0 7 0 0 127 15 0 7247618 14771126 11040120 0 0 0 13528384 0 0 712 0 
0 0 0 0 0 0 0 0 0 0 0 0 0 0 0 0 0 0 0 0 0 0 0 3 0 40110 40103 0 0 127 0 0 15 33060347 0 0 0 0 0 0 13526782 712 0 0 
0 0 0 0 0 0 0 0 0 0 0 0 0 0 0 0 0 0 0 0 0 0 0 3 40109 0 0 7 0 0 127 15 0 7247618 14771126 11040120 0 0 0 13528384 0 0 712 0 
0 0 0 0 0 0 0 0 0 0 0 0 0 0 0 0 0 0 0 0 0 0 0 3 0 40110 40103 0 0 127 0 0 15 33060347 0 0 0 0 0 0 13526782 712 0 0 
0 0 0 0 0 0 0 0 0 0 0 0 0 0 0 0 0 0 0 0 0 0 0 3 40109 0 0 7 0 0 127 15 0 7247618 14771126 11040120 0 0 0 13528384 0 0 712 0 
0 0 0 0 0 0 0 0 0 0 0 0 0 0 0 0 0 0 0 0 0 0 0 3 0 40110 40103 0 0 127 0 0 15 33060347 0 0 0 0 0 0 13526782 712 0 0 
0 0 0 0 0 0 0 0 0 0 0 0 0 0 0 0 0 0 0 0 0 0 0 3 40109 0 0 7 0 0 127 15 0 7247618 14771126 11040120 0 0 0 13528384 0 0 712 0 
0 0 0 0 0 0 0 0 0 0 0 0 0 0 0 0 0 0 0 0 0 0 0 3 0 40110 40103 0 0 127 0 0 15 33060347 0 0 0 0 0 0 13526782 712 0 0 
0 0 0 0 0 0 0 0 0 0 0 0 0 0 0 0 0 0 0 0 0 0 0 3 40109 0 0 7 0 0 127 15 0 7247618 14771126 11040120 0 0 0 13528384 0 0 712 0 
<====
0 0 0 0 0 0 0 0 0 0 0 0 0 0 0 0 0 0 0 0 0 0 0 3 0 40110 40103 0 0 127 0 0 15 33060347 0 0 0 0 0 0 13526782 712 0 0 
0 0 0 0 0 0 0 0 0 0 0 0 0 0 0 0 0 0 0 0 0 0 0 3 40109 0 0 7 0 0 127 15 0 7247618 14771126 11040120 0 0 0 13528384 0 0 712 0 
0 0 0 0 0 0 0 0 0 0 0 0 0 0 0 0 0 0 0 0 0 0 0 3 0 40110 40103 0 0 127 0 0 15 33060347 0 0 0 0 0 0 13526782 712 0 0 
0 0 0 0 0 0 0 0 0 0 0 0 0 0 0 0 0 0 0 0 0 0 0 3 40109 0 0 7 0 0 127 15 0 7247618 14771126 11040120 0 0 0 13528384 0 0 712 0 
0 0 0 0 0 0 0 0 0 0 0 0 0 0 0 0 0 0 0 0 0 0 0 3 0 40110 40103 0 0 127 0 0 15 33060347 0 0 0 0 0 0 13526782 712 0 0 
0 0 0 0 0 0 0 0 0 0 0 0 0 0 0 0 0 0 0 0 0 0 0 3 40109 0 0 7 0 0 127 15 0 7247618 14771126 11040120 0 0 0 13528384 0 0 712 0 
0 0 0 0 0 0 0 0 0 0 0 0 0 0 0 0 0 0 0 0 0 0 0 3 0 40110 40103 0 0 127 0 0 15 33060347 0 0 0 0 0 0 13526782 712 0 0 
0 0 0 0 0 0 0 0 0 0 0 0 0 0 0 0 0 0 0 0 0 0 0 3 40109 0 0 7 0 0 127 15 0 7247618 14771126 11040120 0 0 0 13528384 0 0 712 0 
0 0 0 0 0 0 0 0 0 0 0 0 0 0 0 0 0 0 0 0 0 0 0 3 0 40110 40103 0 0 127 0 0 15 33060347 0 0 0 0 0 0 13526782 712 0 0 
0 0 0 0 0 0 0 0 0 0 0 0 0 0 0 0 0 0 0 0 0 0 0 3 40109 0 0 7 0 0 127 15 0 7247618 14771126 11040120 0 0 0 13528384 0 0 712 0 
0 0 0 0 0 0 0 0 0 0 0 0 0 0 0 0 0 0 0 0 0 0 0 3 0 40110 40103 0 0 127 0 0 15 33060347 0 0 0 0 0 0 13526782 712 0 0 
0 0 0 0 0 0 0 0 0 0 0 0 0 0 0 0 0 0 0 0 0 0 0 3 40109 0 0 7 0 0 127 15 0 7247618 14771126 11040120 0 0 0 13528384 0 0 712 0 
0 0 0 0 0 0 0 0 0 0 0 0 0 0 0 0 0 0 0 0 0 0 0 3 0 40110 40103 0 0 127 0 0 15 33060347 0 0 0 0 0 0 13526782 712 0 0 
0 0 0 0 0 0 0 0 0 0 0 0 0 0 0 0 0 0 0 0 0 0 0 3 40109 0 0 7 0 0 127 15 0 7247618 14771126 11040120 0 0 0 13528384 0 0 712 0 
0 0 0 0 0 0 0 0 0 0 0 0 0 0 0 0 0 0 0 0 0 0 0 3 0 40110 40103 0 0 127 0 0 15 33060347 0 0 0 0 0 0 13526782 712 0 0 
0 0 0 0 0 0 0 0 0 0 0 0 0 0 0 0 0 0 0 0 0 0 0 3 40109 0 0 7 0 0 127 15 0 7247618 14771126 11040120 0 0 0 13528384 0 0 712 0 
0 0 0 0 0 0 0 0 0 0 0 0 0 0 0 0 0 0 0 0 0 0 0 3 0 40110 40103 0 0 127 0 0 15 33060347 0 0 0 0 0 0 13526782 712 0 0 
0 0 0 0 0 0 0 0 0 0 0 0 0 0 0 0 0 0 0 0 0 0 0 3 40109 0 0 7 0 0 127 15 0 7247618 14771126 11040120 0 0 0 13528384 0 0 712 0 
0 0 0 0 0 0 0 0 0 0 0 0 0 0 0 0 0 0 0 0 0 0 0 3 0 40110 40103 0 0 127 0 0 15 33060347 0 0 0 0 0 0 13526782 712 0 0 
0 0 0 0 0 0 0 0 0 0 0 0 0 0 0 0 0 0 0 0 0 0 0 3 40109 0 0 7 0 0 127 15 0 7247618 14771126 11040120 0 0 0 13528384 0 0 712 0 
0 0 0 0 0 0 0 0 0 0 0 0 0 0 0 0 0 0 0 0 0 0 0 3 0 40110 40103 0 0 127 0 0 15 33060347 0 0 0 0 0 0 13526782 712 0 0 
0 0 0 0 0 0 0 0 0 0 0 0 0 0 0 0 0 0 0 0 0 0 0 3 40109 0 0 7 0 0 127 15 0 7247618 14771126 11040120 0 0 0 13528384 0 0 712 0 
0 0 0 0 0 0 0 0 0 0 0 0 0 0 0 0 0 0 0 0 0 0 0 3 0 40110 40103 0 0 127 0 0 15 33060347 0 0 0 0 0 0 13526782 712 0 0 
0 0 0 0 0 0 0 0 0 0 0 0 0 0 0 0 0 0 0 0 0 0 0 3 40109 0 0 7 0 0 127 15 0 7247618 14771126 11040120 0 0 0 13528384 0 0 712 0 
0 0 0 0 0 0 0 0 0 0 0 0 0 0 0 0 0 0 0 0 0 0 0 3 0 40110 40103 0 0 127 0 0 15 33060347 0 0 0 0 0 0 13526782 712 0 0 
0 0 0 0 0 0 0 0 0 0 0 0 0 0 0 0 0 0 0 0 0 0 0 3 40109 0 0 7 0 0 127 15 0 7247618 14771126 11040120 0 0 0 13528384 0 0 712 0 
0 0 0 0 0 0 0 0 0 0 0 0 0 0 0 0 0 0 0 0 0 0 0 3 0 40110 40103 0 0 127 0 0 15 33060347 0 0 0 0 0 0 13526782 712 0 0 
0 0 0 0 0 0 0 0 0 0 0 0 0 0 0 0 0 0 0 0 0 0 0 3 40109 0 0 7 0 0 127 15 0 7247618 14771126 11040120 0 0 0 13528384 0 0 712 0 
0 0 0 0 0 0 0 0 0 0 0 0 0 0 0 0 0 0 0 0 0 0 0 3 0 40110 40103 0 0 127 0 0 15 33060347 0 0 0 0 0 0 13526782 712 0 0 
0 0 0 0 0 0 0 0 0 0 0 0 0 0 0 0 0 0 0 0 0 0 0 3 40109 0 0 7 0 0 127 15 0 7247618 14771126 11040120 0 0 0 13528384 0 0 712 0 
0 0 0 0 0 0 0 0 0 0 0 0 0 0 0 0 0 0 0 0 0 0 0 3 0 40110 40103 0 0 127 0 0 15 33060347 0 0 0 0 0 0 13526782 712 0 0 
0 0 0 0 0 0 0 0 0 0 0 0 0 0 0 0 0 0 0 0 0 0 0 3 40109 0 0 7 0 0 127 15 0 7247618 14771126 11040120 0 0 0 13528384 0 0 712 0 
0 0 0 0 0 0 0 0 0 0 0 0 0 0 0 0 0 0 0 0 0 0 0 3 0 40110 40103 0 0 127 0 0 15 33060347 0 0 0 0 0 0 13526782 712 0 0 
0 0 0 0 0 0 0 0 0 0 0 0 0 0 0 0 0 0 0 0 0 0 0 3 40109 0 0 7 0 0 127 15 0 7247618 14771126 11040120 0 0 0 13528384 0 0 712 0 
0 0 0 0 0 0 0 0 0 0 0 0 0 0 0 0 0 0 0 0 0 0 0 3 0 40110 40103 0 0 127 0 0 15 33060347 0 0 0 0 0 0 13526782 712 0 0 
0 0 0 0 0 0 0 0 0 0 0 0 0 0 0 0 0 0 0 0 0 0 0 3 40109 0 0 7 0 0 127 15 0 7247618 14771126 11040120 0 0 0 13528384 0 0 712 0 
0 0 0 0 0 0 0 0 0 0 0 0 0 0 0 0 0 0 0 0 0 0 0 3 0 40110 40103 0 0 127 0 0 15 33060347 0 0 0 0 0 0 13526782 712 0 0 
0 0 0 0 0 0 0 0 0 0 0 0 0 0 0 0 0 0 0 0 0 0 0 3 40109 0 0 7 0 0 127 15 0 7247618 14771126 11040120 0 0 0 13528384 0 0 712 0 
0 0 0 0 0 0 0 0 0 0 0 0 0 0 0 0 0 0 0 0 0 0 0 3 0 40110 40103 0 0 127 0 0 15 33060347 0 0 0 0 0 0 13526782 712 0 0 
0 0 0 0 0 0 0 0 0 0 0 0 0 0 0 0 0 0 0 0 0 0 0 3 40109 0 0 7 0 0 127 15 0 7247618 14771126 11040120 0 0 0 13528384 0 0 712 0 
0 0 0 0 0 0 0 0 0 0 0 0 0 0 0 0 0 0 0 0 0 0 0 3 0 40110 40103 0 0 127 0 0 15 33060347 0 0 0 0 0 0 13526782 712 0 0 
0 0 0 0 0 0 0 0 0 0 0 0 0 0 0 0 0 0 0 0 0 0 0 3 40109 0 0 7 0 0 127 15 0 7247618 14771126 11040120 0 0 0 13528384 0 0 712 0 
