0 0 0 0 0 0 0 0 0 0 0 0 0 0 0 0 0 0 0 0 0 0 0 3 0 121081 121042 0 0 414 0 0 52 90271091 25247644 0 0 0 0 0 47975963 2119 0 0 
0 0 0 0 0 0 0 0 0 0 0 0 0 0 0 0 0 0 0 0 0 0 0 3 0 121081 121042 0 0 414 0 0 52 90271091 25247644 0 0 0 0 0 47975963 2119 0 0 
0 0 0 0 0 0 0 0 0 0 0 0 0 0 0 0 0 0 0 0 0 0 0 3 0 121081 121042 0 0 414 0 0 52 90271091 25247644 0 0 0 0 0 47975963 2119 0 0 
0 0 0 0 0 0 0 0 0 0 0 0 0 0 0 0 0 0 0 0 0 0 0 3 0 121081 121042 0 0 414 0 0 52 90271091 25247644 0 0 0 0 0 47975963 2119 0 0 
0 0 0 0 0 0 0 0 0 0 0 0 0 0 0 0 0 0 0 0 0 0 0 3 0 121081 121042 0 0 414 0 0 52 90271091 25247644 0 0 0 0 0 47975963 2119 0 0 
0 0 0 0 0 0 0 0 0 0 0 0 0 0 0 0 0 0 0 0 0 0 0 3 0 121081 121042 0 0 414 0 0 52 90271091 25247644 0 0 0 0 0 47975963 2119 0 0 
0 0 0 0 0 0 0 0 0 0 0 0 0 0 0 0 0 0 0 0 0 0 0 3 0 121089 121058 0 0 435 0 0 52 90501741 25247660 0 0 0 0 0 47982932 2119 0 0 
0 0 0 0 0 0 0 0 0 0 0 0 0 0 0 0 0 0 0 0 0 0 0 3 0 121105 121074 0 0 435 0 0 52 90521004 25247683 0 0 0 0 0 47993932 2119 0 0 
0 0 0 0 0 0 0 0 0 0 0 0 0 0 0 0 0 0 0 0 0 0 0 3 0 121121 121090 0 0 435 0 0 52 90567555 25291472 0 0 0 0 0 48010420 2119 0 0 
0 0 0 0 0 0 0 0 0 0 0 0 0 0 0 0 0 0 0 0 0 0 0 3 0 121124 121090 0 0 435 0 0 52 90690584 25360904 0 0 0 0 0 48031373 2119 0 0 
0 0 0 0 0 0 0 0 0 0 0 0 0 0 0 0 0 0 0 0 0 0 0 3 0 121145 121114 0 0 435 0 0 52 90769419 25365462 0 0 0 0 0 48097050 2119 0 0 
0 0 0 0 0 0 0 0 0 0 0 0 0 0 0 0 0 0 0 0 0 0 0 3 0 121156 121122 0 0 435 0 0 52 90795157 25365486 0 0 0 0 0 48112820 2119 0 0 
0 0 0 0 0 0 0 0 0 0 0 0 0 0 0 0 0 0 0 0 0 0 0 3 0 121161 121130 0 0 435 0 0 52 90874171 25417504 0 0 0 0 0 48132863 2119 0 0 
0 0 0 0 0 0 0 0 0 0 0 0 0 0 0 0 0 0 0 0 0 0 0 3 0 121169 121138 0 0 435 0 0 52 90999940 25467614 0 0 0 0 0 48236898 2119 0 0 
0 0 0 0 0 0 0 0 0 0 0 0 0 0 0 0 0 0 0 0 0 0 0 3 0 121177 121146 0 0 435 0 0 52 91157241 25518918 0 0 0 0 0 48322044 2119 0 0 
0 0 0 0 0 0 0 0 0 0 0 0 0 0 0 0 0 0 0 0 0 0 0 3 0 121185 121154 0 0 435 0 0 52 91279816 25554435 0 0 0 0 0 48376807 2119 0 0 
0 0 0 0 0 0 0 0 0 0 0 0 0 0 0 0 0 0 0 0 0 0 0 3 0 121185 121154 0 0 435 0 0 52 91385394 25590254 0 0 0 0 0 48439824 2119 0 0 
0 0 0 0 0 0 0 0 0 0 0 0 0 0 0 0 0 0 0 0 0 0 0 3 0 121201 121170 0 0 435 0 0 52 91448145 25601899 0 0 0 0 0 48462284 2119 0 0 
0 0 0 0 0 0 0 0 0 0 0 0 0 0 0 0 0 0 0 0 0 0 0 3 0 121209 121178 0 0 435 0 0 52 91538617 25641860 0 0 0 0 0 48529013 2119 0 0 
0 0 0 0 0 0 0 0 0 0 0 0 0 0 0 0 0 0 0 0 0 0 0 3 0 121217 121186 0 0 435 0 0 52 91659963 25686110 0 0 0 0 0 48591353 2119 0 0 
0 0 0 0 0 0 0 0 0 0 0 0 0 0 0 0 0 0 0 0 0 0 0 3 0 121220 121186 0 0 435 0 0 52 91783277 25718321 0 0 0 0 0 48645657 2119 0 0 
0 0 0 0 0 0 0 0 0 0 0 0 0 0 0 0 0 0 0 0 0 0 0 3 0 121241 121210 0 0 435 0 0 52 91807917 25720508 0 0 0 0 0 48658455 2119 0 0 
0 0 0 0 0 0 0 0 0 0 0 0 0 0 0 0 0 0 0 0 0 0 0 3 0 121241 121210 0 0 435 0 0 52 91912647 25763642 0 0 0 0 0 48731342 2119 0 0 
0 0 0 0 0 0 0 0 0 0 0 0 0 0 0 0 0 0 0 0 0 0 0 3 0 121249 121218 0 0 435 0 0 52 92030036 25811096 0 0 0 0 0 48797324 2119 0 0 
0 0 0 0 0 0 0 0 0 0 0 0 0 0 0 0 0 0 0 0 0 0 0 3 0 121257 121226 0 0 435 0 0 52 92147433 25837666 0 0 0 0 0 48842340 2119 0 0 
0 0 0 0 0 0 0 0 0 0 0 0 0 0 0 0 0 0 0 0 0 0 0 3 0 121273 121242 0 0 435 0 0 52 92185864 25851289 0 0 0 0 0 48872265 2119 0 0 
0 0 0 0 0 0 0 0 0 0 0 0 0 0 0 0 0 0 0 0 0 0 0 3 0 121273 121242 0 0 435 0 0 52 92287099 25884886 0 0 0 0 0 48932261 2119 0 0 
0 0 0 0 0 0 0 0 0 0 0 0 0 0 0 0 0 0 0 0 0 0 0 3 0 121281 121250 0 0 435 0 0 52 92404436 25932972 0 0 0 0 0 48999931 2119 0 0 
0 0 0 0 0 0 0 0 0 0 0 0 0 0 0 0 0 0 0 0 0 0 0 3 0 121289 121258 0 0 435 0 0 52 92510157 25955737 0 0 0 0 0 49039596 2119 0 0 
0 0 0 0 0 0 0 0 0 0 0 0 0 0 0 0 0 0 0 0 0 0 0 3 0 121305 121274 0 0 435 0 0 52 92563317 25984606 0 0 0 0 0 49084827 2119 0 0 
0 0 0 0 0 0 0 0 0 0 0 0 0 0 0 0 0 0 0 0 0 0 0 3 0 121313 121282 0 0 435 0 0 52 92689730 26017885 0 0 0 0 0 49136822 2119 0 0 
0 0 0 0 0 0 0 0 0 0 0 0 0 0 0 0 0 0 0 0 0 0 0 3 0 121313 121282 0 0 435 0 0 52 92787506 26058282 0 0 0 0 0 49205784 2119 0 0 
0 0 0 0 0 0 0 0 0 0 0 0 0 0 0 0 0 0 0 0 0 0 0 3 0 121329 121298 0 0 435 0 0 52 92863823 26074162 0 0 0 0 0 49230128 2119 0 0 
0 0 0 0 0 0 0 0 0 0 0 0 0 0 0 0 0 0 0 0 0 0 0 3 0 121337 121306 0 0 435 0 0 52 92948835 26113336 0 0 0 0 0 49293772 2119 0 0 
0 0 0 0 0 0 0 0 0 0 0 0 0 0 0 0 0 0 0 0 0 0 0 3 0 121345 121314 0 0 435 0 0 52 93072287 26159854 0 0 0 0 0 49358190 2119 0 0 
0 0 0 0 0 0 0 0 0 0 0 0 0 0 0 0 0 0 0 0 0 0 0 3 0 121353 121322 0 0 435 0 0 52 93195639 26191866 0 0 0 0 0 49409278 2119 0 0 
0 0 0 0 0 0 0 0 0 0 0 0 0 0 0 0 0 0 0 0 0 0 0 3 0 121369 121338 0 0 435 0 0 52 93233534 26201943 0 0 0 0 0 49437147 2119 0 0 
0 0 0 0 0 0 0 0 0 0 0 0 0 0 0 0 0 0 0 0 0 0 0 3 0 121369 121338 0 0 435 0 0 52 93339478 26239498 0 0 0 0 0 49502783 2119 0 0 
0 0 0 0 0 0 0 0 0 0 0 0 0 0 0 0 0 0 0 0 0 0 0 3 0 121377 121346 0 0 435 0 0 52 93458148 26287770 0 0 0 0 0 49571299 2119 0 0 
0 0 0 0 0 0 0 0 0 0 0 0 0 0 0 0 0 0 0 0 0 0 0 3 0 121385 121354 0 0 435 0 0 52 93563442 26309915 0 0 0 0 0 49611357 2119 0 0 
0 0 0 0 0 0 0 0 0 0 0 0 0 0 0 0 0 0 0 0 0 0 0 3 0 121401 121370 0 0 435 0 0 52 93602033 26324267 0 0 0 0 0 49640873 2119 0 0 
0 0 0 0 0 0 0 0 0 0 0 0 0 0 0 0 0 0 0 0 0 0 0 3 0 121401 121370 0 0 435 0 0 52 93715600 26361561 0 0 0 0 0 49703933 2119 0 0 
0 0 0 0 0 0 0 0 0 0 0 0 0 0 0 0 0 0 0 0 0 0 0 3 0 121409 121378 0 0 435 0 0 52 93826733 26407943 0 0 0 0 0 49772991 2119 0 0 
0 0 0 0 0 0 0 0 0 0 0 0 0 0 0 0 0 0 0 0 0 0 0 3 0 121417 121386 0 0 435 0 0 52 93925310 26427985 0 0 0 0 0 49809998 2119 0 0 
0 0 0 0 0 0 0 0 0 0 0 0 0 0 0 0 0 0 0 0 0 0 0 3 0 121433 121402 0 0 435 0 0 52 93968768 26446377 0 0 0 0 0 49845602 2119 0 0 
0 0 0 0 0 0 0 0 0 0 0 0 0 0 0 0 0 0 0 0 0 0 0 3 0 121433 121402 0 0 435 0 0 52 94082625 26480286 0 0 0 0 0 49904909 2119 0 0 
0 0 0 0 0 0 0 0 0 0 0 0 0 0 0 0 0 0 0 0 0 0 0 3 0 121441 121410 0 0 435 0 0 52 94190222 26525425 0 0 0 0 0 49972802 2119 0 0 
0 0 0 0 0 0 0 0 0 0 0 0 0 0 0 0 0 0 0 0 0 0 0 3 0 121449 121418 0 0 435 0 0 52 94290523 26546056 0 0 0 0 0 50010377 2119 0 0 
0 0 0 0 0 0 0 0 0 0 0 0 0 0 0 0 0 0 0 0 0 0 0 3 0 121465 121434 0 0 435 0 0 52 94353350 26579555 0 0 0 0 0 50063401 2119 0 0 
0 0 0 0 0 0 0 0 0 0 0 0 0 0 0 0 0 0 0 0 0 0 0 3 0 121473 121442 0 0 435 0 0 52 94479592 26614211 0 0 0 0 0 50117060 2119 0 0 
0 0 0 0 0 0 0 0 0 0 0 0 0 0 0 0 0 0 0 0 0 0 0 3 0 121473 121442 0 0 435 0 0 52 94581819 26651337 0 0 0 0 0 50182137 2119 0 0 
0 0 0 0 0 0 0 0 0 0 0 0 0 0 0 0 0 0 0 0 0 0 0 3 0 121486 121450 0 0 435 0 0 52 94652283 26664130 0 0 0 0 0 50208133 2119 0 0 
0 0 0 0 0 0 0 0 0 0 0 0 0 0 0 0 0 0 0 0 0 0 0 3 0 121497 121466 0 0 435 0 0 52 94729939 26701328 0 0 0 0 0 50268294 2119 0 0 
0 0 0 0 0 0 0 0 0 0 0 0 0 0 0 0 0 0 0 0 0 0 0 3 0 121505 121474 0 0 435 0 0 52 94850217 26738618 0 0 0 0 0 50324217 2119 0 0 
0 0 0 0 0 0 0 0 0 0 0 0 0 0 0 0 0 0 0 0 0 0 0 3 0 121505 121474 0 0 435 0 0 52 94967632 26776271 0 0 0 0 0 50385555 2119 0 0 
0 0 0 0 0 0 0 0 0 0 0 0 0 0 0 0 0 0 0 0 0 0 0 3 0 121529 121498 0 0 435 0 0 52 95012008 26784436 0 0 0 0 0 50404098 2119 0 0 
0 0 0 0 0 0 0 0 0 0 0 0 0 0 0 0 0 0 0 0 0 0 0 3 0 121529 121498 0 0 435 0 0 52 95112242 26825774 0 0 0 0 0 50474615 2119 0 0 
0 0 0 0 0 0 0 0 0 0 0 0 0 0 0 0 0 0 0 0 0 0 0 3 0 121537 121506 0 0 435 0 0 52 95236314 26875830 0 0 0 0 0 50542895 2119 0 0 
0 0 0 0 0 0 0 0 0 0 0 0 0 0 0 0 0 0 0 0 0 0 0 3 0 121545 121514 0 0 435 0 0 52 95347488 26900244 0 0 0 0 0 50585255 2119 0 0 
0 0 0 0 0 0 0 0 0 0 0 0 0 0 0 0 0 0 0 0 0 0 0 3 0 121561 121530 0 0 435 0 0 52 95387845 26916267 0 0 0 0 0 50617800 2119 0 0 
0 0 0 0 0 0 0 0 0 0 0 0 0 0 0 0 0 0 0 0 0 0 0 3 0 121561 121530 0 0 435 0 0 52 95506425 26954169 0 0 0 0 0 50678376 2119 0 0 
0 0 0 0 0 0 0 0 0 0 0 0 0 0 0 0 0 0 0 0 0 0 0 3 0 121569 121538 0 0 435 0 0 52 95609807 26998456 0 0 0 0 0 50745889 2119 0 0 
0 0 0 0 0 0 0 0 0 0 0 0 0 0 0 0 0 0 0 0 0 0 0 3 0 121577 121546 0 0 435 0 0 52 95706442 27018299 0 0 0 0 0 50780266 2119 0 0 
0 0 0 0 0 0 0 0 0 0 0 0 0 0 0 0 0 0 0 0 0 0 0 3 0 121593 121562 0 0 435 0 0 52 95774169 27054000 0 0 0 0 0 50834693 2119 0 0 
0 0 0 0 0 0 0 0 0 0 0 0 0 0 0 0 0 0 0 0 0 0 0 3 0 121601 121570 0 0 435 0 0 52 95900887 27093701 0 0 0 0 0 50893811 2119 0 0 
0 0 0 0 0 0 0 0 0 0 0 0 0 0 0 0 0 0 0 0 0 0 0 3 0 121601 121570 0 0 435 0 0 52 96017911 27129345 0 0 0 0 0 50956072 2119 0 0 
0 0 0 0 0 0 0 0 0 0 0 0 0 0 0 0 0 0 0 0 0 0 0 3 0 121617 121586 0 0 435 0 0 52 96065237 27136727 0 0 0 0 0 50975138 2119 0 0 
0 0 0 0 0 0 0 0 0 0 0 0 0 0 0 0 0 0 0 0 0 0 0 3 0 121625 121594 0 0 435 0 0 52 96162227 27178700 0 0 0 0 0 51044678 2119 0 0 
0 0 0 0 0 0 0 0 0 0 0 0 0 0 0 0 0 0 0 0 0 0 0 3 0 121633 121602 0 0 435 0 0 52 96283721 27227072 0 0 0 0 0 51111229 2119 0 0 
0 0 0 0 0 0 0 0 0 0 0 0 0 0 0 0 0 0 0 0 0 0 0 3 0 121641 121610 0 0 435 0 0 52 96403377 27254420 0 0 0 0 0 51158244 2119 0 0 
0 0 0 0 0 0 0 0 0 0 0 0 0 0 0 0 0 0 0 0 0 0 0 3 0 121657 121626 0 0 435 0 0 52 96440042 27267029 0 0 0 0 0 51185340 2119 0 0 
0 0 0 0 0 0 0 0 0 0 0 0 0 0 0 0 0 0 0 0 0 0 0 3 0 121657 121626 0 0 435 0 0 52 96548194 27303873 0 0 0 0 0 51247981 2119 0 0 
0 0 0 0 0 0 0 0 0 0 0 0 0 0 0 0 0 0 0 0 0 0 0 3 0 121665 121634 0 0 435 0 0 52 96661142 27350579 0 0 0 0 0 51316133 2119 0 0 
0 0 0 0 0 0 0 0 0 0 0 0 0 0 0 0 0 0 0 0 0 0 0 3 0 121673 121642 0 0 435 0 0 52 96766161 27372484 0 0 0 0 0 51356935 2119 0 0 
0 0 0 0 0 0 0 0 0 0 0 0 0 0 0 0 0 0 0 0 0 0 0 3 0 121689 121658 0 0 435 0 0 52 96815042 27395006 0 0 0 0 0 51397276 2119 0 0 
0 0 0 0 0 0 0 0 0 0 0 0 0 0 0 0 0 0 0 0 0 0 0 3 0 121689 121658 0 0 435 0 0 52 96927329 27425984 0 0 0 0 0 51450973 2119 0 0 
0 0 0 0 0 0 0 0 0 0 0 0 0 0 0 0 0 0 0 0 0 0 0 3 0 121697 121666 0 0 435 0 0 52 97033537 27470536 0 0 0 0 0 51518928 2119 0 0 
0 0 0 0 0 0 0 0 0 0 0 0 0 0 0 0 0 0 0 0 0 0 0 3 0 121705 121674 0 0 435 0 0 52 97131605 27490550 0 0 0 0 0 51555795 2119 0 0 
0 0 0 0 0 0 0 0 0 0 0 0 0 0 0 0 0 0 0 0 0 0 0 3 0 121721 121690 0 0 435 0 0 52 97191185 27523658 0 0 0 0 0 51607844 2119 0 0 
0 0 0 0 0 0 0 0 0 0 0 0 0 0 0 0 0 0 0 0 0 0 0 3 0 121729 121698 0 0 435 0 0 52 97315153 27556272 0 0 0 0 0 51659661 2119 0 0 
0 0 0 0 0 0 0 0 0 0 0 0 0 0 0 0 0 0 0 0 0 0 0 3 0 121729 121698 0 0 435 0 0 52 97418601 27594907 0 0 0 0 0 51727279 2119 0 0 
0 0 0 0 0 0 0 0 0 0 0 0 0 0 0 0 0 0 0 0 0 0 0 3 0 121745 121714 0 0 435 0 0 52 97489005 27608963 0 0 0 0 0 51751087 2119 0 0 
0 0 0 0 0 0 0 0 0 0 0 0 0 0 0 0 0 0 0 0 0 0 0 3 0 121753 121722 0 0 435 0 0 52 97576247 27648000 0 0 0 0 0 51815767 2119 0 0 
0 0 0 0 0 0 0 0 0 0 0 0 0 0 0 0 0 0 0 0 0 0 0 3 0 121761 121730 0 0 435 0 0 52 97700844 27691406 0 0 0 0 0 51878932 2119 0 0 
0 0 0 0 0 0 0 0 0 0 0 0 0 0 0 0 0 0 0 0 0 0 0 3 0 121761 121730 0 0 435 0 0 52 97819273 27723751 0 0 0 0 0 51932520 2119 0 0 
0 0 0 0 0 0 0 0 0 0 0 0 0 0 0 0 0 0 0 0 0 0 0 3 0 121785 121754 0 0 435 0 0 52 97858233 27733935 0 0 0 0 0 51953386 2119 0 0 
0 0 0 0 0 0 0 0 0 0 0 0 0 0 0 0 0 0 0 0 0 0 0 3 0 121785 121754 0 0 435 0 0 52 97959119 27772212 0 0 0 0 0 52019628 2119 0 0 
0 0 0 0 0 0 0 0 0 0 0 0 0 0 0 0 0 0 0 0 0 0 0 3 0 121793 121762 0 0 435 0 0 52 98082205 27821722 0 0 0 0 0 52088551 2119 0 0 
0 0 0 0 0 0 0 0 0 0 0 0 0 0 0 0 0 0 0 0 0 0 0 3 0 121801 121770 0 0 435 0 0 52 98190928 27844722 0 0 0 0 0 52130487 2119 0 0 
0 0 0 0 0 0 0 0 0 0 0 0 0 0 0 0 0 0 0 0 0 0 0 3 0 121809 121770 0 0 435 0 0 52 98198891 27845082 0 0 0 0 0 52135405 2119 0 0 
0 0 0 0 0 0 0 0 0 0 0 0 0 0 0 0 0 0 0 0 0 0 0 3 0 121809 121770 0 0 435 0 0 52 98198891 27845082 0 0 0 0 0 52135405 2119 0 0 
0 0 0 0 0 0 0 0 0 0 0 0 0 0 0 0 0 0 0 0 0 0 0 3 0 121809 121770 0 0 435 0 0 52 98198891 27845082 0 0 0 0 0 52135405 2119 0 0 
0 0 0 0 0 0 0 0 0 0 0 0 0 0 0 0 0 0 0 0 0 0 0 3 0 121809 121770 0 0 435 0 0 52 98198891 27845082 0 0 0 0 0 52135405 2119 0 0 
0 0 0 0 0 0 0 0 0 0 0 0 0 0 0 0 0 0 0 0 0 0 0 3 0 121809 121770 0 0 435 0 0 52 98198891 27845082 0 0 0 0 0 52135405 2119 0 0 
0 0 0 0 0 0 0 0 0 0 0 0 0 0 0 0 0 0 0 0 0 0 0 3 0 121809 121770 0 0 435 0 0 52 98198891 27845082 0 0 0 0 0 52135405 2119 0 0 
