0 0 0 0 0 0 0 0 0 0 0 0 0 0 0 0 0 0 0 0 0 0 0 3 121809 0 0 22 0 0 427 52 0 125785068 0 0 0 0 0 52106082 0 0 2094 0 
0 0 0 0 0 0 0 0 0 0 0 0 0 0 0 0 0 0 0 0 0 0 0 3 121809 0 0 22 0 0 427 52 0 125785068 0 0 0 0 0 52106082 0 0 2094 0 
0 0 0 0 0 0 0 0 0 0 0 0 0 0 0 0 0 0 0 0 0 0 0 3 121809 0 0 22 0 0 427 52 0 125785068 0 0 0 0 0 52106082 0 0 2094 0 
0 0 0 0 0 0 0 0 0 0 0 0 0 0 0 0 0 0 0 0 0 0 0 3 121809 0 0 22 0 0 427 52 0 125785068 0 0 0 0 0 52106082 0 0 2094 0 
0 0 0 0 0 0 0 0 0 0 0 0 0 0 0 0 0 0 0 0 0 0 0 3 121809 0 0 22 0 0 427 52 0 125785068 0 0 0 0 0 52106082 0 0 2094 0 
0 0 0 0 0 0 0 0 0 0 0 0 0 0 0 0 0 0 0 0 0 0 0 3 121809 0 0 22 0 0 427 52 0 125785068 0 0 0 0 0 52106082 0 0 2094 0 
0 0 0 0 0 0 0 0 0 0 0 0 0 0 0 0 0 0 0 0 0 0 0 3 121821 0 0 22 0 0 456 52 0 125867345 0 0 0 0 0 52110883 0 0 2094 0 
0 0 0 0 0 0 0 0 0 0 0 0 0 0 0 0 0 0 0 0 0 0 0 3 121857 0 0 22 0 0 459 52 0 126055487 0 0 0 0 0 52119203 0 0 2094 0 
0 0 0 0 0 0 0 0 0 0 0 0 0 0 0 0 0 0 0 0 0 0 0 3 121881 0 0 22 0 0 459 52 0 126146871 0 0 0 0 0 52139895 0 0 2094 0 
0 0 0 0 0 0 0 0 0 0 0 0 0 0 0 0 0 0 0 0 0 0 0 3 121881 0 0 22 0 0 459 52 0 126404967 0 0 0 0 0 52165366 0 0 2094 0 
0 0 0 0 0 0 0 0 0 0 0 0 0 0 0 0 0 0 0 0 0 0 0 3 121917 0 0 22 0 0 459 52 0 126525545 0 0 0 0 0 52248292 0 0 2094 0 
0 0 0 0 0 0 0 0 0 0 0 0 0 0 0 0 0 0 0 0 0 0 0 3 121941 0 0 22 0 0 459 52 0 126610476 0 0 0 0 0 52267409 0 0 2094 0 
0 0 0 0 0 0 0 0 0 0 0 0 0 0 0 0 0 0 0 0 0 0 0 3 121953 0 0 22 0 0 459 52 0 126816311 0 0 0 0 0 52337832 0 0 2094 0 
0 0 0 0 0 0 0 0 0 0 0 0 0 0 0 0 0 0 0 0 0 0 0 3 121965 0 0 22 0 0 459 52 0 127098718 0 0 0 0 0 52464562 0 0 2094 0 
0 0 0 0 0 0 0 0 0 0 0 0 0 0 0 0 0 0 0 0 0 0 0 3 121965 0 0 22 0 0 459 52 0 127284709 0 0 0 0 0 52542655 0 0 2094 0 
0 0 0 0 0 0 0 0 0 0 0 0 0 0 0 0 0 0 0 0 0 0 0 3 121977 0 0 22 0 0 459 52 0 127499924 0 0 0 0 0 52628453 0 0 2094 0 
0 0 0 0 0 0 0 0 0 0 0 0 0 0 0 0 0 0 0 0 0 0 0 3 121989 0 0 22 0 0 459 52 0 127653095 0 0 0 0 0 52678369 0 0 2094 0 
0 0 0 0 0 0 0 0 0 0 0 0 0 0 0 0 0 0 0 0 0 0 0 3 122013 0 0 22 0 0 459 52 0 127781188 0 0 0 0 0 52740044 0 0 2094 0 
0 0 0 0 0 0 0 0 0 0 0 0 0 0 0 0 0 0 0 0 0 0 0 3 122025 0 0 22 0 0 459 52 0 128004039 0 0 0 0 0 52821858 0 0 2094 0 
0 0 0 0 0 0 0 0 0 0 0 0 0 0 0 0 0 0 0 0 0 0 0 3 122037 0 0 22 0 0 459 52 0 128218559 0 0 0 0 0 52895855 0 0 2094 0 
0 0 0 0 0 0 0 0 0 0 0 0 0 0 0 0 0 0 0 0 0 0 0 3 122061 0 0 22 0 0 459 52 0 128298419 0 0 0 0 0 52937213 0 0 2094 0 
0 0 0 0 0 0 0 0 0 0 0 0 0 0 0 0 0 0 0 0 0 0 0 3 122061 0 0 22 0 0 459 52 0 128502643 0 0 0 0 0 53011586 0 0 2094 0 
0 0 0 0 0 0 0 0 0 0 0 0 0 0 0 0 0 0 0 0 0 0 0 3 122073 0 0 22 0 0 459 52 0 128684289 0 0 0 0 0 53091211 0 0 2094 0 
0 0 0 0 0 0 0 0 0 0 0 0 0 0 0 0 0 0 0 0 0 0 0 3 122085 0 0 22 0 0 459 52 0 128823659 0 0 0 0 0 53134167 0 0 2094 0 
0 0 0 0 0 0 0 0 0 0 0 0 0 0 0 0 0 0 0 0 0 0 0 3 122109 0 0 22 0 0 459 52 0 128980935 0 0 0 0 0 53206687 0 0 2094 0 
0 0 0 0 0 0 0 0 0 0 0 0 0 0 0 0 0 0 0 0 0 0 0 3 122121 0 0 22 0 0 459 52 0 129200741 0 0 0 0 0 53291112 0 0 2094 0 
0 0 0 0 0 0 0 0 0 0 0 0 0 0 0 0 0 0 0 0 0 0 0 3 122133 0 0 22 0 0 459 52 0 129396714 0 0 0 0 0 53355789 0 0 2094 0 
0 0 0 0 0 0 0 0 0 0 0 0 0 0 0 0 0 0 0 0 0 0 0 3 122157 0 0 22 0 0 459 52 0 129488245 0 0 0 0 0 53402757 0 0 2094 0 
0 0 0 0 0 0 0 0 0 0 0 0 0 0 0 0 0 0 0 0 0 0 0 3 122157 0 0 22 0 0 459 52 0 129692822 0 0 0 0 0 53473991 0 0 2094 0 
0 0 0 0 0 0 0 0 0 0 0 0 0 0 0 0 0 0 0 0 0 0 0 3 122169 0 0 22 0 0 459 52 0 129869195 0 0 0 0 0 53553518 0 0 2094 0 
0 0 0 0 0 0 0 0 0 0 0 0 0 0 0 0 0 0 0 0 0 0 0 3 122181 0 0 22 0 0 459 52 0 129998854 0 0 0 0 0 53593430 0 0 2094 0 
0 0 0 0 0 0 0 0 0 0 0 0 0 0 0 0 0 0 0 0 0 0 0 3 122205 0 0 22 0 0 459 52 0 130144505 0 0 0 0 0 53661504 0 0 2094 0 
0 0 0 0 0 0 0 0 0 0 0 0 0 0 0 0 0 0 0 0 0 0 0 3 122217 0 0 22 0 0 459 52 0 130369874 0 0 0 0 0 53746270 0 0 2094 0 
0 0 0 0 0 0 0 0 0 0 0 0 0 0 0 0 0 0 0 0 0 0 0 3 122229 0 0 22 0 0 459 52 0 130571128 0 0 0 0 0 53814132 0 0 2094 0 
0 0 0 0 0 0 0 0 0 0 0 0 0 0 0 0 0 0 0 0 0 0 0 3 122253 0 0 22 0 0 459 52 0 130656102 0 0 0 0 0 53858156 0 0 2094 0 
0 0 0 0 0 0 0 0 0 0 0 0 0 0 0 0 0 0 0 0 0 0 0 3 122253 0 0 22 0 0 459 52 0 130873306 0 0 0 0 0 53933097 0 0 2094 0 
0 0 0 0 0 0 0 0 0 0 0 0 0 0 0 0 0 0 0 0 0 0 0 3 122265 0 0 22 0 0 459 52 0 131046170 0 0 0 0 0 54012632 0 0 2094 0 
0 0 0 0 0 0 0 0 0 0 0 0 0 0 0 0 0 0 0 0 0 0 0 3 122277 0 0 22 0 0 459 52 0 131174462 0 0 0 0 0 54052363 0 0 2094 0 
0 0 0 0 0 0 0 0 0 0 0 0 0 0 0 0 0 0 0 0 0 0 0 3 122301 0 0 22 0 0 459 52 0 131318666 0 0 0 0 0 54120359 0 0 2094 0 
0 0 0 0 0 0 0 0 0 0 0 0 0 0 0 0 0 0 0 0 0 0 0 3 122313 0 0 22 0 0 459 52 0 131542150 0 0 0 0 0 54204549 0 0 2094 0 
0 0 0 0 0 0 0 0 0 0 0 0 0 0 0 0 0 0 0 0 0 0 0 3 122325 0 0 22 0 0 459 52 0 131743469 0 0 0 0 0 54272168 0 0 2094 0 
0 0 0 0 0 0 0 0 0 0 0 0 0 0 0 0 0 0 0 0 0 0 0 3 122349 0 0 22 0 0 459 52 0 131819036 0 0 0 0 0 54311405 0 0 2094 0 
0 0 0 0 0 0 0 0 0 0 0 0 0 0 0 0 0 0 0 0 0 0 0 3 122349 0 0 22 0 0 459 52 0 132030429 0 0 0 0 0 54388323 0 0 2094 0 
0 0 0 0 0 0 0 0 0 0 0 0 0 0 0 0 0 0 0 0 0 0 0 3 122361 0 0 22 0 0 459 52 0 132205788 0 0 0 0 0 54466283 0 0 2094 0 
0 0 0 0 0 0 0 0 0 0 0 0 0 0 0 0 0 0 0 0 0 0 0 3 122373 0 0 22 0 0 459 52 0 132350545 0 0 0 0 0 54512141 0 0 2094 0 
0 0 0 0 0 0 0 0 0 0 0 0 0 0 0 0 0 0 0 0 0 0 0 3 122397 0 0 22 0 0 459 52 0 132496487 0 0 0 0 0 54580292 0 0 2094 0 
0 0 0 0 0 0 0 0 0 0 0 0 0 0 0 0 0 0 0 0 0 0 0 3 122409 0 0 22 0 0 459 52 0 132712112 0 0 0 0 0 54660395 0 0 2094 0 
0 0 0 0 0 0 0 0 0 0 0 0 0 0 0 0 0 0 0 0 0 0 0 3 122421 0 0 22 0 0 459 52 0 132918670 0 0 0 0 0 54731123 0 0 2094 0 
0 0 0 0 0 0 0 0 0 0 0 0 0 0 0 0 0 0 0 0 0 0 0 3 122445 0 0 22 0 0 459 52 0 132997677 0 0 0 0 0 54771668 0 0 2094 0 
0 0 0 0 0 0 0 0 0 0 0 0 0 0 0 0 0 0 0 0 0 0 0 3 122445 0 0 22 0 0 459 52 0 133210886 0 0 0 0 0 54848798 0 0 2094 0 
0 0 0 0 0 0 0 0 0 0 0 0 0 0 0 0 0 0 0 0 0 0 0 3 122457 0 0 22 0 0 459 52 0 133388151 0 0 0 0 0 54928024 0 0 2094 0 
0 0 0 0 0 0 0 0 0 0 0 0 0 0 0 0 0 0 0 0 0 0 0 3 122469 0 0 22 0 0 459 52 0 133529755 0 0 0 0 0 54973745 0 0 2094 0 
0 0 0 0 0 0 0 0 0 0 0 0 0 0 0 0 0 0 0 0 0 0 0 3 122493 0 0 22 0 0 459 52 0 133673705 0 0 0 0 0 55041347 0 0 2094 0 
0 0 0 0 0 0 0 0 0 0 0 0 0 0 0 0 0 0 0 0 0 0 0 3 122505 0 0 22 0 0 459 52 0 133891541 0 0 0 0 0 55121907 0 0 2094 0 
0 0 0 0 0 0 0 0 0 0 0 0 0 0 0 0 0 0 0 0 0 0 0 3 122517 0 0 22 0 0 459 52 0 134097117 0 0 0 0 0 55191519 0 0 2094 0 
0 0 0 0 0 0 0 0 0 0 0 0 0 0 0 0 0 0 0 0 0 0 0 3 122541 0 0 22 0 0 459 52 0 134179852 0 0 0 0 0 55234787 0 0 2094 0 
0 0 0 0 0 0 0 0 0 0 0 0 0 0 0 0 0 0 0 0 0 0 0 3 122541 0 0 22 0 0 459 52 0 134398724 0 0 0 0 0 55310619 0 0 2094 0 
0 0 0 0 0 0 0 0 0 0 0 0 0 0 0 0 0 0 0 0 0 0 0 3 122553 0 0 22 0 0 459 52 0 134574431 0 0 0 0 0 55391155 0 0 2094 0 
0 0 0 0 0 0 0 0 0 0 0 0 0 0 0 0 0 0 0 0 0 0 0 3 122577 0 0 22 0 0 459 52 0 134697732 0 0 0 0 0 55428806 0 0 2094 0 
0 0 0 0 0 0 0 0 0 0 0 0 0 0 0 0 0 0 0 0 0 0 0 3 122589 0 0 22 0 0 459 52 0 134858188 0 0 0 0 0 55503835 0 0 2094 0 
0 0 0 0 0 0 0 0 0 0 0 0 0 0 0 0 0 0 0 0 0 0 0 3 122601 0 0 22 0 0 459 52 0 135082772 0 0 0 0 0 55588850 0 0 2094 0 
0 0 0 0 0 0 0 0 0 0 0 0 0 0 0 0 0 0 0 0 0 0 0 3 122613 0 0 22 0 0 459 52 0 135272588 0 0 0 0 0 55651790 0 0 2094 0 
0 0 0 0 0 0 0 0 0 0 0 0 0 0 0 0 0 0 0 0 0 0 0 3 122637 0 0 22 0 0 459 52 0 135353110 0 0 0 0 0 55693371 0 0 2094 0 
0 0 0 0 0 0 0 0 0 0 0 0 0 0 0 0 0 0 0 0 0 0 0 3 122637 0 0 22 0 0 459 52 0 135569903 0 0 0 0 0 55769345 0 0 2094 0 
0 0 0 0 0 0 0 0 0 0 0 0 0 0 0 0 0 0 0 0 0 0 0 3 122649 0 0 22 0 0 459 52 0 135747466 0 0 0 0 0 55850278 0 0 2094 0 
0 0 0 0 0 0 0 0 0 0 0 0 0 0 0 0 0 0 0 0 0 0 0 3 122673 0 0 22 0 0 459 52 0 135873631 0 0 0 0 0 55889712 0 0 2094 0 
0 0 0 0 0 0 0 0 0 0 0 0 0 0 0 0 0 0 0 0 0 0 0 3 122685 0 0 22 0 0 459 52 0 136050680 0 0 0 0 0 55970662 0 0 2094 0 
0 0 0 0 0 0 0 0 0 0 0 0 0 0 0 0 0 0 0 0 0 0 0 3 122697 0 0 22 0 0 459 52 0 136278255 0 0 0 0 0 56057382 0 0 2094 0 
0 0 0 0 0 0 0 0 0 0 0 0 0 0 0 0 0 0 0 0 0 0 0 3 122709 0 0 22 0 0 459 52 0 136449730 0 0 0 0 0 56112682 0 0 2094 0 
0 0 0 0 0 0 0 0 0 0 0 0 0 0 0 0 0 0 0 0 0 0 0 3 122733 0 0 22 0 0 459 52 0 136545247 0 0 0 0 0 56161471 0 0 2094 0 
0 0 0 0 0 0 0 0 0 0 0 0 0 0 0 0 0 0 0 0 0 0 0 3 122745 0 0 22 0 0 459 52 0 136761338 0 0 0 0 0 56235235 0 0 2094 0 
0 0 0 0 0 0 0 0 0 0 0 0 0 0 0 0 0 0 0 0 0 0 0 3 122745 0 0 22 0 0 459 52 0 136941570 0 0 0 0 0 56314515 0 0 2094 0 
0 0 0 0 0 0 0 0 0 0 0 0 0 0 0 0 0 0 0 0 0 0 0 3 122769 0 0 22 0 0 459 52 0 137053121 0 0 0 0 0 56351482 0 0 2094 0 
0 0 0 0 0 0 0 0 0 0 0 0 0 0 0 0 0 0 0 0 0 0 0 3 122781 0 0 22 0 0 459 52 0 137209048 0 0 0 0 0 56424327 0 0 2094 0 
0 0 0 0 0 0 0 0 0 0 0 0 0 0 0 0 0 0 0 0 0 0 0 3 122793 0 0 22 0 0 459 52 0 137433074 0 0 0 0 0 56509553 0 0 2094 0 
0 0 0 0 0 0 0 0 0 0 0 0 0 0 0 0 0 0 0 0 0 0 0 3 122805 0 0 22 0 0 459 52 0 137624929 0 0 0 0 0 56572590 0 0 2094 0 
0 0 0 0 0 0 0 0 0 0 0 0 0 0 0 0 0 0 0 0 0 0 0 3 122829 0 0 22 0 0 459 52 0 137719669 0 0 0 0 0 56620705 0 0 2094 0 
0 0 0 0 0 0 0 0 0 0 0 0 0 0 0 0 0 0 0 0 0 0 0 3 122841 0 0 22 0 0 459 52 0 137932981 0 0 0 0 0 56692795 0 0 2094 0 
0 0 0 0 0 0 0 0 0 0 0 0 0 0 0 0 0 0 0 0 0 0 0 3 122841 0 0 22 0 0 459 52 0 138098239 0 0 0 0 0 56768869 0 0 2094 0 
0 0 0 0 0 0 0 0 0 0 0 0 0 0 0 0 0 0 0 0 0 0 0 3 122865 0 0 22 0 0 459 52 0 138234168 0 0 0 0 0 56812066 0 0 2094 0 
0 0 0 0 0 0 0 0 0 0 0 0 0 0 0 0 0 0 0 0 0 0 0 3 122877 0 0 22 0 0 459 52 0 138388702 0 0 0 0 0 56884132 0 0 2094 0 
0 0 0 0 0 0 0 0 0 0 0 0 0 0 0 0 0 0 0 0 0 0 0 3 122889 0 0 22 0 0 459 52 0 138608141 0 0 0 0 0 56967450 0 0 2094 0 
0 0 0 0 0 0 0 0 0 0 0 0 0 0 0 0 0 0 0 0 0 0 0 3 122901 0 0 22 0 0 459 52 0 138802939 0 0 0 0 0 57032635 0 0 2094 0 
0 0 0 0 0 0 0 0 0 0 0 0 0 0 0 0 0 0 0 0 0 0 0 3 122901 0 0 25 0 0 459 52 0 138820168 0 0 0 0 0 57042915 0 0 2094 0 
0 0 0 0 0 0 0 0 0 0 0 0 0 0 0 0 0 0 0 0 0 0 0 3 122901 0 0 25 0 0 459 52 0 138820168 0 0 0 0 0 57042915 0 0 2094 0 
0 0 0 0 0 0 0 0 0 0 0 0 0 0 0 0 0 0 0 0 0 0 0 3 122901 0 0 25 0 0 459 52 0 138820168 0 0 0 0 0 57042915 0 0 2094 0 
0 0 0 0 0 0 0 0 0 0 0 0 0 0 0 0 0 0 0 0 0 0 0 3 122901 0 0 25 0 0 459 52 0 138820168 0 0 0 0 0 57042915 0 0 2094 0 
