0 0 0 0 0 0 0 0 0 0 0 0 0 0 0 0 0 0 0 0 0 0 0 3 120717 0 0 22 0 0 398 52 0 108809175 0 0 0 0 0 45076120 0 0 2094 0 
0 0 0 0 0 0 0 0 0 0 0 0 0 0 0 0 0 0 0 0 0 0 0 3 120717 0 0 22 0 0 398 52 0 108809175 0 0 0 0 0 45076120 0 0 2094 0 
0 0 0 0 0 0 0 0 0 0 0 0 0 0 0 0 0 0 0 0 0 0 0 3 120717 0 0 22 0 0 398 52 0 108809175 0 0 0 0 0 45076120 0 0 2094 0 
0 0 0 0 0 0 0 0 0 0 0 0 0 0 0 0 0 0 0 0 0 0 0 3 120721 0 0 22 0 0 405 52 0 108836244 0 0 0 0 0 45082645 0 0 2094 0 
0 0 0 0 0 0 0 0 0 0 0 0 0 0 0 0 0 0 0 0 0 0 0 3 120729 0 0 22 0 0 406 52 0 108985293 0 0 0 0 0 45085243 0 0 2094 0 
0 0 0 0 0 0 0 0 0 0 0 0 0 0 0 0 0 0 0 0 0 0 0 3 120733 0 0 22 0 0 406 52 0 108997284 0 0 0 0 0 45091793 0 0 2094 0 
0 0 0 0 0 0 0 0 0 0 0 0 0 0 0 0 0 0 0 0 0 0 0 3 120741 0 0 22 0 0 406 52 0 109047488 0 0 0 0 0 45104544 0 0 2094 0 
0 0 0 0 0 0 0 0 0 0 0 0 0 0 0 0 0 0 0 0 0 0 0 3 120741 0 0 22 0 0 406 52 0 109162034 0 0 0 0 0 45121543 0 0 2094 0 
0 0 0 0 0 0 0 0 0 0 0 0 0 0 0 0 0 0 0 0 0 0 0 3 120753 0 0 22 0 0 406 52 0 109210891 0 0 0 0 0 45158716 0 0 2094 0 
0 0 0 0 0 0 0 0 0 0 0 0 0 0 0 0 0 0 0 0 0 0 0 3 120757 0 0 22 0 0 406 52 0 109238385 0 0 0 0 0 45180766 0 0 2094 0 
0 0 0 0 0 0 0 0 0 0 0 0 0 0 0 0 0 0 0 0 0 0 0 3 120761 0 0 22 0 0 406 52 0 109275954 0 0 0 0 0 45193560 0 0 2094 0 
0 0 0 0 0 0 0 0 0 0 0 0 0 0 0 0 0 0 0 0 0 0 0 3 120765 0 0 22 0 0 406 52 0 109366243 0 0 0 0 0 45226244 0 0 2094 0 
0 0 0 0 0 0 0 0 0 0 0 0 0 0 0 0 0 0 0 0 0 0 0 3 120769 0 0 22 0 0 406 52 0 109505825 0 0 0 0 0 45294407 0 0 2094 0 
0 0 0 0 0 0 0 0 0 0 0 0 0 0 0 0 0 0 0 0 0 0 0 3 120769 0 0 22 0 0 406 52 0 109596899 0 0 0 0 0 45341422 0 0 2094 0 
0 0 0 0 0 0 0 0 0 0 0 0 0 0 0 0 0 0 0 0 0 0 0 3 120773 0 0 22 0 0 406 52 0 109698668 0 0 0 0 0 45387143 0 0 2094 0 
0 0 0 0 0 0 0 0 0 0 0 0 0 0 0 0 0 0 0 0 0 0 0 3 120777 0 0 22 0 0 406 52 0 109758411 0 0 0 0 0 45401479 0 0 2094 0 
0 0 0 0 0 0 0 0 0 0 0 0 0 0 0 0 0 0 0 0 0 0 0 3 120785 0 0 22 0 0 406 52 0 109816049 0 0 0 0 0 45435657 0 0 2094 0 
0 0 0 0 0 0 0 0 0 0 0 0 0 0 0 0 0 0 0 0 0 0 0 3 120789 0 0 22 0 0 406 52 0 109907260 0 0 0 0 0 45469042 0 0 2094 0 
0 0 0 0 0 0 0 0 0 0 0 0 0 0 0 0 0 0 0 0 0 0 0 3 120789 0 0 22 0 0 406 52 0 110000961 0 0 0 0 0 45519555 0 0 2094 0 
0 0 0 0 0 0 0 0 0 0 0 0 0 0 0 0 0 0 0 0 0 0 0 3 120793 0 0 22 0 0 406 52 0 110043263 0 0 0 0 0 45529879 0 0 2094 0 
0 0 0 0 0 0 0 0 0 0 0 0 0 0 0 0 0 0 0 0 0 0 0 3 120801 0 0 22 0 0 406 52 0 110093704 0 0 0 0 0 45560301 0 0 2094 0 
0 0 0 0 0 0 0 0 0 0 0 0 0 0 0 0 0 0 0 0 0 0 0 3 120805 0 0 22 0 0 406 52 0 110187834 0 0 0 0 0 45594697 0 0 2094 0 
0 0 0 0 0 0 0 0 0 0 0 0 0 0 0 0 0 0 0 0 0 0 0 3 120805 0 0 22 0 0 406 52 0 110281305 0 0 0 0 0 45646365 0 0 2094 0 
0 0 0 0 0 0 0 0 0 0 0 0 0 0 0 0 0 0 0 0 0 0 0 3 120809 0 0 22 0 0 406 52 0 110330450 0 0 0 0 0 45659577 0 0 2094 0 
0 0 0 0 0 0 0 0 0 0 0 0 0 0 0 0 0 0 0 0 0 0 0 3 120817 0 0 22 0 0 406 52 0 110378710 0 0 0 0 0 45688035 0 0 2094 0 
0 0 0 0 0 0 0 0 0 0 0 0 0 0 0 0 0 0 0 0 0 0 0 3 120817 0 0 22 0 0 406 52 0 110469611 0 0 0 0 0 45725284 0 0 2094 0 
0 0 0 0 0 0 0 0 0 0 0 0 0 0 0 0 0 0 0 0 0 0 0 3 120821 0 0 22 0 0 406 52 0 110567168 0 0 0 0 0 45776927 0 0 2094 0 
0 0 0 0 0 0 0 0 0 0 0 0 0 0 0 0 0 0 0 0 0 0 0 3 120825 0 0 22 0 0 406 52 0 110621259 0 0 0 0 0 45793017 0 0 2094 0 
0 0 0 0 0 0 0 0 0 0 0 0 0 0 0 0 0 0 0 0 0 0 0 3 120833 0 0 22 0 0 406 52 0 110678194 0 0 0 0 0 45827380 0 0 2094 0 
0 0 0 0 0 0 0 0 0 0 0 0 0 0 0 0 0 0 0 0 0 0 0 3 120837 0 0 22 0 0 406 52 0 110765439 0 0 0 0 0 45856562 0 0 2094 0 
0 0 0 0 0 0 0 0 0 0 0 0 0 0 0 0 0 0 0 0 0 0 0 3 120837 0 0 22 0 0 406 52 0 110860266 0 0 0 0 0 45907725 0 0 2094 0 
0 0 0 0 0 0 0 0 0 0 0 0 0 0 0 0 0 0 0 0 0 0 0 3 120841 0 0 22 0 0 406 52 0 110910500 0 0 0 0 0 45926184 0 0 2094 0 
0 0 0 0 0 0 0 0 0 0 0 0 0 0 0 0 0 0 0 0 0 0 0 3 120849 0 0 22 0 0 406 52 0 110976067 0 0 0 0 0 45965310 0 0 2094 0 
0 0 0 0 0 0 0 0 0 0 0 0 0 0 0 0 0 0 0 0 0 0 0 3 120853 0 0 22 0 0 406 52 0 111066706 0 0 0 0 0 45998139 0 0 2094 0 
0 0 0 0 0 0 0 0 0 0 0 0 0 0 0 0 0 0 0 0 0 0 0 3 120853 0 0 22 0 0 406 52 0 111160423 0 0 0 0 0 46044901 0 0 2094 0 
0 0 0 0 0 0 0 0 0 0 0 0 0 0 0 0 0 0 0 0 0 0 0 3 120857 0 0 22 0 0 406 52 0 111203262 0 0 0 0 0 46062622 0 0 2094 0 
0 0 0 0 0 0 0 0 0 0 0 0 0 0 0 0 0 0 0 0 0 0 0 3 120865 0 0 22 0 0 406 52 0 111254689 0 0 0 0 0 46093451 0 0 2094 0 
0 0 0 0 0 0 0 0 0 0 0 0 0 0 0 0 0 0 0 0 0 0 0 3 120869 0 0 22 0 0 406 52 0 111347355 0 0 0 0 0 46126973 0 0 2094 0 
0 0 0 0 0 0 0 0 0 0 0 0 0 0 0 0 0 0 0 0 0 0 0 3 120869 0 0 22 0 0 406 52 0 111442692 0 0 0 0 0 46178565 0 0 2094 0 
0 0 0 0 0 0 0 0 0 0 0 0 0 0 0 0 0 0 0 0 0 0 0 3 120873 0 0 22 0 0 406 52 0 111492040 0 0 0 0 0 46194169 0 0 2094 0 
0 0 0 0 0 0 0 0 0 0 0 0 0 0 0 0 0 0 0 0 0 0 0 3 120881 0 0 22 0 0 406 52 0 111542045 0 0 0 0 0 46224086 0 0 2094 0 
0 0 0 0 0 0 0 0 0 0 0 0 0 0 0 0 0 0 0 0 0 0 0 3 120881 0 0 22 0 0 406 52 0 111633112 0 0 0 0 0 46257544 0 0 2094 0 
0 0 0 0 0 0 0 0 0 0 0 0 0 0 0 0 0 0 0 0 0 0 0 3 120885 0 0 22 0 0 406 52 0 111728153 0 0 0 0 0 46310155 0 0 2094 0 
0 0 0 0 0 0 0 0 0 0 0 0 0 0 0 0 0 0 0 0 0 0 0 3 120889 0 0 22 0 0 406 52 0 111782697 0 0 0 0 0 46328486 0 0 2094 0 
0 0 0 0 0 0 0 0 0 0 0 0 0 0 0 0 0 0 0 0 0 0 0 3 120897 0 0 22 0 0 406 52 0 111843310 0 0 0 0 0 46365425 0 0 2094 0 
0 0 0 0 0 0 0 0 0 0 0 0 0 0 0 0 0 0 0 0 0 0 0 3 120901 0 0 22 0 0 406 52 0 111935293 0 0 0 0 0 46398637 0 0 2094 0 
0 0 0 0 0 0 0 0 0 0 0 0 0 0 0 0 0 0 0 0 0 0 0 3 120901 0 0 22 0 0 406 52 0 112027146 0 0 0 0 0 46448227 0 0 2094 0 
0 0 0 0 0 0 0 0 0 0 0 0 0 0 0 0 0 0 0 0 0 0 0 3 120905 0 0 22 0 0 406 52 0 112074382 0 0 0 0 0 46463339 0 0 2094 0 
0 0 0 0 0 0 0 0 0 0 0 0 0 0 0 0 0 0 0 0 0 0 0 3 120913 0 0 22 0 0 406 52 0 112135576 0 0 0 0 0 46500145 0 0 2094 0 
0 0 0 0 0 0 0 0 0 0 0 0 0 0 0 0 0 0 0 0 0 0 0 3 120917 0 0 22 0 0 406 52 0 112225051 0 0 0 0 0 46532684 0 0 2094 0 
0 0 0 0 0 0 0 0 0 0 0 0 0 0 0 0 0 0 0 0 0 0 0 3 120917 0 0 22 0 0 406 52 0 112316039 0 0 0 0 0 46582940 0 0 2094 0 
0 0 0 0 0 0 0 0 0 0 0 0 0 0 0 0 0 0 0 0 0 0 0 3 120921 0 0 22 0 0 406 52 0 112370555 0 0 0 0 0 46600481 0 0 2094 0 
0 0 0 0 0 0 0 0 0 0 0 0 0 0 0 0 0 0 0 0 0 0 0 3 120929 0 0 22 0 0 406 52 0 112433632 0 0 0 0 0 46639085 0 0 2094 0 
0 0 0 0 0 0 0 0 0 0 0 0 0 0 0 0 0 0 0 0 0 0 0 3 120933 0 0 22 0 0 406 52 0 112525221 0 0 0 0 0 46671206 0 0 2094 0 
0 0 0 0 0 0 0 0 0 0 0 0 0 0 0 0 0 0 0 0 0 0 0 3 120933 0 0 22 0 0 406 52 0 112614142 0 0 0 0 0 46718981 0 0 2094 0 
0 0 0 0 0 0 0 0 0 0 0 0 0 0 0 0 0 0 0 0 0 0 0 3 120937 0 0 22 0 0 406 52 0 112658464 0 0 0 0 0 46731599 0 0 2094 0 
0 0 0 0 0 0 0 0 0 0 0 0 0 0 0 0 0 0 0 0 0 0 0 3 120945 0 0 22 0 0 406 52 0 112733186 0 0 0 0 0 46775875 0 0 2094 0 
0 0 0 0 0 0 0 0 0 0 0 0 0 0 0 0 0 0 0 0 0 0 0 3 120949 0 0 22 0 0 406 52 0 112824202 0 0 0 0 0 46808753 0 0 2094 0 
0 0 0 0 0 0 0 0 0 0 0 0 0 0 0 0 0 0 0 0 0 0 0 3 120949 0 0 22 0 0 406 52 0 112917660 0 0 0 0 0 46847770 0 0 2094 0 
0 0 0 0 0 0 0 0 0 0 0 0 0 0 0 0 0 0 0 0 0 0 0 3 120953 0 0 22 0 0 406 52 0 112948118 0 0 0 0 0 46865581 0 0 2094 0 
0 0 0 0 0 0 0 0 0 0 0 0 0 0 0 0 0 0 0 0 0 0 0 3 120961 0 0 22 0 0 406 52 0 113032057 0 0 0 0 0 46915884 0 0 2094 0 
0 0 0 0 0 0 0 0 0 0 0 0 0 0 0 0 0 0 0 0 0 0 0 3 120965 0 0 22 0 0 406 52 0 113122834 0 0 0 0 0 46950469 0 0 2094 0 
0 0 0 0 0 0 0 0 0 0 0 0 0 0 0 0 0 0 0 0 0 0 0 3 120965 0 0 22 0 0 406 52 0 113213924 0 0 0 0 0 46986599 0 0 2094 0 
0 0 0 0 0 0 0 0 0 0 0 0 0 0 0 0 0 0 0 0 0 0 0 3 120973 0 0 22 0 0 406 52 0 113239386 0 0 0 0 0 46999935 0 0 2094 0 
0 0 0 0 0 0 0 0 0 0 0 0 0 0 0 0 0 0 0 0 0 0 0 3 120977 0 0 22 0 0 406 52 0 113327057 0 0 0 0 0 47051370 0 0 2094 0 
0 0 0 0 0 0 0 0 0 0 0 0 0 0 0 0 0 0 0 0 0 0 0 3 120981 0 0 22 0 0 406 52 0 113425720 0 0 0 0 0 47090680 0 0 2094 0 
0 0 0 0 0 0 0 0 0 0 0 0 0 0 0 0 0 0 0 0 0 0 0 3 120985 0 0 22 0 0 406 52 0 113511595 0 0 0 0 0 47121582 0 0 2094 0 
0 0 0 0 0 0 0 0 0 0 0 0 0 0 0 0 0 0 0 0 0 0 0 3 120989 0 0 22 0 0 406 52 0 113535854 0 0 0 0 0 47140502 0 0 2094 0 
0 0 0 0 0 0 0 0 0 0 0 0 0 0 0 0 0 0 0 0 0 0 0 3 120993 0 0 22 0 0 406 52 0 113622423 0 0 0 0 0 47190758 0 0 2094 0 
0 0 0 0 0 0 0 0 0 0 0 0 0 0 0 0 0 0 0 0 0 0 0 3 120997 0 0 22 0 0 406 52 0 113720066 0 0 0 0 0 47229873 0 0 2094 0 
0 0 0 0 0 0 0 0 0 0 0 0 0 0 0 0 0 0 0 0 0 0 0 3 121001 0 0 22 0 0 406 52 0 113805188 0 0 0 0 0 47260198 0 0 2094 0 
0 0 0 0 0 0 0 0 0 0 0 0 0 0 0 0 0 0 0 0 0 0 0 3 121005 0 0 22 0 0 406 52 0 113827032 0 0 0 0 0 47276101 0 0 2094 0 
0 0 0 0 0 0 0 0 0 0 0 0 0 0 0 0 0 0 0 0 0 0 0 3 121009 0 0 22 0 0 406 52 0 113922587 0 0 0 0 0 47328536 0 0 2094 0 
0 0 0 0 0 0 0 0 0 0 0 0 0 0 0 0 0 0 0 0 0 0 0 3 121013 0 0 22 0 0 406 52 0 114020031 0 0 0 0 0 47371672 0 0 2094 0 
0 0 0 0 0 0 0 0 0 0 0 0 0 0 0 0 0 0 0 0 0 0 0 3 121017 0 0 22 0 0 406 52 0 114096581 0 0 0 0 0 47395172 0 0 2094 0 
0 0 0 0 0 0 0 0 0 0 0 0 0 0 0 0 0 0 0 0 0 0 0 3 121025 0 0 22 0 0 406 52 0 114127677 0 0 0 0 0 47414381 0 0 2094 0 
0 0 0 0 0 0 0 0 0 0 0 0 0 0 0 0 0 0 0 0 0 0 0 3 121025 0 0 22 0 0 406 52 0 114218085 0 0 0 0 0 47462379 0 0 2094 0 
0 0 0 0 0 0 0 0 0 0 0 0 0 0 0 0 0 0 0 0 0 0 0 3 121029 0 0 22 0 0 406 52 0 114322610 0 0 0 0 0 47510154 0 0 2094 0 
0 0 0 0 0 0 0 0 0 0 0 0 0 0 0 0 0 0 0 0 0 0 0 3 121033 0 0 22 0 0 406 52 0 114389577 0 0 0 0 0 47531275 0 0 2094 0 
0 0 0 0 0 0 0 0 0 0 0 0 0 0 0 0 0 0 0 0 0 0 0 3 121041 0 0 22 0 0 406 52 0 114430613 0 0 0 0 0 47557043 0 0 2094 0 
0 0 0 0 0 0 0 0 0 0 0 0 0 0 0 0 0 0 0 0 0 0 0 3 121041 0 0 22 0 0 406 52 0 114520551 0 0 0 0 0 47600959 0 0 2094 0 
0 0 0 0 0 0 0 0 0 0 0 0 0 0 0 0 0 0 0 0 0 0 0 3 121045 0 0 22 0 0 406 52 0 114620620 0 0 0 0 0 47648539 0 0 2094 0 
0 0 0 0 0 0 0 0 0 0 0 0 0 0 0 0 0 0 0 0 0 0 0 3 121049 0 0 22 0 0 406 52 0 114682201 0 0 0 0 0 47666528 0 0 2094 0 
0 0 0 0 0 0 0 0 0 0 0 0 0 0 0 0 0 0 0 0 0 0 0 3 121057 0 0 22 0 0 406 52 0 114733210 0 0 0 0 0 47697704 0 0 2094 0 
0 0 0 0 0 0 0 0 0 0 0 0 0 0 0 0 0 0 0 0 0 0 0 3 121057 0 0 22 0 0 406 52 0 114826037 0 0 0 0 0 47732031 0 0 2094 0 
0 0 0 0 0 0 0 0 0 0 0 0 0 0 0 0 0 0 0 0 0 0 0 3 121061 0 0 22 0 0 406 52 0 114922099 0 0 0 0 0 47784883 0 0 2094 0 
0 0 0 0 0 0 0 0 0 0 0 0 0 0 0 0 0 0 0 0 0 0 0 3 121065 0 0 22 0 0 406 52 0 114976138 0 0 0 0 0 47802449 0 0 2094 0 
0 0 0 0 0 0 0 0 0 0 0 0 0 0 0 0 0 0 0 0 0 0 0 3 121073 0 0 22 0 0 406 52 0 115031965 0 0 0 0 0 47836066 0 0 2094 0 
0 0 0 0 0 0 0 0 0 0 0 0 0 0 0 0 0 0 0 0 0 0 0 3 121077 0 0 22 0 0 406 52 0 115121814 0 0 0 0 0 47868870 0 0 2094 0 
0 0 0 0 0 0 0 0 0 0 0 0 0 0 0 0 0 0 0 0 0 0 0 3 121077 0 0 22 0 0 406 52 0 115216453 0 0 0 0 0 47921261 0 0 2094 0 
0 0 0 0 0 0 0 0 0 0 0 0 0 0 0 0 0 0 0 0 0 0 0 3 121081 0 0 22 0 0 406 52 0 115271195 0 0 0 0 0 47941985 0 0 2094 0 
0 0 0 0 0 0 0 0 0 0 0 0 0 0 0 0 0 0 0 0 0 0 0 3 121081 0 0 22 0 0 406 52 0 115277666 0 0 0 0 0 47947012 0 0 2094 0 
0 0 0 0 0 0 0 0 0 0 0 0 0 0 0 0 0 0 0 0 0 0 0 3 121081 0 0 22 0 0 406 52 0 115277666 0 0 0 0 0 47947012 0 0 2094 0 
0 0 0 0 0 0 0 0 0 0 0 0 0 0 0 0 0 0 0 0 0 0 0 3 121081 0 0 22 0 0 406 52 0 115277666 0 0 0 0 0 47947012 0 0 2094 0 
0 0 0 0 0 0 0 0 0 0 0 0 0 0 0 0 0 0 0 0 0 0 0 3 121081 0 0 22 0 0 406 52 0 115277666 0 0 0 0 0 47947012 0 0 2094 0 
0 0 0 0 0 0 0 0 0 0 0 0 0 0 0 0 0 0 0 0 0 0 0 3 121081 0 0 22 0 0 406 52 0 115277666 0 0 0 0 0 47947012 0 0 2094 0 
0 0 0 0 0 0 0 0 0 0 0 0 0 0 0 0 0 0 0 0 0 0 0 3 121081 0 0 22 0 0 406 52 0 115277666 0 0 0 0 0 47947012 0 0 2094 0 
0 0 0 0 0 0 0 0 0 0 0 0 0 0 0 0 0 0 0 0 0 0 0 3 121081 0 0 22 0 0 406 52 0 115277666 0 0 0 0 0 47947012 0 0 2094 0 
0 0 0 0 0 0 0 0 0 0 0 0 0 0 0 0 0 0 0 0 0 0 0 3 121081 0 0 22 0 0 406 52 0 115277666 0 0 0 0 0 47947012 0 0 2094 0 
0 0 0 0 0 0 0 0 0 0 0 0 0 0 0 0 0 0 0 0 0 0 0 3 121081 0 0 22 0 0 406 52 0 115277666 0 0 0 0 0 47947012 0 0 2094 0 
0 0 0 0 0 0 0 0 0 0 0 0 0 0 0 0 0 0 0 0 0 0 0 3 121081 0 0 22 0 0 406 52 0 115277666 0 0 0 0 0 47947012 0 0 2094 0 
0 0 0 0 0 0 0 0 0 0 0 0 0 0 0 0 0 0 0 0 0 0 0 3 121081 0 0 22 0 0 406 52 0 115277666 0 0 0 0 0 47947012 0 0 2094 0 
0 0 0 0 0 0 0 0 0 0 0 0 0 0 0 0 0 0 0 0 0 0 0 3 121081 0 0 22 0 0 406 52 0 115277666 0 0 0 0 0 47947012 0 0 2094 0 
0 0 0 0 0 0 0 0 0 0 0 0 0 0 0 0 0 0 0 0 0 0 0 3 121081 0 0 22 0 0 406 52 0 115277666 0 0 0 0 0 47947012 0 0 2094 0 
0 0 0 0 0 0 0 0 0 0 0 0 0 0 0 0 0 0 0 0 0 0 0 3 121081 0 0 22 0 0 406 52 0 115277666 0 0 0 0 0 47947012 0 0 2094 0 
0 0 0 0 0 0 0 0 0 0 0 0 0 0 0 0 0 0 0 0 0 0 0 3 121081 0 0 22 0 0 406 52 0 115277666 0 0 0 0 0 47947012 0 0 2094 0 
0 0 0 0 0 0 0 0 0 0 0 0 0 0 0 0 0 0 0 0 0 0 0 3 121081 0 0 22 0 0 406 52 0 115277666 0 0 0 0 0 47947012 0 0 2094 0 
0 0 0 0 0 0 0 0 0 0 0 0 0 0 0 0 0 0 0 0 0 0 0 3 121081 0 0 22 0 0 406 52 0 115277666 0 0 0 0 0 47947012 0 0 2094 0 
0 0 0 0 0 0 0 0 0 0 0 0 0 0 0 0 0 0 0 0 0 0 0 3 121081 0 0 22 0 0 406 52 0 115277666 0 0 0 0 0 47947012 0 0 2094 0 
0 0 0 0 0 0 0 0 0 0 0 0 0 0 0 0 0 0 0 0 0 0 0 3 121081 0 0 22 0 0 406 52 0 115277666 0 0 0 0 0 47947012 0 0 2094 0 
0 0 0 0 0 0 0 0 0 0 0 0 0 0 0 0 0 0 0 0 0 0 0 3 121081 0 0 22 0 0 406 52 0 115277666 0 0 0 0 0 47947012 0 0 2094 0 
0 0 0 0 0 0 0 0 0 0 0 0 0 0 0 0 0 0 0 0 0 0 0 3 121081 0 0 22 0 0 406 52 0 115277666 0 0 0 0 0 47947012 0 0 2094 0 
