0 0 0 0 0 0 0 0 0 0 0 0 0 0 0 0 0 0 0 0 0 0 0 3 0 121809 121770 0 0 435 0 0 52 98198891 27845082 0 0 0 0 0 52135405 2119 0 0 
0 0 0 0 0 0 0 0 0 0 0 0 0 0 0 0 0 0 0 0 0 0 0 3 0 121809 121770 0 0 435 0 0 52 98198891 27845082 0 0 0 0 0 52135405 2119 0 0 
0 0 0 0 0 0 0 0 0 0 0 0 0 0 0 0 0 0 0 0 0 0 0 3 0 121809 121770 0 0 435 0 0 52 98198891 27845082 0 0 0 0 0 52135405 2119 0 0 
0 0 0 0 0 0 0 0 0 0 0 0 0 0 0 0 0 0 0 0 0 0 0 3 0 121809 121770 0 0 435 0 0 52 98198891 27845082 0 0 0 0 0 52135405 2119 0 0 
0 0 0 0 0 0 0 0 0 0 0 0 0 0 0 0 0 0 0 0 0 0 0 3 0 121809 121770 0 0 435 0 0 52 98198891 27845082 0 0 0 0 0 52135405 2119 0 0 
0 0 0 0 0 0 0 0 0 0 0 0 0 0 0 0 0 0 0 0 0 0 0 3 0 121809 121770 0 0 435 0 0 52 98198891 27845082 0 0 0 0 0 52135405 2119 0 0 
0 0 0 0 0 0 0 0 0 0 0 0 0 0 0 0 0 0 0 0 0 0 0 3 0 121809 121782 0 0 464 0 0 52 98281158 27845085 0 0 0 0 0 52140206 2119 0 0 
0 0 0 0 0 0 0 0 0 0 0 0 0 0 0 0 0 0 0 0 0 0 0 3 0 121845 121818 0 0 467 0 0 52 98469099 27845141 0 0 0 0 0 52148526 2119 0 0 
0 0 0 0 0 0 0 0 0 0 0 0 0 0 0 0 0 0 0 0 0 0 0 3 0 121869 121842 0 0 467 0 0 52 98525356 27880508 0 0 0 0 0 52169217 2119 0 0 
0 0 0 0 0 0 0 0 0 0 0 0 0 0 0 0 0 0 0 0 0 0 0 3 0 121869 121842 0 0 467 0 0 52 98683404 27981417 0 0 0 0 0 52194685 2119 0 0 
0 0 0 0 0 0 0 0 0 0 0 0 0 0 0 0 0 0 0 0 0 0 0 3 0 121905 121878 0 0 467 0 0 52 98792096 27993689 0 0 0 0 0 52277602 2119 0 0 
0 0 0 0 0 0 0 0 0 0 0 0 0 0 0 0 0 0 0 0 0 0 0 3 0 121929 121902 0 0 467 0 0 52 98845339 28025576 0 0 0 0 0 52296718 2119 0 0 
0 0 0 0 0 0 0 0 0 0 0 0 0 0 0 0 0 0 0 0 0 0 0 3 0 121941 121914 0 0 467 0 0 52 98984402 28093049 0 0 0 0 0 52367188 2119 0 0 
0 0 0 0 0 0 0 0 0 0 0 0 0 0 0 0 0 0 0 0 0 0 0 3 0 121953 121926 0 0 467 0 0 52 99208260 28152579 0 0 0 0 0 52493916 2119 0 0 
0 0 0 0 0 0 0 0 0 0 0 0 0 0 0 0 0 0 0 0 0 0 0 3 0 121953 121926 0 0 467 0 0 52 99347159 28200204 0 0 0 0 0 52572040 2119 0 0 
0 0 0 0 0 0 0 0 0 0 0 0 0 0 0 0 0 0 0 0 0 0 0 3 0 121965 121938 0 0 467 0 0 52 99502779 28260379 0 0 0 0 0 52657853 2119 0 0 
0 0 0 0 0 0 0 0 0 0 0 0 0 0 0 0 0 0 0 0 0 0 0 3 0 121977 121950 0 0 467 0 0 52 99625081 28291635 0 0 0 0 0 52707762 2119 0 0 
0 0 0 0 0 0 0 0 0 0 0 0 0 0 0 0 0 0 0 0 0 0 0 3 0 122001 121974 0 0 467 0 0 52 99714217 28330921 0 0 0 0 0 52769452 2119 0 0 
0 0 0 0 0 0 0 0 0 0 0 0 0 0 0 0 0 0 0 0 0 0 0 3 0 122013 121986 0 0 467 0 0 52 99878787 28389922 0 0 0 0 0 52851262 2119 0 0 
0 0 0 0 0 0 0 0 0 0 0 0 0 0 0 0 0 0 0 0 0 0 0 3 0 122025 121998 0 0 467 0 0 52 100043333 28440555 0 0 0 0 0 52925273 2119 0 0 
0 0 0 0 0 0 0 0 0 0 0 0 0 0 0 0 0 0 0 0 0 0 0 3 0 122049 122022 0 0 467 0 0 52 100102143 28461804 0 0 0 0 0 52966645 2119 0 0 
0 0 0 0 0 0 0 0 0 0 0 0 0 0 0 0 0 0 0 0 0 0 0 3 0 122050 122022 0 0 467 0 0 52 100258667 28510115 0 0 0 0 0 53041022 2119 0 0 
0 0 0 0 0 0 0 0 0 0 0 0 0 0 0 0 0 0 0 0 0 0 0 3 0 122061 122034 0 0 467 0 0 52 100390333 28560564 0 0 0 0 0 53120668 2119 0 0 
0 0 0 0 0 0 0 0 0 0 0 0 0 0 0 0 0 0 0 0 0 0 0 3 0 122076 122046 0 0 467 0 0 52 100501274 28589458 0 0 0 0 0 53163628 2119 0 0 
0 0 0 0 0 0 0 0 0 0 0 0 0 0 0 0 0 0 0 0 0 0 0 3 0 122097 122070 0 0 467 0 0 52 100614134 28634276 0 0 0 0 0 53236182 2119 0 0 
0 0 0 0 0 0 0 0 0 0 0 0 0 0 0 0 0 0 0 0 0 0 0 3 0 122109 122082 0 0 467 0 0 52 100773089 28695822 0 0 0 0 0 53320625 2119 0 0 
0 0 0 0 0 0 0 0 0 0 0 0 0 0 0 0 0 0 0 0 0 0 0 3 0 122121 122094 0 0 467 0 0 52 100927065 28738365 0 0 0 0 0 53385301 2119 0 0 
0 0 0 0 0 0 0 0 0 0 0 0 0 0 0 0 0 0 0 0 0 0 0 3 0 122145 122118 0 0 467 0 0 52 100993548 28763648 0 0 0 0 0 53432289 2119 0 0 
0 0 0 0 0 0 0 0 0 0 0 0 0 0 0 0 0 0 0 0 0 0 0 3 0 122149 122118 0 0 467 0 0 52 101151615 28810700 0 0 0 0 0 53503537 2119 0 0 
0 0 0 0 0 0 0 0 0 0 0 0 0 0 0 0 0 0 0 0 0 0 0 3 0 122157 122130 0 0 467 0 0 52 101278886 28860229 0 0 0 0 0 53583098 2119 0 0 
0 0 0 0 0 0 0 0 0 0 0 0 0 0 0 0 0 0 0 0 0 0 0 3 0 122179 122142 0 0 467 0 0 52 101381907 28887280 0 0 0 0 0 53623012 2119 0 0 
0 0 0 0 0 0 0 0 0 0 0 0 0 0 0 0 0 0 0 0 0 0 0 3 0 122193 122166 0 0 467 0 0 52 101485694 28929513 0 0 0 0 0 53691104 2119 0 0 
0 0 0 0 0 0 0 0 0 0 0 0 0 0 0 0 0 0 0 0 0 0 0 3 0 122205 122178 0 0 467 0 0 52 101649534 28991840 0 0 0 0 0 53775889 2119 0 0 
0 0 0 0 0 0 0 0 0 0 0 0 0 0 0 0 0 0 0 0 0 0 0 3 0 122217 122190 0 0 467 0 0 52 101807013 29036175 0 0 0 0 0 53843763 2119 0 0 
0 0 0 0 0 0 0 0 0 0 0 0 0 0 0 0 0 0 0 0 0 0 0 3 0 122241 122214 0 0 467 0 0 52 101868637 29059729 0 0 0 0 0 53887810 2119 0 0 
0 0 0 0 0 0 0 0 0 0 0 0 0 0 0 0 0 0 0 0 0 0 0 3 0 122249 122214 0 0 467 0 0 52 102035282 29110925 0 0 0 0 0 53962755 2119 0 0 
0 0 0 0 0 0 0 0 0 0 0 0 0 0 0 0 0 0 0 0 0 0 0 3 0 122253 122226 0 0 467 0 0 52 102160741 29158779 0 0 0 0 0 54042313 2119 0 0 
0 0 0 0 0 0 0 0 0 0 0 0 0 0 0 0 0 0 0 0 0 0 0 3 0 122275 122238 0 0 467 0 0 52 102263133 29185087 0 0 0 0 0 54082040 2119 0 0 
0 0 0 0 0 0 0 0 0 0 0 0 0 0 0 0 0 0 0 0 0 0 0 3 0 122289 122262 0 0 467 0 0 52 102365305 29227545 0 0 0 0 0 54150053 2119 0 0 
0 0 0 0 0 0 0 0 0 0 0 0 0 0 0 0 0 0 0 0 0 0 0 3 0 122301 122274 0 0 467 0 0 52 102527924 29289197 0 0 0 0 0 54234267 2119 0 0 
0 0 0 0 0 0 0 0 0 0 0 0 0 0 0 0 0 0 0 0 0 0 0 3 0 122313 122286 0 0 467 0 0 52 102685045 29333974 0 0 0 0 0 54301893 2119 0 0 
0 0 0 0 0 0 0 0 0 0 0 0 0 0 0 0 0 0 0 0 0 0 0 3 0 122337 122310 0 0 467 0 0 52 102741506 29353270 0 0 0 0 0 54341139 2119 0 0 
0 0 0 0 0 0 0 0 0 0 0 0 0 0 0 0 0 0 0 0 0 0 0 3 0 122338 122310 0 0 467 0 0 52 102902449 29404333 0 0 0 0 0 54418078 2119 0 0 
0 0 0 0 0 0 0 0 0 0 0 0 0 0 0 0 0 0 0 0 0 0 0 3 0 122349 122322 0 0 467 0 0 52 103029038 29453497 0 0 0 0 0 54496051 2119 0 0 
0 0 0 0 0 0 0 0 0 0 0 0 0 0 0 0 0 0 0 0 0 0 0 3 0 122361 122334 0 0 467 0 0 52 103144866 29482885 0 0 0 0 0 54541905 2119 0 0 
0 0 0 0 0 0 0 0 0 0 0 0 0 0 0 0 0 0 0 0 0 0 0 3 0 122385 122358 0 0 467 0 0 52 103248602 29525463 0 0 0 0 0 54610085 2119 0 0 
0 0 0 0 0 0 0 0 0 0 0 0 0 0 0 0 0 0 0 0 0 0 0 3 0 122397 122370 0 0 467 0 0 52 103406331 29584080 0 0 0 0 0 54690210 2119 0 0 
0 0 0 0 0 0 0 0 0 0 0 0 0 0 0 0 0 0 0 0 0 0 0 3 0 122409 122382 0 0 467 0 0 52 103565795 29631800 0 0 0 0 0 54760948 2119 0 0 
0 0 0 0 0 0 0 0 0 0 0 0 0 0 0 0 0 0 0 0 0 0 0 3 0 122433 122406 0 0 467 0 0 52 103625811 29650971 0 0 0 0 0 54801504 2119 0 0 
0 0 0 0 0 0 0 0 0 0 0 0 0 0 0 0 0 0 0 0 0 0 0 3 0 122433 122406 0 0 467 0 0 52 103787837 29702803 0 0 0 0 0 54878650 2119 0 0 
0 0 0 0 0 0 0 0 0 0 0 0 0 0 0 0 0 0 0 0 0 0 0 3 0 122445 122418 0 0 467 0 0 52 103916353 29752034 0 0 0 0 0 54957904 2119 0 0 
0 0 0 0 0 0 0 0 0 0 0 0 0 0 0 0 0 0 0 0 0 0 0 3 0 122457 122430 0 0 467 0 0 52 104029755 29780703 0 0 0 0 0 55003620 2119 0 0 
0 0 0 0 0 0 0 0 0 0 0 0 0 0 0 0 0 0 0 0 0 0 0 3 0 122481 122454 0 0 467 0 0 52 104132337 29822462 0 0 0 0 0 55071251 2119 0 0 
0 0 0 0 0 0 0 0 0 0 0 0 0 0 0 0 0 0 0 0 0 0 0 3 0 122493 122466 0 0 467 0 0 52 104290978 29882356 0 0 0 0 0 55151834 2119 0 0 
0 0 0 0 0 0 0 0 0 0 0 0 0 0 0 0 0 0 0 0 0 0 0 3 0 122505 122478 0 0 467 0 0 52 104449840 29929639 0 0 0 0 0 55221454 2119 0 0 
0 0 0 0 0 0 0 0 0 0 0 0 0 0 0 0 0 0 0 0 0 0 0 3 0 122529 122502 0 0 467 0 0 52 104509357 29953049 0 0 0 0 0 55264727 2119 0 0 
0 0 0 0 0 0 0 0 0 0 0 0 0 0 0 0 0 0 0 0 0 0 0 3 0 122536 122502 0 0 467 0 0 52 104677645 30004271 0 0 0 0 0 55340563 2119 0 0 
0 0 0 0 0 0 0 0 0 0 0 0 0 0 0 0 0 0 0 0 0 0 0 3 0 122541 122514 0 0 467 0 0 52 104805218 30052819 0 0 0 0 0 55421133 2119 0 0 
0 0 0 0 0 0 0 0 0 0 0 0 0 0 0 0 0 0 0 0 0 0 0 3 0 122565 122538 0 0 467 0 0 52 104902762 30078972 0 0 0 0 0 55458779 2119 0 0 
0 0 0 0 0 0 0 0 0 0 0 0 0 0 0 0 0 0 0 0 0 0 0 3 0 122577 122550 0 0 467 0 0 52 105018491 30124066 0 0 0 0 0 55533834 2119 0 0 
0 0 0 0 0 0 0 0 0 0 0 0 0 0 0 0 0 0 0 0 0 0 0 3 0 122589 122562 0 0 467 0 0 52 105180909 30187018 0 0 0 0 0 55618873 2119 0 0 
0 0 0 0 0 0 0 0 0 0 0 0 0 0 0 0 0 0 0 0 0 0 0 3 0 122601 122574 0 0 467 0 0 52 105330828 30227484 0 0 0 0 0 55681817 2119 0 0 
0 0 0 0 0 0 0 0 0 0 0 0 0 0 0 0 0 0 0 0 0 0 0 3 0 122625 122598 0 0 467 0 0 52 105389131 30249927 0 0 0 0 0 55723425 2119 0 0 
0 0 0 0 0 0 0 0 0 0 0 0 0 0 0 0 0 0 0 0 0 0 0 3 0 122632 122598 0 0 467 0 0 52 105554536 30301939 0 0 0 0 0 55799407 2119 0 0 
0 0 0 0 0 0 0 0 0 0 0 0 0 0 0 0 0 0 0 0 0 0 0 3 0 122637 122610 0 0 467 0 0 52 105683617 30350849 0 0 0 0 0 55880375 2119 0 0 
0 0 0 0 0 0 0 0 0 0 0 0 0 0 0 0 0 0 0 0 0 0 0 3 0 122661 122634 0 0 467 0 0 52 105784254 30376796 0 0 0 0 0 55919807 2119 0 0 
0 0 0 0 0 0 0 0 0 0 0 0 0 0 0 0 0 0 0 0 0 0 0 3 0 122673 122646 0 0 467 0 0 52 105913049 30425486 0 0 0 0 0 56000793 2119 0 0 
0 0 0 0 0 0 0 0 0 0 0 0 0 0 0 0 0 0 0 0 0 0 0 3 0 122685 122658 0 0 467 0 0 52 106077230 30489657 0 0 0 0 0 56087532 2119 0 0 
0 0 0 0 0 0 0 0 0 0 0 0 0 0 0 0 0 0 0 0 0 0 0 3 0 122697 122670 0 0 467 0 0 52 106213531 30525305 0 0 0 0 0 56142836 2119 0 0 
0 0 0 0 0 0 0 0 0 0 0 0 0 0 0 0 0 0 0 0 0 0 0 3 0 122721 122694 0 0 467 0 0 52 106279498 30555139 0 0 0 0 0 56191654 2119 0 0 
0 0 0 0 0 0 0 0 0 0 0 0 0 0 0 0 0 0 0 0 0 0 0 3 0 122733 122706 0 0 467 0 0 52 106445892 30605445 0 0 0 0 0 56265424 2119 0 0 
0 0 0 0 0 0 0 0 0 0 0 0 0 0 0 0 0 0 0 0 0 0 0 3 0 122733 122706 0 0 467 0 0 52 106578951 30653001 0 0 0 0 0 56344740 2119 0 0 
0 0 0 0 0 0 0 0 0 0 0 0 0 0 0 0 0 0 0 0 0 0 0 3 0 122757 122730 0 0 467 0 0 52 106669202 30674630 0 0 0 0 0 56381702 2119 0 0 
0 0 0 0 0 0 0 0 0 0 0 0 0 0 0 0 0 0 0 0 0 0 0 3 0 122769 122742 0 0 467 0 0 52 106781352 30718770 0 0 0 0 0 56454583 2119 0 0 
0 0 0 0 0 0 0 0 0 0 0 0 0 0 0 0 0 0 0 0 0 0 0 3 0 122781 122754 0 0 467 0 0 52 106942864 30782034 0 0 0 0 0 56539824 2119 0 0 
0 0 0 0 0 0 0 0 0 0 0 0 0 0 0 0 0 0 0 0 0 0 0 3 0 122793 122766 0 0 467 0 0 52 107094141 30823103 0 0 0 0 0 56602867 2119 0 0 
0 0 0 0 0 0 0 0 0 0 0 0 0 0 0 0 0 0 0 0 0 0 0 3 0 122817 122790 0 0 467 0 0 52 107161104 30851129 0 0 0 0 0 56651008 2119 0 0 
0 0 0 0 0 0 0 0 0 0 0 0 0 0 0 0 0 0 0 0 0 0 0 3 0 122829 122802 0 0 467 0 0 52 107325462 30900691 0 0 0 0 0 56723101 2119 0 0 
0 0 0 0 0 0 0 0 0 0 0 0 0 0 0 0 0 0 0 0 0 0 0 3 0 122829 122802 0 0 467 0 0 52 107447132 30944695 0 0 0 0 0 56799216 2119 0 0 
0 0 0 0 0 0 0 0 0 0 0 0 0 0 0 0 0 0 0 0 0 0 0 3 0 122853 122826 0 0 467 0 0 52 107555766 30972417 0 0 0 0 0 56842405 2119 0 0 
0 0 0 0 0 0 0 0 0 0 0 0 0 0 0 0 0 0 0 0 0 0 0 3 0 122865 122838 0 0 467 0 0 52 107666533 31016568 0 0 0 0 0 56914506 2119 0 0 
0 0 0 0 0 0 0 0 0 0 0 0 0 0 0 0 0 0 0 0 0 0 0 3 0 122877 122850 0 0 467 0 0 52 107824124 31079165 0 0 0 0 0 56997840 2119 0 0 
0 0 0 0 0 0 0 0 0 0 0 0 0 0 0 0 0 0 0 0 0 0 0 3 0 122889 122862 0 0 467 0 0 52 107977769 31120908 0 0 0 0 0 57063028 2119 0 0 
0 0 0 0 0 0 0 0 0 0 0 0 0 0 0 0 0 0 0 0 0 0 0 3 0 122901 122862 0 0 467 0 0 52 107994588 31121316 0 0 0 0 0 57073308 2119 0 0 
0 0 0 0 0 0 0 0 0 0 0 0 0 0 0 0 0 0 0 0 0 0 0 3 0 122901 122862 0 0 467 0 0 52 107994588 31121316 0 0 0 0 0 57073308 2119 0 0 
0 0 0 0 0 0 0 0 0 0 0 0 0 0 0 0 0 0 0 0 0 0 0 3 0 122901 122862 0 0 467 0 0 52 107994588 31121316 0 0 0 0 0 57073308 2119 0 0 
0 0 0 0 0 0 0 0 0 0 0 0 0 0 0 0 0 0 0 0 0 0 0 3 0 122901 122862 0 0 467 0 0 52 107994588 31121316 0 0 0 0 0 57073308 2119 0 0 
