0 0 0 0 0 0 0 0 0 0 0 0 0 0 0 0 0 0 0 0 0 0 0 3 0 52582 52578 0 0 170 0 0 22 50007587 0 0 0 0 0 0 22326506 713 0 0 
0 0 0 0 0 0 0 0 0 0 0 0 0 0 0 0 0 0 0 0 0 0 0 3 52577 0 0 8 0 0 171 22 0 10249167 23596175 16159343 0 0 0 22329151 0 0 713 0 
0 0 0 0 0 0 0 0 0 0 0 0 0 0 0 0 0 0 0 0 0 0 0 3 0 52582 52578 0 0 170 0 0 22 50007587 0 0 0 0 0 0 22326506 713 0 0 
0 0 0 0 0 0 0 0 0 0 0 0 0 0 0 0 0 0 0 0 0 0 0 3 52577 0 0 8 0 0 171 22 0 10249167 23596175 16159343 0 0 0 22329151 0 0 713 0 
0 0 0 0 0 0 0 0 0 0 0 0 0 0 0 0 0 0 0 0 0 0 0 3 0 52582 52578 0 0 170 0 0 22 50007587 0 0 0 0 0 0 22326506 713 0 0 
0 0 0 0 0 0 0 0 0 0 0 0 0 0 0 0 0 0 0 0 0 0 0 3 52577 0 0 8 0 0 171 22 0 10249167 23596175 16159343 0 0 0 22329151 0 0 713 0 
====>
0 0 0 0 0 0 0 0 0 0 0 0 0 0 0 0 0 0 0 0 0 0 0 3 0 52582 52582 0 0 179 0 0 22 50044615 0 0 0 0 0 0 22334191 713 0 0 
0 0 0 0 0 0 0 0 0 0 0 0 0 0 0 0 0 0 0 0 0 0 0 3 52581 0 0 8 0 0 180 22 0 10249170 23631620 16160933 0 0 0 22336836 0 0 713 0 
0 0 0 0 0 0 0 0 0 0 0 0 0 0 0 0 0 0 0 0 0 0 0 3 0 52590 52590 0 0 180 0 0 22 50183659 0 0 0 0 0 0 22335629 713 0 0 
0 0 0 0 0 0 0 0 0 0 0 0 0 0 0 0 0 0 0 0 0 0 0 3 52589 0 0 8 0 0 181 22 0 10249180 23769469 16162193 0 0 0 22338274 0 0 713 0 
0 0 0 0 0 0 0 0 0 0 0 0 0 0 0 0 0 0 0 0 0 0 0 3 0 52598 52598 0 0 180 0 0 22 50195814 0 0 0 0 0 0 22342268 713 0 0 
0 0 0 0 0 0 0 0 0 0 0 0 0 0 0 0 0 0 0 0 0 0 0 3 52597 0 0 8 0 0 181 22 0 10249194 23776645 16167159 0 0 0 22344913 0 0 713 0 
0 0 0 0 0 0 0 0 0 0 0 0 0 0 0 0 0 0 0 0 0 0 0 3 0 52602 52602 0 0 180 0 0 22 50255450 0 0 0 0 0 0 22356250 713 0 0 
0 0 0 0 0 0 0 0 0 0 0 0 0 0 0 0 0 0 0 0 0 0 0 3 52601 0 0 8 0 0 181 22 0 10276873 23801889 16173919 0 0 0 22358895 0 0 713 0 
0 0 0 0 0 0 0 0 0 0 0 0 0 0 0 0 0 0 0 0 0 0 0 3 0 52602 52602 0 0 180 0 0 22 50368879 0 0 0 0 0 0 22371929 713 0 0 
0 0 0 0 0 0 0 0 0 0 0 0 0 0 0 0 0 0 0 0 0 0 0 3 52601 0 0 8 0 0 181 22 0 10315364 23870931 16179870 0 0 0 22374574 0 0 713 0 
0 0 0 0 0 0 0 0 0 0 0 0 0 0 0 0 0 0 0 0 0 0 0 3 0 52614 52614 0 0 180 0 0 22 50411581 0 0 0 0 0 0 22411203 713 0 0 
0 0 0 0 0 0 0 0 0 0 0 0 0 0 0 0 0 0 0 0 0 0 0 3 52613 0 0 8 0 0 181 22 0 10315379 23878618 16214832 0 0 0 22413858 0 0 713 0 
0 0 0 0 0 0 0 0 0 0 0 0 0 0 0 0 0 0 0 0 0 0 0 3 0 52618 52618 0 0 180 0 0 22 50439116 0 0 0 0 0 0 22433126 713 0 0 
0 0 0 0 0 0 0 0 0 0 0 0 0 0 0 0 0 0 0 0 0 0 0 3 52617 0 0 8 0 0 181 22 0 10315388 23900544 16220432 0 0 0 22435781 0 0 713 0 
0 0 0 0 0 0 0 0 0 0 0 0 0 0 0 0 0 0 0 0 0 0 0 3 0 52622 52622 0 0 180 0 0 22 50481943 0 0 0 0 0 0 22445473 713 0 0 
0 0 0 0 0 0 0 0 0 0 0 0 0 0 0 0 0 0 0 0 0 0 0 3 52621 0 0 8 0 0 181 22 0 10334202 23918778 16226213 0 0 0 22448128 0 0 713 0 
0 0 0 0 0 0 0 0 0 0 0 0 0 0 0 0 0 0 0 0 0 0 0 3 0 52626 52626 0 0 180 0 0 22 50574934 0 0 0 0 0 0 22484739 713 0 0 
0 0 0 0 0 0 0 0 0 0 0 0 0 0 0 0 0 0 0 0 0 0 0 3 52625 0 0 8 0 0 181 22 0 10361173 23966961 16244052 0 0 0 22487411 0 0 713 0 
0 0 0 0 0 0 0 0 0 0 0 0 0 0 0 0 0 0 0 0 0 0 0 3 0 52630 52630 0 0 180 0 0 22 50711314 0 0 0 0 0 0 22549017 713 0 0 
0 0 0 0 0 0 0 0 0 0 0 0 0 0 0 0 0 0 0 0 0 0 0 3 52629 0 0 8 0 0 181 22 0 10390615 24011971 16305892 0 0 0 22551712 0 0 713 0 
0 0 0 0 0 0 0 0 0 0 0 0 0 0 0 0 0 0 0 0 0 0 0 3 0 52630 52630 0 0 180 0 0 22 50803350 0 0 0 0 0 0 22591796 713 0 0 
0 0 0 0 0 0 0 0 0 0 0 0 0 0 0 0 0 0 0 0 0 0 0 3 52629 0 0 8 0 0 181 22 0 10414850 24051715 16333898 0 0 0 22594494 0 0 713 0 
0 0 0 0 0 0 0 0 0 0 0 0 0 0 0 0 0 0 0 0 0 0 0 3 0 52634 52634 0 0 180 0 0 22 50902818 0 0 0 0 0 0 22639698 713 0 0 
0 0 0 0 0 0 0 0 0 0 0 0 0 0 0 0 0 0 0 0 0 0 0 3 52633 0 0 8 0 0 181 22 0 10445511 24092075 16362314 0 0 0 22642408 0 0 713 0 
0 0 0 0 0 0 0 0 0 0 0 0 0 0 0 0 0 0 0 0 0 0 0 3 0 52638 52638 0 0 180 0 0 22 50958369 0 0 0 0 0 0 22652734 713 0 0 
0 0 0 0 0 0 0 0 0 0 0 0 0 0 0 0 0 0 0 0 0 0 0 3 52637 0 0 8 0 0 181 22 0 10447626 24120856 16386954 0 0 0 22655443 0 0 713 0 
0 0 0 0 0 0 0 0 0 0 0 0 0 0 0 0 0 0 0 0 0 0 0 3 0 52646 52646 0 0 180 0 0 22 51022679 0 0 0 0 0 0 22690932 713 0 0 
0 0 0 0 0 0 0 0 0 0 0 0 0 0 0 0 0 0 0 0 0 0 0 3 52645 0 0 8 0 0 181 22 0 10472482 24145194 16402054 0 0 0 22693648 0 0 713 0 
0 0 0 0 0 0 0 0 0 0 0 0 0 0 0 0 0 0 0 0 0 0 0 3 0 52650 52650 0 0 180 0 0 22 51113256 0 0 0 0 0 0 22724090 713 0 0 
0 0 0 0 0 0 0 0 0 0 0 0 0 0 0 0 0 0 0 0 0 0 0 3 52649 0 0 8 0 0 181 22 0 10488453 24187787 16434061 0 0 0 22726807 0 0 713 0 
0 0 0 0 0 0 0 0 0 0 0 0 0 0 0 0 0 0 0 0 0 0 0 3 0 52650 52650 0 0 180 0 0 22 51205234 0 0 0 0 0 0 22772118 713 0 0 
0 0 0 0 0 0 0 0 0 0 0 0 0 0 0 0 0 0 0 0 0 0 0 3 52649 0 0 8 0 0 181 22 0 10513565 24228774 16459942 0 0 0 22774841 0 0 713 0 
0 0 0 0 0 0 0 0 0 0 0 0 0 0 0 0 0 0 0 0 0 0 0 3 0 52656 52654 0 0 180 0 0 22 51241962 0 0 0 0 0 0 22780235 713 0 0 
0 0 0 0 0 0 0 0 0 0 0 0 0 0 0 0 0 0 0 0 0 0 0 3 52653 0 0 8 0 0 181 22 0 10513822 24248381 16476808 0 0 0 22782958 0 0 713 0 
0 0 0 0 0 0 0 0 0 0 0 0 0 0 0 0 0 0 0 0 0 0 0 3 0 52662 52662 0 0 180 0 0 22 51300641 0 0 0 0 0 0 22815629 713 0 0 
0 0 0 0 0 0 0 0 0 0 0 0 0 0 0 0 0 0 0 0 0 0 0 3 52661 0 0 8 0 0 181 22 0 10536151 24270786 16490752 0 0 0 22818360 0 0 713 0 
0 0 0 0 0 0 0 0 0 0 0 0 0 0 0 0 0 0 0 0 0 0 0 3 0 52666 52666 0 0 180 0 0 22 51395504 0 0 0 0 0 0 22850073 713 0 0 
0 0 0 0 0 0 0 0 0 0 0 0 0 0 0 0 0 0 0 0 0 0 0 3 52665 0 0 8 0 0 181 22 0 10553229 24315103 16524214 0 0 0 22852809 0 0 713 0 
0 0 0 0 0 0 0 0 0 0 0 0 0 0 0 0 0 0 0 0 0 0 0 3 0 52666 52666 0 0 180 0 0 22 51484962 0 0 0 0 0 0 22898839 713 0 0 
0 0 0 0 0 0 0 0 0 0 0 0 0 0 0 0 0 0 0 0 0 0 0 3 52665 0 0 8 0 0 181 22 0 10579627 24354189 16548178 0 0 0 22901579 0 0 713 0 
0 0 0 0 0 0 0 0 0 0 0 0 0 0 0 0 0 0 0 0 0 0 0 3 0 52670 52670 0 0 180 0 0 22 51530849 0 0 0 0 0 0 22910923 713 0 0 
0 0 0 0 0 0 0 0 0 0 0 0 0 0 0 0 0 0 0 0 0 0 0 3 52669 0 0 8 0 0 181 22 0 10580016 24379096 16568768 0 0 0 22913662 0 0 713 0 
0 0 0 0 0 0 0 0 0 0 0 0 0 0 0 0 0 0 0 0 0 0 0 3 0 52678 52678 0 0 180 0 0 22 51585565 0 0 0 0 0 0 22943352 713 0 0 
0 0 0 0 0 0 0 0 0 0 0 0 0 0 0 0 0 0 0 0 0 0 0 3 52677 0 0 8 0 0 181 22 0 10599890 24400205 16582489 0 0 0 22946100 0 0 713 0 
0 0 0 0 0 0 0 0 0 0 0 0 0 0 0 0 0 0 0 0 0 0 0 3 0 52682 52682 0 0 180 0 0 22 51676850 0 0 0 0 0 0 22977025 713 0 0 
0 0 0 0 0 0 0 0 0 0 0 0 0 0 0 0 0 0 0 0 0 0 0 3 52681 0 0 8 0 0 181 22 0 10614388 24444916 16614550 0 0 0 22979774 0 0 713 0 
0 0 0 0 0 0 0 0 0 0 0 0 0 0 0 0 0 0 0 0 0 0 0 3 0 52682 52682 0 0 180 0 0 22 51771094 0 0 0 0 0 0 23029201 713 0 0 
0 0 0 0 0 0 0 0 0 0 0 0 0 0 0 0 0 0 0 0 0 0 0 3 52681 0 0 8 0 0 181 22 0 10645269 24483693 16639129 0 0 0 23031954 0 0 713 0 
0 0 0 0 0 0 0 0 0 0 0 0 0 0 0 0 0 0 0 0 0 0 0 3 0 52686 52686 0 0 180 0 0 22 51821520 0 0 0 0 0 0 23044138 713 0 0 
0 0 0 0 0 0 0 0 0 0 0 0 0 0 0 0 0 0 0 0 0 0 0 3 52685 0 0 8 0 0 181 22 0 10646212 24512335 16659969 0 0 0 23046891 0 0 713 0 
0 0 0 0 0 0 0 0 0 0 0 0 0 0 0 0 0 0 0 0 0 0 0 3 0 52694 52694 0 0 180 0 0 22 51884351 0 0 0 0 0 0 23082099 713 0 0 
0 0 0 0 0 0 0 0 0 0 0 0 0 0 0 0 0 0 0 0 0 0 0 3 52693 0 0 8 0 0 181 22 0 10670712 24535812 16674828 0 0 0 23084859 0 0 713 0 
0 0 0 0 0 0 0 0 0 0 0 0 0 0 0 0 0 0 0 0 0 0 0 3 0 52698 52698 0 0 180 0 0 22 51972974 0 0 0 0 0 0 23111604 713 0 0 
0 0 0 0 0 0 0 0 0 0 0 0 0 0 0 0 0 0 0 0 0 0 0 3 52697 0 0 8 0 0 181 22 0 10685339 24576938 16707687 0 0 0 23114366 0 0 713 0 
0 0 0 0 0 0 0 0 0 0 0 0 0 0 0 0 0 0 0 0 0 0 0 3 0 52698 52698 0 0 180 0 0 22 52063969 0 0 0 0 0 0 23159720 713 0 0 
0 0 0 0 0 0 0 0 0 0 0 0 0 0 0 0 0 0 0 0 0 0 0 3 52697 0 0 8 0 0 181 22 0 10712402 24615849 16732697 0 0 0 23162481 0 0 713 0 
0 0 0 0 0 0 0 0 0 0 0 0 0 0 0 0 0 0 0 0 0 0 0 3 0 52702 52702 0 0 180 0 0 22 52110859 0 0 0 0 0 0 23177334 713 0 0 
0 0 0 0 0 0 0 0 0 0 0 0 0 0 0 0 0 0 0 0 0 0 0 3 52701 0 0 8 0 0 181 22 0 10712407 24645551 16749870 0 0 0 23180095 0 0 713 0 
0 0 0 0 0 0 0 0 0 0 0 0 0 0 0 0 0 0 0 0 0 0 0 3 0 52710 52710 0 0 180 0 0 22 52182423 0 0 0 0 0 0 23220163 713 0 0 
0 0 0 0 0 0 0 0 0 0 0 0 0 0 0 0 0 0 0 0 0 0 0 3 52709 0 0 8 0 0 181 22 0 10740067 24672465 16766864 0 0 0 23222936 0 0 713 0 
0 0 0 0 0 0 0 0 0 0 0 0 0 0 0 0 0 0 0 0 0 0 0 3 0 52714 52714 0 0 180 0 0 22 52272812 0 0 0 0 0 0 23252766 713 0 0 
0 0 0 0 0 0 0 0 0 0 0 0 0 0 0 0 0 0 0 0 0 0 0 3 52713 0 0 8 0 0 181 22 0 10756370 24714628 16798757 0 0 0 23255540 0 0 713 0 
0 0 0 0 0 0 0 0 0 0 0 0 0 0 0 0 0 0 0 0 0 0 0 3 0 52714 52714 0 0 180 0 0 22 52367789 0 0 0 0 0 0 23295225 713 0 0 
0 0 0 0 0 0 0 0 0 0 0 0 0 0 0 0 0 0 0 0 0 0 0 3 52713 0 0 8 0 0 181 22 0 10778597 24757920 16828188 0 0 0 23298000 0 0 713 0 
0 0 0 0 0 0 0 0 0 0 0 0 0 0 0 0 0 0 0 0 0 0 0 3 0 52718 52718 0 0 180 0 0 22 52404094 0 0 0 0 0 0 23314032 713 0 0 
0 0 0 0 0 0 0 0 0 0 0 0 0 0 0 0 0 0 0 0 0 0 0 3 52717 0 0 8 0 0 181 22 0 10778602 24782274 16840133 0 0 0 23316808 0 0 713 0 
0 0 0 0 0 0 0 0 0 0 0 0 0 0 0 0 0 0 0 0 0 0 0 3 0 52726 52726 0 0 180 0 0 22 52461576 0 0 0 0 0 0 23348471 713 0 0 
0 0 0 0 0 0 0 0 0 0 0 0 0 0 0 0 0 0 0 0 0 0 0 3 52725 0 0 8 0 0 181 22 0 10800602 24803827 16854061 0 0 0 23351262 0 0 713 0 
0 0 0 0 0 0 0 0 0 0 0 0 0 0 0 0 0 0 0 0 0 0 0 3 0 52730 52730 0 0 180 0 0 22 52554740 0 0 0 0 0 0 23381857 713 0 0 
0 0 0 0 0 0 0 0 0 0 0 0 0 0 0 0 0 0 0 0 0 0 0 3 52729 0 0 8 0 0 181 22 0 10817501 24847382 16886758 0 0 0 23384653 0 0 713 0 
0 0 0 0 0 0 0 0 0 0 0 0 0 0 0 0 0 0 0 0 0 0 0 3 0 52730 52730 0 0 180 0 0 22 52646674 0 0 0 0 0 0 23430837 713 0 0 
0 0 0 0 0 0 0 0 0 0 0 0 0 0 0 0 0 0 0 0 0 0 0 3 52729 0 0 8 0 0 181 22 0 10844534 24886815 16912206 0 0 0 23433633 0 0 713 0 
0 0 0 0 0 0 0 0 0 0 0 0 0 0 0 0 0 0 0 0 0 0 0 3 0 52734 52734 0 0 180 0 0 22 52692472 0 0 0 0 0 0 23445405 713 0 0 
0 0 0 0 0 0 0 0 0 0 0 0 0 0 0 0 0 0 0 0 0 0 0 3 52733 0 0 8 0 0 181 22 0 10844795 24913679 16930881 0 0 0 23448202 0 0 713 0 
0 0 0 0 0 0 0 0 0 0 0 0 0 0 0 0 0 0 0 0 0 0 0 3 0 52742 52742 0 0 180 0 0 22 52748876 0 0 0 0 0 0 23478868 713 0 0 
0 0 0 0 0 0 0 0 0 0 0 0 0 0 0 0 0 0 0 0 0 0 0 3 52741 0 0 8 0 0 181 22 0 10865027 24935502 16945231 0 0 0 23481666 0 0 713 0 
0 0 0 0 0 0 0 0 0 0 0 0 0 0 0 0 0 0 0 0 0 0 0 3 0 52746 52746 0 0 180 0 0 22 52839413 0 0 0 0 0 0 23511735 713 0 0 
0 0 0 0 0 0 0 0 0 0 0 0 0 0 0 0 0 0 0 0 0 0 0 3 52745 0 0 8 0 0 181 22 0 10881036 24978145 16977101 0 0 0 23514534 0 0 713 0 
0 0 0 0 0 0 0 0 0 0 0 0 0 0 0 0 0 0 0 0 0 0 0 3 0 52746 52746 0 0 180 0 0 22 52932754 0 0 0 0 0 0 23562501 713 0 0 
0 0 0 0 0 0 0 0 0 0 0 0 0 0 0 0 0 0 0 0 0 0 0 3 52745 0 0 8 0 0 181 22 0 10910347 25017207 17002058 0 0 0 23565313 0 0 713 0 
0 0 0 0 0 0 0 0 0 0 0 0 0 0 0 0 0 0 0 0 0 0 0 3 0 52750 52750 0 0 180 0 0 22 52983899 0 0 0 0 0 0 23580249 713 0 0 
0 0 0 0 0 0 0 0 0 0 0 0 0 0 0 0 0 0 0 0 0 0 0 3 52749 0 0 8 0 0 181 22 0 10910992 25048549 17021215 0 0 0 23583060 0 0 713 0 
0 0 0 0 0 0 0 0 0 0 0 0 0 0 0 0 0 0 0 0 0 0 0 3 0 52758 52758 0 0 180 0 0 22 53049280 0 0 0 0 0 0 23619720 713 0 0 
0 0 0 0 0 0 0 0 0 0 0 0 0 0 0 0 0 0 0 0 0 0 0 3 52757 0 0 8 0 0 181 22 0 10935107 25074150 17036880 0 0 0 23622542 0 0 713 0 
0 0 0 0 0 0 0 0 0 0 0 0 0 0 0 0 0 0 0 0 0 0 0 3 0 52762 52762 0 0 180 0 0 22 53141803 0 0 0 0 0 0 23653512 713 0 0 
0 0 0 0 0 0 0 0 0 0 0 0 0 0 0 0 0 0 0 0 0 0 0 3 52761 0 0 8 0 0 181 22 0 10952199 25117069 17069382 0 0 0 23656339 0 0 713 0 
0 0 0 0 0 0 0 0 0 0 0 0 0 0 0 0 0 0 0 0 0 0 0 3 0 52762 52762 0 0 180 0 0 22 53232906 0 0 0 0 0 0 23699621 713 0 0 
0 0 0 0 0 0 0 0 0 0 0 0 0 0 0 0 0 0 0 0 0 0 0 3 52761 0 0 8 0 0 181 22 0 10977182 25157224 17095327 0 0 0 23702454 0 0 713 0 
0 0 0 0 0 0 0 0 0 0 0 0 0 0 0 0 0 0 0 0 0 0 0 3 0 52766 52766 0 0 180 0 0 22 53275734 0 0 0 0 0 0 23714886 713 0 0 
0 0 0 0 0 0 0 0 0 0 0 0 0 0 0 0 0 0 0 0 0 0 0 3 52765 0 0 8 0 0 181 22 0 10977187 25183215 17112155 0 0 0 23717719 0 0 713 0 
0 0 0 0 0 0 0 0 0 0 0 0 0 0 0 0 0 0 0 0 0 0 0 3 0 52774 52774 0 0 180 0 0 22 53341803 0 0 0 0 0 0 23754500 713 0 0 
0 0 0 0 0 0 0 0 0 0 0 0 0 0 0 0 0 0 0 0 0 0 0 3 52773 0 0 8 0 0 181 22 0 11001882 25208533 17128207 0 0 0 23757335 0 0 713 0 
0 0 0 0 0 0 0 0 0 0 0 0 0 0 0 0 0 0 0 0 0 0 0 3 0 52778 52778 0 0 180 0 0 22 53431185 0 0 0 0 0 0 23787112 713 0 0 
0 0 0 0 0 0 0 0 0 0 0 0 0 0 0 0 0 0 0 0 0 0 0 3 52777 0 0 8 0 0 181 22 0 11015548 25252461 17159990 0 0 0 23789952 0 0 713 0 
0 0 0 0 0 0 0 0 0 0 0 0 0 0 0 0 0 0 0 0 0 0 0 3 0 52778 52778 0 0 180 0 0 22 53521186 0 0 0 0 0 0 23835409 713 0 0 
0 0 0 0 0 0 0 0 0 0 0 0 0 0 0 0 0 0 0 0 0 0 0 3 52777 0 0 8 0 0 181 22 0 11042224 25291137 17184631 0 0 0 23838249 0 0 713 0 
0 0 0 0 0 0 0 0 0 0 0 0 0 0 0 0 0 0 0 0 0 0 0 3 0 52782 52782 0 0 180 0 0 22 53571303 0 0 0 0 0 0 23851723 713 0 0 
0 0 0 0 0 0 0 0 0 0 0 0 0 0 0 0 0 0 0 0 0 0 0 3 52781 0 0 8 0 0 181 22 0 11043380 25320073 17204660 0 0 0 23854562 0 0 713 0 
0 0 0 0 0 0 0 0 0 0 0 0 0 0 0 0 0 0 0 0 0 0 0 3 0 52790 52790 0 0 180 0 0 22 53641609 0 0 0 0 0 0 23894198 713 0 0 
0 0 0 0 0 0 0 0 0 0 0 0 0 0 0 0 0 0 0 0 0 0 0 3 52789 0 0 8 0 0 181 22 0 11071426 25345903 17221092 0 0 0 23897045 0 0 713 0 
0 0 0 0 0 0 0 0 0 0 0 0 0 0 0 0 0 0 0 0 0 0 0 3 0 52794 52794 0 0 180 0 0 22 53731537 0 0 0 0 0 0 23925548 713 0 0 
0 0 0 0 0 0 0 0 0 0 0 0 0 0 0 0 0 0 0 0 0 0 0 3 52793 0 0 8 0 0 181 22 0 11085708 25388814 17253808 0 0 0 23928403 0 0 713 0 
0 0 0 0 0 0 0 0 0 0 0 0 0 0 0 0 0 0 0 0 0 0 0 3 0 52794 52794 0 0 180 0 0 22 53821871 0 0 0 0 0 0 23969253 713 0 0 
0 0 0 0 0 0 0 0 0 0 0 0 0 0 0 0 0 0 0 0 0 0 0 3 52793 0 0 8 0 0 181 22 0 11109573 25428179 17280887 0 0 0 23972116 0 0 713 0 
0 0 0 0 0 0 0 0 0 0 0 0 0 0 0 0 0 0 0 0 0 0 0 3 0 52800 52798 0 0 180 0 0 22 53858267 0 0 0 0 0 0 23981872 713 0 0 
0 0 0 0 0 0 0 0 0 0 0 0 0 0 0 0 0 0 0 0 0 0 0 3 52797 0 0 8 0 0 181 22 0 11109579 25450251 17295207 0 0 0 23984735 0 0 713 0 
0 0 0 0 0 0 0 0 0 0 0 0 0 0 0 0 0 0 0 0 0 0 0 3 0 52806 52806 0 0 180 0 0 22 53938904 0 0 0 0 0 0 24029080 713 0 0 
0 0 0 0 0 0 0 0 0 0 0 0 0 0 0 0 0 0 0 0 0 0 0 3 52804 0 0 8 0 0 181 22 0 11139158 25481590 17314921 0 0 0 24031953 0 0 713 0 
0 0 0 0 0 0 0 0 0 0 0 0 0 0 0 0 0 0 0 0 0 0 0 3 0 52810 52810 0 0 180 0 0 22 54031140 0 0 0 0 0 0 24063415 713 0 0 
0 0 0 0 0 0 0 0 0 0 0 0 0 0 0 0 0 0 0 0 0 0 0 3 52808 0 0 8 0 0 181 22 0 11158248 25522683 17346951 0 0 0 24066288 0 0 713 0 
0 0 0 0 0 0 0 0 0 0 0 0 0 0 0 0 0 0 0 0 0 0 0 3 0 52811 52810 0 0 180 0 0 22 54125098 0 0 0 0 0 0 24098039 713 0 0 
0 0 0 0 0 0 0 0 0 0 0 0 0 0 0 0 0 0 0 0 0 0 0 3 52808 0 0 8 0 0 181 22 0 11175770 25566402 17379656 0 0 0 24100913 0 0 713 0 
0 0 0 0 0 0 0 0 0 0 0 0 0 0 0 0 0 0 0 0 0 0 0 3 0 52818 52818 0 0 180 0 0 22 54150320 0 0 0 0 0 0 24117697 713 0 0 
0 0 0 0 0 0 0 0 0 0 0 0 0 0 0 0 0 0 0 0 0 0 0 3 52816 0 0 8 0 0 181 22 0 11176039 25586095 17384916 0 0 0 24120571 0 0 713 0 
0 0 0 0 0 0 0 0 0 0 0 0 0 0 0 0 0 0 0 0 0 0 0 3 0 52822 52822 0 0 180 0 0 22 54237052 0 0 0 0 0 0 24168294 713 0 0 
0 0 0 0 0 0 0 0 0 0 0 0 0 0 0 0 0 0 0 0 0 0 0 3 52820 0 0 8 0 0 181 22 0 11206252 25621186 17406342 0 0 0 24171182 0 0 713 0 
0 0 0 0 0 0 0 0 0 0 0 0 0 0 0 0 0 0 0 0 0 0 0 3 0 52826 52826 0 0 180 0 0 22 54330652 0 0 0 0 0 0 24205398 713 0 0 
0 0 0 0 0 0 0 0 0 0 0 0 0 0 0 0 0 0 0 0 0 0 0 3 52824 0 0 8 0 0 181 22 0 11226067 25663579 17437707 0 0 0 24208294 0 0 713 0 
0 0 0 0 0 0 0 0 0 0 0 0 0 0 0 0 0 0 0 0 0 0 0 3 0 52830 52830 0 0 180 0 0 22 54420609 0 0 0 0 0 0 24236934 713 0 0 
0 0 0 0 0 0 0 0 0 0 0 0 0 0 0 0 0 0 0 0 0 0 0 3 52828 0 0 8 0 0 181 22 0 11241968 25705372 17469962 0 0 0 24239838 0 0 713 0 
0 0 0 0 0 0 0 0 0 0 0 0 0 0 0 0 0 0 0 0 0 0 0 3 0 52834 52834 0 0 180 0 0 22 54441569 0 0 0 0 0 0 24251952 713 0 0 
0 0 0 0 0 0 0 0 0 0 0 0 0 0 0 0 0 0 0 0 0 0 0 3 52831 0 0 8 0 0 181 22 0 11242236 25720388 17475638 0 0 0 24254857 0 0 713 0 
0 0 0 0 0 0 0 0 0 0 0 0 0 0 0 0 0 0 0 0 0 0 0 3 0 52838 52838 0 0 180 0 0 22 54532295 0 0 0 0 0 0 24303602 713 0 0 
0 0 0 0 0 0 0 0 0 0 0 0 0 0 0 0 0 0 0 0 0 0 0 3 52835 0 0 8 0 0 181 22 0 11273184 25757212 17498575 0 0 0 24306520 0 0 713 0 
0 0 0 0 0 0 0 0 0 0 0 0 0 0 0 0 0 0 0 0 0 0 0 3 0 52842 52842 0 0 180 0 0 22 54633418 0 0 0 0 0 0 24345280 713 0 0 
0 0 0 0 0 0 0 0 0 0 0 0 0 0 0 0 0 0 0 0 0 0 0 3 52839 0 0 8 0 0 181 22 0 11298402 25800704 17530949 0 0 0 24348200 0 0 713 0 
0 0 0 0 0 0 0 0 0 0 0 0 0 0 0 0 0 0 0 0 0 0 0 3 0 52846 52846 0 0 180 0 0 22 54713935 0 0 0 0 0 0 24373614 713 0 0 
0 0 0 0 0 0 0 0 0 0 0 0 0 0 0 0 0 0 0 0 0 0 0 3 52843 0 0 8 0 0 181 22 0 11308163 25842080 17560333 0 0 0 24376533 0 0 713 0 
0 0 0 0 0 0 0 0 0 0 0 0 0 0 0 0 0 0 0 0 0 0 0 3 0 52850 52850 0 0 180 0 0 22 54737896 0 0 0 0 0 0 24392191 713 0 0 
0 0 0 0 0 0 0 0 0 0 0 0 0 0 0 0 0 0 0 0 0 0 0 3 52847 0 0 8 0 0 181 22 0 11308431 25860654 17565452 0 0 0 24395110 0 0 713 0 
0 0 0 0 0 0 0 0 0 0 0 0 0 0 0 0 0 0 0 0 0 0 0 3 0 52854 52854 0 0 180 0 0 22 54827742 0 0 0 0 0 0 24443050 713 0 0 
0 0 0 0 0 0 0 0 0 0 0 0 0 0 0 0 0 0 0 0 0 0 0 3 52851 0 0 8 0 0 181 22 0 11339409 25896601 17588375 0 0 0 24445976 0 0 713 0 
0 0 0 0 0 0 0 0 0 0 0 0 0 0 0 0 0 0 0 0 0 0 0 3 0 52858 52858 0 0 180 0 0 22 54927888 0 0 0 0 0 0 24484380 713 0 0 
0 0 0 0 0 0 0 0 0 0 0 0 0 0 0 0 0 0 0 0 0 0 0 3 52855 0 0 8 0 0 181 22 0 11363989 25940170 17620359 0 0 0 24487312 0 0 713 0 
0 0 0 0 0 0 0 0 0 0 0 0 0 0 0 0 0 0 0 0 0 0 0 3 0 52862 52862 0 0 180 0 0 22 55007603 0 0 0 0 0 0 24512336 713 0 0 
0 0 0 0 0 0 0 0 0 0 0 0 0 0 0 0 0 0 0 0 0 0 0 3 52859 0 0 8 0 0 181 22 0 11374359 25980828 17649002 0 0 0 24515266 0 0 713 0 
0 0 0 0 0 0 0 0 0 0 0 0 0 0 0 0 0 0 0 0 0 0 0 3 0 52870 52870 0 0 180 0 0 22 55031865 0 0 0 0 0 0 24528462 713 0 0 
0 0 0 0 0 0 0 0 0 0 0 0 0 0 0 0 0 0 0 0 0 0 0 3 52867 0 0 8 0 0 181 22 0 11376343 25996537 17655572 0 0 0 24531395 0 0 713 0 
0 0 0 0 0 0 0 0 0 0 0 0 0 0 0 0 0 0 0 0 0 0 0 3 0 52870 52870 0 0 180 0 0 22 55128708 0 0 0 0 0 0 24581084 713 0 0 
0 0 0 0 0 0 0 0 0 0 0 0 0 0 0 0 0 0 0 0 0 0 0 3 52867 0 0 8 0 0 181 22 0 11406373 26037529 17681388 0 0 0 24584024 0 0 713 0 
0 0 0 0 0 0 0 0 0 0 0 0 0 0 0 0 0 0 0 0 0 0 0 3 0 52874 52874 0 0 180 0 0 22 55227630 0 0 0 0 0 0 24626042 713 0 0 
0 0 0 0 0 0 0 0 0 0 0 0 0 0 0 0 0 0 0 0 0 0 0 3 52871 0 0 8 0 0 181 22 0 11434223 26079056 17710931 0 0 0 24628988 0 0 713 0 
0 0 0 0 0 0 0 0 0 0 0 0 0 0 0 0 0 0 0 0 0 0 0 3 0 52878 52878 0 0 180 0 0 22 55298388 0 0 0 0 0 0 24646223 713 0 0 
0 0 0 0 0 0 0 0 0 0 0 0 0 0 0 0 0 0 0 0 0 0 0 3 52875 0 0 8 0 0 181 22 0 11440557 26114737 17739660 0 0 0 24649170 0 0 713 0 
0 0 0 0 0 0 0 0 0 0 0 0 0 0 0 0 0 0 0 0 0 0 0 3 0 52886 52886 0 0 180 0 0 22 55335761 0 0 0 0 0 0 24669155 713 0 0 
0 0 0 0 0 0 0 0 0 0 0 0 0 0 0 0 0 0 0 0 0 0 0 3 52883 0 0 8 0 0 181 22 0 11451451 26131948 17748924 0 0 0 24672110 0 0 713 0 
0 0 0 0 0 0 0 0 0 0 0 0 0 0 0 0 0 0 0 0 0 0 0 3 0 52886 52886 0 0 180 0 0 22 55424338 0 0 0 0 0 0 24714757 713 0 0 
0 0 0 0 0 0 0 0 0 0 0 0 0 0 0 0 0 0 0 0 0 0 0 3 52883 0 0 8 0 0 181 22 0 11473978 26172533 17774377 0 0 0 24717715 0 0 713 0 
0 0 0 0 0 0 0 0 0 0 0 0 0 0 0 0 0 0 0 0 0 0 0 3 0 52890 52890 0 0 180 0 0 22 55528714 0 0 0 0 0 0 24762729 713 0 0 
0 0 0 0 0 0 0 0 0 0 0 0 0 0 0 0 0 0 0 0 0 0 0 3 52887 0 0 8 0 0 181 22 0 11503821 26215697 17805745 0 0 0 24765694 0 0 713 0 
0 0 0 0 0 0 0 0 0 0 0 0 0 0 0 0 0 0 0 0 0 0 0 3 0 52894 52894 0 0 180 0 0 22 55592256 0 0 0 0 0 0 24783306 713 0 0 
0 0 0 0 0 0 0 0 0 0 0 0 0 0 0 0 0 0 0 0 0 0 0 3 52891 0 0 8 0 0 181 22 0 11506753 26251853 17830192 0 0 0 24786272 0 0 713 0 
0 0 0 0 0 0 0 0 0 0 0 0 0 0 0 0 0 0 0 0 0 0 0 3 0 52902 52902 0 0 180 0 0 22 55638834 0 0 0 0 0 0 24811749 713 0 0 
0 0 0 0 0 0 0 0 0 0 0 0 0 0 0 0 0 0 0 0 0 0 0 3 52899 0 0 8 0 0 181 22 0 11521484 26272045 17841838 0 0 0 24814723 0 0 713 0 
0 0 0 0 0 0 0 0 0 0 0 0 0 0 0 0 0 0 0 0 0 0 0 3 0 52902 52902 0 0 180 0 0 22 55729417 0 0 0 0 0 0 24851151 713 0 0 
0 0 0 0 0 0 0 0 0 0 0 0 0 0 0 0 0 0 0 0 0 0 0 3 52899 0 0 8 0 0 181 22 0 11540172 26314701 17871071 0 0 0 24854127 0 0 713 0 
0 0 0 0 0 0 0 0 0 0 0 0 0 0 0 0 0 0 0 0 0 0 0 3 0 52906 52906 0 0 180 0 0 22 55826633 0 0 0 0 0 0 24900954 713 0 0 
0 0 0 0 0 0 0 0 0 0 0 0 0 0 0 0 0 0 0 0 0 0 0 3 52903 0 0 8 0 0 181 22 0 11570895 26354104 17898148 0 0 0 24903941 0 0 713 0 
0 0 0 0 0 0 0 0 0 0 0 0 0 0 0 0 0 0 0 0 0 0 0 3 0 52910 52910 0 0 180 0 0 22 55884735 0 0 0 0 0 0 24918140 713 0 0 
0 0 0 0 0 0 0 0 0 0 0 0 0 0 0 0 0 0 0 0 0 0 0 3 52907 0 0 8 0 0 181 22 0 11572947 26386717 17921562 0 0 0 24921127 0 0 713 0 
0 0 0 0 0 0 0 0 0 0 0 0 0 0 0 0 0 0 0 0 0 0 0 3 0 52918 52918 0 0 180 0 0 22 55942335 0 0 0 0 0 0 24952869 713 0 0 
0 0 0 0 0 0 0 0 0 0 0 0 0 0 0 0 0 0 0 0 0 0 0 3 52915 0 0 8 0 0 181 22 0 11594011 26409218 17935595 0 0 0 24955864 0 0 713 0 
0 0 0 0 0 0 0 0 0 0 0 0 0 0 0 0 0 0 0 0 0 0 0 3 0 52922 52922 0 0 180 0 0 22 56033204 0 0 0 0 0 0 24985932 713 0 0 
0 0 0 0 0 0 0 0 0 0 0 0 0 0 0 0 0 0 0 0 0 0 0 3 52919 0 0 8 0 0 181 22 0 11608943 26452898 17967842 0 0 0 24988934 0 0 713 0 
0 0 0 0 0 0 0 0 0 0 0 0 0 0 0 0 0 0 0 0 0 0 0 3 0 52922 52922 0 0 180 0 0 22 56128221 0 0 0 0 0 0 25037209 713 0 0 
0 0 0 0 0 0 0 0 0 0 0 0 0 0 0 0 0 0 0 0 0 0 0 3 52919 0 0 8 0 0 181 22 0 11637981 26493248 17993463 0 0 0 25040223 0 0 713 0 
0 0 0 0 0 0 0 0 0 0 0 0 0 0 0 0 0 0 0 0 0 0 0 3 0 52926 52926 0 0 180 0 0 22 56177799 0 0 0 0 0 0 25053207 713 0 0 
0 0 0 0 0 0 0 0 0 0 0 0 0 0 0 0 0 0 0 0 0 0 0 3 52923 0 0 8 0 0 181 22 0 11639138 26521817 18013320 0 0 0 25056220 0 0 713 0 
0 0 0 0 0 0 0 0 0 0 0 0 0 0 0 0 0 0 0 0 0 0 0 3 0 52934 52934 0 0 180 0 0 22 56240180 0 0 0 0 0 0 25090732 713 0 0 
0 0 0 0 0 0 0 0 0 0 0 0 0 0 0 0 0 0 0 0 0 0 0 3 52930 0 0 8 0 0 181 22 0 11662453 26546102 18028101 0 0 0 25093751 0 0 713 0 
0 0 0 0 0 0 0 0 0 0 0 0 0 0 0 0 0 0 0 0 0 0 0 3 0 52938 52938 0 0 180 0 0 22 56329261 0 0 0 0 0 0 25123156 713 0 0 
0 0 0 0 0 0 0 0 0 0 0 0 0 0 0 0 0 0 0 0 0 0 0 3 52934 0 0 8 0 0 181 22 0 11676460 26589682 18059584 0 0 0 25126175 0 0 713 0 
0 0 0 0 0 0 0 0 0 0 0 0 0 0 0 0 0 0 0 0 0 0 0 3 0 52938 52938 0 0 180 0 0 22 56422669 0 0 0 0 0 0 25173577 713 0 0 
0 0 0 0 0 0 0 0 0 0 0 0 0 0 0 0 0 0 0 0 0 0 0 3 52934 0 0 8 0 0 181 22 0 11705046 26629009 18085072 0 0 0 25176601 0 0 713 0 
0 0 0 0 0 0 0 0 0 0 0 0 0 0 0 0 0 0 0 0 0 0 0 3 0 52942 52942 0 0 180 0 0 22 56473994 0 0 0 0 0 0 25193678 713 0 0 
0 0 0 0 0 0 0 0 0 0 0 0 0 0 0 0 0 0 0 0 0 0 0 3 52938 0 0 8 0 0 181 22 0 11705332 26662308 18102815 0 0 0 25196703 0 0 713 0 
<====
0 0 0 0 0 0 0 0 0 0 0 0 0 0 0 0 0 0 0 0 0 0 0 3 0 52946 52942 0 0 180 0 0 22 56478530 0 0 0 0 0 0 25197179 713 0 0 
0 0 0 0 0 0 0 0 0 0 0 0 0 0 0 0 0 0 0 0 0 0 0 3 52938 0 0 8 0 0 181 22 0 11705596 26665801 18103594 0 0 0 25200203 0 0 713 0 
0 0 0 0 0 0 0 0 0 0 0 0 0 0 0 0 0 0 0 0 0 0 0 3 0 52946 52942 0 0 180 0 0 22 56478530 0 0 0 0 0 0 25197179 713 0 0 
0 0 0 0 0 0 0 0 0 0 0 0 0 0 0 0 0 0 0 0 0 0 0 3 52938 0 0 8 0 0 181 22 0 11705596 26665801 18103594 0 0 0 25200203 0 0 713 0 
0 0 0 0 0 0 0 0 0 0 0 0 0 0 0 0 0 0 0 0 0 0 0 3 0 52946 52942 0 0 180 0 0 22 56478530 0 0 0 0 0 0 25197179 713 0 0 
0 0 0 0 0 0 0 0 0 0 0 0 0 0 0 0 0 0 0 0 0 0 0 3 52938 0 0 8 0 0 181 22 0 11705596 26665801 18103594 0 0 0 25200203 0 0 713 0 
0 0 0 0 0 0 0 0 0 0 0 0 0 0 0 0 0 0 0 0 0 0 0 3 0 52946 52942 0 0 180 0 0 22 56478530 0 0 0 0 0 0 25197179 713 0 0 
0 0 0 0 0 0 0 0 0 0 0 0 0 0 0 0 0 0 0 0 0 0 0 3 52938 0 0 8 0 0 181 22 0 11705596 26665801 18103594 0 0 0 25200203 0 0 713 0 
0 0 0 0 0 0 0 0 0 0 0 0 0 0 0 0 0 0 0 0 0 0 0 3 0 52946 52942 0 0 180 0 0 22 56478530 0 0 0 0 0 0 25197179 713 0 0 
0 0 0 0 0 0 0 0 0 0 0 0 0 0 0 0 0 0 0 0 0 0 0 3 52938 0 0 8 0 0 181 22 0 11705596 26665801 18103594 0 0 0 25200203 0 0 713 0 
0 0 0 0 0 0 0 0 0 0 0 0 0 0 0 0 0 0 0 0 0 0 0 3 0 52946 52942 0 0 180 0 0 22 56478530 0 0 0 0 0 0 25197179 713 0 0 
0 0 0 0 0 0 0 0 0 0 0 0 0 0 0 0 0 0 0 0 0 0 0 3 52938 0 0 8 0 0 181 22 0 11705596 26665801 18103594 0 0 0 25200203 0 0 713 0 
0 0 0 0 0 0 0 0 0 0 0 0 0 0 0 0 0 0 0 0 0 0 0 3 0 52946 52942 0 0 180 0 0 22 56478530 0 0 0 0 0 0 25197179 713 0 0 
0 0 0 0 0 0 0 0 0 0 0 0 0 0 0 0 0 0 0 0 0 0 0 3 52938 0 0 8 0 0 181 22 0 11705596 26665801 18103594 0 0 0 25200203 0 0 713 0 
0 0 0 0 0 0 0 0 0 0 0 0 0 0 0 0 0 0 0 0 0 0 0 3 0 52946 52942 0 0 180 0 0 22 56478530 0 0 0 0 0 0 25197179 713 0 0 
0 0 0 0 0 0 0 0 0 0 0 0 0 0 0 0 0 0 0 0 0 0 0 3 52938 0 0 8 0 0 181 22 0 11705596 26665801 18103594 0 0 0 25200203 0 0 713 0 
0 0 0 0 0 0 0 0 0 0 0 0 0 0 0 0 0 0 0 0 0 0 0 3 0 52946 52942 0 0 180 0 0 22 56478530 0 0 0 0 0 0 25197179 713 0 0 
0 0 0 0 0 0 0 0 0 0 0 0 0 0 0 0 0 0 0 0 0 0 0 3 52938 0 0 8 0 0 181 22 0 11705596 26665801 18103594 0 0 0 25200203 0 0 713 0 
0 0 0 0 0 0 0 0 0 0 0 0 0 0 0 0 0 0 0 0 0 0 0 3 0 52946 52942 0 0 180 0 0 22 56478530 0 0 0 0 0 0 25197179 713 0 0 
0 0 0 0 0 0 0 0 0 0 0 0 0 0 0 0 0 0 0 0 0 0 0 3 52938 0 0 8 0 0 181 22 0 11705596 26665801 18103594 0 0 0 25200203 0 0 713 0 
0 0 0 0 0 0 0 0 0 0 0 0 0 0 0 0 0 0 0 0 0 0 0 3 0 52946 52942 0 0 180 0 0 22 56478530 0 0 0 0 0 0 25197179 713 0 0 
0 0 0 0 0 0 0 0 0 0 0 0 0 0 0 0 0 0 0 0 0 0 0 3 52938 0 0 8 0 0 181 22 0 11705596 26665801 18103594 0 0 0 25200203 0 0 713 0 
0 0 0 0 0 0 0 0 0 0 0 0 0 0 0 0 0 0 0 0 0 0 0 3 0 52946 52942 0 0 180 0 0 22 56478530 0 0 0 0 0 0 25197179 713 0 0 
0 0 0 0 0 0 0 0 0 0 0 0 0 0 0 0 0 0 0 0 0 0 0 3 52938 0 0 8 0 0 181 22 0 11705596 26665801 18103594 0 0 0 25200203 0 0 713 0 
0 0 0 0 0 0 0 0 0 0 0 0 0 0 0 0 0 0 0 0 0 0 0 3 0 52946 52942 0 0 180 0 0 22 56478530 0 0 0 0 0 0 25197179 713 0 0 
0 0 0 0 0 0 0 0 0 0 0 0 0 0 0 0 0 0 0 0 0 0 0 3 52938 0 0 8 0 0 181 22 0 11705596 26665801 18103594 0 0 0 25200203 0 0 713 0 
0 0 0 0 0 0 0 0 0 0 0 0 0 0 0 0 0 0 0 0 0 0 0 3 0 52946 52942 0 0 180 0 0 22 56478530 0 0 0 0 0 0 25197179 713 0 0 
0 0 0 0 0 0 0 0 0 0 0 0 0 0 0 0 0 0 0 0 0 0 0 3 52938 0 0 8 0 0 181 22 0 11705596 26665801 18103594 0 0 0 25200203 0 0 713 0 
0 0 0 0 0 0 0 0 0 0 0 0 0 0 0 0 0 0 0 0 0 0 0 3 0 52946 52942 0 0 180 0 0 22 56478530 0 0 0 0 0 0 25197179 713 0 0 
0 0 0 0 0 0 0 0 0 0 0 0 0 0 0 0 0 0 0 0 0 0 0 3 52938 0 0 8 0 0 181 22 0 11705596 26665801 18103594 0 0 0 25200203 0 0 713 0 
0 0 0 0 0 0 0 0 0 0 0 0 0 0 0 0 0 0 0 0 0 0 0 3 0 52946 52942 0 0 180 0 0 22 56478530 0 0 0 0 0 0 25197179 713 0 0 
0 0 0 0 0 0 0 0 0 0 0 0 0 0 0 0 0 0 0 0 0 0 0 3 52938 0 0 8 0 0 181 22 0 11705596 26665801 18103594 0 0 0 25200203 0 0 713 0 
0 0 0 0 0 0 0 0 0 0 0 0 0 0 0 0 0 0 0 0 0 0 0 3 0 52946 52942 0 0 180 0 0 22 56478530 0 0 0 0 0 0 25197179 713 0 0 
0 0 0 0 0 0 0 0 0 0 0 0 0 0 0 0 0 0 0 0 0 0 0 3 52938 0 0 8 0 0 181 22 0 11705596 26665801 18103594 0 0 0 25200203 0 0 713 0 
0 0 0 0 0 0 0 0 0 0 0 0 0 0 0 0 0 0 0 0 0 0 0 3 0 52946 52942 0 0 180 0 0 22 56478530 0 0 0 0 0 0 25197179 713 0 0 
0 0 0 0 0 0 0 0 0 0 0 0 0 0 0 0 0 0 0 0 0 0 0 3 52938 0 0 8 0 0 181 22 0 11705596 26665801 18103594 0 0 0 25200203 0 0 713 0 
0 0 0 0 0 0 0 0 0 0 0 0 0 0 0 0 0 0 0 0 0 0 0 3 0 52946 52942 0 0 180 0 0 22 56478530 0 0 0 0 0 0 25197179 713 0 0 
0 0 0 0 0 0 0 0 0 0 0 0 0 0 0 0 0 0 0 0 0 0 0 3 52938 0 0 8 0 0 181 22 0 11705596 26665801 18103594 0 0 0 25200203 0 0 713 0 
0 0 0 0 0 0 0 0 0 0 0 0 0 0 0 0 0 0 0 0 0 0 0 3 0 52946 52942 0 0 180 0 0 22 56478530 0 0 0 0 0 0 25197179 713 0 0 
0 0 0 0 0 0 0 0 0 0 0 0 0 0 0 0 0 0 0 0 0 0 0 3 52938 0 0 8 0 0 181 22 0 11705596 26665801 18103594 0 0 0 25200203 0 0 713 0 
0 0 0 0 0 0 0 0 0 0 0 0 0 0 0 0 0 0 0 0 0 0 0 3 0 52946 52942 0 0 180 0 0 22 56478530 0 0 0 0 0 0 25197179 713 0 0 
0 0 0 0 0 0 0 0 0 0 0 0 0 0 0 0 0 0 0 0 0 0 0 3 52938 0 0 8 0 0 181 22 0 11705596 26665801 18103594 0 0 0 25200203 0 0 713 0 
