0 0 0 0 0 0 0 0 0 0 0 0 0 0 0 0 0 0 0 0 0 0 0 3 0 52946 52942 0 0 180 0 0 22 56478530 0 0 0 0 0 0 25197179 713 0 0 
0 0 0 0 0 0 0 0 0 0 0 0 0 0 0 0 0 0 0 0 0 0 0 3 52938 0 0 8 0 0 181 22 0 11705596 26665801 18103594 0 0 0 25200203 0 0 713 0 
0 0 0 0 0 0 0 0 0 0 0 0 0 0 0 0 0 0 0 0 0 0 0 3 0 52946 52942 0 0 180 0 0 22 56478530 0 0 0 0 0 0 25197179 713 0 0 
0 0 0 0 0 0 0 0 0 0 0 0 0 0 0 0 0 0 0 0 0 0 0 3 52938 0 0 8 0 0 181 22 0 11705596 26665801 18103594 0 0 0 25200203 0 0 713 0 
0 0 0 0 0 0 0 0 0 0 0 0 0 0 0 0 0 0 0 0 0 0 0 3 0 52946 52942 0 0 180 0 0 22 56478530 0 0 0 0 0 0 25197179 713 0 0 
0 0 0 0 0 0 0 0 0 0 0 0 0 0 0 0 0 0 0 0 0 0 0 3 52938 0 0 8 0 0 181 22 0 11705596 26665801 18103594 0 0 0 25200203 0 0 713 0 
0 0 0 0 0 0 0 0 0 0 0 0 0 0 0 0 0 0 0 0 0 0 0 3 0 52946 52942 0 0 180 0 0 22 56478530 0 0 0 0 0 0 25197179 713 0 0 
0 0 0 0 0 0 0 0 0 0 0 0 0 0 0 0 0 0 0 0 0 0 0 3 52938 0 0 8 0 0 181 22 0 11705596 26665801 18103594 0 0 0 25200203 0 0 713 0 
0 0 0 0 0 0 0 0 0 0 0 0 0 0 0 0 0 0 0 0 0 0 0 3 0 52946 52942 0 0 180 0 0 22 56478530 0 0 0 0 0 0 25197179 713 0 0 
0 0 0 0 0 0 0 0 0 0 0 0 0 0 0 0 0 0 0 0 0 0 0 3 52938 0 0 8 0 0 181 22 0 11705596 26665801 18103594 0 0 0 25200203 0 0 713 0 
0 0 0 0 0 0 0 0 0 0 0 0 0 0 0 0 0 0 0 0 0 0 0 3 0 52946 52942 0 0 180 0 0 22 56478530 0 0 0 0 0 0 25197179 713 0 0 
0 0 0 0 0 0 0 0 0 0 0 0 0 0 0 0 0 0 0 0 0 0 0 3 52938 0 0 8 0 0 181 22 0 11705596 26665801 18103594 0 0 0 25200203 0 0 713 0 
====>
0 0 0 0 0 0 0 0 0 0 0 0 0 0 0 0 0 0 0 0 0 0 0 3 0 52950 52950 0 0 191 0 0 22 56591770 0 0 0 0 0 0 25200767 713 0 0 
0 0 0 0 0 0 0 0 0 0 0 0 0 0 0 0 0 0 0 0 0 0 0 3 52946 0 0 8 0 0 192 22 0 11705605 26777130 18105543 0 0 0 25203791 0 0 713 0 
0 0 0 0 0 0 0 0 0 0 0 0 0 0 0 0 0 0 0 0 0 0 0 3 0 52960 52958 0 0 191 0 0 22 56602465 0 0 0 0 0 0 25207712 713 0 0 
0 0 0 0 0 0 0 0 0 0 0 0 0 0 0 0 0 0 0 0 0 0 0 3 52954 0 0 8 0 0 192 22 0 11705619 26784609 18108745 0 0 0 25210736 0 0 713 0 
0 0 0 0 0 0 0 0 0 0 0 0 0 0 0 0 0 0 0 0 0 0 0 3 0 52966 52966 0 0 191 0 0 22 56654629 0 0 0 0 0 0 25217388 713 0 0 
0 0 0 0 0 0 0 0 0 0 0 0 0 0 0 0 0 0 0 0 0 0 0 3 52962 0 0 8 0 0 192 22 0 11731930 26804454 18114798 0 0 0 25220412 0 0 713 0 
0 0 0 0 0 0 0 0 0 0 0 0 0 0 0 0 0 0 0 0 0 0 0 3 0 52969 52966 0 0 191 0 0 22 56749023 0 0 0 0 0 0 25226367 713 0 0 
0 0 0 0 0 0 0 0 0 0 0 0 0 0 0 0 0 0 0 0 0 0 0 3 52962 0 0 8 0 0 192 22 0 11763759 26861401 18120521 0 0 0 25229391 0 0 713 0 
0 0 0 0 0 0 0 0 0 0 0 0 0 0 0 0 0 0 0 0 0 0 0 3 0 52978 52978 0 0 191 0 0 22 56785977 0 0 0 0 0 0 25260450 713 0 0 
0 0 0 0 0 0 0 0 0 0 0 0 0 0 0 0 0 0 0 0 0 0 0 3 52974 0 0 8 0 0 192 22 0 11763773 26866689 18152149 0 0 0 25263484 0 0 713 0 
0 0 0 0 0 0 0 0 0 0 0 0 0 0 0 0 0 0 0 0 0 0 0 3 0 52986 52982 0 0 191 0 0 22 56800636 0 0 0 0 0 0 25270756 713 0 0 
0 0 0 0 0 0 0 0 0 0 0 0 0 0 0 0 0 0 0 0 0 0 0 3 52978 0 0 8 0 0 192 22 0 11763787 26876997 18156486 0 0 0 25273790 0 0 713 0 
0 0 0 0 0 0 0 0 0 0 0 0 0 0 0 0 0 0 0 0 0 0 0 3 0 52986 52986 0 0 191 0 0 22 56871526 0 0 0 0 0 0 25280444 713 0 0 
0 0 0 0 0 0 0 0 0 0 0 0 0 0 0 0 0 0 0 0 0 0 0 3 52982 0 0 8 0 0 192 22 0 11792691 26911639 18163837 0 0 0 25283478 0 0 713 0 
0 0 0 0 0 0 0 0 0 0 0 0 0 0 0 0 0 0 0 0 0 0 0 3 0 52990 52990 0 0 191 0 0 22 56962267 0 0 0 0 0 0 25336478 713 0 0 
0 0 0 0 0 0 0 0 0 0 0 0 0 0 0 0 0 0 0 0 0 0 0 3 52986 0 0 8 0 0 192 22 0 11816769 26941135 18200987 0 0 0 25339529 0 0 713 0 
0 0 0 0 0 0 0 0 0 0 0 0 0 0 0 0 0 0 0 0 0 0 0 3 0 52994 52994 0 0 191 0 0 22 57059300 0 0 0 0 0 0 25375168 713 0 0 
0 0 0 0 0 0 0 0 0 0 0 0 0 0 0 0 0 0 0 0 0 0 0 3 52990 0 0 8 0 0 192 22 0 11840697 26973148 18242069 0 0 0 25378221 0 0 713 0 
0 0 0 0 0 0 0 0 0 0 0 0 0 0 0 0 0 0 0 0 0 0 0 3 0 52998 52998 0 0 191 0 0 22 57140491 0 0 0 0 0 0 25402671 713 0 0 
0 0 0 0 0 0 0 0 0 0 0 0 0 0 0 0 0 0 0 0 0 0 0 3 52994 0 0 8 0 0 192 22 0 11859049 27006364 18271684 0 0 0 25405723 0 0 713 0 
0 0 0 0 0 0 0 0 0 0 0 0 0 0 0 0 0 0 0 0 0 0 0 3 0 52998 52998 0 0 191 0 0 22 57211601 0 0 0 0 0 0 25432570 713 0 0 
0 0 0 0 0 0 0 0 0 0 0 0 0 0 0 0 0 0 0 0 0 0 0 3 52994 0 0 8 0 0 192 22 0 11876641 27035325 18296238 0 0 0 25435624 0 0 713 0 
0 0 0 0 0 0 0 0 0 0 0 0 0 0 0 0 0 0 0 0 0 0 0 3 0 53006 53006 0 0 191 0 0 22 57240211 0 0 0 0 0 0 25441039 713 0 0 
0 0 0 0 0 0 0 0 0 0 0 0 0 0 0 0 0 0 0 0 0 0 0 3 53002 0 0 8 0 0 192 22 0 11880761 27047659 18308399 0 0 0 25444093 0 0 713 0 
0 0 0 0 0 0 0 0 0 0 0 0 0 0 0 0 0 0 0 0 0 0 0 3 0 53010 53010 0 0 191 0 0 22 57305433 0 0 0 0 0 0 25474857 713 0 0 
0 0 0 0 0 0 0 0 0 0 0 0 0 0 0 0 0 0 0 0 0 0 0 3 53006 0 0 8 0 0 192 22 0 11901844 27072167 18328027 0 0 0 25477911 0 0 713 0 
0 0 0 0 0 0 0 0 0 0 0 0 0 0 0 0 0 0 0 0 0 0 0 3 0 53014 53014 0 0 191 0 0 22 57391612 0 0 0 0 0 0 25506659 713 0 0 
0 0 0 0 0 0 0 0 0 0 0 0 0 0 0 0 0 0 0 0 0 0 0 3 53010 0 0 8 0 0 192 22 0 11924524 27105654 18358036 0 0 0 25509710 0 0 713 0 
0 0 0 0 0 0 0 0 0 0 0 0 0 0 0 0 0 0 0 0 0 0 0 3 0 53018 53018 0 0 191 0 0 22 57466308 0 0 0 0 0 0 25530953 713 0 0 
0 0 0 0 0 0 0 0 0 0 0 0 0 0 0 0 0 0 0 0 0 0 0 3 53014 0 0 8 0 0 192 22 0 11938992 27137583 18386344 0 0 0 25534004 0 0 713 0 
0 0 0 0 0 0 0 0 0 0 0 0 0 0 0 0 0 0 0 0 0 0 0 3 0 53026 53026 0 0 191 0 0 22 57483931 0 0 0 0 0 0 25541203 713 0 0 
0 0 0 0 0 0 0 0 0 0 0 0 0 0 0 0 0 0 0 0 0 0 0 3 53022 0 0 8 0 0 192 22 0 11941787 27146609 18392147 0 0 0 25544254 0 0 713 0 
0 0 0 0 0 0 0 0 0 0 0 0 0 0 0 0 0 0 0 0 0 0 0 3 0 53026 53026 0 0 191 0 0 22 57553986 0 0 0 0 0 0 25576057 713 0 0 
0 0 0 0 0 0 0 0 0 0 0 0 0 0 0 0 0 0 0 0 0 0 0 3 53022 0 0 8 0 0 192 22 0 11962281 27174457 18413859 0 0 0 25579111 0 0 713 0 
0 0 0 0 0 0 0 0 0 0 0 0 0 0 0 0 0 0 0 0 0 0 0 3 0 53030 53030 0 0 191 0 0 22 57637171 0 0 0 0 0 0 25608030 713 0 0 
0 0 0 0 0 0 0 0 0 0 0 0 0 0 0 0 0 0 0 0 0 0 0 3 53026 0 0 8 0 0 192 22 0 11985211 27206247 18442330 0 0 0 25611090 0 0 713 0 
0 0 0 0 0 0 0 0 0 0 0 0 0 0 0 0 0 0 0 0 0 0 0 3 0 53034 53034 0 0 191 0 0 22 57704652 0 0 0 0 0 0 25628113 713 0 0 
0 0 0 0 0 0 0 0 0 0 0 0 0 0 0 0 0 0 0 0 0 0 0 3 53030 0 0 8 0 0 192 22 0 11997406 27234760 18469103 0 0 0 25631174 0 0 713 0 
0 0 0 0 0 0 0 0 0 0 0 0 0 0 0 0 0 0 0 0 0 0 0 3 0 53042 53042 0 0 191 0 0 22 57733524 0 0 0 0 0 0 25644761 713 0 0 
0 0 0 0 0 0 0 0 0 0 0 0 0 0 0 0 0 0 0 0 0 0 0 3 53038 0 0 8 0 0 192 22 0 12006123 27246440 18477574 0 0 0 25647824 0 0 713 0 
0 0 0 0 0 0 0 0 0 0 0 0 0 0 0 0 0 0 0 0 0 0 0 3 0 53042 53042 0 0 191 0 0 22 57803213 0 0 0 0 0 0 25673777 713 0 0 
0 0 0 0 0 0 0 0 0 0 0 0 0 0 0 0 0 0 0 0 0 0 0 3 53038 0 0 8 0 0 192 22 0 12023059 27274868 18501897 0 0 0 25676844 0 0 713 0 
0 0 0 0 0 0 0 0 0 0 0 0 0 0 0 0 0 0 0 0 0 0 0 3 0 53046 53046 0 0 191 0 0 22 57882143 0 0 0 0 0 0 25706825 713 0 0 
0 0 0 0 0 0 0 0 0 0 0 0 0 0 0 0 0 0 0 0 0 0 0 3 53042 0 0 8 0 0 192 22 0 12045541 27305173 18528040 0 0 0 25709898 0 0 713 0 
0 0 0 0 0 0 0 0 0 0 0 0 0 0 0 0 0 0 0 0 0 0 0 3 0 53050 53050 0 0 191 0 0 22 57944017 0 0 0 0 0 0 25725499 713 0 0 
0 0 0 0 0 0 0 0 0 0 0 0 0 0 0 0 0 0 0 0 0 0 0 3 53046 0 0 8 0 0 192 22 0 12055821 27332165 18552650 0 0 0 25728572 0 0 713 0 
0 0 0 0 0 0 0 0 0 0 0 0 0 0 0 0 0 0 0 0 0 0 0 3 0 53058 53058 0 0 191 0 0 22 57986554 0 0 0 0 0 0 25749378 713 0 0 
0 0 0 0 0 0 0 0 0 0 0 0 0 0 0 0 0 0 0 0 0 0 0 3 53054 0 0 8 0 0 192 22 0 12072260 27346440 18564475 0 0 0 25752451 0 0 713 0 
0 0 0 0 0 0 0 0 0 0 0 0 0 0 0 0 0 0 0 0 0 0 0 3 0 53062 53062 0 0 191 0 0 22 58065957 0 0 0 0 0 0 25774204 713 0 0 
0 0 0 0 0 0 0 0 0 0 0 0 0 0 0 0 0 0 0 0 0 0 0 3 53058 0 0 8 0 0 192 22 0 12088159 27379535 18594873 0 0 0 25777278 0 0 713 0 
0 0 0 0 0 0 0 0 0 0 0 0 0 0 0 0 0 0 0 0 0 0 0 3 0 53062 53062 0 0 191 0 0 22 58132414 0 0 0 0 0 0 25806817 713 0 0 
0 0 0 0 0 0 0 0 0 0 0 0 0 0 0 0 0 0 0 0 0 0 0 3 53058 0 0 8 0 0 192 22 0 12108424 27405071 18615529 0 0 0 25809894 0 0 713 0 
0 0 0 0 0 0 0 0 0 0 0 0 0 0 0 0 0 0 0 0 0 0 0 3 0 53070 53070 0 0 191 0 0 22 58175478 0 0 0 0 0 0 25816901 713 0 0 
0 0 0 0 0 0 0 0 0 0 0 0 0 0 0 0 0 0 0 0 0 0 0 3 53066 0 0 8 0 0 192 22 0 12114415 27423580 18634096 0 0 0 25819977 0 0 713 0 
0 0 0 0 0 0 0 0 0 0 0 0 0 0 0 0 0 0 0 0 0 0 0 3 0 53074 53074 0 0 191 0 0 22 58238243 0 0 0 0 0 0 25849699 713 0 0 
0 0 0 0 0 0 0 0 0 0 0 0 0 0 0 0 0 0 0 0 0 0 0 3 53070 0 0 8 0 0 192 22 0 12135338 27446789 18652732 0 0 0 25852777 0 0 713 0 
0 0 0 0 0 0 0 0 0 0 0 0 0 0 0 0 0 0 0 0 0 0 0 3 0 53078 53078 0 0 191 0 0 22 58326530 0 0 0 0 0 0 25882278 713 0 0 
0 0 0 0 0 0 0 0 0 0 0 0 0 0 0 0 0 0 0 0 0 0 0 3 53074 0 0 8 0 0 192 22 0 12158485 27481164 18683496 0 0 0 25885352 0 0 713 0 
0 0 0 0 0 0 0 0 0 0 0 0 0 0 0 0 0 0 0 0 0 0 0 3 0 53082 53082 0 0 191 0 0 22 58399245 0 0 0 0 0 0 25905476 713 0 0 
0 0 0 0 0 0 0 0 0 0 0 0 0 0 0 0 0 0 0 0 0 0 0 3 53078 0 0 8 0 0 192 22 0 12172646 27512166 18711047 0 0 0 25908552 0 0 713 0 
0 0 0 0 0 0 0 0 0 0 0 0 0 0 0 0 0 0 0 0 0 0 0 3 0 53090 53090 0 0 191 0 0 22 58429270 0 0 0 0 0 0 25924105 713 0 0 
0 0 0 0 0 0 0 0 0 0 0 0 0 0 0 0 0 0 0 0 0 0 0 3 53086 0 0 8 0 0 192 22 0 12179814 27526860 18719210 0 0 0 25927183 0 0 713 0 
0 0 0 0 0 0 0 0 0 0 0 0 0 0 0 0 0 0 0 0 0 0 0 3 0 53090 53090 0 0 191 0 0 22 58501803 0 0 0 0 0 0 25955117 713 0 0 
0 0 0 0 0 0 0 0 0 0 0 0 0 0 0 0 0 0 0 0 0 0 0 3 53086 0 0 8 0 0 192 22 0 12198796 27555870 18743744 0 0 0 25958195 0 0 713 0 
0 0 0 0 0 0 0 0 0 0 0 0 0 0 0 0 0 0 0 0 0 0 0 3 0 53094 53094 0 0 191 0 0 22 58578906 0 0 0 0 0 0 25987722 713 0 0 
0 0 0 0 0 0 0 0 0 0 0 0 0 0 0 0 0 0 0 0 0 0 0 3 53090 0 0 8 0 0 192 22 0 12221309 27584948 18769257 0 0 0 25990806 0 0 713 0 
0 0 0 0 0 0 0 0 0 0 0 0 0 0 0 0 0 0 0 0 0 0 0 3 0 53098 53098 0 0 191 0 0 22 58638965 0 0 0 0 0 0 26004113 713 0 0 
0 0 0 0 0 0 0 0 0 0 0 0 0 0 0 0 0 0 0 0 0 0 0 3 53094 0 0 8 0 0 192 22 0 12231061 27610818 18793698 0 0 0 26007197 0 0 713 0 
0 0 0 0 0 0 0 0 0 0 0 0 0 0 0 0 0 0 0 0 0 0 0 3 0 53106 53106 0 0 191 0 0 22 58667782 0 0 0 0 0 0 26019543 713 0 0 
0 0 0 0 0 0 0 0 0 0 0 0 0 0 0 0 0 0 0 0 0 0 0 3 53102 0 0 8 0 0 192 22 0 12240216 27621688 18802491 0 0 0 26022628 0 0 713 0 
0 0 0 0 0 0 0 0 0 0 0 0 0 0 0 0 0 0 0 0 0 0 0 3 0 53106 53106 0 0 191 0 0 22 58744005 0 0 0 0 0 0 26049374 713 0 0 
0 0 0 0 0 0 0 0 0 0 0 0 0 0 0 0 0 0 0 0 0 0 0 3 53102 0 0 8 0 0 192 22 0 12258968 27652207 18829443 0 0 0 26052458 0 0 713 0 
0 0 0 0 0 0 0 0 0 0 0 0 0 0 0 0 0 0 0 0 0 0 0 3 0 53110 53110 0 0 191 0 0 22 58817243 0 0 0 0 0 0 26082423 713 0 0 
0 0 0 0 0 0 0 0 0 0 0 0 0 0 0 0 0 0 0 0 0 0 0 3 53106 0 0 8 0 0 192 22 0 12280762 27679783 18853295 0 0 0 26085508 0 0 713 0 
0 0 0 0 0 0 0 0 0 0 0 0 0 0 0 0 0 0 0 0 0 0 0 3 0 53114 53114 0 0 191 0 0 22 58873526 0 0 0 0 0 0 26097786 713 0 0 
0 0 0 0 0 0 0 0 0 0 0 0 0 0 0 0 0 0 0 0 0 0 0 3 53110 0 0 8 0 0 192 22 0 12289473 27704502 18876150 0 0 0 26100871 0 0 713 0 
0 0 0 0 0 0 0 0 0 0 0 0 0 0 0 0 0 0 0 0 0 0 0 3 0 53122 53122 0 0 191 0 0 22 58906899 0 0 0 0 0 0 26116970 713 0 0 
0 0 0 0 0 0 0 0 0 0 0 0 0 0 0 0 0 0 0 0 0 0 0 3 53118 0 0 8 0 0 192 22 0 12300886 27717381 18885231 0 0 0 26120057 0 0 713 0 
0 0 0 0 0 0 0 0 0 0 0 0 0 0 0 0 0 0 0 0 0 0 0 3 0 53122 53122 0 0 191 0 0 22 58982463 0 0 0 0 0 0 26144705 713 0 0 
0 0 0 0 0 0 0 0 0 0 0 0 0 0 0 0 0 0 0 0 0 0 0 3 53118 0 0 8 0 0 192 22 0 12317715 27748468 18912886 0 0 0 26147790 0 0 713 0 
0 0 0 0 0 0 0 0 0 0 0 0 0 0 0 0 0 0 0 0 0 0 0 3 0 53126 53126 0 0 191 0 0 22 59052722 0 0 0 0 0 0 26177231 713 0 0 
0 0 0 0 0 0 0 0 0 0 0 0 0 0 0 0 0 0 0 0 0 0 0 3 53122 0 0 8 0 0 192 22 0 12338844 27775215 18935264 0 0 0 26180319 0 0 713 0 
0 0 0 0 0 0 0 0 0 0 0 0 0 0 0 0 0 0 0 0 0 0 0 3 0 53130 53130 0 0 191 0 0 22 59108718 0 0 0 0 0 0 26192519 713 0 0 
0 0 0 0 0 0 0 0 0 0 0 0 0 0 0 0 0 0 0 0 0 0 0 3 53126 0 0 8 0 0 192 22 0 12347883 27799245 18958190 0 0 0 26195607 0 0 713 0 
0 0 0 0 0 0 0 0 0 0 0 0 0 0 0 0 0 0 0 0 0 0 0 3 0 53138 53138 0 0 191 0 0 22 59158874 0 0 0 0 0 0 26219382 713 0 0 
0 0 0 0 0 0 0 0 0 0 0 0 0 0 0 0 0 0 0 0 0 0 0 3 53134 0 0 8 0 0 192 22 0 12365582 27817116 18972773 0 0 0 26222470 0 0 713 0 
0 0 0 0 0 0 0 0 0 0 0 0 0 0 0 0 0 0 0 0 0 0 0 3 0 53142 53142 0 0 191 0 0 22 59238948 0 0 0 0 0 0 26245695 713 0 0 
0 0 0 0 0 0 0 0 0 0 0 0 0 0 0 0 0 0 0 0 0 0 0 3 53138 0 0 8 0 0 192 22 0 12383461 27849511 19002563 0 0 0 26248786 0 0 713 0 
0 0 0 0 0 0 0 0 0 0 0 0 0 0 0 0 0 0 0 0 0 0 0 3 0 53142 53142 0 0 191 0 0 22 59310404 0 0 0 0 0 0 26277159 713 0 0 
0 0 0 0 0 0 0 0 0 0 0 0 0 0 0 0 0 0 0 0 0 0 0 3 53138 0 0 8 0 0 192 22 0 12402242 27878131 19026610 0 0 0 26280249 0 0 713 0 
0 0 0 0 0 0 0 0 0 0 0 0 0 0 0 0 0 0 0 0 0 0 0 3 0 53149 53146 0 0 191 0 0 22 59345670 0 0 0 0 0 0 26289007 713 0 0 
0 0 0 0 0 0 0 0 0 0 0 0 0 0 0 0 0 0 0 0 0 0 0 3 53142 0 0 8 0 0 192 22 0 12406301 27895739 19040210 0 0 0 26292097 0 0 713 0 
0 0 0 0 0 0 0 0 0 0 0 0 0 0 0 0 0 0 0 0 0 0 0 3 0 53154 53154 0 0 191 0 0 22 59405150 0 0 0 0 0 0 26320203 713 0 0 
0 0 0 0 0 0 0 0 0 0 0 0 0 0 0 0 0 0 0 0 0 0 0 3 53150 0 0 8 0 0 192 22 0 12425890 27918100 19057743 0 0 0 26323293 0 0 713 0 
0 0 0 0 0 0 0 0 0 0 0 0 0 0 0 0 0 0 0 0 0 0 0 3 0 53158 53158 0 0 191 0 0 22 59485758 0 0 0 0 0 0 26348762 713 0 0 
0 0 0 0 0 0 0 0 0 0 0 0 0 0 0 0 0 0 0 0 0 0 0 3 53154 0 0 8 0 0 192 22 0 12445663 27949836 19086840 0 0 0 26351852 0 0 713 0 
0 0 0 0 0 0 0 0 0 0 0 0 0 0 0 0 0 0 0 0 0 0 0 3 0 53158 53158 0 0 191 0 0 22 59562298 0 0 0 0 0 0 26377007 713 0 0 
0 0 0 0 0 0 0 0 0 0 0 0 0 0 0 0 0 0 0 0 0 0 0 3 53154 0 0 8 0 0 192 22 0 12463956 27980873 19114049 0 0 0 26380099 0 0 713 0 
0 0 0 0 0 0 0 0 0 0 0 0 0 0 0 0 0 0 0 0 0 0 0 3 0 53170 53170 0 0 191 0 0 22 59586903 0 0 0 0 0 0 26386287 713 0 0 
0 0 0 0 0 0 0 0 0 0 0 0 0 0 0 0 0 0 0 0 0 0 0 3 53166 0 0 8 0 0 192 22 0 12467888 27991496 19124101 0 0 0 26389379 0 0 713 0 
0 0 0 0 0 0 0 0 0 0 0 0 0 0 0 0 0 0 0 0 0 0 0 3 0 53170 53170 0 0 191 0 0 22 59655517 0 0 0 0 0 0 26419639 713 0 0 
0 0 0 0 0 0 0 0 0 0 0 0 0 0 0 0 0 0 0 0 0 0 0 3 53166 0 0 8 0 0 192 22 0 12488079 28017970 19146044 0 0 0 26422733 0 0 713 0 
0 0 0 0 0 0 0 0 0 0 0 0 0 0 0 0 0 0 0 0 0 0 0 3 0 53174 53174 0 0 191 0 0 22 59740914 0 0 0 0 0 0 26452921 713 0 0 
0 0 0 0 0 0 0 0 0 0 0 0 0 0 0 0 0 0 0 0 0 0 0 3 53170 0 0 8 0 0 192 22 0 12512155 28050461 19174867 0 0 0 26456018 0 0 713 0 
0 0 0 0 0 0 0 0 0 0 0 0 0 0 0 0 0 0 0 0 0 0 0 3 0 53178 53178 0 0 191 0 0 22 59807148 0 0 0 0 0 0 26473610 713 0 0 
0 0 0 0 0 0 0 0 0 0 0 0 0 0 0 0 0 0 0 0 0 0 0 3 53174 0 0 8 0 0 192 22 0 12523122 28080369 19200231 0 0 0 26476708 0 0 713 0 
0 0 0 0 0 0 0 0 0 0 0 0 0 0 0 0 0 0 0 0 0 0 0 3 0 53186 53186 0 0 191 0 0 22 59840630 0 0 0 0 0 0 26493135 713 0 0 
0 0 0 0 0 0 0 0 0 0 0 0 0 0 0 0 0 0 0 0 0 0 0 3 53182 0 0 8 0 0 192 22 0 12533385 28094172 19209648 0 0 0 26496234 0 0 713 0 
0 0 0 0 0 0 0 0 0 0 0 0 0 0 0 0 0 0 0 0 0 0 0 3 0 53186 53186 0 0 191 0 0 22 59921189 0 0 0 0 0 0 26522033 713 0 0 
0 0 0 0 0 0 0 0 0 0 0 0 0 0 0 0 0 0 0 0 0 0 0 3 53182 0 0 8 0 0 192 22 0 12551729 28127335 19238696 0 0 0 26525136 0 0 713 0 
0 0 0 0 0 0 0 0 0 0 0 0 0 0 0 0 0 0 0 0 0 0 0 3 0 53190 53190 0 0 191 0 0 22 59989772 0 0 0 0 0 0 26555630 713 0 0 
0 0 0 0 0 0 0 0 0 0 0 0 0 0 0 0 0 0 0 0 0 0 0 3 53186 0 0 8 0 0 192 22 0 12572826 28153345 19260173 0 0 0 26558734 0 0 713 0 
0 0 0 0 0 0 0 0 0 0 0 0 0 0 0 0 0 0 0 0 0 0 0 3 0 53194 53194 0 0 191 0 0 22 60045512 0 0 0 0 0 0 26570932 713 0 0 
0 0 0 0 0 0 0 0 0 0 0 0 0 0 0 0 0 0 0 0 0 0 0 3 53190 0 0 8 0 0 192 22 0 12581532 28177707 19282844 0 0 0 26574036 0 0 713 0 
0 0 0 0 0 0 0 0 0 0 0 0 0 0 0 0 0 0 0 0 0 0 0 3 0 53202 53202 0 0 191 0 0 22 60099827 0 0 0 0 0 0 26599905 713 0 0 
0 0 0 0 0 0 0 0 0 0 0 0 0 0 0 0 0 0 0 0 0 0 0 3 53198 0 0 8 0 0 192 22 0 12600532 28196940 19298923 0 0 0 26603015 0 0 713 0 
0 0 0 0 0 0 0 0 0 0 0 0 0 0 0 0 0 0 0 0 0 0 0 3 0 53206 53206 0 0 191 0 0 22 60183591 0 0 0 0 0 0 26629023 713 0 0 
0 0 0 0 0 0 0 0 0 0 0 0 0 0 0 0 0 0 0 0 0 0 0 3 53202 0 0 8 0 0 192 22 0 12620958 28230051 19329145 0 0 0 26632132 0 0 713 0 
0 0 0 0 0 0 0 0 0 0 0 0 0 0 0 0 0 0 0 0 0 0 0 3 0 53206 53206 0 0 191 0 0 22 60261832 0 0 0 0 0 0 26658362 713 0 0 
0 0 0 0 0 0 0 0 0 0 0 0 0 0 0 0 0 0 0 0 0 0 0 3 53202 0 0 8 0 0 192 22 0 12638851 28262341 19357207 0 0 0 26661471 0 0 713 0 
0 0 0 0 0 0 0 0 0 0 0 0 0 0 0 0 0 0 0 0 0 0 0 3 0 53218 53218 0 0 191 0 0 22 60286226 0 0 0 0 0 0 26668618 713 0 0 
0 0 0 0 0 0 0 0 0 0 0 0 0 0 0 0 0 0 0 0 0 0 0 3 53214 0 0 8 0 0 192 22 0 12641764 28274827 19366202 0 0 0 26671726 0 0 713 0 
0 0 0 0 0 0 0 0 0 0 0 0 0 0 0 0 0 0 0 0 0 0 0 3 0 53218 53218 0 0 191 0 0 22 60353238 0 0 0 0 0 0 26702839 713 0 0 
0 0 0 0 0 0 0 0 0 0 0 0 0 0 0 0 0 0 0 0 0 0 0 3 53214 0 0 8 0 0 192 22 0 12662217 28300657 19386928 0 0 0 26705951 0 0 713 0 
0 0 0 0 0 0 0 0 0 0 0 0 0 0 0 0 0 0 0 0 0 0 0 3 0 53222 53222 0 0 191 0 0 22 60438408 0 0 0 0 0 0 26735345 713 0 0 
0 0 0 0 0 0 0 0 0 0 0 0 0 0 0 0 0 0 0 0 0 0 0 3 53218 0 0 8 0 0 192 22 0 12686071 28333198 19415704 0 0 0 26738460 0 0 713 0 
0 0 0 0 0 0 0 0 0 0 0 0 0 0 0 0 0 0 0 0 0 0 0 3 0 53226 53226 0 0 191 0 0 22 60508253 0 0 0 0 0 0 26756114 713 0 0 
0 0 0 0 0 0 0 0 0 0 0 0 0 0 0 0 0 0 0 0 0 0 0 3 53222 0 0 8 0 0 192 22 0 12698355 28362922 19443545 0 0 0 26759230 0 0 713 0 
0 0 0 0 0 0 0 0 0 0 0 0 0 0 0 0 0 0 0 0 0 0 0 3 0 53234 53234 0 0 191 0 0 22 60534964 0 0 0 0 0 0 26770451 713 0 0 
0 0 0 0 0 0 0 0 0 0 0 0 0 0 0 0 0 0 0 0 0 0 0 3 53230 0 0 8 0 0 192 22 0 12706687 28372559 19452288 0 0 0 26773569 0 0 713 0 
0 0 0 0 0 0 0 0 0 0 0 0 0 0 0 0 0 0 0 0 0 0 0 3 0 53234 53234 0 0 191 0 0 22 60608336 0 0 0 0 0 0 26800415 713 0 0 
0 0 0 0 0 0 0 0 0 0 0 0 0 0 0 0 0 0 0 0 0 0 0 3 53230 0 0 8 0 0 192 22 0 12725423 28401882 19477592 0 0 0 26803535 0 0 713 0 
0 0 0 0 0 0 0 0 0 0 0 0 0 0 0 0 0 0 0 0 0 0 0 3 0 53238 53238 0 0 191 0 0 22 60684772 0 0 0 0 0 0 26833409 713 0 0 
0 0 0 0 0 0 0 0 0 0 0 0 0 0 0 0 0 0 0 0 0 0 0 3 53234 0 0 8 0 0 192 22 0 12746642 28431989 19502696 0 0 0 26836526 0 0 713 0 
0 0 0 0 0 0 0 0 0 0 0 0 0 0 0 0 0 0 0 0 0 0 0 3 0 53242 53242 0 0 191 0 0 22 60745335 0 0 0 0 0 0 26852086 713 0 0 
0 0 0 0 0 0 0 0 0 0 0 0 0 0 0 0 0 0 0 0 0 0 0 3 53238 0 0 8 0 0 192 22 0 12756768 28458905 19526223 0 0 0 26855203 0 0 713 0 
0 0 0 0 0 0 0 0 0 0 0 0 0 0 0 0 0 0 0 0 0 0 0 3 0 53250 53250 0 0 191 0 0 22 60783731 0 0 0 0 0 0 26873908 713 0 0 
0 0 0 0 0 0 0 0 0 0 0 0 0 0 0 0 0 0 0 0 0 0 0 3 53246 0 0 8 0 0 192 22 0 12769633 28473634 19537024 0 0 0 26877031 0 0 713 0 
0 0 0 0 0 0 0 0 0 0 0 0 0 0 0 0 0 0 0 0 0 0 0 3 0 53250 53250 0 0 191 0 0 22 60858769 0 0 0 0 0 0 26899666 713 0 0 
0 0 0 0 0 0 0 0 0 0 0 0 0 0 0 0 0 0 0 0 0 0 0 3 53246 0 0 8 0 0 192 22 0 12785513 28504534 19565275 0 0 0 26902791 0 0 713 0 
0 0 0 0 0 0 0 0 0 0 0 0 0 0 0 0 0 0 0 0 0 0 0 3 0 53254 53254 0 0 191 0 0 22 60929582 0 0 0 0 0 0 26933083 713 0 0 
0 0 0 0 0 0 0 0 0 0 0 0 0 0 0 0 0 0 0 0 0 0 0 3 53250 0 0 8 0 0 192 22 0 12806392 28531935 19587799 0 0 0 26936210 0 0 713 0 
0 0 0 0 0 0 0 0 0 0 0 0 0 0 0 0 0 0 0 0 0 0 0 3 0 53258 53258 0 0 191 0 0 22 60982983 0 0 0 0 0 0 26947745 713 0 0 
0 0 0 0 0 0 0 0 0 0 0 0 0 0 0 0 0 0 0 0 0 0 0 3 53254 0 0 8 0 0 192 22 0 12815176 28554587 19609768 0 0 0 26950872 0 0 713 0 
0 0 0 0 0 0 0 0 0 0 0 0 0 0 0 0 0 0 0 0 0 0 0 3 0 53266 53266 0 0 191 0 0 22 61030420 0 0 0 0 0 0 26973998 713 0 0 
0 0 0 0 0 0 0 0 0 0 0 0 0 0 0 0 0 0 0 0 0 0 0 3 53262 0 0 8 0 0 192 22 0 12832641 28571295 19623029 0 0 0 26977131 0 0 713 0 
0 0 0 0 0 0 0 0 0 0 0 0 0 0 0 0 0 0 0 0 0 0 0 3 0 53270 53270 0 0 191 0 0 22 61110004 0 0 0 0 0 0 26999837 713 0 0 
0 0 0 0 0 0 0 0 0 0 0 0 0 0 0 0 0 0 0 0 0 0 0 3 53266 0 0 8 0 0 192 22 0 12849582 28604295 19652655 0 0 0 27002973 0 0 713 0 
0 0 0 0 0 0 0 0 0 0 0 0 0 0 0 0 0 0 0 0 0 0 0 3 0 53270 53270 0 0 191 0 0 22 61181426 0 0 0 0 0 0 27032046 713 0 0 
0 0 0 0 0 0 0 0 0 0 0 0 0 0 0 0 0 0 0 0 0 0 0 3 53266 0 0 8 0 0 192 22 0 12869065 28632331 19676557 0 0 0 27035186 0 0 713 0 
0 0 0 0 0 0 0 0 0 0 0 0 0 0 0 0 0 0 0 0 0 0 0 3 0 53278 53278 0 0 191 0 0 22 61219232 0 0 0 0 0 0 27043561 713 0 0 
0 0 0 0 0 0 0 0 0 0 0 0 0 0 0 0 0 0 0 0 0 0 0 3 53274 0 0 8 0 0 192 22 0 12873766 28650422 19691581 0 0 0 27046699 0 0 713 0 
0 0 0 0 0 0 0 0 0 0 0 0 0 0 0 0 0 0 0 0 0 0 0 3 0 53282 53282 0 0 191 0 0 22 61283640 0 0 0 0 0 0 27077103 713 0 0 
0 0 0 0 0 0 0 0 0 0 0 0 0 0 0 0 0 0 0 0 0 0 0 3 53278 0 0 8 0 0 192 22 0 12894269 28674905 19711008 0 0 0 27080246 0 0 713 0 
0 0 0 0 0 0 0 0 0 0 0 0 0 0 0 0 0 0 0 0 0 0 0 3 0 53286 53286 0 0 191 0 0 22 61367728 0 0 0 0 0 0 27108260 713 0 0 
0 0 0 0 0 0 0 0 0 0 0 0 0 0 0 0 0 0 0 0 0 0 0 3 53282 0 0 8 0 0 192 22 0 12916410 28707629 19740227 0 0 0 27111404 0 0 713 0 
0 0 0 0 0 0 0 0 0 0 0 0 0 0 0 0 0 0 0 0 0 0 0 3 0 53287 53286 0 0 191 0 0 22 61443662 0 0 0 0 0 0 27132676 713 0 0 
0 0 0 0 0 0 0 0 0 0 0 0 0 0 0 0 0 0 0 0 0 0 0 3 53282 0 0 8 0 0 192 22 0 12931745 28739170 19769286 0 0 0 27135821 0 0 713 0 
0 0 0 0 0 0 0 0 0 0 0 0 0 0 0 0 0 0 0 0 0 0 0 3 0 53298 53298 0 0 191 0 0 22 61467312 0 0 0 0 0 0 27144675 713 0 0 
0 0 0 0 0 0 0 0 0 0 0 0 0 0 0 0 0 0 0 0 0 0 0 3 53294 0 0 8 0 0 192 22 0 12937694 28748402 19777752 0 0 0 27147822 0 0 713 0 
0 0 0 0 0 0 0 0 0 0 0 0 0 0 0 0 0 0 0 0 0 0 0 3 0 53298 53298 0 0 191 0 0 22 61538261 0 0 0 0 0 0 27176197 713 0 0 
0 0 0 0 0 0 0 0 0 0 0 0 0 0 0 0 0 0 0 0 0 0 0 3 53294 0 0 8 0 0 192 22 0 12957384 28776079 19801334 0 0 0 27179347 0 0 713 0 
0 0 0 0 0 0 0 0 0 0 0 0 0 0 0 0 0 0 0 0 0 0 0 3 0 53302 53302 0 0 191 0 0 22 61619465 0 0 0 0 0 0 27209107 713 0 0 
0 0 0 0 0 0 0 0 0 0 0 0 0 0 0 0 0 0 0 0 0 0 0 3 53298 0 0 8 0 0 192 22 0 12980215 28807174 19828605 0 0 0 27212257 0 0 713 0 
0 0 0 0 0 0 0 0 0 0 0 0 0 0 0 0 0 0 0 0 0 0 0 3 0 53306 53306 0 0 191 0 0 22 61683927 0 0 0 0 0 0 27229460 713 0 0 
0 0 0 0 0 0 0 0 0 0 0 0 0 0 0 0 0 0 0 0 0 0 0 3 53302 0 0 8 0 0 192 22 0 12990407 28836355 19853700 0 0 0 27232612 0 0 713 0 
<====
0 0 0 0 0 0 0 0 0 0 0 0 0 0 0 0 0 0 0 0 0 0 0 3 0 53310 53306 0 0 191 0 0 22 61686954 0 0 0 0 0 0 27231162 713 0 0 
0 0 0 0 0 0 0 0 0 0 0 0 0 0 0 0 0 0 0 0 0 0 0 3 53302 0 0 8 0 0 192 22 0 12990583 28838051 19854855 0 0 0 27234313 0 0 713 0 
0 0 0 0 0 0 0 0 0 0 0 0 0 0 0 0 0 0 0 0 0 0 0 3 0 53310 53306 0 0 191 0 0 22 61686954 0 0 0 0 0 0 27231162 713 0 0 
0 0 0 0 0 0 0 0 0 0 0 0 0 0 0 0 0 0 0 0 0 0 0 3 53302 0 0 8 0 0 192 22 0 12990583 28838051 19854855 0 0 0 27234313 0 0 713 0 
0 0 0 0 0 0 0 0 0 0 0 0 0 0 0 0 0 0 0 0 0 0 0 3 0 53310 53306 0 0 191 0 0 22 61686954 0 0 0 0 0 0 27231162 713 0 0 
0 0 0 0 0 0 0 0 0 0 0 0 0 0 0 0 0 0 0 0 0 0 0 3 53302 0 0 8 0 0 192 22 0 12990583 28838051 19854855 0 0 0 27234313 0 0 713 0 
0 0 0 0 0 0 0 0 0 0 0 0 0 0 0 0 0 0 0 0 0 0 0 3 0 53310 53306 0 0 191 0 0 22 61686954 0 0 0 0 0 0 27231162 713 0 0 
0 0 0 0 0 0 0 0 0 0 0 0 0 0 0 0 0 0 0 0 0 0 0 3 53302 0 0 8 0 0 192 22 0 12990583 28838051 19854855 0 0 0 27234313 0 0 713 0 
0 0 0 0 0 0 0 0 0 0 0 0 0 0 0 0 0 0 0 0 0 0 0 3 0 53310 53306 0 0 191 0 0 22 61686954 0 0 0 0 0 0 27231162 713 0 0 
0 0 0 0 0 0 0 0 0 0 0 0 0 0 0 0 0 0 0 0 0 0 0 3 53302 0 0 8 0 0 192 22 0 12990583 28838051 19854855 0 0 0 27234313 0 0 713 0 
0 0 0 0 0 0 0 0 0 0 0 0 0 0 0 0 0 0 0 0 0 0 0 3 0 53310 53306 0 0 191 0 0 22 61686954 0 0 0 0 0 0 27231162 713 0 0 
0 0 0 0 0 0 0 0 0 0 0 0 0 0 0 0 0 0 0 0 0 0 0 3 53302 0 0 8 0 0 192 22 0 12990583 28838051 19854855 0 0 0 27234313 0 0 713 0 
