0 0 0 0 0 0 0 0 0 0 0 0 0 0 0 0 0 0 0 0 0 0 0 3 0 40473 40467 0 0 137 0 0 15 38378837 0 0 0 0 0 0 15652337 712 0 0 
0 0 0 0 0 0 0 0 0 0 0 0 0 0 0 0 0 0 0 0 0 0 0 3 40473 0 0 7 0 0 137 15 0 8560676 17040843 12775822 0 0 0 15654095 0 0 712 0 
0 0 0 0 0 0 0 0 0 0 0 0 0 0 0 0 0 0 0 0 0 0 0 3 0 40473 40467 0 0 137 0 0 15 38378837 0 0 0 0 0 0 15652337 712 0 0 
0 0 0 0 0 0 0 0 0 0 0 0 0 0 0 0 0 0 0 0 0 0 0 3 40473 0 0 7 0 0 137 15 0 8560676 17040843 12775822 0 0 0 15654095 0 0 712 0 
0 0 0 0 0 0 0 0 0 0 0 0 0 0 0 0 0 0 0 0 0 0 0 3 0 40473 40467 0 0 137 0 0 15 38378837 0 0 0 0 0 0 15652337 712 0 0 
0 0 0 0 0 0 0 0 0 0 0 0 0 0 0 0 0 0 0 0 0 0 0 3 40473 0 0 7 0 0 137 15 0 8560676 17040843 12775822 0 0 0 15654095 0 0 712 0 
0 0 0 0 0 0 0 0 0 0 0 0 0 0 0 0 0 0 0 0 0 0 0 3 0 40473 40467 0 0 137 0 0 15 38378837 0 0 0 0 0 0 15652337 712 0 0 
0 0 0 0 0 0 0 0 0 0 0 0 0 0 0 0 0 0 0 0 0 0 0 3 40473 0 0 7 0 0 137 15 0 8560676 17040843 12775822 0 0 0 15654095 0 0 712 0 
0 0 0 0 0 0 0 0 0 0 0 0 0 0 0 0 0 0 0 0 0 0 0 3 0 40473 40467 0 0 137 0 0 15 38378837 0 0 0 0 0 0 15652337 712 0 0 
0 0 0 0 0 0 0 0 0 0 0 0 0 0 0 0 0 0 0 0 0 0 0 3 40473 0 0 7 0 0 137 15 0 8560676 17040843 12775822 0 0 0 15654095 0 0 712 0 
0 0 0 0 0 0 0 0 0 0 0 0 0 0 0 0 0 0 0 0 0 0 0 3 0 40473 40467 0 0 137 0 0 15 38378837 0 0 0 0 0 0 15652337 712 0 0 
0 0 0 0 0 0 0 0 0 0 0 0 0 0 0 0 0 0 0 0 0 0 0 3 40473 0 0 7 0 0 137 15 0 8560676 17040843 12775822 0 0 0 15654095 0 0 712 0 
====>
0 0 0 0 0 0 0 0 0 0 0 0 0 0 0 0 0 0 0 0 0 0 0 3 0 40473 40471 0 0 146 0 0 15 38437710 0 0 0 0 0 0 15654589 712 0 0 
0 0 0 0 0 0 0 0 0 0 0 0 0 0 0 0 0 0 0 0 0 0 0 3 40477 0 0 7 0 0 146 15 0 8560676 17098870 12776684 0 0 0 15656347 0 0 712 0 
0 0 0 0 0 0 0 0 0 0 0 0 0 0 0 0 0 0 0 0 0 0 0 3 0 40485 40483 0 0 147 0 0 15 38471189 0 0 0 0 0 0 15658275 712 0 0 
0 0 0 0 0 0 0 0 0 0 0 0 0 0 0 0 0 0 0 0 0 0 0 3 40489 0 0 7 0 0 147 15 0 8560696 17129408 12779627 0 0 0 15660033 0 0 712 0 
0 0 0 0 0 0 0 0 0 0 0 0 0 0 0 0 0 0 0 0 0 0 0 3 0 40493 40491 0 0 147 0 0 15 38510767 0 0 0 0 0 0 15665163 712 0 0 
0 0 0 0 0 0 0 0 0 0 0 0 0 0 0 0 0 0 0 0 0 0 0 3 40497 0 0 7 0 0 147 15 0 8578599 17144635 12786095 0 0 0 15666921 0 0 712 0 
0 0 0 0 0 0 0 0 0 0 0 0 0 0 0 0 0 0 0 0 0 0 0 3 0 40497 40495 0 0 147 0 0 15 38596758 0 0 0 0 0 0 15672498 712 0 0 
0 0 0 0 0 0 0 0 0 0 0 0 0 0 0 0 0 0 0 0 0 0 0 3 40501 0 0 7 0 0 147 15 0 8610316 17193232 12791837 0 0 0 15674256 0 0 712 0 
0 0 0 0 0 0 0 0 0 0 0 0 0 0 0 0 0 0 0 0 0 0 0 3 0 40505 40503 0 0 147 0 0 15 38628049 0 0 0 0 0 0 15700934 712 0 0 
0 0 0 0 0 0 0 0 0 0 0 0 0 0 0 0 0 0 0 0 0 0 0 3 40509 0 0 7 0 0 147 15 0 8610327 17196908 12819419 0 0 0 15702693 0 0 712 0 
0 0 0 0 0 0 0 0 0 0 0 0 0 0 0 0 0 0 0 0 0 0 0 3 0 40513 40511 0 0 147 0 0 15 38661604 0 0 0 0 0 0 15708427 712 0 0 
0 0 0 0 0 0 0 0 0 0 0 0 0 0 0 0 0 0 0 0 0 0 0 3 40517 0 0 7 0 0 147 15 0 8622767 17211394 12826049 0 0 0 15710186 0 0 712 0 
0 0 0 0 0 0 0 0 0 0 0 0 0 0 0 0 0 0 0 0 0 0 0 3 0 40517 40515 0 0 147 0 0 15 38734343 0 0 0 0 0 0 15737843 712 0 0 
0 0 0 0 0 0 0 0 0 0 0 0 0 0 0 0 0 0 0 0 0 0 0 3 40521 0 0 7 0 0 147 15 0 8646632 17242806 12843492 0 0 0 15739604 0 0 712 0 
0 0 0 0 0 0 0 0 0 0 0 0 0 0 0 0 0 0 0 0 0 0 0 3 0 40521 40519 0 0 147 0 0 15 38826980 0 0 0 0 0 0 15776626 712 0 0 
0 0 0 0 0 0 0 0 0 0 0 0 0 0 0 0 0 0 0 0 0 0 0 3 40525 0 0 7 0 0 147 15 0 8666414 17270722 12888425 0 0 0 15778391 0 0 712 0 
0 0 0 0 0 0 0 0 0 0 0 0 0 0 0 0 0 0 0 0 0 0 0 3 0 40521 40519 0 0 147 0 0 15 38898595 0 0 0 0 0 0 15802851 712 0 0 
0 0 0 0 0 0 0 0 0 0 0 0 0 0 0 0 0 0 0 0 0 0 0 3 40525 0 0 7 0 0 147 15 0 8683892 17298766 12914528 0 0 0 15804617 0 0 712 0 
0 0 0 0 0 0 0 0 0 0 0 0 0 0 0 0 0 0 0 0 0 0 0 3 0 40525 40523 0 0 147 0 0 15 38959861 0 0 0 0 0 0 15829558 712 0 0 
0 0 0 0 0 0 0 0 0 0 0 0 0 0 0 0 0 0 0 0 0 0 0 3 40529 0 0 7 0 0 147 15 0 8700504 17322156 12935784 0 0 0 15831326 0 0 712 0 
0 0 0 0 0 0 0 0 0 0 0 0 0 0 0 0 0 0 0 0 0 0 0 3 0 40533 40527 0 0 147 0 0 15 39002843 0 0 0 0 0 0 15842423 712 0 0 
0 0 0 0 0 0 0 0 0 0 0 0 0 0 0 0 0 0 0 0 0 0 0 3 40533 0 0 7 0 0 147 15 0 8709628 17338995 12952804 0 0 0 15844192 0 0 712 0 
0 0 0 0 0 0 0 0 0 0 0 0 0 0 0 0 0 0 0 0 0 0 0 3 0 40537 40535 0 0 147 0 0 15 39051407 0 0 0 0 0 0 15865485 712 0 0 
0 0 0 0 0 0 0 0 0 0 0 0 0 0 0 0 0 0 0 0 0 0 0 3 40541 0 0 7 0 0 147 15 0 8724180 17357037 12968770 0 0 0 15867256 0 0 712 0 
0 0 0 0 0 0 0 0 0 0 0 0 0 0 0 0 0 0 0 0 0 0 0 3 0 40541 40539 0 0 147 0 0 15 39128443 0 0 0 0 0 0 15894039 712 0 0 
0 0 0 0 0 0 0 0 0 0 0 0 0 0 0 0 0 0 0 0 0 0 0 3 40545 0 0 7 0 0 147 15 0 8745109 17386134 12995771 0 0 0 15895811 0 0 712 0 
0 0 0 0 0 0 0 0 0 0 0 0 0 0 0 0 0 0 0 0 0 0 0 3 0 40545 40543 0 0 147 0 0 15 39192941 0 0 0 0 0 0 15915199 712 0 0 
0 0 0 0 0 0 0 0 0 0 0 0 0 0 0 0 0 0 0 0 0 0 0 3 40549 0 0 7 0 0 147 15 0 8759249 17411785 13020482 0 0 0 15916970 0 0 712 0 
0 0 0 0 0 0 0 0 0 0 0 0 0 0 0 0 0 0 0 0 0 0 0 3 0 40553 40551 0 0 147 0 0 15 39222835 0 0 0 0 0 0 15930697 712 0 0 
0 0 0 0 0 0 0 0 0 0 0 0 0 0 0 0 0 0 0 0 0 0 0 3 40557 0 0 7 0 0 147 15 0 8769375 17422041 13029989 0 0 0 15932469 0 0 712 0 
0 0 0 0 0 0 0 0 0 0 0 0 0 0 0 0 0 0 0 0 0 0 0 3 0 40557 40555 0 0 147 0 0 15 39294511 0 0 0 0 0 0 15954221 712 0 0 
0 0 0 0 0 0 0 0 0 0 0 0 0 0 0 0 0 0 0 0 0 0 0 3 40561 0 0 7 0 0 147 15 0 8785558 17450646 13056876 0 0 0 15955996 0 0 712 0 
0 0 0 0 0 0 0 0 0 0 0 0 0 0 0 0 0 0 0 0 0 0 0 3 0 40557 40555 0 0 147 0 0 15 39352101 0 0 0 0 0 0 15980267 712 0 0 
0 0 0 0 0 0 0 0 0 0 0 0 0 0 0 0 0 0 0 0 0 0 0 3 40561 0 0 7 0 0 147 15 0 8800998 17472940 13076724 0 0 0 15982040 0 0 712 0 
0 0 0 0 0 0 0 0 0 0 0 0 0 0 0 0 0 0 0 0 0 0 0 3 0 40565 40563 0 0 147 0 0 15 39391465 0 0 0 0 0 0 15991532 712 0 0 
0 0 0 0 0 0 0 0 0 0 0 0 0 0 0 0 0 0 0 0 0 0 0 3 40569 0 0 7 0 0 147 15 0 8809015 17488130 13092888 0 0 0 15993305 0 0 712 0 
0 0 0 0 0 0 0 0 0 0 0 0 0 0 0 0 0 0 0 0 0 0 0 3 0 40569 40567 0 0 147 0 0 15 39450113 0 0 0 0 0 0 16018468 712 0 0 
0 0 0 0 0 0 0 0 0 0 0 0 0 0 0 0 0 0 0 0 0 0 0 3 40573 0 0 7 0 0 147 15 0 8825343 17510653 13112676 0 0 0 16020241 0 0 712 0 
0 0 0 0 0 0 0 0 0 0 0 0 0 0 0 0 0 0 0 0 0 0 0 3 0 40573 40571 0 0 147 0 0 15 39524200 0 0 0 0 0 0 16046130 712 0 0 
0 0 0 0 0 0 0 0 0 0 0 0 0 0 0 0 0 0 0 0 0 0 0 3 40577 0 0 7 0 0 147 15 0 8845536 17538486 13138739 0 0 0 16047906 0 0 712 0 
0 0 0 0 0 0 0 0 0 0 0 0 0 0 0 0 0 0 0 0 0 0 0 3 0 40577 40575 0 0 147 0 0 15 39583544 0 0 0 0 0 0 16065459 712 0 0 
0 0 0 0 0 0 0 0 0 0 0 0 0 0 0 0 0 0 0 0 0 0 0 3 40581 0 0 7 0 0 147 15 0 8858501 17562068 13161548 0 0 0 16067235 0 0 712 0 
0 0 0 0 0 0 0 0 0 0 0 0 0 0 0 0 0 0 0 0 0 0 0 3 0 40585 40583 0 0 147 0 0 15 39619556 0 0 0 0 0 0 16083418 712 0 0 
0 0 0 0 0 0 0 0 0 0 0 0 0 0 0 0 0 0 0 0 0 0 0 3 40589 0 0 7 0 0 147 15 0 8869567 17575191 13173373 0 0 0 16085195 0 0 712 0 
0 0 0 0 0 0 0 0 0 0 0 0 0 0 0 0 0 0 0 0 0 0 0 3 0 40589 40587 0 0 147 0 0 15 39688959 0 0 0 0 0 0 16106342 712 0 0 
0 0 0 0 0 0 0 0 0 0 0 0 0 0 0 0 0 0 0 0 0 0 0 3 40593 0 0 7 0 0 147 15 0 8885731 17602294 13199505 0 0 0 16108119 0 0 712 0 
0 0 0 0 0 0 0 0 0 0 0 0 0 0 0 0 0 0 0 0 0 0 0 3 0 40589 40587 0 0 147 0 0 15 39752388 0 0 0 0 0 0 16132928 712 0 0 
0 0 0 0 0 0 0 0 0 0 0 0 0 0 0 0 0 0 0 0 0 0 0 3 40593 0 0 7 0 0 147 15 0 8902183 17627338 13221427 0 0 0 16134706 0 0 712 0 
0 0 0 0 0 0 0 0 0 0 0 0 0 0 0 0 0 0 0 0 0 0 0 3 0 40597 40595 0 0 147 0 0 15 39783184 0 0 0 0 0 0 16143114 712 0 0 
0 0 0 0 0 0 0 0 0 0 0 0 0 0 0 0 0 0 0 0 0 0 0 3 40601 0 0 7 0 0 147 15 0 8908265 17639731 13233751 0 0 0 16144892 0 0 712 0 
0 0 0 0 0 0 0 0 0 0 0 0 0 0 0 0 0 0 0 0 0 0 0 3 0 40601 40599 0 0 147 0 0 15 39839661 0 0 0 0 0 0 16168653 712 0 0 
0 0 0 0 0 0 0 0 0 0 0 0 0 0 0 0 0 0 0 0 0 0 0 3 40605 0 0 7 0 0 147 15 0 8923439 17661652 13253127 0 0 0 16170430 0 0 712 0 
0 0 0 0 0 0 0 0 0 0 0 0 0 0 0 0 0 0 0 0 0 0 0 3 0 40605 40603 0 0 147 0 0 15 39914783 0 0 0 0 0 0 16197239 712 0 0 
0 0 0 0 0 0 0 0 0 0 0 0 0 0 0 0 0 0 0 0 0 0 0 3 40609 0 0 7 0 0 147 15 0 8944506 17689689 13279137 0 0 0 16199018 0 0 712 0 
0 0 0 0 0 0 0 0 0 0 0 0 0 0 0 0 0 0 0 0 0 0 0 3 0 40609 40607 0 0 147 0 0 15 39976738 0 0 0 0 0 0 16218154 712 0 0 
0 0 0 0 0 0 0 0 0 0 0 0 0 0 0 0 0 0 0 0 0 0 0 3 40613 0 0 7 0 0 147 15 0 8957751 17714786 13302752 0 0 0 16219933 0 0 712 0 
0 0 0 0 0 0 0 0 0 0 0 0 0 0 0 0 0 0 0 0 0 0 0 3 0 40617 40615 0 0 147 0 0 15 40010194 0 0 0 0 0 0 16235396 712 0 0 
0 0 0 0 0 0 0 0 0 0 0 0 0 0 0 0 0 0 0 0 0 0 0 3 40621 0 0 7 0 0 147 15 0 8968593 17726693 13313458 0 0 0 16237174 0 0 712 0 
0 0 0 0 0 0 0 0 0 0 0 0 0 0 0 0 0 0 0 0 0 0 0 3 0 40621 40619 0 0 147 0 0 15 40082212 0 0 0 0 0 0 16259232 712 0 0 
0 0 0 0 0 0 0 0 0 0 0 0 0 0 0 0 0 0 0 0 0 0 0 3 40625 0 0 7 0 0 147 15 0 8985417 17754857 13340469 0 0 0 16261009 0 0 712 0 
0 0 0 0 0 0 0 0 0 0 0 0 0 0 0 0 0 0 0 0 0 0 0 3 0 40621 40619 0 0 147 0 0 15 40143978 0 0 0 0 0 0 16285392 712 0 0 
0 0 0 0 0 0 0 0 0 0 0 0 0 0 0 0 0 0 0 0 0 0 0 3 40625 0 0 7 0 0 147 15 0 9001136 17779344 13362025 0 0 0 16287168 0 0 712 0 
0 0 0 0 0 0 0 0 0 0 0 0 0 0 0 0 0 0 0 0 0 0 0 3 0 40629 40627 0 0 147 0 0 15 40175733 0 0 0 0 0 0 16295209 712 0 0 
0 0 0 0 0 0 0 0 0 0 0 0 0 0 0 0 0 0 0 0 0 0 0 3 40633 0 0 7 0 0 147 15 0 9007517 17791848 13374901 0 0 0 16296985 0 0 712 0 
0 0 0 0 0 0 0 0 0 0 0 0 0 0 0 0 0 0 0 0 0 0 0 3 0 40633 40631 0 0 147 0 0 15 40229216 0 0 0 0 0 0 16320041 712 0 0 
0 0 0 0 0 0 0 0 0 0 0 0 0 0 0 0 0 0 0 0 0 0 0 3 40637 0 0 7 0 0 147 15 0 9023203 17811909 13392619 0 0 0 16321818 0 0 712 0 
0 0 0 0 0 0 0 0 0 0 0 0 0 0 0 0 0 0 0 0 0 0 0 3 0 40637 40635 0 0 147 0 0 15 40303448 0 0 0 0 0 0 16348092 712 0 0 
0 0 0 0 0 0 0 0 0 0 0 0 0 0 0 0 0 0 0 0 0 0 0 3 40641 0 0 7 0 0 147 15 0 9044080 17839184 13418687 0 0 0 16349872 0 0 712 0 
0 0 0 0 0 0 0 0 0 0 0 0 0 0 0 0 0 0 0 0 0 0 0 3 0 40641 40639 0 0 147 0 0 15 40364744 0 0 0 0 0 0 16367198 712 0 0 
0 0 0 0 0 0 0 0 0 0 0 0 0 0 0 0 0 0 0 0 0 0 0 3 40645 0 0 7 0 0 147 15 0 9057005 17863847 13442394 0 0 0 16368976 0 0 712 0 
0 0 0 0 0 0 0 0 0 0 0 0 0 0 0 0 0 0 0 0 0 0 0 3 0 40649 40647 0 0 147 0 0 15 40396090 0 0 0 0 0 0 16382610 712 0 0 
0 0 0 0 0 0 0 0 0 0 0 0 0 0 0 0 0 0 0 0 0 0 0 3 40653 0 0 7 0 0 147 15 0 9066581 17875197 13452810 0 0 0 16384387 0 0 712 0 
0 0 0 0 0 0 0 0 0 0 0 0 0 0 0 0 0 0 0 0 0 0 0 3 0 40653 40651 0 0 147 0 0 15 40466234 0 0 0 0 0 0 16405864 712 0 0 
0 0 0 0 0 0 0 0 0 0 0 0 0 0 0 0 0 0 0 0 0 0 0 3 40657 0 0 7 0 0 147 15 0 9083046 17902900 13478784 0 0 0 16407644 0 0 712 0 
0 0 0 0 0 0 0 0 0 0 0 0 0 0 0 0 0 0 0 0 0 0 0 3 0 40653 40651 0 0 147 0 0 15 40522881 0 0 0 0 0 0 16431871 712 0 0 
0 0 0 0 0 0 0 0 0 0 0 0 0 0 0 0 0 0 0 0 0 0 0 3 40657 0 0 7 0 0 147 15 0 9098049 17924745 13498579 0 0 0 16433653 0 0 712 0 
0 0 0 0 0 0 0 0 0 0 0 0 0 0 0 0 0 0 0 0 0 0 0 3 0 40661 40659 0 0 147 0 0 15 40564773 0 0 0 0 0 0 16444809 712 0 0 
0 0 0 0 0 0 0 0 0 0 0 0 0 0 0 0 0 0 0 0 0 0 0 3 40665 0 0 7 0 0 147 15 0 9106770 17941468 13515029 0 0 0 16446591 0 0 712 0 
0 0 0 0 0 0 0 0 0 0 0 0 0 0 0 0 0 0 0 0 0 0 0 3 0 40665 40663 0 0 147 0 0 15 40620163 0 0 0 0 0 0 16470179 712 0 0 
0 0 0 0 0 0 0 0 0 0 0 0 0 0 0 0 0 0 0 0 0 0 0 3 40669 0 0 7 0 0 147 15 0 9122270 17962426 13533959 0 0 0 16471960 0 0 712 0 
0 0 0 0 0 0 0 0 0 0 0 0 0 0 0 0 0 0 0 0 0 0 0 3 0 40669 40667 0 0 147 0 0 15 40692483 0 0 0 0 0 0 16497735 712 0 0 
0 0 0 0 0 0 0 0 0 0 0 0 0 0 0 0 0 0 0 0 0 0 0 3 40673 0 0 7 0 0 147 15 0 9143140 17988820 13559014 0 0 0 16499516 0 0 712 0 
0 0 0 0 0 0 0 0 0 0 0 0 0 0 0 0 0 0 0 0 0 0 0 3 0 40673 40671 0 0 147 0 0 15 40756190 0 0 0 0 0 0 16518364 712 0 0 
0 0 0 0 0 0 0 0 0 0 0 0 0 0 0 0 0 0 0 0 0 0 0 3 40677 0 0 7 0 0 147 15 0 9156257 18015032 13583388 0 0 0 16520146 0 0 712 0 
0 0 0 0 0 0 0 0 0 0 0 0 0 0 0 0 0 0 0 0 0 0 0 3 0 40681 40679 0 0 147 0 0 15 40788457 0 0 0 0 0 0 16534664 712 0 0 
0 0 0 0 0 0 0 0 0 0 0 0 0 0 0 0 0 0 0 0 0 0 0 3 40685 0 0 7 0 0 147 15 0 9165617 18027043 13594279 0 0 0 16536449 0 0 712 0 
0 0 0 0 0 0 0 0 0 0 0 0 0 0 0 0 0 0 0 0 0 0 0 3 0 40685 40683 0 0 147 0 0 15 40860826 0 0 0 0 0 0 16559312 712 0 0 
0 0 0 0 0 0 0 0 0 0 0 0 0 0 0 0 0 0 0 0 0 0 0 3 40689 0 0 7 0 0 147 15 0 9182490 18055731 13621092 0 0 0 16561096 0 0 712 0 
0 0 0 0 0 0 0 0 0 0 0 0 0 0 0 0 0 0 0 0 0 0 0 3 0 40685 40683 0 0 147 0 0 15 40921310 0 0 0 0 0 0 16585903 712 0 0 
0 0 0 0 0 0 0 0 0 0 0 0 0 0 0 0 0 0 0 0 0 0 0 3 40689 0 0 7 0 0 147 15 0 9198689 18079017 13642093 0 0 0 16587685 0 0 712 0 
0 0 0 0 0 0 0 0 0 0 0 0 0 0 0 0 0 0 0 0 0 0 0 3 0 40693 40690 0 0 147 0 0 15 40959855 0 0 0 0 0 0 16598832 712 0 0 
0 0 0 0 0 0 0 0 0 0 0 0 0 0 0 0 0 0 0 0 0 0 0 3 40697 0 0 7 0 0 147 15 0 9206018 18095510 13656820 0 0 0 16600614 0 0 712 0 
0 0 0 0 0 0 0 0 0 0 0 0 0 0 0 0 0 0 0 0 0 0 0 3 0 40697 40694 0 0 147 0 0 15 41013511 0 0 0 0 0 0 16623794 712 0 0 
0 0 0 0 0 0 0 0 0 0 0 0 0 0 0 0 0 0 0 0 0 0 0 3 40701 0 0 7 0 0 147 15 0 9221334 18115806 13674853 0 0 0 16625579 0 0 712 0 
0 0 0 0 0 0 0 0 0 0 0 0 0 0 0 0 0 0 0 0 0 0 0 3 0 40701 40698 0 0 147 0 0 15 41088519 0 0 0 0 0 0 16651891 712 0 0 
0 0 0 0 0 0 0 0 0 0 0 0 0 0 0 0 0 0 0 0 0 0 0 3 40705 0 0 7 0 0 147 15 0 9242117 18143710 13701176 0 0 0 16653683 0 0 712 0 
0 0 0 0 0 0 0 0 0 0 0 0 0 0 0 0 0 0 0 0 0 0 0 3 0 40705 40702 0 0 147 0 0 15 41151148 0 0 0 0 0 0 16672405 712 0 0 
0 0 0 0 0 0 0 0 0 0 0 0 0 0 0 0 0 0 0 0 0 0 0 3 40709 0 0 7 0 0 147 15 0 9255501 18169101 13725030 0 0 0 16674197 0 0 712 0 
0 0 0 0 0 0 0 0 0 0 0 0 0 0 0 0 0 0 0 0 0 0 0 3 0 40713 40710 0 0 147 0 0 15 41185315 0 0 0 0 0 0 16689923 712 0 0 
0 0 0 0 0 0 0 0 0 0 0 0 0 0 0 0 0 0 0 0 0 0 0 3 40717 0 0 7 0 0 147 15 0 9266193 18181693 13735910 0 0 0 16691716 0 0 712 0 
0 0 0 0 0 0 0 0 0 0 0 0 0 0 0 0 0 0 0 0 0 0 0 3 0 40717 40714 0 0 147 0 0 15 41259100 0 0 0 0 0 0 16715313 712 0 0 
0 0 0 0 0 0 0 0 0 0 0 0 0 0 0 0 0 0 0 0 0 0 0 3 40721 0 0 7 0 0 147 15 0 9283419 18210663 13763492 0 0 0 16717105 0 0 712 0 
0 0 0 0 0 0 0 0 0 0 0 0 0 0 0 0 0 0 0 0 0 0 0 3 0 40717 40714 0 0 147 0 0 15 41324195 0 0 0 0 0 0 16741780 712 0 0 
0 0 0 0 0 0 0 0 0 0 0 0 0 0 0 0 0 0 0 0 0 0 0 3 40721 0 0 7 0 0 147 15 0 9299891 18236389 13786381 0 0 0 16743573 0 0 712 0 
0 0 0 0 0 0 0 0 0 0 0 0 0 0 0 0 0 0 0 0 0 0 0 3 0 40729 40726 0 0 147 0 0 15 41354988 0 0 0 0 0 0 16752466 712 0 0 
0 0 0 0 0 0 0 0 0 0 0 0 0 0 0 0 0 0 0 0 0 0 0 3 40733 0 0 7 0 0 147 15 0 9306512 18249439 13797506 0 0 0 16754260 0 0 712 0 
0 0 0 0 0 0 0 0 0 0 0 0 0 0 0 0 0 0 0 0 0 0 0 3 0 40729 40726 0 0 147 0 0 15 41412365 0 0 0 0 0 0 16779285 712 0 0 
0 0 0 0 0 0 0 0 0 0 0 0 0 0 0 0 0 0 0 0 0 0 0 3 40733 0 0 7 0 0 147 15 0 9321586 18271855 13817381 0 0 0 16781085 0 0 712 0 
0 0 0 0 0 0 0 0 0 0 0 0 0 0 0 0 0 0 0 0 0 0 0 3 0 40733 40730 0 0 147 0 0 15 41486986 0 0 0 0 0 0 16807486 712 0 0 
0 0 0 0 0 0 0 0 0 0 0 0 0 0 0 0 0 0 0 0 0 0 0 3 40737 0 0 7 0 0 147 15 0 9342547 18299510 13843384 0 0 0 16809289 0 0 712 0 
0 0 0 0 0 0 0 0 0 0 0 0 0 0 0 0 0 0 0 0 0 0 0 3 0 40737 40734 0 0 147 0 0 15 41546427 0 0 0 0 0 0 16827383 712 0 0 
0 0 0 0 0 0 0 0 0 0 0 0 0 0 0 0 0 0 0 0 0 0 0 3 40741 0 0 7 0 0 147 15 0 9354745 18324106 13866038 0 0 0 16829187 0 0 712 0 
0 0 0 0 0 0 0 0 0 0 0 0 0 0 0 0 0 0 0 0 0 0 0 3 0 40745 40742 0 0 147 0 0 15 41578835 0 0 0 0 0 0 16844390 712 0 0 
0 0 0 0 0 0 0 0 0 0 0 0 0 0 0 0 0 0 0 0 0 0 0 3 40749 0 0 7 0 0 147 15 0 9365448 18336053 13875787 0 0 0 16846194 0 0 712 0 
0 0 0 0 0 0 0 0 0 0 0 0 0 0 0 0 0 0 0 0 0 0 0 3 0 40749 40746 0 0 147 0 0 15 41651650 0 0 0 0 0 0 16869054 712 0 0 
0 0 0 0 0 0 0 0 0 0 0 0 0 0 0 0 0 0 0 0 0 0 0 3 40753 0 0 7 0 0 147 15 0 9382646 18364499 13902960 0 0 0 16870860 0 0 712 0 
0 0 0 0 0 0 0 0 0 0 0 0 0 0 0 0 0 0 0 0 0 0 0 3 0 40749 40746 0 0 147 0 0 15 41717867 0 0 0 0 0 0 16895614 712 0 0 
0 0 0 0 0 0 0 0 0 0 0 0 0 0 0 0 0 0 0 0 0 0 0 3 40753 0 0 7 0 0 147 15 0 9399732 18390152 13926427 0 0 0 16897422 0 0 712 0 
0 0 0 0 0 0 0 0 0 0 0 0 0 0 0 0 0 0 0 0 0 0 0 3 0 40761 40758 0 0 147 0 0 15 41752510 0 0 0 0 0 0 16908456 712 0 0 
0 0 0 0 0 0 0 0 0 0 0 0 0 0 0 0 0 0 0 0 0 0 0 3 40765 0 0 7 0 0 147 15 0 9407778 18403916 13939263 0 0 0 16910264 0 0 712 0 
0 0 0 0 0 0 0 0 0 0 0 0 0 0 0 0 0 0 0 0 0 0 0 3 0 40761 40758 0 0 147 0 0 15 41817483 0 0 0 0 0 0 16935165 712 0 0 
0 0 0 0 0 0 0 0 0 0 0 0 0 0 0 0 0 0 0 0 0 0 0 3 40765 0 0 7 0 0 147 15 0 9424289 18429281 13962362 0 0 0 16936976 0 0 712 0 
0 0 0 0 0 0 0 0 0 0 0 0 0 0 0 0 0 0 0 0 0 0 0 3 0 40765 40762 0 0 147 0 0 15 41886018 0 0 0 0 0 0 16962957 712 0 0 
0 0 0 0 0 0 0 0 0 0 0 0 0 0 0 0 0 0 0 0 0 0 0 3 40769 0 0 7 0 0 147 15 0 9443562 18455011 13985877 0 0 0 16964764 0 0 712 0 
0 0 0 0 0 0 0 0 0 0 0 0 0 0 0 0 0 0 0 0 0 0 0 3 0 40769 40766 0 0 147 0 0 15 41938822 0 0 0 0 0 0 16979821 712 0 0 
0 0 0 0 0 0 0 0 0 0 0 0 0 0 0 0 0 0 0 0 0 0 0 3 40773 0 0 7 0 0 147 15 0 9453993 18476567 14006701 0 0 0 16981630 0 0 712 0 
0 0 0 0 0 0 0 0 0 0 0 0 0 0 0 0 0 0 0 0 0 0 0 3 0 40777 40774 0 0 147 0 0 15 41975417 0 0 0 0 0 0 16998434 712 0 0 
0 0 0 0 0 0 0 0 0 0 0 0 0 0 0 0 0 0 0 0 0 0 0 3 40781 0 0 7 0 0 147 15 0 9465977 18489700 14018175 0 0 0 17000244 0 0 712 0 
0 0 0 0 0 0 0 0 0 0 0 0 0 0 0 0 0 0 0 0 0 0 0 3 0 40781 40778 0 0 147 0 0 15 42048825 0 0 0 0 0 0 17023597 712 0 0 
0 0 0 0 0 0 0 0 0 0 0 0 0 0 0 0 0 0 0 0 0 0 0 3 40785 0 0 7 0 0 147 15 0 9483876 18518272 14045110 0 0 0 17025408 0 0 712 0 
0 0 0 0 0 0 0 0 0 0 0 0 0 0 0 0 0 0 0 0 0 0 0 3 0 40781 40778 0 0 147 0 0 15 42119826 0 0 0 0 0 0 17050374 712 0 0 
0 0 0 0 0 0 0 0 0 0 0 0 0 0 0 0 0 0 0 0 0 0 0 3 40785 0 0 7 0 0 147 15 0 9501405 18546034 14070817 0 0 0 17052183 0 0 712 0 
0 0 0 0 0 0 0 0 0 0 0 0 0 0 0 0 0 0 0 0 0 0 0 3 0 40793 40786 0 0 147 0 0 15 42139478 0 0 0 0 0 0 17058876 712 0 0 
0 0 0 0 0 0 0 0 0 0 0 0 0 0 0 0 0 0 0 0 0 0 0 3 40793 0 0 7 0 0 147 15 0 9503761 18555630 14078523 0 0 0 17060686 0 0 712 0 
0 0 0 0 0 0 0 0 0 0 0 0 0 0 0 0 0 0 0 0 0 0 0 3 0 40793 40790 0 0 147 0 0 15 42197046 0 0 0 0 0 0 17085211 712 0 0 
0 0 0 0 0 0 0 0 0 0 0 0 0 0 0 0 0 0 0 0 0 0 0 3 40797 0 0 7 0 0 147 15 0 9519871 18577621 14097993 0 0 0 17087019 0 0 712 0 
0 0 0 0 0 0 0 0 0 0 0 0 0 0 0 0 0 0 0 0 0 0 0 3 0 40797 40794 0 0 147 0 0 15 42273667 0 0 0 0 0 0 17113924 712 0 0 
0 0 0 0 0 0 0 0 0 0 0 0 0 0 0 0 0 0 0 0 0 0 0 3 40801 0 0 7 0 0 147 15 0 9540763 18606972 14124362 0 0 0 17115737 0 0 712 0 
0 0 0 0 0 0 0 0 0 0 0 0 0 0 0 0 0 0 0 0 0 0 0 3 0 40801 40798 0 0 147 0 0 15 42331726 0 0 0 0 0 0 17133286 712 0 0 
0 0 0 0 0 0 0 0 0 0 0 0 0 0 0 0 0 0 0 0 0 0 0 3 40805 0 0 7 0 0 147 15 0 9553242 18630057 14146855 0 0 0 17135102 0 0 712 0 
0 0 0 0 0 0 0 0 0 0 0 0 0 0 0 0 0 0 0 0 0 0 0 3 0 40809 40806 0 0 147 0 0 15 42368910 0 0 0 0 0 0 17152328 712 0 0 
0 0 0 0 0 0 0 0 0 0 0 0 0 0 0 0 0 0 0 0 0 0 0 3 40813 0 0 7 0 0 147 15 0 9564756 18643868 14158713 0 0 0 17154147 0 0 712 0 
0 0 0 0 0 0 0 0 0 0 0 0 0 0 0 0 0 0 0 0 0 0 0 3 0 40813 40810 0 0 147 0 0 15 42441705 0 0 0 0 0 0 17176893 712 0 0 
0 0 0 0 0 0 0 0 0 0 0 0 0 0 0 0 0 0 0 0 0 0 0 3 40817 0 0 7 0 0 147 15 0 9581805 18672716 14185599 0 0 0 17178715 0 0 712 0 
0 0 0 0 0 0 0 0 0 0 0 0 0 0 0 0 0 0 0 0 0 0 0 3 0 40813 40810 0 0 147 0 0 15 42498730 0 0 0 0 0 0 17201094 712 0 0 
0 0 0 0 0 0 0 0 0 0 0 0 0 0 0 0 0 0 0 0 0 0 0 3 40817 0 0 7 0 0 147 15 0 9595951 18694646 14206548 0 0 0 17202918 0 0 712 0 
0 0 0 0 0 0 0 0 0 0 0 0 0 0 0 0 0 0 0 0 0 0 0 3 0 40823 40818 0 0 147 0 0 15 42536231 0 0 0 0 0 0 17214019 712 0 0 
0 0 0 0 0 0 0 0 0 0 0 0 0 0 0 0 0 0 0 0 0 0 0 3 40825 0 0 7 0 0 147 15 0 9603009 18710803 14220835 0 0 0 17215843 0 0 712 0 
0 0 0 0 0 0 0 0 0 0 0 0 0 0 0 0 0 0 0 0 0 0 0 3 0 40825 40822 0 0 147 0 0 15 42592779 0 0 0 0 0 0 17240196 712 0 0 
0 0 0 0 0 0 0 0 0 0 0 0 0 0 0 0 0 0 0 0 0 0 0 3 40829 0 0 7 0 0 147 15 0 9619161 18732309 14239722 0 0 0 17242023 0 0 712 0 
0 0 0 0 0 0 0 0 0 0 0 0 0 0 0 0 0 0 0 0 0 0 0 3 0 40829 40826 0 0 147 0 0 15 42666959 0 0 0 0 0 0 17267836 712 0 0 
0 0 0 0 0 0 0 0 0 0 0 0 0 0 0 0 0 0 0 0 0 0 0 3 40833 0 0 7 0 0 147 15 0 9640325 18759583 14265466 0 0 0 17269664 0 0 712 0 
0 0 0 0 0 0 0 0 0 0 0 0 0 0 0 0 0 0 0 0 0 0 0 3 0 40833 40830 0 0 147 0 0 15 42727623 0 0 0 0 0 0 17288613 712 0 0 
0 0 0 0 0 0 0 0 0 0 0 0 0 0 0 0 0 0 0 0 0 0 0 3 40837 0 0 7 0 0 147 15 0 9652491 18785412 14288136 0 0 0 17290439 0 0 712 0 
<====
0 0 0 0 0 0 0 0 0 0 0 0 0 0 0 0 0 0 0 0 0 0 0 3 0 40837 40830 0 0 147 0 0 15 42732399 0 0 0 0 0 0 17291768 712 0 0 
0 0 0 0 0 0 0 0 0 0 0 0 0 0 0 0 0 0 0 0 0 0 0 3 40837 0 0 8 0 0 147 15 0 9652628 18788560 14289627 0 0 0 17293594 0 0 712 0 
0 0 0 0 0 0 0 0 0 0 0 0 0 0 0 0 0 0 0 0 0 0 0 3 0 40837 40830 0 0 147 0 0 15 42732399 0 0 0 0 0 0 17291768 712 0 0 
0 0 0 0 0 0 0 0 0 0 0 0 0 0 0 0 0 0 0 0 0 0 0 3 40837 0 0 8 0 0 147 15 0 9652628 18788560 14289627 0 0 0 17293594 0 0 712 0 
0 0 0 0 0 0 0 0 0 0 0 0 0 0 0 0 0 0 0 0 0 0 0 3 0 40837 40830 0 0 147 0 0 15 42732399 0 0 0 0 0 0 17291768 712 0 0 
0 0 0 0 0 0 0 0 0 0 0 0 0 0 0 0 0 0 0 0 0 0 0 3 40837 0 0 8 0 0 147 15 0 9652628 18788560 14289627 0 0 0 17293594 0 0 712 0 
0 0 0 0 0 0 0 0 0 0 0 0 0 0 0 0 0 0 0 0 0 0 0 3 0 40837 40830 0 0 147 0 0 15 42732399 0 0 0 0 0 0 17291768 712 0 0 
0 0 0 0 0 0 0 0 0 0 0 0 0 0 0 0 0 0 0 0 0 0 0 3 40837 0 0 8 0 0 147 15 0 9652628 18788560 14289627 0 0 0 17293594 0 0 712 0 
