0 0 0 0 0 0 0 0 0 0 0 0 0 0 0 0 0 0 0 0 0 0 0 3 0 120717 120678 0 0 404 0 0 52 85256570 23791134 0 0 0 0 0 45105009 2119 0 0 
0 0 0 0 0 0 0 0 0 0 0 0 0 0 0 0 0 0 0 0 0 0 0 3 0 120717 120678 0 0 404 0 0 52 85256570 23791134 0 0 0 0 0 45105009 2119 0 0 
0 0 0 0 0 0 0 0 0 0 0 0 0 0 0 0 0 0 0 0 0 0 0 3 0 120717 120678 0 0 404 0 0 52 85256570 23791134 0 0 0 0 0 45105009 2119 0 0 
0 0 0 0 0 0 0 0 0 0 0 0 0 0 0 0 0 0 0 0 0 0 0 3 0 120717 120682 0 0 413 0 0 52 85283656 23791137 0 0 0 0 0 45111534 2119 0 0 
0 0 0 0 0 0 0 0 0 0 0 0 0 0 0 0 0 0 0 0 0 0 0 3 0 120725 120690 0 0 414 0 0 52 85432674 23791147 0 0 0 0 0 45114132 2119 0 0 
0 0 0 0 0 0 0 0 0 0 0 0 0 0 0 0 0 0 0 0 0 0 0 3 0 120729 120694 0 0 414 0 0 52 85444659 23791153 0 0 0 0 0 45120682 2119 0 0 
0 0 0 0 0 0 0 0 0 0 0 0 0 0 0 0 0 0 0 0 0 0 0 3 0 120737 120702 0 0 414 0 0 52 85472886 23813163 0 0 0 0 0 45133433 2119 0 0 
0 0 0 0 0 0 0 0 0 0 0 0 0 0 0 0 0 0 0 0 0 0 0 3 0 120737 120702 0 0 414 0 0 52 85543311 23857340 0 0 0 0 0 45150432 2119 0 0 
0 0 0 0 0 0 0 0 0 0 0 0 0 0 0 0 0 0 0 0 0 0 0 3 0 120749 120714 0 0 414 0 0 52 85592155 23857355 0 0 0 0 0 45187625 2119 0 0 
0 0 0 0 0 0 0 0 0 0 0 0 0 0 0 0 0 0 0 0 0 0 0 3 0 120753 120718 0 0 414 0 0 52 85619640 23857364 0 0 0 0 0 45209674 2119 0 0 
0 0 0 0 0 0 0 0 0 0 0 0 0 0 0 0 0 0 0 0 0 0 0 3 0 120757 120722 0 0 414 0 0 52 85642656 23871926 0 0 0 0 0 45222469 2119 0 0 
0 0 0 0 0 0 0 0 0 0 0 0 0 0 0 0 0 0 0 0 0 0 0 3 0 120761 120726 0 0 414 0 0 52 85705207 23899727 0 0 0 0 0 45255152 2119 0 0 
0 0 0 0 0 0 0 0 0 0 0 0 0 0 0 0 0 0 0 0 0 0 0 3 0 120765 120730 0 0 414 0 0 52 85815069 23929566 0 0 0 0 0 45323314 2119 0 0 
0 0 0 0 0 0 0 0 0 0 0 0 0 0 0 0 0 0 0 0 0 0 0 3 0 120765 120730 0 0 414 0 0 52 85878912 23956830 0 0 0 0 0 45370327 2119 0 0 
0 0 0 0 0 0 0 0 0 0 0 0 0 0 0 0 0 0 0 0 0 0 0 3 0 120769 120734 0 0 414 0 0 52 85950583 23986953 0 0 0 0 0 45416048 2119 0 0 
0 0 0 0 0 0 0 0 0 0 0 0 0 0 0 0 0 0 0 0 0 0 0 3 0 120773 120738 0 0 414 0 0 52 86007678 23989607 0 0 0 0 0 45430384 2119 0 0 
0 0 0 0 0 0 0 0 0 0 0 0 0 0 0 0 0 0 0 0 0 0 0 3 0 120781 120746 0 0 414 0 0 52 86043579 24011381 0 0 0 0 0 45464555 2119 0 0 
0 0 0 0 0 0 0 0 0 0 0 0 0 0 0 0 0 0 0 0 0 0 0 3 0 120785 120750 0 0 414 0 0 52 86118760 24027424 0 0 0 0 0 45497942 2119 0 0 
0 0 0 0 0 0 0 0 0 0 0 0 0 0 0 0 0 0 0 0 0 0 0 3 0 120785 120750 0 0 414 0 0 52 86184753 24055161 0 0 0 0 0 45548457 2119 0 0 
0 0 0 0 0 0 0 0 0 0 0 0 0 0 0 0 0 0 0 0 0 0 0 3 0 120789 120754 0 0 414 0 0 52 86226410 24055806 0 0 0 0 0 45558781 2119 0 0 
0 0 0 0 0 0 0 0 0 0 0 0 0 0 0 0 0 0 0 0 0 0 0 3 0 120797 120762 0 0 414 0 0 52 86257777 24074924 0 0 0 0 0 45589207 2119 0 0 
0 0 0 0 0 0 0 0 0 0 0 0 0 0 0 0 0 0 0 0 0 0 0 3 0 120801 120766 0 0 414 0 0 52 86334893 24091965 0 0 0 0 0 45623604 2119 0 0 
0 0 0 0 0 0 0 0 0 0 0 0 0 0 0 0 0 0 0 0 0 0 0 3 0 120801 120766 0 0 414 0 0 52 86399280 24121099 0 0 0 0 0 45675273 2119 0 0 
0 0 0 0 0 0 0 0 0 0 0 0 0 0 0 0 0 0 0 0 0 0 0 3 0 120805 120770 0 0 414 0 0 52 86447520 24122005 0 0 0 0 0 45688485 2119 0 0 
0 0 0 0 0 0 0 0 0 0 0 0 0 0 0 0 0 0 0 0 0 0 0 3 0 120813 120778 0 0 414 0 0 52 86479042 24138769 0 0 0 0 0 45716950 2119 0 0 
0 0 0 0 0 0 0 0 0 0 0 0 0 0 0 0 0 0 0 0 0 0 0 3 0 120813 120778 0 0 414 0 0 52 86553311 24155427 0 0 0 0 0 45754198 2119 0 0 
0 0 0 0 0 0 0 0 0 0 0 0 0 0 0 0 0 0 0 0 0 0 0 3 0 120817 120782 0 0 414 0 0 52 86619680 24186662 0 0 0 0 0 45805837 2119 0 0 
0 0 0 0 0 0 0 0 0 0 0 0 0 0 0 0 0 0 0 0 0 0 0 3 0 120821 120786 0 0 414 0 0 52 86672226 24188203 0 0 0 0 0 45821927 2119 0 0 
0 0 0 0 0 0 0 0 0 0 0 0 0 0 0 0 0 0 0 0 0 0 0 3 0 120829 120794 0 0 414 0 0 52 86707744 24209652 0 0 0 0 0 45856286 2119 0 0 
0 0 0 0 0 0 0 0 0 0 0 0 0 0 0 0 0 0 0 0 0 0 0 3 0 120833 120798 0 0 414 0 0 52 86780055 24224618 0 0 0 0 0 45885467 2119 0 0 
0 0 0 0 0 0 0 0 0 0 0 0 0 0 0 0 0 0 0 0 0 0 0 3 0 120833 120798 0 0 414 0 0 52 86845651 24253886 0 0 0 0 0 45936629 2119 0 0 
0 0 0 0 0 0 0 0 0 0 0 0 0 0 0 0 0 0 0 0 0 0 0 3 0 120837 120802 0 0 414 0 0 52 86895371 24254402 0 0 0 0 0 45955088 2119 0 0 
0 0 0 0 0 0 0 0 0 0 0 0 0 0 0 0 0 0 0 0 0 0 0 3 0 120845 120810 0 0 414 0 0 52 86936235 24279148 0 0 0 0 0 45994215 2119 0 0 
0 0 0 0 0 0 0 0 0 0 0 0 0 0 0 0 0 0 0 0 0 0 0 3 0 120849 120814 0 0 414 0 0 52 87010635 24295414 0 0 0 0 0 46027044 2119 0 0 
0 0 0 0 0 0 0 0 0 0 0 0 0 0 0 0 0 0 0 0 0 0 0 3 0 120849 120814 0 0 414 0 0 52 87079247 24320596 0 0 0 0 0 46073809 2119 0 0 
0 0 0 0 0 0 0 0 0 0 0 0 0 0 0 0 0 0 0 0 0 0 0 3 0 120853 120818 0 0 414 0 0 52 87122077 24320601 0 0 0 0 0 46091530 2119 0 0 
0 0 0 0 0 0 0 0 0 0 0 0 0 0 0 0 0 0 0 0 0 0 0 3 0 120861 120826 0 0 414 0 0 52 87154322 24339814 0 0 0 0 0 46122358 2119 0 0 
0 0 0 0 0 0 0 0 0 0 0 0 0 0 0 0 0 0 0 0 0 0 0 3 0 120865 120830 0 0 414 0 0 52 87230404 24356438 0 0 0 0 0 46155882 2119 0 0 
0 0 0 0 0 0 0 0 0 0 0 0 0 0 0 0 0 0 0 0 0 0 0 3 0 120865 120830 0 0 414 0 0 52 87296268 24385969 0 0 0 0 0 46207473 2119 0 0 
0 0 0 0 0 0 0 0 0 0 0 0 0 0 0 0 0 0 0 0 0 0 0 3 0 120869 120834 0 0 414 0 0 52 87344791 24386799 0 0 0 0 0 46223077 2119 0 0 
0 0 0 0 0 0 0 0 0 0 0 0 0 0 0 0 0 0 0 0 0 0 0 3 0 120877 120842 0 0 414 0 0 52 87377296 24404349 0 0 0 0 0 46252995 2119 0 0 
0 0 0 0 0 0 0 0 0 0 0 0 0 0 0 0 0 0 0 0 0 0 0 3 0 120879 120842 0 0 414 0 0 52 87452515 24420223 0 0 0 0 0 46286454 2119 0 0 
0 0 0 0 0 0 0 0 0 0 0 0 0 0 0 0 0 0 0 0 0 0 0 3 0 120881 120846 0 0 414 0 0 52 87516123 24451713 0 0 0 0 0 46339066 2119 0 0 
0 0 0 0 0 0 0 0 0 0 0 0 0 0 0 0 0 0 0 0 0 0 0 3 0 120885 120850 0 0 414 0 0 52 87569383 24452997 0 0 0 0 0 46357396 2119 0 0 
0 0 0 0 0 0 0 0 0 0 0 0 0 0 0 0 0 0 0 0 0 0 0 3 0 120893 120858 0 0 414 0 0 52 87608296 24474736 0 0 0 0 0 46394336 2119 0 0 
0 0 0 0 0 0 0 0 0 0 0 0 0 0 0 0 0 0 0 0 0 0 0 3 0 120897 120862 0 0 414 0 0 52 87683839 24491218 0 0 0 0 0 46427549 2119 0 0 
0 0 0 0 0 0 0 0 0 0 0 0 0 0 0 0 0 0 0 0 0 0 0 3 0 120897 120862 0 0 414 0 0 52 87748025 24518935 0 0 0 0 0 46477132 2119 0 0 
0 0 0 0 0 0 0 0 0 0 0 0 0 0 0 0 0 0 0 0 0 0 0 3 0 120901 120866 0 0 414 0 0 52 87795001 24519196 0 0 0 0 0 46492245 2119 0 0 
0 0 0 0 0 0 0 0 0 0 0 0 0 0 0 0 0 0 0 0 0 0 0 3 0 120909 120874 0 0 414 0 0 52 87834065 24541354 0 0 0 0 0 46529048 2119 0 0 
0 0 0 0 0 0 0 0 0 0 0 0 0 0 0 0 0 0 0 0 0 0 0 3 0 120913 120878 0 0 414 0 0 52 87910009 24554906 0 0 0 0 0 46561587 2119 0 0 
0 0 0 0 0 0 0 0 0 0 0 0 0 0 0 0 0 0 0 0 0 0 0 3 0 120913 120878 0 0 414 0 0 52 87972168 24583795 0 0 0 0 0 46611851 2119 0 0 
0 0 0 0 0 0 0 0 0 0 0 0 0 0 0 0 0 0 0 0 0 0 0 3 0 120917 120882 0 0 414 0 0 52 88025094 24585393 0 0 0 0 0 46629392 2119 0 0 
0 0 0 0 0 0 0 0 0 0 0 0 0 0 0 0 0 0 0 0 0 0 0 3 0 120925 120890 0 0 414 0 0 52 88063384 24610205 0 0 0 0 0 46667994 2119 0 0 
0 0 0 0 0 0 0 0 0 0 0 0 0 0 0 0 0 0 0 0 0 0 0 3 0 120929 120894 0 0 414 0 0 52 88140130 24625069 0 0 0 0 0 46700116 2119 0 0 
0 0 0 0 0 0 0 0 0 0 0 0 0 0 0 0 0 0 0 0 0 0 0 3 0 120929 120894 0 0 414 0 0 52 88202587 24651587 0 0 0 0 0 46747891 2119 0 0 
0 0 0 0 0 0 0 0 0 0 0 0 0 0 0 0 0 0 0 0 0 0 0 3 0 120933 120898 0 0 414 0 0 52 88246905 24651592 0 0 0 0 0 46760509 2119 0 0 
0 0 0 0 0 0 0 0 0 0 0 0 0 0 0 0 0 0 0 0 0 0 0 3 0 120941 120906 0 0 414 0 0 52 88293248 24680022 0 0 0 0 0 46804785 2119 0 0 
0 0 0 0 0 0 0 0 0 0 0 0 0 0 0 0 0 0 0 0 0 0 0 3 0 120945 120910 0 0 414 0 0 52 88366918 24697407 0 0 0 0 0 46837663 2119 0 0 
0 0 0 0 0 0 0 0 0 0 0 0 0 0 0 0 0 0 0 0 0 0 0 3 0 120945 120910 0 0 414 0 0 52 88440045 24717786 0 0 0 0 0 46876686 2119 0 0 
0 0 0 0 0 0 0 0 0 0 0 0 0 0 0 0 0 0 0 0 0 0 0 3 0 120952 120914 0 0 414 0 0 52 88470495 24717794 0 0 0 0 0 46894497 2119 0 0 
0 0 0 0 0 0 0 0 0 0 0 0 0 0 0 0 0 0 0 0 0 0 0 3 0 120957 120922 0 0 414 0 0 52 88524526 24747757 0 0 0 0 0 46944802 2119 0 0 
0 0 0 0 0 0 0 0 0 0 0 0 0 0 0 0 0 0 0 0 0 0 0 3 0 120961 120926 0 0 414 0 0 52 88598132 24764959 0 0 0 0 0 46979390 2119 0 0 
0 0 0 0 0 0 0 0 0 0 0 0 0 0 0 0 0 0 0 0 0 0 0 3 0 120961 120926 0 0 414 0 0 52 88670228 24783985 0 0 0 0 0 47015521 2119 0 0 
0 0 0 0 0 0 0 0 0 0 0 0 0 0 0 0 0 0 0 0 0 0 0 3 0 120969 120934 0 0 414 0 0 52 88695420 24784255 0 0 0 0 0 47028857 2119 0 0 
0 0 0 0 0 0 0 0 0 0 0 0 0 0 0 0 0 0 0 0 0 0 0 3 0 120973 120938 0 0 414 0 0 52 88752807 24814595 0 0 0 0 0 47080297 2119 0 0 
0 0 0 0 0 0 0 0 0 0 0 0 0 0 0 0 0 0 0 0 0 0 0 3 0 120977 120942 0 0 414 0 0 52 88828601 24837511 0 0 0 0 0 47119605 2119 0 0 
0 0 0 0 0 0 0 0 0 0 0 0 0 0 0 0 0 0 0 0 0 0 0 3 0 120981 120946 0 0 414 0 0 52 88901821 24850187 0 0 0 0 0 47150508 2119 0 0 
0 0 0 0 0 0 0 0 0 0 0 0 0 0 0 0 0 0 0 0 0 0 0 3 0 120985 120950 0 0 414 0 0 52 88925814 24850453 0 0 0 0 0 47169427 2119 0 0 
0 0 0 0 0 0 0 0 0 0 0 0 0 0 0 0 0 0 0 0 0 0 0 3 0 120989 120954 0 0 414 0 0 52 88982107 24880794 0 0 0 0 0 47219681 2119 0 0 
0 0 0 0 0 0 0 0 0 0 0 0 0 0 0 0 0 0 0 0 0 0 0 3 0 120993 120958 0 0 414 0 0 52 89057407 24903181 0 0 0 0 0 47258796 2119 0 0 
0 0 0 0 0 0 0 0 0 0 0 0 0 0 0 0 0 0 0 0 0 0 0 3 0 120997 120962 0 0 414 0 0 52 89129349 24916386 0 0 0 0 0 47289126 2119 0 0 
0 0 0 0 0 0 0 0 0 0 0 0 0 0 0 0 0 0 0 0 0 0 0 3 0 121001 120966 0 0 414 0 0 52 89150925 24916654 0 0 0 0 0 47305029 2119 0 0 
0 0 0 0 0 0 0 0 0 0 0 0 0 0 0 0 0 0 0 0 0 0 0 3 0 121005 120970 0 0 414 0 0 52 89215298 24947888 0 0 0 0 0 47357466 2119 0 0 
0 0 0 0 0 0 0 0 0 0 0 0 0 0 0 0 0 0 0 0 0 0 0 3 0 121009 120974 0 0 414 0 0 52 89287166 24973487 0 0 0 0 0 47400602 2119 0 0 
0 0 0 0 0 0 0 0 0 0 0 0 0 0 0 0 0 0 0 0 0 0 0 3 0 121013 120978 0 0 414 0 0 52 89354632 24982584 0 0 0 0 0 47424104 2119 0 0 
0 0 0 0 0 0 0 0 0 0 0 0 0 0 0 0 0 0 0 0 0 0 0 3 0 121021 120986 0 0 414 0 0 52 89378020 24990307 0 0 0 0 0 47443311 2119 0 0 
0 0 0 0 0 0 0 0 0 0 0 0 0 0 0 0 0 0 0 0 0 0 0 3 0 121021 120986 0 0 414 0 0 52 89443152 25015623 0 0 0 0 0 47491311 2119 0 0 
0 0 0 0 0 0 0 0 0 0 0 0 0 0 0 0 0 0 0 0 0 0 0 3 0 121025 120990 0 0 414 0 0 52 89518018 25045323 0 0 0 0 0 47539088 2119 0 0 
0 0 0 0 0 0 0 0 0 0 0 0 0 0 0 0 0 0 0 0 0 0 0 3 0 121029 120994 0 0 414 0 0 52 89581525 25048783 0 0 0 0 0 47560209 2119 0 0 
0 0 0 0 0 0 0 0 0 0 0 0 0 0 0 0 0 0 0 0 0 0 0 3 0 121037 121002 0 0 414 0 0 52 89610664 25060702 0 0 0 0 0 47585980 2119 0 0 
0 0 0 0 0 0 0 0 0 0 0 0 0 0 0 0 0 0 0 0 0 0 0 3 0 121037 121002 0 0 414 0 0 52 89679122 25082206 0 0 0 0 0 47629896 2119 0 0 
0 0 0 0 0 0 0 0 0 0 0 0 0 0 0 0 0 0 0 0 0 0 0 3 0 121041 121006 0 0 414 0 0 52 89749032 25112419 0 0 0 0 0 47677477 2119 0 0 
0 0 0 0 0 0 0 0 0 0 0 0 0 0 0 0 0 0 0 0 0 0 0 3 0 121045 121010 0 0 414 0 0 52 89808055 25114983 0 0 0 0 0 47695466 2119 0 0 
0 0 0 0 0 0 0 0 0 0 0 0 0 0 0 0 0 0 0 0 0 0 0 3 0 121053 121018 0 0 414 0 0 52 89841151 25132917 0 0 0 0 0 47726647 2119 0 0 
0 0 0 0 0 0 0 0 0 0 0 0 0 0 0 0 0 0 0 0 0 0 0 3 0 121055 121018 0 0 414 0 0 52 89918529 25148407 0 0 0 0 0 47760973 2119 0 0 
0 0 0 0 0 0 0 0 0 0 0 0 0 0 0 0 0 0 0 0 0 0 0 3 0 121057 121022 0 0 414 0 0 52 89983524 25179525 0 0 0 0 0 47813829 2119 0 0 
0 0 0 0 0 0 0 0 0 0 0 0 0 0 0 0 0 0 0 0 0 0 0 3 0 121061 121026 0 0 414 0 0 52 90035909 25181182 0 0 0 0 0 47831395 2119 0 0 
0 0 0 0 0 0 0 0 0 0 0 0 0 0 0 0 0 0 0 0 0 0 0 3 0 121069 121034 0 0 414 0 0 52 90071250 25201698 0 0 0 0 0 47865014 2119 0 0 
0 0 0 0 0 0 0 0 0 0 0 0 0 0 0 0 0 0 0 0 0 0 0 3 0 121073 121038 0 0 414 0 0 52 90147169 25215669 0 0 0 0 0 47897819 2119 0 0 
0 0 0 0 0 0 0 0 0 0 0 0 0 0 0 0 0 0 0 0 0 0 0 3 0 121073 121038 0 0 414 0 0 52 90211040 25246486 0 0 0 0 0 47950212 2119 0 0 
0 0 0 0 0 0 0 0 0 0 0 0 0 0 0 0 0 0 0 0 0 0 0 3 0 121077 121042 0 0 414 0 0 52 90264884 25247380 0 0 0 0 0 47970935 2119 0 0 
0 0 0 0 0 0 0 0 0 0 0 0 0 0 0 0 0 0 0 0 0 0 0 3 0 121081 121042 0 0 414 0 0 52 90271091 25247644 0 0 0 0 0 47975963 2119 0 0 
0 0 0 0 0 0 0 0 0 0 0 0 0 0 0 0 0 0 0 0 0 0 0 3 0 121081 121042 0 0 414 0 0 52 90271091 25247644 0 0 0 0 0 47975963 2119 0 0 
0 0 0 0 0 0 0 0 0 0 0 0 0 0 0 0 0 0 0 0 0 0 0 3 0 121081 121042 0 0 414 0 0 52 90271091 25247644 0 0 0 0 0 47975963 2119 0 0 
0 0 0 0 0 0 0 0 0 0 0 0 0 0 0 0 0 0 0 0 0 0 0 3 0 121081 121042 0 0 414 0 0 52 90271091 25247644 0 0 0 0 0 47975963 2119 0 0 
0 0 0 0 0 0 0 0 0 0 0 0 0 0 0 0 0 0 0 0 0 0 0 3 0 121081 121042 0 0 414 0 0 52 90271091 25247644 0 0 0 0 0 47975963 2119 0 0 
0 0 0 0 0 0 0 0 0 0 0 0 0 0 0 0 0 0 0 0 0 0 0 3 0 121081 121042 0 0 414 0 0 52 90271091 25247644 0 0 0 0 0 47975963 2119 0 0 
0 0 0 0 0 0 0 0 0 0 0 0 0 0 0 0 0 0 0 0 0 0 0 3 0 121081 121042 0 0 414 0 0 52 90271091 25247644 0 0 0 0 0 47975963 2119 0 0 
0 0 0 0 0 0 0 0 0 0 0 0 0 0 0 0 0 0 0 0 0 0 0 3 0 121081 121042 0 0 414 0 0 52 90271091 25247644 0 0 0 0 0 47975963 2119 0 0 
0 0 0 0 0 0 0 0 0 0 0 0 0 0 0 0 0 0 0 0 0 0 0 3 0 121081 121042 0 0 414 0 0 52 90271091 25247644 0 0 0 0 0 47975963 2119 0 0 
0 0 0 0 0 0 0 0 0 0 0 0 0 0 0 0 0 0 0 0 0 0 0 3 0 121081 121042 0 0 414 0 0 52 90271091 25247644 0 0 0 0 0 47975963 2119 0 0 
0 0 0 0 0 0 0 0 0 0 0 0 0 0 0 0 0 0 0 0 0 0 0 3 0 121081 121042 0 0 414 0 0 52 90271091 25247644 0 0 0 0 0 47975963 2119 0 0 
0 0 0 0 0 0 0 0 0 0 0 0 0 0 0 0 0 0 0 0 0 0 0 3 0 121081 121042 0 0 414 0 0 52 90271091 25247644 0 0 0 0 0 47975963 2119 0 0 
0 0 0 0 0 0 0 0 0 0 0 0 0 0 0 0 0 0 0 0 0 0 0 3 0 121081 121042 0 0 414 0 0 52 90271091 25247644 0 0 0 0 0 47975963 2119 0 0 
0 0 0 0 0 0 0 0 0 0 0 0 0 0 0 0 0 0 0 0 0 0 0 3 0 121081 121042 0 0 414 0 0 52 90271091 25247644 0 0 0 0 0 47975963 2119 0 0 
0 0 0 0 0 0 0 0 0 0 0 0 0 0 0 0 0 0 0 0 0 0 0 3 0 121081 121042 0 0 414 0 0 52 90271091 25247644 0 0 0 0 0 47975963 2119 0 0 
0 0 0 0 0 0 0 0 0 0 0 0 0 0 0 0 0 0 0 0 0 0 0 3 0 121081 121042 0 0 414 0 0 52 90271091 25247644 0 0 0 0 0 47975963 2119 0 0 
0 0 0 0 0 0 0 0 0 0 0 0 0 0 0 0 0 0 0 0 0 0 0 3 0 121081 121042 0 0 414 0 0 52 90271091 25247644 0 0 0 0 0 47975963 2119 0 0 
0 0 0 0 0 0 0 0 0 0 0 0 0 0 0 0 0 0 0 0 0 0 0 3 0 121081 121042 0 0 414 0 0 52 90271091 25247644 0 0 0 0 0 47975963 2119 0 0 
0 0 0 0 0 0 0 0 0 0 0 0 0 0 0 0 0 0 0 0 0 0 0 3 0 121081 121042 0 0 414 0 0 52 90271091 25247644 0 0 0 0 0 47975963 2119 0 0 
0 0 0 0 0 0 0 0 0 0 0 0 0 0 0 0 0 0 0 0 0 0 0 3 0 121081 121042 0 0 414 0 0 52 90271091 25247644 0 0 0 0 0 47975963 2119 0 0 
0 0 0 0 0 0 0 0 0 0 0 0 0 0 0 0 0 0 0 0 0 0 0 3 0 121081 121042 0 0 414 0 0 52 90271091 25247644 0 0 0 0 0 47975963 2119 0 0 
