0 0 0 0 0 0 0 0 0 0 0 0 0 0 0 0 0 0 0 0 0 0 0 3 0 53310 53306 0 0 191 0 0 22 61686954 0 0 0 0 0 0 27231162 713 0 0 
0 0 0 0 0 0 0 0 0 0 0 0 0 0 0 0 0 0 0 0 0 0 0 3 53302 0 0 8 0 0 192 22 0 12990583 28838051 19854855 0 0 0 27234313 0 0 713 0 
0 0 0 0 0 0 0 0 0 0 0 0 0 0 0 0 0 0 0 0 0 0 0 3 0 53310 53306 0 0 191 0 0 22 61686954 0 0 0 0 0 0 27231162 713 0 0 
0 0 0 0 0 0 0 0 0 0 0 0 0 0 0 0 0 0 0 0 0 0 0 3 53302 0 0 8 0 0 192 22 0 12990583 28838051 19854855 0 0 0 27234313 0 0 713 0 
0 0 0 0 0 0 0 0 0 0 0 0 0 0 0 0 0 0 0 0 0 0 0 3 0 53310 53306 0 0 191 0 0 22 61686954 0 0 0 0 0 0 27231162 713 0 0 
0 0 0 0 0 0 0 0 0 0 0 0 0 0 0 0 0 0 0 0 0 0 0 3 53302 0 0 8 0 0 192 22 0 12990583 28838051 19854855 0 0 0 27234313 0 0 713 0 
0 0 0 0 0 0 0 0 0 0 0 0 0 0 0 0 0 0 0 0 0 0 0 3 0 53310 53306 0 0 191 0 0 22 61686954 0 0 0 0 0 0 27231162 713 0 0 
0 0 0 0 0 0 0 0 0 0 0 0 0 0 0 0 0 0 0 0 0 0 0 3 53302 0 0 8 0 0 192 22 0 12990583 28838051 19854855 0 0 0 27234313 0 0 713 0 
0 0 0 0 0 0 0 0 0 0 0 0 0 0 0 0 0 0 0 0 0 0 0 3 0 53310 53306 0 0 191 0 0 22 61686954 0 0 0 0 0 0 27231162 713 0 0 
0 0 0 0 0 0 0 0 0 0 0 0 0 0 0 0 0 0 0 0 0 0 0 3 53302 0 0 8 0 0 192 22 0 12990583 28838051 19854855 0 0 0 27234313 0 0 713 0 
0 0 0 0 0 0 0 0 0 0 0 0 0 0 0 0 0 0 0 0 0 0 0 3 0 53310 53306 0 0 191 0 0 22 61686954 0 0 0 0 0 0 27231162 713 0 0 
0 0 0 0 0 0 0 0 0 0 0 0 0 0 0 0 0 0 0 0 0 0 0 3 53302 0 0 8 0 0 192 22 0 12990583 28838051 19854855 0 0 0 27234313 0 0 713 0 
====>
0 0 0 0 0 0 0 0 0 0 0 0 0 0 0 0 0 0 0 0 0 0 0 3 0 53310 53310 0 0 201 0 0 22 61731036 0 0 0 0 0 0 27233094 713 0 0 
0 0 0 0 0 0 0 0 0 0 0 0 0 0 0 0 0 0 0 0 0 0 0 3 53306 0 0 8 0 0 202 22 0 12990586 28881439 19855558 0 0 0 27236245 0 0 713 0 
0 0 0 0 0 0 0 0 0 0 0 0 0 0 0 0 0 0 0 0 0 0 0 3 0 53322 53322 0 0 202 0 0 22 61779254 0 0 0 0 0 0 27237024 713 0 0 
0 0 0 0 0 0 0 0 0 0 0 0 0 0 0 0 0 0 0 0 0 0 0 3 53318 0 0 8 0 0 203 22 0 12990604 28926538 19858679 0 0 0 27240175 0 0 713 0 
0 0 0 0 0 0 0 0 0 0 0 0 0 0 0 0 0 0 0 0 0 0 0 3 0 53330 53330 0 0 202 0 0 22 61814238 0 0 0 0 0 0 27243879 713 0 0 
0 0 0 0 0 0 0 0 0 0 0 0 0 0 0 0 0 0 0 0 0 0 0 3 53326 0 0 8 0 0 203 22 0 13006041 28939547 19865227 0 0 0 27247030 0 0 713 0 
0 0 0 0 0 0 0 0 0 0 0 0 0 0 0 0 0 0 0 0 0 0 0 3 0 53330 53330 0 0 202 0 0 22 61903358 0 0 0 0 0 0 27250901 713 0 0 
0 0 0 0 0 0 0 0 0 0 0 0 0 0 0 0 0 0 0 0 0 0 0 3 53326 0 0 8 0 0 203 22 0 13040085 28988784 19871115 0 0 0 27254052 0 0 713 0 
0 0 0 0 0 0 0 0 0 0 0 0 0 0 0 0 0 0 0 0 0 0 0 3 0 53342 53342 0 0 202 0 0 22 61935761 0 0 0 0 0 0 27278954 713 0 0 
0 0 0 0 0 0 0 0 0 0 0 0 0 0 0 0 0 0 0 0 0 0 0 3 53338 0 0 8 0 0 203 22 0 13040102 28993507 19898751 0 0 0 27282110 0 0 713 0 
0 0 0 0 0 0 0 0 0 0 0 0 0 0 0 0 0 0 0 0 0 0 0 3 0 53350 53350 0 0 202 0 0 22 61965520 0 0 0 0 0 0 27284989 713 0 0 
0 0 0 0 0 0 0 0 0 0 0 0 0 0 0 0 0 0 0 0 0 0 0 3 53346 0 0 8 0 0 203 22 0 13052169 29004969 19904977 0 0 0 27288145 0 0 713 0 
0 0 0 0 0 0 0 0 0 0 0 0 0 0 0 0 0 0 0 0 0 0 0 3 0 53354 53354 0 0 202 0 0 22 62037347 0 0 0 0 0 0 27313027 713 0 0 
0 0 0 0 0 0 0 0 0 0 0 0 0 0 0 0 0 0 0 0 0 0 0 3 53350 0 0 8 0 0 203 22 0 13075520 29037289 19921124 0 0 0 27316190 0 0 713 0 
0 0 0 0 0 0 0 0 0 0 0 0 0 0 0 0 0 0 0 0 0 0 0 3 0 53358 53358 0 0 202 0 0 22 62131369 0 0 0 0 0 0 27352264 713 0 0 
0 0 0 0 0 0 0 0 0 0 0 0 0 0 0 0 0 0 0 0 0 0 0 3 53354 0 0 8 0 0 203 22 0 13094712 29065258 19967956 0 0 0 27355434 0 0 713 0 
0 0 0 0 0 0 0 0 0 0 0 0 0 0 0 0 0 0 0 0 0 0 0 3 0 53358 53358 0 0 202 0 0 22 62197982 0 0 0 0 0 0 27378715 713 0 0 
0 0 0 0 0 0 0 0 0 0 0 0 0 0 0 0 0 0 0 0 0 0 0 3 53354 0 0 8 0 0 203 22 0 13112549 29090113 19991883 0 0 0 27381886 0 0 713 0 
0 0 0 0 0 0 0 0 0 0 0 0 0 0 0 0 0 0 0 0 0 0 0 3 0 53362 53362 0 0 202 0 0 22 62264878 0 0 0 0 0 0 27406225 713 0 0 
0 0 0 0 0 0 0 0 0 0 0 0 0 0 0 0 0 0 0 0 0 0 0 3 53358 0 0 8 0 0 203 22 0 13130280 29115752 20015405 0 0 0 27409396 0 0 713 0 
0 0 0 0 0 0 0 0 0 0 0 0 0 0 0 0 0 0 0 0 0 0 0 3 0 53366 53366 0 0 202 0 0 22 62313104 0 0 0 0 0 0 27420031 713 0 0 
0 0 0 0 0 0 0 0 0 0 0 0 0 0 0 0 0 0 0 0 0 0 0 3 53362 0 0 8 0 0 203 22 0 13139650 29134942 20035076 0 0 0 27423201 0 0 713 0 
0 0 0 0 0 0 0 0 0 0 0 0 0 0 0 0 0 0 0 0 0 0 0 3 0 53374 53374 0 0 202 0 0 22 62358626 0 0 0 0 0 0 27442573 713 0 0 
0 0 0 0 0 0 0 0 0 0 0 0 0 0 0 0 0 0 0 0 0 0 0 3 53370 0 0 8 0 0 203 22 0 13154001 29151226 20049965 0 0 0 27445742 0 0 713 0 
0 0 0 0 0 0 0 0 0 0 0 0 0 0 0 0 0 0 0 0 0 0 0 3 0 53378 53378 0 0 202 0 0 22 62434900 0 0 0 0 0 0 27469715 713 0 0 
0 0 0 0 0 0 0 0 0 0 0 0 0 0 0 0 0 0 0 0 0 0 0 3 53374 0 0 8 0 0 203 22 0 13174554 29179676 20077237 0 0 0 27472883 0 0 713 0 
0 0 0 0 0 0 0 0 0 0 0 0 0 0 0 0 0 0 0 0 0 0 0 3 0 53382 53382 0 0 202 0 0 22 62504671 0 0 0 0 0 0 27492595 713 0 0 
0 0 0 0 0 0 0 0 0 0 0 0 0 0 0 0 0 0 0 0 0 0 0 3 53378 0 0 8 0 0 203 22 0 13189403 29207514 20104317 0 0 0 27495762 0 0 713 0 
0 0 0 0 0 0 0 0 0 0 0 0 0 0 0 0 0 0 0 0 0 0 0 3 0 53390 53390 0 0 202 0 0 22 62535187 0 0 0 0 0 0 27508168 713 0 0 
0 0 0 0 0 0 0 0 0 0 0 0 0 0 0 0 0 0 0 0 0 0 0 3 53386 0 0 8 0 0 203 22 0 13197946 29219164 20114636 0 0 0 27511336 0 0 713 0 
0 0 0 0 0 0 0 0 0 0 0 0 0 0 0 0 0 0 0 0 0 0 0 3 0 53390 53390 0 0 202 0 0 22 62606158 0 0 0 0 0 0 27532115 713 0 0 
0 0 0 0 0 0 0 0 0 0 0 0 0 0 0 0 0 0 0 0 0 0 0 3 53386 0 0 8 0 0 203 22 0 13214379 29246979 20141354 0 0 0 27535285 0 0 713 0 
0 0 0 0 0 0 0 0 0 0 0 0 0 0 0 0 0 0 0 0 0 0 0 3 0 53394 53394 0 0 202 0 0 22 62661765 0 0 0 0 0 0 27558167 713 0 0 
0 0 0 0 0 0 0 0 0 0 0 0 0 0 0 0 0 0 0 0 0 0 0 3 53390 0 0 8 0 0 203 22 0 13230808 29267254 20160260 0 0 0 27561338 0 0 713 0 
0 0 0 0 0 0 0 0 0 0 0 0 0 0 0 0 0 0 0 0 0 0 0 3 0 53402 53402 0 0 202 0 0 22 62707096 0 0 0 0 0 0 27570554 713 0 0 
0 0 0 0 0 0 0 0 0 0 0 0 0 0 0 0 0 0 0 0 0 0 0 3 53398 0 0 8 0 0 203 22 0 13239296 29285483 20178883 0 0 0 27573724 0 0 713 0 
0 0 0 0 0 0 0 0 0 0 0 0 0 0 0 0 0 0 0 0 0 0 0 3 0 53406 53406 0 0 202 0 0 22 62761514 0 0 0 0 0 0 27596429 713 0 0 
0 0 0 0 0 0 0 0 0 0 0 0 0 0 0 0 0 0 0 0 0 0 0 3 53402 0 0 8 0 0 203 22 0 13255394 29305527 20197154 0 0 0 27599606 0 0 713 0 
0 0 0 0 0 0 0 0 0 0 0 0 0 0 0 0 0 0 0 0 0 0 0 3 0 53410 53410 0 0 202 0 0 22 62835563 0 0 0 0 0 0 27623612 713 0 0 
0 0 0 0 0 0 0 0 0 0 0 0 0 0 0 0 0 0 0 0 0 0 0 3 53406 0 0 8 0 0 203 22 0 13275482 29333067 20223584 0 0 0 27626790 0 0 713 0 
0 0 0 0 0 0 0 0 0 0 0 0 0 0 0 0 0 0 0 0 0 0 0 3 0 53414 53414 0 0 202 0 0 22 62899097 0 0 0 0 0 0 27643608 713 0 0 
0 0 0 0 0 0 0 0 0 0 0 0 0 0 0 0 0 0 0 0 0 0 0 3 53410 0 0 8 0 0 203 22 0 13288910 29358552 20248204 0 0 0 27646787 0 0 713 0 
0 0 0 0 0 0 0 0 0 0 0 0 0 0 0 0 0 0 0 0 0 0 0 3 0 53422 53422 0 0 202 0 0 22 62932010 0 0 0 0 0 0 27660493 713 0 0 
0 0 0 0 0 0 0 0 0 0 0 0 0 0 0 0 0 0 0 0 0 0 0 3 53418 0 0 8 0 0 203 22 0 13299100 29370195 20259281 0 0 0 27663673 0 0 713 0 
0 0 0 0 0 0 0 0 0 0 0 0 0 0 0 0 0 0 0 0 0 0 0 3 0 53426 53426 0 0 202 0 0 22 63003420 0 0 0 0 0 0 27683372 713 0 0 
0 0 0 0 0 0 0 0 0 0 0 0 0 0 0 0 0 0 0 0 0 0 0 3 53422 0 0 8 0 0 203 22 0 13314935 29398736 20286317 0 0 0 27686553 0 0 713 0 
0 0 0 0 0 0 0 0 0 0 0 0 0 0 0 0 0 0 0 0 0 0 0 3 0 53426 53426 0 0 202 0 0 22 63057912 0 0 0 0 0 0 27709356 713 0 0 
0 0 0 0 0 0 0 0 0 0 0 0 0 0 0 0 0 0 0 0 0 0 0 3 53422 0 0 8 0 0 203 22 0 13331396 29418235 20304844 0 0 0 27712536 0 0 713 0 
0 0 0 0 0 0 0 0 0 0 0 0 0 0 0 0 0 0 0 0 0 0 0 3 0 53434 53434 0 0 202 0 0 22 63099170 0 0 0 0 0 0 27720161 713 0 0 
0 0 0 0 0 0 0 0 0 0 0 0 0 0 0 0 0 0 0 0 0 0 0 3 53430 0 0 8 0 0 203 22 0 13338800 29435116 20321824 0 0 0 27723342 0 0 713 0 
0 0 0 0 0 0 0 0 0 0 0 0 0 0 0 0 0 0 0 0 0 0 0 3 0 53438 53438 0 0 202 0 0 22 63150297 0 0 0 0 0 0 27744623 713 0 0 
0 0 0 0 0 0 0 0 0 0 0 0 0 0 0 0 0 0 0 0 0 0 0 3 53434 0 0 8 0 0 203 22 0 13354006 29453764 20339090 0 0 0 27747809 0 0 713 0 
0 0 0 0 0 0 0 0 0 0 0 0 0 0 0 0 0 0 0 0 0 0 0 3 0 53442 53442 0 0 202 0 0 22 63225143 0 0 0 0 0 0 27772256 713 0 0 
0 0 0 0 0 0 0 0 0 0 0 0 0 0 0 0 0 0 0 0 0 0 0 3 53438 0 0 8 0 0 203 22 0 13374785 29481516 20365404 0 0 0 27775445 0 0 713 0 
0 0 0 0 0 0 0 0 0 0 0 0 0 0 0 0 0 0 0 0 0 0 0 3 0 53446 53446 0 0 202 0 0 22 63290773 0 0 0 0 0 0 27792801 713 0 0 
0 0 0 0 0 0 0 0 0 0 0 0 0 0 0 0 0 0 0 0 0 0 0 3 53442 0 0 8 0 0 203 22 0 13388415 29507770 20391159 0 0 0 27795990 0 0 713 0 
0 0 0 0 0 0 0 0 0 0 0 0 0 0 0 0 0 0 0 0 0 0 0 3 0 53454 53454 0 0 202 0 0 22 63321348 0 0 0 0 0 0 27808292 713 0 0 
0 0 0 0 0 0 0 0 0 0 0 0 0 0 0 0 0 0 0 0 0 0 0 3 53450 0 0 8 0 0 203 22 0 13398160 29518394 20401365 0 0 0 27811478 0 0 713 0 
0 0 0 0 0 0 0 0 0 0 0 0 0 0 0 0 0 0 0 0 0 0 0 3 0 53458 53458 0 0 202 0 0 22 63394442 0 0 0 0 0 0 27832167 713 0 0 
0 0 0 0 0 0 0 0 0 0 0 0 0 0 0 0 0 0 0 0 0 0 0 3 53454 0 0 8 0 0 203 22 0 13414757 29547175 20429064 0 0 0 27835352 0 0 713 0 
0 0 0 0 0 0 0 0 0 0 0 0 0 0 0 0 0 0 0 0 0 0 0 3 0 53458 53458 0 0 202 0 0 22 63448907 0 0 0 0 0 0 27858429 713 0 0 
0 0 0 0 0 0 0 0 0 0 0 0 0 0 0 0 0 0 0 0 0 0 0 3 53454 0 0 8 0 0 203 22 0 13430396 29567484 20447584 0 0 0 27861613 0 0 713 0 
0 0 0 0 0 0 0 0 0 0 0 0 0 0 0 0 0 0 0 0 0 0 0 3 0 53466 53462 0 0 202 0 0 22 63490554 0 0 0 0 0 0 27869063 713 0 0 
0 0 0 0 0 0 0 0 0 0 0 0 0 0 0 0 0 0 0 0 0 0 0 3 53458 0 0 8 0 0 203 22 0 13438174 29584035 20464912 0 0 0 27872247 0 0 713 0 
0 0 0 0 0 0 0 0 0 0 0 0 0 0 0 0 0 0 0 0 0 0 0 3 0 53470 53470 0 0 202 0 0 22 63541638 0 0 0 0 0 0 27893575 713 0 0 
0 0 0 0 0 0 0 0 0 0 0 0 0 0 0 0 0 0 0 0 0 0 0 3 53466 0 0 8 0 0 203 22 0 13453751 29602733 20481712 0 0 0 27896758 0 0 713 0 
0 0 0 0 0 0 0 0 0 0 0 0 0 0 0 0 0 0 0 0 0 0 0 3 0 53474 53474 0 0 202 0 0 22 63617585 0 0 0 0 0 0 27921925 713 0 0 
0 0 0 0 0 0 0 0 0 0 0 0 0 0 0 0 0 0 0 0 0 0 0 3 53470 0 0 8 0 0 203 22 0 13474515 29631009 20508612 0 0 0 27925111 0 0 713 0 
0 0 0 0 0 0 0 0 0 0 0 0 0 0 0 0 0 0 0 0 0 0 0 3 0 53478 53478 0 0 202 0 0 22 63683402 0 0 0 0 0 0 27942525 713 0 0 
0 0 0 0 0 0 0 0 0 0 0 0 0 0 0 0 0 0 0 0 0 0 0 3 53474 0 0 8 0 0 203 22 0 13487918 29657516 20534524 0 0 0 27945713 0 0 713 0 
0 0 0 0 0 0 0 0 0 0 0 0 0 0 0 0 0 0 0 0 0 0 0 3 0 53486 53486 0 0 202 0 0 22 63711120 0 0 0 0 0 0 27956584 713 0 0 
0 0 0 0 0 0 0 0 0 0 0 0 0 0 0 0 0 0 0 0 0 0 0 3 53482 0 0 8 0 0 203 22 0 13495903 29667622 20544152 0 0 0 27959774 0 0 713 0 
0 0 0 0 0 0 0 0 0 0 0 0 0 0 0 0 0 0 0 0 0 0 0 3 0 53486 53486 0 0 202 0 0 22 63782756 0 0 0 0 0 0 27981198 713 0 0 
0 0 0 0 0 0 0 0 0 0 0 0 0 0 0 0 0 0 0 0 0 0 0 3 53482 0 0 8 0 0 203 22 0 13512893 29695416 20571001 0 0 0 27984390 0 0 713 0 
0 0 0 0 0 0 0 0 0 0 0 0 0 0 0 0 0 0 0 0 0 0 0 3 0 53490 53490 0 0 202 0 0 22 63839401 0 0 0 0 0 0 28007511 713 0 0 
0 0 0 0 0 0 0 0 0 0 0 0 0 0 0 0 0 0 0 0 0 0 0 3 53486 0 0 8 0 0 203 22 0 13528810 29716781 20590356 0 0 0 28010707 0 0 713 0 
0 0 0 0 0 0 0 0 0 0 0 0 0 0 0 0 0 0 0 0 0 0 0 3 0 53494 53494 0 0 202 0 0 22 63885231 0 0 0 0 0 0 28019775 713 0 0 
0 0 0 0 0 0 0 0 0 0 0 0 0 0 0 0 0 0 0 0 0 0 0 3 53490 0 0 8 0 0 203 22 0 13537672 29734780 20609330 0 0 0 28022971 0 0 713 0 
0 0 0 0 0 0 0 0 0 0 0 0 0 0 0 0 0 0 0 0 0 0 0 3 0 53502 53502 0 0 202 0 0 22 63935933 0 0 0 0 0 0 28044250 713 0 0 
0 0 0 0 0 0 0 0 0 0 0 0 0 0 0 0 0 0 0 0 0 0 0 3 53498 0 0 8 0 0 203 22 0 13553333 29752965 20626185 0 0 0 28047448 0 0 713 0 
0 0 0 0 0 0 0 0 0 0 0 0 0 0 0 0 0 0 0 0 0 0 0 3 0 53506 53506 0 0 202 0 0 22 64009454 0 0 0 0 0 0 28070634 713 0 0 
0 0 0 0 0 0 0 0 0 0 0 0 0 0 0 0 0 0 0 0 0 0 0 3 53502 0 0 8 0 0 203 22 0 13573140 29780566 20652303 0 0 0 28073833 0 0 713 0 
0 0 0 0 0 0 0 0 0 0 0 0 0 0 0 0 0 0 0 0 0 0 0 3 0 53510 53510 0 0 202 0 0 22 64076417 0 0 0 0 0 0 28092158 713 0 0 
0 0 0 0 0 0 0 0 0 0 0 0 0 0 0 0 0 0 0 0 0 0 0 3 53506 0 0 8 0 0 203 22 0 13587424 29807178 20678379 0 0 0 28095359 0 0 713 0 
0 0 0 0 0 0 0 0 0 0 0 0 0 0 0 0 0 0 0 0 0 0 0 3 0 53518 53518 0 0 202 0 0 22 64105129 0 0 0 0 0 0 28106326 713 0 0 
0 0 0 0 0 0 0 0 0 0 0 0 0 0 0 0 0 0 0 0 0 0 0 3 53514 0 0 8 0 0 203 22 0 13595380 29817510 20688801 0 0 0 28109526 0 0 713 0 
0 0 0 0 0 0 0 0 0 0 0 0 0 0 0 0 0 0 0 0 0 0 0 3 0 53519 53518 0 0 202 0 0 22 64177162 0 0 0 0 0 0 28130688 713 0 0 
0 0 0 0 0 0 0 0 0 0 0 0 0 0 0 0 0 0 0 0 0 0 0 3 53514 0 0 8 0 0 203 22 0 13612399 29845467 20715856 0 0 0 28133891 0 0 713 0 
0 0 0 0 0 0 0 0 0 0 0 0 0 0 0 0 0 0 0 0 0 0 0 3 0 53522 53522 0 0 202 0 0 22 64232100 0 0 0 0 0 0 28156881 713 0 0 
0 0 0 0 0 0 0 0 0 0 0 0 0 0 0 0 0 0 0 0 0 0 0 3 53518 0 0 8 0 0 203 22 0 13629021 29865283 20734357 0 0 0 28160087 0 0 713 0 
0 0 0 0 0 0 0 0 0 0 0 0 0 0 0 0 0 0 0 0 0 0 0 3 0 53530 53526 0 0 202 0 0 22 64277385 0 0 0 0 0 0 28168149 713 0 0 
0 0 0 0 0 0 0 0 0 0 0 0 0 0 0 0 0 0 0 0 0 0 0 3 53522 0 0 8 0 0 203 22 0 13637181 29883177 20753593 0 0 0 28171355 0 0 713 0 
0 0 0 0 0 0 0 0 0 0 0 0 0 0 0 0 0 0 0 0 0 0 0 3 0 53534 53534 0 0 202 0 0 22 64327261 0 0 0 0 0 0 28192178 713 0 0 
0 0 0 0 0 0 0 0 0 0 0 0 0 0 0 0 0 0 0 0 0 0 0 3 53530 0 0 8 0 0 203 22 0 13652239 29901265 20770322 0 0 0 28195388 0 0 713 0 
0 0 0 0 0 0 0 0 0 0 0 0 0 0 0 0 0 0 0 0 0 0 0 3 0 53538 53538 0 0 202 0 0 22 64401520 0 0 0 0 0 0 28218989 713 0 0 
0 0 0 0 0 0 0 0 0 0 0 0 0 0 0 0 0 0 0 0 0 0 0 3 53534 0 0 8 0 0 203 22 0 13672833 29928305 20796952 0 0 0 28222201 0 0 713 0 
0 0 0 0 0 0 0 0 0 0 0 0 0 0 0 0 0 0 0 0 0 0 0 3 0 53542 53542 0 0 202 0 0 22 64467522 0 0 0 0 0 0 28239831 713 0 0 
0 0 0 0 0 0 0 0 0 0 0 0 0 0 0 0 0 0 0 0 0 0 0 3 53538 0 0 8 0 0 203 22 0 13686928 29954876 20822282 0 0 0 28243043 0 0 713 0 
0 0 0 0 0 0 0 0 0 0 0 0 0 0 0 0 0 0 0 0 0 0 0 3 0 53550 53550 0 0 202 0 0 22 64496395 0 0 0 0 0 0 28254619 713 0 0 
0 0 0 0 0 0 0 0 0 0 0 0 0 0 0 0 0 0 0 0 0 0 0 3 53546 0 0 8 0 0 203 22 0 13696260 29964856 20831847 0 0 0 28257834 0 0 713 0 
0 0 0 0 0 0 0 0 0 0 0 0 0 0 0 0 0 0 0 0 0 0 0 3 0 53554 53554 0 0 202 0 0 22 64570488 0 0 0 0 0 0 28279338 713 0 0 
0 0 0 0 0 0 0 0 0 0 0 0 0 0 0 0 0 0 0 0 0 0 0 3 53550 0 0 8 0 0 203 22 0 13713407 29993902 20859756 0 0 0 28282552 0 0 713 0 
0 0 0 0 0 0 0 0 0 0 0 0 0 0 0 0 0 0 0 0 0 0 0 3 0 53554 53554 0 0 202 0 0 22 64626788 0 0 0 0 0 0 28305322 713 0 0 
0 0 0 0 0 0 0 0 0 0 0 0 0 0 0 0 0 0 0 0 0 0 0 3 53550 0 0 8 0 0 203 22 0 13730414 30014248 20878695 0 0 0 28308537 0 0 713 0 
0 0 0 0 0 0 0 0 0 0 0 0 0 0 0 0 0 0 0 0 0 0 0 3 0 53562 53562 0 0 202 0 0 22 64665400 0 0 0 0 0 0 28315058 713 0 0 
0 0 0 0 0 0 0 0 0 0 0 0 0 0 0 0 0 0 0 0 0 0 0 3 53558 0 0 8 0 0 203 22 0 13736823 30030112 20895035 0 0 0 28318274 0 0 713 0 
0 0 0 0 0 0 0 0 0 0 0 0 0 0 0 0 0 0 0 0 0 0 0 3 0 53566 53566 0 0 202 0 0 22 64719944 0 0 0 0 0 0 28341432 713 0 0 
0 0 0 0 0 0 0 0 0 0 0 0 0 0 0 0 0 0 0 0 0 0 0 3 53562 0 0 8 0 0 203 22 0 13753251 30050100 20913163 0 0 0 28344651 0 0 713 0 
0 0 0 0 0 0 0 0 0 0 0 0 0 0 0 0 0 0 0 0 0 0 0 3 0 53570 53570 0 0 202 0 0 22 64795368 0 0 0 0 0 0 28368732 713 0 0 
0 0 0 0 0 0 0 0 0 0 0 0 0 0 0 0 0 0 0 0 0 0 0 3 53566 0 0 8 0 0 203 22 0 13774058 30077727 20940150 0 0 0 28371953 0 0 713 0 
0 0 0 0 0 0 0 0 0 0 0 0 0 0 0 0 0 0 0 0 0 0 0 3 0 53574 53574 0 0 202 0 0 22 64857650 0 0 0 0 0 0 28388187 713 0 0 
0 0 0 0 0 0 0 0 0 0 0 0 0 0 0 0 0 0 0 0 0 0 0 3 53570 0 0 8 0 0 203 22 0 13786436 30103253 20964524 0 0 0 28391408 0 0 713 0 
0 0 0 0 0 0 0 0 0 0 0 0 0 0 0 0 0 0 0 0 0 0 0 3 0 53582 53582 0 0 202 0 0 22 64887107 0 0 0 0 0 0 28403107 713 0 0 
0 0 0 0 0 0 0 0 0 0 0 0 0 0 0 0 0 0 0 0 0 0 0 3 53578 0 0 8 0 0 203 22 0 13795533 30113856 20974283 0 0 0 28406330 0 0 713 0 
0 0 0 0 0 0 0 0 0 0 0 0 0 0 0 0 0 0 0 0 0 0 0 3 0 53586 53586 0 0 202 0 0 22 64960383 0 0 0 0 0 0 28427410 713 0 0 
0 0 0 0 0 0 0 0 0 0 0 0 0 0 0 0 0 0 0 0 0 0 0 3 53582 0 0 8 0 0 203 22 0 13812767 30142431 21001741 0 0 0 28430635 0 0 713 0 
0 0 0 0 0 0 0 0 0 0 0 0 0 0 0 0 0 0 0 0 0 0 0 3 0 53586 53586 0 0 202 0 0 22 65018149 0 0 0 0 0 0 28454277 713 0 0 
0 0 0 0 0 0 0 0 0 0 0 0 0 0 0 0 0 0 0 0 0 0 0 3 53582 0 0 8 0 0 203 22 0 13829794 30163418 21021488 0 0 0 28457503 0 0 713 0 
0 0 0 0 0 0 0 0 0 0 0 0 0 0 0 0 0 0 0 0 0 0 0 3 0 53598 53598 0 0 202 0 0 22 65061424 0 0 0 0 0 0 28466586 713 0 0 
0 0 0 0 0 0 0 0 0 0 0 0 0 0 0 0 0 0 0 0 0 0 0 3 53594 0 0 8 0 0 203 22 0 13838070 30181353 21038555 0 0 0 28469812 0 0 713 0 
0 0 0 0 0 0 0 0 0 0 0 0 0 0 0 0 0 0 0 0 0 0 0 3 0 53598 53598 0 0 202 0 0 22 65118735 0 0 0 0 0 0 28493367 713 0 0 
0 0 0 0 0 0 0 0 0 0 0 0 0 0 0 0 0 0 0 0 0 0 0 3 53594 0 0 8 0 0 203 22 0 13854345 30202505 21058428 0 0 0 28496595 0 0 713 0 
0 0 0 0 0 0 0 0 0 0 0 0 0 0 0 0 0 0 0 0 0 0 0 3 0 53602 53602 0 0 202 0 0 22 65194704 0 0 0 0 0 0 28521627 713 0 0 
0 0 0 0 0 0 0 0 0 0 0 0 0 0 0 0 0 0 0 0 0 0 0 3 53598 0 0 8 0 0 203 22 0 13875151 30230769 21085317 0 0 0 28524856 0 0 713 0 
0 0 0 0 0 0 0 0 0 0 0 0 0 0 0 0 0 0 0 0 0 0 0 3 0 53606 53606 0 0 202 0 0 22 65250920 0 0 0 0 0 0 28538277 713 0 0 
0 0 0 0 0 0 0 0 0 0 0 0 0 0 0 0 0 0 0 0 0 0 0 3 53602 0 0 8 0 0 203 22 0 13885934 30253370 21108154 0 0 0 28541508 0 0 713 0 
0 0 0 0 0 0 0 0 0 0 0 0 0 0 0 0 0 0 0 0 0 0 0 3 0 53614 53614 0 0 202 0 0 22 65285133 0 0 0 0 0 0 28555943 713 0 0 
0 0 0 0 0 0 0 0 0 0 0 0 0 0 0 0 0 0 0 0 0 0 0 3 53610 0 0 8 0 0 203 22 0 13897557 30265020 21119094 0 0 0 28559171 0 0 713 0 
0 0 0 0 0 0 0 0 0 0 0 0 0 0 0 0 0 0 0 0 0 0 0 3 0 53618 53617 0 0 202 0 0 22 65357913 0 0 0 0 0 0 28580145 713 0 0 
0 0 0 0 0 0 0 0 0 0 0 0 0 0 0 0 0 0 0 0 0 0 0 3 53614 0 0 8 0 0 203 22 0 13914365 30293535 21146544 0 0 0 28583374 0 0 713 0 
0 0 0 0 0 0 0 0 0 0 0 0 0 0 0 0 0 0 0 0 0 0 0 3 0 53618 53617 0 0 202 0 0 22 65421484 0 0 0 0 0 0 28606492 713 0 0 
0 0 0 0 0 0 0 0 0 0 0 0 0 0 0 0 0 0 0 0 0 0 0 3 53614 0 0 8 0 0 203 22 0 13931500 30317503 21169013 0 0 0 28609721 0 0 713 0 
0 0 0 0 0 0 0 0 0 0 0 0 0 0 0 0 0 0 0 0 0 0 0 3 0 53626 53625 0 0 202 0 0 22 65451002 0 0 0 0 0 0 28614453 713 0 0 
0 0 0 0 0 0 0 0 0 0 0 0 0 0 0 0 0 0 0 0 0 0 0 3 53622 0 0 8 0 0 203 22 0 13935825 30329557 21182159 0 0 0 28617682 0 0 713 0 
0 0 0 0 0 0 0 0 0 0 0 0 0 0 0 0 0 0 0 0 0 0 0 3 0 53630 53629 0 0 202 0 0 22 65504029 0 0 0 0 0 0 28639943 713 0 0 
0 0 0 0 0 0 0 0 0 0 0 0 0 0 0 0 0 0 0 0 0 0 0 3 53626 0 0 8 0 0 203 22 0 13951827 30348909 21199827 0 0 0 28643170 0 0 713 0 
0 0 0 0 0 0 0 0 0 0 0 0 0 0 0 0 0 0 0 0 0 0 0 3 0 53634 53633 0 0 202 0 0 22 65579680 0 0 0 0 0 0 28667497 713 0 0 
0 0 0 0 0 0 0 0 0 0 0 0 0 0 0 0 0 0 0 0 0 0 0 3 53630 0 0 8 0 0 203 22 0 13972678 30376737 21226793 0 0 0 28670726 0 0 713 0 
0 0 0 0 0 0 0 0 0 0 0 0 0 0 0 0 0 0 0 0 0 0 0 3 0 53638 53637 0 0 202 0 0 22 65642408 0 0 0 0 0 0 28686764 713 0 0 
0 0 0 0 0 0 0 0 0 0 0 0 0 0 0 0 0 0 0 0 0 0 0 3 53634 0 0 8 0 0 203 22 0 13985437 30401883 21251609 0 0 0 28689996 0 0 713 0 
0 0 0 0 0 0 0 0 0 0 0 0 0 0 0 0 0 0 0 0 0 0 0 3 0 53646 53645 0 0 202 0 0 22 65675796 0 0 0 0 0 0 28703769 713 0 0 
0 0 0 0 0 0 0 0 0 0 0 0 0 0 0 0 0 0 0 0 0 0 0 3 53642 0 0 8 0 0 203 22 0 13996332 30413453 21262533 0 0 0 28707001 0 0 713 0 
0 0 0 0 0 0 0 0 0 0 0 0 0 0 0 0 0 0 0 0 0 0 0 3 0 53650 53649 0 0 202 0 0 22 65748087 0 0 0 0 0 0 28727442 713 0 0 
0 0 0 0 0 0 0 0 0 0 0 0 0 0 0 0 0 0 0 0 0 0 0 3 53646 0 0 8 0 0 203 22 0 14012484 30442055 21290063 0 0 0 28730677 0 0 713 0 
0 0 0 0 0 0 0 0 0 0 0 0 0 0 0 0 0 0 0 0 0 0 0 3 0 53650 53649 0 0 202 0 0 22 65800068 0 0 0 0 0 0 28752096 713 0 0 
0 0 0 0 0 0 0 0 0 0 0 0 0 0 0 0 0 0 0 0 0 0 0 3 53646 0 0 8 0 0 203 22 0 14027234 30461025 21308315 0 0 0 28755334 0 0 713 0 
0 0 0 0 0 0 0 0 0 0 0 0 0 0 0 0 0 0 0 0 0 0 0 3 0 53658 53657 0 0 202 0 0 22 65844328 0 0 0 0 0 0 28763589 713 0 0 
0 0 0 0 0 0 0 0 0 0 0 0 0 0 0 0 0 0 0 0 0 0 0 3 53654 0 0 8 0 0 203 22 0 14035329 30478722 21326783 0 0 0 28766830 0 0 713 0 
0 0 0 0 0 0 0 0 0 0 0 0 0 0 0 0 0 0 0 0 0 0 0 3 0 53662 53661 0 0 202 0 0 22 65898747 0 0 0 0 0 0 28789258 713 0 0 
0 0 0 0 0 0 0 0 0 0 0 0 0 0 0 0 0 0 0 0 0 0 0 3 53658 0 0 8 0 0 203 22 0 14051180 30499152 21344917 0 0 0 28792505 0 0 713 0 
0 0 0 0 0 0 0 0 0 0 0 0 0 0 0 0 0 0 0 0 0 0 0 3 0 53666 53665 0 0 202 0 0 22 65974044 0 0 0 0 0 0 28817235 713 0 0 
0 0 0 0 0 0 0 0 0 0 0 0 0 0 0 0 0 0 0 0 0 0 0 3 53662 0 0 8 0 0 203 22 0 14071872 30527034 21371645 0 0 0 28820486 0 0 713 0 
0 0 0 0 0 0 0 0 0 0 0 0 0 0 0 0 0 0 0 0 0 0 0 3 0 53670 53669 0 0 202 0 0 22 66035310 0 0 0 0 0 0 28836242 713 0 0 
0 0 0 0 0 0 0 0 0 0 0 0 0 0 0 0 0 0 0 0 0 0 0 3 53666 0 0 8 0 0 203 22 0 14084941 30551393 21395487 0 0 0 28839493 0 0 713 0 
<====
0 0 0 0 0 0 0 0 0 0 0 0 0 0 0 0 0 0 0 0 0 0 0 3 0 53674 53669 0 0 202 0 0 22 66039089 0 0 0 0 0 0 28837806 713 0 0 
0 0 0 0 0 0 0 0 0 0 0 0 0 0 0 0 0 0 0 0 0 0 0 3 53666 0 0 9 0 0 203 22 0 14085077 30552952 21397571 0 0 0 28841057 0 0 713 0 
0 0 0 0 0 0 0 0 0 0 0 0 0 0 0 0 0 0 0 0 0 0 0 3 0 53674 53669 0 0 202 0 0 22 66039089 0 0 0 0 0 0 28837806 713 0 0 
0 0 0 0 0 0 0 0 0 0 0 0 0 0 0 0 0 0 0 0 0 0 0 3 53666 0 0 9 0 0 203 22 0 14085077 30552952 21397571 0 0 0 28841057 0 0 713 0 
0 0 0 0 0 0 0 0 0 0 0 0 0 0 0 0 0 0 0 0 0 0 0 3 0 53674 53669 0 0 202 0 0 22 66039089 0 0 0 0 0 0 28837806 713 0 0 
0 0 0 0 0 0 0 0 0 0 0 0 0 0 0 0 0 0 0 0 0 0 0 3 53666 0 0 9 0 0 203 22 0 14085077 30552952 21397571 0 0 0 28841057 0 0 713 0 
