0 0 0 0 0 0 0 0 0 0 0 0 0 0 0 0 0 0 0 0 0 0 0 3 0 40110 40103 0 0 127 0 0 15 33060347 0 0 0 0 0 0 13526782 712 0 0 
0 0 0 0 0 0 0 0 0 0 0 0 0 0 0 0 0 0 0 0 0 0 0 3 40109 0 0 7 0 0 127 15 0 7247618 14771126 11040120 0 0 0 13528384 0 0 712 0 
0 0 0 0 0 0 0 0 0 0 0 0 0 0 0 0 0 0 0 0 0 0 0 3 0 40110 40103 0 0 127 0 0 15 33060347 0 0 0 0 0 0 13526782 712 0 0 
0 0 0 0 0 0 0 0 0 0 0 0 0 0 0 0 0 0 0 0 0 0 0 3 40109 0 0 7 0 0 127 15 0 7247618 14771126 11040120 0 0 0 13528384 0 0 712 0 
0 0 0 0 0 0 0 0 0 0 0 0 0 0 0 0 0 0 0 0 0 0 0 3 0 40110 40103 0 0 127 0 0 15 33060347 0 0 0 0 0 0 13526782 712 0 0 
0 0 0 0 0 0 0 0 0 0 0 0 0 0 0 0 0 0 0 0 0 0 0 3 40109 0 0 7 0 0 127 15 0 7247618 14771126 11040120 0 0 0 13528384 0 0 712 0 
0 0 0 0 0 0 0 0 0 0 0 0 0 0 0 0 0 0 0 0 0 0 0 3 0 40110 40103 0 0 127 0 0 15 33060347 0 0 0 0 0 0 13526782 712 0 0 
0 0 0 0 0 0 0 0 0 0 0 0 0 0 0 0 0 0 0 0 0 0 0 3 40109 0 0 7 0 0 127 15 0 7247618 14771126 11040120 0 0 0 13528384 0 0 712 0 
0 0 0 0 0 0 0 0 0 0 0 0 0 0 0 0 0 0 0 0 0 0 0 3 0 40110 40103 0 0 127 0 0 15 33060347 0 0 0 0 0 0 13526782 712 0 0 
0 0 0 0 0 0 0 0 0 0 0 0 0 0 0 0 0 0 0 0 0 0 0 3 40109 0 0 7 0 0 127 15 0 7247618 14771126 11040120 0 0 0 13528384 0 0 712 0 
0 0 0 0 0 0 0 0 0 0 0 0 0 0 0 0 0 0 0 0 0 0 0 3 0 40110 40103 0 0 127 0 0 15 33060347 0 0 0 0 0 0 13526782 712 0 0 
0 0 0 0 0 0 0 0 0 0 0 0 0 0 0 0 0 0 0 0 0 0 0 3 40109 0 0 7 0 0 127 15 0 7247618 14771126 11040120 0 0 0 13528384 0 0 712 0 
====>
0 0 0 0 0 0 0 0 0 0 0 0 0 0 0 0 0 0 0 0 0 0 0 3 0 40118 40115 0 0 137 0 0 15 33179601 0 0 0 0 0 0 13531227 712 0 0 
0 0 0 0 0 0 0 0 0 0 0 0 0 0 0 0 0 0 0 0 0 0 0 3 40121 0 0 7 0 0 137 15 0 7247631 14888442 11042086 0 0 0 13532829 0 0 712 0 
0 0 0 0 0 0 0 0 0 0 0 0 0 0 0 0 0 0 0 0 0 0 0 3 0 40125 40123 0 0 137 0 0 15 33186590 0 0 0 0 0 0 13534230 712 0 0 
0 0 0 0 0 0 0 0 0 0 0 0 0 0 0 0 0 0 0 0 0 0 0 3 40129 0 0 7 0 0 137 15 0 7247645 14891984 11045519 0 0 0 13535834 0 0 712 0 
0 0 0 0 0 0 0 0 0 0 0 0 0 0 0 0 0 0 0 0 0 0 0 3 0 40129 40127 0 0 137 0 0 15 33247834 0 0 0 0 0 0 13544101 712 0 0 
0 0 0 0 0 0 0 0 0 0 0 0 0 0 0 0 0 0 0 0 0 0 0 3 40133 0 0 7 0 0 137 15 0 7277756 14916449 11052238 0 0 0 13545704 0 0 712 0 
0 0 0 0 0 0 0 0 0 0 0 0 0 0 0 0 0 0 0 0 0 0 0 3 0 40133 40131 0 0 137 0 0 15 33336601 0 0 0 0 0 0 13553502 712 0 0 
0 0 0 0 0 0 0 0 0 0 0 0 0 0 0 0 0 0 0 0 0 0 0 3 40137 0 0 7 0 0 137 15 0 7307301 14970812 11057134 0 0 0 13555105 0 0 712 0 
0 0 0 0 0 0 0 0 0 0 0 0 0 0 0 0 0 0 0 0 0 0 0 3 0 40141 40139 0 0 137 0 0 15 33372177 0 0 0 0 0 0 13586451 712 0 0 
0 0 0 0 0 0 0 0 0 0 0 0 0 0 0 0 0 0 0 0 0 0 0 3 40145 0 0 7 0 0 137 15 0 7307312 14974041 11089457 0 0 0 13588064 0 0 712 0 
0 0 0 0 0 0 0 0 0 0 0 0 0 0 0 0 0 0 0 0 0 0 0 3 0 40149 40147 0 0 137 0 0 15 33384689 0 0 0 0 0 0 13590577 712 0 0 
0 0 0 0 0 0 0 0 0 0 0 0 0 0 0 0 0 0 0 0 0 0 0 3 40153 0 0 7 0 0 137 15 0 7309656 14979526 11094141 0 0 0 13592190 0 0 712 0 
0 0 0 0 0 0 0 0 0 0 0 0 0 0 0 0 0 0 0 0 0 0 0 3 0 40153 40147 0 0 137 0 0 15 33457621 0 0 0 0 0 0 13600416 712 0 0 
0 0 0 0 0 0 0 0 0 0 0 0 0 0 0 0 0 0 0 0 0 0 0 3 40153 0 0 7 0 0 137 15 0 7337155 15018253 11100848 0 0 0 13602029 0 0 712 0 
0 0 0 0 0 0 0 0 0 0 0 0 0 0 0 0 0 0 0 0 0 0 0 3 0 40153 40151 0 0 137 0 0 15 33562644 0 0 0 0 0 0 13659294 712 0 0 
0 0 0 0 0 0 0 0 0 0 0 0 0 0 0 0 0 0 0 0 0 0 0 3 40157 0 0 7 0 0 137 15 0 7361920 15050288 11149029 0 0 0 13660915 0 0 712 0 
0 0 0 0 0 0 0 0 0 0 0 0 0 0 0 0 0 0 0 0 0 0 0 3 0 40157 40155 0 0 137 0 0 15 33650122 0 0 0 0 0 0 13700060 712 0 0 
0 0 0 0 0 0 0 0 0 0 0 0 0 0 0 0 0 0 0 0 0 0 0 3 40161 0 0 7 0 0 137 15 0 7385981 15081140 11181599 0 0 0 13701687 0 0 712 0 
0 0 0 0 0 0 0 0 0 0 0 0 0 0 0 0 0 0 0 0 0 0 0 3 0 40161 40159 0 0 137 0 0 15 33730926 0 0 0 0 0 0 13731157 712 0 0 
0 0 0 0 0 0 0 0 0 0 0 0 0 0 0 0 0 0 0 0 0 0 0 3 40165 0 0 7 0 0 137 15 0 7407768 15112776 11208986 0 0 0 13732791 0 0 712 0 
0 0 0 0 0 0 0 0 0 0 0 0 0 0 0 0 0 0 0 0 0 0 0 3 0 40161 40159 0 0 137 0 0 15 33809362 0 0 0 0 0 0 13760275 712 0 0 
0 0 0 0 0 0 0 0 0 0 0 0 0 0 0 0 0 0 0 0 0 0 0 3 40165 0 0 7 0 0 137 15 0 7424366 15146821 11236777 0 0 0 13761908 0 0 712 0 
0 0 0 0 0 0 0 0 0 0 0 0 0 0 0 0 0 0 0 0 0 0 0 3 0 40173 40171 0 0 137 0 0 15 33834657 0 0 0 0 0 0 13771781 712 0 0 
0 0 0 0 0 0 0 0 0 0 0 0 0 0 0 0 0 0 0 0 0 0 0 3 40177 0 0 7 0 0 137 15 0 7427793 15160057 11245412 0 0 0 13773413 0 0 712 0 
0 0 0 0 0 0 0 0 0 0 0 0 0 0 0 0 0 0 0 0 0 0 0 3 0 40173 40171 0 0 137 0 0 15 33907267 0 0 0 0 0 0 13807234 712 0 0 
0 0 0 0 0 0 0 0 0 0 0 0 0 0 0 0 0 0 0 0 0 0 0 3 40177 0 0 7 0 0 137 15 0 7447567 15190214 11268087 0 0 0 13808868 0 0 712 0 
0 0 0 0 0 0 0 0 0 0 0 0 0 0 0 0 0 0 0 0 0 0 0 3 0 40177 40175 0 0 137 0 0 15 33991422 0 0 0 0 0 0 13841529 712 0 0 
0 0 0 0 0 0 0 0 0 0 0 0 0 0 0 0 0 0 0 0 0 0 0 3 40181 0 0 7 0 0 137 15 0 7472657 15221866 11295497 0 0 0 13843167 0 0 712 0 
0 0 0 0 0 0 0 0 0 0 0 0 0 0 0 0 0 0 0 0 0 0 0 3 0 40181 40179 0 0 137 0 0 15 34062887 0 0 0 0 0 0 13864674 712 0 0 
0 0 0 0 0 0 0 0 0 0 0 0 0 0 0 0 0 0 0 0 0 0 0 3 40185 0 0 7 0 0 137 15 0 7486315 15252917 11322251 0 0 0 13866315 0 0 712 0 
0 0 0 0 0 0 0 0 0 0 0 0 0 0 0 0 0 0 0 0 0 0 0 3 0 40189 40187 0 0 137 0 0 15 34083586 0 0 0 0 0 0 13875562 712 0 0 
0 0 0 0 0 0 0 0 0 0 0 0 0 0 0 0 0 0 0 0 0 0 0 3 40193 0 0 7 0 0 137 15 0 7491617 15261690 11328867 0 0 0 13877202 0 0 712 0 
0 0 0 0 0 0 0 0 0 0 0 0 0 0 0 0 0 0 0 0 0 0 0 3 0 40189 40187 0 0 137 0 0 15 34157871 0 0 0 0 0 0 13908873 712 0 0 
0 0 0 0 0 0 0 0 0 0 0 0 0 0 0 0 0 0 0 0 0 0 0 3 40193 0 0 7 0 0 137 15 0 7509505 15293533 11353413 0 0 0 13910517 0 0 712 0 
0 0 0 0 0 0 0 0 0 0 0 0 0 0 0 0 0 0 0 0 0 0 0 3 0 40193 40191 0 0 137 0 0 15 34238139 0 0 0 0 0 0 13943058 712 0 0 
0 0 0 0 0 0 0 0 0 0 0 0 0 0 0 0 0 0 0 0 0 0 0 3 40197 0 0 7 0 0 137 15 0 7534115 15323605 11379004 0 0 0 13944700 0 0 712 0 
0 0 0 0 0 0 0 0 0 0 0 0 0 0 0 0 0 0 0 0 0 0 0 3 0 40197 40195 0 0 137 0 0 15 34305369 0 0 0 0 0 0 13965326 712 0 0 
0 0 0 0 0 0 0 0 0 0 0 0 0 0 0 0 0 0 0 0 0 0 0 3 40201 0 0 7 0 0 137 15 0 7545991 15353582 11404385 0 0 0 13966970 0 0 712 0 
0 0 0 0 0 0 0 0 0 0 0 0 0 0 0 0 0 0 0 0 0 0 0 3 0 40205 40203 0 0 137 0 0 15 34339389 0 0 0 0 0 0 13984531 712 0 0 
0 0 0 0 0 0 0 0 0 0 0 0 0 0 0 0 0 0 0 0 0 0 0 3 40209 0 0 7 0 0 137 15 0 7556734 15367446 11413798 0 0 0 13986177 0 0 712 0 
0 0 0 0 0 0 0 0 0 0 0 0 0 0 0 0 0 0 0 0 0 0 0 3 0 40205 40203 0 0 137 0 0 15 34414300 0 0 0 0 0 0 14011686 712 0 0 
0 0 0 0 0 0 0 0 0 0 0 0 0 0 0 0 0 0 0 0 0 0 0 3 40209 0 0 7 0 0 137 15 0 7572503 15399130 11441253 0 0 0 14013331 0 0 712 0 
0 0 0 0 0 0 0 0 0 0 0 0 0 0 0 0 0 0 0 0 0 0 0 3 0 40209 40207 0 0 137 0 0 15 34487992 0 0 0 0 0 0 14046292 712 0 0 
0 0 0 0 0 0 0 0 0 0 0 0 0 0 0 0 0 0 0 0 0 0 0 3 40213 0 0 7 0 0 137 15 0 7595567 15427180 11463819 0 0 0 14047939 0 0 712 0 
0 0 0 0 0 0 0 0 0 0 0 0 0 0 0 0 0 0 0 0 0 0 0 3 0 40213 40211 0 0 137 0 0 15 34546154 0 0 0 0 0 0 14064342 712 0 0 
0 0 0 0 0 0 0 0 0 0 0 0 0 0 0 0 0 0 0 0 0 0 0 3 40217 0 0 7 0 0 137 15 0 7605667 15452612 11486450 0 0 0 14065989 0 0 712 0 
0 0 0 0 0 0 0 0 0 0 0 0 0 0 0 0 0 0 0 0 0 0 0 3 0 40221 40219 0 0 137 0 0 15 34596284 0 0 0 0 0 0 14090527 712 0 0 
0 0 0 0 0 0 0 0 0 0 0 0 0 0 0 0 0 0 0 0 0 0 0 3 40225 0 0 7 0 0 137 15 0 7622473 15471552 11500834 0 0 0 14092174 0 0 712 0 
0 0 0 0 0 0 0 0 0 0 0 0 0 0 0 0 0 0 0 0 0 0 0 3 0 40225 40223 0 0 137 0 0 15 34676595 0 0 0 0 0 0 14118769 712 0 0 
0 0 0 0 0 0 0 0 0 0 0 0 0 0 0 0 0 0 0 0 0 0 0 3 40229 0 0 7 0 0 137 15 0 7641008 15504503 11529669 0 0 0 14120418 0 0 712 0 
0 0 0 0 0 0 0 0 0 0 0 0 0 0 0 0 0 0 0 0 0 0 0 3 0 40225 40223 0 0 137 0 0 15 34754016 0 0 0 0 0 0 14151941 712 0 0 
0 0 0 0 0 0 0 0 0 0 0 0 0 0 0 0 0 0 0 0 0 0 0 3 40229 0 0 7 0 0 137 15 0 7659488 15537855 11555259 0 0 0 14153592 0 0 712 0 
0 0 0 0 0 0 0 0 0 0 0 0 0 0 0 0 0 0 0 0 0 0 0 3 0 40235 40231 0 0 137 0 0 15 34785154 0 0 0 0 0 0 14162466 712 0 0 
0 0 0 0 0 0 0 0 0 0 0 0 0 0 0 0 0 0 0 0 0 0 0 3 40237 0 0 7 0 0 137 15 0 7665534 15550745 11567463 0 0 0 14164115 0 0 712 0 
0 0 0 0 0 0 0 0 0 0 0 0 0 0 0 0 0 0 0 0 0 0 0 3 0 40237 40235 0 0 137 0 0 15 34857964 0 0 0 0 0 0 14197685 712 0 0 
0 0 0 0 0 0 0 0 0 0 0 0 0 0 0 0 0 0 0 0 0 0 0 3 40241 0 0 7 0 0 137 15 0 7686127 15580783 11589633 0 0 0 14199337 0 0 712 0 
0 0 0 0 0 0 0 0 0 0 0 0 0 0 0 0 0 0 0 0 0 0 0 3 0 40241 40239 0 0 137 0 0 15 34941642 0 0 0 0 0 0 14232155 712 0 0 
0 0 0 0 0 0 0 0 0 0 0 0 0 0 0 0 0 0 0 0 0 0 0 3 40245 0 0 7 0 0 137 15 0 7712143 15611554 11616524 0 0 0 14233809 0 0 712 0 
0 0 0 0 0 0 0 0 0 0 0 0 0 0 0 0 0 0 0 0 0 0 0 3 0 40245 40243 0 0 137 0 0 15 35012364 0 0 0 0 0 0 14254243 712 0 0 
0 0 0 0 0 0 0 0 0 0 0 0 0 0 0 0 0 0 0 0 0 0 0 3 40249 0 0 7 0 0 137 15 0 7725022 15642535 11643389 0 0 0 14255896 0 0 712 0 
0 0 0 0 0 0 0 0 0 0 0 0 0 0 0 0 0 0 0 0 0 0 0 3 0 40253 40251 0 0 137 0 0 15 35043480 0 0 0 0 0 0 14270324 712 0 0 
0 0 0 0 0 0 0 0 0 0 0 0 0 0 0 0 0 0 0 0 0 0 0 3 40257 0 0 7 0 0 137 15 0 7734188 15654508 11653364 0 0 0 14271978 0 0 712 0 
0 0 0 0 0 0 0 0 0 0 0 0 0 0 0 0 0 0 0 0 0 0 0 3 0 40253 40251 0 0 137 0 0 15 35124095 0 0 0 0 0 0 14301172 712 0 0 
0 0 0 0 0 0 0 0 0 0 0 0 0 0 0 0 0 0 0 0 0 0 0 3 40257 0 0 7 0 0 137 15 0 7751875 15689441 11681360 0 0 0 14302832 0 0 712 0 
0 0 0 0 0 0 0 0 0 0 0 0 0 0 0 0 0 0 0 0 0 0 0 3 0 40257 40255 0 0 137 0 0 15 35200038 0 0 0 0 0 0 14336567 712 0 0 
0 0 0 0 0 0 0 0 0 0 0 0 0 0 0 0 0 0 0 0 0 0 0 3 40261 0 0 7 0 0 137 15 0 7774169 15719273 11705173 0 0 0 14338231 0 0 712 0 
0 0 0 0 0 0 0 0 0 0 0 0 0 0 0 0 0 0 0 0 0 0 0 3 0 40261 40259 0 0 137 0 0 15 35259507 0 0 0 0 0 0 14358869 712 0 0 
0 0 0 0 0 0 0 0 0 0 0 0 0 0 0 0 0 0 0 0 0 0 0 3 40265 0 0 7 0 0 137 15 0 7784697 15747178 11726210 0 0 0 14360534 0 0 712 0 
0 0 0 0 0 0 0 0 0 0 0 0 0 0 0 0 0 0 0 0 0 0 0 3 0 40269 40267 0 0 137 0 0 15 35295038 0 0 0 0 0 0 14378831 712 0 0 
0 0 0 0 0 0 0 0 0 0 0 0 0 0 0 0 0 0 0 0 0 0 0 3 40273 0 0 7 0 0 137 15 0 7796067 15761772 11735778 0 0 0 14380499 0 0 712 0 
0 0 0 0 0 0 0 0 0 0 0 0 0 0 0 0 0 0 0 0 0 0 0 3 0 40272 40267 0 0 137 0 0 15 35377252 0 0 0 0 0 0 14408198 712 0 0 
0 0 0 0 0 0 0 0 0 0 0 0 0 0 0 0 0 0 0 0 0 0 0 3 40273 0 0 7 0 0 137 15 0 7814155 15796370 11765312 0 0 0 14409869 0 0 712 0 
0 0 0 0 0 0 0 0 0 0 0 0 0 0 0 0 0 0 0 0 0 0 0 3 0 40273 40271 0 0 137 0 0 15 35451509 0 0 0 0 0 0 14443809 712 0 0 
0 0 0 0 0 0 0 0 0 0 0 0 0 0 0 0 0 0 0 0 0 0 0 3 40277 0 0 7 0 0 137 15 0 7834912 15826817 11788362 0 0 0 14445483 0 0 712 0 
0 0 0 0 0 0 0 0 0 0 0 0 0 0 0 0 0 0 0 0 0 0 0 3 0 40277 40275 0 0 137 0 0 15 35504819 0 0 0 0 0 0 14463428 712 0 0 
0 0 0 0 0 0 0 0 0 0 0 0 0 0 0 0 0 0 0 0 0 0 0 3 40281 0 0 7 0 0 137 15 0 7844374 15851751 11807282 0 0 0 14465102 0 0 712 0 
0 0 0 0 0 0 0 0 0 0 0 0 0 0 0 0 0 0 0 0 0 0 0 3 0 40285 40283 0 0 137 0 0 15 35545816 0 0 0 0 0 0 14486032 712 0 0 
0 0 0 0 0 0 0 0 0 0 0 0 0 0 0 0 0 0 0 0 0 0 0 3 40289 0 0 7 0 0 137 15 0 7858077 15867579 11818747 0 0 0 14487708 0 0 712 0 
0 0 0 0 0 0 0 0 0 0 0 0 0 0 0 0 0 0 0 0 0 0 0 3 0 40288 40283 0 0 137 0 0 15 35624035 0 0 0 0 0 0 14513744 712 0 0 
0 0 0 0 0 0 0 0 0 0 0 0 0 0 0 0 0 0 0 0 0 0 0 3 40289 0 0 7 0 0 137 15 0 7873784 15901590 11847237 0 0 0 14515424 0 0 712 0 
0 0 0 0 0 0 0 0 0 0 0 0 0 0 0 0 0 0 0 0 0 0 0 3 0 40289 40287 0 0 137 0 0 15 35697198 0 0 0 0 0 0 14548825 712 0 0 
0 0 0 0 0 0 0 0 0 0 0 0 0 0 0 0 0 0 0 0 0 0 0 3 40293 0 0 7 0 0 137 15 0 7894630 15931372 11869758 0 0 0 14550511 0 0 712 0 
0 0 0 0 0 0 0 0 0 0 0 0 0 0 0 0 0 0 0 0 0 0 0 3 0 40293 40291 0 0 137 0 0 15 35752766 0 0 0 0 0 0 14568945 712 0 0 
0 0 0 0 0 0 0 0 0 0 0 0 0 0 0 0 0 0 0 0 0 0 0 3 40297 0 0 7 0 0 137 15 0 7904050 15957291 11889999 0 0 0 14570632 0 0 712 0 
0 0 0 0 0 0 0 0 0 0 0 0 0 0 0 0 0 0 0 0 0 0 0 3 0 40301 40299 0 0 137 0 0 15 35807917 0 0 0 0 0 0 14597413 712 0 0 
0 0 0 0 0 0 0 0 0 0 0 0 0 0 0 0 0 0 0 0 0 0 0 3 40305 0 0 7 0 0 137 15 0 7922193 15978062 11906235 0 0 0 14599101 0 0 712 0 
0 0 0 0 0 0 0 0 0 0 0 0 0 0 0 0 0 0 0 0 0 0 0 3 0 40305 40303 0 0 137 0 0 15 35890335 0 0 0 0 0 0 14627546 712 0 0 
0 0 0 0 0 0 0 0 0 0 0 0 0 0 0 0 0 0 0 0 0 0 0 3 40309 0 0 7 0 0 137 15 0 7942455 16011694 11934757 0 0 0 14629239 0 0 712 0 
0 0 0 0 0 0 0 0 0 0 0 0 0 0 0 0 0 0 0 0 0 0 0 3 0 40305 40303 0 0 137 0 0 15 35969804 0 0 0 0 0 0 14658221 712 0 0 
0 0 0 0 0 0 0 0 0 0 0 0 0 0 0 0 0 0 0 0 0 0 0 3 40309 0 0 7 0 0 137 15 0 7960278 16045504 11962594 0 0 0 14659912 0 0 712 0 
0 0 0 0 0 0 0 0 0 0 0 0 0 0 0 0 0 0 0 0 0 0 0 3 0 40313 40311 0 0 137 0 0 15 35992415 0 0 0 0 0 0 14667476 712 0 0 
0 0 0 0 0 0 0 0 0 0 0 0 0 0 0 0 0 0 0 0 0 0 0 3 40317 0 0 7 0 0 137 15 0 7963914 16055834 11971241 0 0 0 14669167 0 0 712 0 
0 0 0 0 0 0 0 0 0 0 0 0 0 0 0 0 0 0 0 0 0 0 0 3 0 40317 40315 0 0 137 0 0 15 36059290 0 0 0 0 0 0 14701117 712 0 0 
0 0 0 0 0 0 0 0 0 0 0 0 0 0 0 0 0 0 0 0 0 0 0 3 40321 0 0 7 0 0 137 15 0 7983366 16083231 11991268 0 0 0 14702810 0 0 712 0 
0 0 0 0 0 0 0 0 0 0 0 0 0 0 0 0 0 0 0 0 0 0 0 3 0 40321 40319 0 0 137 0 0 15 36142472 0 0 0 0 0 0 14733532 712 0 0 
0 0 0 0 0 0 0 0 0 0 0 0 0 0 0 0 0 0 0 0 0 0 0 3 40325 0 0 7 0 0 137 15 0 8005895 16116174 12018977 0 0 0 14735234 0 0 712 0 
0 0 0 0 0 0 0 0 0 0 0 0 0 0 0 0 0 0 0 0 0 0 0 3 0 40324 40319 0 0 137 0 0 15 36222174 0 0 0 0 0 0 14761298 712 0 0 
0 0 0 0 0 0 0 0 0 0 0 0 0 0 0 0 0 0 0 0 0 0 0 3 40325 0 0 7 0 0 137 15 0 8023074 16149868 12047806 0 0 0 14763001 0 0 712 0 
0 0 0 0 0 0 0 0 0 0 0 0 0 0 0 0 0 0 0 0 0 0 0 3 0 40333 40331 0 0 137 0 0 15 36247207 0 0 0 0 0 0 14775387 712 0 0 
0 0 0 0 0 0 0 0 0 0 0 0 0 0 0 0 0 0 0 0 0 0 0 3 40337 0 0 7 0 0 137 15 0 8028698 16161444 12055639 0 0 0 14777093 0 0 712 0 
0 0 0 0 0 0 0 0 0 0 0 0 0 0 0 0 0 0 0 0 0 0 0 3 0 40333 40331 0 0 137 0 0 15 36324598 0 0 0 0 0 0 14808387 712 0 0 
0 0 0 0 0 0 0 0 0 0 0 0 0 0 0 0 0 0 0 0 0 0 0 3 40337 0 0 7 0 0 137 15 0 8047618 16193873 12081680 0 0 0 14810093 0 0 712 0 
0 0 0 0 0 0 0 0 0 0 0 0 0 0 0 0 0 0 0 0 0 0 0 3 0 40337 40335 0 0 137 0 0 15 36405077 0 0 0 0 0 0 14843794 712 0 0 
0 0 0 0 0 0 0 0 0 0 0 0 0 0 0 0 0 0 0 0 0 0 0 3 40341 0 0 7 0 0 137 15 0 8072163 16224589 12106888 0 0 0 14845501 0 0 712 0 
0 0 0 0 0 0 0 0 0 0 0 0 0 0 0 0 0 0 0 0 0 0 0 3 0 40341 40339 0 0 137 0 0 15 36465958 0 0 0 0 0 0 14862843 712 0 0 
0 0 0 0 0 0 0 0 0 0 0 0 0 0 0 0 0 0 0 0 0 0 0 3 40345 0 0 7 0 0 137 15 0 8083078 16251235 12130210 0 0 0 14864550 0 0 712 0 
0 0 0 0 0 0 0 0 0 0 0 0 0 0 0 0 0 0 0 0 0 0 0 3 0 40349 40347 0 0 137 0 0 15 36501880 0 0 0 0 0 0 14882498 712 0 0 
0 0 0 0 0 0 0 0 0 0 0 0 0 0 0 0 0 0 0 0 0 0 0 3 40353 0 0 7 0 0 137 15 0 8095711 16264293 12140443 0 0 0 14884207 0 0 712 0 
0 0 0 0 0 0 0 0 0 0 0 0 0 0 0 0 0 0 0 0 0 0 0 3 0 40352 40347 0 0 137 0 0 15 36580970 0 0 0 0 0 0 14909351 712 0 0 
0 0 0 0 0 0 0 0 0 0 0 0 0 0 0 0 0 0 0 0 0 0 0 3 40353 0 0 7 0 0 137 15 0 8113183 16297068 12169271 0 0 0 14911060 0 0 712 0 
0 0 0 0 0 0 0 0 0 0 0 0 0 0 0 0 0 0 0 0 0 0 0 3 0 40353 40351 0 0 137 0 0 15 36652791 0 0 0 0 0 0 14943884 712 0 0 
0 0 0 0 0 0 0 0 0 0 0 0 0 0 0 0 0 0 0 0 0 0 0 3 40357 0 0 7 0 0 137 15 0 8133820 16326173 12191350 0 0 0 14945595 0 0 712 0 
0 0 0 0 0 0 0 0 0 0 0 0 0 0 0 0 0 0 0 0 0 0 0 3 0 40357 40355 0 0 137 0 0 15 36700485 0 0 0 0 0 0 14957420 712 0 0 
0 0 0 0 0 0 0 0 0 0 0 0 0 0 0 0 0 0 0 0 0 0 0 3 40361 0 0 7 0 0 137 15 0 8142755 16345825 12210460 0 0 0 14959131 0 0 712 0 
0 0 0 0 0 0 0 0 0 0 0 0 0 0 0 0 0 0 0 0 0 0 0 3 0 40365 40363 0 0 137 0 0 15 36763858 0 0 0 0 0 0 14988818 712 0 0 
0 0 0 0 0 0 0 0 0 0 0 0 0 0 0 0 0 0 0 0 0 0 0 3 40369 0 0 7 0 0 137 15 0 8161695 16370990 12229719 0 0 0 14990531 0 0 712 0 
0 0 0 0 0 0 0 0 0 0 0 0 0 0 0 0 0 0 0 0 0 0 0 3 0 40369 40367 0 0 137 0 0 15 36850610 0 0 0 0 0 0 15022408 712 0 0 
0 0 0 0 0 0 0 0 0 0 0 0 0 0 0 0 0 0 0 0 0 0 0 3 40373 0 0 7 0 0 137 15 0 8184959 16405394 12258811 0 0 0 15024127 0 0 712 0 
0 0 0 0 0 0 0 0 0 0 0 0 0 0 0 0 0 0 0 0 0 0 0 3 0 40372 40367 0 0 137 0 0 15 36929562 0 0 0 0 0 0 15051134 712 0 0 
0 0 0 0 0 0 0 0 0 0 0 0 0 0 0 0 0 0 0 0 0 0 0 3 40373 0 0 7 0 0 137 15 0 8201920 16439250 12286948 0 0 0 15052851 0 0 712 0 
0 0 0 0 0 0 0 0 0 0 0 0 0 0 0 0 0 0 0 0 0 0 0 3 0 40381 40379 0 0 137 0 0 15 36950207 0 0 0 0 0 0 15061302 712 0 0 
0 0 0 0 0 0 0 0 0 0 0 0 0 0 0 0 0 0 0 0 0 0 0 3 40385 0 0 7 0 0 137 15 0 8206491 16448238 12294029 0 0 0 15063021 0 0 712 0 
0 0 0 0 0 0 0 0 0 0 0 0 0 0 0 0 0 0 0 0 0 0 0 3 0 40381 40379 0 0 137 0 0 15 37022539 0 0 0 0 0 0 15095197 712 0 0 
0 0 0 0 0 0 0 0 0 0 0 0 0 0 0 0 0 0 0 0 0 0 0 3 40385 0 0 7 0 0 137 15 0 8224840 16478809 12317441 0 0 0 15096917 0 0 712 0 
0 0 0 0 0 0 0 0 0 0 0 0 0 0 0 0 0 0 0 0 0 0 0 3 0 40385 40383 0 0 137 0 0 15 37107185 0 0 0 0 0 0 15130011 712 0 0 
0 0 0 0 0 0 0 0 0 0 0 0 0 0 0 0 0 0 0 0 0 0 0 3 40389 0 0 7 0 0 137 15 0 8249879 16511069 12344791 0 0 0 15131738 0 0 712 0 
0 0 0 0 0 0 0 0 0 0 0 0 0 0 0 0 0 0 0 0 0 0 0 3 0 40389 40387 0 0 137 0 0 15 37174737 0 0 0 0 0 0 15152677 712 0 0 
0 0 0 0 0 0 0 0 0 0 0 0 0 0 0 0 0 0 0 0 0 0 0 3 40393 0 0 7 0 0 137 15 0 8262108 16541114 12370070 0 0 0 15154404 0 0 712 0 
0 0 0 0 0 0 0 0 0 0 0 0 0 0 0 0 0 0 0 0 0 0 0 3 0 40397 40395 0 0 137 0 0 15 37209676 0 0 0 0 0 0 15172229 712 0 0 
0 0 0 0 0 0 0 0 0 0 0 0 0 0 0 0 0 0 0 0 0 0 0 3 40401 0 0 7 0 0 137 15 0 8272628 16555808 12379790 0 0 0 15173960 0 0 712 0 
0 0 0 0 0 0 0 0 0 0 0 0 0 0 0 0 0 0 0 0 0 0 0 3 0 40398 40395 0 0 137 0 0 15 37290667 0 0 0 0 0 0 15200775 712 0 0 
0 0 0 0 0 0 0 0 0 0 0 0 0 0 0 0 0 0 0 0 0 0 0 3 40401 0 0 7 0 0 137 15 0 8289756 16590173 12409286 0 0 0 15202505 0 0 712 0 
0 0 0 0 0 0 0 0 0 0 0 0 0 0 0 0 0 0 0 0 0 0 0 3 0 40401 40399 0 0 137 0 0 15 37360403 0 0 0 0 0 0 15235895 712 0 0 
0 0 0 0 0 0 0 0 0 0 0 0 0 0 0 0 0 0 0 0 0 0 0 3 40405 0 0 7 0 0 137 15 0 8311874 16617323 12429749 0 0 0 15237628 0 0 712 0 
0 0 0 0 0 0 0 0 0 0 0 0 0 0 0 0 0 0 0 0 0 0 0 3 0 40405 40403 0 0 137 0 0 15 37419101 0 0 0 0 0 0 15255966 712 0 0 
0 0 0 0 0 0 0 0 0 0 0 0 0 0 0 0 0 0 0 0 0 0 0 3 40409 0 0 7 0 0 137 15 0 8321785 16644415 12451441 0 0 0 15257698 0 0 712 0 
0 0 0 0 0 0 0 0 0 0 0 0 0 0 0 0 0 0 0 0 0 0 0 3 0 40413 40411 0 0 137 0 0 15 37461744 0 0 0 0 0 0 15279389 712 0 0 
0 0 0 0 0 0 0 0 0 0 0 0 0 0 0 0 0 0 0 0 0 0 0 3 40417 0 0 7 0 0 137 15 0 8336584 16660465 12463232 0 0 0 15281124 0 0 712 0 
0 0 0 0 0 0 0 0 0 0 0 0 0 0 0 0 0 0 0 0 0 0 0 3 0 40416 40411 0 0 137 0 0 15 37537604 0 0 0 0 0 0 15304552 712 0 0 
0 0 0 0 0 0 0 0 0 0 0 0 0 0 0 0 0 0 0 0 0 0 0 3 40417 0 0 7 0 0 137 15 0 8351635 16692624 12491874 0 0 0 15306291 0 0 712 0 
0 0 0 0 0 0 0 0 0 0 0 0 0 0 0 0 0 0 0 0 0 0 0 3 0 40417 40415 0 0 137 0 0 15 37610714 0 0 0 0 0 0 15339739 712 0 0 
0 0 0 0 0 0 0 0 0 0 0 0 0 0 0 0 0 0 0 0 0 0 0 3 40421 0 0 7 0 0 137 15 0 8372653 16722236 12514345 0 0 0 15341483 0 0 712 0 
0 0 0 0 0 0 0 0 0 0 0 0 0 0 0 0 0 0 0 0 0 0 0 3 0 40421 40419 0 0 137 0 0 15 37664504 0 0 0 0 0 0 15359152 712 0 0 
0 0 0 0 0 0 0 0 0 0 0 0 0 0 0 0 0 0 0 0 0 0 0 3 40425 0 0 7 0 0 137 15 0 8381460 16747622 12533949 0 0 0 15360896 0 0 712 0 
0 0 0 0 0 0 0 0 0 0 0 0 0 0 0 0 0 0 0 0 0 0 0 3 0 40429 40427 0 0 137 0 0 15 37718193 0 0 0 0 0 0 15387002 712 0 0 
0 0 0 0 0 0 0 0 0 0 0 0 0 0 0 0 0 0 0 0 0 0 0 3 40433 0 0 7 0 0 137 15 0 8399075 16768276 12549370 0 0 0 15388745 0 0 712 0 
0 0 0 0 0 0 0 0 0 0 0 0 0 0 0 0 0 0 0 0 0 0 0 3 0 40433 40431 0 0 137 0 0 15 37800707 0 0 0 0 0 0 15417240 712 0 0 
0 0 0 0 0 0 0 0 0 0 0 0 0 0 0 0 0 0 0 0 0 0 0 3 40437 0 0 7 0 0 137 15 0 8418829 16802373 12578029 0 0 0 15418991 0 0 712 0 
0 0 0 0 0 0 0 0 0 0 0 0 0 0 0 0 0 0 0 0 0 0 0 3 0 40433 40431 0 0 137 0 0 15 37878161 0 0 0 0 0 0 15448584 712 0 0 
0 0 0 0 0 0 0 0 0 0 0 0 0 0 0 0 0 0 0 0 0 0 0 3 40437 0 0 7 0 0 137 15 0 8437157 16835171 12604356 0 0 0 15450340 0 0 712 0 
0 0 0 0 0 0 0 0 0 0 0 0 0 0 0 0 0 0 0 0 0 0 0 3 0 40441 40439 0 0 137 0 0 15 37902639 0 0 0 0 0 0 15456798 712 0 0 
0 0 0 0 0 0 0 0 0 0 0 0 0 0 0 0 0 0 0 0 0 0 0 3 40445 0 0 7 0 0 137 15 0 8441324 16845287 12614548 0 0 0 15458555 0 0 712 0 
0 0 0 0 0 0 0 0 0 0 0 0 0 0 0 0 0 0 0 0 0 0 0 3 0 40445 40443 0 0 137 0 0 15 37975849 0 0 0 0 0 0 15492424 712 0 0 
0 0 0 0 0 0 0 0 0 0 0 0 0 0 0 0 0 0 0 0 0 0 0 3 40449 0 0 7 0 0 137 15 0 8461797 16875623 12636948 0 0 0 15494179 0 0 712 0 
0 0 0 0 0 0 0 0 0 0 0 0 0 0 0 0 0 0 0 0 0 0 0 3 0 40449 40447 0 0 137 0 0 15 38060301 0 0 0 0 0 0 15526848 712 0 0 
0 0 0 0 0 0 0 0 0 0 0 0 0 0 0 0 0 0 0 0 0 0 0 3 40453 0 0 7 0 0 137 15 0 8486528 16907923 12664364 0 0 0 15528609 0 0 712 0 
0 0 0 0 0 0 0 0 0 0 0 0 0 0 0 0 0 0 0 0 0 0 0 3 0 40453 40451 0 0 137 0 0 15 38133897 0 0 0 0 0 0 15551034 712 0 0 
0 0 0 0 0 0 0 0 0 0 0 0 0 0 0 0 0 0 0 0 0 0 0 3 40457 0 0 7 0 0 137 15 0 8500815 16939538 12692052 0 0 0 15552795 0 0 712 0 
0 0 0 0 0 0 0 0 0 0 0 0 0 0 0 0 0 0 0 0 0 0 0 3 0 40461 40459 0 0 137 0 0 15 38162298 0 0 0 0 0 0 15565763 712 0 0 
0 0 0 0 0 0 0 0 0 0 0 0 0 0 0 0 0 0 0 0 0 0 0 3 40465 0 0 7 0 0 137 15 0 8508540 16950923 12701340 0 0 0 15567522 0 0 712 0 
0 0 0 0 0 0 0 0 0 0 0 0 0 0 0 0 0 0 0 0 0 0 0 3 0 40461 40459 0 0 137 0 0 15 38243106 0 0 0 0 0 0 15597239 712 0 0 
0 0 0 0 0 0 0 0 0 0 0 0 0 0 0 0 0 0 0 0 0 0 0 3 40465 0 0 7 0 0 137 15 0 8526789 16985363 12729459 0 0 0 15598996 0 0 712 0 
0 0 0 0 0 0 0 0 0 0 0 0 0 0 0 0 0 0 0 0 0 0 0 3 0 40465 40463 0 0 137 0 0 15 38320985 0 0 0 0 0 0 15633505 712 0 0 
0 0 0 0 0 0 0 0 0 0 0 0 0 0 0 0 0 0 0 0 0 0 0 3 40469 0 0 7 0 0 137 15 0 8550123 17015992 12753375 0 0 0 15635263 0 0 712 0 
0 0 0 0 0 0 0 0 0 0 0 0 0 0 0 0 0 0 0 0 0 0 0 3 0 40469 40467 0 0 137 0 0 15 38377246 0 0 0 0 0 0 15651514 712 0 0 
0 0 0 0 0 0 0 0 0 0 0 0 0 0 0 0 0 0 0 0 0 0 0 3 40473 0 0 7 0 0 137 15 0 8560491 17040028 12775231 0 0 0 15653272 0 0 712 0 
<====
0 0 0 0 0 0 0 0 0 0 0 0 0 0 0 0 0 0 0 0 0 0 0 3 0 40473 40467 0 0 137 0 0 15 38378837 0 0 0 0 0 0 15652337 712 0 0 
0 0 0 0 0 0 0 0 0 0 0 0 0 0 0 0 0 0 0 0 0 0 0 3 40473 0 0 7 0 0 137 15 0 8560676 17040843 12775822 0 0 0 15654095 0 0 712 0 
0 0 0 0 0 0 0 0 0 0 0 0 0 0 0 0 0 0 0 0 0 0 0 3 0 40473 40467 0 0 137 0 0 15 38378837 0 0 0 0 0 0 15652337 712 0 0 
0 0 0 0 0 0 0 0 0 0 0 0 0 0 0 0 0 0 0 0 0 0 0 3 40473 0 0 7 0 0 137 15 0 8560676 17040843 12775822 0 0 0 15654095 0 0 712 0 
0 0 0 0 0 0 0 0 0 0 0 0 0 0 0 0 0 0 0 0 0 0 0 3 0 40473 40467 0 0 137 0 0 15 38378837 0 0 0 0 0 0 15652337 712 0 0 
0 0 0 0 0 0 0 0 0 0 0 0 0 0 0 0 0 0 0 0 0 0 0 3 40473 0 0 7 0 0 137 15 0 8560676 17040843 12775822 0 0 0 15654095 0 0 712 0 
0 0 0 0 0 0 0 0 0 0 0 0 0 0 0 0 0 0 0 0 0 0 0 3 0 40473 40467 0 0 137 0 0 15 38378837 0 0 0 0 0 0 15652337 712 0 0 
0 0 0 0 0 0 0 0 0 0 0 0 0 0 0 0 0 0 0 0 0 0 0 3 40473 0 0 7 0 0 137 15 0 8560676 17040843 12775822 0 0 0 15654095 0 0 712 0 
0 0 0 0 0 0 0 0 0 0 0 0 0 0 0 0 0 0 0 0 0 0 0 3 0 40473 40467 0 0 137 0 0 15 38378837 0 0 0 0 0 0 15652337 712 0 0 
0 0 0 0 0 0 0 0 0 0 0 0 0 0 0 0 0 0 0 0 0 0 0 3 40473 0 0 7 0 0 137 15 0 8560676 17040843 12775822 0 0 0 15654095 0 0 712 0 
0 0 0 0 0 0 0 0 0 0 0 0 0 0 0 0 0 0 0 0 0 0 0 3 0 40473 40467 0 0 137 0 0 15 38378837 0 0 0 0 0 0 15652337 712 0 0 
0 0 0 0 0 0 0 0 0 0 0 0 0 0 0 0 0 0 0 0 0 0 0 3 40473 0 0 7 0 0 137 15 0 8560676 17040843 12775822 0 0 0 15654095 0 0 712 0 
