0 0 0 0 0 0 0 0 0 0 0 0 0 0 0 0 0 0 0 0 0 0 0 3 121809 0 0 22 0 0 427 52 0 125785068 0 0 0 0 0 52106082 0 0 2094 0 
0 0 0 0 0 0 0 0 0 0 0 0 0 0 0 0 0 0 0 0 0 0 0 3 0 121809 121770 0 0 435 0 0 52 98198891 27845082 0 0 0 0 0 52135405 2119 0 0 
0 0 0 0 0 0 0 0 0 0 0 0 0 0 0 0 0 0 0 0 0 0 0 3 121809 0 0 22 0 0 427 52 0 125785068 0 0 0 0 0 52106082 0 0 2094 0 
0 0 0 0 0 0 0 0 0 0 0 0 0 0 0 0 0 0 0 0 0 0 0 3 0 121809 121770 0 0 435 0 0 52 98198891 27845082 0 0 0 0 0 52135405 2119 0 0 
0 0 0 0 0 0 0 0 0 0 0 0 0 0 0 0 0 0 0 0 0 0 0 3 121809 0 0 22 0 0 427 52 0 125785068 0 0 0 0 0 52106082 0 0 2094 0 
0 0 0 0 0 0 0 0 0 0 0 0 0 0 0 0 0 0 0 0 0 0 0 3 0 121809 121770 0 0 435 0 0 52 98198891 27845082 0 0 0 0 0 52135405 2119 0 0 
0 0 0 0 0 0 0 0 0 0 0 0 0 0 0 0 0 0 0 0 0 0 0 3 121809 0 0 22 0 0 427 52 0 125785068 0 0 0 0 0 52106082 0 0 2094 0 
0 0 0 0 0 0 0 0 0 0 0 0 0 0 0 0 0 0 0 0 0 0 0 3 0 121809 121770 0 0 435 0 0 52 98198891 27845082 0 0 0 0 0 52135405 2119 0 0 
0 0 0 0 0 0 0 0 0 0 0 0 0 0 0 0 0 0 0 0 0 0 0 3 121809 0 0 22 0 0 427 52 0 125785068 0 0 0 0 0 52106082 0 0 2094 0 
0 0 0 0 0 0 0 0 0 0 0 0 0 0 0 0 0 0 0 0 0 0 0 3 0 121809 121770 0 0 435 0 0 52 98198891 27845082 0 0 0 0 0 52135405 2119 0 0 
0 0 0 0 0 0 0 0 0 0 0 0 0 0 0 0 0 0 0 0 0 0 0 3 121809 0 0 22 0 0 427 52 0 125785068 0 0 0 0 0 52106082 0 0 2094 0 
0 0 0 0 0 0 0 0 0 0 0 0 0 0 0 0 0 0 0 0 0 0 0 3 0 121809 121770 0 0 435 0 0 52 98198891 27845082 0 0 0 0 0 52135405 2119 0 0 
0 0 0 0 0 0 0 0 0 0 0 0 0 0 0 0 0 0 0 0 0 0 0 3 121821 0 0 22 0 0 456 52 0 125867345 0 0 0 0 0 52110883 0 0 2094 0 
0 0 0 0 0 0 0 0 0 0 0 0 0 0 0 0 0 0 0 0 0 0 0 3 0 121809 121782 0 0 464 0 0 52 98281158 27845085 0 0 0 0 0 52140206 2119 0 0 
0 0 0 0 0 0 0 0 0 0 0 0 0 0 0 0 0 0 0 0 0 0 0 3 121857 0 0 22 0 0 459 52 0 126055487 0 0 0 0 0 52119203 0 0 2094 0 
0 0 0 0 0 0 0 0 0 0 0 0 0 0 0 0 0 0 0 0 0 0 0 3 0 121845 121818 0 0 467 0 0 52 98469099 27845141 0 0 0 0 0 52148526 2119 0 0 
0 0 0 0 0 0 0 0 0 0 0 0 0 0 0 0 0 0 0 0 0 0 0 3 121881 0 0 22 0 0 459 52 0 126146871 0 0 0 0 0 52139895 0 0 2094 0 
0 0 0 0 0 0 0 0 0 0 0 0 0 0 0 0 0 0 0 0 0 0 0 3 0 121869 121842 0 0 467 0 0 52 98525356 27880508 0 0 0 0 0 52169217 2119 0 0 
0 0 0 0 0 0 0 0 0 0 0 0 0 0 0 0 0 0 0 0 0 0 0 3 121881 0 0 22 0 0 459 52 0 126404967 0 0 0 0 0 52165366 0 0 2094 0 
0 0 0 0 0 0 0 0 0 0 0 0 0 0 0 0 0 0 0 0 0 0 0 3 0 121869 121842 0 0 467 0 0 52 98683404 27981417 0 0 0 0 0 52194685 2119 0 0 
0 0 0 0 0 0 0 0 0 0 0 0 0 0 0 0 0 0 0 0 0 0 0 3 121917 0 0 22 0 0 459 52 0 126525545 0 0 0 0 0 52248292 0 0 2094 0 
0 0 0 0 0 0 0 0 0 0 0 0 0 0 0 0 0 0 0 0 0 0 0 3 0 121905 121878 0 0 467 0 0 52 98792096 27993689 0 0 0 0 0 52277602 2119 0 0 
0 0 0 0 0 0 0 0 0 0 0 0 0 0 0 0 0 0 0 0 0 0 0 3 121941 0 0 22 0 0 459 52 0 126610476 0 0 0 0 0 52267409 0 0 2094 0 
0 0 0 0 0 0 0 0 0 0 0 0 0 0 0 0 0 0 0 0 0 0 0 3 0 121929 121902 0 0 467 0 0 52 98845339 28025576 0 0 0 0 0 52296718 2119 0 0 
0 0 0 0 0 0 0 0 0 0 0 0 0 0 0 0 0 0 0 0 0 0 0 3 121953 0 0 22 0 0 459 52 0 126816311 0 0 0 0 0 52337832 0 0 2094 0 
0 0 0 0 0 0 0 0 0 0 0 0 0 0 0 0 0 0 0 0 0 0 0 3 0 121941 121914 0 0 467 0 0 52 98984402 28093049 0 0 0 0 0 52367188 2119 0 0 
0 0 0 0 0 0 0 0 0 0 0 0 0 0 0 0 0 0 0 0 0 0 0 3 121965 0 0 22 0 0 459 52 0 127098718 0 0 0 0 0 52464562 0 0 2094 0 
0 0 0 0 0 0 0 0 0 0 0 0 0 0 0 0 0 0 0 0 0 0 0 3 0 121953 121926 0 0 467 0 0 52 99208260 28152579 0 0 0 0 0 52493916 2119 0 0 
0 0 0 0 0 0 0 0 0 0 0 0 0 0 0 0 0 0 0 0 0 0 0 3 121965 0 0 22 0 0 459 52 0 127284709 0 0 0 0 0 52542655 0 0 2094 0 
0 0 0 0 0 0 0 0 0 0 0 0 0 0 0 0 0 0 0 0 0 0 0 3 0 121953 121926 0 0 467 0 0 52 99347159 28200204 0 0 0 0 0 52572040 2119 0 0 
0 0 0 0 0 0 0 0 0 0 0 0 0 0 0 0 0 0 0 0 0 0 0 3 121977 0 0 22 0 0 459 52 0 127499924 0 0 0 0 0 52628453 0 0 2094 0 
0 0 0 0 0 0 0 0 0 0 0 0 0 0 0 0 0 0 0 0 0 0 0 3 0 121965 121938 0 0 467 0 0 52 99502779 28260379 0 0 0 0 0 52657853 2119 0 0 
0 0 0 0 0 0 0 0 0 0 0 0 0 0 0 0 0 0 0 0 0 0 0 3 121989 0 0 22 0 0 459 52 0 127653095 0 0 0 0 0 52678369 0 0 2094 0 
0 0 0 0 0 0 0 0 0 0 0 0 0 0 0 0 0 0 0 0 0 0 0 3 0 121977 121950 0 0 467 0 0 52 99625081 28291635 0 0 0 0 0 52707762 2119 0 0 
0 0 0 0 0 0 0 0 0 0 0 0 0 0 0 0 0 0 0 0 0 0 0 3 122013 0 0 22 0 0 459 52 0 127781188 0 0 0 0 0 52740044 0 0 2094 0 
0 0 0 0 0 0 0 0 0 0 0 0 0 0 0 0 0 0 0 0 0 0 0 3 0 122001 121974 0 0 467 0 0 52 99714217 28330921 0 0 0 0 0 52769452 2119 0 0 
0 0 0 0 0 0 0 0 0 0 0 0 0 0 0 0 0 0 0 0 0 0 0 3 122025 0 0 22 0 0 459 52 0 128004039 0 0 0 0 0 52821858 0 0 2094 0 
0 0 0 0 0 0 0 0 0 0 0 0 0 0 0 0 0 0 0 0 0 0 0 3 0 122013 121986 0 0 467 0 0 52 99878787 28389922 0 0 0 0 0 52851262 2119 0 0 
0 0 0 0 0 0 0 0 0 0 0 0 0 0 0 0 0 0 0 0 0 0 0 3 122037 0 0 22 0 0 459 52 0 128218559 0 0 0 0 0 52895855 0 0 2094 0 
0 0 0 0 0 0 0 0 0 0 0 0 0 0 0 0 0 0 0 0 0 0 0 3 0 122025 121998 0 0 467 0 0 52 100043333 28440555 0 0 0 0 0 52925273 2119 0 0 
0 0 0 0 0 0 0 0 0 0 0 0 0 0 0 0 0 0 0 0 0 0 0 3 122061 0 0 22 0 0 459 52 0 128298419 0 0 0 0 0 52937213 0 0 2094 0 
0 0 0 0 0 0 0 0 0 0 0 0 0 0 0 0 0 0 0 0 0 0 0 3 0 122049 122022 0 0 467 0 0 52 100102143 28461804 0 0 0 0 0 52966645 2119 0 0 
0 0 0 0 0 0 0 0 0 0 0 0 0 0 0 0 0 0 0 0 0 0 0 3 122061 0 0 22 0 0 459 52 0 128502643 0 0 0 0 0 53011586 0 0 2094 0 
0 0 0 0 0 0 0 0 0 0 0 0 0 0 0 0 0 0 0 0 0 0 0 3 0 122050 122022 0 0 467 0 0 52 100258667 28510115 0 0 0 0 0 53041022 2119 0 0 
0 0 0 0 0 0 0 0 0 0 0 0 0 0 0 0 0 0 0 0 0 0 0 3 122073 0 0 22 0 0 459 52 0 128684289 0 0 0 0 0 53091211 0 0 2094 0 
0 0 0 0 0 0 0 0 0 0 0 0 0 0 0 0 0 0 0 0 0 0 0 3 0 122061 122034 0 0 467 0 0 52 100390333 28560564 0 0 0 0 0 53120668 2119 0 0 
0 0 0 0 0 0 0 0 0 0 0 0 0 0 0 0 0 0 0 0 0 0 0 3 122085 0 0 22 0 0 459 52 0 128823659 0 0 0 0 0 53134167 0 0 2094 0 
0 0 0 0 0 0 0 0 0 0 0 0 0 0 0 0 0 0 0 0 0 0 0 3 0 122076 122046 0 0 467 0 0 52 100501274 28589458 0 0 0 0 0 53163628 2119 0 0 
0 0 0 0 0 0 0 0 0 0 0 0 0 0 0 0 0 0 0 0 0 0 0 3 122109 0 0 22 0 0 459 52 0 128980935 0 0 0 0 0 53206687 0 0 2094 0 
0 0 0 0 0 0 0 0 0 0 0 0 0 0 0 0 0 0 0 0 0 0 0 3 0 122097 122070 0 0 467 0 0 52 100614134 28634276 0 0 0 0 0 53236182 2119 0 0 
0 0 0 0 0 0 0 0 0 0 0 0 0 0 0 0 0 0 0 0 0 0 0 3 122121 0 0 22 0 0 459 52 0 129200741 0 0 0 0 0 53291112 0 0 2094 0 
0 0 0 0 0 0 0 0 0 0 0 0 0 0 0 0 0 0 0 0 0 0 0 3 0 122109 122082 0 0 467 0 0 52 100773089 28695822 0 0 0 0 0 53320625 2119 0 0 
0 0 0 0 0 0 0 0 0 0 0 0 0 0 0 0 0 0 0 0 0 0 0 3 122133 0 0 22 0 0 459 52 0 129396714 0 0 0 0 0 53355789 0 0 2094 0 
0 0 0 0 0 0 0 0 0 0 0 0 0 0 0 0 0 0 0 0 0 0 0 3 0 122121 122094 0 0 467 0 0 52 100927065 28738365 0 0 0 0 0 53385301 2119 0 0 
0 0 0 0 0 0 0 0 0 0 0 0 0 0 0 0 0 0 0 0 0 0 0 3 122157 0 0 22 0 0 459 52 0 129488245 0 0 0 0 0 53402757 0 0 2094 0 
0 0 0 0 0 0 0 0 0 0 0 0 0 0 0 0 0 0 0 0 0 0 0 3 0 122145 122118 0 0 467 0 0 52 100993548 28763648 0 0 0 0 0 53432289 2119 0 0 
0 0 0 0 0 0 0 0 0 0 0 0 0 0 0 0 0 0 0 0 0 0 0 3 122157 0 0 22 0 0 459 52 0 129692822 0 0 0 0 0 53473991 0 0 2094 0 
0 0 0 0 0 0 0 0 0 0 0 0 0 0 0 0 0 0 0 0 0 0 0 3 0 122149 122118 0 0 467 0 0 52 101151615 28810700 0 0 0 0 0 53503537 2119 0 0 
0 0 0 0 0 0 0 0 0 0 0 0 0 0 0 0 0 0 0 0 0 0 0 3 122169 0 0 22 0 0 459 52 0 129869195 0 0 0 0 0 53553518 0 0 2094 0 
0 0 0 0 0 0 0 0 0 0 0 0 0 0 0 0 0 0 0 0 0 0 0 3 0 122157 122130 0 0 467 0 0 52 101278886 28860229 0 0 0 0 0 53583098 2119 0 0 
0 0 0 0 0 0 0 0 0 0 0 0 0 0 0 0 0 0 0 0 0 0 0 3 122181 0 0 22 0 0 459 52 0 129998854 0 0 0 0 0 53593430 0 0 2094 0 
0 0 0 0 0 0 0 0 0 0 0 0 0 0 0 0 0 0 0 0 0 0 0 3 0 122179 122142 0 0 467 0 0 52 101381907 28887280 0 0 0 0 0 53623012 2119 0 0 
0 0 0 0 0 0 0 0 0 0 0 0 0 0 0 0 0 0 0 0 0 0 0 3 122205 0 0 22 0 0 459 52 0 130144505 0 0 0 0 0 53661504 0 0 2094 0 
0 0 0 0 0 0 0 0 0 0 0 0 0 0 0 0 0 0 0 0 0 0 0 3 0 122193 122166 0 0 467 0 0 52 101485694 28929513 0 0 0 0 0 53691104 2119 0 0 
0 0 0 0 0 0 0 0 0 0 0 0 0 0 0 0 0 0 0 0 0 0 0 3 122217 0 0 22 0 0 459 52 0 130369874 0 0 0 0 0 53746270 0 0 2094 0 
0 0 0 0 0 0 0 0 0 0 0 0 0 0 0 0 0 0 0 0 0 0 0 3 0 122205 122178 0 0 467 0 0 52 101649534 28991840 0 0 0 0 0 53775889 2119 0 0 
0 0 0 0 0 0 0 0 0 0 0 0 0 0 0 0 0 0 0 0 0 0 0 3 122229 0 0 22 0 0 459 52 0 130571128 0 0 0 0 0 53814132 0 0 2094 0 
0 0 0 0 0 0 0 0 0 0 0 0 0 0 0 0 0 0 0 0 0 0 0 3 0 122217 122190 0 0 467 0 0 52 101807013 29036175 0 0 0 0 0 53843763 2119 0 0 
0 0 0 0 0 0 0 0 0 0 0 0 0 0 0 0 0 0 0 0 0 0 0 3 122253 0 0 22 0 0 459 52 0 130656102 0 0 0 0 0 53858156 0 0 2094 0 
0 0 0 0 0 0 0 0 0 0 0 0 0 0 0 0 0 0 0 0 0 0 0 3 0 122241 122214 0 0 467 0 0 52 101868637 29059729 0 0 0 0 0 53887810 2119 0 0 
0 0 0 0 0 0 0 0 0 0 0 0 0 0 0 0 0 0 0 0 0 0 0 3 122253 0 0 22 0 0 459 52 0 130873306 0 0 0 0 0 53933097 0 0 2094 0 
0 0 0 0 0 0 0 0 0 0 0 0 0 0 0 0 0 0 0 0 0 0 0 3 0 122249 122214 0 0 467 0 0 52 102035282 29110925 0 0 0 0 0 53962755 2119 0 0 
0 0 0 0 0 0 0 0 0 0 0 0 0 0 0 0 0 0 0 0 0 0 0 3 122265 0 0 22 0 0 459 52 0 131046170 0 0 0 0 0 54012632 0 0 2094 0 
0 0 0 0 0 0 0 0 0 0 0 0 0 0 0 0 0 0 0 0 0 0 0 3 0 122253 122226 0 0 467 0 0 52 102160741 29158779 0 0 0 0 0 54042313 2119 0 0 
0 0 0 0 0 0 0 0 0 0 0 0 0 0 0 0 0 0 0 0 0 0 0 3 122277 0 0 22 0 0 459 52 0 131174462 0 0 0 0 0 54052363 0 0 2094 0 
0 0 0 0 0 0 0 0 0 0 0 0 0 0 0 0 0 0 0 0 0 0 0 3 0 122275 122238 0 0 467 0 0 52 102263133 29185087 0 0 0 0 0 54082040 2119 0 0 
0 0 0 0 0 0 0 0 0 0 0 0 0 0 0 0 0 0 0 0 0 0 0 3 122301 0 0 22 0 0 459 52 0 131318666 0 0 0 0 0 54120359 0 0 2094 0 
0 0 0 0 0 0 0 0 0 0 0 0 0 0 0 0 0 0 0 0 0 0 0 3 0 122289 122262 0 0 467 0 0 52 102365305 29227545 0 0 0 0 0 54150053 2119 0 0 
0 0 0 0 0 0 0 0 0 0 0 0 0 0 0 0 0 0 0 0 0 0 0 3 122313 0 0 22 0 0 459 52 0 131542150 0 0 0 0 0 54204549 0 0 2094 0 
0 0 0 0 0 0 0 0 0 0 0 0 0 0 0 0 0 0 0 0 0 0 0 3 0 122301 122274 0 0 467 0 0 52 102527924 29289197 0 0 0 0 0 54234267 2119 0 0 
0 0 0 0 0 0 0 0 0 0 0 0 0 0 0 0 0 0 0 0 0 0 0 3 122325 0 0 22 0 0 459 52 0 131743469 0 0 0 0 0 54272168 0 0 2094 0 
0 0 0 0 0 0 0 0 0 0 0 0 0 0 0 0 0 0 0 0 0 0 0 3 0 122313 122286 0 0 467 0 0 52 102685045 29333974 0 0 0 0 0 54301893 2119 0 0 
0 0 0 0 0 0 0 0 0 0 0 0 0 0 0 0 0 0 0 0 0 0 0 3 122349 0 0 22 0 0 459 52 0 131819036 0 0 0 0 0 54311405 0 0 2094 0 
0 0 0 0 0 0 0 0 0 0 0 0 0 0 0 0 0 0 0 0 0 0 0 3 0 122337 122310 0 0 467 0 0 52 102741506 29353270 0 0 0 0 0 54341139 2119 0 0 
0 0 0 0 0 0 0 0 0 0 0 0 0 0 0 0 0 0 0 0 0 0 0 3 122349 0 0 22 0 0 459 52 0 132030429 0 0 0 0 0 54388323 0 0 2094 0 
0 0 0 0 0 0 0 0 0 0 0 0 0 0 0 0 0 0 0 0 0 0 0 3 0 122338 122310 0 0 467 0 0 52 102902449 29404333 0 0 0 0 0 54418078 2119 0 0 
0 0 0 0 0 0 0 0 0 0 0 0 0 0 0 0 0 0 0 0 0 0 0 3 122361 0 0 22 0 0 459 52 0 132205788 0 0 0 0 0 54466283 0 0 2094 0 
0 0 0 0 0 0 0 0 0 0 0 0 0 0 0 0 0 0 0 0 0 0 0 3 0 122349 122322 0 0 467 0 0 52 103029038 29453497 0 0 0 0 0 54496051 2119 0 0 
0 0 0 0 0 0 0 0 0 0 0 0 0 0 0 0 0 0 0 0 0 0 0 3 122373 0 0 22 0 0 459 52 0 132350545 0 0 0 0 0 54512141 0 0 2094 0 
0 0 0 0 0 0 0 0 0 0 0 0 0 0 0 0 0 0 0 0 0 0 0 3 0 122361 122334 0 0 467 0 0 52 103144866 29482885 0 0 0 0 0 54541905 2119 0 0 
0 0 0 0 0 0 0 0 0 0 0 0 0 0 0 0 0 0 0 0 0 0 0 3 122397 0 0 22 0 0 459 52 0 132496487 0 0 0 0 0 54580292 0 0 2094 0 
0 0 0 0 0 0 0 0 0 0 0 0 0 0 0 0 0 0 0 0 0 0 0 3 0 122385 122358 0 0 467 0 0 52 103248602 29525463 0 0 0 0 0 54610085 2119 0 0 
0 0 0 0 0 0 0 0 0 0 0 0 0 0 0 0 0 0 0 0 0 0 0 3 122409 0 0 22 0 0 459 52 0 132712112 0 0 0 0 0 54660395 0 0 2094 0 
0 0 0 0 0 0 0 0 0 0 0 0 0 0 0 0 0 0 0 0 0 0 0 3 0 122397 122370 0 0 467 0 0 52 103406331 29584080 0 0 0 0 0 54690210 2119 0 0 
0 0 0 0 0 0 0 0 0 0 0 0 0 0 0 0 0 0 0 0 0 0 0 3 122421 0 0 22 0 0 459 52 0 132918670 0 0 0 0 0 54731123 0 0 2094 0 
0 0 0 0 0 0 0 0 0 0 0 0 0 0 0 0 0 0 0 0 0 0 0 3 0 122409 122382 0 0 467 0 0 52 103565795 29631800 0 0 0 0 0 54760948 2119 0 0 
0 0 0 0 0 0 0 0 0 0 0 0 0 0 0 0 0 0 0 0 0 0 0 3 122445 0 0 22 0 0 459 52 0 132997677 0 0 0 0 0 54771668 0 0 2094 0 
0 0 0 0 0 0 0 0 0 0 0 0 0 0 0 0 0 0 0 0 0 0 0 3 0 122433 122406 0 0 467 0 0 52 103625811 29650971 0 0 0 0 0 54801504 2119 0 0 
0 0 0 0 0 0 0 0 0 0 0 0 0 0 0 0 0 0 0 0 0 0 0 3 122445 0 0 22 0 0 459 52 0 133210886 0 0 0 0 0 54848798 0 0 2094 0 
0 0 0 0 0 0 0 0 0 0 0 0 0 0 0 0 0 0 0 0 0 0 0 3 0 122433 122406 0 0 467 0 0 52 103787837 29702803 0 0 0 0 0 54878650 2119 0 0 
0 0 0 0 0 0 0 0 0 0 0 0 0 0 0 0 0 0 0 0 0 0 0 3 122457 0 0 22 0 0 459 52 0 133388151 0 0 0 0 0 54928024 0 0 2094 0 
0 0 0 0 0 0 0 0 0 0 0 0 0 0 0 0 0 0 0 0 0 0 0 3 0 122445 122418 0 0 467 0 0 52 103916353 29752034 0 0 0 0 0 54957904 2119 0 0 
0 0 0 0 0 0 0 0 0 0 0 0 0 0 0 0 0 0 0 0 0 0 0 3 122469 0 0 22 0 0 459 52 0 133529755 0 0 0 0 0 54973745 0 0 2094 0 
0 0 0 0 0 0 0 0 0 0 0 0 0 0 0 0 0 0 0 0 0 0 0 3 0 122457 122430 0 0 467 0 0 52 104029755 29780703 0 0 0 0 0 55003620 2119 0 0 
0 0 0 0 0 0 0 0 0 0 0 0 0 0 0 0 0 0 0 0 0 0 0 3 122493 0 0 22 0 0 459 52 0 133673705 0 0 0 0 0 55041347 0 0 2094 0 
0 0 0 0 0 0 0 0 0 0 0 0 0 0 0 0 0 0 0 0 0 0 0 3 0 122481 122454 0 0 467 0 0 52 104132337 29822462 0 0 0 0 0 55071251 2119 0 0 
0 0 0 0 0 0 0 0 0 0 0 0 0 0 0 0 0 0 0 0 0 0 0 3 122505 0 0 22 0 0 459 52 0 133891541 0 0 0 0 0 55121907 0 0 2094 0 
0 0 0 0 0 0 0 0 0 0 0 0 0 0 0 0 0 0 0 0 0 0 0 3 0 122493 122466 0 0 467 0 0 52 104290978 29882356 0 0 0 0 0 55151834 2119 0 0 
0 0 0 0 0 0 0 0 0 0 0 0 0 0 0 0 0 0 0 0 0 0 0 3 122517 0 0 22 0 0 459 52 0 134097117 0 0 0 0 0 55191519 0 0 2094 0 
0 0 0 0 0 0 0 0 0 0 0 0 0 0 0 0 0 0 0 0 0 0 0 3 0 122505 122478 0 0 467 0 0 52 104449840 29929639 0 0 0 0 0 55221454 2119 0 0 
0 0 0 0 0 0 0 0 0 0 0 0 0 0 0 0 0 0 0 0 0 0 0 3 122541 0 0 22 0 0 459 52 0 134179852 0 0 0 0 0 55234787 0 0 2094 0 
0 0 0 0 0 0 0 0 0 0 0 0 0 0 0 0 0 0 0 0 0 0 0 3 0 122529 122502 0 0 467 0 0 52 104509357 29953049 0 0 0 0 0 55264727 2119 0 0 
0 0 0 0 0 0 0 0 0 0 0 0 0 0 0 0 0 0 0 0 0 0 0 3 122541 0 0 22 0 0 459 52 0 134398724 0 0 0 0 0 55310619 0 0 2094 0 
0 0 0 0 0 0 0 0 0 0 0 0 0 0 0 0 0 0 0 0 0 0 0 3 0 122536 122502 0 0 467 0 0 52 104677645 30004271 0 0 0 0 0 55340563 2119 0 0 
0 0 0 0 0 0 0 0 0 0 0 0 0 0 0 0 0 0 0 0 0 0 0 3 122553 0 0 22 0 0 459 52 0 134574431 0 0 0 0 0 55391155 0 0 2094 0 
0 0 0 0 0 0 0 0 0 0 0 0 0 0 0 0 0 0 0 0 0 0 0 3 0 122541 122514 0 0 467 0 0 52 104805218 30052819 0 0 0 0 0 55421133 2119 0 0 
0 0 0 0 0 0 0 0 0 0 0 0 0 0 0 0 0 0 0 0 0 0 0 3 122577 0 0 22 0 0 459 52 0 134697732 0 0 0 0 0 55428806 0 0 2094 0 
0 0 0 0 0 0 0 0 0 0 0 0 0 0 0 0 0 0 0 0 0 0 0 3 0 122565 122538 0 0 467 0 0 52 104902762 30078972 0 0 0 0 0 55458779 2119 0 0 
0 0 0 0 0 0 0 0 0 0 0 0 0 0 0 0 0 0 0 0 0 0 0 3 122589 0 0 22 0 0 459 52 0 134858188 0 0 0 0 0 55503835 0 0 2094 0 
0 0 0 0 0 0 0 0 0 0 0 0 0 0 0 0 0 0 0 0 0 0 0 3 0 122577 122550 0 0 467 0 0 52 105018491 30124066 0 0 0 0 0 55533834 2119 0 0 
0 0 0 0 0 0 0 0 0 0 0 0 0 0 0 0 0 0 0 0 0 0 0 3 122601 0 0 22 0 0 459 52 0 135082772 0 0 0 0 0 55588850 0 0 2094 0 
0 0 0 0 0 0 0 0 0 0 0 0 0 0 0 0 0 0 0 0 0 0 0 3 0 122589 122562 0 0 467 0 0 52 105180909 30187018 0 0 0 0 0 55618873 2119 0 0 
0 0 0 0 0 0 0 0 0 0 0 0 0 0 0 0 0 0 0 0 0 0 0 3 122613 0 0 22 0 0 459 52 0 135272588 0 0 0 0 0 55651790 0 0 2094 0 
0 0 0 0 0 0 0 0 0 0 0 0 0 0 0 0 0 0 0 0 0 0 0 3 0 122601 122574 0 0 467 0 0 52 105330828 30227484 0 0 0 0 0 55681817 2119 0 0 
0 0 0 0 0 0 0 0 0 0 0 0 0 0 0 0 0 0 0 0 0 0 0 3 122637 0 0 22 0 0 459 52 0 135353110 0 0 0 0 0 55693371 0 0 2094 0 
0 0 0 0 0 0 0 0 0 0 0 0 0 0 0 0 0 0 0 0 0 0 0 3 0 122625 122598 0 0 467 0 0 52 105389131 30249927 0 0 0 0 0 55723425 2119 0 0 
0 0 0 0 0 0 0 0 0 0 0 0 0 0 0 0 0 0 0 0 0 0 0 3 122637 0 0 22 0 0 459 52 0 135569903 0 0 0 0 0 55769345 0 0 2094 0 
0 0 0 0 0 0 0 0 0 0 0 0 0 0 0 0 0 0 0 0 0 0 0 3 0 122632 122598 0 0 467 0 0 52 105554536 30301939 0 0 0 0 0 55799407 2119 0 0 
0 0 0 0 0 0 0 0 0 0 0 0 0 0 0 0 0 0 0 0 0 0 0 3 122649 0 0 22 0 0 459 52 0 135747466 0 0 0 0 0 55850278 0 0 2094 0 
0 0 0 0 0 0 0 0 0 0 0 0 0 0 0 0 0 0 0 0 0 0 0 3 0 122637 122610 0 0 467 0 0 52 105683617 30350849 0 0 0 0 0 55880375 2119 0 0 
0 0 0 0 0 0 0 0 0 0 0 0 0 0 0 0 0 0 0 0 0 0 0 3 122673 0 0 22 0 0 459 52 0 135873631 0 0 0 0 0 55889712 0 0 2094 0 
0 0 0 0 0 0 0 0 0 0 0 0 0 0 0 0 0 0 0 0 0 0 0 3 0 122661 122634 0 0 467 0 0 52 105784254 30376796 0 0 0 0 0 55919807 2119 0 0 
0 0 0 0 0 0 0 0 0 0 0 0 0 0 0 0 0 0 0 0 0 0 0 3 122685 0 0 22 0 0 459 52 0 136050680 0 0 0 0 0 55970662 0 0 2094 0 
0 0 0 0 0 0 0 0 0 0 0 0 0 0 0 0 0 0 0 0 0 0 0 3 0 122673 122646 0 0 467 0 0 52 105913049 30425486 0 0 0 0 0 56000793 2119 0 0 
0 0 0 0 0 0 0 0 0 0 0 0 0 0 0 0 0 0 0 0 0 0 0 3 122697 0 0 22 0 0 459 52 0 136278255 0 0 0 0 0 56057382 0 0 2094 0 
0 0 0 0 0 0 0 0 0 0 0 0 0 0 0 0 0 0 0 0 0 0 0 3 0 122685 122658 0 0 467 0 0 52 106077230 30489657 0 0 0 0 0 56087532 2119 0 0 
0 0 0 0 0 0 0 0 0 0 0 0 0 0 0 0 0 0 0 0 0 0 0 3 122709 0 0 22 0 0 459 52 0 136449730 0 0 0 0 0 56112682 0 0 2094 0 
0 0 0 0 0 0 0 0 0 0 0 0 0 0 0 0 0 0 0 0 0 0 0 3 0 122697 122670 0 0 467 0 0 52 106213531 30525305 0 0 0 0 0 56142836 2119 0 0 
0 0 0 0 0 0 0 0 0 0 0 0 0 0 0 0 0 0 0 0 0 0 0 3 122733 0 0 22 0 0 459 52 0 136545247 0 0 0 0 0 56161471 0 0 2094 0 
0 0 0 0 0 0 0 0 0 0 0 0 0 0 0 0 0 0 0 0 0 0 0 3 0 122721 122694 0 0 467 0 0 52 106279498 30555139 0 0 0 0 0 56191654 2119 0 0 
0 0 0 0 0 0 0 0 0 0 0 0 0 0 0 0 0 0 0 0 0 0 0 3 122745 0 0 22 0 0 459 52 0 136761338 0 0 0 0 0 56235235 0 0 2094 0 
0 0 0 0 0 0 0 0 0 0 0 0 0 0 0 0 0 0 0 0 0 0 0 3 0 122733 122706 0 0 467 0 0 52 106445892 30605445 0 0 0 0 0 56265424 2119 0 0 
0 0 0 0 0 0 0 0 0 0 0 0 0 0 0 0 0 0 0 0 0 0 0 3 122745 0 0 22 0 0 459 52 0 136941570 0 0 0 0 0 56314515 0 0 2094 0 
0 0 0 0 0 0 0 0 0 0 0 0 0 0 0 0 0 0 0 0 0 0 0 3 0 122733 122706 0 0 467 0 0 52 106578951 30653001 0 0 0 0 0 56344740 2119 0 0 
0 0 0 0 0 0 0 0 0 0 0 0 0 0 0 0 0 0 0 0 0 0 0 3 122769 0 0 22 0 0 459 52 0 137053121 0 0 0 0 0 56351482 0 0 2094 0 
0 0 0 0 0 0 0 0 0 0 0 0 0 0 0 0 0 0 0 0 0 0 0 3 0 122757 122730 0 0 467 0 0 52 106669202 30674630 0 0 0 0 0 56381702 2119 0 0 
0 0 0 0 0 0 0 0 0 0 0 0 0 0 0 0 0 0 0 0 0 0 0 3 122781 0 0 22 0 0 459 52 0 137209048 0 0 0 0 0 56424327 0 0 2094 0 
0 0 0 0 0 0 0 0 0 0 0 0 0 0 0 0 0 0 0 0 0 0 0 3 0 122769 122742 0 0 467 0 0 52 106781352 30718770 0 0 0 0 0 56454583 2119 0 0 
0 0 0 0 0 0 0 0 0 0 0 0 0 0 0 0 0 0 0 0 0 0 0 3 122793 0 0 22 0 0 459 52 0 137433074 0 0 0 0 0 56509553 0 0 2094 0 
0 0 0 0 0 0 0 0 0 0 0 0 0 0 0 0 0 0 0 0 0 0 0 3 0 122781 122754 0 0 467 0 0 52 106942864 30782034 0 0 0 0 0 56539824 2119 0 0 
0 0 0 0 0 0 0 0 0 0 0 0 0 0 0 0 0 0 0 0 0 0 0 3 122805 0 0 22 0 0 459 52 0 137624929 0 0 0 0 0 56572590 0 0 2094 0 
0 0 0 0 0 0 0 0 0 0 0 0 0 0 0 0 0 0 0 0 0 0 0 3 0 122793 122766 0 0 467 0 0 52 107094141 30823103 0 0 0 0 0 56602867 2119 0 0 
0 0 0 0 0 0 0 0 0 0 0 0 0 0 0 0 0 0 0 0 0 0 0 3 122829 0 0 22 0 0 459 52 0 137719669 0 0 0 0 0 56620705 0 0 2094 0 
0 0 0 0 0 0 0 0 0 0 0 0 0 0 0 0 0 0 0 0 0 0 0 3 0 122817 122790 0 0 467 0 0 52 107161104 30851129 0 0 0 0 0 56651008 2119 0 0 
0 0 0 0 0 0 0 0 0 0 0 0 0 0 0 0 0 0 0 0 0 0 0 3 122841 0 0 22 0 0 459 52 0 137932981 0 0 0 0 0 56692795 0 0 2094 0 
0 0 0 0 0 0 0 0 0 0 0 0 0 0 0 0 0 0 0 0 0 0 0 3 0 122829 122802 0 0 467 0 0 52 107325462 30900691 0 0 0 0 0 56723101 2119 0 0 
0 0 0 0 0 0 0 0 0 0 0 0 0 0 0 0 0 0 0 0 0 0 0 3 122841 0 0 22 0 0 459 52 0 138098239 0 0 0 0 0 56768869 0 0 2094 0 
0 0 0 0 0 0 0 0 0 0 0 0 0 0 0 0 0 0 0 0 0 0 0 3 0 122829 122802 0 0 467 0 0 52 107447132 30944695 0 0 0 0 0 56799216 2119 0 0 
0 0 0 0 0 0 0 0 0 0 0 0 0 0 0 0 0 0 0 0 0 0 0 3 122865 0 0 22 0 0 459 52 0 138234168 0 0 0 0 0 56812066 0 0 2094 0 
0 0 0 0 0 0 0 0 0 0 0 0 0 0 0 0 0 0 0 0 0 0 0 3 0 122853 122826 0 0 467 0 0 52 107555766 30972417 0 0 0 0 0 56842405 2119 0 0 
0 0 0 0 0 0 0 0 0 0 0 0 0 0 0 0 0 0 0 0 0 0 0 3 122877 0 0 22 0 0 459 52 0 138388702 0 0 0 0 0 56884132 0 0 2094 0 
0 0 0 0 0 0 0 0 0 0 0 0 0 0 0 0 0 0 0 0 0 0 0 3 0 122865 122838 0 0 467 0 0 52 107666533 31016568 0 0 0 0 0 56914506 2119 0 0 
0 0 0 0 0 0 0 0 0 0 0 0 0 0 0 0 0 0 0 0 0 0 0 3 122889 0 0 22 0 0 459 52 0 138608141 0 0 0 0 0 56967450 0 0 2094 0 
0 0 0 0 0 0 0 0 0 0 0 0 0 0 0 0 0 0 0 0 0 0 0 3 0 122877 122850 0 0 467 0 0 52 107824124 31079165 0 0 0 0 0 56997840 2119 0 0 
0 0 0 0 0 0 0 0 0 0 0 0 0 0 0 0 0 0 0 0 0 0 0 3 122901 0 0 22 0 0 459 52 0 138802939 0 0 0 0 0 57032635 0 0 2094 0 
0 0 0 0 0 0 0 0 0 0 0 0 0 0 0 0 0 0 0 0 0 0 0 3 0 122889 122862 0 0 467 0 0 52 107977769 31120908 0 0 0 0 0 57063028 2119 0 0 
0 0 0 0 0 0 0 0 0 0 0 0 0 0 0 0 0 0 0 0 0 0 0 3 122901 0 0 25 0 0 459 52 0 138820168 0 0 0 0 0 57042915 0 0 2094 0 
0 0 0 0 0 0 0 0 0 0 0 0 0 0 0 0 0 0 0 0 0 0 0 3 0 122901 122862 0 0 467 0 0 52 107994588 31121316 0 0 0 0 0 57073308 2119 0 0 
0 0 0 0 0 0 0 0 0 0 0 0 0 0 0 0 0 0 0 0 0 0 0 3 122901 0 0 25 0 0 459 52 0 138820168 0 0 0 0 0 57042915 0 0 2094 0 
0 0 0 0 0 0 0 0 0 0 0 0 0 0 0 0 0 0 0 0 0 0 0 3 0 122901 122862 0 0 467 0 0 52 107994588 31121316 0 0 0 0 0 57073308 2119 0 0 
0 0 0 0 0 0 0 0 0 0 0 0 0 0 0 0 0 0 0 0 0 0 0 3 122901 0 0 25 0 0 459 52 0 138820168 0 0 0 0 0 57042915 0 0 2094 0 
0 0 0 0 0 0 0 0 0 0 0 0 0 0 0 0 0 0 0 0 0 0 0 3 0 122901 122862 0 0 467 0 0 52 107994588 31121316 0 0 0 0 0 57073308 2119 0 0 
0 0 0 0 0 0 0 0 0 0 0 0 0 0 0 0 0 0 0 0 0 0 0 3 122901 0 0 25 0 0 459 52 0 138820168 0 0 0 0 0 57042915 0 0 2094 0 
0 0 0 0 0 0 0 0 0 0 0 0 0 0 0 0 0 0 0 0 0 0 0 3 0 122901 122862 0 0 467 0 0 52 107994588 31121316 0 0 0 0 0 57073308 2119 0 0 
