0 0 0 0 0 0 0 0 0 0 0 0 0 0 0 0 0 0 0 0 0 0 0 3 0 28000 28002 0 0 106 0 0 15 26008509 0 0 0 0 0 0 9257581 694 0 0 
0 0 0 0 0 0 0 0 0 0 0 0 0 0 0 0 0 0 0 0 0 0 0 3 28001 0 0 7 0 0 106 15 0 6308311 10768195 8929139 0 0 0 9258678 0 0 694 0 
0 0 0 0 0 0 0 0 0 0 0 0 0 0 0 0 0 0 0 0 0 0 0 3 0 28000 28002 0 0 106 0 0 15 26008509 0 0 0 0 0 0 9257581 694 0 0 
0 0 0 0 0 0 0 0 0 0 0 0 0 0 0 0 0 0 0 0 0 0 0 3 28001 0 0 7 0 0 106 15 0 6308311 10768195 8929139 0 0 0 9258678 0 0 694 0 
0 0 0 0 0 0 0 0 0 0 0 0 0 0 0 0 0 0 0 0 0 0 0 3 0 28000 28002 0 0 106 0 0 15 26008509 0 0 0 0 0 0 9257581 694 0 0 
0 0 0 0 0 0 0 0 0 0 0 0 0 0 0 0 0 0 0 0 0 0 0 3 28001 0 0 7 0 0 106 15 0 6308311 10768195 8929139 0 0 0 9258678 0 0 694 0 
0 0 0 0 0 0 0 0 0 0 0 0 0 0 0 0 0 0 0 0 0 0 0 3 0 28000 28002 0 0 106 0 0 15 26008509 0 0 0 0 0 0 9257581 694 0 0 
0 0 0 0 0 0 0 0 0 0 0 0 0 0 0 0 0 0 0 0 0 0 0 3 28001 0 0 7 0 0 106 15 0 6308311 10768195 8929139 0 0 0 9258678 0 0 694 0 
0 0 0 0 0 0 0 0 0 0 0 0 0 0 0 0 0 0 0 0 0 0 0 3 0 28000 28002 0 0 106 0 0 15 26008509 0 0 0 0 0 0 9257581 694 0 0 
0 0 0 0 0 0 0 0 0 0 0 0 0 0 0 0 0 0 0 0 0 0 0 3 28001 0 0 7 0 0 106 15 0 6308311 10768195 8929139 0 0 0 9258678 0 0 694 0 
0 0 0 0 0 0 0 0 0 0 0 0 0 0 0 0 0 0 0 0 0 0 0 3 0 28000 28002 0 0 106 0 0 15 26008509 0 0 0 0 0 0 9257581 694 0 0 
0 0 0 0 0 0 0 0 0 0 0 0 0 0 0 0 0 0 0 0 0 0 0 3 28001 0 0 7 0 0 106 15 0 6308311 10768195 8929139 0 0 0 9258678 0 0 694 0 
====>
0 0 0 0 0 0 0 0 0 0 0 0 0 0 0 0 0 0 0 0 0 0 0 3 0 28000 28006 0 0 116 0 0 15 26069322 0 0 0 0 0 0 9258198 694 0 0 
0 0 0 0 0 0 0 0 0 0 0 0 0 0 0 0 0 0 0 0 0 0 0 3 28005 0 0 7 0 0 116 15 0 6308311 10828595 8929573 0 0 0 9259295 0 0 694 0 
0 0 0 0 0 0 0 0 0 0 0 0 0 0 0 0 0 0 0 0 0 0 0 3 0 28012 28018 0 0 117 0 0 15 26098563 0 0 0 0 0 0 9261378 694 0 0 
0 0 0 0 0 0 0 0 0 0 0 0 0 0 0 0 0 0 0 0 0 0 0 3 28017 0 0 7 0 0 117 15 0 6308329 10854617 8932781 0 0 0 9262475 0 0 694 0 
0 0 0 0 0 0 0 0 0 0 0 0 0 0 0 0 0 0 0 0 0 0 0 3 0 28020 28026 0 0 117 0 0 15 26144448 0 0 0 0 0 0 9270047 694 0 0 
0 0 0 0 0 0 0 0 0 0 0 0 0 0 0 0 0 0 0 0 0 0 0 3 28025 0 0 7 0 0 117 15 0 6327609 10874416 8939615 0 0 0 9271144 0 0 694 0 
0 0 0 0 0 0 0 0 0 0 0 0 0 0 0 0 0 0 0 0 0 0 0 3 0 28024 28030 0 0 117 0 0 15 26225908 0 0 0 0 0 0 9277790 694 0 0 
0 0 0 0 0 0 0 0 0 0 0 0 0 0 0 0 0 0 0 0 0 0 0 3 28029 0 0 7 0 0 117 15 0 6357945 10920628 8944591 0 0 0 9278887 0 0 694 0 
0 0 0 0 0 0 0 0 0 0 0 0 0 0 0 0 0 0 0 0 0 0 0 3 0 28032 28038 0 0 117 0 0 15 26255839 0 0 0 0 0 0 9305278 694 0 0 
0 0 0 0 0 0 0 0 0 0 0 0 0 0 0 0 0 0 0 0 0 0 0 3 28037 0 0 7 0 0 117 15 0 6357956 10923360 8971717 0 0 0 9306378 0 0 694 0 
0 0 0 0 0 0 0 0 0 0 0 0 0 0 0 0 0 0 0 0 0 0 0 3 0 28040 28046 0 0 117 0 0 15 26292929 0 0 0 0 0 0 9313105 694 0 0 
0 0 0 0 0 0 0 0 0 0 0 0 0 0 0 0 0 0 0 0 0 0 0 3 28045 0 0 7 0 0 117 15 0 6370489 10940853 8978781 0 0 0 9314205 0 0 694 0 
0 0 0 0 0 0 0 0 0 0 0 0 0 0 0 0 0 0 0 0 0 0 0 3 0 28044 28050 0 0 117 0 0 15 26367683 0 0 0 0 0 0 9343245 694 0 0 
0 0 0 0 0 0 0 0 0 0 0 0 0 0 0 0 0 0 0 0 0 0 0 3 28049 0 0 7 0 0 117 15 0 6394446 10971554 8998855 0 0 0 9344353 0 0 694 0 
0 0 0 0 0 0 0 0 0 0 0 0 0 0 0 0 0 0 0 0 0 0 0 3 0 28048 28054 0 0 117 0 0 15 26459151 0 0 0 0 0 0 9383300 694 0 0 
0 0 0 0 0 0 0 0 0 0 0 0 0 0 0 0 0 0 0 0 0 0 0 3 28053 0 0 7 0 0 117 15 0 6414772 11000117 9041396 0 0 0 9384410 0 0 694 0 
0 0 0 0 0 0 0 0 0 0 0 0 0 0 0 0 0 0 0 0 0 0 0 3 0 28052 28054 0 0 117 0 0 15 26531768 0 0 0 0 0 0 9409975 694 0 0 
0 0 0 0 0 0 0 0 0 0 0 0 0 0 0 0 0 0 0 0 0 0 0 3 28053 0 0 7 0 0 117 15 0 6432538 11028887 9067468 0 0 0 9411084 0 0 694 0 
0 0 0 0 0 0 0 0 0 0 0 0 0 0 0 0 0 0 0 0 0 0 0 3 0 28052 28058 0 0 117 0 0 15 26591701 0 0 0 0 0 0 9436424 694 0 0 
0 0 0 0 0 0 0 0 0 0 0 0 0 0 0 0 0 0 0 0 0 0 0 3 28057 0 0 7 0 0 117 15 0 6448415 11052731 9087672 0 0 0 9437538 0 0 694 0 
0 0 0 0 0 0 0 0 0 0 0 0 0 0 0 0 0 0 0 0 0 0 0 3 0 28060 28066 0 0 117 0 0 15 26632531 0 0 0 0 0 0 9451334 694 0 0 
0 0 0 0 0 0 0 0 0 0 0 0 0 0 0 0 0 0 0 0 0 0 0 3 28065 0 0 7 0 0 117 15 0 6457382 11070016 9102252 0 0 0 9452448 0 0 694 0 
0 0 0 0 0 0 0 0 0 0 0 0 0 0 0 0 0 0 0 0 0 0 0 3 0 28064 28070 0 0 117 0 0 15 26688738 0 0 0 0 0 0 9475965 694 0 0 
0 0 0 0 0 0 0 0 0 0 0 0 0 0 0 0 0 0 0 0 0 0 0 3 28069 0 0 7 0 0 117 15 0 6471659 11093022 9121174 0 0 0 9477082 0 0 694 0 
0 0 0 0 0 0 0 0 0 0 0 0 0 0 0 0 0 0 0 0 0 0 0 3 0 28068 28074 0 0 117 0 0 15 26761329 0 0 0 0 0 0 9505002 694 0 0 
0 0 0 0 0 0 0 0 0 0 0 0 0 0 0 0 0 0 0 0 0 0 0 3 28073 0 0 7 0 0 117 15 0 6493297 11119851 9145290 0 0 0 9506120 0 0 694 0 
0 0 0 0 0 0 0 0 0 0 0 0 0 0 0 0 0 0 0 0 0 0 0 3 0 28072 28078 0 0 117 0 0 15 26823384 0 0 0 0 0 0 9526527 694 0 0 
0 0 0 0 0 0 0 0 0 0 0 0 0 0 0 0 0 0 0 0 0 0 0 3 28077 0 0 7 0 0 117 15 0 6506867 11145221 9168406 0 0 0 9527647 0 0 694 0 
0 0 0 0 0 0 0 0 0 0 0 0 0 0 0 0 0 0 0 0 0 0 0 3 0 28080 28086 0 0 117 0 0 15 26860600 0 0 0 0 0 0 9545279 694 0 0 
0 0 0 0 0 0 0 0 0 0 0 0 0 0 0 0 0 0 0 0 0 0 0 3 28085 0 0 7 0 0 117 15 0 6517567 11160308 9179813 0 0 0 9546400 0 0 694 0 
0 0 0 0 0 0 0 0 0 0 0 0 0 0 0 0 0 0 0 0 0 0 0 3 0 28084 28090 0 0 117 0 0 15 26931140 0 0 0 0 0 0 9571010 694 0 0 
0 0 0 0 0 0 0 0 0 0 0 0 0 0 0 0 0 0 0 0 0 0 0 3 28089 0 0 7 0 0 117 15 0 6534531 11188473 9205228 0 0 0 9572132 0 0 694 0 
0 0 0 0 0 0 0 0 0 0 0 0 0 0 0 0 0 0 0 0 0 0 0 3 0 28084 28090 0 0 117 0 0 15 26995240 0 0 0 0 0 0 9596840 694 0 0 
0 0 0 0 0 0 0 0 0 0 0 0 0 0 0 0 0 0 0 0 0 0 0 3 28089 0 0 7 0 0 117 15 0 6549629 11214628 9228069 0 0 0 9597962 0 0 694 0 
0 0 0 0 0 0 0 0 0 0 0 0 0 0 0 0 0 0 0 0 0 0 0 3 0 28096 28102 0 0 117 0 0 15 27029068 0 0 0 0 0 0 9609184 694 0 0 
0 0 0 0 0 0 0 0 0 0 0 0 0 0 0 0 0 0 0 0 0 0 0 3 28101 0 0 7 0 0 117 15 0 6557522 11228275 9240352 0 0 0 9610306 0 0 694 0 
0 0 0 0 0 0 0 0 0 0 0 0 0 0 0 0 0 0 0 0 0 0 0 3 0 28096 28102 0 0 117 0 0 15 27091803 0 0 0 0 0 0 9636249 694 0 0 
0 0 0 0 0 0 0 0 0 0 0 0 0 0 0 0 0 0 0 0 0 0 0 3 28101 0 0 7 0 0 117 15 0 6572622 11254250 9262009 0 0 0 9637371 0 0 694 0 
0 0 0 0 0 0 0 0 0 0 0 0 0 0 0 0 0 0 0 0 0 0 0 3 0 28100 28106 0 0 117 0 0 15 27160885 0 0 0 0 0 0 9664688 694 0 0 
0 0 0 0 0 0 0 0 0 0 0 0 0 0 0 0 0 0 0 0 0 0 0 3 28105 0 0 7 0 0 117 15 0 6593560 11279178 9285225 0 0 0 9665811 0 0 694 0 
0 0 0 0 0 0 0 0 0 0 0 0 0 0 0 0 0 0 0 0 0 0 0 3 0 28104 28110 0 0 117 0 0 15 27220799 0 0 0 0 0 0 9685885 694 0 0 
0 0 0 0 0 0 0 0 0 0 0 0 0 0 0 0 0 0 0 0 0 0 0 3 28109 0 0 7 0 0 117 15 0 6606103 11304597 9307178 0 0 0 9687009 0 0 694 0 
0 0 0 0 0 0 0 0 0 0 0 0 0 0 0 0 0 0 0 0 0 0 0 3 0 28112 28118 0 0 117 0 0 15 27261945 0 0 0 0 0 0 9705863 694 0 0 
0 0 0 0 0 0 0 0 0 0 0 0 0 0 0 0 0 0 0 0 0 0 0 3 28117 0 0 7 0 0 117 15 0 6617308 11321467 9320240 0 0 0 9706989 0 0 694 0 
0 0 0 0 0 0 0 0 0 0 0 0 0 0 0 0 0 0 0 0 0 0 0 3 0 28116 28122 0 0 117 0 0 15 27331525 0 0 0 0 0 0 9731179 694 0 0 
0 0 0 0 0 0 0 0 0 0 0 0 0 0 0 0 0 0 0 0 0 0 0 3 28121 0 0 7 0 0 117 15 0 6634350 11349184 9345058 0 0 0 9732305 0 0 694 0 
0 0 0 0 0 0 0 0 0 0 0 0 0 0 0 0 0 0 0 0 0 0 0 3 0 28116 28122 0 0 117 0 0 15 27399196 0 0 0 0 0 0 9757164 694 0 0 
0 0 0 0 0 0 0 0 0 0 0 0 0 0 0 0 0 0 0 0 0 0 0 3 28121 0 0 7 0 0 117 15 0 6650985 11376000 9369269 0 0 0 9758293 0 0 694 0 
0 0 0 0 0 0 0 0 0 0 0 0 0 0 0 0 0 0 0 0 0 0 0 3 0 28126 28130 0 0 117 0 0 15 27422258 0 0 0 0 0 0 9766955 694 0 0 
0 0 0 0 0 0 0 0 0 0 0 0 0 0 0 0 0 0 0 0 0 0 0 3 28129 0 0 7 0 0 117 15 0 6655865 11385674 9377781 0 0 0 9768084 0 0 694 0 
0 0 0 0 0 0 0 0 0 0 0 0 0 0 0 0 0 0 0 0 0 0 0 3 0 28128 28134 0 0 117 0 0 15 27480437 0 0 0 0 0 0 9792852 694 0 0 
0 0 0 0 0 0 0 0 0 0 0 0 0 0 0 0 0 0 0 0 0 0 0 3 28133 0 0 7 0 0 117 15 0 6671546 11408722 9397222 0 0 0 9793980 0 0 694 0 
0 0 0 0 0 0 0 0 0 0 0 0 0 0 0 0 0 0 0 0 0 0 0 3 0 28132 28138 0 0 117 0 0 15 27554909 0 0 0 0 0 0 9821879 694 0 0 
0 0 0 0 0 0 0 0 0 0 0 0 0 0 0 0 0 0 0 0 0 0 0 3 28137 0 0 7 0 0 117 15 0 6692609 11436506 9422849 0 0 0 9823012 0 0 694 0 
0 0 0 0 0 0 0 0 0 0 0 0 0 0 0 0 0 0 0 0 0 0 0 3 0 28136 28142 0 0 117 0 0 15 27614392 0 0 0 0 0 0 9842656 694 0 0 
0 0 0 0 0 0 0 0 0 0 0 0 0 0 0 0 0 0 0 0 0 0 0 3 28141 0 0 7 0 0 117 15 0 6705345 11461390 9444705 0 0 0 9843791 0 0 694 0 
0 0 0 0 0 0 0 0 0 0 0 0 0 0 0 0 0 0 0 0 0 0 0 3 0 28144 28150 0 0 117 0 0 15 27654310 0 0 0 0 0 0 9862763 694 0 0 
0 0 0 0 0 0 0 0 0 0 0 0 0 0 0 0 0 0 0 0 0 0 0 3 28149 0 0 7 0 0 117 15 0 6716373 11477829 9457153 0 0 0 9863899 0 0 694 0 
0 0 0 0 0 0 0 0 0 0 0 0 0 0 0 0 0 0 0 0 0 0 0 3 0 28148 28154 0 0 117 0 0 15 27725925 0 0 0 0 0 0 9888362 694 0 0 
0 0 0 0 0 0 0 0 0 0 0 0 0 0 0 0 0 0 0 0 0 0 0 3 28153 0 0 7 0 0 117 15 0 6734167 11506050 9482747 0 0 0 9889497 0 0 694 0 
0 0 0 0 0 0 0 0 0 0 0 0 0 0 0 0 0 0 0 0 0 0 0 3 0 28148 28154 0 0 117 0 0 15 27791025 0 0 0 0 0 0 9913861 694 0 0 
0 0 0 0 0 0 0 0 0 0 0 0 0 0 0 0 0 0 0 0 0 0 0 3 28153 0 0 7 0 0 117 15 0 6749885 11532377 9505792 0 0 0 9914998 0 0 694 0 
0 0 0 0 0 0 0 0 0 0 0 0 0 0 0 0 0 0 0 0 0 0 0 3 0 28156 28162 0 0 117 0 0 15 27816281 0 0 0 0 0 0 9924432 694 0 0 
0 0 0 0 0 0 0 0 0 0 0 0 0 0 0 0 0 0 0 0 0 0 0 3 28161 0 0 7 0 0 117 15 0 6755106 11543177 9515029 0 0 0 9925569 0 0 694 0 
0 0 0 0 0 0 0 0 0 0 0 0 0 0 0 0 0 0 0 0 0 0 0 3 0 28160 28166 0 0 117 0 0 15 27877102 0 0 0 0 0 0 9950872 694 0 0 
0 0 0 0 0 0 0 0 0 0 0 0 0 0 0 0 0 0 0 0 0 0 0 3 28165 0 0 7 0 0 117 15 0 6770470 11568275 9535376 0 0 0 9952012 0 0 694 0 
0 0 0 0 0 0 0 0 0 0 0 0 0 0 0 0 0 0 0 0 0 0 0 3 0 28164 28170 0 0 117 0 0 15 27952335 0 0 0 0 0 0 9980228 694 0 0 
0 0 0 0 0 0 0 0 0 0 0 0 0 0 0 0 0 0 0 0 0 0 0 3 28169 0 0 7 0 0 117 15 0 6791608 11596583 9561149 0 0 0 9981371 0 0 694 0 
0 0 0 0 0 0 0 0 0 0 0 0 0 0 0 0 0 0 0 0 0 0 0 3 0 28168 28174 0 0 117 0 0 15 28009576 0 0 0 0 0 0 10001744 694 0 0 
0 0 0 0 0 0 0 0 0 0 0 0 0 0 0 0 0 0 0 0 0 0 0 3 28173 0 0 7 0 0 117 15 0 6804586 11620505 9581480 0 0 0 10002888 0 0 694 0 
0 0 0 0 0 0 0 0 0 0 0 0 0 0 0 0 0 0 0 0 0 0 0 3 0 28176 28182 0 0 117 0 0 15 28045506 0 0 0 0 0 0 10020928 694 0 0 
0 0 0 0 0 0 0 0 0 0 0 0 0 0 0 0 0 0 0 0 0 0 0 3 28181 0 0 7 0 0 117 15 0 6814863 11635454 9592179 0 0 0 10022073 0 0 694 0 
0 0 0 0 0 0 0 0 0 0 0 0 0 0 0 0 0 0 0 0 0 0 0 3 0 28180 28186 0 0 117 0 0 15 28116853 0 0 0 0 0 0 10045994 694 0 0 
0 0 0 0 0 0 0 0 0 0 0 0 0 0 0 0 0 0 0 0 0 0 0 3 28185 0 0 7 0 0 117 15 0 6831771 11663989 9618084 0 0 0 10047143 0 0 694 0 
0 0 0 0 0 0 0 0 0 0 0 0 0 0 0 0 0 0 0 0 0 0 0 3 0 28180 28186 0 0 117 0 0 15 28176369 0 0 0 0 0 0 10071072 694 0 0 
0 0 0 0 0 0 0 0 0 0 0 0 0 0 0 0 0 0 0 0 0 0 0 3 28185 0 0 7 0 0 117 15 0 6846656 11687871 9638825 0 0 0 10072220 0 0 694 0 
0 0 0 0 0 0 0 0 0 0 0 0 0 0 0 0 0 0 0 0 0 0 0 3 0 28188 28194 0 0 117 0 0 15 28212147 0 0 0 0 0 0 10083778 694 0 0 
0 0 0 0 0 0 0 0 0 0 0 0 0 0 0 0 0 0 0 0 0 0 0 3 28193 0 0 7 0 0 117 15 0 6854345 11702547 9652239 0 0 0 10084925 0 0 694 0 
0 0 0 0 0 0 0 0 0 0 0 0 0 0 0 0 0 0 0 0 0 0 0 3 0 28192 28198 0 0 117 0 0 15 28274136 0 0 0 0 0 0 10110408 694 0 0 
0 0 0 0 0 0 0 0 0 0 0 0 0 0 0 0 0 0 0 0 0 0 0 3 28197 0 0 7 0 0 117 15 0 6869493 11728307 9673310 0 0 0 10111556 0 0 694 0 
0 0 0 0 0 0 0 0 0 0 0 0 0 0 0 0 0 0 0 0 0 0 0 3 0 28196 28202 0 0 117 0 0 15 28346800 0 0 0 0 0 0 10139466 694 0 0 
0 0 0 0 0 0 0 0 0 0 0 0 0 0 0 0 0 0 0 0 0 0 0 3 28201 0 0 7 0 0 117 15 0 6890519 11755533 9697706 0 0 0 10140616 0 0 694 0 
0 0 0 0 0 0 0 0 0 0 0 0 0 0 0 0 0 0 0 0 0 0 0 3 0 28200 28206 0 0 117 0 0 15 28403990 0 0 0 0 0 0 10159501 694 0 0 
0 0 0 0 0 0 0 0 0 0 0 0 0 0 0 0 0 0 0 0 0 0 0 3 28205 0 0 7 0 0 117 15 0 6903830 11778281 9718827 0 0 0 10160652 0 0 694 0 
0 0 0 0 0 0 0 0 0 0 0 0 0 0 0 0 0 0 0 0 0 0 0 3 0 28208 28214 0 0 117 0 0 15 28441137 0 0 0 0 0 0 10179065 694 0 0 
0 0 0 0 0 0 0 0 0 0 0 0 0 0 0 0 0 0 0 0 0 0 0 3 28213 0 0 7 0 0 117 15 0 6914158 11793984 9729935 0 0 0 10180215 0 0 694 0 
0 0 0 0 0 0 0 0 0 0 0 0 0 0 0 0 0 0 0 0 0 0 0 3 0 28212 28218 0 0 117 0 0 15 28512830 0 0 0 0 0 0 10204490 694 0 0 
0 0 0 0 0 0 0 0 0 0 0 0 0 0 0 0 0 0 0 0 0 0 0 3 28217 0 0 7 0 0 117 15 0 6931365 11822331 9756078 0 0 0 10205639 0 0 694 0 
0 0 0 0 0 0 0 0 0 0 0 0 0 0 0 0 0 0 0 0 0 0 0 3 0 28212 28218 0 0 117 0 0 15 28580691 0 0 0 0 0 0 10231106 694 0 0 
0 0 0 0 0 0 0 0 0 0 0 0 0 0 0 0 0 0 0 0 0 0 0 3 28217 0 0 7 0 0 117 15 0 6947064 11850399 9780171 0 0 0 10232256 0 0 694 0 
0 0 0 0 0 0 0 0 0 0 0 0 0 0 0 0 0 0 0 0 0 0 0 3 0 28224 28230 0 0 117 0 0 15 28609608 0 0 0 0 0 0 10243599 694 0 0 
0 0 0 0 0 0 0 0 0 0 0 0 0 0 0 0 0 0 0 0 0 0 0 3 28229 0 0 7 0 0 117 15 0 6953863 11862765 9789930 0 0 0 10244751 0 0 694 0 
0 0 0 0 0 0 0 0 0 0 0 0 0 0 0 0 0 0 0 0 0 0 0 3 0 28224 28230 0 0 117 0 0 15 28668380 0 0 0 0 0 0 10269429 694 0 0 
0 0 0 0 0 0 0 0 0 0 0 0 0 0 0 0 0 0 0 0 0 0 0 3 28229 0 0 7 0 0 117 15 0 6968565 11886701 9810049 0 0 0 10270582 0 0 694 0 
0 0 0 0 0 0 0 0 0 0 0 0 0 0 0 0 0 0 0 0 0 0 0 3 0 28228 28234 0 0 117 0 0 15 28740591 0 0 0 0 0 0 10297829 694 0 0 
0 0 0 0 0 0 0 0 0 0 0 0 0 0 0 0 0 0 0 0 0 0 0 3 28233 0 0 7 0 0 117 15 0 6989998 11912975 9834549 0 0 0 10298985 0 0 694 0 
0 0 0 0 0 0 0 0 0 0 0 0 0 0 0 0 0 0 0 0 0 0 0 3 0 28232 28238 0 0 117 0 0 15 28800020 0 0 0 0 0 0 10318534 694 0 0 
0 0 0 0 0 0 0 0 0 0 0 0 0 0 0 0 0 0 0 0 0 0 0 3 28237 0 0 7 0 0 117 15 0 7003068 11937337 9856546 0 0 0 10319691 0 0 694 0 
0 0 0 0 0 0 0 0 0 0 0 0 0 0 0 0 0 0 0 0 0 0 0 3 0 28240 28246 0 0 117 0 0 15 28838967 0 0 0 0 0 0 10338270 694 0 0 
0 0 0 0 0 0 0 0 0 0 0 0 0 0 0 0 0 0 0 0 0 0 0 3 28245 0 0 7 0 0 117 15 0 7013961 11953416 9868509 0 0 0 10339430 0 0 694 0 
0 0 0 0 0 0 0 0 0 0 0 0 0 0 0 0 0 0 0 0 0 0 0 3 0 28244 28250 0 0 117 0 0 15 28911668 0 0 0 0 0 0 10364067 694 0 0 
0 0 0 0 0 0 0 0 0 0 0 0 0 0 0 0 0 0 0 0 0 0 0 3 28249 0 0 7 0 0 117 15 0 7032131 11981674 9894785 0 0 0 10365226 0 0 694 0 
0 0 0 0 0 0 0 0 0 0 0 0 0 0 0 0 0 0 0 0 0 0 0 3 0 28244 28250 0 0 117 0 0 15 28981639 0 0 0 0 0 0 10390769 694 0 0 
0 0 0 0 0 0 0 0 0 0 0 0 0 0 0 0 0 0 0 0 0 0 0 3 28249 0 0 7 0 0 117 15 0 7048459 12010520 9919569 0 0 0 10391927 0 0 694 0 
0 0 0 0 0 0 0 0 0 0 0 0 0 0 0 0 0 0 0 0 0 0 0 3 0 28256 28262 0 0 117 0 0 15 29006823 0 0 0 0 0 0 10402064 694 0 0 
0 0 0 0 0 0 0 0 0 0 0 0 0 0 0 0 0 0 0 0 0 0 0 3 28261 0 0 7 0 0 117 15 0 7055083 12020566 9928088 0 0 0 10403225 0 0 694 0 
0 0 0 0 0 0 0 0 0 0 0 0 0 0 0 0 0 0 0 0 0 0 0 3 0 28256 28262 0 0 117 0 0 15 29068699 0 0 0 0 0 0 10428175 694 0 0 
0 0 0 0 0 0 0 0 0 0 0 0 0 0 0 0 0 0 0 0 0 0 0 3 28261 0 0 7 0 0 117 15 0 7069970 12046176 9949450 0 0 0 10429337 0 0 694 0 
0 0 0 0 0 0 0 0 0 0 0 0 0 0 0 0 0 0 0 0 0 0 0 3 0 28260 28266 0 0 117 0 0 15 29140030 0 0 0 0 0 0 10456644 694 0 0 
0 0 0 0 0 0 0 0 0 0 0 0 0 0 0 0 0 0 0 0 0 0 0 3 28265 0 0 7 0 0 117 15 0 7090119 12072971 9973847 0 0 0 10457806 0 0 694 0 
0 0 0 0 0 0 0 0 0 0 0 0 0 0 0 0 0 0 0 0 0 0 0 3 0 28264 28270 0 0 117 0 0 15 29194829 0 0 0 0 0 0 10476497 694 0 0 
0 0 0 0 0 0 0 0 0 0 0 0 0 0 0 0 0 0 0 0 0 0 0 3 28269 0 0 7 0 0 117 15 0 7102309 12095317 9994114 0 0 0 10477659 0 0 694 0 
0 0 0 0 0 0 0 0 0 0 0 0 0 0 0 0 0 0 0 0 0 0 0 3 0 28272 28278 0 0 117 0 0 15 29232324 0 0 0 0 0 0 10495156 694 0 0 
0 0 0 0 0 0 0 0 0 0 0 0 0 0 0 0 0 0 0 0 0 0 0 3 28277 0 0 7 0 0 117 15 0 7113203 12110140 10005887 0 0 0 10496317 0 0 694 0 
0 0 0 0 0 0 0 0 0 0 0 0 0 0 0 0 0 0 0 0 0 0 0 3 0 28276 28282 0 0 117 0 0 15 29304438 0 0 0 0 0 0 10521103 694 0 0 
0 0 0 0 0 0 0 0 0 0 0 0 0 0 0 0 0 0 0 0 0 0 0 3 28281 0 0 7 0 0 117 15 0 7131511 12138540 10031282 0 0 0 10522266 0 0 694 0 
0 0 0 0 0 0 0 0 0 0 0 0 0 0 0 0 0 0 0 0 0 0 0 3 0 28276 28282 0 0 117 0 0 15 29377503 0 0 0 0 0 0 10548393 694 0 0 
0 0 0 0 0 0 0 0 0 0 0 0 0 0 0 0 0 0 0 0 0 0 0 3 28281 0 0 7 0 0 117 15 0 7148098 12168802 10057492 0 0 0 10549552 0 0 694 0 
0 0 0 0 0 0 0 0 0 0 0 0 0 0 0 0 0 0 0 0 0 0 0 3 0 28288 28294 0 0 117 0 0 15 29407340 0 0 0 0 0 0 10562794 694 0 0 
0 0 0 0 0 0 0 0 0 0 0 0 0 0 0 0 0 0 0 0 0 0 0 3 28293 0 0 7 0 0 117 15 0 7156360 12180780 10067087 0 0 0 10563952 0 0 694 0 
0 0 0 0 0 0 0 0 0 0 0 0 0 0 0 0 0 0 0 0 0 0 0 3 0 28288 28294 0 0 117 0 0 15 29478747 0 0 0 0 0 0 10589726 694 0 0 
0 0 0 0 0 0 0 0 0 0 0 0 0 0 0 0 0 0 0 0 0 0 0 3 28293 0 0 7 0 0 117 15 0 7173034 12209700 10092891 0 0 0 10590886 0 0 694 0 
0 0 0 0 0 0 0 0 0 0 0 0 0 0 0 0 0 0 0 0 0 0 0 3 0 28292 28298 0 0 117 0 0 15 29542633 0 0 0 0 0 0 10617561 694 0 0 
0 0 0 0 0 0 0 0 0 0 0 0 0 0 0 0 0 0 0 0 0 0 0 3 28297 0 0 7 0 0 117 15 0 7191187 12234176 10114130 0 0 0 10618721 0 0 694 0 
0 0 0 0 0 0 0 0 0 0 0 0 0 0 0 0 0 0 0 0 0 0 0 3 0 28296 28302 0 0 117 0 0 15 29590188 0 0 0 0 0 0 10634696 694 0 0 
0 0 0 0 0 0 0 0 0 0 0 0 0 0 0 0 0 0 0 0 0 0 0 3 28301 0 0 7 0 0 117 15 0 7201550 12253535 10131966 0 0 0 10635858 0 0 694 0 
0 0 0 0 0 0 0 0 0 0 0 0 0 0 0 0 0 0 0 0 0 0 0 3 0 28304 28310 0 0 117 0 0 15 29631502 0 0 0 0 0 0 10653775 694 0 0 
0 0 0 0 0 0 0 0 0 0 0 0 0 0 0 0 0 0 0 0 0 0 0 3 28309 0 0 7 0 0 117 15 0 7213532 12269460 10145360 0 0 0 10654938 0 0 694 0 
0 0 0 0 0 0 0 0 0 0 0 0 0 0 0 0 0 0 0 0 0 0 0 3 0 28308 28314 0 0 117 0 0 15 29704360 0 0 0 0 0 0 10681203 694 0 0 
0 0 0 0 0 0 0 0 0 0 0 0 0 0 0 0 0 0 0 0 0 0 0 3 28313 0 0 7 0 0 117 15 0 7232564 12298049 10170602 0 0 0 10682366 0 0 694 0 
0 0 0 0 0 0 0 0 0 0 0 0 0 0 0 0 0 0 0 0 0 0 0 3 0 28312 28314 0 0 117 0 0 15 29778034 0 0 0 0 0 0 10707141 694 0 0 
0 0 0 0 0 0 0 0 0 0 0 0 0 0 0 0 0 0 0 0 0 0 0 3 28313 0 0 7 0 0 117 15 0 7249963 12327352 10197572 0 0 0 10708306 0 0 694 0 
0 0 0 0 0 0 0 0 0 0 0 0 0 0 0 0 0 0 0 0 0 0 0 3 0 28320 28326 0 0 117 0 0 15 29794202 0 0 0 0 0 0 10717085 694 0 0 
0 0 0 0 0 0 0 0 0 0 0 0 0 0 0 0 0 0 0 0 0 0 0 3 28325 0 0 7 0 0 117 15 0 7252424 12336130 10202497 0 0 0 10718250 0 0 694 0 
0 0 0 0 0 0 0 0 0 0 0 0 0 0 0 0 0 0 0 0 0 0 0 3 0 28320 28326 0 0 117 0 0 15 29855204 0 0 0 0 0 0 10743858 694 0 0 
0 0 0 0 0 0 0 0 0 0 0 0 0 0 0 0 0 0 0 0 0 0 0 3 28325 0 0 7 0 0 117 15 0 7267245 12361211 10223581 0 0 0 10745023 0 0 694 0 
0 0 0 0 0 0 0 0 0 0 0 0 0 0 0 0 0 0 0 0 0 0 0 3 0 28324 28330 0 0 117 0 0 15 29927820 0 0 0 0 0 0 10772789 694 0 0 
0 0 0 0 0 0 0 0 0 0 0 0 0 0 0 0 0 0 0 0 0 0 0 3 28329 0 0 7 0 0 117 15 0 7288925 12387867 10247853 0 0 0 10773956 0 0 694 0 
0 0 0 0 0 0 0 0 0 0 0 0 0 0 0 0 0 0 0 0 0 0 0 3 0 28328 28334 0 0 117 0 0 15 29984058 0 0 0 0 0 0 10792212 694 0 0 
0 0 0 0 0 0 0 0 0 0 0 0 0 0 0 0 0 0 0 0 0 0 0 3 28333 0 0 7 0 0 117 15 0 7300789 12411068 10269029 0 0 0 10793376 0 0 694 0 
0 0 0 0 0 0 0 0 0 0 0 0 0 0 0 0 0 0 0 0 0 0 0 3 0 28336 28342 0 0 117 0 0 15 30025595 0 0 0 0 0 0 10811716 694 0 0 
0 0 0 0 0 0 0 0 0 0 0 0 0 0 0 0 0 0 0 0 0 0 0 3 28341 0 0 7 0 0 117 15 0 7312446 12427489 10282487 0 0 0 10812879 0 0 694 0 
0 0 0 0 0 0 0 0 0 0 0 0 0 0 0 0 0 0 0 0 0 0 0 3 0 28340 28346 0 0 117 0 0 15 30096247 0 0 0 0 0 0 10837649 694 0 0 
0 0 0 0 0 0 0 0 0 0 0 0 0 0 0 0 0 0 0 0 0 0 0 3 28345 0 0 7 0 0 117 15 0 7330631 12454789 10307650 0 0 0 10838814 0 0 694 0 
0 0 0 0 0 0 0 0 0 0 0 0 0 0 0 0 0 0 0 0 0 0 0 3 0 28340 28346 0 0 117 0 0 15 30158949 0 0 0 0 0 0 10861904 694 0 0 
0 0 0 0 0 0 0 0 0 0 0 0 0 0 0 0 0 0 0 0 0 0 0 3 28345 0 0 7 0 0 117 15 0 7344437 12480517 10330814 0 0 0 10863070 0 0 694 0 
0 0 0 0 0 0 0 0 0 0 0 0 0 0 0 0 0 0 0 0 0 0 0 3 0 28352 28358 0 0 117 0 0 15 30188099 0 0 0 0 0 0 10873390 694 0 0 
0 0 0 0 0 0 0 0 0 0 0 0 0 0 0 0 0 0 0 0 0 0 0 3 28357 0 0 7 0 0 117 15 0 7351278 12492583 10341052 0 0 0 10874559 0 0 694 0 
0 0 0 0 0 0 0 0 0 0 0 0 0 0 0 0 0 0 0 0 0 0 0 3 0 28352 28358 0 0 117 0 0 15 30248070 0 0 0 0 0 0 10899673 694 0 0 
0 0 0 0 0 0 0 0 0 0 0 0 0 0 0 0 0 0 0 0 0 0 0 3 28357 0 0 7 0 0 117 15 0 7366459 12516563 10361848 0 0 0 10900840 0 0 694 0 
0 0 0 0 0 0 0 0 0 0 0 0 0 0 0 0 0 0 0 0 0 0 0 3 0 28356 28362 0 0 117 0 0 15 30320949 0 0 0 0 0 0 10928330 694 0 0 
0 0 0 0 0 0 0 0 0 0 0 0 0 0 0 0 0 0 0 0 0 0 0 3 28361 0 0 7 0 0 117 15 0 7387960 12543560 10386235 0 0 0 10929499 0 0 694 0 
0 0 0 0 0 0 0 0 0 0 0 0 0 0 0 0 0 0 0 0 0 0 0 3 0 28360 28366 0 0 117 0 0 15 30377463 0 0 0 0 0 0 10948553 694 0 0 
0 0 0 0 0 0 0 0 0 0 0 0 0 0 0 0 0 0 0 0 0 0 0 3 28365 0 0 7 0 0 117 15 0 7400030 12567433 10406804 0 0 0 10949722 0 0 694 0 
<====
0 0 0 0 0 0 0 0 0 0 0 0 0 0 0 0 0 0 0 0 0 0 0 3 0 28364 28366 0 0 117 0 0 15 30380038 0 0 0 0 0 0 10949898 694 0 0 
0 0 0 0 0 0 0 0 0 0 0 0 0 0 0 0 0 0 0 0 0 0 0 3 28365 0 0 8 0 0 117 15 0 7400167 12568771 10407904 0 0 0 10951067 0 0 694 0 
0 0 0 0 0 0 0 0 0 0 0 0 0 0 0 0 0 0 0 0 0 0 0 3 0 28364 28366 0 0 117 0 0 15 30380038 0 0 0 0 0 0 10949898 694 0 0 
0 0 0 0 0 0 0 0 0 0 0 0 0 0 0 0 0 0 0 0 0 0 0 3 28365 0 0 8 0 0 117 15 0 7400167 12568771 10407904 0 0 0 10951067 0 0 694 0 
0 0 0 0 0 0 0 0 0 0 0 0 0 0 0 0 0 0 0 0 0 0 0 3 0 28364 28366 0 0 117 0 0 15 30380038 0 0 0 0 0 0 10949898 694 0 0 
0 0 0 0 0 0 0 0 0 0 0 0 0 0 0 0 0 0 0 0 0 0 0 3 28365 0 0 8 0 0 117 15 0 7400167 12568771 10407904 0 0 0 10951067 0 0 694 0 
0 0 0 0 0 0 0 0 0 0 0 0 0 0 0 0 0 0 0 0 0 0 0 3 0 28364 28366 0 0 117 0 0 15 30380038 0 0 0 0 0 0 10949898 694 0 0 
0 0 0 0 0 0 0 0 0 0 0 0 0 0 0 0 0 0 0 0 0 0 0 3 28365 0 0 8 0 0 117 15 0 7400167 12568771 10407904 0 0 0 10951067 0 0 694 0 
