0.322494
0.311190
0.310939
0.312498
0.312916
0.311628
0.320483
0.311883
0.312190
0.312642
0.312270
0.313819
0.312983
0.310662
0.311803
0.313139
0.311734
0.311400
0.313063
0.312824
0.326212
0.311960
0.309538
0.311668
0.311609
0.323150
0.312530
0.311606
0.312364
0.312209
0.311468
0.313759
0.321617
0.311821
0.313411
0.313067
0.312573
0.313534
0.319104
0.308355
0.312276
0.318420
0.318766
0.313244
0.322517
0.312305
0.323028
0.311993
0.311831
0.320566
0.313920
0.313158
0.312614
0.311248
0.311548
0.312657
0.321828
0.312871
0.327098
0.312024
0.311223
0.317902
0.313186
0.312611
0.311853
0.312335
0.311831
0.311479
0.320212
0.311919
0.316133
0.313138
0.311571
0.312123
0.312389
0.311007
0.325979
0.311746
0.312134
0.316903
0.323118
0.311546
0.313236
0.315940
0.312111
0.311746
0.312014
0.325726
0.313449
0.332054
0.312623
0.312337
0.313588
0.312908
0.309295
0.311836
0.314072
0.311288
0.312165
0.321417
