0.84051
0.84620
0.83970
0.83160
0.84103
0.84320
0.83672
0.83897
0.85591
0.83680
0.83714
0.84405
0.84158
0.84599
0.84611
0.83937
0.84745
0.85444
0.84086
0.84596
0.84403
0.84729
0.84322
0.84637
0.84384
0.83415
0.83504
0.83813
0.83904
0.84300
0.84155
0.84172
0.85394
0.84412
0.84339
0.84395
0.83309
0.85087
0.84653
0.85204
0.83640
0.83479
0.83523
0.83822
0.83686
0.84605
0.83172
0.84563
0.83305
0.84629
0.84563
0.83859
0.84630
0.84608
0.84035
0.84227
0.87940
0.84172
0.85154
0.83293
0.83221
0.84415
0.84349
0.84219
0.85323
0.84483
0.83655
0.83511
0.83973
0.84085
0.86006
0.84128
0.84695
0.84814
0.84748
0.84140
0.84297
0.84572
0.84249
0.84576
0.84460
0.84342
0.83088
0.83801
0.84998
0.83741
0.84200
0.84585
0.84419
0.85377
0.85140
0.84327
0.84809
0.83518
0.83730
0.83648
0.83867
0.83971
0.84501
0.84107
