0.615620
0.617420
0.632831
0.619382
0.615826
0.617869
0.617623
0.618244
0.619675
0.615890
0.617595
0.619147
0.619234
0.617284
0.618409
0.616937
0.617913
0.619704
0.620302
0.625480
0.619454
0.625272
0.617435
0.618218
0.617638
0.618237
0.627054
0.624275
0.620006
0.621565
0.619406
0.617968
0.618800
0.622992
0.617615
0.661651
0.615060
0.617151
0.618034
0.618983
0.619649
0.619899
0.618451
0.618680
0.618647
0.614415
0.616580
0.625392
0.619346
0.618588
0.617947
0.619220
0.621549
0.617036
0.617809
0.621657
0.617732
0.618209
0.616844
0.618511
0.618041
0.619035
0.618320
0.628755
0.628663
0.624218
0.617763
0.617822
0.619055
0.620895
0.619318
0.619642
0.616199
0.631061
0.628722
0.617790
0.619090
0.623010
0.619914
0.617855
0.618663
0.626353
0.616224
0.617993
0.618463
0.616818
0.619657
0.619378
0.621850
0.619030
0.626782
0.617262
0.617480
0.616654
0.617334
0.618740
0.619003
0.620396
0.620920
0.624358
