4.922423
4.908300
4.912320
4.911519
4.909987
4.902616
4.910066
4.924572
4.914229
4.906560
4.910848
4.909753
4.923488
4.908619
4.908364
4.904000
4.910003
4.919567
4.911708
4.905782
4.907513
4.914960
4.909951
4.923959
4.909471
4.905388
4.913158
4.913225
4.908615
4.902926
4.913219
4.903869
4.910912
4.910115
4.916583
4.907012
4.913277
4.909686
4.911454
4.916612
4.910419
4.909211
4.912801
4.915585
4.911744
4.917533
4.909340
4.907708
4.908660
4.904314
4.907808
4.926775
4.909004
4.917139
4.914387
4.911422
4.911924
4.965164
4.910281
4.899256
4.914472
4.911591
4.915614
4.925013
4.916955
4.909827
4.903347
4.908980
4.910968
4.904088
4.942859
4.911747
4.916112
4.901620
4.910867
4.908749
4.903533
4.908053
4.916376
4.928622
4.929720
4.910986
4.913851
4.908408
4.919325
4.911100
4.906703
4.911614
4.919390
4.984164
4.907704
4.909006
4.907213
4.901253
4.907991
4.913610
4.919453
4.908856
4.907498
4.908977
