19.556178
19.573827
19.577563
19.571277
19.562651
19.553904
19.582605
19.571277
19.555449
19.558212
19.578274
19.575817
19.562221
19.562327
19.659119
19.563033
19.589310
19.573982
19.566942
19.554397
19.827311
19.578426
19.571179
19.571170
19.564840
19.581690
19.595430
19.601331
19.559553
19.583857
19.582746
19.566239
19.562236
19.566009
19.570089
19.593732
19.563187
19.588065
19.588489
19.609607
19.583228
19.601159
19.600546
19.602145
19.606987
19.592673
19.568196
19.568278
19.595670
19.620233
19.589899
19.600707
19.575233
19.576781
19.564653
19.568030
19.570559
19.588080
19.574866
19.575551
19.584377
19.574026
19.597763
19.589519
19.572897
19.569233
19.598169
19.567110
19.570286
19.566855
19.580322
19.565154
19.571237
19.569027
19.587297
19.584110
19.562058
19.582562
19.606360
19.607546
19.560699
19.580527
19.574336
19.584319
19.558209
19.558505
19.570659
19.572883
19.581364
19.567894
19.582392
19.585218
19.576109
19.571042
19.562964
19.584989
19.575473
19.559587
19.584961
19.570285
