2.457104
2.460561
2.457109
2.465441
2.463791
2.458292
2.454683
2.458619
2.461860
2.457381
2.454834
2.515496
2.456506
2.456789
2.460715
2.452128
2.458002
2.459274
2.453765
2.460066
2.458174
2.455948
2.452360
2.473729
2.467966
2.458372
2.462723
2.462471
2.454142
2.460783
2.457837
2.459802
2.456900
2.467653
2.455124
2.459251
2.467173
2.453906
2.456780
2.469584
2.462959
2.458554
2.459956
2.455378
2.455467
2.460530
2.457623
2.463905
2.465535
2.458483
2.453041
2.461032
2.458338
2.457756
2.463919
2.460143
2.454278
2.459333
2.460107
2.452234
2.457028
2.458298
2.452757
2.458056
2.455781
2.457550
2.458532
2.461783
2.462412
2.453873
2.461233
2.453739
2.454471
2.462355
2.459770
2.458915
2.473721
2.459460
2.456792
2.462166
2.458906
2.453667
2.457041
2.457782
2.453294
2.457412
2.471670
2.458082
2.457076
2.461677
2.461769
2.455999
2.462817
2.456953
2.453961
2.460249
2.462528
2.454169
2.474984
2.458840
