0.163333
0.159745
0.158844
0.162546
0.159610
0.159014
0.159417
0.160409
0.159165
0.159316
0.167941
0.159389
0.158544
0.159731
0.160617
0.159131
0.159855
0.159905
0.159910
0.157774
0.160531
0.159306
0.159885
0.159890
0.161221
0.160678
0.159831
0.159320
0.157228
0.159878
0.159938
0.159095
0.159869
0.158027
0.158798
0.163939
0.159849
0.158996
0.157917
0.159712
0.157734
0.159864
0.173069
0.158813
0.159832
0.159851
0.159823
0.158842
0.158530
0.158172
0.161838
0.159351
0.159536
0.160047
0.160311
0.159930
0.158230
0.158776
0.159626
0.158875
0.159979
0.160288
0.158962
0.158750
0.159858
0.159262
0.160223
0.159312
0.157707
0.158972
0.158543
0.159421
0.160326
0.159219
0.159772
0.157727
0.159840
0.168582
0.159370
0.160457
0.159838
0.158339
0.159143
0.159160
0.156761
0.159624
0.159836
0.159833
0.162902
0.168354
0.159168
0.168615
0.158778
0.160124
0.163204
0.159492
0.157944
0.158475
0.170351
0.158685
