9.812438
9.789258
9.797395
9.793102
9.808971
9.816907
9.806435
9.797545
9.866439
9.789805
9.796478
9.832048
9.802675
9.819660
9.798331
9.805035
9.806486
9.816333
9.805760
9.803578
9.795463
9.814651
9.799827
9.807839
9.801211
9.805808
9.804367
9.799484
9.806826
9.803183
9.816673
9.808087
9.802629
9.810336
9.815609
9.803992
9.791286
9.804627
9.791447
9.802478
9.813303
9.795479
9.797181
9.800813
9.805644
9.800276
9.812490
9.818486
9.814187
9.805529
9.796256
9.803705
9.857347
9.815775
9.805537
9.792594
9.802135
9.793354
9.806830
9.797330
9.815859
9.806934
9.805531
9.794034
9.811734
9.810692
9.799192
9.794820
9.792738
9.802730
9.797223
9.802659
9.802142
9.814241
9.803535
9.810052
9.801187
9.820382
9.814376
9.795983
9.798170
9.818101
9.796769
9.808057
9.805630
9.806625
9.791430
9.807356
9.791411
9.799034
9.805569
9.819760
9.802687
9.924004
9.813009
9.810057
9.803896
9.800474
9.812486
9.791693
