1.247103
1.231833
1.230880
1.238822
1.233660
1.229692
1.232328
1.230357
1.298945
1.233432
1.251411
1.233766
1.240306
1.238243
1.296286
1.227656
1.231759
1.267987
1.227783
1.233713
1.243335
1.233484
1.309764
1.226750
1.285516
1.232563
1.228807
1.233612
1.230063
1.230317
1.234311
1.229045
1.232250
1.232484
1.233649
1.251122
1.229068
1.233243
1.323810
1.234965
1.230794
1.235342
1.230036
1.234189
1.228045
1.229852
1.234709
1.229228
1.231487
1.231168
1.230555
1.234703
1.230264
1.231396
1.231884
1.230944
1.234285
1.234810
1.227230
1.233030
1.228252
1.230866
1.236003
1.227069
1.230203
1.233260
1.229460
1.234498
1.227766
1.228925
1.233434
1.233164
1.232644
1.231155
1.239192
1.234709
1.228864
1.230677
1.231352
1.227636
1.233676
1.233923
1.241297
1.233626
1.229444
1.232885
1.235251
1.233311
1.235610
1.235236
1.230639
1.234465
1.226808
1.230142
1.232811
1.230150
1.233608
1.245221
1.230549
1.232912
