1.2574
1.14878
1.25418
1.4744
1.3718
1.8487
1.7538
1.17303
1.5744
1.20381
1.4560
1.5620
1.8770
1.2599
1.4441
1.5071
1.8398
1.4440
1.7544
1.2619
1.56819
1.5080
1.791
1.6910
1.13960
1.4255
1.35974
1.4333
1.14900
1.4918
1.6983
1.18522
1.1911
1.6071
1.12934
1.2357
1.11385
1.5591
1.16198
1.41150
1.5378
1.1972
1.12735
1.10464
1.123
1.50923
1.4620
1.1822
1.4081
1.5840
1.3892
1.27355
1.5561
1.10810
1.3570
1.6259
1.6517
1.10994
1.5768
1.6456
1.1757
1.6104
1.5101
0.999725
1.59198
1.7291
1.3595
0.997433
0.996221
1.5556
1.5462
1.7950
1.4269
1.5227
1.7450
1.6284
1.1060
1.5814
1.11645
1.12301
1.5113
1.6043
1.1504
1.46662
1.6725
1.1464
1.3757
1.5639
1.543
1.53146
1.9104
1.1698
1.3694
1.5917
1.1414
1.32209
1.7601
1.9901
0.999723
1.4498
