1.6162
0.994360
0.999318
0.999119
0.996993
0.999592
0.999700
1.366
0.997908
0.999263
0.996373
1.6759
0.999634
0.997958
1.36946
1.10991
0.999460
0.998066
0.998257
1.7395
1.14078
0.999712
1.495
0.998740
0.998563
0.998224
1.2529
0.998294
1.731
0.995080
1.1924
0.998667
0.994264
1.37492
1.7409
1.2142
0.993766
0.997080
1.8805
1.16492
0.999263
0.998291
1.4892
0.999486
0.999296
0.996271
0.998471
1.104
0.994756
0.998433
0.998293
0.999298
1.880
1.568
0.999762
0.996950
0.999036
1.7272
0.996879
0.999004
1.4407
1.5735
1.22
1.76
0.996232
0.998459
0.990937
0.994426
1.9453
1.6987
0.996395
0.998572
1.271
0.996823
0.998250
1.910
0.999212
1.16848
0.998311
0.998148
0.996136
1.1017
0.998772
0.994486
0.997338
0.997400
0.994783
0.998590
1.946
0.994230
1.41945
0.998464
0.994053
0.999976
1.8091
0.998553
1.15919
0.999195
1.2247
1.2610
