0.993867
1.58057
0.996974
0.996037
0.994498
0.995175
0.992015
1.24340
0.997312
0.996873
0.992922
0.997381
1.272
0.992964
0.989959
0.997264
0.994643
0.994185
0.994902
0.991399
1.66312
0.996240
0.991820
0.994349
1.6135
0.993439
0.997600
0.995571
0.997840
0.992076
0.994134
0.997031
0.993725
0.998114
0.990618
0.989459
0.992481
0.996007
0.992077
1.61562
0.994667
0.992082
0.994187
1.1271
0.995561
0.996424
1.8125
0.994123
0.994505
0.995929
1.2780
0.994460
0.994268
0.994543
0.990996
0.997612
0.997414
0.991772
1.66581
0.994253
0.992286
0.994719
0.996243
0.991494
1.24547
0.994538
0.995102
0.995876
0.997441
1.11142
0.996855
0.995230
0.996437
0.999682
0.997733
0.996507
0.990228
0.993875
0.987352
0.990670
0.995245
0.995721
0.992414
0.993229
0.995862
0.996200
0.994846
0.997390
0.995254
0.990602
0.997438
1.8240
1.7998
0.995706
0.995339
0.995328
1.66926
0.995851
0.994967
0.995249
